0.043883
0.048680
0.048728
0.040602
0.027770
0.013850
0.017875
0.030891
0.042472
0.038478
0.023055
0.005779
-0.002486
0.001667
0.003714
0.000032
-0.009143
-0.013145
-0.017261
-0.018868
-0.018548
-0.023290
-0.030335
-0.037450
-0.039389
-0.048827
-0.056910
-0.063040
-0.057972
-0.051704
-0.048935
-0.053079
-0.063955
-0.073802
-0.082244
-0.083011
-0.082593
-0.081050
-0.081277
-0.081529
-0.083462
-0.084385
-0.087783
-0.091085
-0.094702
-0.096976
-0.095660
-0.092344
-0.088758
-0.084287
-0.080682
-0.076994
-0.071988
-0.073375
-0.081049
-0.093026
-0.104196
-0.105068
-0.095268
-0.080825
-0.067115
-0.069826
-0.077102
-0.080480
-0.076639
-0.065330
-0.051811
-0.047789
-0.056188
-0.066463
-0.065969
-0.062242
-0.059076
-0.052115
-0.053082
-0.052978
-0.048560
-0.044935
-0.040863
-0.040041
-0.039852
-0.035111
-0.037152
-0.038053
-0.038979
-0.039004
-0.039535
-0.033814
-0.031782
-0.023515
-0.011089
-0.003934
0.000770
-0.010078
-0.018802
-0.017304
-0.006511
-0.006572
-0.001934
-0.007219
-0.012844
-0.011144
-0.008166
0.003864
0.002745
0.009321
0.011512
0.006949
0.001142
-0.005014
-0.012260
-0.010595
-0.006552
-0.007652
-0.001421
-0.001350
0.011757
0.012113
0.010198
0.009989
