-0.028434
-0.022181
-0.036271
-0.002928
-0.029570
-0.023462
-0.029630
-0.039757
-0.026785
-0.018537
-0.021373
-0.018852
-0.016792
-0.013963
-0.048827
-0.026683
-0.052985
-0.016557
-0.011894
-0.060756
-0.029984
-0.085081
-0.068611
-0.129495
-0.105807
-0.168553
-0.109331
-0.075969
-0.072638
0.014048
0.032036
0.049760
0.018644
0.017965
-0.058024
-0.131318
-0.289021
-0.323205
-0.259284
-0.198165
-0.147579
0.014229
0.139635
0.109694
0.036942
-0.123141
-0.141951
-0.187211
-0.237422
-0.289050
-0.252574
-0.177215
-0.122971
-0.020422
-0.030097
0.071977
0.105807
0.030764
-0.077140
-0.103780
-0.050976
-0.097454
-0.206710
-0.327376
-0.260599
-0.149741
-0.054653
0.085781
0.219105
0.242043
0.131755
0.012276
-0.027581
-0.009378
-0.052478
-0.101135
-0.063145
0.042323
0.108229
0.128286
0.164795
0.211612
0.211650
0.148711
0.112231
0.137643
0.174197
0.163347
0.132615
0.138876
0.195799
0.267097
0.313871
0.324707
0.308710
0.288284
0.278955
0.282899
0.286734
0.276347
0.252921
0.236561
0.246873
0.278330
0.302246
0.301405
0.287261
0.285077
0.297558
0.302841
0.284443
0.245299
0.207463
0.192501
0.197192
0.198818
0.180172
0.147664
0.122726
0.117447
0.120461
0.115503
0.094170
0.061526
0.029221
0.004280
-0.011926
-0.026535
-0.041985
-0.053354
-0.055013
-0.046579
-0.040108
-0.048523
-0.073059
-0.102962
-0.126990
-0.142637
-0.152564
-0.157763
-0.159787
-0.164252
-0.168503
-0.168692
-0.167717
-0.171414
-0.184326
-0.206142
-0.225807
-0.230774
-0.222295
-0.210360
-0.204108
-0.207988
-0.212906
-0.210784
-0.206068
-0.203902
-0.212354
-0.220795
-0.223325
-0.212145
-0.196142
-0.189657
-0.192052
-0.195367
-0.184943
-0.171370
-0.160680
-0.158978
-0.158422
-0.146824
-0.132544
-0.122213
-0.117788
-0.119974
-0.114253
-0.106568
-0.093140
-0.080263
-0.072278
-0.066496
-0.063041
-0.048995
-0.041149
-0.036642
-0.041703
-0.044844
-0.042828
-0.034462
-0.023934
-0.019939
-0.017562
-0.011112
-0.006555
-0.004494
0.008079
0.007989
0.008983
0.009586
0.011404
0.012287
0.016620
0.026208
0.038332
0.042737
0.040177
0.041509
0.039083
0.044156
0.036866
0.039506
