0.002463
-0.000681
-0.011694
-0.026019
-0.035954
-0.035450
-0.028217
-0.026084
-0.020994
-0.024145
-0.022071
-0.023748
-0.020565
-0.024630
-0.040532
-0.056495
-0.066118
-0.063451
-0.065894
-0.073952
-0.083403
-0.082163
-0.073663
-0.061115
-0.055897
-0.058779
-0.068044
-0.074919
-0.072941
-0.075009
-0.081523
-0.094427
-0.104312
-0.103768
-0.102167
-0.097856
-0.097046
-0.098852
-0.093560
-0.089895
-0.080543
-0.086639
-0.098125
-0.105320
-0.110056
-0.099987
-0.106238
-0.110921
-0.118574
-0.118816
-0.104632
-0.105928
-0.102826
-0.110115
-0.106386
-0.092235
-0.085340
-0.077945
-0.092828
-0.101413
-0.109930
-0.109976
-0.101425
-0.106839
-0.103994
-0.109381
-0.104733
-0.092048
-0.086201
-0.081347
-0.087167
-0.090279
-0.092949
-0.091571
-0.093049
-0.097377
-0.095419
-0.094055
-0.083476
-0.076251
-0.075480
-0.075222
-0.078155
-0.077497
-0.072706
-0.072922
-0.077776
-0.077895
-0.076462
-0.070660
-0.068155
-0.073053
-0.073026
-0.064229
-0.054864
-0.048762
-0.049527
-0.057503
-0.053585
-0.049470
-0.045865
-0.040154
-0.047485
-0.050781
-0.050329
-0.044242
-0.035825
-0.030663
-0.029988
-0.032230
-0.025245
-0.024444
-0.024283
-0.026251
-0.030132
-0.022977
-0.020796
-0.021595
-0.018484
-0.022800
-0.020079
-0.010723
-0.002546
0.006899
0.010548
0.005375
