-0.018887
-0.019784
-0.016056
-0.015743
-0.017300
-0.018671
-0.015492
-0.022453
-0.019050
-0.016023
-0.017265
-0.020138
-0.021375
-0.022550
-0.023520
-0.015745
-0.016620
-0.012416
-0.019509
-0.030563
-0.037758
-0.067092
-0.096604
-0.111557
-0.140546
-0.146893
-0.121755
-0.076478
-0.032766
0.001469
0.017008
0.011497
-0.041987
-0.105714
-0.155630
-0.213758
-0.229827
-0.230203
-0.213370
-0.148002
-0.104912
-0.080150
-0.024484
-0.065365
-0.058569
-0.091894
-0.135029
-0.152166
-0.203194
-0.211640
-0.270498
-0.322548
-0.299850
-0.225887
-0.169067
-0.083063
-0.001978
0.092702
0.039749
-0.018125
-0.016070
-0.076071
-0.176111
-0.273533
-0.292798
-0.239063
-0.171249
-0.089317
0.070670
0.163297
0.203063
0.177659
0.164742
0.149155
0.092916
0.015926
-0.002787
0.053865
0.087522
0.078416
0.103897
0.195942
0.259248
0.286417
0.266030
0.283452
0.330156
0.357747
0.331209
0.283784
0.262110
0.272368
0.306592
0.325812
0.317894
0.306490
0.313383
0.339758
0.407695
0.444168
0.426086
0.392156
0.371326
0.388997
0.393999
0.353556
0.303995
0.288393
0.302214
0.327497
0.342660
0.331162
0.295394
0.267687
0.273417
0.287920
0.273169
0.206228
0.147465
0.131736
0.142022
0.146424
0.123523
0.081915
0.041524
0.023175
0.019778
0.008046
-0.020650
-0.049072
-0.057628
-0.036468
-0.010948
-0.011472
-0.041880
-0.079273
-0.107299
-0.129943
-0.157307
-0.189222
-0.215905
-0.228366
-0.220774
-0.199894
-0.178195
-0.169547
-0.174630
-0.184791
-0.196221
-0.214082
-0.245021
-0.279918
-0.304535
-0.311297
-0.306931
-0.303677
-0.302689
-0.299684
-0.288887
-0.271554
-0.254468
-0.245502
-0.249305
-0.263695
-0.278256
-0.285113
-0.289165
-0.297125
-0.306153
-0.303639
-0.285808
-0.260609
-0.242108
-0.233880
-0.231443
-0.231245
-0.231637
-0.232286
-0.230342
-0.227428
-0.228012
-0.231787
-0.232928
-0.227772
-0.215415
-0.203128
-0.193076
-0.186980
-0.185003
-0.185043
-0.179807
-0.166862
-0.156554
-0.152681
-0.158120
-0.157318
-0.148030
-0.135527
-0.126535
-0.122031
-0.119017
-0.115522
-0.110008
-0.102429
-0.093207
-0.091411
-0.091676
-0.095804
-0.090712
-0.083657
-0.078645
-0.070693
-0.063004
-0.052500
-0.050940
-0.047821
-0.043246
-0.036806
-0.032888
-0.040302
-0.039524
-0.038115
-0.025348
-0.018893
-0.012691
-0.001874
0.000204
0.007618
0.005701
0.017892
0.026798
0.031933
0.029192
0.027251
0.029457
0.032610
0.034994
0.034796
0.045070
0.047491
0.054125
