0.018487
0.017532
0.016210
0.018898
0.019735
0.024119
0.027143
0.017732
0.018106
0.006862
0.012680
0.021609
0.006543
0.008618
0.001126
0.000877
0.008896
-0.036314
-0.025581
-0.013947
-0.046204
-0.048774
-0.118646
-0.098695
-0.058730
-0.121841
-0.109594
-0.010573
0.037457
-0.003922
-0.079048
-0.068589
-0.041597
-0.131660
-0.196184
-0.088672
0.106714
0.149971
0.022010
-0.088078
-0.048284
0.009065
-0.050161
-0.165594
-0.104399
0.096924
0.168040
0.036385
-0.095093
-0.010652
0.130626
0.110847
-0.060940
-0.049646
0.143360
0.238693
0.151210
0.033961
0.066978
0.141900
0.159928
0.130808
0.112390
0.141645
0.165616
0.153570
0.127777
0.093655
0.107282
0.135729
0.166586
0.178647
0.160700
0.154591
0.143350
0.133889
0.140443
0.155412
0.173642
0.211586
0.209487
0.180480
0.160008
0.142942
0.128832
0.126063
0.121224
0.148707
0.172115
0.146264
0.118239
0.098201
0.081804
0.054082
0.029468
0.016526
0.046042
0.061177
0.042336
-0.008811
-0.051183
-0.053911
-0.042652
-0.052061
-0.079362
-0.087998
-0.066724
-0.046502
-0.069783
-0.108183
-0.139618
-0.128593
-0.116126
-0.113012
-0.132410
-0.150599
-0.152027
-0.135617
-0.123650
-0.135738
-0.155991
-0.179286
-0.178340
-0.175614
-0.178569
-0.203645
-0.206281
-0.182543
-0.154656
-0.157000
-0.168747
-0.167664
-0.168548
-0.177512
-0.185198
-0.167810
-0.153398
-0.147763
-0.151598
-0.137997
-0.127875
-0.129637
-0.143219
-0.141970
-0.121780
-0.104471
-0.104561
-0.115329
-0.107184
-0.089480
-0.075950
-0.083501
-0.087836
-0.077550
-0.052540
-0.037276
-0.036557
-0.042022
-0.041202
-0.030789
-0.021311
-0.011723
-0.003366
0.007595
0.014932
0.019030
0.017887
0.014904
0.013845
0.020364
0.026140
0.023002
0.017853
0.020228
0.026423
0.025396
0.020784
0.025547
0.035366
0.041020
0.046214
0.050621
0.056553
0.049771
0.039608
0.044545
0.058077
0.067469
0.062206
0.053626
0.047291
