0.035600
0.071616
0.076648
0.068857
0.098880
0.028708
-0.082531
-0.090201
-0.021919
0.066820
0.069667
0.064855
0.061447
0.051991
0.009861
-0.020494
-0.026943
0.021834
0.087414
0.080822
0.113010
0.095661
0.061062
0.049526
0.066800
-0.014189
-0.029445
-0.021394
0.053430
0.018664
-0.055450
0.085717
0.166705
0.219363
0.207527
0.221560
0.133329
-0.006878
-0.060934
-0.011860
0.081938
0.150485
0.242624
0.346814
0.319110
0.133635
0.021916
0.061911
0.103626
0.110584
0.166285
0.261904
0.362426
0.354432
0.246349
0.179100
0.224007
0.268003
0.255174
0.288680
0.411551
0.471346
0.416164
0.276612
0.191806
0.241535
0.317568
0.344914
0.307902
0.282699
0.320118
0.370588
0.378013
0.355729
0.285153
0.225753
0.185615
0.209363
0.245060
0.231839
0.214663
0.196650
0.220337
0.195463
0.168485
0.154007
0.106500
0.061799
-0.016955
-0.019896
0.025977
0.058350
0.042464
0.006584
0.007155
-0.007679
0.005037
-0.030556
-0.076498
-0.116845
-0.164116
-0.176157
-0.188733
-0.197397
-0.209082
-0.221610
-0.240851
-0.256941
-0.278720
-0.294690
-0.312909
-0.330907
-0.315997
-0.305779
-0.317885
-0.357585
-0.360644
-0.328788
-0.328355
-0.343049
-0.375774
-0.416788
-0.419875
-0.388154
-0.367855
-0.380329
-0.403959
-0.403845
-0.405596
-0.374339
-0.384272
-0.418903
-0.436195
-0.429720
-0.390709
-0.378491
-0.350843
-0.360763
-0.366482
-0.361599
-0.332949
-0.318718
-0.347942
-0.345200
-0.339641
-0.306168
-0.278442
-0.271893
-0.278911
-0.274668
-0.251277
-0.247950
-0.223570
-0.216410
-0.209281
-0.201422
-0.192316
-0.167756
-0.147918
-0.148441
-0.157483
-0.145117
-0.137799
-0.121863
-0.122356
-0.108420
-0.108089
-0.098825
-0.082909
-0.079268
-0.076767
-0.077402
-0.067538
-0.062754
-0.051937
-0.041579
-0.030948
-0.025184
-0.021884
-0.023818
-0.022492
-0.025753
-0.020782
-0.010160
-0.000514
-0.000635
-0.001117
-0.001662
0.008776
0.017449
0.024566
0.027151
0.019560
0.017466
0.008496
0.017780
0.027254
0.033354
0.031435
0.038749
0.037556
0.045520
0.051274
0.033593
0.029349
