-0.004222
-0.001612
-0.004130
-0.013541
-0.007881
-0.004697
-0.003198
-0.004682
-0.003369
-0.002055
-0.000904
0.007182
-0.002289
-0.014254
-0.022132
-0.021953
-0.005750
-0.008345
-0.024895
-0.028862
-0.034890
-0.028814
-0.015756
-0.025740
-0.018414
-0.011785
-0.012644
-0.017446
-0.030091
-0.018233
-0.042839
-0.034685
-0.056573
-0.030025
-0.054795
-0.040399
-0.061087
-0.031685
-0.056131
-0.016182
-0.024081
-0.022751
-0.030278
-0.066409
-0.026482
-0.085501
-0.019664
-0.135134
0.054338
-0.288351
0.102013
-0.111990
-0.372056
0.075393
-0.150355
-0.254621
-0.254410
0.140523
-0.150745
-0.425074
-0.333848
-0.207770
-0.179023
-0.383811
-0.368876
0.165271
0.228410
-0.139038
-0.373209
-0.171001
-0.059869
-0.312789
-0.605721
-0.506865
-0.081295
-0.003948
-0.180385
-0.329567
-0.110168
0.085312
-0.010768
-0.214336
-0.157064
0.149677
0.297914
0.055634
-0.191108
-0.092809
0.186829
0.162603
-0.052479
-0.051577
0.167923
0.282926
0.207504
0.200427
0.273342
0.284495
0.230080
0.254413
0.442567
0.560378
0.442301
0.352825
0.384359
0.483198
0.480622
0.396735
0.363834
0.368094
0.359114
0.349671
0.439342
0.539243
0.550926
0.496267
0.483224
0.536252
0.589466
0.579875
0.505935
0.484884
0.485922
0.457842
0.423554
0.400826
0.411123
0.389291
0.326611
0.280546
0.304267
0.337946
0.310031
0.249115
0.214509
0.227899
0.244034
0.233930
0.206406
0.152524
0.101253
0.071467
0.054198
0.049618
0.016567
-0.019890
-0.050143
-0.076126
-0.085268
-0.095419
-0.125591
-0.151978
-0.166122
-0.172374
-0.190866
-0.217668
-0.239166
-0.258816
-0.286112
-0.312186
-0.325835
-0.343986
-0.355096
-0.368144
-0.373481
-0.367332
-0.360132
-0.370796
-0.391079
-0.389761
-0.368222
-0.373263
-0.383085
-0.371113
-0.350422
-0.357985
-0.378999
-0.364899
-0.345665
-0.352684
-0.370237
-0.363766
-0.345732
-0.340436
-0.337886
-0.324719
-0.304926
-0.285544
-0.286080
-0.278241
-0.262995
-0.233645
-0.210164
-0.213037
-0.229483
-0.237032
-0.211411
-0.177631
-0.149498
-0.139666
-0.150692
-0.153804
-0.141767
-0.132082
-0.122041
-0.118746
-0.118525
-0.116667
-0.083639
-0.050204
-0.046326
-0.056504
-0.069991
-0.066061
-0.047161
-0.034877
-0.036615
-0.033893
-0.030387
-0.037404
-0.033563
-0.018303
-0.030703
-0.047032
-0.038840
-0.019433
-0.019203
-0.035236
-0.035556
0.004026
0.070419
0.109272
0.110977
0.100816
0.069180
0.006800
-0.054102
-0.073354
-0.038437
-0.002091
-0.017331
-0.047476
-0.034861
-0.012433
-0.025453
-0.024203
0.040918
0.133015
0.191613
0.199777
0.151849
0.064223
-0.008610
-0.076940
-0.140999
-0.143057
-0.056598
0.071763
0.144483
0.132115
0.067521
0.035880
0.040676
0.018229
0.023728
0.057420
0.102656
0.124165
0.084580
0.091960
0.127073
0.108671
0.034957
-0.010867
0.039008
0.065183
0.032984
0.012498
0.042023
0.067129
0.046104
0.043725
