0.008211
-0.021728
-0.013347
0.019488
0.004275
-0.031087
-0.035450
0.015325
0.010425
-0.011785
-0.034029
0.009197
0.040449
0.047453
0.041841
-0.035372
0.032439
0.051848
0.018218
-0.050118
-0.030791
-0.039832
0.004069
-0.051223
-0.009489
-0.004709
0.080104
0.051767
0.045753
-0.028043
-0.055110
0.180900
-0.244581
0.083191
0.057792
-0.237720
-0.215292
-0.196659
0.113627
-0.290710
-0.610891
-0.249802
-0.017950
-0.356951
-0.437723
0.006037
0.324905
0.098491
-0.279626
-0.043862
0.131176
-0.102821
-0.379259
-0.400589
-0.118930
0.068680
0.024183
-0.165796
-0.262989
-0.164424
0.048620
0.101633
0.020940
0.143253
0.479038
0.639635
0.387930
0.101287
0.228930
0.487174
0.436830
0.130081
0.086339
0.376304
0.590797
0.473476
0.234876
0.185645
0.277207
0.427224
0.524625
0.607039
0.609321
0.549513
0.535020
0.604294
0.667175
0.605285
0.489694
0.403327
0.405733
0.412133
0.379705
0.371406
0.402081
0.417744
0.381682
0.343454
0.353471
0.394855
0.413466
0.375211
0.318175
0.267871
0.261349
0.283686
0.258730
0.176445
0.083470
0.048271
0.053749
0.071799
0.043825
-0.033073
-0.115684
-0.150695
-0.118351
-0.104711
-0.147272
-0.202048
-0.200414
-0.161787
-0.150327
-0.192645
-0.267605
-0.320907
-0.311196
-0.275144
-0.276839
-0.332244
-0.395887
-0.405040
-0.363760
-0.341913
-0.387116
-0.461573
-0.490931
-0.447088
-0.376035
-0.345592
-0.384370
-0.443639
-0.456525
-0.420970
-0.397783
-0.420000
-0.454539
-0.453894
-0.415991
-0.379056
-0.371081
-0.386764
-0.396986
-0.390204
-0.369084
-0.346678
-0.337049
-0.338385
-0.330181
-0.299992
-0.271542
-0.265852
-0.271530
-0.270800
-0.262328
-0.249662
-0.240395
-0.250322
-0.272664
-0.265115
-0.210333
-0.154559
-0.131851
-0.126010
-0.118211
-0.108316
-0.100421
-0.097731
-0.113115
-0.138158
-0.141148
-0.113597
-0.078734
-0.062963
-0.081893
-0.115656
-0.123295
-0.102220
-0.081048
-0.076370
-0.069565
-0.059331
-0.063501
-0.063770
-0.059215
-0.063180
-0.084759
-0.092802
-0.076921
-0.062745
-0.052243
-0.058661
-0.065556
-0.067014
-0.053000
-0.041934
-0.038396
-0.040353
-0.043716
-0.025037
-0.012561
-0.004039
0.013991
0.049435
0.062103
0.081985
0.124750
0.112549
0.054833
0.044886
0.083206
0.045856
0.015419
0.071677
0.121726
0.089412
0.077514
0.144631
0.164943
0.123487
0.082020
0.103411
0.122277
0.097436
0.059837
0.019414
0.033512
0.046767
0.045002
0.036259
0.029714
0.054215
0.054239
0.040980
0.043205
0.059011
0.040627
0.044219
0.052806
0.039504
0.063900
0.086478
0.103499
0.118140
0.113872
0.094754
0.062910
0.046058
0.059040
0.043097
0.046401
0.042648
0.012370
0.008785
0.041417
0.090152
0.116410
0.155861
0.167685
0.137817
0.101829
0.099796
0.140430
0.172544
0.157314
0.098412
0.057804
0.024206
-0.005049
-0.018330
-0.013546
0.047770
0.068920
0.019645
-0.032040
-0.037844
-0.013845
-0.027202
-0.041029
-0.030807
