-0.076225
-0.122776
-0.103035
-0.164020
-0.090852
-0.195590
-0.099519
-0.004817
-0.028458
-0.030189
-0.053618
-0.072641
-0.116898
-0.080740
-0.138465
-0.109141
-0.079723
-0.055549
-0.016506
-0.000537
0.018423
0.048295
0.070631
0.054501
-0.002022
-0.028339
0.007783
0.010708
0.009285
0.025804
0.094374
0.164730
0.136950
0.105866
0.112289
0.120168
0.179336
0.137566
0.122401
0.135435
0.142325
0.147681
0.127171
0.172922
0.171293
0.160494
0.149021
0.153027
0.210860
0.224101
0.190520
0.138965
0.113493
0.126999
0.157047
0.169379
0.139290
0.116928
0.110009
0.131532
0.177872
0.190000
0.164571
0.138310
0.096587
0.060645
0.052904
0.039881
0.055665
0.073914
0.078174
0.061568
0.046949
0.011709
-0.015210
-0.006386
-0.054814
-0.072384
-0.021094
0.001179
-0.013220
-0.023526
-0.050791
-0.077636
-0.092223
-0.102607
-0.105513
-0.097476
-0.106584
-0.121898
-0.121594
-0.126369
-0.144208
-0.155786
-0.164455
-0.162587
-0.141335
-0.145325
-0.164626
-0.170561
-0.162928
-0.153875
-0.157366
-0.176684
-0.191814
-0.206071
-0.185000
-0.161514
-0.164256
-0.171388
-0.179086
-0.167134
-0.146022
-0.142698
-0.161708
-0.170563
-0.167278
-0.162464
-0.165066
-0.153526
-0.148030
-0.153009
-0.144755
-0.128059
-0.107684
-0.112418
-0.127828
-0.122374
-0.112204
-0.105700
-0.107740
-0.114500
-0.112314
-0.108376
-0.103030
-0.095155
-0.094389
-0.094837
-0.097715
-0.108075
-0.094353
-0.088769
-0.081882
-0.079999
-0.060818
-0.033473
-0.025235
-0.029725
-0.046420
-0.052358
-0.048554
-0.043992
-0.051735
-0.037836
-0.027061
-0.013628
-0.027225
-0.037468
-0.053600
-0.073313
-0.067917
-0.049540
-0.028283
-0.026713
-0.022850
-0.021154
-0.017472
-0.015655
0.000279
-0.003304
-0.018699
-0.036832
-0.037716
-0.015274
0.000073
0.010970
0.009255
