0.001988
-0.031659
-0.022811
-0.027513
-0.051933
-0.037592
-0.043582
-0.036791
0.002051
0.003708
-0.008341
0.031738
0.051023
0.032371
0.020054
-0.000592
-0.004044
0.025577
0.020372
-0.040900
0.041470
-0.039853
0.031141
-0.035088
0.033690
-0.014257
-0.049320
0.018481
-0.146393
-0.023034
-0.102667
-0.138302
-0.482103
-0.019913
-0.433791
-0.475262
0.088342
-0.504240
-0.369150
0.093457
0.105920
-0.395770
-0.212931
-0.361012
-0.646602
-0.685442
-0.598584
-0.155837
0.148831
0.244500
-0.090170
-0.097797
-0.191120
-0.248431
-0.227687
-0.339408
-0.116428
0.053143
0.125915
-0.086817
-0.037815
0.365660
0.674365
0.689342
0.407603
0.288238
0.461406
0.626269
0.455075
0.315562
0.465594
0.716923
0.749180
0.687479
0.628233
0.698683
0.781280
0.764979
0.792634
0.803436
0.851581
0.859235
0.802662
0.738079
0.758137
0.666077
0.632256
0.678165
0.746216
0.810474
0.737796
0.631208
0.549633
0.532473
0.523320
0.517449
0.478930
0.495399
0.520578
0.486173
0.489045
0.508617
0.483388
0.405643
0.276422
0.166169
0.123306
0.127524
0.113036
0.089738
0.025376
-0.001747
-0.007801
-0.024345
-0.027614
-0.113819
-0.243933
-0.343784
-0.360995
-0.339538
-0.334947
-0.403087
-0.471571
-0.491081
-0.473246
-0.461596
-0.488435
-0.526998
-0.558634
-0.570017
-0.580434
-0.584526
-0.574651
-0.545580
-0.523532
-0.528145
-0.557542
-0.582470
-0.582982
-0.572923
-0.559078
-0.553214
-0.555882
-0.567810
-0.571469
-0.557350
-0.534276
-0.513296
-0.516756
-0.528103
-0.517354
-0.474528
-0.439491
-0.433396
-0.442853
-0.441480
-0.417110
-0.414972
-0.419463
-0.419600
-0.399682
-0.363095
-0.347993
-0.334992
-0.319066
-0.282344
-0.250364
-0.238764
-0.252119
-0.247816
-0.217370
-0.205432
-0.201269
-0.203658
-0.194337
-0.191704
-0.179386
-0.170682
-0.163018
-0.151183
-0.155313
-0.158183
-0.154444
-0.133766
-0.124133
-0.124456
-0.134501
-0.129953
-0.112207
-0.118022
-0.114634
-0.102290
-0.085131
-0.070789
-0.066764
-0.066972
-0.063514
-0.059159
-0.060401
-0.072231
-0.087603
-0.081100
-0.060510
-0.036873
-0.035351
-0.032070
-0.025780
-0.024142
-0.022665
-0.021418
-0.021563
-0.032888
-0.031318
-0.027362
-0.009706
-0.004378
-0.008413
-0.015851
-0.026152
-0.019382
-0.020755
-0.022666
-0.020453
-0.005718
0.007270
0.023768
0.021542
0.012103
0.005691
0.002581
0.002816
-0.003587
-0.006003
