-0.005436
0.000327
0.002412
-0.003990
-0.002751
0.001993
0.004711
0.003773
-0.003368
-0.011259
-0.011521
-0.002817
-0.002692
-0.013932
-0.018859
-0.009559
-0.012498
-0.005359
-0.003154
0.003297
-0.000548
-0.005451
-0.002608
-0.007494
-0.006231
-0.014239
0.015878
-0.023649
-0.016811
0.008320
-0.018371
-0.030320
-0.051625
-0.070228
-0.095175
-0.112789
-0.104688
-0.064186
-0.022591
0.012952
0.037905
0.063027
0.009812
-0.037343
-0.121744
-0.151198
-0.185339
-0.158617
-0.118820
-0.119131
-0.032496
-0.078846
-0.045459
-0.072666
-0.121472
-0.120518
-0.095387
-0.090720
-0.135310
-0.055332
-0.034303
-0.014366
-0.027767
-0.021291
-0.007096
-0.058799
-0.117378
-0.234177
-0.201250
-0.151174
-0.089555
0.035698
0.126017
0.142889
0.096180
0.024000
-0.033310
-0.005380
-0.046979
-0.052051
-0.030528
0.029929
0.053760
0.074273
0.123838
0.145119
0.152545
0.109136
0.089638
0.099859
0.152350
0.124652
0.091370
0.085588
0.109303
0.170172
0.186520
0.195665
0.216539
0.212387
0.214811
0.194762
0.196750
0.213130
0.196688
0.175658
0.168828
0.183334
0.177960
0.181785
0.176394
0.206076
0.238810
0.250055
0.220459
0.197659
0.204137
0.190696
0.173240
0.151931
0.138696
0.127990
0.125713
0.119205
0.121493
0.118869
0.105527
0.085109
0.064989
0.046427
0.021637
0.004339
-0.000705
-0.003310
-0.013950
-0.025462
-0.032979
-0.035882
-0.039063
-0.047100
-0.057746
-0.063412
-0.065028
-0.072019
-0.088290
-0.106561
-0.123539
-0.132136
-0.127058
-0.123894
-0.138042
-0.156730
-0.159813
-0.147267
-0.132140
-0.128050
-0.139717
-0.162537
-0.182251
-0.191203
-0.195549
-0.201892
-0.210454
-0.211473
-0.196067
-0.174038
-0.167456
-0.179023
-0.191477
-0.194148
-0.187514
-0.179698
-0.177738
-0.181304
-0.183849
-0.181224
-0.176452
-0.171391
-0.162477
-0.151714
-0.143906
-0.141698
-0.143369
-0.147444
-0.149069
-0.146139
-0.137496
-0.128605
-0.129306
-0.131194
-0.125809
-0.111701
-0.101878
-0.101922
-0.097736
-0.088678
-0.079988
-0.076165
-0.078139
-0.079039
-0.084005
-0.080874
-0.069824
-0.053406
-0.041045
-0.042757
-0.044463
-0.044677
-0.037019
-0.033900
-0.033035
-0.027280
-0.023487
-0.015933
-0.007180
0.000796
0.005494
0.002094
0.005963
0.009144
0.011184
0.013933
0.014908
0.023500
0.030012
0.043611
0.050327
0.046560
0.042539
0.038089
0.044650
0.050770
0.056847
0.058886
0.051614
0.054341
0.055619
0.059685
0.061744
0.058785
0.063469
0.057044
0.063294
0.062824
0.060794
