-0.026243
-0.031665
-0.017924
-0.008396
-0.008464
-0.012355
-0.008948
-0.001001
-0.000522
0.004060
-0.007475
-0.012674
-0.021262
-0.022702
-0.020779
-0.020838
-0.021114
-0.023532
-0.014840
-0.003999
-0.001787
-0.007160
0.009115
0.000870
-0.006987
0.013106
0.014346
0.009713
0.015968
-0.002045
-0.018693
0.031357
-0.130223
-0.146524
-0.183942
-0.267743
-0.315471
-0.332083
-0.181218
-0.147884
-0.085293
0.002180
0.148189
0.066554
0.067583
-0.148198
-0.088686
-0.221975
-0.272576
-0.500358
-0.338871
-0.030653
-0.534983
0.192039
-0.188187
-0.525028
-0.391823
-0.485875
-0.641652
-0.896827
-0.488870
-0.207176
0.011113
-0.083186
0.136771
0.510725
0.567308
0.263826
-0.101475
-0.296813
-0.491840
-0.596378
-0.749994
-0.577798
0.031386
0.592299
0.786397
0.542447
0.305687
0.244254
0.302244
0.341223
0.363101
0.549081
0.737796
0.630167
0.359376
0.266748
0.360249
0.480396
0.528999
0.550875
0.612855
0.787083
0.969758
0.994541
0.820824
0.577153
0.462439
0.551142
0.718576
0.863055
0.809543
0.651321
0.562157
0.648099
0.825086
0.794650
0.572150
0.356863
0.324904
0.434229
0.578192
0.633630
0.630098
0.581940
0.528004
0.508958
0.458202
0.383149
0.249622
0.125651
0.088824
0.107157
0.186615
0.234225
0.240320
0.204815
0.136291
0.105039
0.043100
-0.044547
-0.145859
-0.221024
-0.271579
-0.273027
-0.219194
-0.200497
-0.246811
-0.329018
-0.353993
-0.346186
-0.356162
-0.383258
-0.453470
-0.477301
-0.441192
-0.391240
-0.399275
-0.490959
-0.564614
-0.552992
-0.481623
-0.434227
-0.458332
-0.543475
-0.560141
-0.511637
-0.439242
-0.427241
-0.503578
-0.581792
-0.608628
-0.537766
-0.468404
-0.496389
-0.563581
-0.567264
-0.477501
-0.384021
-0.378458
-0.438767
-0.506339
-0.486211
-0.404449
-0.354384
-0.381854
-0.440074
-0.436283
-0.374973
-0.306672
-0.282189
-0.321537
-0.358417
-0.333556
-0.251397
-0.190292
-0.214955
-0.264829
-0.278764
-0.228778
-0.159337
-0.129617
-0.159948
-0.206705
-0.196451
-0.128435
-0.082081
-0.109923
-0.166232
-0.180399
-0.134699
-0.079000
-0.069660
-0.119975
-0.160556
-0.126553
-0.049271
-0.006581
-0.022183
-0.056183
-0.071994
-0.048276
-0.004613
0.007782
-0.026206
-0.062980
-0.053774
-0.015038
0.014918
0.014325
-0.007276
-0.006323
0.030823
0.075778
0.075874
0.030893
-0.004139
0.008626
0.058422
0.087388
0.080573
0.051697
