-0.000999
0.013267
0.003042
-0.000189
-0.012897
-0.001496
0.020581
-0.029537
0.029497
0.012456
-0.006943
-0.000992
0.003487
-0.018166
-0.003514
-0.017737
-0.018430
0.002994
0.012204
-0.007443
0.015130
0.003763
-0.002666
0.011470
0.018785
-0.018764
0.047654
0.017155
-0.001984
0.008238
-0.024004
0.067388
-0.064231
0.052620
-0.098776
0.152924
-0.250982
0.399331
-0.360008
-0.074766
0.380117
-0.583948
0.404740
-0.290163
0.344487
-0.275879
0.078847
-0.149671
-0.228692
0.107832
-0.406373
0.221608
-0.065256
0.388802
-0.225393
-0.038628
-0.184194
-0.002420
-0.047102
-0.378807
-0.019711
-0.072353
0.168712
-0.187885
-0.018674
0.005788
0.078682
-0.021055
-0.151741
-0.049628
-0.009805
0.097893
-0.087543
-0.036743
-0.059731
0.010520
0.017057
0.002209
-0.023770
-0.036930
-0.005105
0.034974
0.062819
-0.035216
-0.008716
-0.035485
-0.041461
-0.017525
0.000443
0.013789
0.020517
-0.063390
0.001777
0.030364
0.002468
