-0.019246
-0.028188
-0.030745
-0.036169
-0.028975
-0.034098
-0.051929
-0.045975
-0.056287
-0.029252
-0.054019
-0.031977
-0.058615
-0.056060
-0.068946
-0.013639
-0.080315
-0.018867
0.017049
-0.114996
-0.032206
-0.077857
-0.096826
-0.147813
-0.107206
-0.117484
-0.060557
-0.146224
-0.169858
-0.019564
-0.062082
-0.056533
-0.053892
0.082145
0.050774
-0.079456
-0.226851
-0.271897
-0.201432
-0.263861
-0.250335
-0.153451
0.000144
0.019987
-0.066502
-0.108508
-0.064506
-0.079844
-0.142165
-0.195992
-0.176367
-0.112216
-0.124176
-0.154649
-0.154026
-0.119237
-0.101055
-0.097735
-0.095007
-0.038601
-0.042415
-0.055058
-0.082963
-0.059916
-0.042583
-0.059059
-0.068729
-0.064884
-0.031531
0.000960
0.012689
0.025871
0.040616
0.040134
0.057989
0.028605
0.018689
0.001093
0.006451
0.025304
0.049222
0.075618
0.097019
0.109616
0.121075
0.110421
0.089277
0.080611
0.083398
0.102429
0.102962
0.122837
0.126936
0.151902
0.161960
0.174334
0.170559
0.156439
0.155622
0.150592
0.152042
0.143315
0.141357
0.145181
0.151906
0.158560
0.168994
0.165747
0.166217
0.154410
0.166264
0.168073
0.164703
0.150230
0.134475
0.132038
0.122326
0.119318
0.115841
0.120595
0.122645
0.121887
0.121385
0.124339
0.117520
0.114989
0.104598
0.106334
0.099486
0.091123
0.084753
0.083736
0.091317
0.091078
0.094389
0.097973
0.103766
0.100072
0.089918
0.079650
0.073073
0.060521
0.054154
0.054402
0.061850
0.061205
0.050527
0.042032
0.040229
0.041418
0.039215
0.037864
0.039130
0.037168
0.027576
0.017291
0.010289
