-0.016541
-0.014250
-0.014644
-0.013098
-0.012804
-0.013363
-0.020438
-0.023215
-0.032750
-0.038051
-0.036361
-0.033182
-0.032346
-0.035822
-0.038884
-0.039277
-0.033939
-0.030954
-0.032431
-0.040048
-0.046110
-0.048589
-0.050734
-0.055691
-0.065812
-0.072092
-0.070280
-0.063046
-0.058933
-0.060342
-0.067412
-0.075160
-0.081984
-0.089277
-0.092953
-0.100771
-0.103647
-0.107104
-0.111058
-0.113457
-0.115853
-0.106547
-0.099690
-0.101033
-0.107499
-0.114327
-0.114186
-0.116207
-0.122615
-0.123271
-0.124184
-0.119257
-0.116941
-0.116660
-0.112494
-0.113905
-0.105518
-0.101058
-0.095749
-0.098248
-0.105279
-0.106106
-0.103454
-0.095081
-0.093804
-0.089551
-0.090208
-0.083455
-0.083643
-0.080801
-0.078624
-0.080442
-0.076602
-0.086020
-0.081222
-0.085506
-0.084022
-0.083733
-0.085518
-0.071838
-0.068716
-0.065949
-0.076165
-0.080914
-0.076494
-0.072649
-0.072185
-0.077238
-0.076315
-0.069359
-0.058699
-0.057807
-0.053397
-0.050079
-0.046229
-0.045817
-0.051276
-0.047076
-0.048205
-0.042234
-0.039349
-0.037794
-0.031895
-0.027915
-0.021858
-0.024135
-0.024849
-0.019059
-0.014334
-0.017194
-0.017451
-0.015863
-0.011974
-0.017125
-0.019581
-0.016671
-0.016622
-0.011932
-0.012558
-0.007308
-0.004600
0.001594
-0.000743
-0.004563
-0.003988
-0.003566
-0.003316
-0.006575
-0.001072
-0.002904
