0.027388
-0.025013
-0.070642
-0.037536
-0.029512
-0.075013
-0.079463
-0.021800
0.037011
0.030650
-0.026896
-0.056387
-0.061413
-0.040747
-0.044210
-0.050967
-0.001338
-0.002776
-0.087962
-0.066046
-0.031790
-0.082587
0.011720
0.087857
-0.009614
-0.021331
-0.020956
-0.092284
-0.089358
-0.017876
0.097706
0.239314
0.229375
0.033135
-0.110135
-0.158839
-0.089035
0.079997
0.255547
0.335108
0.278154
0.137329
-0.016259
-0.050626
0.057146
0.202476
0.292229
0.290595
0.210489
0.132624
0.101471
0.140251
0.213516
0.253335
0.270469
0.273200
0.251662
0.238191
0.217638
0.180477
0.166093
0.215486
0.286024
0.320003
0.311085
0.246719
0.169581
0.148705
0.195113
0.254788
0.279511
0.250397
0.187458
0.159090
0.193196
0.203497
0.193437
0.196169
0.204522
0.207279
0.172378
0.142592
0.131362
0.127988
0.130283
0.132905
0.132335
0.126203
0.112155
0.092295
0.090644
0.085471
0.069008
0.044349
0.019612
0.007148
0.004150
0.010503
0.005950
-0.001972
-0.025120
-0.061849
-0.078821
-0.081216
-0.076266
-0.089518
-0.110867
-0.120398
-0.122940
-0.111511
-0.121433
-0.148123
-0.168501
-0.172029
-0.156161
-0.152855
-0.175582
-0.191102
-0.207079
-0.209037
-0.191121
-0.183248
-0.199931
-0.222273
-0.223177
-0.220183
-0.214555
-0.215439
-0.221849
-0.232660
-0.216723
-0.206138
-0.202677
-0.219469
-0.249705
-0.251791
-0.236902
-0.210066
-0.198374
-0.206656
-0.219351
-0.200055
-0.183960
-0.183400
-0.197165
-0.214481
-0.203936
-0.177219
-0.156938
-0.152523
-0.167160
-0.175779
-0.160844
-0.140087
-0.121758
-0.129162
-0.143234
-0.145199
-0.129822
-0.109466
-0.100548
-0.107027
-0.104365
-0.081781
-0.071164
-0.068544
-0.072748
-0.081178
-0.082809
-0.065087
-0.049329
-0.037536
-0.032113
-0.047447
-0.051138
-0.033636
-0.015798
-0.014905
-0.019570
-0.018595
-0.005122
0.000070
-0.001715
-0.009792
-0.010968
0.003677
0.013946
0.033291
0.030005
0.015830
0.011273
0.026031
0.038582
0.040830
0.039626
0.026656
0.025425
0.028583
0.029775
0.026822
0.024898
0.025955
0.033384
0.041068
0.042124
0.037530
0.022998
0.009039
0.023811
0.039314
