-0.053564
-0.022889
0.005396
0.022016
0.000064
0.010895
-0.000803
-0.030077
-0.116666
-0.159212
-0.177690
-0.164046
-0.083630
-0.058026
0.064148
0.051066
0.009424
-0.037275
-0.146145
-0.127136
-0.119720
-0.068381
-0.077357
-0.048779
0.010568
0.000741
0.000720
-0.012871
0.043236
0.005748
-0.067702
-0.163255
-0.162653
-0.100662
-0.084547
-0.019050
0.035007
0.114481
0.114628
0.067646
0.007650
0.010921
0.004289
-0.005696
-0.009958
-0.002317
0.032987
0.034726
0.059235
0.065615
0.088654
0.068777
0.050730
0.061674
0.118032
0.136271
0.079343
0.045111
0.034350
0.094678
0.127430
0.118226
0.117665
0.121667
0.121548
0.108340
0.105362
0.112148
0.115526
0.099812
0.094445
0.090202
0.102064
0.103935
0.081832
0.086793
0.106762
0.141579
0.136319
0.114938
0.093699
0.088977
0.093571
0.077119
0.069621
0.057396
0.056344
0.055289
0.056336
0.059378
0.056326
0.043219
0.032055
0.029474
0.017531
-0.001819
-0.023180
-0.022701
-0.019631
-0.019309
-0.018467
-0.028212
-0.034502
-0.040864
-0.047187
-0.057009
-0.063866
-0.069699
-0.073545
-0.073523
-0.070505
-0.073502
-0.086617
-0.096362
-0.097972
-0.094002
-0.095323
-0.104287
-0.114586
-0.114975
-0.109744
-0.112697
-0.121705
-0.124507
-0.124194
-0.124939
-0.121043
-0.111898
-0.106952
-0.110984
-0.113835
-0.112163
-0.112331
-0.113790
-0.116364
-0.118518
-0.117437
-0.112970
-0.110020
-0.110552
-0.108850
-0.103771
-0.098724
-0.095105
-0.088627
-0.083483
-0.080937
-0.080922
-0.079699
-0.074167
-0.071622
-0.074884
-0.077821
-0.072545
-0.065550
-0.061860
-0.058969
-0.051540
-0.046373
-0.049378
-0.051424
-0.047844
-0.041428
-0.037788
-0.036415
-0.035355
-0.035375
-0.032948
-0.024638
-0.018209
-0.014947
-0.016585
-0.019572
-0.024001
-0.025136
-0.018933
-0.010362
-0.007005
-0.011363
-0.007528
0.001610
0.001954
0.001298
0.005580
0.013408
0.018041
0.015322
0.011274
0.006377
0.008257
0.010482
0.019545
0.031284
0.031012
0.026062
0.021828
0.021487
0.019029
0.017786
