0.001633
0.002133
-0.004084
-0.009327
-0.007988
-0.004646
-0.015687
-0.021310
-0.022294
-0.022581
-0.021683
-0.033276
-0.035257
-0.026983
-0.020715
-0.021810
-0.019847
-0.023017
-0.019409
-0.021300
-0.021839
-0.020871
-0.020247
-0.018655
-0.021518
-0.022546
-0.026996
-0.028618
-0.042274
-0.047758
-0.055614
-0.058919
-0.052010
-0.049212
-0.058044
-0.065365
-0.064942
-0.073438
-0.074648
-0.077832
-0.068825
-0.066748
-0.064572
-0.060408
-0.063443
-0.059576
-0.060825
-0.045240
-0.054404
-0.051710
-0.042567
-0.046102
-0.077853
-0.083635
-0.088363
-0.146519
-0.214429
-0.211886
-0.185981
-0.252156
-0.243379
-0.129890
-0.030012
-0.079719
-0.106905
-0.033366
-0.011308
-0.115115
-0.145912
-0.038586
0.044186
0.074313
0.044322
0.010726
-0.064812
-0.117798
-0.118423
-0.136058
-0.174745
-0.142129
-0.054408
-0.038174
-0.132719
-0.175156
-0.089247
0.011599
-0.007703
-0.061920
0.006064
0.114482
0.132093
0.049097
-0.032474
-0.055015
-0.049995
-0.069873
-0.116037
-0.157844
-0.106347
0.038629
0.117477
0.112208
0.137890
0.161898
0.111604
0.009880
-0.002129
0.041762
0.107069
0.182892
0.280402
0.304925
0.185748
0.146228
0.196513
0.188567
0.110198
0.136081
0.253383
0.285681
0.171633
0.095071
0.156919
0.242941
0.252297
0.212290
0.238911
0.305892
0.317778
0.252182
0.175294
0.170629
0.227898
0.236911
0.201331
0.174156
0.195466
0.218303
0.186288
0.134197
0.103587
0.110127
0.094081
0.063216
0.073531
0.100762
0.114341
0.115090
0.109349
0.105454
0.092363
0.071941
0.048773
0.040708
0.033939
0.018634
0.002880
-0.010351
-0.012542
-0.023243
-0.046719
-0.069034
-0.067042
-0.052962
-0.061445
-0.089067
-0.116564
-0.136359
-0.138257
-0.135793
-0.142919
-0.152905
-0.166303
-0.163373
-0.134170
-0.119611
-0.137731
-0.162592
-0.174288
-0.161544
-0.145466
-0.151200
-0.164199
-0.171708
-0.162425
-0.145916
-0.140396
-0.158316
-0.189654
-0.189619
-0.165148
-0.148228
-0.147923
-0.164089
-0.168404
-0.148059
-0.133395
-0.127284
-0.135607
-0.152552
-0.148479
-0.133299
-0.112697
-0.108297
-0.118682
-0.117003
-0.102567
-0.085543
-0.085235
-0.092695
-0.095417
-0.087819
-0.067655
-0.051093
-0.045367
-0.049867
-0.052804
-0.043444
-0.030551
-0.018455
-0.022992
-0.031488
-0.030387
-0.015437
-0.002935
-0.003603
-0.000404
0.005162
0.018384
0.028470
0.029079
0.020254
0.014268
0.007897
0.016672
0.038252
0.045285
0.038782
0.032323
0.039668
0.048963
0.055181
0.055258
0.053499
0.043953
0.043202
0.053494
0.048812
0.034328
