0.003864
0.003208
-0.001015
-0.007883
-0.014066
-0.022462
-0.019166
-0.020022
-0.024825
-0.019804
-0.021208
-0.018494
-0.027777
-0.029817
-0.033027
-0.032520
-0.032755
-0.033201
-0.034012
-0.041254
-0.050862
-0.064078
-0.058459
-0.077661
-0.054635
-0.025615
-0.019908
-0.018331
-0.006069
-0.020364
-0.073613
-0.145301
-0.184387
-0.172039
-0.208126
-0.217888
-0.152006
-0.123521
-0.137104
-0.161147
-0.163984
-0.104749
-0.153263
-0.124375
-0.153361
-0.097407
-0.116960
-0.131328
-0.074397
-0.147720
-0.061804
-0.083963
-0.112077
-0.140422
-0.071557
-0.106713
-0.148145
-0.263235
-0.232639
-0.052371
-0.171155
-0.139998
0.025432
0.129330
0.004126
-0.051415
0.083059
0.152734
0.067408
-0.030144
0.025576
0.119475
0.085282
0.021016
0.064348
0.073758
0.071161
0.058857
0.070306
0.067822
0.084693
0.102371
0.117507
0.137075
0.122990
0.161519
0.180875
0.216664
0.213546
0.212950
0.218494
0.206108
0.238395
0.235260
0.207470
0.187319
0.180737
0.195712
0.206758
0.185960
0.153241
0.130772
0.132177
0.153031
0.151101
0.136802
0.127236
0.127969
0.149525
0.156288
0.151452
0.137177
0.122378
0.126998
0.129401
0.120433
0.103740
0.086662
0.077093
0.063494
0.037616
0.017230
0.000996
-0.011672
-0.015761
-0.038342
-0.053684
-0.055170
-0.055277
-0.059399
-0.076212
-0.086207
-0.094410
-0.094973
-0.096240
-0.101131
-0.109149
-0.116909
-0.121829
-0.124786
-0.128379
-0.138682
-0.153257
-0.166366
-0.167948
-0.164947
-0.167007
-0.179817
-0.189936
-0.190291
-0.185474
-0.184320
-0.190333
-0.194268
-0.192163
-0.185726
-0.181826
-0.180881
-0.182460
-0.185942
-0.187043
-0.181544
-0.170512
-0.160642
-0.153904
-0.149238
-0.142785
-0.136967
-0.135620
-0.136649
-0.135895
-0.132927
-0.131685
-0.132304
-0.130384
-0.124732
-0.118733
-0.114518
-0.111773
-0.109636
-0.111203
-0.113671
-0.111405
-0.102926
-0.094939
-0.092961
-0.091935
-0.084279
-0.069644
-0.058227
-0.054689
-0.055206
-0.051646
-0.044178
-0.035580
-0.030668
-0.033886
-0.038582
-0.037126
-0.024527
-0.008991
-0.003637
-0.011254
-0.017060
-0.009353
0.005092
0.012587
0.009039
0.001750
-0.000870
0.000921
0.006041
0.009474
0.009837
0.007434
0.005567
0.009916
0.018113
0.024276
0.024085
