0.016833
0.019004
0.015018
0.008941
0.006730
-0.000279
0.000122
0.004307
0.008134
0.009007
0.012603
0.011058
0.012712
0.011727
0.006185
0.005087
0.008390
0.017363
0.018569
0.023131
0.015730
0.006136
0.000270
-0.006762
-0.003847
-0.002397
0.001405
-0.001357
0.001118
0.004191
0.013134
0.022579
0.039596
0.075094
0.114586
0.162413
0.195104
0.211144
0.183523
0.093168
-0.043009
-0.189205
-0.309090
-0.382859
-0.368122
-0.260992
-0.098008
0.060239
0.168722
0.221653
0.228510
0.182172
0.104881
0.036632
-0.022855
-0.073100
-0.120196
-0.144639
-0.135173
-0.093732
-0.050847
-0.018629
0.007404
0.025508
0.052848
0.079904
0.104282
0.108644
0.092273
0.040004
-0.044959
-0.137170
-0.215034
-0.238675
-0.218628
-0.150672
-0.058270
0.043538
0.143852
0.216806
0.250389
0.233114
0.172263
0.074218
-0.033838
-0.134968
-0.198484
-0.216268
-0.190555
-0.137883
-0.076531
-0.018822
0.021392
0.053396
0.073128
0.081778
0.073113
0.053748
0.024210
-0.010857
-0.051144
-0.090389
-0.115234
-0.131250
-0.133551
-0.131718
-0.105956
-0.066363
-0.018662
0.033195
0.068571
0.090143
0.088856
0.065875
0.017027
-0.031733
-0.077755
-0.115462
-0.137482
-0.153340
-0.148867
-0.133035
-0.105569
-0.077979
-0.050520
-0.028174
-0.011237
0.009062
0.012029
0.003989
-0.014897
-0.027899
-0.040888
-0.063392
-0.089785
-0.106020
-0.110501
-0.106331
