-0.029292
-0.050540
-0.046700
-0.045697
-0.030213
-0.040913
-0.024626
-0.022061
-0.032724
-0.023791
-0.041512
-0.029410
-0.048187
-0.037890
-0.030114
-0.019782
-0.056594
-0.027985
-0.053023
-0.021646
-0.012002
-0.026212
-0.005927
-0.002748
-0.015877
-0.104143
0.071469
-0.073432
-0.177455
0.003256
-0.022992
-0.171279
-0.185121
-0.025683
-0.058909
-0.405527
-0.472480
-0.213907
-0.191178
-0.408356
-0.373710
0.041715
0.260628
0.058185
-0.202519
-0.008205
0.241953
0.139966
-0.179402
-0.223992
0.118753
0.290223
0.072015
-0.333680
-0.299409
0.104194
0.260862
-0.117271
-0.328530
0.106538
0.532574
0.308191
-0.141806
-0.007082
0.498911
0.666368
0.331349
0.168894
0.406090
0.616377
0.502846
0.291644
0.279347
0.363530
0.390555
0.331880
0.301388
0.320931
0.329379
0.331018
0.316009
0.338730
0.389560
0.412251
0.355403
0.366491
0.480105
0.553994
0.503561
0.446575
0.481866
0.509094
0.475905
0.386145
0.335544
0.316176
0.294656
0.228305
0.153841
0.129227
0.120398
0.088828
0.047882
0.013331
-0.004236
0.013744
0.060808
0.070752
0.009705
-0.054048
-0.042280
-0.007331
-0.029165
-0.101641
-0.144429
-0.119038
-0.118798
-0.158765
-0.241727
-0.306104
-0.323408
-0.315367
-0.336760
-0.352598
-0.375798
-0.411205
-0.415047
-0.432110
-0.414840
-0.402424
-0.430942
-0.471404
-0.410978
-0.349293
-0.339292
-0.397242
-0.467137
-0.426709
-0.362472
-0.366497
-0.417343
-0.433914
-0.439621
-0.395038
-0.375320
-0.387363
-0.408880
-0.434087
-0.406641
-0.379272
-0.350415
-0.338183
-0.326277
-0.317051
-0.285002
-0.263235
-0.234032
-0.241287
-0.306504
-0.294330
-0.317355
-0.340242
-0.356847
-0.351015
-0.306980
-0.178304
-0.099661
-0.041211
0.013869
-0.032784
-0.088400
-0.156603
-0.125150
-0.028013
0.058916
0.026734
0.126759
0.275707
0.201997
-0.008211
-0.060261
0.145143
0.264909
0.108947
-0.026143
0.161212
0.279900
0.164920
0.014452
0.085021
0.269135
0.276610
0.136207
0.097775
0.287879
0.395333
0.292994
0.135977
0.126345
0.228138
0.295802
0.257270
0.185823
0.174321
0.191827
0.208111
0.173714
0.128723
0.122860
0.121851
0.092902
0.099723
0.130280
0.140340
0.108340
0.080040
0.098897
0.133930
0.117670
0.054644
0.035857
0.046613
0.073625
0.075693
0.047189
0.020973
0.007403
0.023362
0.034450
0.020631
-0.017478
-0.035521
-0.027217
-0.043301
-0.061263
-0.070395
-0.065812
-0.052823
-0.049838
-0.060298
-0.086033
-0.086734
-0.065235
-0.048772
-0.051963
-0.060035
-0.051418
-0.050748
-0.048103
-0.045952
