0.008425
0.003574
-0.003693
0.003090
0.005466
0.014543
0.011970
0.003083
0.005656
0.009698
0.013876
-0.001054
0.006254
0.009219
-0.028791
-0.052571
-0.073816
-0.114675
-0.140570
-0.187890
-0.170505
-0.101109
-0.129052
-0.087735
0.022554
0.062732
-0.008570
-0.025043
0.045459
-0.008760
-0.120189
-0.206737
-0.121787
-0.040149
-0.142308
-0.159486
-0.051890
-0.042936
-0.141750
-0.174418
-0.148766
-0.049405
-0.046605
-0.132458
-0.117833
-0.038666
0.037592
0.032008
0.016501
0.015979
0.044726
0.075531
0.063594
0.060083
0.032168
0.023022
0.019849
-0.049535
-0.089922
-0.075097
0.007868
0.056532
0.046737
0.037507
0.097544
0.207807
0.211489
0.164585
0.145908
0.202853
0.247994
0.229705
0.175181
0.161202
0.192412
0.215883
0.215657
0.154252
0.096403
0.067615
0.101665
0.144351
0.152113
0.156795
0.175274
0.210491
0.222791
0.242865
0.251861
0.253045
0.255701
0.249832
0.245525
0.234061
0.228431
0.211836
0.175098
0.132079
0.110389
0.123190
0.128398
0.094581
0.065151
0.047678
0.055405
0.070846
0.087164
0.071540
0.044529
0.064837
0.084897
0.097527
0.071512
0.059611
0.065712
0.064753
0.051345
0.017784
-0.008700
-0.030212
-0.036220
-0.056956
-0.083473
-0.102587
-0.106915
-0.096062
-0.096755
-0.100423
-0.103361
-0.089642
-0.078667
-0.081677
-0.099722
-0.123498
-0.112541
-0.095400
-0.091598
-0.107609
-0.118508
-0.123721
-0.125744
-0.125577
-0.146216
-0.175455
-0.195142
-0.180871
-0.159633
-0.159096
-0.170463
-0.177449
-0.168714
-0.151413
-0.141523
-0.150412
-0.163193
-0.153829
-0.130950
-0.118056
-0.122466
-0.133967
-0.141831
-0.143796
-0.138855
-0.133448
-0.148395
-0.166730
-0.166002
-0.149227
-0.130352
-0.134009
-0.146683
-0.155734
-0.147622
-0.126164
-0.111813
-0.109618
-0.113571
-0.105799
-0.087069
-0.070941
-0.063800
-0.075758
-0.091510
-0.087933
-0.072963
-0.066415
-0.071637
-0.074099
-0.071851
-0.066506
-0.058170
-0.048449
-0.051293
-0.052478
-0.053395
-0.048888
-0.041317
-0.035220
-0.037277
-0.038813
-0.019141
-0.010126
-0.003414
-0.006531
-0.003092
0.007348
0.015859
0.022096
0.015644
0.017488
0.011747
0.017934
0.028328
0.029965
0.031296
0.020025
0.021113
0.030329
0.036760
0.029051
0.023453
0.037159
0.043607
0.046741
0.045674
0.040813
0.039633
0.042831
0.052106
0.057246
0.048869
