0.011572
0.001751
-0.000447
-0.000576
-0.001165
0.002850
-0.000360
0.006370
-0.001601
0.000970
-0.000934
0.000122
-0.000472
-0.011988
-0.026911
-0.055381
-0.069143
-0.096208
-0.140197
-0.181047
-0.148376
-0.127837
-0.150165
-0.111459
-0.016028
0.048567
-0.023307
-0.054549
0.018669
-0.002820
-0.108865
-0.120340
-0.008426
0.085553
0.036577
-0.054098
-0.057283
-0.067979
-0.130124
-0.177309
-0.220793
-0.131284
0.013396
-0.006809
-0.082267
-0.072763
0.010543
-0.024021
-0.176162
-0.249643
-0.103199
-0.004248
-0.071013
-0.095205
-0.004887
0.097728
-0.016772
-0.105265
0.045615
0.239385
0.173657
0.037741
0.073826
0.129692
0.048769
-0.114634
-0.076625
0.051251
0.093344
0.044036
-0.003334
0.029668
0.073416
0.056430
0.054417
0.151698
0.232049
0.224688
0.178452
0.195541
0.247883
0.238717
0.195834
0.192314
0.235404
0.260028
0.202865
0.166657
0.165369
0.143887
0.107654
0.059895
0.072207
0.124442
0.141423
0.116632
0.097436
0.087001
0.121282
0.168842
0.166554
0.134478
0.112897
0.145265
0.190840
0.203742
0.163030
0.119048
0.103340
0.106441
0.101772
0.045377
-0.014052
-0.033121
-0.009856
0.002173
-0.015010
-0.035711
-0.039919
-0.029194
-0.012002
-0.011823
-0.037173
-0.050851
-0.051606
-0.042752
-0.049483
-0.052951
-0.049467
-0.051603
-0.062788
-0.080907
-0.092389
-0.098738
-0.102851
-0.118928
-0.134073
-0.137529
-0.130434
-0.120387
-0.120513
-0.140405
-0.154394
-0.159542
-0.151457
-0.135372
-0.144915
-0.152882
-0.133446
-0.107721
-0.088040
-0.085247
-0.098784
-0.099047
-0.100853
-0.093822
-0.088612
-0.106103
-0.119256
-0.115819
-0.080944
-0.075130
-0.090755
-0.100883
-0.101482
-0.086987
-0.085626
-0.078510
-0.072699
-0.072658
-0.074880
-0.052999
-0.029811
-0.022534
-0.029014
-0.035174
-0.021602
-0.012382
-0.007199
-0.015234
-0.019972
-0.016495
-0.008441
0.000252
0.002492
-0.004495
-0.017984
-0.013903
-0.002129
0.007837
0.012016
0.000697
0.008529
0.021406
0.027289
0.031779
0.020330
0.022771
0.024839
0.025865
0.033424
0.038495
0.041520
0.046810
0.048746
0.039788
0.040865
0.033584
0.031976
0.037789
0.029457
0.030376
0.029369
