0.008551
0.017361
0.024627
0.030168
0.014858
0.022959
0.020112
0.039519
0.034082
0.044571
0.049051
0.050364
0.049665
0.043927
0.034573
0.031881
0.046010
0.031375
0.015565
0.009737
0.006945
-0.000059
0.009422
-0.005933
0.004996
-0.001353
-0.003282
-0.022383
-0.007476
-0.037277
-0.072222
-0.075901
-0.122343
-0.135187
-0.225168
-0.206093
-0.225337
-0.139667
-0.208748
-0.293099
0.024568
0.079317
-0.193114
-0.201388
0.009909
-0.116125
-0.527440
-0.788864
-0.361686
0.009411
-0.274128
-0.477861
-0.097563
0.306841
-0.109888
-0.753364
-0.538183
0.190622
0.221861
-0.376950
-0.376052
0.400802
0.646189
0.125460
-0.183987
0.195373
0.571059
0.285652
-0.147643
0.086994
0.660967
0.705481
0.320600
0.154644
0.407734
0.531994
0.351452
0.259619
0.463533
0.654958
0.592709
0.402500
0.370733
0.500274
0.498425
0.412912
0.437653
0.559058
0.606038
0.527748
0.502537
0.498315
0.451164
0.379794
0.370662
0.426642
0.405151
0.348402
0.332655
0.393919
0.460729
0.406713
0.280764
0.216169
0.204362
0.212054
0.190315
0.142743
0.120174
0.103412
0.084851
0.098541
0.061368
-0.009916
-0.070173
-0.104675
-0.114902
-0.159134
-0.202564
-0.217368
-0.229014
-0.243037
-0.264905
-0.291166
-0.292662
-0.300714
-0.350665
-0.390858
-0.415121
-0.427911
-0.419153
-0.429544
-0.437465
-0.462156
-0.449854
-0.413391
-0.382122
-0.437339
-0.488259
-0.459482
-0.416694
-0.379235
-0.406448
-0.433818
-0.410654
-0.341845
-0.322293
-0.343282
-0.371685
-0.360776
-0.349316
-0.331306
-0.311783
-0.283934
-0.279101
-0.289996
-0.250889
-0.207598
-0.215051
-0.264089
-0.249934
-0.208151
-0.137575
-0.125883
-0.173599
-0.135665
-0.083825
-0.090493
-0.085766
-0.097019
-0.047965
-0.043364
-0.078170
-0.048664
0.005368
0.012342
-0.029599
0.011882
0.034938
0.033580
0.010842
0.004875
0.054724
0.061758
0.018184
0.046151
0.069621
0.089703
0.048381
0.028698
0.073334
0.105846
0.086998
0.019840
0.051599
0.091165
0.088257
-0.000108
-0.003192
0.041124
0.048189
-0.007540
-0.001669
0.086445
