-0.029049
-0.026602
-0.030536
-0.036674
-0.034789
-0.035041
-0.036499
-0.041657
-0.051997
-0.048588
-0.045717
-0.044941
-0.051505
-0.044343
-0.049884
-0.041956
-0.045438
-0.066287
-0.062914
-0.052779
-0.052475
-0.038660
-0.035676
-0.040615
-0.021244
-0.024824
-0.032552
-0.013488
-0.026945
-0.064674
-0.062219
-0.075517
-0.105779
-0.221452
-0.097080
-0.133855
-0.306357
-0.147664
-0.100417
-0.053524
-0.079365
-0.113162
-0.124573
-0.232202
-0.372044
-0.393518
-0.344375
-0.255458
-0.036517
0.154807
0.129123
-0.039487
-0.005663
0.062527
-0.002235
-0.146071
-0.170230
0.103914
0.252566
-0.017235
-0.129587
0.098612
0.352046
0.230472
0.006573
0.096035
0.375213
0.360489
0.081227
0.082569
0.347873
0.575237
0.480312
0.341857
0.342390
0.477584
0.496090
0.398940
0.422059
0.543822
0.560338
0.422133
0.313640
0.368989
0.446175
0.456041
0.417381
0.372762
0.441131
0.488820
0.475070
0.383362
0.291164
0.254500
0.286588
0.380534
0.390848
0.324498
0.265643
0.263010
0.333806
0.369085
0.308932
0.191644
0.142292
0.181029
0.208521
0.178520
0.113963
0.070062
0.100274
0.127598
0.085564
0.001486
-0.092179
-0.121899
-0.129845
-0.153075
-0.203853
-0.242431
-0.233663
-0.225621
-0.231790
-0.272888
-0.320612
-0.335589
-0.345586
-0.357925
-0.380775
-0.389250
-0.388100
-0.366191
-0.343434
-0.370067
-0.406971
-0.435407
-0.420810
-0.424891
-0.446531
-0.457927
-0.461249
-0.416197
-0.409973
-0.409473
-0.439139
-0.439950
-0.417520
-0.468095
-0.491359
-0.519728
-0.497768
-0.463164
-0.411330
-0.350393
-0.408678
-0.458270
-0.442928
-0.400381
-0.412326
-0.461243
-0.349534
-0.190314
-0.110798
-0.174399
-0.232703
-0.170139
-0.119771
-0.150630
-0.199166
-0.094258
0.030896
0.033061
-0.090126
-0.117165
-0.036847
0.003816
-0.048679
-0.092472
0.000257
0.080882
0.076912
0.011390
-0.000675
0.058657
0.098132
0.109392
0.112408
0.142266
0.175969
0.175984
0.189026
0.210651
0.215251
0.193805
0.202592
0.262547
0.293880
0.260341
0.207301
0.204872
0.237054
0.239393
0.196857
0.156689
0.162492
0.187983
0.181023
0.142210
0.121155
0.137989
0.164977
0.183095
0.180966
0.166705
0.164479
0.192323
0.221792
0.201980
0.157392
0.148089
0.181340
0.208970
0.180747
0.127847
0.107602
0.130893
0.156295
0.128472
0.084981
0.074725
0.092905
0.105964
0.089827
0.074543
0.066300
0.067579
0.086934
0.096599
0.086627
0.063073
0.058140
0.078068
0.080370
0.063917
0.044890
0.047289
0.068435
0.067078
0.048330
0.026066
0.021663
0.035388
0.035602
0.033787
0.026059
0.025953
0.036441
0.041933
0.044432
0.028727
0.019377
0.029623
0.035953
0.034165
0.016761
0.009821
0.020762
0.024433
0.024185
0.012526
