-0.016283
-0.023863
-0.028831
-0.025980
-0.012337
-0.020794
-0.021133
-0.020464
-0.019467
-0.011532
-0.027111
-0.026080
-0.012299
-0.012716
-0.018560
-0.030134
-0.023016
-0.020576
-0.045770
-0.052505
-0.077412
-0.100524
-0.172237
-0.176320
-0.113546
-0.175189
-0.204433
-0.137701
0.000558
-0.011303
-0.130460
-0.098404
-0.034584
-0.084707
-0.227002
-0.197261
0.046682
0.198834
0.099154
-0.034628
-0.011043
0.055463
0.004219
-0.104156
-0.069407
0.068621
0.161794
0.048385
-0.103232
-0.066845
-0.018139
-0.064754
-0.160091
-0.173523
-0.017049
0.235341
0.276133
0.158080
0.125509
0.224804
0.153625
-0.077513
-0.129837
0.125404
0.439815
0.380684
0.235888
0.267755
0.390718
0.261898
0.066711
0.079317
0.279197
0.407365
0.327559
0.264319
0.273178
0.310229
0.297926
0.291741
0.293491
0.281810
0.235263
0.265997
0.319489
0.281805
0.164647
0.139958
0.218853
0.260629
0.244222
0.201041
0.195953
0.210277
0.204088
0.167557
0.151937
0.154233
0.119370
0.082979
0.093055
0.128477
0.120761
0.069259
0.043185
0.034924
0.014962
-0.031080
-0.076590
-0.086043
-0.088353
-0.120807
-0.184720
-0.201813
-0.156432
-0.122986
-0.156685
-0.213652
-0.217555
-0.183539
-0.173993
-0.227377
-0.285609
-0.325603
-0.315460
-0.273315
-0.248639
-0.318891
-0.403472
-0.370019
-0.283374
-0.272016
-0.345761
-0.385270
-0.387266
-0.364226
-0.342689
-0.340913
-0.365745
-0.364472
-0.324931
-0.295691
-0.295737
-0.322676
-0.347208
-0.339270
-0.288516
-0.245821
-0.239117
-0.256288
-0.263437
-0.236566
-0.190745
-0.178042
-0.210214
-0.237565
-0.229190
-0.199112
-0.159403
-0.140493
-0.167486
-0.192461
-0.166940
-0.116758
-0.095280
-0.113529
-0.145634
-0.147807
-0.096358
-0.041319
-0.041562
-0.064546
-0.051288
-0.007845
0.025170
0.031757
0.018708
0.009344
0.029158
0.068414
0.094146
0.094912
0.086706
0.084586
0.096507
0.119613
0.127847
0.107771
0.089419
0.104909
0.139425
0.151710
0.135598
0.118245
0.118698
0.135960
0.153923
0.155763
0.147391
0.146679
0.148520
0.143240
0.135607
0.129189
0.117632
0.104639
0.105995
0.118255
0.125313
0.117197
0.100329
0.092473
0.101725
0.111986
0.100337
0.074917
0.060626
0.064435
0.074576
0.066121
0.042731
0.029567
0.031413
0.036836
0.029142
0.016913
0.011439
0.009789
0.006551
-0.000446
-0.000509
-0.000475
-0.004373
-0.016723
-0.023071
-0.020708
-0.020660
-0.024475
-0.034893
-0.034589
-0.036965
-0.039888
-0.051436
-0.058441
-0.065318
-0.072071
-0.076923
-0.078991
-0.070992
-0.072399
-0.076630
-0.087084
-0.082411
-0.074363
-0.068533
