-0.052041
-0.052200
-0.051239
-0.060828
-0.051472
-0.055667
-0.055515
-0.058179
-0.059986
-0.058763
-0.061812
-0.064623
-0.066594
-0.069463
-0.068501
-0.074778
-0.069921
-0.046585
-0.029765
-0.031392
-0.035219
-0.037667
-0.015858
-0.039527
-0.057319
-0.034237
-0.016769
-0.048924
-0.143746
-0.023098
-0.108869
-0.237733
-0.167675
-0.119385
-0.210963
-0.325388
-0.146241
-0.055285
-0.126518
-0.376091
-0.265005
-0.017836
-0.253963
-0.388242
-0.192691
0.169752
0.147025
-0.075041
-0.043713
0.161766
0.158685
-0.102541
-0.157183
0.076543
0.269200
0.100424
-0.113774
0.012181
0.161136
0.082702
-0.011209
0.097016
0.405944
0.454150
0.298744
0.202112
0.309350
0.371083
0.291646
0.318745
0.447480
0.602673
0.525878
0.418908
0.402472
0.444670
0.409752
0.368310
0.415016
0.420080
0.420380
0.339345
0.323392
0.351594
0.344422
0.324299
0.347517
0.392830
0.382041
0.320948
0.278601
0.298066
0.319835
0.282933
0.204817
0.197306
0.222159
0.237519
0.151043
0.084213
0.067602
0.071199
0.053868
-0.017190
-0.078946
-0.104946
-0.081500
-0.092240
-0.123455
-0.178268
-0.213645
-0.200653
-0.198186
-0.255430
-0.333107
-0.355769
-0.338507
-0.329718
-0.363623
-0.383472
-0.364832
-0.368681
-0.378019
-0.373414
-0.383906
-0.455164
-0.484731
-0.434996
-0.386013
-0.414286
-0.488869
-0.505963
-0.467820
-0.431943
-0.460682
-0.505926
-0.501560
-0.450719
-0.431397
-0.455255
-0.481541
-0.475891
-0.428143
-0.371720
-0.348863
-0.360962
-0.348306
-0.294536
-0.255447
-0.261532
-0.273300
-0.259174
-0.217720
-0.174268
-0.166975
-0.199660
-0.214277
-0.175909
-0.129581
-0.127501
-0.150780
-0.150552
-0.116638
-0.074467
-0.058842
-0.069685
-0.073074
-0.045151
-0.003877
0.018011
0.015389
0.012684
0.033596
0.064989
0.075078
0.059756
0.051423
0.068201
0.089722
0.092188
0.077048
0.068354
0.079187
0.093355
0.090666
0.077754
0.075100
0.082642
0.091562
0.094397
0.084529
0.069979
0.071400
0.092393
0.107231
0.101942
0.089457
0.090017
