0.038882
0.034794
0.026883
0.025354
0.028582
0.034379
0.025034
0.018413
0.006426
-0.002749
0.001324
0.000139
0.005390
0.000621
-0.002627
-0.000134
0.006773
0.008828
0.005471
0.007327
0.000965
-0.000695
-0.011037
-0.004264
-0.008314
-0.026298
-0.015413
-0.011633
-0.002508
-0.011102
-0.025572
-0.020173
-0.028659
-0.015801
-0.014634
-0.018733
-0.013983
-0.032719
-0.025517
-0.029041
-0.030592
-0.022190
-0.032425
-0.025892
-0.030705
-0.022206
-0.020050
-0.029355
-0.069904
-0.095434
-0.091689
-0.136264
-0.173734
-0.230007
-0.165367
-0.167918
-0.223855
-0.191494
-0.083456
0.029275
-0.073198
-0.136862
-0.082105
-0.087859
-0.194279
-0.274126
-0.131777
0.103259
0.144077
0.010511
-0.120120
-0.096855
-0.073469
-0.197213
-0.305599
-0.233119
-0.046953
-0.043730
-0.281710
-0.366213
-0.197594
0.051771
0.055629
-0.061968
0.027885
0.244422
0.267081
-0.096051
-0.271253
0.082962
0.554796
0.531925
0.178536
0.124298
0.334569
0.352715
0.100435
0.001148
0.278772
0.531310
0.397543
0.129913
0.151861
0.376885
0.455924
0.357816
0.261023
0.347508
0.548688
0.629602
0.521972
0.359618
0.297842
0.321001
0.398689
0.455041
0.409292
0.308856
0.272181
0.338366
0.420936
0.381545
0.249368
0.166824
0.203069
0.271390
0.279135
0.275158
0.266397
0.266596
0.284975
0.296038
0.246783
0.150006
0.101084
0.115147
0.104790
0.033461
-0.052525
-0.054384
0.006358
0.017759
-0.063235
-0.157516
-0.149817
-0.078807
-0.069691
-0.178165
-0.297696
-0.292862
-0.189783
-0.123123
-0.165225
-0.252428
-0.274582
-0.227412
-0.187607
-0.233210
-0.343248
-0.418853
-0.391923
-0.296027
-0.258040
-0.324757
-0.416327
-0.423465
-0.350096
-0.303039
-0.348697
-0.429788
-0.444776
-0.375300
-0.291013
-0.265630
-0.306842
-0.357882
-0.346560
-0.279844
-0.234856
-0.256922
-0.296059
-0.293529
-0.255745
-0.221231
-0.210993
-0.219617
-0.236960
-0.236953
-0.200681
-0.154030
-0.152582
-0.188666
-0.199500
-0.165354
-0.118871
-0.097561
-0.095976
-0.099620
-0.098080
-0.087773
-0.068283
-0.045166
-0.049836
-0.070639
-0.069972
-0.025136
0.038540
0.060314
0.031335
-0.001560
0.012136
0.067076
0.090585
0.057456
0.015068
0.025072
0.090147
0.130257
0.111084
0.061513
0.041468
0.069142
0.110474
0.116605
0.083046
0.069346
0.082199
0.106612
0.119855
0.109095
0.089108
0.081347
0.096366
0.123667
0.134546
0.119897
0.098945
0.086432
0.101893
0.109583
0.087345
0.060027
0.055709
0.068013
0.073456
0.063030
0.038321
0.028717
0.029348
0.032751
0.025201
0.009970
-0.003735
-0.012586
-0.010656
-0.003728
0.009201
-0.000448
-0.022292
-0.030152
-0.025482
-0.025684
-0.027970
-0.041996
-0.056445
-0.049450
-0.036843
-0.024774
-0.043953
-0.069717
-0.082012
-0.075016
-0.061504
-0.071441
-0.084043
-0.095543
-0.098694
-0.085204
-0.074665
-0.083994
-0.104589
