0.023911
0.027216
0.021158
0.022533
0.025914
0.012278
0.011346
0.013366
0.020705
0.032915
0.023357
0.008053
0.002222
-0.002813
0.013668
0.011504
-0.000554
0.003904
-0.001678
0.005388
-0.000532
-0.009860
-0.015267
-0.012299
-0.002011
0.015650
0.007568
-0.005932
-0.010663
-0.019207
-0.033090
-0.043390
-0.059282
-0.090367
-0.127932
-0.164520
-0.116827
-0.208940
-0.253430
-0.178420
-0.077437
-0.055047
-0.161519
-0.150127
-0.146074
-0.195348
-0.261294
-0.216210
-0.035221
0.095899
0.012391
-0.099929
-0.101716
-0.068936
-0.103845
-0.225493
-0.227312
-0.138947
-0.152575
-0.297987
-0.444912
-0.407451
-0.246737
-0.167929
-0.077671
0.033468
0.118484
0.156998
0.171965
0.115720
-0.026543
0.080190
0.384252
0.521670
0.405365
0.279735
0.358097
0.486743
0.368431
0.185928
0.257820
0.447990
0.442845
0.186832
0.080951
0.265678
0.396273
0.295095
0.138248
0.176452
0.372963
0.479982
0.393782
0.235015
0.225843
0.322250
0.369005
0.411899
0.420194
0.342433
0.269910
0.294343
0.417779
0.463679
0.308853
0.138159
0.151002
0.273447
0.299842
0.202529
0.123774
0.154688
0.220502
0.214766
0.158740
0.092179
0.027917
0.002039
0.006517
-0.015296
-0.077228
-0.123945
-0.098842
-0.033248
-0.017883
-0.076742
-0.124475
-0.110204
-0.081543
-0.093450
-0.163237
-0.218926
-0.209588
-0.191763
-0.201618
-0.239605
-0.283272
-0.300913
-0.300484
-0.301386
-0.317680
-0.344714
-0.353527
-0.332226
-0.312608
-0.326214
-0.351354
-0.344136
-0.302561
-0.279997
-0.308072
-0.342587
-0.324081
-0.262292
-0.230208
-0.261689
-0.305806
-0.296616
-0.242456
-0.216251
-0.250414
-0.292874
-0.285612
-0.244302
-0.222329
-0.239323
-0.264664
-0.263783
-0.237648
-0.207141
-0.193843
-0.198220
-0.197299
-0.172805
-0.138533
-0.123085
-0.132343
-0.143640
-0.133694
-0.108301
-0.091803
-0.097307
-0.110107
-0.103707
-0.076495
-0.055632
-0.056283
-0.062661
-0.048597
-0.018685
0.001501
0.003029
0.002408
0.015301
0.032603
0.039847
0.035966
0.036177
0.046366
0.055422
0.053161
0.045462
0.045826
0.056106
0.065751
0.066003
0.059121
0.062129
0.076419
0.083210
0.069025
0.049729
0.047282
0.060108
0.071917
0.064601
0.051369
0.047717
