0.011709
0.102209
0.117394
0.041413
0.001096
0.027772
0.076296
0.083831
0.020026
-0.028254
-0.026151
0.013995
0.060965
0.081447
0.053225
0.013960
0.001275
0.008877
0.020064
-0.007082
-0.045062
-0.068362
-0.077967
-0.046967
0.000478
0.017816
-0.009915
-0.054680
-0.086370
-0.129338
-0.181689
-0.191127
-0.151631
-0.114464
-0.109462
-0.108427
-0.112082
-0.159749
-0.233728
-0.252897
-0.197365
-0.144010
-0.152687
-0.205044
-0.235627
-0.205168
-0.132953
-0.092517
-0.125155
-0.185795
-0.199180
-0.170737
-0.161063
-0.179275
-0.190710
-0.190722
-0.197527
-0.189614
-0.152770
-0.130625
-0.154427
-0.180479
-0.177532
-0.167858
-0.161695
-0.132592
-0.093015
-0.099207
-0.142606
-0.152457
-0.099488
-0.031735
-0.011423
-0.058364
-0.126171
-0.138448
-0.079492
-0.025432
-0.046452
-0.107676
-0.117864
-0.054274
0.002368
-0.015527
-0.069494
-0.071645
-0.013220
0.030083
0.013930
-0.025899
-0.035836
-0.011210
0.019360
0.023939
-0.001417
-0.019782
0.004360
0.054842
0.077391
0.055056
0.030205
0.045992
0.094974
0.125539
0.109348
0.071148
0.057719
0.086642
0.133935
0.163294
0.145694
0.097225
0.074206
0.098044
0.123512
0.102231
0.064044
0.077141
0.129871
0.164576
0.137018
0.086462
0.073743
0.106877
0.156112
0.166840
0.145061
0.114640
0.109843
0.129026
0.144738
0.127966
0.081821
0.045016
0.044581
0.079032
0.086759
0.051522
-0.014452
-0.047823
-0.028326
-0.002438
-0.007838
-0.067290
-0.125804
-0.140480
-0.109164
-0.075910
-0.087318
-0.130046
-0.161102
-0.160199
-0.128650
-0.106397
-0.113756
-0.147655
-0.176286
-0.162436
-0.129996
-0.115244
-0.146985
-0.188658
-0.202747
-0.175151
-0.149357
-0.148219
-0.165923
-0.168587
-0.139621
-0.121779
-0.121356
-0.148602
-0.155029
-0.139644
-0.112280
-0.092712
-0.107932
-0.130024
-0.140754
-0.130142
-0.114397
-0.112899
-0.125050
-0.129303
-0.112438
-0.077926
-0.063308
-0.060909
-0.056155
-0.038913
-0.012733
0.010655
0.023814
0.023298
0.028721
0.039640
0.054019
0.054688
0.054813
0.046271
0.046199
0.051757
0.051839
0.046110
0.040151
0.052719
0.063361
0.081114
0.090983
0.089514
0.079623
0.083009
0.096735
0.106208
0.105554
0.096741
0.098937
0.117396
0.144357
0.149229
0.147138
0.149206
0.162520
0.171788
0.177795
0.177299
0.164811
0.152333
0.145137
0.141137
0.127168
0.114055
0.087947
0.073518
0.068500
0.059926
0.039424
0.018822
0.011597
0.010686
0.017056
0.026312
0.034505
0.031119
0.043642
0.061657
0.074392
0.080244
0.081247
0.082704
0.086114
0.083764
0.081109
0.077939
0.074393
0.076342
0.070497
0.063207
0.058009
0.051802
0.057419
0.069816
0.073362
0.080494
0.083912
0.086587
0.095677
