-0.085809
-0.086969
-0.086194
-0.091148
-0.091243
-0.093444
-0.089586
-0.082438
-0.079411
-0.075996
-0.074507
-0.072507
-0.068073
-0.059105
-0.048957
-0.038441
-0.031788
-0.021797
-0.010631
-0.003418
0.005235
0.003238
0.006036
0.017408
0.022197
0.026157
0.031101
0.035909
0.036770
0.037837
0.038655
0.038651
0.044830
0.047107
0.048703
0.054573
0.060885
0.069817
0.074248
0.079495
0.083963
0.081882
0.081911
0.085472
0.096648
0.100681
0.097686
0.104169
0.106797
0.114444
0.111657
0.108682
0.109862
0.114532
0.118681
0.120716
0.126641
0.126885
0.136682
0.135551
0.134427
0.133607
0.132448
0.132697
0.132042
0.130191
0.126542
0.131167
0.131839
0.130951
0.127600
0.123496
0.124893
0.116286
0.107748
0.093456
0.076184
0.070851
0.065499
0.065023
0.060681
0.058781
0.054702
0.048754
0.046764
0.041013
0.036994
0.037138
0.041666
0.046837
0.049593
0.040041
0.035977
0.034744
0.030162
0.031993
0.031571
0.029756
0.024844
0.020392
0.021987
0.026360
0.018580
0.010879
0.006775
0.004440
0.006060
-0.000366
-0.005979
-0.012483
-0.011641
-0.012328
-0.019464
-0.019825
-0.026992
-0.027442
-0.030363
-0.034468
-0.034678
-0.034892
-0.027648
-0.027854
-0.026271
