-0.027717
-0.070930
-0.054438
-0.021665
-0.017754
-0.025493
-0.021811
-0.028091
-0.025949
-0.060102
-0.065194
-0.037203
-0.028030
-0.044133
-0.045278
-0.015864
-0.022620
-0.058446
-0.086320
-0.085536
-0.086359
-0.107435
-0.092893
-0.039763
-0.088352
-0.029378
0.178719
0.107577
-0.030595
0.014943
-0.071422
-0.343144
-0.505085
-0.215418
0.350079
0.408837
0.054327
0.018968
0.050767
-0.290308
-0.623149
-0.364703
0.360868
0.665323
0.150424
-0.467324
-0.457950
-0.039180
0.183370
0.134113
0.037249
-0.000317
0.005706
-0.138552
-0.320039
-0.196684
0.154274
0.330895
0.105223
-0.260253
-0.324608
-0.046038
0.230590
0.160836
-0.160616
-0.283963
-0.054891
0.251665
0.265990
-0.076602
-0.342205
-0.210309
0.076901
0.218955
0.090500
-0.185364
-0.235074
-0.057774
0.113927
0.149494
-0.046944
-0.200348
-0.169319
-0.109728
-0.027050
-0.060830
-0.161398
-0.177694
-0.189258
-0.098564
0.015645
0.008135
-0.047131
-0.107427
-0.070904
-0.043169
-0.112919
-0.151393
-0.174688
-0.157722
-0.141279
-0.043847
0.146883
0.104173
-0.028444
-0.106456
-0.223745
-0.178689
-0.064067
-0.026272
-0.083081
-0.228110
-0.152284
0.011992
-0.033025
-0.082081
-0.060602
0.010516
0.155659
0.304573
0.328387
0.064047
-0.306751
-0.362022
-0.002404
0.426567
0.551015
0.416287
0.284898
0.307396
0.340065
0.184284
0.015678
0.068744
0.289527
0.459506
0.425543
0.301905
0.263196
0.314362
0.350488
0.348806
0.368137
0.365084
0.325554
0.313934
0.365442
0.407810
0.298237
0.152240
0.171095
0.296864
0.408866
0.407121
0.296186
0.190817
0.148570
0.161202
0.161803
0.121612
0.108314
0.144378
0.191236
0.177982
0.110024
0.042512
0.018786
0.037824
0.059393
0.040171
-0.036096
-0.104347
-0.105093
-0.040334
-0.002079
-0.051337
-0.136864
-0.183508
-0.156363
-0.109722
-0.119795
-0.212150
-0.317717
-0.329300
-0.235748
-0.138474
-0.164816
-0.285261
-0.362185
-0.325602
-0.238826
-0.219891
-0.301175
-0.390271
-0.384185
-0.290024
-0.195246
-0.199714
-0.285367
-0.348768
-0.314935
-0.226162
-0.188846
-0.240332
-0.331831
-0.332627
-0.242973
-0.154315
-0.145069
-0.222068
-0.275876
-0.263191
-0.198500
-0.167905
-0.200414
-0.251329
-0.247303
-0.137142
-0.034778
-0.032730
-0.133792
-0.223804
-0.194491
-0.092054
-0.030579
-0.057045
-0.105852
-0.111410
-0.056564
-0.001280
-0.000551
-0.046836
-0.080224
-0.060819
0.000898
0.046759
0.023683
-0.006870
-0.009386
0.032447
0.073808
0.072072
0.054016
0.034376
0.041309
0.049903
0.065442
0.065282
0.051638
0.058322
0.083124
0.120278
0.123381
0.088333
0.056826
0.060002
0.085832
0.104110
