-0.015809
-0.022368
-0.022631
-0.019938
-0.016091
-0.014982
-0.017936
-0.017170
-0.012810
-0.017723
-0.017981
-0.022019
-0.026065
-0.018546
-0.009203
-0.007982
-0.011131
-0.007467
-0.007760
-0.007779
-0.009570
-0.009751
-0.010743
-0.015737
-0.013223
-0.004123
-0.010174
-0.008298
-0.010917
-0.001312
-0.006747
-0.020128
-0.012053
-0.037688
-0.043317
-0.028161
-0.057428
-0.041747
-0.034599
-0.047787
-0.043401
-0.141362
-0.156303
-0.120457
-0.126627
-0.052595
0.042744
0.097637
0.093321
-0.093933
-0.253018
-0.254271
-0.218331
-0.124789
0.017792
0.160009
0.177533
0.056602
-0.107876
-0.103761
-0.012658
0.002484
-0.020185
0.005190
0.039945
0.072192
0.066873
0.021504
0.054252
0.084728
0.102201
0.096630
0.094918
0.103737
0.113339
0.098224
0.046105
0.011965
0.058885
0.142691
0.192326
0.158110
0.060016
0.070530
0.169585
0.227514
0.203705
0.084187
0.013351
0.105628
0.208914
0.189458
0.077595
0.048284
0.156418
0.278513
0.243847
0.123872
0.049831
0.054201
0.125703
0.162731
0.145978
0.085524
0.050966
0.086917
0.128513
0.100358
0.037296
-0.017938
0.007391
0.055885
0.058542
0.020044
-0.031512
-0.032216
-0.018784
-0.019838
-0.079587
-0.122518
-0.082749
-0.011432
-0.023912
-0.106075
-0.146786
-0.103760
-0.076720
-0.128284
-0.150987
-0.107370
-0.091263
-0.141722
-0.132291
-0.083001
-0.105675
-0.222162
-0.267148
-0.126165
0.020234
-0.048002
-0.234104
-0.280540
-0.153026
-0.027008
-0.067343
-0.204434
-0.216052
-0.119228
-0.044936
-0.072363
-0.170030
-0.180813
-0.108906
-0.062475
-0.083294
-0.107712
-0.109266
-0.065184
-0.054144
-0.084683
-0.106173
-0.091052
-0.040679
-0.024731
-0.041949
-0.074080
-0.052599
-0.006808
0.003851
-0.023272
-0.051684
-0.038187
0.012823
0.027604
-0.003962
-0.030495
-0.020412
0.024539
0.038338
