-0.027722
-0.040620
-0.031453
0.004462
0.033067
0.002016
-0.018000
-0.015763
-0.000574
0.020344
-0.003231
-0.002359
0.028557
0.055305
0.005297
-0.062654
-0.061478
-0.047365
-0.017740
-0.011827
0.021985
0.082687
0.126217
0.136477
0.113981
0.099295
0.073450
0.012434
-0.049033
-0.010951
0.123404
0.207366
0.178126
0.123058
0.125728
0.182598
0.171685
0.105927
0.083560
0.114111
0.150353
0.135705
0.120473
0.127133
0.145022
0.154402
0.148089
0.151461
0.172696
0.184777
0.168049
0.118527
0.084793
0.083442
0.097787
0.132409
0.138222
0.128084
0.118797
0.116326
0.131677
0.134394
0.092817
0.041663
0.027452
0.046220
0.074967
0.075273
0.051329
0.030094
0.026334
0.040052
0.037383
0.008926
-0.020476
-0.034195
-0.028930
-0.020467
-0.020538
-0.025390
-0.037064
-0.046639
-0.050978
-0.055982
-0.063171
-0.073694
-0.090976
-0.094644
-0.099892
-0.105673
-0.105089
-0.117668
-0.113169
-0.119266
-0.128836
-0.125692
-0.129373
-0.135070
-0.140881
-0.144870
-0.148510
-0.141582
-0.140678
-0.140406
-0.141745
-0.146391
-0.139759
-0.137084
-0.138777
-0.142843
-0.145674
-0.139909
-0.135711
-0.130906
-0.124328
-0.123872
-0.120346
-0.124934
-0.123448
-0.118098
-0.116454
-0.108834
-0.108395
-0.106671
-0.100506
-0.094697
-0.085075
-0.079655
-0.088173
-0.080072
-0.068986
-0.060107
-0.049290
-0.048632
-0.037893
-0.025826
-0.020151
-0.029455
-0.038867
-0.029184
-0.016853
-0.006517
0.001791
-0.000044
0.005725
0.001457
0.001815
0.011675
0.009261
0.016201
0.012299
0.016507
0.029415
0.036540
0.037728
0.029620
0.024650
0.031909
0.040980
0.042753
0.041951
0.039377
0.042976
0.045039
0.046517
0.046829
