0.015309
0.018298
0.018148
0.020541
0.015044
0.017063
0.025403
0.032553
0.011948
0.018120
0.015758
0.009661
0.014444
0.002531
0.007264
0.029878
0.020163
0.006022
0.018885
0.018993
0.014503
0.003842
0.028922
0.021495
0.038097
0.016284
0.043696
-0.013146
0.068585
0.004854
0.069143
0.068110
-0.058518
0.112898
-0.096022
-0.142894
-0.127450
-0.223430
-0.415048
-0.386253
-0.246240
-0.212908
-0.100679
0.084956
0.216537
0.221212
0.094910
0.027207
-0.186682
-0.408780
-0.596928
-0.674672
-0.656766
-0.762389
-0.486437
-0.405077
-0.300950
-0.344276
-0.278930
-0.195644
-0.195969
-0.106040
-0.132083
-0.112832
-0.201740
-0.238459
-0.423869
-0.550515
-0.704758
-0.764604
-0.712277
-0.627508
-0.418483
-0.082307
0.191046
0.186485
0.144552
0.002719
-0.088077
-0.083640
-0.180105
-0.254672
-0.190918
-0.112842
-0.025153
0.120342
0.286203
0.351196
0.343771
0.331454
0.408491
0.506016
0.492926
0.391436
0.325943
0.430726
0.554446
0.626099
0.629648
0.583830
0.627658
0.734150
0.846792
0.949290
0.973759
0.938867
0.881363
0.889519
0.914548
0.911029
0.830431
0.761853
0.772391
0.827295
0.940069
1.000000
0.965968
0.895826
0.875285
0.904693
0.925582
0.896905
0.788665
0.683886
0.658378
0.659553
0.672314
0.661802
0.629269
0.555442
0.475226
0.437477
0.447635
0.443683
0.373601
0.291329
0.232921
0.234381
0.254942
0.236081
0.179668
0.104878
0.030811
-0.025283
-0.066620
-0.107668
-0.163292
-0.213690
-0.237770
-0.220996
-0.172565
-0.144163
-0.173507
-0.245139
-0.310745
-0.347221
-0.378836
-0.431606
-0.496288
-0.535893
-0.538172
-0.527324
-0.522531
-0.532789
-0.551471
-0.558256
-0.551296
-0.542841
-0.552431
-0.582555
-0.604303
-0.607208
-0.602739
-0.612309
-0.640190
-0.663594
-0.661410
-0.630401
-0.598797
-0.586324
-0.589273
-0.590386
-0.584670
-0.576208
-0.563028
-0.567772
-0.582512
-0.588087
-0.566922
-0.526502
-0.504022
-0.507854
-0.501410
-0.483143
-0.462380
-0.448997
-0.449232
-0.451880
-0.451865
-0.437974
-0.417512
-0.391312
-0.391958
-0.391073
-0.379077
-0.352602
-0.325561
-0.329499
-0.331187
-0.324041
-0.296609
-0.269042
-0.250724
-0.251011
-0.247715
-0.230625
-0.221392
-0.208262
-0.195405
-0.188656
-0.176804
-0.156542
-0.135248
-0.117696
-0.126676
-0.129200
-0.106406
-0.076125
-0.063710
-0.050874
-0.026910
-0.017806
-0.008492
0.004861
0.013427
0.003982
-0.000979
0.005544
0.025708
0.042002
0.052998
0.063885
0.076760
0.089014
0.092168
0.104790
0.100758
0.101771
0.097784
0.091569
0.084538
0.084905
0.085832
0.084289
0.104490
0.125734
0.133803
0.125641
0.124496
0.126008
0.136871
0.131949
0.122267
0.110984
0.104768
0.111170
0.116610
0.118334
0.102624
0.088676
0.091098
0.101758
0.110325
0.111410
0.097885
0.091220
0.102214
0.109354
0.092480
0.070166
0.063219
0.069449
0.081607
0.084841
0.085017
0.075050
0.070370
0.079141
0.084412
0.076503
0.062935
0.058194
0.061984
0.071215
0.073065
0.078037
0.066910
0.062310
0.075199
0.080319
0.087522
0.081942
0.083426
0.084681
0.089923
0.093204
0.085072
0.081473
0.073400
0.075092
0.083540
0.088688
0.088983
0.080526
0.084457
0.097886
0.094754
0.094083
0.089419
0.094230
0.106050
0.109813
0.116158
0.111126
0.102694
0.094611
0.092035
0.094116
0.094146
0.096817
0.093401
0.097364
0.103595
0.100461
0.101216
0.107849
0.102792
0.094095
0.087463
0.085353
0.077182
0.076760
0.079703
0.079342
0.081728
0.070493
0.065996
0.055366
0.046239
0.039496
0.041828
0.030323
0.029659
0.034390
0.023288
0.020909
0.013233
0.014005
0.008771
0.009801
0.009655
0.009495
0.010950
0.006852
0.001104
-0.004969
-0.017980
-0.030291
-0.040406
-0.043254
-0.040654
-0.040076
-0.030267
-0.035435
-0.031114
-0.031724
-0.034875
-0.035224
-0.035556
-0.030998
-0.035784
-0.041607
-0.046726
-0.052542
-0.061911
-0.065875
