0.010696
0.003754
0.004360
0.001300
0.005868
0.005270
-0.000046
0.005148
-0.002814
-0.017914
-0.003214
0.005741
-0.011850
0.021936
-0.007551
-0.046910
-0.049548
-0.084787
-0.098262
-0.109873
-0.147557
-0.105324
-0.067684
-0.167161
-0.071330
0.005797
0.003428
0.005623
-0.066176
-0.009450
-0.109631
-0.195203
-0.255692
-0.110523
-0.061499
-0.059909
0.112307
-0.034542
-0.105426
-0.084157
-0.086474
-0.111726
-0.132194
-0.147379
-0.071300
-0.219591
-0.351987
-0.099659
0.136982
0.252610
0.246335
0.101199
0.003577
-0.095133
-0.299484
-0.267843
0.047929
0.339756
0.413627
0.339636
0.211110
0.190273
0.189084
0.119274
0.132781
0.251698
0.340938
0.293116
0.175165
0.177507
0.295075
0.328704
0.297400
0.273315
0.333537
0.442196
0.458109
0.369691
0.254045
0.195076
0.212541
0.302742
0.384202
0.391307
0.344449
0.325788
0.347175
0.371334
0.337117
0.215349
0.104677
0.108660
0.189103
0.249816
0.239149
0.180561
0.158758
0.188007
0.211476
0.177163
0.100476
0.028162
0.003128
0.004311
0.021204
0.011909
-0.035359
-0.044102
-0.009107
-0.024545
-0.077066
-0.101479
-0.156212
-0.211352
-0.192099
-0.174916
-0.212889
-0.280799
-0.313449
-0.248768
-0.211632
-0.265370
-0.250751
-0.200443
-0.263651
-0.361002
-0.425480
-0.437348
-0.333037
-0.225240
-0.224033
-0.252395
-0.302586
-0.371847
-0.379091
-0.350692
-0.326264
-0.298720
-0.309071
-0.333115
-0.319338
-0.298723
-0.280833
-0.266937
-0.282597
-0.303297
-0.282868
-0.232935
-0.203146
-0.230265
-0.266564
-0.247765
-0.186198
-0.124863
-0.123483
-0.185956
-0.216883
-0.173422
-0.110471
-0.081490
-0.103622
-0.127671
-0.102887
-0.061674
-0.038372
-0.038533
-0.070341
-0.079670
-0.035863
0.000012
0.001777
-0.005567
-0.006378
0.012134
0.044288
0.050962
0.027718
0.009030
0.028057
0.074027
0.098102
0.079266
0.039606
0.030268
0.074727
0.127548
0.123613
0.071218
0.042821
0.063352
0.093729
0.097568
0.075637
0.056675
0.076116
0.123825
0.145579
0.110141
0.046352
