-0.030729
0.016912
0.007873
-0.015009
-0.027332
-0.083038
-0.126308
-0.139048
-0.106819
-0.009752
0.085988
0.113309
0.030886
-0.065775
-0.063802
-0.033165
-0.065600
-0.053569
-0.012529
0.049760
0.007571
-0.071453
-0.098326
-0.058579
-0.001133
-0.035323
-0.056089
-0.007600
0.045484
0.006986
-0.040178
-0.055567
0.024609
0.085579
0.113532
0.109294
0.050179
-0.037071
-0.087559
-0.021881
0.157938
0.323539
0.273506
0.095207
0.010191
0.090107
0.131194
0.065188
0.041569
0.141852
0.262662
0.266908
0.196110
0.143822
0.104550
0.077817
0.098323
0.152200
0.230018
0.243914
0.192207
0.145601
0.132967
0.143481
0.140009
0.151838
0.171615
0.172491
0.125260
0.089498
0.103575
0.164446
0.181771
0.098779
0.013916
0.032258
0.121374
0.150396
0.088854
0.014717
0.028624
0.101211
0.154024
0.109003
0.011966
-0.040347
-0.005016
0.053845
0.037539
-0.025147
-0.077276
-0.066993
-0.013120
0.020281
-0.011970
-0.075249
-0.109556
-0.100773
-0.091322
-0.114701
-0.154978
-0.162392
-0.128831
-0.095085
-0.102799
-0.146425
-0.160481
-0.148428
-0.116100
-0.122631
-0.154554
-0.173725
-0.158967
-0.125277
-0.112404
-0.119010
-0.157673
-0.160921
-0.150181
-0.138353
-0.148272
-0.168189
-0.178916
-0.165036
-0.126899
-0.118803
-0.130394
-0.157454
-0.161236
-0.139457
-0.120080
-0.113930
-0.121736
-0.134093
-0.109031
-0.080987
-0.074100
-0.097921
-0.124204
-0.117457
-0.092578
-0.061801
-0.058215
-0.071972
-0.077150
-0.055749
-0.044885
-0.048845
-0.063830
-0.075732
-0.070780
-0.042649
-0.016547
-0.014204
-0.031252
-0.051059
-0.059595
-0.026771
0.010368
0.011293
-0.002879
-0.015834
0.013980
0.018058
-0.011494
-0.038606
-0.018844
0.032604
0.053366
0.023151
-0.008000
-0.009623
0.015442
0.027949
0.023866
0.026348
0.013004
0.016389
0.007189
0.024961
0.037713
0.047789
0.030155
0.002498
0.012469
0.045540
0.066211
0.036470
0.011377
-0.003843
