0.038434
0.051829
0.032148
0.057457
0.111028
0.109063
0.057948
0.030666
0.028647
0.022646
0.036392
0.059347
0.100105
0.121556
0.094756
0.068945
0.073534
0.046992
-0.022746
-0.046108
-0.030992
0.015300
0.060296
0.119320
0.182051
0.164296
0.077052
-0.015988
-0.030151
0.005364
0.076897
0.122236
0.140427
0.128565
0.101437
0.076537
0.069462
0.074079
0.078280
0.104325
0.095958
0.072635
0.051351
0.074494
0.070301
0.038038
0.013288
0.033963
0.072238
0.062062
0.018453
-0.018999
-0.026378
0.003406
0.035659
0.017095
0.005116
0.005504
0.032217
0.045032
0.013609
-0.037272
-0.059004
-0.049952
-0.029150
-0.026144
-0.022135
-0.022003
-0.065867
-0.087912
-0.077386
-0.047646
-0.052592
-0.078484
-0.062944
-0.030013
-0.054468
-0.151833
-0.192312
-0.135023
-0.054697
-0.039243
-0.086614
-0.114507
-0.110588
-0.108385
-0.120103
-0.125267
-0.121923
-0.102200
-0.108856
-0.121269
-0.117485
-0.100101
-0.090176
-0.104019
-0.122429
-0.137231
-0.109153
-0.103682
-0.110035
-0.110440
-0.102710
-0.074950
-0.061736
-0.069021
-0.094979
-0.098727
-0.084159
-0.069713
-0.065198
-0.065216
-0.063894
-0.053069
-0.037293
-0.044675
-0.056650
-0.069108
-0.056075
-0.025367
-0.015822
-0.017117
-0.023534
-0.020025
0.001560
0.017908
0.015246
-0.002604
-0.023587
-0.017914
0.018462
0.047544
0.034026
0.024564
0.040197
0.068311
0.064539
0.014067
-0.009691
0.014845
0.070568
0.090038
0.056166
0.013750
0.009149
0.037442
0.057097
0.059102
0.050512
0.041028
