-0.021459
-0.021518
-0.001474
0.004986
-0.010918
-0.065023
-0.075759
-0.017478
0.041033
0.067845
0.064453
0.075793
0.091186
0.059916
-0.029218
-0.071819
-0.000457
0.121880
0.198488
0.173704
0.108450
0.066502
0.038553
0.023479
0.026052
0.083006
0.141594
0.123883
0.073776
0.045107
0.081279
0.114160
0.104210
0.082313
0.068076
0.101407
0.126657
0.120132
0.078879
0.039714
0.041420
0.067297
0.093230
0.094198
0.078902
0.073311
0.086673
0.110692
0.134198
0.118643
0.074777
0.046164
0.051258
0.079799
0.097084
0.082383
0.067132
0.076258
0.093207
0.104354
0.087063
0.051353
0.034081
0.017796
0.022313
0.031853
0.029950
0.026675
0.016554
0.016158
0.025919
0.033564
0.016468
-0.012844
-0.037716
-0.035171
-0.012541
0.007268
0.003379
-0.001635
-0.000839
-0.008906
