0.024112
0.024396
0.021867
0.016933
0.009145
-0.006103
0.007804
0.007215
-0.038018
-0.044926
-0.058572
-0.093594
-0.136381
-0.099635
-0.049358
-0.108377
-0.088519
-0.028005
0.012828
-0.025277
-0.068063
0.005953
0.026512
-0.054361
-0.144811
-0.148097
-0.099298
-0.067675
-0.024758
-0.011358
-0.045017
-0.058086
-0.103974
-0.155177
-0.151507
-0.104907
-0.105276
-0.138804
-0.167404
-0.180595
-0.170099
-0.126614
-0.027805
-0.033981
-0.111734
-0.146494
-0.100120
-0.072925
-0.056366
0.051515
0.152325
0.131008
-0.040274
-0.185370
-0.181517
-0.039224
0.101822
0.172647
0.175990
0.144083
0.071097
-0.037247
-0.066570
0.020427
0.144066
0.189315
0.125836
0.039568
0.040760
0.088433
0.125444
0.105578
0.101314
0.147730
0.193836
0.203880
0.163112
0.125991
0.098152
0.130213
0.171590
0.172170
0.148496
0.127456
0.134662
0.134089
0.137517
0.147895
0.136491
0.106019
0.093260
0.097896
0.124599
0.132890
0.131008
0.104625
0.092507
0.110241
0.103663
0.082938
0.049385
0.038798
0.038120
0.060396
0.065361
0.040231
0.016426
0.003927
0.002410
0.002687
0.001927
-0.018798
-0.049408
-0.077612
-0.078782
-0.069512
-0.073254
-0.072873
-0.076164
-0.095023
-0.102517
-0.090022
-0.092705
-0.111648
-0.127330
-0.125711
-0.119783
-0.120268
-0.123011
-0.136738
-0.145224
-0.141233
-0.129319
-0.138708
-0.147871
-0.151105
-0.148385
-0.142591
-0.150151
-0.157487
-0.159673
-0.151836
-0.148030
-0.147231
-0.164098
-0.170903
-0.167688
-0.159157
-0.152545
-0.144764
-0.141208
-0.149435
-0.148222
-0.145429
-0.142483
-0.149076
-0.141219
-0.128756
-0.119185
-0.109512
-0.104756
-0.103527
-0.107544
-0.103780
-0.098037
-0.094741
-0.088818
-0.086788
-0.087315
-0.078397
-0.068119
-0.066753
-0.067707
-0.061997
-0.060479
-0.060175
-0.051919
-0.042383
-0.032908
-0.036229
-0.037279
-0.027457
-0.018728
-0.019202
-0.009480
-0.003312
-0.004778
0.005045
0.002182
0.006234
0.015303
0.019683
0.021930
0.030208
0.048110
0.057907
0.053172
0.044316
0.040357
0.043824
0.047172
0.051044
0.054184
0.060069
0.068771
0.066860
0.068412
0.067361
