-0.065361
-0.031001
-0.033160
-0.083206
-0.078360
-0.026011
-0.034354
-0.092092
-0.094706
-0.031976
-0.007493
-0.054286
-0.090669
-0.061396
-0.031170
-0.089537
-0.137252
-0.145380
-0.162870
-0.171495
-0.167297
-0.138805
-0.131768
-0.076934
0.036101
0.071085
0.020720
-0.019970
0.014673
0.004732
-0.103336
-0.172280
-0.136295
-0.086620
-0.072825
-0.058791
-0.030652
-0.046444
-0.083467
-0.062741
-0.046600
-0.064565
-0.063616
-0.003005
0.060199
0.050833
-0.002008
-0.033028
-0.020554
-0.003921
-0.007407
-0.008828
-0.005154
0.010485
0.030090
0.025759
0.021841
-0.003220
-0.026438
-0.012004
-0.021377
-0.020174
0.022645
0.032258
-0.004150
-0.016475
0.031562
0.085266
0.074160
0.064645
0.102513
0.143761
0.156657
0.144186
0.109030
0.048679
0.012147
-0.003149
-0.009843
0.028816
0.088000
0.136485
0.143772
0.105561
0.078363
0.070161
0.083415
0.110296
0.144218
0.170095
0.139228
0.099049
0.075686
0.077878
0.083668
0.066793
0.060152
0.067557
0.079788
0.089444
0.092611
0.068049
0.041346
0.014535
0.016767
0.057679
0.088889
0.085247
0.044014
0.012571
0.024242
0.066967
0.070432
0.031479
-0.013718
-0.019525
0.027885
0.057952
0.052502
0.009159
-0.023661
-0.017235
