0.084778
0.088724
0.091858
0.082019
0.076901
0.078022
0.077559
0.089771
0.072646
0.057149
0.061623
0.060583
0.051635
0.050251
0.050751
0.038603
0.034296
0.020622
0.010318
-0.004590
-0.021541
-0.022312
-0.012906
-0.018237
-0.028650
0.031119
0.091674
0.013162
-0.043491
-0.009636
-0.055826
-0.192194
-0.234253
-0.064970
0.078650
0.013282
-0.050040
0.036945
0.024611
-0.165386
-0.248509
-0.084289
0.134009
0.094163
-0.122649
-0.211078
-0.111368
0.027971
0.015805
-0.057375
-0.074776
-0.070696
-0.083950
-0.152374
-0.132832
-0.019620
0.011880
-0.063259
-0.112467
-0.153441
-0.153973
-0.038849
0.007566
-0.062641
-0.190489
-0.157947
0.025318
0.065295
0.010910
-0.011761
-0.013688
0.031451
0.019101
0.019100
-0.081505
-0.140319
-0.133245
0.001665
0.085789
0.020773
-0.030576
-0.192650
-0.257867
-0.275638
-0.114095
-0.229259
-0.281517
-0.058508
0.168711
0.052844
-0.282666
-0.167449
0.102553
0.089743
-0.075379
0.128698
0.278257
0.028778
-0.342582
-0.299236
0.161940
0.349148
0.268111
0.287898
0.397159
0.305691
-0.041821
-0.226087
0.114744
0.580515
0.684610
0.431319
0.151411
0.120714
0.217887
0.288665
0.331840
0.459618
0.603618
0.617396
0.456776
0.231374
0.135878
0.253394
0.458400
0.609502
0.562381
0.434265
0.384595
0.420751
0.459146
0.412314
0.317798
0.287454
0.376927
0.450712
0.419558
0.276461
0.179904
0.210282
0.320827
0.333685
0.211761
0.086165
0.043674
0.107030
0.170886
0.183387
0.103559
0.034772
0.042876
0.079307
0.085481
-0.002694
-0.085856
-0.125073
-0.109209
-0.063254
-0.067392
-0.122644
-0.185556
-0.197929
-0.206655
-0.222609
-0.259180
-0.305946
-0.332216
-0.368217
-0.368687
-0.335632
-0.302835
-0.321567
-0.367963
-0.415384
-0.429385
-0.415847
-0.419156
-0.425826
-0.433225
-0.418656
-0.401288
-0.390471
-0.396079
-0.384578
-0.375665
-0.380411
-0.386150
-0.404426
-0.417243
-0.420236
-0.395832
-0.358193
-0.330938
-0.328623
-0.326220
-0.304619
-0.294558
-0.299938
-0.305317
-0.289545
-0.259782
-0.239541
-0.230767
-0.226424
-0.217869
-0.201461
-0.181376
-0.170688
-0.162600
-0.145542
-0.115298
-0.086516
-0.072857
-0.066500
-0.050229
-0.022474
-0.000671
0.003130
-0.001212
0.009814
0.035768
0.054357
0.056823
0.065730
0.089803
0.107120
0.104227
0.097458
0.101626
0.107051
0.105363
0.103685
0.105158
0.104300
0.105729
0.113327
0.118777
0.117750
0.116795
0.118184
0.117566
0.115510
0.115723
0.112451
0.094015
0.068723
0.054287
0.052197
0.054615
0.053164
0.046040
0.035168
0.027180
0.019344
-0.001042
-0.033994
-0.056310
-0.048946
-0.029906
-0.019604
-0.018917
-0.015365
-0.024506
-0.062497
-0.104099
-0.114435
-0.088961
-0.061882
-0.056949
-0.065148
-0.073859
-0.086300
-0.096897
-0.099630
-0.085558
-0.072455
-0.075990
-0.094133
-0.112584
-0.109987
-0.096942
-0.080424
-0.079814
