-0.065751
-0.063133
-0.044981
-0.049042
-0.056836
-0.061220
-0.060795
-0.057343
-0.060828
-0.063358
-0.055497
-0.050209
-0.053009
-0.058503
-0.058303
-0.058257
-0.056048
-0.055748
-0.054395
-0.050248
-0.058625
-0.062277
-0.070310
-0.069536
-0.066397
-0.076849
-0.080434
-0.071557
-0.072940
-0.067150
-0.062861
-0.075348
-0.080023
-0.081761
-0.084731
-0.084737
-0.080262
-0.082052
-0.084069
-0.087231
-0.086430
-0.082947
-0.076586
-0.072579
-0.076882
-0.078285
-0.076558
-0.082074
-0.089248
-0.089861
-0.094435
-0.092415
-0.088075
-0.093818
-0.090433
-0.092971
-0.115612
-0.118876
-0.115739
-0.110204
-0.101830
-0.102743
-0.095956
-0.097680
-0.107488
-0.106792
-0.109737
-0.105804
-0.099974
-0.094725
-0.088557
-0.090955
-0.099536
-0.097516
-0.102715
-0.101740
-0.101885
-0.102679
-0.088863
-0.099698
-0.091287
-0.102125
-0.098311
-0.117445
-0.107177
-0.110876
-0.098638
-0.112986
-0.087119
-0.115021
-0.095812
-0.087274
-0.132648
-0.181825
-0.183197
-0.185155
-0.288517
-0.250146
-0.359624
-0.100358
-0.397666
-0.320807
-0.080310
-0.045115
-0.052044
-0.068516
0.184215
-0.100294
-0.377780
-0.631112
-0.360345
-0.362907
-0.263792
0.025902
0.183293
-0.060999
-0.429266
-0.523557
-0.518814
-0.381520
-0.130679
0.303654
0.424721
0.251894
0.064211
0.098905
0.121292
0.097439
0.014891
0.029686
0.240407
0.464618
0.513447
0.367011
0.257288
0.278136
0.374289
0.351686
0.372483
0.561062
0.702865
0.624824
0.394774
0.348208
0.488545
0.616690
0.611066
0.520901
0.502202
0.585239
0.751473
0.771027
0.584293
0.445966
0.412161
0.470075
0.513480
0.588943
0.545312
0.436337
0.400242
0.475838
0.588094
0.527875
0.367749
0.275392
0.328625
0.397614
0.435382
0.363021
0.281676
0.227496
0.226592
0.258202
0.232993
0.150063
0.072434
0.064120
0.087199
0.121029
0.103190
0.035114
-0.038436
-0.068423
-0.089359
-0.086433
-0.088121
-0.145127
-0.221762
-0.288111
-0.257383
-0.169287
-0.162268
-0.241278
-0.297647
-0.324649
-0.290775
-0.173443
-0.126567
-0.259270
-0.423778
-0.448552
-0.364728
-0.265836
-0.240861
-0.255390
-0.253763
-0.259112
-0.269270
-0.291864
-0.377591
-0.433618
-0.301398
-0.119649
-0.121991
-0.266532
-0.348928
-0.279347
-0.132985
-0.063567
-0.133167
-0.244804
-0.298585
-0.257747
-0.130876
-0.023546
-0.026320
-0.095013
-0.163887
-0.177546
-0.071072
0.074701
0.079722
-0.060615
-0.179970
-0.145718
0.033944
0.183545
0.120064
-0.087610
-0.198921
-0.083995
0.145231
0.230260
0.072162
-0.094376
-0.036709
0.150362
0.227818
0.117723
-0.045579
-0.075360
0.059864
0.192204
0.180193
0.060167
-0.029872
0.012481
0.137404
0.200745
0.152451
0.066727
0.022095
0.052851
0.132911
0.169870
0.107461
0.018752
0.011949
0.097869
0.179079
0.164577
0.079196
0.018706
0.047126
0.126573
0.159935
0.102947
0.016513
0.001611
0.076022
0.143057
0.120947
0.040368
-0.005788
0.023497
0.085967
0.115629
0.080858
0.022253
0.009707
0.064643
0.121199
0.108658
0.040921
0.000608
0.029531
