-0.066761
-0.059120
-0.043671
-0.068388
-0.120290
-0.128487
-0.090767
-0.037565
-0.026031
-0.060210
-0.104237
-0.099996
-0.047089
-0.008069
-0.028565
-0.062650
-0.087411
-0.078416
-0.040179
-0.036898
-0.049813
-0.061238
-0.059954
-0.047951
-0.021705
-0.031872
-0.026853
-0.053480
-0.089497
-0.072684
-0.072574
-0.114301
-0.139595
-0.168322
-0.131445
-0.088524
-0.097439
-0.006328
-0.001906
0.006316
0.008880
0.006121
0.025370
-0.025318
-0.122392
-0.122989
-0.081169
-0.000495
0.081302
0.085170
0.034084
-0.036999
-0.030066
-0.005792
-0.049759
-0.088945
-0.034315
0.045345
0.113800
-0.046423
-0.103568
-0.033210
-0.031715
-0.028446
0.001791
0.036309
0.102857
0.092882
-0.019075
0.011556
0.070143
0.121309
0.204651
0.237126
0.203138
0.063677
-0.098595
-0.129396
0.071266
0.319736
0.345628
0.202848
0.053320
0.080866
0.206284
0.231716
0.139900
0.105460
0.221948
0.308025
0.258686
0.159767
0.116301
0.172707
0.209190
0.210658
0.193639
0.240194
0.313992
0.303977
0.208326
0.112825
0.108221
0.193214
0.253852
0.193596
0.107027
0.087263
0.152049
0.230929
0.238998
0.111588
0.011713
0.044133
0.133593
0.197323
0.131432
0.007736
-0.002274
0.087349
0.133264
0.111053
0.025928
-0.045925
-0.034969
-0.000703
0.021713
0.003484
-0.022473
-0.011749
0.028183
0.025738
-0.063660
-0.141571
-0.125112
-0.067580
-0.048593
-0.114489
-0.192973
-0.177804
-0.092040
-0.063470
-0.110386
-0.159181
-0.175967
-0.125063
-0.125836
-0.193485
-0.251808
-0.224937
-0.128260
-0.083540
-0.129541
-0.217160
-0.226216
-0.150577
-0.086229
-0.119068
-0.219763
-0.268265
-0.204298
-0.087308
-0.049461
-0.133494
-0.221910
-0.209170
-0.114861
-0.051644
-0.082675
-0.176791
-0.212318
-0.132701
-0.034915
-0.003769
-0.067088
-0.139598
-0.133939
-0.063249
-0.001263
-0.032127
-0.105244
-0.125047
-0.066341
0.024614
0.058433
0.004212
-0.050427
-0.047734
-0.001526
0.047841
0.038182
-0.004662
-0.023620
0.010161
0.067401
0.097930
0.069304
0.030131
0.024127
0.052165
0.085805
0.079811
0.049154
0.027796
0.052030
0.096197
0.131837
0.123670
0.083437
0.053865
0.054080
0.076824
0.093609
0.086618
0.061569
0.064898
0.109573
0.147177
0.116452
0.063001
0.034621
0.077225
0.139432
0.139820
0.084213
0.040525
0.056071
0.104256
0.130970
0.093118
0.060406
0.046538
0.063638
0.078711
0.073254
0.055820
0.035897
0.038133
0.053594
0.071580
