-0.018298
-0.017553
-0.023977
-0.025616
-0.027707
-0.034077
-0.039532
-0.037727
-0.045314
-0.049880
-0.049307
-0.052335
-0.061466
-0.072347
-0.069288
-0.064463
-0.054572
-0.067325
-0.069098
-0.070825
-0.074311
-0.070462
-0.056912
-0.058370
-0.054079
-0.050229
-0.043732
-0.055742
-0.072963
-0.056948
-0.094879
-0.094415
-0.102383
-0.105561
-0.139227
-0.145627
-0.153950
-0.116955
-0.163578
-0.164816
-0.072141
-0.062421
-0.090808
-0.106446
-0.019272
-0.142871
-0.197226
-0.206439
-0.206632
-0.108299
-0.032668
0.087775
0.067351
-0.088246
-0.132311
-0.150600
-0.287124
-0.282717
-0.115654
0.042097
0.076197
0.014307
0.029423
0.073333
0.074323
0.027435
-0.024376
-0.047660
-0.025039
0.020286
0.147822
0.285156
0.345227
0.269834
0.164112
0.138038
0.130001
0.128135
0.165413
0.220219
0.242727
0.230652
0.204037
0.226703
0.265519
0.279650
0.235746
0.197951
0.209477
0.268832
0.293610
0.277376
0.231310
0.197524
0.218949
0.289497
0.321779
0.278581
0.191171
0.125217
0.135052
0.205290
0.257668
0.211525
0.131936
0.094566
0.125706
0.164441
0.135201
0.059259
0.029904
0.029905
0.051986
0.043728
-0.008905
-0.046538
-0.051606
-0.040929
-0.046609
-0.082797
-0.098274
-0.104702
-0.135552
-0.135868
-0.144550
-0.164837
-0.154374
-0.137868
-0.151544
-0.183805
-0.217778
-0.202332
-0.162861
-0.162204
-0.201362
-0.221551
-0.185446
-0.154047
-0.183846
-0.250042
-0.279916
-0.242332
-0.174246
-0.146774
-0.176427
-0.235240
-0.249884
-0.209187
-0.170782
-0.175028
-0.212153
-0.235820
-0.219153
-0.182329
-0.152714
-0.161433
-0.208131
-0.222636
-0.183290
-0.120616
-0.088053
-0.120653
-0.164953
-0.145397
-0.074833
-0.025244
-0.042850
-0.097280
-0.110885
-0.064471
-0.009595
0.006855
-0.028057
-0.070992
-0.056878
0.003902
0.047661
0.030139
-0.032179
-0.058669
-0.011386
0.047249
0.059968
0.027934
-0.006881
0.009191
0.060236
0.079209
0.046132
-0.001026
-0.005220
0.047142
0.099576
0.098463
0.052629
0.012159
0.022379
0.063947
0.071878
0.031273
