0.005811
0.008053
0.005534
-0.000590
-0.007650
-0.003921
-0.009176
-0.006000
0.003912
0.006873
0.004230
0.008389
0.006060
-0.003271
0.002047
-0.003774
0.002807
-0.001927
-0.004824
-0.010841
-0.016682
-0.010435
-0.018271
-0.018616
-0.026983
-0.022651
-0.013236
-0.015304
-0.019981
-0.019180
-0.024901
-0.022413
-0.026177
-0.037988
-0.034940
-0.035693
-0.027230
-0.021841
-0.045747
-0.048213
-0.040716
-0.071327
-0.068517
-0.044335
-0.040778
-0.077668
-0.085353
-0.072515
-0.037584
-0.071267
-0.086803
-0.011452
-0.011108
-0.060915
-0.115732
-0.079955
-0.072735
-0.097995
-0.086515
-0.038339
0.019623
0.011967
-0.049513
-0.072350
-0.068355
-0.072704
-0.095757
-0.108118
-0.046467
-0.014538
-0.095806
-0.070969
-0.044544
-0.049642
-0.050845
-0.078276
-0.008489
-0.110450
-0.195094
-0.164541
-0.122182
-0.114134
-0.059257
0.034548
0.062352
-0.053712
-0.111770
-0.101437
-0.161546
-0.130130
-0.017509
0.122194
0.056112
-0.028890
-0.057609
-0.017170
0.047543
0.053921
0.047666
0.039755
0.073487
0.075645
0.087592
0.109032
0.118467
0.094308
0.091752
0.128654
0.169209
0.188898
0.158699
0.128457
0.115722
0.139329
0.177859
0.209114
0.234142
0.199708
0.170361
0.165430
0.193826
0.240684
0.238265
0.186060
0.135756
0.166703
0.210149
0.236545
0.188670
0.129671
0.135704
0.181586
0.221137
0.185409
0.137400
0.113381
0.135144
0.167075
0.173191
0.140431
0.104956
0.099908
0.112118
0.118941
0.104179
0.084682
0.070290
0.062996
0.059206
0.040567
0.031341
0.029908
0.012694
-0.007194
-0.025076
-0.027279
-0.034400
-0.029987
-0.049918
-0.073072
-0.087142
-0.084443
-0.067348
-0.085591
-0.104583
-0.125324
-0.125777
-0.114897
-0.115554
-0.128474
-0.142971
-0.144094
-0.145759
-0.139367
-0.142662
-0.146187
-0.150095
-0.154439
-0.143148
-0.144379
-0.145856
-0.164260
-0.169835
-0.164633
-0.157479
-0.150234
-0.152491
-0.153200
-0.147804
-0.129346
-0.126602
-0.121277
-0.126511
-0.130893
-0.126787
-0.117933
-0.107054
-0.109386
-0.104419
-0.091632
-0.087634
-0.083074
-0.073806
-0.081305
-0.087592
-0.076900
-0.065996
-0.060120
-0.057769
-0.053276
-0.044600
-0.036822
-0.031329
-0.032276
-0.028594
-0.034766
-0.032681
-0.026729
-0.019348
-0.010737
-0.013827
-0.014480
-0.006010
0.007768
0.002573
0.000301
-0.008315
-0.003422
0.002627
0.003614
0.004488
0.003397
-0.003704
-0.010068
0.004916
0.004806
0.003247
0.000972
0.000573
0.001250
0.000667
-0.009238
-0.010940
-0.011549
