0.057400
0.050498
0.051346
0.052057
0.047809
0.053235
0.024882
0.029267
0.033861
0.015909
0.001923
0.023402
0.000137
-0.008172
-0.002626
0.029192
0.028649
-0.026696
0.028922
0.052491
0.033384
-0.030460
-0.048931
-0.005054
-0.023015
-0.077062
-0.037556
0.011658
0.055861
-0.020509
-0.145907
-0.104817
-0.101782
-0.097731
-0.132312
-0.126481
-0.104937
-0.147035
-0.196811
-0.224044
-0.238217
-0.145154
-0.071475
-0.125134
-0.010281
0.042051
-0.072911
-0.235021
-0.268564
-0.123486
-0.036770
-0.057930
0.041716
0.198393
0.180497
-0.028008
-0.222577
-0.031820
0.284486
0.327683
0.127746
-0.027443
0.057030
0.175384
0.205191
0.136609
0.133149
0.236826
0.259716
0.163887
0.074111
0.123955
0.252444
0.290446
0.189238
0.105879
0.129624
0.299365
0.399372
0.305057
0.128066
0.060026
0.187623
0.345799
0.362832
0.197210
0.046135
0.081682
0.237767
0.332330
0.256511
0.096093
0.041671
0.132819
0.248628
0.241700
0.114649
0.003483
0.019425
0.130009
0.200805
0.144952
0.022672
-0.042397
0.000419
0.063306
0.065803
0.001636
-0.078422
-0.101388
-0.075211
-0.044511
-0.048049
-0.088316
-0.122529
-0.138320
-0.139815
-0.134329
-0.130116
-0.133734
-0.160255
-0.178627
-0.183803
-0.179044
-0.173280
-0.177972
-0.191463
-0.194651
-0.184510
-0.177570
-0.178867
-0.189316
-0.199618
-0.196668
-0.175357
-0.161526
-0.173909
-0.197124
-0.202683
-0.190207
-0.174996
-0.170963
-0.182664
-0.196207
-0.186541
-0.154658
-0.133257
-0.140513
-0.156434
-0.152343
-0.127652
-0.104606
-0.100923
-0.115085
-0.125448
-0.114112
-0.088095
-0.069844
-0.075628
-0.094586
-0.103854
-0.087706
-0.063875
-0.060936
-0.078378
-0.089856
-0.078502
-0.055559
-0.041671
-0.048774
-0.067007
-0.074556
-0.063018
-0.047291
-0.042638
-0.053238
-0.067481
-0.069125
-0.056483
-0.046076
-0.055731
-0.074746
-0.080136
-0.065297
-0.048948
-0.051296
-0.069065
-0.080209
-0.071187
-0.051918
-0.037554
-0.037997
-0.047998
-0.055672
-0.048642
-0.033404
-0.026425
-0.034897
-0.046632
-0.043509
-0.022852
-0.005388
-0.006188
-0.015495
-0.024014
-0.018720
-0.006612
-0.005258
-0.010537
-0.018348
-0.016674
0.001168
0.013829
0.013964
0.004993
-0.005618
0.000316
0.008200
0.005436
0.001475
-0.003973
0.000515
0.009301
0.009200
0.003157
-0.010860
-0.026274
-0.021890
-0.004683
0.013225
0.009916
