-0.004856
0.002260
0.005710
0.008871
0.006514
0.002312
-0.004169
0.005044
-0.000280
0.010882
0.002341
0.000670
-0.002062
-0.007981
-0.003127
-0.019107
-0.006690
-0.009884
-0.008595
-0.010351
-0.004456
-0.013284
-0.005111
-0.011781
-0.014555
-0.018420
0.004542
-0.031148
0.007973
0.000452
-0.046153
0.016610
-0.047936
-0.034394
-0.083839
-0.104590
-0.157162
-0.211355
-0.242200
-0.240003
-0.121818
-0.051579
0.043847
0.090176
0.150109
0.086625
-0.078467
-0.192622
-0.258709
-0.312614
-0.354878
-0.351327
-0.293521
-0.156617
-0.083690
-0.019664
0.024922
0.043628
-0.004464
-0.057379
-0.174602
-0.242259
-0.246249
-0.348554
-0.399630
-0.367848
-0.247127
-0.197529
-0.085756
0.042083
0.122768
0.095416
0.035719
0.050917
-0.026210
-0.164109
-0.331561
-0.408824
-0.372409
-0.301068
-0.177578
0.003786
0.186289
0.240249
0.237377
0.215787
0.171978
0.135860
0.029853
-0.025906
0.000524
0.045952
0.062648
0.106019
0.186339
0.240893
0.284444
0.294551
0.332436
0.397151
0.425888
0.387614
0.302777
0.284056
0.315432
0.345351
0.340546
0.325384
0.334271
0.370689
0.428858
0.469450
0.501962
0.506585
0.484458
0.458365
0.441169
0.419640
0.374707
0.335099
0.341763
0.391619
0.440895
0.462227
0.450563
0.421768
0.404912
0.409510
0.408991
0.382552
0.343368
0.315763
0.301199
0.290360
0.281699
0.277732
0.269485
0.251874
0.228556
0.203595
0.180680
0.162974
0.150477
0.131159
0.100798
0.078763
0.081780
0.090859
0.078564
0.043610
0.004956
-0.023665
-0.038069
-0.042587
-0.051302
-0.074571
-0.101623
-0.110216
-0.098379
-0.096090
-0.121970
-0.163229
-0.193525
-0.205353
-0.209036
-0.214646
-0.228474
-0.247180
-0.256419
-0.254215
-0.251338
-0.265687
-0.296415
-0.319709
-0.312566
-0.292751
-0.287818
-0.301477
-0.316948
-0.316936
-0.310236
-0.311903
-0.327838
-0.343905
-0.346579
-0.332158
-0.312916
-0.307544
-0.321638
-0.339384
-0.339642
-0.322450
-0.308373
-0.312569
-0.327962
-0.336204
-0.330168
-0.316815
-0.305657
-0.302056
-0.302388
-0.298519
-0.286590
-0.273070
-0.271830
-0.284631
-0.297740
-0.297188
-0.286071
-0.280761
-0.282895
-0.280863
-0.265835
-0.242990
-0.224884
-0.217750
-0.216941
-0.213294
-0.203270
-0.193749
-0.195751
-0.206646
-0.214353
-0.205909
-0.183800
-0.164974
-0.157196
-0.156943
-0.151568
-0.134983
-0.117996
-0.108288
-0.115417
-0.129346
-0.128642
-0.115217
-0.101601
-0.097654
-0.097665
-0.091399
-0.075961
-0.057263
-0.046906
-0.046365
-0.049802
-0.045440
-0.029221
-0.018368
-0.015727
-0.017737
-0.016479
-0.008046
0.003063
0.013955
0.013721
0.012317
0.021016
0.032911
0.044705
0.050964
0.054436
0.051783
0.052600
0.065160
0.068832
0.066455
0.060270
0.061311
0.066734
0.071256
0.080623
0.077629
0.074641
0.079854
0.087551
0.093614
0.093633
0.097846
0.094748
0.093205
0.103848
0.108162
0.105214
0.094963
0.098333
0.104533
0.101007
0.103087
0.102749
0.105252
0.102548
0.100221
0.105159
0.102577
0.096709
0.088316
0.092533
0.100214
0.096346
0.094622
0.094793
0.098365
0.098671
0.100653
0.106742
0.101186
0.097569
0.103376
0.107003
0.108523
0.103486
0.106639
0.106079
0.108399
0.116797
0.112156
0.108561
0.104871
0.112890
0.110532
0.103656
0.101766
0.099276
0.099612
0.099236
0.100021
0.098028
0.098198
0.100058
0.105196
0.105045
0.108514
0.104298
0.104798
0.108389
0.108742
0.104773
0.097237
0.103446
0.103290
0.102893
0.097006
0.099522
0.100792
0.100873
0.099915
0.096481
0.093134
0.083781
0.082961
0.079087
0.076275
0.064442
0.060338
0.059097
0.058127
0.051196
0.044137
0.045677
0.045376
0.047251
0.041120
0.040541
0.034162
0.027600
0.018266
0.014384
0.007894
-0.000856
-0.000651
-0.000262
0.000443
-0.003758
-0.002239
-0.006464
-0.004180
-0.001113
-0.003628
-0.011720
-0.016460
-0.021981
-0.028058
-0.023786
-0.029761
-0.037076
-0.037895
-0.028715
-0.029275
-0.032391
-0.027839
-0.025261
-0.021533
-0.022053
