-0.000161
0.000683
0.002300
0.004751
0.006640
-0.001564
-0.006127
-0.009931
-0.019015
-0.011241
-0.015494
-0.008669
-0.010446
-0.019190
-0.025221
-0.027108
-0.011852
-0.001101
0.005418
0.002866
0.008915
0.004179
0.002106
-0.005313
-0.003760
-0.007560
0.002728
-0.003530
-0.005938
0.010750
0.023803
0.062233
0.085444
0.195606
0.277023
0.282416
0.284788
0.285814
0.213509
0.060610
-0.062197
-0.089760
-0.048259
-0.033696
-0.011311
0.072334
0.109238
0.026564
-0.042899
-0.062025
-0.013985
-0.034434
-0.127092
-0.199979
-0.216451
-0.201323
-0.193159
-0.144265
-0.058415
0.046027
0.055459
-0.002481
-0.082825
-0.122941
-0.116702
-0.112449
-0.116469
-0.103314
-0.046182
0.006677
0.031448
0.029379
0.041105
0.069218
0.091243
0.036393
-0.101088
-0.285788
-0.434527
-0.471660
-0.424490
-0.351431
-0.327910
-0.298700
-0.231637
-0.100660
0.051410
0.159464
0.205106
0.218590
0.248842
0.285012
0.298800
0.243980
0.163585
0.106486
0.077038
0.036075
-0.033527
-0.121066
-0.173369
-0.173984
-0.150466
-0.130147
-0.109151
-0.080962
-0.046818
0.007609
0.041156
0.068651
0.083210
0.092057
0.103751
0.102892
0.086658
0.047218
0.010565
-0.011870
-0.015966
-0.003800
0.002127
-0.008684
-0.013031
-0.007588
0.021440
0.061357
0.099601
0.120383
0.136637
0.156523
0.170564
0.189719
0.180818
0.166702
0.148977
0.134368
0.114460
0.078277
0.042502
0.022346
0.009718
-0.012729
-0.033643
-0.047357
-0.047322
-0.034403
-0.019807
-0.014684
-0.002781
0.012846
0.046102
0.081516
0.103450
0.112310
0.121319
0.139841
0.147817
0.155566
0.142166
0.121729
0.105962
0.108075
0.114087
0.115505
0.105493
0.093446
0.106834
0.122894
0.135629
0.133059
0.130502
0.119718
0.121372
0.117101
0.110987
0.111308
0.103105
0.101755
0.098967
0.099756
0.092577
0.086569
0.090175
0.094404
0.089443
0.085953
0.070579
0.062143
0.063634
0.064890
0.074711
0.075322
0.074894
0.080931
0.091726
0.094513
0.101431
0.100817
0.095396
0.089426
0.082684
0.084781
0.078287
0.064752
0.054387
0.054223
0.051892
0.039187
0.023838
0.016854
0.012739
0.016486
0.010304
0.003010
