0.008692
0.008136
0.007978
0.008354
0.008091
0.007340
0.008510
0.010265
0.012109
0.013066
0.014281
0.014858
0.014171
0.011924
0.010032
0.009227
0.009030
0.009550
0.010102
0.010369
0.008747
0.006512
0.005565
0.006038
0.007506
0.008838
0.008729
0.007776
0.006244
0.004870
0.005525
0.006270
0.005641
0.003869
0.001437
0.000687
0.001900
0.002415
0.002248
0.002483
0.002267
0.001440
-0.000328
-0.002340
-0.004236
-0.005652
-0.005748
-0.004448
-0.002776
-0.002157
-0.003239
-0.005337
-0.005976
-0.006818
-0.007380
-0.007503
-0.007661
-0.008009
-0.007044
-0.007212
-0.006901
-0.007530
-0.007086
-0.008599
-0.008723
-0.005938
-0.008926
-0.011017
-0.007984
-0.005152
-0.009492
-0.009251
-0.003562
-0.005946
-0.013954
-0.011583
-0.005410
-0.005336
-0.019586
-0.010822
0.001176
-0.003261
-0.008450
-0.005490
0.007813
-0.006967
-0.023113
-0.022172
-0.006057
0.000140
-0.006258
0.000509
0.002847
-0.007568
-0.027781
-0.028856
-0.009491
-0.000995
0.001503
-0.002345
-0.004348
-0.020688
-0.023219
-0.011401
-0.003136
0.008870
0.000305
-0.014013
-0.020660
-0.025489
-0.024190
-0.015297
-0.000551
0.006747
-0.005189
-0.016855
-0.019673
-0.012459
-0.018711
-0.021376
-0.004504
0.002862
-0.000680
-0.018390
-0.015119
-0.010497
-0.021520
-0.018061
-0.007577
-0.004076
-0.026991
-0.038808
-0.026016
0.003731
0.010284
0.002907
-0.019395
-0.032997
-0.053833
-0.026610
0.006815
0.005483
0.003894
-0.035349
-0.015450
-0.018608
-0.006050
0.007877
-0.007000
-0.030143
-0.060879
-0.040665
-0.009809
0.024764
0.033836
0.019920
-0.014866
-0.069535
-0.076387
-0.040173
0.019320
0.035416
0.015241
-0.025412
-0.042105
-0.038583
-0.027843
0.020578
0.020098
-0.006901
-0.044177
-0.054223
-0.031177
-0.001851
0.027432
0.040075
0.009307
-0.048624
-0.083029
-0.055207
-0.000954
0.041039
0.030662
0.007672
-0.028078
-0.052346
-0.023807
0.000383
0.025242
0.012542
-0.007015
-0.018861
-0.021748
-0.021475
-0.012503
0.013258
0.032372
0.026453
-0.009532
-0.046641
-0.040855
-0.003279
0.040282
0.051496
0.026349
-0.014504
-0.034649
-0.023605
-0.002377
0.029189
0.032535
0.012234
-0.009928
-0.026586
-0.010141
0.005185
0.007534
0.031003
0.019507
0.004660
-0.013293
-0.004133
0.015102
0.011435
0.029151
0.032507
0.019879
-0.005358
-0.031469
-0.031467
0.010323
0.068562
0.071042
0.037110
0.002593
-0.026095
-0.025088
-0.000768
0.024458
0.036353
0.034659
0.017971
0.008945
0.007245
0.032985
0.030675
0.015955
0.010120
-0.008281
-0.000601
0.021919
0.048289
0.042982
0.018309
0.004682
0.006102
0.007624
0.006739
0.007173
0.017692
0.028731
0.022142
0.007972
0.003601
0.005556
0.015404
0.027200
0.020126
0.015971
-0.026948
-0.021554
0.028937
0.043679
0.049354
0.024710
0.002868
-0.025137
-0.034987
-0.002719
0.029134
0.032436
0.019410
0.020838
0.014545
-0.002645
-0.019935
-0.016919
0.011414
0.031720
0.029694
0.006251
-0.020567
-0.036691
-0.025972
0.006658
0.035703
0.033004
0.008136
-0.022045
-0.024219
-0.015984
-0.004820
0.023814
0.038060
0.021462
-0.029408
-0.048793
-0.021963
0.018245
0.034746
0.025965
0.008808
-0.021277
-0.033197
-0.027925
0.005816
0.030757
0.022530
0.020854
0.008014
-0.013277
-0.028500
-0.020143
0.004508
0.032592
0.039223
0.020987
-0.002070
-0.026696
-0.028717
0.000515
0.033876
0.043078
0.014942
-0.020975
-0.031500
-0.008908
0.020612
0.037385
0.025024
-0.004950
-0.022186
-0.015418
0.018950
0.006996
0.024469
0.023562
-0.006435
0.004191
-0.001489
0.013214
-0.009797
-0.017121
0.006320
-0.000450
0.012218
0.009843
0.020470
0.025366
-0.007301
-0.033812
-0.027194
0.017337
0.026819
0.034904
0.021325
-0.016295
-0.038385
-0.032518
0.022789
0.036776
0.019436
-0.008889
-0.006934
0.013417
0.011452
-0.005289
-0.021663
-0.024280
-0.032003
0.012646
0.046511
0.031787
0.002547
-0.004091
-0.017152
-0.059778
-0.038989
0.003249
0.043091
0.062660
0.049180
0.000009
-0.065450
-0.083074
-0.050865
0.017427
0.046582
0.041881
0.039518
0.006497
-0.058466
-0.091728
-0.045276
0.043961
0.067021
0.049028
-0.002837
-0.057318
-0.066209
-0.045758
0.036468
0.076951
0.042370
-0.019002
-0.061921
-0.056291
-0.023240
0.022161
0.051105
0.038140
-0.018394
-0.059634
-0.034847
0.015409
0.036602
0.014511
-0.017481
-0.027487
-0.020253
-0.010565
0.012657
0.012467
0.002254
-0.005752
-0.002737
0.009250
-0.002873
-0.019372
0.002772
0.018390
0.014176
0.006856
-0.005023
-0.035314
-0.050714
0.034622
0.045389
-0.004239
-0.025321
0.002652
-0.019094
-0.055046
-0.020550
0.018486
0.026817
0.001757
-0.003438
0.022911
0.005374
-0.088376
-0.046402
-0.022385
0.056348
0.118681
0.021973
-0.054559
-0.089984
-0.046131
-0.013226
0.047069
0.063088
0.025974
-0.022685
-0.051310
-0.061691
-0.055462
0.016108
0.079368
0.069351
-0.026218
-0.103515
-0.120192
-0.018901
0.085165
0.089371
0.015888
-0.074070
-0.082971
-0.046028
-0.006849
0.023777
0.048189
0.039170
-0.000892
-0.074455
-0.095612
-0.040314
0.056050
0.094832
0.039018
-0.071948
-0.123125
-0.048938
0.030083
0.071012
0.016404
-0.031970
-0.020321
0.009842
-0.040464
-0.079229
-0.034269
0.038603
0.060286
-0.011485
-0.059896
-0.059053
-0.011705
0.029205
0.047390
-0.000655
-0.029868
-0.055209
-0.038010
0.015795
0.005141
-0.002591
-0.021428
-0.019294
-0.030463
-0.029149
-0.012873
0.005123
0.041580
0.025485
-0.013361
-0.048155
-0.037035
0.010421
0.052675
0.059120
0.017042
-0.010534
-0.026045
-0.036778
-0.064876
-0.039265
0.015143
0.050598
0.040523
-0.010227
-0.006986
0.000616
0.011256
-0.047852
-0.069049
-0.002727
0.070518
0.112264
-0.002857
-0.052601
0.005346
0.001790
-0.052661
-0.036541
0.077136
0.088926
0.012490
-0.079085
-0.092860
-0.034158
0.010146
0.072928
0.073996
0.007458
-0.037856
-0.070969
-0.028530
0.040011
-0.019251
0.051549
0.109984
0.042696
-0.026362
-0.110092
-0.050208
-0.045618
0.058367
0.086300
0.053443
0.024597
-0.014460
0.079726
-0.091423
-0.165010
-0.103021
0.080260
0.180425
0.064120
0.001610
0.016077
0.045290
-0.091840
-0.168044
-0.050430
0.124780
0.134886
0.001608
-0.097978
-0.003564
-0.001908
0.014505
0.092796
0.044492
0.038826
-0.071373
-0.112558
-0.076525
0.079107
0.136905
0.010551
-0.059769
-0.029126
0.114486
0.038183
-0.151812
-0.195042
0.030432
0.225625
0.175559
-0.016125
-0.176845
-0.205566
-0.180863
0.046467
0.248094
0.218811
-0.025727
-0.203193
0.035722
0.044935
-0.056877
0.038396
0.129839
0.317888
0.098456
-0.432047
-0.539897
-0.034414
0.325189
0.382446
0.028050
-0.148734
-0.092358
-0.100873
-0.000614
0.007512
0.080655
0.032363
0.169732
-0.097398
-0.233748
-0.163508
0.071091
0.530615
0.239457
-0.254167
-0.445633
-0.154339
0.148017
0.253391
0.072921
-0.225897
-0.255590
-0.160247
0.112820
0.402093
0.449813
-0.029127
-0.197051
-0.142503
-0.121513
-0.224326
-0.185139
0.333950
0.284677
0.064412
-0.208926
0.014656
0.231519
0.093144
-0.112149
-0.301799
-0.214758
-0.180932
0.279275
0.458170
0.278061
-0.195251
-0.513622
-0.162542
0.334192
0.295332
-0.111608
-0.068949
0.113378
0.107167
-0.235020
-0.164188
-0.073931
0.112541
0.207970
-0.011220
0.145732
0.169343
0.090170
-0.403583
-0.466883
0.000205
0.468915
0.391116
-0.154178
-0.163200
-0.190470
0.029689
0.267532
0.308755
0.033019
-0.331543
-0.253234
-0.078150
0.216844
0.003538
-0.052604
-0.047222
0.007961
0.319875
0.109250
-0.039172
-0.020727
0.007179
-0.128880
-0.097073
0.030216
-0.034822
-0.180448
-0.072794
0.402311
0.585129
0.122687
-0.622961
-0.719620
-0.113517
0.370282
0.384744
0.243920
0.079194
-0.132650
-0.351258
-0.377591
0.001425
0.443567
0.534894
0.206586
-0.098380
-0.408613
-0.423764
-0.173039
0.081872
0.357755
0.200127
0.073904
-0.019116
0.047078
-0.041711
-0.340456
-0.205618
0.183368
0.459020
0.228957
-0.201723
-0.409708
-0.364104
0.069190
0.402876
0.463961
0.131222
-0.281154
-0.387046
-0.352937
0.007901
0.200646
0.331316
0.181543
-0.055973
-0.079597
-0.091688
-0.006388
0.039423
0.197070
0.119505
-0.227470
-0.320962
-0.014557
0.315087
0.239319
0.008679
-0.148170
-0.252312
-0.096982
0.164300
0.255784
0.013301
-0.333066
-0.271062
0.034906
0.180752
0.202663
0.296470
0.116034
-0.088298
-0.385074
-0.562195
-0.083087
0.423101
0.614739
0.330948
-0.190058
-0.496823
-0.421697
-0.028901
0.301638
0.332415
0.054137
-0.237514
-0.265093
-0.099514
0.218384
0.299802
0.089020
-0.264456
-0.367511
-0.030373
0.117997
0.103966
0.230584
0.248223
0.022537
-0.306313
-0.534356
-0.307070
0.227143
0.499007
0.484830
0.108014
-0.438795
-0.625582
-0.465966
0.091754
0.458986
0.410628
0.146885
-0.331989
-0.481283
-0.233892
0.270273
0.571052
0.388151
0.085319
-0.350376
-0.450723
-0.350038
-0.032940
0.377298
0.389671
0.276386
-0.183127
-0.463032
-0.304343
0.039457
0.245059
0.157657
-0.027690
-0.093378
-0.104912
-0.127886
-0.081263
0.212259
0.440707
0.168919
-0.292776
-0.539397
-0.292483
0.035987
0.337576
0.336531
0.267438
0.017565
-0.466912
-0.553629
-0.140910
0.472970
0.592049
0.135161
-0.434479
-0.437187
-0.043493
0.313818
0.361494
0.092122
-0.190761
-0.250918
-0.206778
-0.085589
0.007160
0.168034
0.374080
0.260975
-0.085949
-0.583093
-0.521914
0.028236
0.594842
0.547515
-0.076864
-0.529039
-0.382489
0.184434
0.320863
0.094466
-0.099815
-0.048957
0.013442
-0.111795
-0.281580
-0.193725
0.229223
0.527643
0.364156
-0.135028
-0.633686
-0.592878
0.030398
0.571952
0.458111
-0.075364
-0.381206
-0.150985
0.221928
0.116346
-0.218560
-0.347991
0.086158
0.601620
0.397863
-0.418078
-0.771515
-0.193657
0.562323
0.634874
-0.059184
-0.514177
-0.345789
0.011221
0.217224
0.223040
0.001040
-0.055293
0.007843
-0.065701
-0.224060
-0.310983
0.099765
0.488596
0.508322
0.025092
-0.497055
-0.514916
-0.160684
0.245655
0.338818
0.164625
-0.143607
-0.156719
0.013385
0.091867
-0.022539
-0.153684
-0.021124
0.135337
0.023546
-0.155515
0.015781
0.195218
0.125066
-0.111078
-0.296715
0.003605
0.303237
0.182631
-0.124378
-0.283156
-0.161269
0.089893
0.236877
0.156482
0.016531
-0.086425
-0.041549
-0.000425
-0.056001
-0.167851
-0.082273
0.084425
0.269274
0.271260
-0.110506
-0.363490
-0.294860
0.120367
0.380036
0.197114
-0.255548
-0.365819
-0.030485
0.289499
0.302656
-0.106713
-0.262064
0.009392
0.325978
0.253403
-0.068309
-0.292548
-0.281527
-0.068325
0.036942
0.195114
0.217621
0.067499
-0.039739
-0.073640
-0.113823
-0.210552
-0.160174
0.089709
0.334953
0.284024
0.006262
-0.233531
-0.303316
-0.172656
0.062470
0.281749
0.308449
0.038041
-0.194490
-0.278001
-0.167617
0.074838
0.174589
0.160131
-0.037789
-0.119109
-0.011388
0.066584
0.046628
-0.114613
-0.107808
0.096339
0.240262
0.072028
-0.190959
-0.273087
-0.053297
0.232846
0.287040
0.059582
-0.200168
-0.288167
-0.172123
0.211371
0.371854
0.194277
-0.233342
-0.494401
-0.178923
0.233050
0.430280
0.283557
-0.094571
-0.240388
-0.261844
-0.059266
0.199326
0.229093
0.002351
-0.157330
-0.031704
0.010976
0.043534
0.008676
0.056259
0.123351
0.060334
-0.133256
-0.182948
-0.001432
0.218126
0.304301
0.054772
-0.243166
-0.282468
-0.246486
0.092980
0.613920
0.463017
0.034940
-0.483498
-0.585225
-0.222038
0.168783
0.458434
0.438091
0.124164
-0.300265
-0.233991
-0.063314
0.083211
0.066697
-0.041884
0.109988
0.158294
0.110872
0.113374
0.007273
-0.226005
-0.279134
-0.195280
0.208285
0.527395
0.272403
-0.099054
-0.396682
-0.332239
-0.048601
0.221652
0.306608
0.225564
-0.012337
-0.255414
-0.151141
-0.065104
0.045821
0.178792
0.208907
0.059011
-0.265716
-0.377993
-0.146525
0.200744
0.437136
0.357056
-0.007142
-0.375034
-0.500027
-0.267845
0.237291
0.529811
0.310288
-0.076599
-0.415884
-0.383316
-0.079818
0.213409
0.354643
0.058375
-0.168177
-0.071841
-0.018052
-0.099289
-0.060033
0.039236
0.118235
0.205070
-0.050285
-0.234338
-0.217733
-0.015978
0.226034
0.248779
0.015366
-0.336755
-0.235637
0.028110
0.251011
0.178156
-0.080297
-0.293379
-0.183869
0.184815
0.244804
0.114709
-0.229864
-0.333866
-0.118860
0.209437
0.414383
0.324937
-0.167295
-0.648296
-0.403386
0.178798
0.448292
0.207541
-0.012831
-0.088869
-0.022410
-0.065630
-0.178470
-0.165712
-0.020707
0.114568
0.094692
0.011855
-0.047899
0.156213
0.147506
-0.147577
-0.319748
-0.190126
0.083376
0.344445
0.273307
-0.016695
-0.303593
-0.384308
-0.145223
0.205575
0.386870
0.276686
0.033651
-0.323658
-0.443551
-0.307350
0.141616
0.636416
0.463018
-0.229993
-0.572791
-0.341852
0.153371
0.349576
0.204403
0.079138
-0.099834
-0.265830
-0.338348
-0.085828
0.352006
0.439937
0.087871
-0.332480
-0.352862
-0.085089
0.242796
0.260939
0.057752
-0.146302
-0.304546
-0.073816
0.197265
0.333600
0.200632
-0.172795
-0.448847
-0.264831
0.082438
0.266238
0.334157
0.205457
-0.075621
-0.379602
-0.400419
-0.084385
0.284637
0.478549
0.248824
-0.200930
-0.314887
-0.306683
-0.008320
0.267755
0.288092
0.071796
-0.216355
-0.238601
-0.182555
0.043935
0.243148
0.364325
0.159443
-0.262916
-0.452224
-0.279363
0.150199
0.444577
0.351906
-0.005619
-0.315723
-0.374145
-0.213008
0.119480
0.373524
0.362842
0.136185
-0.347167
-0.539013
-0.230220
0.281800
0.593068
0.317679
-0.239541
-0.484383
-0.269424
0.223410
0.304594
0.093741
-0.047980
-0.184688
-0.059126
0.041201
0.141045
0.022296
-0.066601
-0.142506
-0.121124
0.151958
0.092107
0.095787
0.072072
-0.016804
-0.124448
-0.212821
0.044700
0.181178
0.076460
-0.079938
-0.141513
0.013169
0.189016
0.112367
-0.127409
-0.145690
-0.089232
-0.052469
0.111085
0.253035
0.171192
-0.056330
-0.280275
-0.256315
0.020406
0.242634
0.257369
0.101833
-0.174099
-0.320248
-0.168963
0.159240
0.241493
0.171348
0.000918
-0.258464
-0.143591
0.037294
0.152884
0.073226
0.010407
-0.091631
-0.154765
0.095661
0.200069
0.211769
-0.007745
-0.329861
-0.421623
-0.083681
0.430353
0.498429
0.140657
-0.473490
-0.504601
-0.089269
0.266561
0.440798
0.243262
-0.045323
-0.294363
-0.202180
-0.144685
0.041851
0.205127
0.152419
0.120766
-0.042092
-0.149090
-0.119512
-0.000769
-0.005293
0.033587
-0.047900
0.002308
0.168037
0.154996
-0.027922
-0.240270
-0.131462
0.077991
0.142797
0.047070
0.052765
-0.044012
-0.106955
-0.079698
-0.098824
0.101369
0.214502
0.050664
-0.057525
-0.125502
-0.081062
-0.020694
0.017521
0.064927
0.011163
0.016868
-0.038989
0.019004
-0.022601
-0.005738
0.099447
0.048736
-0.057123
-0.134768
-0.016066
0.011684
0.066860
0.044931
0.081409
0.088629
-0.146619
-0.295052
-0.190236
0.253203
0.496709
0.263995
-0.312350
-0.610765
-0.230359
0.315179
0.572422
0.190599
-0.294072
-0.369618
-0.166095
0.180346
0.225904
0.008091
-0.004149
0.240681
0.126173
-0.229584
-0.535790
-0.409750
0.355285
0.687406
0.397469
-0.129125
-0.548674
-0.412205
-0.007244
0.268657
0.248102
0.107047
-0.073099
-0.108318
-0.070780
-0.100731
0.051127
0.274319
0.228943
-0.160293
-0.445718
-0.385850
0.146801
0.367162
0.387668
0.361364
0.002648
-0.406978
-0.729219
-0.391250
0.372380
0.619956
0.303637
-0.046068
-0.240344
-0.167400
-0.108170
-0.040394
-0.042562
0.000925
0.125120
0.213951
0.087318
-0.154662
-0.208910
0.060957
0.230447
-0.020977
-0.251747
-0.270136
0.027732
0.281130
0.379282
0.099889
-0.200681
-0.394315
-0.297576
0.015830
0.145123
0.334823
0.386345
0.081581
-0.361062
-0.493835
-0.244698
0.238174
0.423637
0.238868
0.016336
-0.186733
-0.256879
-0.191770
-0.019012
0.232980
0.304079
0.131897
-0.179705
-0.401314
-0.313942
0.101574
0.593666
0.452778
-0.180420
-0.545377
-0.359623
0.181387
0.347942
0.130880
-0.064895
-0.081606
-0.052491
-0.081174
-0.026535
0.089549
0.081827
-0.042232
-0.088307
-0.082489
0.096588
0.087575
-0.020046
0.032981
0.011272
-0.104764
-0.092114
0.079478
0.172680
-0.006614
-0.253326
-0.199243
0.160035
0.308275
0.045063
-0.166057
-0.135190
0.019740
-0.045526
-0.016740
0.033793
0.035491
0.069074
0.067255
0.054948
-0.115394
-0.217145
-0.143344
0.159516
0.303066
0.079091
-0.166766
-0.234735
-0.077366
0.097978
0.082197
-0.080931
-0.032916
0.114855
0.102839
-0.044656
-0.183776
-0.088934
0.076465
0.107483
0.052809
0.013206
-0.100088
-0.139784
-0.009352
0.049528
0.020260
-0.055831
0.042197
0.124433
-0.078929
-0.155693
-0.145707
0.073155
0.213942
0.157307
-0.026865
-0.180062
-0.131640
-0.085786
0.105952
0.112002
0.088865
-0.036186
-0.168257
-0.039232
0.012689
0.007742
-0.022966
0.038568
0.105331
0.011692
-0.093297
-0.192701
-0.035903
0.232711
0.176543
-0.119207
-0.269480
-0.032351
0.162711
0.130933
-0.044908
-0.113966
0.041913
0.043508
-0.053539
-0.088448
0.060205
0.097613
0.000529
-0.038479
-0.118939
0.005263
0.068588
0.017225
-0.027048
-0.031914
-0.006389
-0.028012
0.115750
0.070599
-0.003458
-0.007067
-0.151668
-0.056973
0.066000
0.061763
-0.029756
-0.038480
0.026577
0.127774
0.061274
-0.171766
-0.169341
0.068080
0.233461
0.026700
-0.171197
-0.124992
0.065347
0.131573
-0.014466
-0.046649
0.074488
0.015307
-0.164324
-0.118670
0.104965
0.102774
0.088538
-0.037658
-0.059945
0.066503
0.021009
-0.092285
-0.113481
0.062810
0.027242
0.078444
-0.011556
-0.013607
-0.025199
-0.027764
-0.005599
-0.072945
-0.096657
0.002157
0.248902
0.171590
0.085053
-0.194922
-0.241974
-0.119331
0.034587
0.245129
0.298983
0.078375
-0.275504
-0.232887
-0.069965
0.060612
0.017046
0.021721
0.187096
0.187302
-0.120614
-0.332352
-0.146118
0.099249
0.242949
0.183270
0.081088
-0.088243
-0.269227
-0.202929
0.047660
0.271077
0.263420
0.003802
-0.203792
-0.247146
-0.179325
0.107536
0.346740
0.295848
-0.147007
-0.452710
-0.222077
0.143300
0.337573
0.243479
-0.058264
-0.266255
-0.116649
0.143909
0.124393
-0.100006
-0.178149
0.005353
0.176654
0.054412
-0.075069
-0.087012
0.014864
0.118910
0.032874
-0.020145
-0.093409
-0.045832
0.055865
0.137276
0.068248
-0.054097
-0.093720
-0.052245
0.009638
0.001139
0.040270
0.070481
0.053793
-0.014153
-0.051977
-0.041603
0.053914
0.058847
-0.028779
-0.025587
0.081086
0.110411
0.054172
-0.103516
-0.059185
0.069419
0.060932
0.000165
-0.073035
-0.027834
0.066108
0.157247
0.045697
-0.088361
-0.018430
-0.037121
0.076687
0.095536
-0.094121
0.098959
0.100428
0.086421
0.012317
-0.060191
-0.013859
-0.037541
0.006000
-0.036487
0.014195
-0.015491
0.079310
0.192718
0.146791
-0.026345
-0.287011
-0.263783
0.063441
0.306187
0.274586
0.020707
-0.238604
-0.167175
0.051653
0.206990
0.078133
-0.131690
-0.150074
0.041066
0.210761
0.040033
-0.120480
-0.110959
0.024893
0.076404
0.073866
0.002801
-0.025012
0.023928
-0.015868
-0.018861
-0.095321
-0.074333
0.094624
0.214243
0.070416
-0.155652
-0.173343
-0.029187
0.069936
0.062301
0.042236
-0.040727
-0.055863
-0.025928
0.011922
0.064209
0.045119
-0.072920
-0.124194
-0.028972
0.080443
0.097951
0.006478
-0.088255
-0.080244
0.101278
0.109723
-0.081189
-0.203768
-0.179664
0.143685
0.221912
0.075691
-0.056471
-0.053952
0.054694
-0.129100
-0.234456
-0.105867
0.108682
0.199818
0.158057
0.029363
-0.093171
-0.169405
-0.133796
-0.053931
0.055735
0.117756
0.114967
0.054066
-0.158922
-0.123412
-0.039716
0.078772
0.187353
0.004875
-0.209593
-0.185963
0.004448
0.152219
0.153866
-0.100980
-0.123209
-0.058782
-0.029316
0.021799
-0.035478
0.046383
0.069868
0.017183
-0.126979
-0.010418
0.140949
0.073546
-0.142807
-0.269157
-0.078557
0.116904
0.166676
0.038731
-0.014910
-0.031448
-0.043054
-0.130789
-0.135635
0.027337
0.132357
0.027074
-0.077737
0.074194
0.089395
0.016089
-0.077050
-0.164926
-0.169785
-0.121155
0.133894
0.279186
0.145488
-0.228880
-0.209317
0.101981
0.126014
-0.069864
-0.342518
-0.076776
0.279976
0.288356
-0.002791
-0.210922
-0.147242
-0.060726
0.018574
0.020815
0.063094
0.046966
-0.050576
-0.062053
-0.063960
0.011523
0.101864
0.111488
0.076958
-0.294203
-0.285332
0.005105
0.146134
0.254618
0.073827
0.006938
-0.060639
-0.241069
-0.199075
-0.091103
0.177771
0.259519
0.080916
-0.129770
-0.139176
0.049007
0.060266
-0.052709
-0.224630
-0.089295
0.064869
0.216701
0.091952
-0.036546
0.061303
0.141939
-0.103879
-0.567514
-0.419694
0.184653
0.727205
0.484266
-0.064405
-0.472205
-0.494720
-0.229092
0.142873
0.412115
0.216691
0.032658
0.056554
-0.014609
-0.315449
-0.400919
-0.184591
0.289028
0.581680
0.376205
-0.199283
-0.459838
-0.302463
-0.105957
0.096745
0.138150
0.239705
0.248773
0.068666
-0.171550
-0.399521
-0.225781
0.221597
0.290317
0.205117
-0.116975
-0.174508
0.004250
-0.097559
-0.028450
-0.103540
0.062499
0.192806
0.076188
0.083232
0.042520
-0.045495
-0.211121
-0.238723
-0.044463
0.217344
0.291372
0.037715
-0.255384
-0.072094
0.210651
0.028695
-0.134773
0.003350
0.153543
0.059493
-0.371127
-0.277631
0.212376
0.445965
0.292754
-0.135003
-0.197468
-0.124251
-0.193379
-0.134528
-0.059723
0.271164
0.461735
0.202553
-0.185190
-0.407237
-0.256204
-0.076072
0.327853
0.424226
0.129132
-0.322601
-0.448872
-0.043270
0.443090
0.439225
-0.117714
-0.511411
-0.347309
0.299826
0.461341
0.165295
-0.225666
-0.196148
0.088309
0.029277
-0.104554
-0.105364
0.076038
0.206366
0.146599
-0.173110
-0.239846
0.085660
0.229057
0.195311
-0.093219
-0.280073
-0.035504
0.254543
0.197930
-0.201862
-0.238451
0.040196
0.289055
0.197228
-0.142732
-0.235183
-0.103197
0.149391
0.237491
0.045546
-0.141106
-0.143117
0.022163
0.100657
0.079686
0.043120
0.023804
0.054651
-0.067392
-0.099007
-0.046150
-0.007394
0.101886
0.103248
0.075051
0.021286
-0.156061
-0.117541
0.012581
0.169835
0.091224
-0.059150
-0.028910
0.011012
0.077043
-0.116483
-0.123338
0.055321
0.200691
0.182099
-0.019833
-0.289838
-0.148440
0.165639
0.198604
0.094416
-0.094618
-0.062605
-0.014904
-0.009738
-0.046113
0.060032
0.139815
0.043152
-0.038413
-0.097215
-0.075198
-0.058607
0.042469
0.183062
0.179648
0.037464
-0.169689
-0.288214
-0.140684
0.192608
0.305198
0.197405
-0.035896
-0.286181
-0.199401
0.037517
0.246373
0.209803
0.002111
-0.231049
-0.184823
0.021118
0.107247
0.185761
0.117579
0.093620
-0.151108
-0.225875
-0.195347
0.042131
0.212141
0.133187
0.191744
-0.009407
-0.222890
-0.333368
-0.011179
0.175549
0.378462
0.325161
-0.167988
-0.326232
-0.267829
0.016394
0.093341
0.045102
0.129632
0.245312
0.123212
-0.211716
-0.347071
-0.100196
0.099121
0.130516
0.109908
0.034580
0.081702
-0.080143
-0.253860
-0.145490
0.079112
0.284783
0.266032
0.011916
-0.293105
-0.389581
-0.106958
0.274105
0.430747
0.077171
-0.330137
-0.280821
-0.050772
0.198119
0.253989
0.144408
-0.011389
-0.206462
-0.321543
-0.238263
0.079136
0.426485
0.347515
0.061448
-0.326139
-0.469774
-0.133917
0.244253
0.371837
0.128570
-0.119516
-0.294319
-0.189504
-0.053742
0.146267
0.395412
0.278745
-0.118874
-0.528497
-0.391881
0.034389
0.376847
0.414374
0.040094
-0.256496
-0.220305
-0.132305
0.030866
0.143503
0.170281
0.109241
-0.127182
-0.238375
-0.218708
0.043033
0.276812
0.258851
0.046788
-0.193523
-0.328734
-0.206442
0.181863
0.318140
0.169298
-0.162686
-0.302066
-0.101933
0.161673
0.066660
-0.053281
0.117895
0.025552
-0.045716
-0.100562
-0.043602
0.082768
0.014526
-0.111692
-0.156326
-0.001150
0.103056
0.213671
0.134832
-0.139500
-0.303203
-0.193698
0.049658
0.124451
0.119067
0.033687
0.042843
0.005268
-0.116889
-0.194105
-0.198885
0.021134
0.293162
0.394210
0.066285
-0.427429
-0.621167
-0.136970
0.511181
0.583861
0.034356
-0.527893
-0.386230
0.040731
0.236623
0.132158
-0.006607
-0.025726
-0.062148
-0.113512
-0.012424
0.109961
0.087931
-0.061956
-0.169067
-0.105997
0.054864
0.129153
0.095176
-0.052438
-0.186853
-0.054996
0.065182
0.041521
-0.080126
-0.099116
0.165494
0.208003
-0.023327
-0.259261
-0.233977
0.087791
0.153309
0.085516
-0.018625
-0.103211
-0.075845
0.005421
0.059068
0.011814
-0.057987
-0.111173
0.039778
0.112991
0.005730
-0.151757
-0.075051
0.168369
0.124136
-0.073315
-0.234429
0.015925
0.252640
0.134023
-0.182556
-0.348163
-0.103227
0.139887
0.194463
0.015054
0.055934
0.098261
-0.040920
-0.277276
-0.321387
0.050523
0.311008
0.233041
-0.047956
-0.100183
-0.078024
-0.106756
-0.092057
0.006946
0.038505
0.054789
0.158639
0.097990
-0.094419
-0.285849
-0.243616
0.148967
0.368348
0.143220
-0.229729
-0.318263
0.072478
0.220130
0.057140
-0.133735
-0.109842
0.122467
0.036892
-0.111342
-0.108614
0.042749
0.098541
0.078500
0.033700
-0.057466
-0.092785
-0.127177
-0.002801
0.115370
0.125657
-0.026185
0.001337
0.039371
-0.043996
-0.096808
-0.105497
0.107456
0.132290
-0.008017
-0.147478
-0.129212
0.143941
0.325657
0.065365
-0.301268
-0.380190
-0.113306
0.342656
0.505156
0.134135
-0.310953
-0.495659
-0.230044
0.362854
0.424869
0.159236
-0.081960
-0.180893
-0.199965
-0.240453
-0.010011
0.240490
0.309461
0.161974
-0.030127
-0.109293
-0.326818
-0.360237
0.043648
0.425577
0.440856
0.032955
-0.325907
-0.266954
-0.031413
0.176862
0.194900
0.016838
-0.005538
-0.185662
-0.204094
0.107166
0.274125
0.262599
-0.088545
-0.314212
-0.218631
0.080764
0.188038
0.050788
0.086742
0.052865
-0.087384
-0.133691
-0.081647
0.093921
0.131367
0.154540
-0.004354
-0.155314
-0.165946
-0.081637
0.185604
0.248944
0.188903
-0.174624
-0.314116
-0.178773
0.106611
0.349493
0.280169
-0.016332
-0.335730
-0.236885
0.038297
0.214634
0.155465
0.049420
-0.058030
-0.051961
-0.083099
-0.047033
0.114045
0.023589
0.053804
0.002935
-0.053685
0.050797
0.073011
0.158717
0.016484
-0.258993
-0.265517
0.034144
