-0.003445
-0.004999
-0.004446
0.002912
0.001471
-0.010338
-0.015439
-0.009146
-0.000382
-0.002331
-0.001193
-0.002264
-0.004616
-0.007332
-0.008583
-0.014833
-0.016100
-0.006325
0.004588
-0.002839
-0.008375
-0.005573
-0.004837
-0.007134
-0.010872
-0.009544
-0.012254
-0.006750
-0.000522
-0.003096
-0.011659
-0.011834
-0.003253
-0.007667
-0.009217
-0.008395
-0.008254
-0.001746
0.004742
-0.001148
-0.022838
-0.033676
-0.020663
-0.005351
-0.000953
-0.000244
0.003188
0.008353
-0.004283
-0.030192
-0.042362
-0.027806
0.005773
0.021913
0.007849
-0.012989
-0.022772
-0.017211
-0.010147
-0.012220
-0.013915
-0.005433
-0.000306
-0.005983
-0.018538
-0.024044
-0.018560
-0.008280
-0.000251
-0.002865
-0.014057
-0.018871
-0.013335
-0.012100
-0.016658
-0.017014
-0.008093
-0.001893
-0.003950
-0.009348
-0.018036
-0.017312
-0.009868
-0.005857
-0.009992
-0.013207
-0.010654
-0.008009
-0.007511
-0.009468
-0.009958
-0.010440
-0.012085
-0.013847
-0.004135
-0.002630
0.000902
-0.004755
-0.015347
-0.007179
-0.000606
-0.005594
-0.024385
-0.030843
-0.013420
0.010016
0.010680
-0.003059
-0.013397
-0.013588
-0.014879
-0.025119
-0.016936
-0.001820
0.005094
0.016242
-0.006976
-0.010953
-0.028857
-0.031128
0.003298
-0.005967
0.008641
0.000552
0.000956
0.003086
-0.005204
-0.007450
-0.007178
-0.004277
-0.013225
-0.025143
-0.011676
-0.006477
0.020161
0.007945
0.015358
-0.010229
-0.042255
0.005745
-0.016230
0.003955
0.020786
0.016093
-0.021152
-0.028449
-0.046767
-0.004647
0.029011
0.011215
0.036932
0.037327
0.013019
-0.037455
-0.062954
-0.021141
0.019772
0.003058
0.004683
0.017188
0.032804
-0.000599
-0.025005
-0.034778
-0.023876
0.022259
0.034866
0.012964
-0.011359
-0.026387
-0.005809
0.006671
-0.000231
-0.008562
-0.002652
0.003996
0.017307
0.032252
-0.001234
-0.040999
-0.039784
0.008941
0.036266
0.008837
-0.035467
-0.002413
0.018291
0.019281
0.019882
-0.007470
-0.028564
-0.044730
-0.015188
0.043911
0.024619
0.000659
0.001897
0.013622
0.001870
-0.039775
-0.040545
-0.002384
0.032859
0.048385
0.031653
-0.020357
-0.046795
-0.045625
0.007695
0.041408
0.040836
0.023495
-0.002402
-0.026590
-0.031266
-0.015888
0.004360
0.021264
0.045461
0.048871
0.001560
-0.030656
-0.063263
-0.038719
0.024122
0.046941
0.068078
0.046192
-0.002417
-0.028247
-0.047051
-0.058835
-0.020245
0.033459
0.077054
0.082108
0.032498
-0.011567
-0.045894
-0.064345
-0.046295
0.007791
0.055906
0.081088
0.047262
-0.007410
-0.016322
-0.026819
-0.028015
-0.004456
0.010506
0.036944
0.048995
0.040164
0.019135
-0.013338
-0.045557
-0.048356
-0.011823
0.038371
0.081663
0.082631
0.016692
-0.041124
-0.047540
-0.021576
0.018510
0.043274
0.052803
0.026971
-0.011026
-0.042862
-0.023090
0.011573
0.049875
0.067286
0.033081
-0.013191
-0.022068
-0.031756
-0.021093
-0.000218
0.016556
0.062925
0.045696
0.031663
0.005584
-0.019782
-0.037496
-0.027203
0.014070
0.040394
0.061612
0.036490
0.023052
-0.010666
-0.045335
-0.035873
-0.010409
0.041134
0.046799
0.045454
0.033153
-0.006496
-0.029434
-0.034457
-0.023859
0.000715
0.049309
0.047382
0.053107
0.005067
-0.017137
-0.005432
-0.025981
-0.033896
-0.024377
0.044544
0.064092
0.071012
0.023902
-0.016232
-0.032048
-0.056652
-0.020837
0.020948
0.032870
0.052197
0.034568
0.013266
0.000230
0.004685
-0.040983
-0.058727
-0.013088
0.045362
0.086633
0.048052
0.007529
-0.021274
-0.015971
-0.039232
-0.020323
-0.004904
0.028102
0.059562
0.058644
0.008512
-0.007173
-0.017246
-0.021382
-0.003826
0.000653
0.037752
0.035644
0.012473
0.003519
-0.005105
-0.032402
-0.028106
-0.007384
0.015918
0.038157
0.035804
0.002387
-0.018386
-0.044226
-0.037293
0.004188
0.041585
0.051817
0.048565
0.007061
-0.041636
-0.054266
-0.037343
0.015442
0.039098
0.029103
0.021240
0.020718
-0.013017
-0.057399
-0.072254
-0.025602
0.038601
0.049723
0.033340
-0.000519
-0.008858
-0.005843
-0.049288
-0.040584
-0.013709
0.022925
0.044736
0.003569
0.008088
-0.024339
-0.026246
-0.002117
-0.013506
-0.029541
-0.031309
0.001180
0.016143
0.014556
-0.001457
-0.002263
-0.012932
-0.025208
-0.038279
-0.030101
0.012347
0.047376
0.059109
-0.011084
-0.086315
-0.067688
-0.025028
0.031665
0.076014
0.044316
-0.030168
-0.072077
-0.053143
-0.020786
0.019619
0.035006
0.059440
0.017816
-0.045542
-0.061884
-0.049034
-0.014226
0.014540
0.067240
0.064439
0.000290
-0.042097
-0.065083
-0.072869
-0.031810
0.028121
0.070225
0.062188
0.015615
-0.034164
-0.067497
-0.076782
-0.014202
0.028741
0.052759
0.054428
0.013704
-0.024922
-0.076769
-0.080131
-0.005518
0.059647
0.043576
0.010395
-0.007727
-0.012759
-0.053922
-0.045392
-0.023714
0.025547
0.056711
0.029755
0.006102
-0.050722
-0.059938
-0.054518
-0.008488
0.028688
0.047190
0.080785
0.032405
-0.073824
-0.114998
-0.079106
-0.012961
0.012973
0.060483
0.085014
0.042489
-0.042287
-0.107377
-0.079256
0.004895
0.041836
0.033243
-0.001097
-0.054851
-0.052809
-0.016250
0.027499
0.028649
0.003564
-0.002367
-0.014755
-0.069514
-0.079298
-0.031312
0.046174
0.073851
0.057866
0.022881
-0.046155
-0.093990
-0.105815
-0.045660
0.037694
0.070169
0.061704
0.021403
0.013391
-0.036347
-0.107309
-0.111907
-0.026288
0.099422
0.108999
0.033534
-0.044826
-0.076686
-0.072977
-0.027810
0.011413
0.026300
0.039408
0.008518
-0.009248
-0.032230
-0.038360
-0.020690
-0.013140
0.045356
0.031388
-0.016130
-0.072070
-0.065904
-0.005167
0.020046
0.050923
0.071549
0.019423
-0.095388
-0.125089
-0.057580
0.041519
0.083295
0.066351
0.059948
0.033348
-0.098813
-0.157682
-0.128798
0.009674
0.129051
0.120822
0.038607
-0.040030
-0.026502
-0.058032
-0.091314
-0.045542
0.038436
0.096516
0.099527
0.014449
-0.080298
-0.117477
-0.068291
0.005922
0.040110
0.047777
0.088192
0.065888
-0.046129
-0.170368
-0.149605
-0.000745
0.095609
0.117460
0.050873
0.013460
-0.001233
-0.093832
-0.139960
-0.073098
0.055370
0.142026
0.089339
-0.027567
-0.074584
-0.035391
0.015417
0.002262
-0.059029
-0.056576
0.029546
0.139662
0.107751
-0.061076
-0.182658
-0.103590
0.098628
0.159165
0.026021
-0.126943
-0.105571
0.039504
0.101344
0.060175
-0.030945
-0.064514
0.006238
0.064661
0.043255
-0.081023
-0.136337
-0.021302
0.093061
0.126676
0.085978
-0.025744
-0.096347
-0.056471
-0.013944
0.020978
0.021459
0.004069
0.058048
0.059966
0.017182
-0.036296
-0.089715
-0.048807
0.023499
0.076097
0.069936
0.027138
-0.009355
-0.009781
0.012351
-0.010269
-0.003269
-0.014114
0.000746
0.038209
0.028578
0.006130
-0.009837
-0.000121
0.006717
0.021378
0.022552
0.008253
-0.002245
0.006041
0.028542
0.028650
0.002872
-0.030497
-0.010506
0.046990
0.031562
0.023746
0.007477
-0.007573
-0.007954
-0.001144
0.010597
0.034554
0.040681
0.029202
0.004554
-0.039569
-0.030712
0.010854
0.019586
0.015927
0.040441
0.039888
0.044530
0.012885
-0.027145
-0.035844
-0.027609
0.003995
0.047455
0.049120
0.059544
0.039917
-0.021944
-0.038775
-0.005546
0.032065
0.017207
-0.009375
0.012918
0.023903
0.028518
0.020414
0.006502
0.014994
0.005027
-0.003435
-0.004873
-0.014250
-0.001322
0.040750
0.043103
0.018329
0.008263
0.001848
0.000668
0.005831
0.011820
0.016176
0.007556
-0.008798
-0.011302
0.003680
0.003412
0.037580
0.042366
0.013718
-0.016016
-0.022045
-0.011649
-0.013577
-0.012408
0.035752
0.079436
0.044973
-0.004555
-0.033612
-0.040797
-0.026702
-0.001510
0.020942
0.042096
0.025751
0.014892
0.007697
-0.008490
-0.015963
-0.047516
-0.046238
0.023323
0.078702
0.082879
0.007391
-0.044976
-0.050043
-0.024008
-0.005439
0.005145
0.015164
0.004488
0.029439
0.031074
0.011443
-0.037377
-0.058921
-0.034123
0.040905
0.086102
0.038967
-0.017776
-0.069492
-0.046745
0.010167
0.011602
0.021914
0.019247
0.014183
-0.004368
-0.020855
-0.028429
-0.007684
0.009208
0.000600
0.024217
0.006956
0.011122
-0.023644
-0.039951
-0.028758
-0.005518
0.031901
0.028777
0.022057
-0.021564
-0.028935
-0.034532
0.002833
0.015792
0.004242
-0.004498
-0.017167
0.034925
-0.001328
-0.031012
-0.038305
-0.021979
0.050826
0.046903
0.002060
-0.073429
-0.077695
-0.005216
0.042962
0.053987
-0.006091
-0.016197
-0.028386
-0.025926
-0.011300
-0.008558
0.000505
0.016907
0.029685
0.007356
-0.018075
-0.035995
-0.037130
-0.016406
0.012426
-0.005905
0.004793
-0.018506
0.020982
0.034593
-0.015248
-0.044722
-0.049856
-0.006339
0.033682
0.035845
-0.008407
-0.017685
-0.027129
-0.015820
-0.013236
-0.020328
-0.029466
0.006780
0.018074
0.003411
-0.015430
-0.011671
0.022345
0.021538
-0.027551
-0.055672
-0.055696
-0.005844
0.035704
0.025570
0.029231
-0.025798
-0.020856
-0.028039
-0.039859
-0.037275
-0.037527
0.026397
0.087881
0.049665
-0.028014
-0.093128
-0.046618
-0.016937
0.001251
-0.018819
-0.013672
0.034887
0.040477
0.041435
-0.032593
-0.074224
-0.087412
-0.022539
0.002505
0.043779
0.020059
0.002967
-0.007930
-0.014636
0.012684
-0.029276
-0.071839
-0.085651
0.033306
0.089027
0.032166
-0.019485
-0.064037
-0.000432
0.042625
-0.005818
-0.041437
-0.057790
-0.030404
0.047447
0.028652
-0.036817
-0.026422
-0.007160
0.030195
-0.016675
-0.065957
-0.050252
0.029838
0.066303
0.016578
-0.012449
-0.037786
-0.014876
-0.017233
-0.044845
-0.032628
-0.010331
0.040869
0.043883
0.030259
-0.013871
-0.071734
-0.070896
-0.030565
0.022596
0.014425
0.008027
0.045687
0.066372
0.001902
-0.083886
-0.122149
-0.042864
0.042848
0.032295
0.044226
0.028512
0.024548
0.006371
-0.080123
-0.057298
-0.040340
-0.015337
0.073388
0.069368
0.041014
-0.041403
-0.079177
-0.022093
-0.013976
-0.052195
-0.026260
0.036086
0.099749
0.081777
-0.021033
-0.054081
-0.035710
-0.032000
-0.034615
-0.038755
-0.021448
0.090188
0.091430
0.036838
-0.018368
-0.094482
-0.056118
0.000260
-0.010095
-0.005289
-0.000360
0.035473
0.105780
0.090808
-0.047309
-0.118897
-0.096470
0.002657
0.089409
0.070179
0.014093
-0.024320
-0.003687
-0.050335
-0.024533
-0.028766
-0.008109
0.084151
0.114330
0.063179
-0.108154
-0.158296
-0.056676
0.099893
0.146367
0.023948
-0.007978
-0.023933
-0.031257
-0.033485
-0.081249
-0.042537
0.060663
0.125736
0.079995
-0.003661
-0.083756
-0.084152
-0.035357
-0.015915
0.054972
0.133226
0.085649
-0.009831
-0.055185
-0.112347
-0.076482
-0.023807
0.059677
0.101156
0.067925
0.053885
-0.013278
-0.055265
-0.117185
-0.066921
0.052362
0.073667
0.033318
0.020726
0.048657
0.027732
-0.052361
-0.120426
-0.082165
0.048560
0.133788
0.104612
0.002726
-0.074695
-0.086912
0.010213
0.033978
-0.001948
-0.034664
-0.009428
0.092442
0.107245
0.036177
-0.118171
-0.138064
-0.065884
0.074565
0.168666
0.077180
-0.061885
-0.120763
0.018902
0.107612
0.052105
-0.044852
-0.107063
0.000799
0.082810
0.095693
0.013482
-0.082814
-0.050477
-0.000696
0.074676
0.061252
-0.023963
-0.076385
-0.030883
0.078668
0.108465
0.042100
-0.083298
-0.065046
0.036080
0.058581
0.009721
-0.061993
-0.036131
0.087530
0.180864
0.063000
-0.117555
-0.168627
-0.077392
0.073421
0.119929
0.070052
0.012715
-0.007707
0.011845
0.020952
-0.022239
-0.088766
-0.082793
0.023473
0.122547
0.163018
0.079738
-0.088542
-0.121834
-0.072243
-0.018510
0.044516
0.074218
0.081429
0.061147
0.032558
-0.052029
-0.097159
-0.069933
-0.026343
0.074205
0.086221
0.048508
0.044604
0.022294
-0.022980
-0.078465
-0.109334
-0.008050
0.106826
0.093685
0.036697
0.016704
-0.052465
-0.050180
0.005102
-0.000373
0.004387
0.000010
0.000858
0.026827
0.051848
-0.003985
-0.022068
-0.015349
-0.000672
0.042245
0.030447
-0.035250
-0.038811
-0.064263
0.009019
0.125296
0.097567
-0.032557
-0.140271
-0.071822
0.053024
0.044241
-0.013400
0.018472
0.040747
0.048051
0.035452
-0.045836
-0.077772
-0.089950
-0.048403
0.104507
0.142715
0.038437
-0.087615
-0.044961
0.012608
0.011088
-0.036249
-0.059743
0.021594
0.098361
0.088733
0.017024
-0.065144
-0.163902
-0.074839
0.115383
0.160222
0.048023
-0.088389
-0.112517
-0.017542
0.077304
0.059890
-0.029689
-0.063822
-0.048981
0.059228
0.122865
0.021135
-0.116063
-0.106763
0.027653
0.115797
0.046223
-0.080134
-0.084178
-0.022151
0.066612
0.082176
0.018306
-0.043863
-0.081548
-0.041255
0.035876
0.056306
0.044713
-0.046007
-0.051613
0.014820
0.087796
-0.014270
-0.116662
-0.107062
0.001220
0.139159
0.117768
0.010102
-0.117398
-0.124951
-0.026458
0.074395
0.038757
-0.025944
-0.028648
0.089649
0.064882
-0.061426
-0.147607
-0.118357
0.023534
0.164970
0.122387
-0.006788
-0.109455
-0.140348
-0.008379
0.018748
-0.012699
0.000985
0.036838
0.085642
0.046570
-0.060967
-0.163783
-0.121485
0.055965
0.119559
0.135621
-0.003140
-0.092656
-0.106735
-0.072951
0.005482
0.042097
0.024189
-0.013939
0.018511
0.036019
0.000370
-0.110758
-0.103425
-0.043184
0.084826
0.124816
0.035121
-0.041127
-0.081533
-0.066231
-0.040783
-0.013173
0.010187
0.021746
0.051036
0.041350
-0.011239
-0.074796
-0.147115
-0.080798
0.016650
0.096604
0.135239
0.059906
-0.086741
-0.131978
-0.090253
-0.025018
0.021764
0.030153
0.057352
0.055311
0.004327
-0.108851
-0.137088
-0.076007
0.022826
0.090306
0.080730
0.047100
-0.019497
-0.084071
-0.128968
-0.133991
0.012530
0.143472
0.132778
0.032075
-0.109577
-0.135773
-0.088471
-0.034344
0.040112
0.063738
0.020484
0.055334
0.031703
-0.076328
-0.185191
-0.096776
0.053772
0.154949
0.088639
-0.018192
-0.053747
-0.141858
-0.032158
0.058725
0.071956
-0.044093
-0.101818
-0.001648
0.098044
0.067375
-0.077993
-0.137655
-0.027561
0.110973
0.126854
0.021237
-0.125894
-0.174693
-0.058991
0.117831
0.185600
-0.021710
-0.135301
0.017819
0.106373
0.053568
-0.121638
-0.201805
-0.081358
0.111885
0.196540
0.201329
-0.011701
-0.243151
-0.273406
-0.010555
0.244066
0.173402
-0.045628
-0.124566
0.045420
0.105042
-0.035231
-0.190566
-0.174974
0.042146
0.299070
0.304983
-0.022349
-0.314847
-0.284155
-0.019913
0.230756
0.181338
-0.006834
-0.034716
0.033302
0.038266
-0.049311
-0.181084
-0.143087
0.063373
0.269810
0.261228
-0.021243
-0.289140
-0.268896
0.002877
0.208195
0.166561
0.037186
-0.030845
-0.050313
-0.026752
-0.035076
-0.025911
-0.010454
0.039690
0.118399
0.140234
-0.035894
-0.189147
-0.164549
0.020641
0.187990
0.157953
0.084428
-0.059673
-0.155448
-0.150228
-0.026688
0.100812
0.158599
0.098333
0.058999
0.029391
-0.089741
-0.161730
-0.148682
0.004141
0.185973
0.208538
0.089100
-0.028111
-0.144438
-0.201296
-0.069934
0.115132
0.185810
0.107312
-0.036377
-0.004076
-0.034433
-0.092647
-0.072925
0.044418
0.118431
0.143749
0.097560
-0.049628
-0.156069
-0.212158
0.001893
0.162745
0.183165
0.064648
-0.109407
-0.140903
-0.003915
0.126559
0.118740
-0.001145
-0.056437
-0.004275
0.099833
0.037484
-0.094277
-0.168638
-0.123947
0.182795
0.405918
0.192579
-0.266235
-0.431804
-0.179240
0.273390
0.342378
0.117915
-0.131607
-0.166283
-0.008558
0.136922
0.052560
-0.089128
-0.088796
0.019866
0.212585
0.134525
-0.115105
-0.295938
-0.167412
0.211919
0.358903
0.160846
-0.193032
-0.314167
-0.081230
0.130515
0.163253
0.030891
0.005149
-0.046247
-0.030370
0.029469
0.036250
-0.036778
-0.113031
0.014970
0.130612
0.154758
-0.022297
-0.151349
-0.142339
-0.005593
0.153964
0.186066
0.073129
-0.101777
-0.188721
-0.086259
0.072142
0.118696
0.045275
-0.033942
0.009499
0.051235
-0.012619
-0.060078
-0.078739
-0.066952
0.074784
0.122483
0.138846
0.066586
-0.065528
-0.148106
-0.146085
-0.068598
0.083787
0.111725
0.068432
0.020333
-0.010931
0.051779
-0.002088
-0.102520
-0.125225
-0.064197
0.072657
0.187723
0.140403
0.027075
-0.124378
-0.165445
-0.038293
0.111810
0.047752
-0.016935
-0.017612
0.032423
0.056587
-0.012199
-0.099296
-0.082743
0.011304
0.115403
0.184331
0.003892
-0.193883
-0.169068
0.053343
0.231725
0.134091
-0.073292
-0.171142
-0.051839
0.075111
0.049060
-0.008143
-0.065850
0.027027
0.089402
0.071901
-0.051868
-0.147964
-0.139788
-0.003603
0.181400
0.236060
0.025699
-0.187246
-0.198163
-0.066381
0.128755
0.124137
0.084330
0.045901
-0.040958
-0.111380
-0.084487
-0.053927
-0.031625
0.076994
0.122115
0.100121
-0.007709
-0.156311
-0.150481
-0.067561
0.022068
0.158240
0.226594
0.086395
-0.102466
-0.239078
-0.184213
-0.049122
0.110583
0.178268
0.132499
0.074283
-0.064334
-0.155970
-0.206342
-0.148217
0.069986
0.184170
0.192515
0.125706
-0.075162
-0.194265
-0.206149
-0.079098
0.112439
0.167538
0.091624
0.015992
-0.093836
-0.176464
-0.129925
-0.019875
0.111430
0.174123
0.090111
-0.010375
-0.116882
-0.170563
-0.138567
-0.038702
0.110404
0.247578
0.200948
-0.043907
-0.238427
-0.290882
-0.143258
0.051867
0.142314
0.209574
0.186382
0.000914
-0.182287
-0.251009
-0.168486
-0.025832
0.042076
0.163349
0.307205
0.146759
-0.151886
-0.334259
-0.283437
-0.028372
0.136471
0.219204
0.204563
-0.019690
-0.187356
-0.174064
-0.084579
0.019296
0.016306
0.025159
0.106083
0.122012
0.016919
-0.158659
-0.284333
-0.182050
0.104620
0.299680
0.230010
-0.025740
-0.241578
-0.220030
-0.066323
0.012925
0.067654
0.103047
0.083451
0.065877
-0.028774
-0.142114
-0.206568
-0.208936
0.049857
0.295872
0.255877
-0.003737
-0.250301
-0.309822
-0.103450
0.109755
0.182555
0.182791
0.038552
-0.109147
-0.127053
-0.145148
-0.111120
-0.038333
0.119448
0.250424
0.134259
-0.074690
-0.246360
-0.250222
-0.118114
0.107365
0.274703
0.226791
-0.031450
-0.225310
-0.212537
-0.124583
-0.003492
0.152266
0.214423
0.143352
-0.059537
-0.199644
-0.207506
-0.156979
-0.024864
0.177245
0.305939
0.189310
-0.050571
-0.278250
-0.344368
-0.205535
0.071865
0.272371
0.278217
0.139148
-0.012275
-0.183148
-0.281516
-0.204755
-0.013783
0.156623
0.186059
0.131464
0.082777
-0.021040
-0.210427
-0.256268
-0.135613
0.120534
0.272633
0.174754
0.013943
-0.119288
-0.178217
-0.151816
-0.022784
0.093406
0.112262
0.109111
0.058229
0.032781
-0.085398
-0.218702
-0.168289
-0.013950
0.194424
0.219390
0.069871
-0.061333
-0.094866
-0.019914
-0.073122
-0.147027
-0.070122
0.044672
0.213817
0.261542
0.097096
-0.031288
-0.205607
-0.280072
-0.131166
0.006464
0.147740
0.221491
0.234576
0.142750
-0.015968
-0.266153
-0.378935
-0.182394
0.065037
0.261251
0.294735
0.153569
0.077560
-0.049083
-0.296568
-0.309860
-0.125607
0.157186
0.330339
0.251624
0.027161
-0.070292
-0.166952
-0.173003
0.012580
0.009198
-0.018033
0.112594
0.225818
0.225628
-0.067549
-0.388766
-0.250797
0.077367
0.299027
0.167079
0.000256
-0.165568
-0.051915
0.156202
0.096114
-0.036543
-0.083704
-0.010575
0.128057
0.046093
-0.212179
-0.112117
-0.012453
0.179827
0.254103
0.112322
-0.028874
-0.166228
-0.194117
-0.027277
0.121507
0.116696
-0.004070
-0.032221
0.038461
0.112074
0.101600
-0.084040
-0.201463
-0.099150
0.120812
0.222581
0.113913
-0.117279
-0.148760
-0.025792
0.163587
0.145839
0.003974
-0.172813
-0.130958
0.052059
0.153877
0.139948
-0.045315
-0.021837
0.064290
0.076980
-0.107354
-0.231218
-0.108602
0.158761
0.294717
0.224311
0.010797
-0.212869
-0.242137
-0.072402
0.112822
0.145622
0.038731
-0.006861
0.038834
0.074147
-0.003482
-0.134648
-0.113869
0.017596
0.267613
0.264367
-0.010369
-0.252037
-0.274499
-0.050271
0.154739
0.182568
0.118946
0.007328
-0.023129
-0.000276
-0.026196
-0.118453
-0.133318
0.038482
0.244776
0.245679
-0.018761
-0.195635
-0.194871
-0.062968
0.035422
0.096632
0.193227
0.153014
-0.064918
-0.132181
-0.109962
-0.070439
0.075344
0.170906
0.210774
0.085171
-0.150026
-0.265731
-0.166627
-0.030900
0.131089
0.259185
0.269607
0.023762
-0.160333
-0.263214
-0.241145
-0.002785
0.101169
0.227254
0.291862
0.113950
-0.110646
-0.249520
-0.260848
-0.083456
0.061554
0.196199
0.315956
0.188616
-0.146153
-0.315060
-0.292945
-0.067292
0.184380
0.251306
0.200642
-0.001537
-0.149183
-0.143497
-0.082861
-0.026317
-0.030407
0.066434
0.207930
0.182665
0.057433
-0.215118
-0.320755
-0.225852
0.081723
0.344738
0.233451
-0.021981
-0.146892
-0.072181
-0.028707
-0.036899
-0.104675
-0.064526
0.062821
0.190034
0.171490
-0.026936
-0.180828
-0.208201
-0.097998
0.057181
0.153544
0.144881
0.047891
-0.059492
-0.038989
-0.037724
-0.116159
-0.148422
-0.084059
0.114825
0.205760
0.128843
0.059839
-0.098078
-0.215995
-0.168798
-0.083241
0.066205
0.178361
0.136585
0.039647
-0.048100
-0.143128
-0.124622
-0.066570
0.001700
0.097168
0.070630
0.046503
0.092384
0.006633
-0.190061
-0.231667
-0.079598
0.123758
0.179581
