0.002360
0.002440
0.002573
0.002617
0.002569
0.002618
0.002501
0.002044
0.001723
0.001531
0.001710
0.001593
0.001354
0.001071
0.000508
0.000512
0.000383
0.000421
0.000637
0.000654
0.000471
0.000260
0.000425
0.000253
0.000171
-0.000056
-0.000254
-0.000195
-0.000257
-0.000523
-0.000552
-0.000402
-0.000614
-0.000661
-0.000909
-0.000931
-0.001338
-0.001743
-0.001878
-0.001823
-0.002026
-0.002135
-0.001964
-0.002282
-0.002468
-0.002701
-0.002567
-0.002365
-0.002387
-0.002866
-0.003090
-0.002980
-0.002814
-0.002757
-0.003045
-0.003126
-0.003399
-0.003661
-0.004051
-0.004231
-0.004408
-0.004385
-0.004339
-0.004613
-0.004535
-0.004772
-0.004739
-0.005097
-0.005150
-0.005079
-0.005114
-0.005267
-0.005280
-0.005155
-0.005265
-0.004679
-0.005010
-0.005264
-0.005358
-0.005312
-0.005772
-0.006029
-0.005887
-0.006181
-0.006270
-0.006664
-0.006710
-0.006928
-0.007138
-0.007386
-0.007475
-0.007608
-0.007728
-0.007789
-0.007795
-0.007728
-0.007822
-0.007732
-0.007847
-0.007783
-0.008035
-0.008087
-0.008031
-0.008110
-0.008216
-0.008460
-0.008188
-0.008009
-0.007979
-0.007920
-0.008083
-0.008244
-0.008154
-0.008205
-0.007948
-0.007999
-0.008257
-0.008055
-0.008131
-0.007818
-0.007604
-0.007626
-0.007761
-0.007818
-0.007628
-0.007627
-0.007419
-0.007084
-0.007193
-0.007244
-0.006825
-0.006861
-0.006777
-0.006861
-0.006937
-0.006649
-0.006598
-0.006291
-0.006253
-0.006390
-0.006486
-0.006432
-0.006360
-0.006143
-0.006119
-0.006187
-0.005725
-0.005456
-0.005189
-0.005136
-0.005073
-0.004876
-0.004684
-0.004618
-0.004483
-0.004187
-0.004106
-0.003798
-0.003669
-0.003843
-0.003860
-0.003749
-0.003668
-0.003506
-0.003266
-0.003227
-0.003362
-0.003555
-0.003553
-0.003565
-0.003638
-0.003683
-0.003656
-0.003417
-0.003308
-0.003156
-0.002868
-0.002695
-0.002397
-0.002216
-0.002541
-0.002528
-0.002132
-0.001711
-0.001631
-0.001518
-0.001464
-0.001626
-0.001606
-0.001440
-0.001364
-0.001078
-0.000895
-0.000668
-0.000447
-0.000626
-0.000554
-0.000644
-0.000396
-0.000528
-0.000365
-0.000136
-0.000058
-0.000033
-0.000253
-0.000159
0.000038
0.000265
0.000039
0.000060
0.000076
-0.000066
-0.000033
0.000058
-0.000015
-0.000001
0.000073
0.000132
-0.000032
0.000185
0.000482
0.000124
0.000198
0.000268
0.000448
0.000342
0.000501
0.000413
0.000285
0.000594
0.000586
0.000838
0.000768
0.000737
0.000943
0.001339
0.001519
0.001551
0.001255
0.001146
0.001377
0.001137
0.000991
0.001305
0.001344
0.001379
0.001611
0.001326
0.001051
0.001202
0.001235
0.001417
0.001675
0.001562
0.001735
0.001891
0.001917
0.002104
0.002016
0.001870
0.001774
0.001622
0.001603
0.001793
0.002150
0.001928
0.001912
0.001561
0.000996
0.000899
0.001191
0.001303
0.001027
0.001133
0.001047
0.001201
0.001135
0.001258
0.001298
0.001640
0.002126
0.002137
0.001906
0.001975
0.002423
0.002325
0.002073
0.001762
0.001826
0.001708
0.001698
0.001432
0.001390
0.001423
0.001166
0.001174
0.001094
0.001102
0.000859
0.000727
0.000506
0.000383
0.000442
0.000603
0.000498
0.000266
0.000157
-0.000047
0.000149
0.000198
0.000214
0.000022
-0.000513
-0.000611
-0.000662
-0.000308
-0.000175
-0.000379
-0.000483
-0.000768
-0.000789
-0.000650
-0.000407
-0.000251
-0.000154
-0.000470
-0.000447
-0.000500
-0.000304
-0.000322
-0.000492
-0.000181
-0.000253
-0.000132
-0.000264
-0.000367
-0.000447
-0.000033
-0.000157
-0.000319
-0.000423
-0.000608
-0.000639
-0.000937
-0.000733
-0.000731
-0.000745
-0.000961
-0.001115
-0.001102
-0.001192
-0.001070
-0.001168
-0.001150
-0.000923
-0.001216
-0.001255
-0.001072
-0.001120
-0.001246
-0.001335
-0.001268
-0.001020
-0.000891
-0.000723
-0.000745
-0.000800
-0.000492
-0.000465
-0.000322
-0.000393
-0.000768
-0.000868
-0.000825
-0.000769
-0.000886
-0.000894
-0.000793
-0.001012
-0.000959
-0.001262
-0.001617
-0.001653
-0.002031
-0.001890
-0.001675
-0.001919
-0.001903
-0.002111
-0.002254
-0.002243
-0.002323
-0.002139
-0.002458
-0.002659
-0.003045
-0.003252
-0.003239
-0.003295
-0.003578
-0.003949
-0.003897
-0.003811
-0.003941
-0.004209
-0.004048
-0.004101
-0.003785
-0.003849
-0.004217
-0.004286
-0.004255
-0.004132
-0.004031
-0.003992
-0.004216
-0.004354
-0.004406
-0.004688
-0.004730
-0.004562
-0.004277
-0.004070
-0.003986
-0.003644
-0.003845
-0.003588
-0.003437
-0.003415
-0.003002
-0.002779
-0.002446
-0.002011
-0.001850
-0.001538
-0.001370
-0.001089
-0.000788
-0.000576
0.000194
0.000520
0.001033
0.001328
0.001617
0.001955
0.002303
0.003127
0.003855
0.004656
0.005249
0.005731
0.006168
0.006792
0.007573
0.008084
0.008562
0.008962
0.009446
0.010120
0.010729
0.011566
0.012342
0.012545
0.013037
0.013832
0.014308
0.014924
0.015396
0.015791
0.016114
0.016638
0.017198
0.017635
0.018060
0.018239
0.018695
0.018928
0.018979
0.019134
0.019270
0.019662
0.020412
0.020757
0.021041
0.021530
0.021681
0.021441
0.021519
0.021888
0.022144
0.022537
0.022615
0.022338
0.021963
0.021987
0.022115
0.021920
0.021708
0.021118
0.020881
0.020764
0.020524
0.020273
0.019762
0.019754
0.019571
0.019435
0.019196
0.018678
0.018130
0.017334
0.016707
0.016441
0.016055
0.015485
0.015021
0.014224
0.013689
0.013135
0.012521
0.012061
0.011456
0.011136
0.010435
0.009619
0.008737
0.008112
0.007567
0.007252
0.006793
0.005883
0.005097
0.004347
0.003896
0.003097
0.002572
0.001792
0.001243
0.000557
-0.000269
-0.000877
-0.001693
-0.002163
-0.002618
-0.003220
-0.004052
-0.004626
-0.005194
-0.005622
-0.006131
-0.006587
-0.006943
-0.007342
-0.007904
-0.008491
-0.009044
-0.009727
-0.010437
-0.010932
-0.011203
-0.011494
-0.011870
-0.012406
-0.012805
-0.013373
-0.014061
-0.014391
-0.014607
-0.014953
-0.015257
-0.015689
-0.016221
-0.016861
-0.016982
-0.016977
-0.017096
-0.017578
-0.018140
-0.018079
-0.018469
-0.018607
-0.018474
-0.018844
-0.019194
-0.019741
-0.019654
-0.019346
-0.019276
-0.018995
-0.019262
-0.019397
-0.019632
-0.019614
-0.019662
-0.019933
-0.019973
-0.020041
-0.020009
-0.020066
-0.020072
-0.020105
-0.020235
-0.020283
-0.020098
-0.020172
-0.020129
-0.019817
-0.019712
-0.019366
-0.019223
-0.019231
-0.018954
-0.018874
-0.018475
-0.018091
-0.017922
-0.017661
-0.017612
-0.017738
-0.017734
-0.017272
-0.017029
-0.017075
-0.017245
-0.017188
-0.016737
-0.016506
-0.016332
-0.016182
-0.015875
-0.015687
-0.015407
-0.015240
-0.015050
-0.014861
-0.014893
-0.014415
-0.013989
-0.013722
-0.013275
-0.013120
-0.013116
-0.012822
-0.012578
-0.012193
-0.011689
-0.011540
-0.011493
-0.011555
-0.011468
-0.011199
-0.011049
-0.010857
-0.010492
-0.010335
-0.010633
-0.010553
-0.010354
-0.010062
-0.009686
-0.009419
-0.009336
-0.009092
-0.008922
-0.008632
-0.008339
-0.008198
-0.007976
-0.007849
-0.007405
-0.007055
-0.006722
-0.006743
-0.006507
-0.006257
-0.005988
-0.005946
-0.005970
-0.005742
-0.005762
-0.005820
-0.005655
-0.005466
-0.005295
-0.005068
-0.004798
-0.004464
-0.004075
-0.003681
-0.003695
-0.003422
-0.003261
-0.002822
-0.002486
-0.002186
-0.002045
-0.001664
-0.001473
-0.001362
-0.001076
-0.000963
-0.000541
-0.000513
-0.000062
0.000080
0.000062
-0.000131
-0.000365
0.000001
0.000258
0.000325
0.000550
0.000842
0.001218
0.001666
0.002027
0.002146
0.002267
0.002816
0.002988
0.002988
0.003154
0.003437
0.003592
0.003575
0.003786
0.003743
0.004085
0.004232
0.004389
0.004813
0.005070
0.005156
0.005143
0.005337
0.005540
0.005773
0.005606
0.005747
0.005927
0.006080
0.006287
0.006496
0.006999
0.007402
0.007779
0.008145
0.007942
0.007715
0.007999
0.008342
0.008460
0.008580
0.008755
0.008688
0.008842
0.008820
0.008758
0.008957
0.009156
0.009491
0.009509
0.009748
0.009813
0.009776
0.009977
0.010316
0.010761
0.011043
0.011361
0.011172
0.011104
0.011177
0.011232
0.011394
0.011855
0.012023
0.011891
0.011914
0.011852
0.012085
0.012455
0.012860
0.012820
0.012849
0.012843
0.012707
0.012791
0.012760
0.012978
0.012952
0.012980
0.013084
0.012906
0.012695
0.012387
0.012402
0.012661
0.012871
0.013065
0.013047
0.012940
0.012923
0.012708
0.012682
0.012437
0.012385
0.012582
0.012421
0.012250
0.012056
0.012127
0.011895
0.012016
0.011853
0.011542
0.011614
0.011470
0.011178
0.010908
0.010933
0.010642
0.010356
0.010026
0.009825
0.009669
0.009657
0.009699
0.009642
0.009467
0.009384
0.009196
0.008996
0.008892
0.008585
0.008579
0.008609
0.008518
0.008340
0.008096
0.008056
0.008109
0.007558
0.007162
0.006966
0.006693
0.006582
0.006382
0.006418
0.006213
0.006201
0.005850
0.005359
0.005314
0.004985
0.005054
0.005010
0.005055
0.005016
0.004924
0.004855
0.004939
0.005099
0.005128
0.005199
0.005126
0.004984
0.004736
0.004488
0.004259
0.004277
0.004121
0.004089
0.004060
0.004006
0.003863
0.003816
0.003739
0.003528
0.003426
0.003279
0.003219
0.002776
0.002672
0.002750
0.002763
0.002978
0.002974
0.002958
0.002752
0.002603
0.002671
0.002594
0.002532
0.002440
0.002214
0.001989
0.001533
0.001185
0.001288
0.001187
0.000793
0.000757
0.000708
0.000779
0.001001
0.000632
0.000539
0.000493
0.000345
0.000184
-0.000023
-0.000055
-0.000154
-0.000299
-0.000431
-0.000575
-0.000913
-0.001190
-0.001197
-0.001341
-0.001763
-0.002044
-0.002290
-0.002187
-0.002210
-0.002226
-0.002376
-0.002859
-0.003008
-0.003227
-0.003213
-0.003607
-0.004046
-0.004178
-0.004516
-0.004648
-0.004767
-0.004832
-0.004724
-0.005070
-0.005249
-0.005547
-0.005918
-0.005740
-0.005824
-0.006076
-0.006264
-0.006260
-0.006326
-0.006276
-0.006448
-0.006390
-0.006509
-0.006683
-0.006745
-0.007122
-0.007176
-0.007390
-0.007684
-0.007672
-0.007632
-0.008014
-0.008027
-0.008023
-0.008350
-0.008485
-0.008699
-0.008957
-0.009022
-0.008903
-0.008992
-0.009057
-0.009197
-0.009486
-0.009613
-0.009629
-0.009475
-0.009542
-0.009661
-0.010008
-0.010163
-0.010100
-0.010363
-0.010325
-0.010437
-0.010290
-0.010091
-0.010404
-0.010467
-0.010567
-0.010638
-0.010973
-0.011354
-0.011551
-0.011922
-0.011894
-0.011863
-0.011866
-0.011667
-0.011758
-0.011733
-0.011883
-0.011838
-0.011473
-0.011352
-0.011178
-0.011327
-0.011632
-0.011825
-0.011814
-0.011682
-0.011646
-0.011691
-0.011333
-0.011301
-0.011607
-0.011746
-0.011989
-0.011975
-0.012260
-0.011991
-0.011661
-0.011833
-0.011708
-0.012011
-0.012111
-0.012014
-0.011891
-0.011376
-0.011092
-0.011163
-0.011165
-0.011379
-0.011320
-0.010797
-0.010357
-0.010153
-0.010162
-0.010144
-0.010009
-0.010060
-0.010035
-0.009697
-0.009530
-0.009428
-0.009439
-0.009224
-0.009041
-0.008810
-0.008782
-0.008711
-0.008327
-0.008346
-0.008096
-0.007912
-0.007804
-0.007517
-0.007368
-0.006981
-0.006854
-0.006583
-0.006495
-0.006540
-0.006524
-0.006521
-0.006142
-0.005692
-0.005195
-0.005051
-0.005193
-0.005093
-0.005070
-0.004868
-0.004223
-0.004245
-0.004034
-0.003858
-0.003824
-0.003645
-0.003195
-0.002799
-0.002409
-0.002042
-0.002103
-0.001825
-0.001909
-0.001933
-0.001702
-0.001259
-0.000978
-0.000670
-0.000434
-0.000453
-0.000119
-0.000200
-0.000209
-0.000154
0.000044
0.000446
0.000414
0.000186
-0.000075
-0.000056
0.000215
0.000726
0.000854
0.001053
0.001348
0.001422
0.001519
0.001611
0.001806
0.001767
0.002167
0.002244
0.002638
0.003025
0.002980
0.002930
0.002938
0.003350
0.003251
0.003507
0.003346
0.003399
0.003527
0.003664
0.003799
0.003768
0.004141
0.004082
0.004475
0.004560
0.004659
0.004819
0.004858
0.005355
0.005653
0.005895
0.006114
0.006172
0.006457
0.006658
0.006629
0.006545
0.006380
0.006218
0.006332
0.006592
0.006702
0.007100
0.007327
0.007584
0.007876
0.008006
0.008254
0.008335
0.008388
0.008697
0.008843
0.009112
0.009561
0.009438
0.009409
0.009492
0.009595
0.009798
0.009990
0.010140
0.010096
0.009990
0.009878
0.009774
0.009894
0.009955
0.009740
0.009989
0.010078
0.009949
0.010081
0.010103
0.010068
0.010171
0.010092
0.009780
0.009866
0.009847
0.009699
0.009760
0.009656
0.009508
0.009551
0.009638
0.009438
0.009309
0.009398
0.009434
0.009340
0.009328
0.009218
0.009112
0.009210
0.009021
0.009007
0.008754
0.008506
0.008473
0.008444
0.008517
0.008564
0.008317
0.008096
0.008288
0.008338
0.008469
0.008011
0.007828
0.007662
0.007498
0.007530
0.007486
0.007828
0.007835
0.007935
0.007605
0.007411
0.007312
0.007027
0.007041
0.006971
0.006907
0.006992
0.006776
0.006699
0.006979
0.006877
0.006656
0.006461
0.006305
0.006312
0.006477
0.006397
0.006379
0.006284
0.006056
0.005850
0.005678
0.005654
0.005504
0.005358
0.005459
0.005667
0.005510
0.005422
0.005123
0.004980
0.004902
0.004851
0.004989
0.005026
0.005184
0.005050
0.004674
0.004342
0.004418
0.004466
0.004486
0.004430
0.004610
0.004470
0.004115
0.003965
0.003857
0.003867
0.003742
0.003650
0.003333
0.003254
0.003199
0.002983
0.002988
0.002847
0.002584
0.002479
0.002394
0.002315
0.002396
0.002364
0.002132
0.001904
0.001798
0.002003
0.002083
0.001830
0.001428
0.001101
0.001083
0.001060
0.001076
0.000821
0.000461
0.000173
-0.000101
-0.000467
-0.000637
-0.000708
-0.001213
-0.001431
-0.001658
-0.001946
-0.002167
-0.002281
-0.002417
-0.002626
-0.002878
-0.003239
-0.003360
-0.003522
-0.003637
-0.003636
-0.003523
-0.003513
-0.003877
-0.004239
-0.004771
-0.005127
-0.005290
-0.005373
-0.005744
-0.006060
-0.006183
-0.006459
-0.006784
-0.007244
-0.007371
-0.007655
-0.007924
-0.008017
-0.007956
-0.007877
-0.007951
-0.008117
-0.007985
-0.007938
-0.008195
-0.008021
-0.008003
-0.008185
-0.008695
-0.008932
-0.008918
-0.009440
-0.009816
-0.010298
-0.010709
-0.010829
-0.011076
-0.011032
-0.011071
-0.011304
-0.011657
-0.011813
-0.011829
-0.011884
-0.011797
-0.011549
-0.011481
-0.011468
-0.011521
-0.011981
-0.011997
-0.012329
-0.012520
-0.012644
-0.013169
-0.013053
-0.012898
-0.012979
-0.013322
-0.013865
-0.014147
-0.014078
-0.014126
-0.014223
-0.014375
-0.014513
-0.014615
-0.014966
-0.014835
-0.014811
-0.014368
-0.014294
-0.014579
-0.014806
-0.015058
-0.014806
-0.014980
-0.014987
-0.014951
-0.014943
-0.014783
-0.014630
-0.014559
-0.014451
-0.014274
-0.014097
-0.013945
-0.013846
-0.013832
-0.013999
-0.014161
-0.014165
-0.013664
-0.012998
-0.012754
-0.012529
-0.012534
-0.012216
-0.012335
-0.012665
-0.012439
-0.012421
-0.012126
-0.011740
-0.011247
-0.010854
-0.010545
-0.010105
-0.009541
-0.009279
-0.009478
-0.009172
-0.008918
-0.008819
-0.008758
-0.008614
-0.007968
-0.007287
-0.006741
-0.006529
-0.006192
-0.006047
-0.005752
-0.005278
-0.004811
-0.004289
-0.004043
-0.003841
-0.003683
-0.003425
-0.003076
-0.002505
-0.002060
-0.001863
-0.001943
-0.001942
-0.001836
-0.001755
-0.001426
-0.001176
-0.000634
-0.000008
0.000366
0.000590
0.000966
0.001452
0.001739
0.001539
0.001382
0.001321
0.001755
0.002790
0.003159
0.003516
0.003553
0.003579
0.003499
0.002883
0.003325
0.004264
0.004477
0.004182
0.003637
0.003271
0.004083
0.006052
0.008363
0.008691
0.006352
0.003672
0.002909
0.004910
0.006773
0.007751
0.007869
0.006258
0.004276
0.003664
0.006073
0.008965
0.009290
0.006712
0.003456
0.002655
0.004544
0.008519
0.010908
0.009555
0.005576
0.003100
0.005183
0.008886
0.009751
0.007255
0.004592
0.003842
0.005374
0.007000
0.007472
0.006782
0.005459
0.004925
0.005330
0.006091
0.006295
0.005317
0.004820
0.005076
0.006499
0.007629
0.006572
0.004668
0.003199
0.004526
0.006940
0.007155
0.004942
0.002315
0.002007
0.003928
0.005567
0.005013
0.003032
0.001266
0.001302
0.002972
0.003942
0.002904
0.001770
0.001646
0.002437
0.002645
0.001682
0.001226
0.001522
0.002446
0.002385
0.001585
0.000501
-0.000216
0.000196
0.001180
0.001607
0.000659
-0.000657
-0.000858
-0.000022
0.000362
0.000071
-0.000419
0.000038
0.000512
0.000450
-0.000113
-0.000815
-0.000830
-0.000169
0.000387
-0.000255
-0.001014
-0.001183
-0.000141
0.000661
0.000195
-0.000809
-0.001069
-0.000417
0.000263
0.000362
-0.000794
-0.001376
-0.000553
0.000757
0.001419
0.000386
-0.001208
-0.000920
0.000865
0.002377
0.001954
-0.000127
-0.001296
0.000335
0.003089
0.003972
0.002864
0.000905
0.000462
0.002244
0.004410
0.004886
0.003614
0.002646
0.003379
0.005051
0.006143
0.005963
0.005425
0.006009
0.006858
0.007019
0.007012
0.007234
0.007246
0.007672
0.009034
0.010322
0.009793
0.008024
0.008066
0.011196
0.013394
0.011506
0.009195
0.009596
0.012387
0.013860
0.013602
0.013836
0.014776
0.014504
0.013589
0.015110
0.017422
0.017328
0.015111
0.015164
0.017173
0.018539
0.017808
0.016595
0.016982
0.017661
0.018500
0.018983
0.019452
0.018862
0.017969
0.018772
0.020163
0.020837
0.019926
0.019211
0.019344
0.020007
0.020826
0.020943
0.020880
0.020332
0.020022
0.020814
0.021532
0.021548
0.020450
0.019015
0.019343
0.020086
0.020377
0.019750
0.018830
0.019218
0.019983
0.020494
0.019605
0.018199
0.017726
0.018959
0.020137
0.019554
0.018351
0.017142
0.017145
0.017745
0.018151
0.017676
0.016410
0.015082
0.014779
0.014930
0.014672
0.014656
0.014371
0.014299
0.013482
0.012332
0.012171
0.012775
0.013207
0.012547
0.011656
0.010931
0.010107
0.009447
0.009871
0.010453
0.009531
0.008221
0.007053
0.006804
0.006735
0.005873
0.005049
0.004615
0.004422
0.003751
0.003072
0.002547
0.002604
0.001960
0.001468
0.001435
0.001348
0.001205
0.000149
-0.000571
-0.001330
-0.001951
-0.002974
-0.003428
-0.003353
-0.003566
-0.004497
-0.005613
-0.006320
-0.007167
-0.007583
-0.008495
-0.008683
-0.008911
-0.009415
-0.009901
-0.010512
-0.010928
-0.011205
-0.011290
-0.011186
-0.011633
-0.012927
-0.014056
-0.014789
-0.015064
-0.015249
-0.015614
-0.016295
-0.016674
-0.017010
-0.017586
-0.018026
-0.017840
-0.018208
-0.018821
-0.019615
-0.020235
-0.020546
-0.020626
-0.020410
-0.020689
-0.020632
-0.020972
-0.021297
-0.021769
-0.022485
-0.023054
-0.023653
-0.023559
-0.023639
-0.023779
-0.023642
-0.023597
-0.023851
-0.024185
-0.024301
-0.024483
-0.024584
-0.025245
-0.025783
-0.025890
-0.025395
-0.025330
-0.025847
-0.026399
-0.026438
-0.026199
-0.026148
-0.026226
-0.026592
-0.026204
-0.026347
-0.026542
-0.026465
-0.025958
-0.025245
-0.024698
-0.024814
-0.025462
-0.025478
-0.026305
-0.027158
-0.027731
-0.025757
-0.026516
-0.024740
-0.023007
-0.024792
-0.024125
-0.024868
-0.024533
-0.027772
-0.028669
-0.029493
-0.025176
-0.020877
-0.021138
-0.016742
-0.019933
-0.021709
-0.026227
-0.030290
-0.025529
-0.019330
-0.015097
-0.014496
-0.018255
-0.023516
-0.024054
-0.028538
-0.032365
-0.033023
-0.027553
-0.025238
-0.022728
-0.025147
-0.016211
-0.011292
-0.011012
-0.022322
-0.034274
-0.025069
-0.049584
-0.025183
0.001315
-0.006802
0.000039
0.005167
-0.002462
-0.039939
-0.063330
-0.050263
-0.013876
-0.005179
0.016922
0.026077
-0.020155
-0.040721
-0.053256
-0.037894
-0.006695
0.006910
0.019354
0.012127
-0.023170
-0.047557
-0.031486
-0.004866
0.010799
-0.001121
-0.006602
-0.010284
-0.016393
-0.013141
-0.002317
-0.013408
-0.028699
-0.004067
-0.009493
0.015477
0.029281
-0.010662
0.000322
-0.005745
0.001867
-0.004427
-0.034384
-0.005581
-0.002208
0.003491
0.034386
0.056963
0.027445
-0.023778
-0.048181
-0.045568
-0.019681
0.017311
0.050396
0.064979
0.021841
-0.017595
-0.022839
-0.027350
0.004557
0.021977
0.051580
0.042246
0.007739
-0.019710
-0.022657
-0.011502
0.013747
0.042716
0.044858
0.031428
-0.012930
-0.028590
-0.028660
0.007103
0.034156
0.038241
0.024280
-0.007767
-0.009578
0.006992
0.023783
0.032038
0.011652
0.005680
0.003464
-0.002294
0.017267
0.025064
0.034621
0.014328
0.003783
0.001696
0.000637
0.014038
0.016989
0.039594
0.031492
0.020151
0.007699
-0.009653
0.006392
0.015611
0.035984
0.037181
0.007656
0.009867
0.027620
0.038320
0.019179
-0.012252
-0.011442
-0.014062
0.011212
0.049050
0.061738
0.060908
0.012784
-0.012269
-0.030808
-0.036715
0.023064
0.067702
0.076981
0.027957
-0.016732
-0.004148
-0.002071
0.005652
0.006030
0.031535
0.053138
0.036769
0.031179
-0.002927
-0.025768
-0.011038
0.048552
0.084618
0.041190
-0.025703
-0.029948
0.008636
0.039046
0.035222
0.028678
0.020764
0.010936
0.009345
-0.004808
0.013480
0.024119
0.080381
0.091767
0.034990
-0.048238
-0.094888
-0.028339
0.034470
0.082539
0.080654
0.072315
0.023973
-0.040277
-0.069505
-0.053596
0.030293
0.077981
0.102519
0.061774
-0.001694
-0.038824
-0.051128
0.002242
0.037666
0.063534
0.050121
0.021591
0.006813
-0.007795
-0.004968
0.007400
0.051673
0.037527
0.003602
-0.005503
0.010881
0.031275
0.026564
0.053929
0.065940
0.009791
-0.041140
-0.060918
-0.008616
0.043570
0.056135
0.073172
0.024835
-0.012083
-0.025365
-0.000054
0.021750
-0.002171
0.014329
0.032988
0.045440
-0.002744
-0.034361
0.006028
0.033852
0.052811
0.032496
0.025683
0.004641
-0.036631
-0.046809
-0.032662
0.011405
0.049099
0.066531
0.065683
0.001282
-0.077971
-0.067436
-0.000507
0.061858
0.039292
0.032591
0.020964
-0.015192
-0.019076
-0.031378
0.007781
0.028520
0.048354
0.048342
0.013804
-0.025501
-0.040264
-0.022762
-0.016534
-0.007168
0.001675
0.038394
0.046812
0.008580
-0.040178
-0.051042
-0.029631
-0.003177
0.017695
0.009279
0.022248
0.032399
0.008182
-0.028137
-0.064820
-0.045836
0.018264
0.053856
0.046693
0.000603
-0.040287
-0.058764
-0.036150
-0.024191
-0.014868
0.010193
0.035477
0.055330
0.006958
-0.079447
-0.093284
-0.050580
0.022231
0.084714
0.036001
-0.013901
-0.074029
-0.079477
0.000636
0.029489
0.030429
0.011611
-0.005432
-0.026698
-0.069939
-0.055059
-0.018399
0.010272
0.009505
0.000584
0.001949
-0.033032
-0.023030
-0.024780
-0.007273
0.010440
-0.007588
0.009587
-0.041112
-0.069495
-0.065552
-0.010858
0.068703
0.056220
0.006398
-0.059616
-0.066243
-0.069815
-0.043036
0.008117
0.029915
0.029734
-0.007849
-0.049409
-0.042210
-0.036135
-0.036324
-0.011518
0.022897
0.029508
0.002563
-0.033944
-0.070124
-0.033717
0.006020
0.031236
-0.021323
-0.068628
-0.037720
0.009952
0.021837
-0.018840
-0.042307
-0.030296
-0.019052
-0.018374
-0.027573
-0.020549
-0.010910
-0.003661
0.012258
0.006580
-0.019768
-0.058334
-0.030156
0.000879
0.001742
-0.030838
-0.037388
0.011062
0.023640
0.003374
-0.021202
-0.044710
-0.052034
-0.058218
-0.028766
-0.005017
0.017267
0.074246
0.075632
-0.009345
-0.113414
-0.138701
-0.072898
0.043806
0.078974
0.057380
0.019900
-0.048734
-0.069649
-0.070547
-0.046590
-0.008155
0.034566
0.095194
0.063846
-0.029547
-0.116903
-0.117870
-0.066551
0.027711
0.090824
0.079375
0.021918
-0.052115
-0.070260
-0.068040
-0.024369
-0.003341
0.020257
0.039159
0.042767
-0.010373
-0.064260
-0.074097
0.005537
0.077740
0.040845
-0.001278
-0.045233
-0.042518
-0.030587
-0.024438
0.000864
0.024702
0.019652
0.040785
0.002143
-0.048968
-0.062752
-0.058367
0.022633
0.070501
0.041338
-0.009541
-0.022420
-0.023145
-0.020871
-0.013705
0.030663
0.050962
-0.000694
-0.036741
-0.052976
-0.062212
-0.007525
0.058943
0.084750
0.034139
-0.048410
-0.101627
-0.079451
0.021281
0.073217
0.070409
0.014890
0.001964
0.007902
-0.009101
-0.038712
-0.072511
-0.049505
0.054380
0.150305
0.077166
-0.037687
-0.094694
-0.061702
0.005025
0.042102
0.048478
0.017674
0.001245
-0.020476
-0.029353
-0.028425
0.007454
0.066868
0.101919
0.062894
-0.041323
-0.123375
-0.096653
0.035703
0.104226
0.100061
0.062961
-0.002021
-0.042428
-0.088675
-0.079784
0.020035
0.081033
0.086054
0.058216
0.011031
-0.033253
-0.040078
-0.038402
0.000007
0.034105
0.021605
0.080311
0.032793
-0.029097
-0.068127
-0.050805
0.045654
0.067592
0.025225
-0.028087
-0.016640
0.025756
0.060174
0.022338
0.001802
-0.037824
-0.011033
0.031075
0.039517
0.002488
-0.021389
0.034286
-0.010408
-0.022029
-0.032170
0.027638
0.083463
0.074047
0.040425
-0.058989
-0.097548
-0.082175
0.039800
0.106504
0.084793
0.046278
-0.005877
-0.019090
-0.057679
-0.064880
-0.008563
0.059324
0.069973
0.076454
0.009425
-0.052775
-0.072028
-0.047270
0.068322
0.103233
0.087148
0.021733
-0.051300
-0.074993
-0.035284
0.025631
0.062249
0.100308
0.044697
-0.030519
-0.073912
-0.059523
0.023280
0.070793
0.084524
0.056808
0.000272
-0.044620
-0.036056
-0.020205
0.048899
0.085007
0.054260
0.018323
-0.040651
-0.059972
-0.034995
0.020785
0.057979
0.059462
0.005291
-0.020565
-0.021202
-0.009703
0.000523
-0.014144
0.001524
0.042839
0.066773
0.050236
0.000125
-0.081674
-0.044378
0.041675
0.082004
0.042004
-0.065445
-0.077522
-0.012158
0.054774
0.071227
0.023865
-0.017570
-0.035305
-0.030446
-0.014556
-0.005856
0.030095
0.047128
0.067565
0.021207
-0.045845
-0.074272
-0.058058
0.033320
0.072913
0.058866
-0.002845
-0.051370
-0.040871
0.000397
0.004508
0.000311
0.011017
0.027783
0.032245
-0.037084
-0.022643
0.022684
0.026269
0.021445
-0.003236
0.015058
-0.024563
-0.056064
-0.036979
0.022139
0.071054
0.059761
0.006418
-0.065500
-0.069362
-0.045782
0.021163
0.054373
0.037685
0.006934
-0.018840
-0.043118
-0.047065
-0.023099
0.015761
0.049567
0.020737
-0.021464
-0.044584
-0.035035
0.023128
0.052911
0.001410
-0.048566
-0.048789
-0.009303
0.017500
-0.003168
-0.011197
0.008641
0.009791
-0.003653
-0.033482
-0.054919
-0.048642
0.016637
0.064884
0.058163
-0.043033
-0.110796
-0.044328
0.000489
0.043755
0.016000
-0.009077
-0.013072
-0.011962
-0.006401
-0.008108
-0.004714
-0.007022
0.009499
-0.010504
-0.020912
-0.023030
-0.034754
-0.017015
0.024647
0.024970
0.035608
-0.025919
-0.071074
-0.035597
-0.009368
0.027168
0.011538
-0.000146
0.001051
0.004037
-0.029857
-0.023074
-0.024974
-0.013649
0.020817
0.018441
0.013665
-0.030904
-0.039078
-0.038322
0.003139
0.006599
0.017206
0.006654
-0.032667
-0.014885
-0.024435
-0.011659
-0.016175
-0.017896
-0.012918
-0.003589
-0.019632
-0.020227
0.006479
0.017613
0.028083
0.006885
-0.026799
-0.069263
-0.069693
-0.030032
0.022872
0.044954
0.058523
0.027000
-0.032697
-0.062805
-0.111773
-0.082689
0.008580
0.075506
0.071673
0.018779
-0.032607
-0.068623
-0.085795
-0.057373
0.045785
0.084732
0.051961
-0.000279
-0.058065
-0.070151
-0.058758
0.016525
0.054358
0.019902
-0.043216
-0.045841
-0.008094
0.010650
0.012734
-0.015743
-0.010274
-0.020697
-0.035173
-0.020133
0.006373
0.023358
0.037896
0.012713
-0.016715
-0.057915
-0.065341
-0.026530
0.027003
0.050671
0.030277
0.019172
-0.032881
-0.045407
-0.049155
-0.003542
0.037275
0.033309
0.037160
-0.020176
-0.051859
-0.054783
-0.005732
0.020327
0.014972
0.009705
0.010960
-0.000174
-0.050641
-0.039202
0.006670
0.065756
0.034242
-0.024444
-0.043440
-0.034743
-0.008671
0.018582
0.057676
0.052282
0.004248
-0.038965
-0.040533
-0.052419
-0.016938
0.015295
0.040677
0.045358
0.010516
0.004568
-0.011041
-0.028460
-0.027142
0.007394
0.017204
0.020112
-0.002447
-0.021559
-0.007382
-0.013990
0.022520
0.035623
-0.003292
-0.037498
-0.028025
0.024180
0.056880
0.039648
0.015651
0.016560
-0.031876
-0.050646
-0.040870
0.014096
0.046825
0.031047
0.024972
-0.002301
-0.012904
-0.065297
-0.041931
-0.018037
0.014327
0.081604
0.084852
0.045786
-0.021653
-0.065468
-0.041566
0.006203
0.006786
0.023115
0.017723
0.031028
0.045250
0.005081
-0.068586
-0.078120
-0.045419
0.022655
0.098945
0.055147
0.010023
-0.042917
-0.045448
0.017890
0.030803
0.038670
0.037470
0.002720
-0.019224
-0.031032
-0.042444
-0.000693
0.045194
0.055909
0.050005
0.003928
-0.050059
-0.065699
-0.051562
-0.011047
0.056740
0.080037
0.067698
0.034967
-0.046348
-0.038614
-0.003667
0.001283
0.057611
0.049100
0.019150
0.002323
-0.040078
-0.013534
-0.013967
-0.029750
0.022851
0.075155
0.070228
0.005808
-0.048401
-0.046326
0.024585
0.053802
0.059012
0.043834
-0.022020
-0.035207
-0.019708
-0.007391
0.023708
0.022784
0.040890
0.084840
0.033252
-0.057280
-0.089608
-0.041420
0.058251
0.087301
0.042545
0.005162
-0.008941
-0.000107
-0.000562
-0.011043
-0.015058
0.046289
0.081724
0.051785
-0.020043
-0.087551
-0.038174
0.045697
0.083128
0.046045
-0.014417
-0.047484
-0.013504
0.022592
0.043182
0.018028
-0.035729
-0.012314
0.046615
0.072224
-0.015936
-0.069158
-0.010730
0.060371
0.104276
0.038504
-0.027307
-0.059424
-0.061894
0.008081
0.041940
0.039042
0.010540
0.030358
0.040902
0.007474
-0.074040
-0.075502
0.022037
0.066897
0.076158
0.036423
-0.015861
-0.062424
-0.050665
-0.017991
0.056390
0.046650
0.022250
0.014411
-0.024389
-0.010747
-0.014301
0.001909
0.001697
0.012064
0.026337
0.026831
-0.019491
-0.042479
-0.005917
0.005922
0.008237
0.005165
0.027750
0.012937
-0.034928
-0.072528
-0.045661
0.049634
0.076135
0.048773
-0.007089
-0.017026
0.022510
0.002409
-0.046780
-0.078699
-0.057074
0.018873
0.107584
0.085352
-0.013021
-0.092127
-0.086724
0.009127
0.034908
-0.002632
-0.015873
0.022285
0.038147
0.004454
-0.091263
-0.091063
-0.008308
0.076132
0.124720
0.020299
-0.084430
-0.099915
-0.013120
0.033668
0.004783
-0.027847
0.010020
0.044927
-0.004734
-0.052238
-0.083258
-0.028622
0.065752
0.107789
0.032473
-0.069343
-0.128203
-0.060444
0.018276
0.033654
0.049065
0.035609
0.023416
-0.022226
-0.057800
-0.084135
-0.030467
0.018233
0.050712
0.041399
-0.009145
-0.028516
-0.027705
-0.009617
0.003715
0.005898
-0.023767
-0.026861
-0.018797
0.004752
0.003032
-0.006116
-0.008890
-0.005277
-0.007536
-0.029879
-0.030312
-0.025845
-0.001916
0.043770
0.063922
-0.001109
-0.092736
-0.109538
-0.003309
0.088143
0.066119
-0.006207
-0.064816
-0.051577
-0.010360
0.006398
-0.012693
-0.010226
0.005368
0.034911
0.000360
-0.080594
-0.094256
-0.046879
0.072528
0.118911
0.031409
-0.115378
-0.154598
-0.059529
0.059825
0.105116
0.063767
-0.004167
-0.049134
-0.068438
-0.070858
-0.031614
-0.009206
0.033800
0.084612
0.092953
-0.019993
-0.159212
-0.186645
-0.066776
0.092181
0.144123
0.113794
-0.013889
-0.100265
-0.113173
-0.079246
-0.003931
0.025228
0.046394
0.074615
0.035673
-0.047367
-0.117127
-0.089147
0.006884
0.066897
0.078034
0.046724
-0.022852
-0.081950
-0.069895
-0.038322
0.008434
0.052839
0.091403
0.063624
-0.054276
-0.109264
-0.047392
0.010828
0.018067
-0.001802
-0.023112
0.027459
0.043175
-0.023351
-0.035089
-0.027462
-0.006522
0.024095
0.014324
-0.012337
-0.073925
-0.036633
0.081592
0.090624
0.007591
-0.090300
-0.090350
-0.016661
0.040285
0.058438
0.020181
-0.007520
-0.009439
-0.017640
-0.039618
-0.056062
-0.008079
0.062241
0.102671
0.024861
-0.086869
-0.086390
-0.004871
0.069057
0.023125
-0.042619
-0.045652
0.016098
0.055374
0.018662
-0.013301
-0.024752
-0.004225
0.026599
0.006067
-0.040439
-0.050675
0.002166
0.065915
0.078012
-0.008523
-0.069406
-0.066908
-0.010877
0.058328
0.047891
0.024979
-0.013826
-0.017648
0.005294
0.018358
-0.017031
-0.052289
-0.024978
0.066015
0.106195
0.014236
-0.093806
-0.088939
-0.003925
0.088835
0.066790
-0.032924
-0.034828
-0.022913
0.027047
0.037048
-0.005150
-0.020354
-0.010723
0.017991
0.042751
0.031583
-0.010761
-0.019455
-0.018562
0.010700
0.022870
0.012943
-0.003873
-0.012232
0.016359
0.021340
0.014286
-0.039192
-0.036079
0.012826
0.044212
0.046298
0.010125
0.016606
0.017418
0.010024
-0.022984
-0.014829
0.015751
0.025922
0.017861
-0.017716
-0.009016
0.009943
0.026197
0.011437
-0.002871
-0.009415
0.020638
0.032324
-0.007487
-0.032275
-0.009263
0.073717
0.082178
0.036904
-0.007451
-0.023681
-0.025954
-0.011280
0.011995
0.032187
0.036939
0.015581
0.037570
0.037226
-0.014109
-0.068207
-0.048301
0.014713
0.080074
0.099742
0.037287
-0.020460
-0.057040
-0.018904
0.021312
0.005334
-0.008686
0.016616
0.067806
0.050587
-0.017868
-0.032337
-0.002705
0.027629
0.017536
-0.000566
0.017164
0.023991
0.029928
-0.001609
-0.017519
-0.029521
0.024421
0.090016
0.012196
-0.025151
-0.024001
0.013411
0.049506
0.009543
-0.012371
-0.008221
0.038150
0.077706
0.033679
-0.034307
-0.068287
-0.013277
0.040429
0.031408
0.015854
0.018594
0.019202
-0.015769
0.007569
-0.010413
-0.017325
0.016938
0.057067
0.111823
0.035456
-0.081867
-0.120951
-0.039927
0.041322
0.114865
0.091299
-0.005100
-0.018799
-0.018778
-0.019943
-0.049641
-0.039859
0.027539
0.079184
0.056104
0.019747
-0.038568
-0.060929
-0.044438
0.018736
0.054244
0.018916
0.018851
0.013566
0.046425
-0.001581
-0.031716
-0.061816
-0.081026
-0.009334
0.046937
0.115324
0.072078
-0.018217
-0.045694
-0.027326
-0.020790
-0.065966
-0.096187
-0.038830
0.124507
0.174214
0.073270
-0.078002
-0.193654
-0.101819
0.036386
0.069648
0.034576
0.032280
0.066514
0.059244
-0.033337
-0.143807
-0.147950
-0.064552
0.071132
0.141661
0.103379
0.000527
-0.073134
-0.093086
-0.089658
-0.077744
-0.012391
0.087516
0.110888
0.065749
-0.040610
-0.081957
-0.074517
-0.022055
0.027323
0.043137
0.027392
-0.024133
-0.030479
-0.037382
-0.030098
-0.030913
-0.012253
0.028002
0.043995
0.003610
-0.057169
-0.100901
-0.068032
0.012632
0.049509
0.063163
0.013569
-0.032435
-0.059642
-0.027434
0.012589
-0.000063
-0.034659
-0.077817
-0.012944
0.056680
0.060180
-0.023253
-0.106580
-0.085367
0.000917
0.082510
0.030264
-0.082120
-0.109213
-0.014066
0.117203
0.101793
-0.054795
-0.171683
-0.101463
0.071938
0.144358
0.045097
-0.104821
-0.147842
-0.040928
0.087853
0.074394
-0.041657
-0.125838
-0.062321
0.043043
0.061581
-0.016974
-0.071424
-0.062653
0.015535
0.107315
0.041186
-0.059175
-0.133789
-0.086320
0.035652
0.081093
0.037066
-0.066605
-0.081297
-0.021126
0.072311
0.074583
0.003554
-0.091932
-0.135458
-0.050199
0.039802
0.074594
-0.000253
-0.056254
-0.013184
0.044333
0.000882
-0.104858
-0.129591
-0.015361
0.117320
0.128263
0.043815
-0.069856
-0.141721
-0.105381
0.011486
0.055925
0.030071
-0.001538
0.017946
0.025238
-0.054622
-0.095012
-0.074807
-0.002401
0.043470
0.063367
0.042501
-0.055274
-0.100723
-0.082789
0.019765
0.073749
0.037724
-0.020967
-0.031947
-0.008405
-0.009169
-0.021156
-0.046303
-0.004010
0.030623
0.079232
0.031973
-0.069029
-0.094144
-0.063735
0.016170
0.026651
0.020143
0.012730
0.050038
0.018128
-0.049414
-0.087968
-0.090593
-0.002211
0.050285
0.098800
0.074953
0.014176
-0.045290
-0.059970
-0.043701
-0.040795
-0.003132
0.045267
0.088061
0.036462
-0.053821
-0.100349
-0.042654
0.018449
0.056990
0.062991
0.006957
-0.025092
-0.034798
-0.005773
-0.010763
-0.041436
-0.004899
0.097330
0.151850
0.055619
-0.098980
-0.165267
-0.079436
0.025916
0.096543
0.106195
0.057601
0.005650
-0.052298
-0.048060
-0.061074
-0.070827
-0.046441
0.056660
0.138660
0.160275
0.047888
-0.109144
-0.132206
-0.077334
0.088760
0.145229
0.079254
-0.048186
-0.095538
-0.042318
0.038747
0.064416
-0.012234
-0.033077
-0.000004
0.097073
0.069780
-0.048442
-0.151583
-0.086823
0.099434
0.181782
0.125435
-0.036866
-0.108592
-0.076640
0.040296
0.089034
0.058509
-0.040757
-0.065651
0.029877
0.082781
0.035438
-0.093119
-0.091521
0.035205
0.175035
0.128992
-0.027483
-0.171032
-0.139443
0.031478
0.178617
0.216020
0.022601
-0.098355
-0.086895
0.003571
0.044294
-0.012468
-0.024430
0.021992
0.101613
0.103709
0.049857
-0.099249
-0.147342
-0.013906
0.119033
0.154928
0.006741
-0.078692
-0.019380
0.069936
0.081013
0.016430
-0.047104
-0.060102
-0.028258
0.045763
0.089578
0.050507
0.025598
0.007688
0.013482
-0.009704
-0.049083
-0.042852
0.018904
0.083609
0.133905
0.093363
-0.005216
-0.086774
-0.114939
-0.013994
0.071480
0.108972
0.054969
-0.027652
-0.031152
0.004147
0.019535
-0.007261
-0.014829
0.013780
0.058900
0.066157
0.074479
0.043835
-0.033234
-0.053454
-0.039587
-0.004533
0.027351
0.057363
0.079511
0.066813
0.010246
-0.035812
-0.059872
-0.095932
-0.067228
0.050616
0.161048
0.143352
0.022513
-0.090273
-0.099542
-0.021350
0.047876
0.116131
0.088734
0.012071
-0.037872
-0.060804
-0.035323
-0.002041
0.041838
0.099530
0.113236
0.006847
-0.092893
-0.172861
-0.098800
0.073508
0.166272
0.160822
0.048944
-0.070331
-0.143409
-0.116988
-0.048321
0.070772
0.130958
0.143852
0.092185
-0.050916
-0.171149
-0.175722
-0.040841
0.117758
0.177736
0.103769
0.011042
-0.089778
-0.137141
-0.102096
-0.019984
0.062521
0.150819
0.108752
-0.010217
-0.106057
-0.149798
-0.048729
0.018185
0.090828
0.133209
0.061655
-0.053931
-0.108888
-0.092055
-0.031079
0.014829
0.039442
0.086756
0.041030
-0.046761
-0.103778
-0.087680
-0.012213
0.054651
0.070619
0.043719
-0.022703
-0.086455
-0.059009
-0.021331
0.024210
0.076569
0.056644
0.009199
-0.082805
-0.123638
-0.084385
-0.028824
0.057532
0.105190
0.066506
-0.032064
-0.084176
-0.075572
-0.048276
-0.016688
0.023016
0.058973
0.030294
-0.049908
-0.073442
-0.048375
-0.013819
0.048130
0.047396
0.001014
-0.054727
-0.091628
-0.066952
-0.022470
0.032824
0.071589
0.066353
0.007572
-0.034415
-0.095032
-0.131388
-0.070166
0.020386
0.108969
0.088398
-0.004164
-0.036884
-0.078872
-0.126444
-0.125163
-0.030811
0.109388
0.151634
0.044417
-0.079932
-0.120905
-0.145179
-0.032188
0.077880
0.128650
0.084985
-0.040479
-0.089131
-0.127138
-0.138835
-0.099615
0.064696
0.214801
0.189868
-0.027432
-0.225201
-0.222470
-0.119530
0.023007
0.152948
0.182973
0.081746
-0.098180
-0.180964
-0.138221
-0.079531
0.008992
0.107959
0.167417
0.084750
-0.100281
-0.226611
-0.186195
-0.025731
0.123608
0.195044
0.114454
-0.048233
-0.168496
-0.179081
-0.112112
-0.030277
0.075472
0.146094
0.155435
0.030924
-0.127280
-0.204725
-0.196512
-0.050225
0.097712
0.167132
0.123381
0.019853
-0.057325
-0.096079
-0.095955
-0.095442
-0.054400
0.016226
0.107353
0.128701
0.053177
-0.046766
-0.126095
-0.123859
-0.090565
-0.010908
0.059529
0.081659
0.062482
0.040133
-0.033705
-0.117452
-0.130833
-0.048149
0.067265
0.100851
0.094599
0.026810
-0.053637
-0.147197
-0.112254
-0.018162
0.070539
0.094410
0.044088
0.007765
-0.049313
-0.063559
-0.079426
-0.029539
0.018519
0.074511
0.079687
0.037922
-0.027825
-0.098263
-0.060118
0.011162
0.068785
0.034986
-0.015826
-0.026108
-0.009228
-0.005458
-0.000003
0.000934
0.007707
0.014244
0.009866
0.006104
-0.006724
-0.026981
-0.017106
0.016343
0.024756
0.035918
0.005663
-0.006194
-0.011531
-0.006444
0.012761
0.001889
-0.022896
-0.032964
0.020544
0.062634
0.051758
0.002798
-0.015990
-0.011712
-0.031928
-0.040755
-0.009507
0.045172
0.063775
0.041849
0.006503
-0.019551
-0.050745
-0.010027
0.059177
0.078774
0.036247
-0.027884
-0.052132
-0.031456
-0.012570
-0.008530
0.041580
0.070227
0.078081
0.014191
-0.058191
-0.080811
-0.049242
0.026635
0.091291
0.100105
0.015261
-0.022347
-0.018409
0.011600
0.014092
-0.003584
0.023485
0.043434
0.040833
-0.004176
-0.052089
-0.075872
-0.029283
0.060714
0.105780
0.081418
0.002724
-0.046949
-0.045796
-0.023829
0.015118
0.032202
0.035716
0.050872
0.037500
0.005614
-0.013957
-0.024078
0.005636
0.042984
0.061771
0.045399
-0.016424
-0.067307
-0.047118
0.009259
0.054740
0.076848
0.046668
0.001653
-0.032628
-0.032186
0.005244
0.036605
0.032844
0.023805
0.015443
0.005716
-0.010102
-0.025770
-0.005045
0.021688
0.050790
0.072716
0.059433
0.008989
-0.065479
-0.079903
-0.034701
0.051507
0.083283
0.061895
0.049812
0.020527
-0.006207
-0.065333
-0.065427
-0.022189
0.044465
0.089965
0.085428
0.022988
-0.055122
-0.076899
-0.045851
0.043166
0.081331
0.073011
0.023640
-0.012778
-0.027033
-0.025316
-0.013493
0.010492
0.042950
0.048028
0.033795
-0.021172
-0.056018
-0.033343
0.021735
0.066102
0.055487
0.004012
-0.015471
-0.021394
-0.028097
-0.021216
-0.009698
0.024296
0.052379
0.056946
0.043616
0.022590
-0.006877
-0.038379
-0.044027
-0.042962
-0.026420
0.010453
0.058779
0.096582
0.060903
-0.021679
-0.083275
-0.096697
-0.048182
0.019665
0.079924
0.107327
0.065295
-0.005544
-0.053127
-0.055861
-0.053738
-0.031867
0.004011
0.056202
0.084074
0.055778
-0.008124
-0.064938
-0.075492
-0.024133
0.045377
0.038082
-0.004305
-0.037241
-0.008008
0.022347
0.008959
-0.041850
-0.038068
0.044353
0.103102
0.061709
-0.054907
-0.108512
-0.061890
0.000117
0.036307
0.026904
-0.001268
0.019078
0.030191
0.009984
-0.062622
-0.105686
-0.047819
0.057778
0.101269
0.038746
-0.063402
-0.087320
-0.034881
0.019149
0.055330
0.030412
-0.000674
-0.012386
-0.018188
-0.027871
-0.041315
-0.030376
-0.000956
0.013554
0.015952
0.016093
0.011108
-0.009064
-0.045969
-0.044319
-0.008992
0.011678
0.016426
-0.004405
-0.026525
-0.013183
0.001429
0.002681
-0.007479
-0.026975
-0.002046
0.024500
0.006892
-0.037859
-0.079399
-0.054423
-0.001332
0.042734
0.063603
0.042574
-0.008927
-0.053977
-0.067992
-0.041205
-0.013127
0.010816
0.027107
0.030535
0.025753
-0.025743
-0.085369
-0.100107
-0.035508
0.067283
0.124465
0.061296
-0.056177
-0.118845
-0.104198
-0.028992
0.016755
0.033976
0.064426
0.069254
0.044250
-0.040013
-0.127239
-0.112608
-0.016118
0.080059
0.095801
0.018070
-0.047816
-0.057724
-0.042467
-0.005191
-0.015527
-0.018995
0.019704
0.052003
