0.007052
0.007240
0.007555
0.007822
0.007843
0.007645
0.007886
0.008422
0.008783
0.009105
0.008991
0.009184
0.009644
0.009602
0.010016
0.010024
0.010460
0.010736
0.010983
0.011369
0.011634
0.012205
0.012465
0.013149
0.013672
0.013878
0.014108
0.014708
0.015092
0.015251
0.015439
0.015626
0.016018
0.016530
0.016997
0.017487
0.017559
0.017988
0.018340
0.018592
0.019183
0.019367
0.019614
0.020060
0.020398
0.020650
0.020894
0.021116
0.021688
0.021894
0.022061
0.021938
0.022252
0.022726
0.022708
0.023367
0.023378
0.023433
0.023578
0.023579
0.024004
0.023989
0.024205
0.024113
0.024183
0.024213
0.024608
0.024816
0.024610
0.024484
0.024374
0.024460
0.024273
0.024470
0.024523
0.024569
0.024324
0.024294
0.024174
0.024033
0.023697
0.023606
0.023191
0.022778
0.022428
0.021816
0.021636
0.021266
0.021135
0.020635
0.020051
0.019604
0.019339
0.019279
0.018700
0.018446
0.018302
0.017624
0.017486
0.016906
0.016687
0.016245
0.015843
0.015520
0.014998
0.014862
0.014268
0.013796
0.012857
0.012475
0.012339
0.011957
0.011677
0.011151
0.010633
0.010408
0.009990
0.009528
0.008974
0.008279
0.007997
0.007394
0.006770
0.006176
0.005588
0.005055
0.004669
0.004366
0.003552
0.003129
0.002097
0.001334
0.000972
0.000150
-0.000034
-0.000516
-0.000824
-0.001155
-0.001746
-0.002412
-0.002919
-0.003203
-0.003687
-0.004234
-0.004624
-0.005338
-0.005717
-0.006168
-0.006519
-0.006725
-0.007341
-0.007442
-0.008106
-0.008231
-0.008787
-0.009218
-0.009350
-0.009848
-0.009688
-0.009737
-0.009971
-0.010565
-0.010926
-0.011487
-0.011783
-0.012036
-0.012127
-0.012248
-0.012834
-0.012830
-0.013184
-0.013434
-0.013439
-0.013965
-0.014266
-0.014217
-0.014379
-0.014865
-0.015212
-0.015385
-0.015208
-0.015220
-0.015442
-0.015593
-0.016027
-0.015866
-0.016015
-0.016694
-0.016742
-0.016564
-0.016550
-0.016537
-0.016820
-0.016867
-0.017003
-0.017210
-0.017556
-0.018032
-0.018228
-0.018609
-0.018614
-0.018517
-0.018604
-0.018743
-0.019016
-0.019285
-0.019255
-0.019376
-0.019636
-0.019679
-0.020160
-0.020698
-0.020587
-0.020814
-0.020847
-0.021053
-0.020973
-0.021036
-0.021131
-0.021256
-0.021382
-0.021226
-0.021844
-0.021754
-0.022076
-0.021879
-0.021585
-0.021532
-0.021743
-0.022075
-0.022299
-0.022408
-0.022529
-0.022738
-0.022526
-0.022670
-0.022426
-0.022872
-0.023104
-0.022938
-0.022783
-0.022854
-0.022915
-0.023043
-0.022929
-0.022615
-0.022471
-0.022027
-0.021928
-0.021607
-0.021471
-0.021381
-0.021090
-0.020908
-0.020828
-0.020505
-0.020190
-0.019772
-0.019700
-0.019765
-0.019423
-0.019334
-0.019151
-0.018800
-0.018768
-0.018524
-0.018499
-0.018701
-0.018433
-0.018323
-0.018260
-0.017842
-0.017410
-0.017132
-0.016755
-0.016600
-0.016047
-0.015915
-0.015275
-0.014553
-0.014202
-0.013514
-0.013297
-0.012763
-0.012442
-0.012095
-0.011854
-0.011487
-0.011189
-0.011063
-0.010673
-0.009912
-0.009293
-0.008739
-0.008391
-0.008369
-0.007840
-0.007591
-0.007053
-0.006626
-0.006325
-0.006385
-0.005828
-0.004981
-0.004758
-0.004290
-0.003990
-0.003554
-0.003938
-0.004097
-0.004076
-0.003586
-0.002562
-0.002307
-0.001629
-0.001644
-0.001506
-0.001392
-0.001637
-0.001197
-0.001324
-0.001042
-0.001188
-0.001518
-0.001361
-0.001051
-0.000219
0.000537
0.000820
0.000760
0.000742
0.000063
-0.000372
-0.000390
0.000410
0.001640
0.002315
0.002736
0.002235
0.001955
0.001584
0.001569
0.002407
0.003260
0.003690
0.003316
0.002730
0.002192
0.002647
0.003217
0.003805
0.003893
0.003395
0.003456
0.003503
0.003803
0.004486
0.005216
0.005765
0.005667
0.005557
0.006078
0.006505
0.007396
0.007427
0.007126
0.007346
0.007747
0.008281
0.008834
0.009184
0.009202
0.009385
0.009346
0.009761
0.009902
0.010296
0.010167
0.010335
0.010993
0.011593
0.011821
0.011566
0.011836
0.011879
0.012767
0.012905
0.013123
0.013344
0.013421
0.013863
0.014075
0.014537
0.014827
0.014976
0.014883
0.014850
0.015008
0.015639
0.016426
0.016721
0.016538
0.016126
0.015995
0.016724
0.017879
0.019425
0.020883
0.022070
0.021557
0.020010
0.018235
0.017499
0.019590
0.022878
0.026180
0.027708
0.027321
0.024690
0.021128
0.019581
0.021167
0.025270
0.028887
0.029426
0.027870
0.025400
0.023567
0.023194
0.023987
0.025656
0.027583
0.028713
0.027425
0.025912
0.025215
0.026203
0.027396
0.027409
0.027188
0.027382
0.028162
0.027925
0.026933
0.026167
0.026878
0.028348
0.028918
0.027576
0.025849
0.025789
0.027290
0.028500
0.027642
0.025846
0.025404
0.026915
0.028359
0.027674
0.024881
0.022897
0.023928
0.026162
0.027654
0.027860
0.027136
0.026225
0.024601
0.023078
0.022329
0.023036
0.025103
0.027540
0.028318
0.026321
0.023086
0.020501
0.021107
0.022723
0.024328
0.024899
0.023490
0.022012
0.020536
0.020071
0.020390
0.020975
0.021353
0.020591
0.019225
0.018292
0.018045
0.018454
0.018692
0.018277
0.017703
0.017255
0.016620
0.016089
0.015101
0.014347
0.014789
0.015267
0.015134
0.013427
0.011069
0.009667
0.009863
0.010254
0.010358
0.009903
0.008894
0.008166
0.007242
0.006131
0.004347
0.002820
0.002949
0.003553
0.003868
0.002714
0.000553
-0.001169
-0.002115
-0.002136
-0.002154
-0.002740
-0.004073
-0.004583
-0.005103
-0.005704
-0.006259
-0.007144
-0.007805
-0.008702
-0.008643
-0.009019
-0.009818
-0.010462
-0.010763
-0.010839
-0.011570
-0.012453
-0.013655
-0.014189
-0.014107
-0.013767
-0.014051
-0.014717
-0.015803
-0.016955
-0.017237
-0.017669
-0.017653
-0.017575
-0.017988
-0.018579
-0.019285
-0.019694
-0.019969
-0.020201
-0.020453
-0.021097
-0.021581
-0.021753
-0.021709
-0.021891
-0.022073
-0.022495
-0.023173
-0.023752
-0.024422
-0.024531
-0.024731
-0.024428
-0.024796
-0.025472
-0.025553
-0.026077
-0.026274
-0.026952
-0.027298
-0.027316
-0.027255
-0.027118
-0.027629
-0.027863
-0.028021
-0.027838
-0.028151
-0.028564
-0.029148
-0.029387
-0.028747
-0.028305
-0.028160
-0.028945
-0.029455
-0.029387
-0.029102
-0.028923
-0.028758
-0.029030
-0.029169
-0.028912
-0.028878
-0.028857
-0.029112
-0.029389
-0.028855
-0.028572
-0.028303
-0.028748
-0.029225
-0.028821
-0.028603
-0.028221
-0.028557
-0.028945
-0.028731
-0.028265
-0.027970
-0.027862
-0.028166
-0.028053
-0.028200
-0.028027
-0.027726
-0.027521
-0.027351
-0.027419
-0.026999
-0.026881
-0.026615
-0.026848
-0.026878
-0.026708
-0.026602
-0.026348
-0.026100
-0.025949
-0.026169
-0.025916
-0.025650
-0.025508
-0.025467
-0.025444
-0.024920
-0.024275
-0.024277
-0.024495
-0.024902
-0.024701
-0.023985
-0.023385
-0.022798
-0.022601
-0.022473
-0.022337
-0.021540
-0.021219
-0.021183
-0.020925
-0.020191
-0.019603
-0.019252
-0.019032
-0.018551
-0.017666
-0.016733
-0.015720
-0.015655
-0.015202
-0.014861
-0.014561
-0.013973
-0.013267
-0.012614
-0.012102
-0.011469
-0.010762
-0.010294
-0.010152
-0.009573
-0.008961
-0.008640
-0.007925
-0.007618
-0.006899
-0.006392
-0.006114
-0.005464
-0.005183
-0.004485
-0.004354
-0.003802
-0.003303
-0.002440
-0.001811
-0.001573
-0.001201
-0.001266
-0.000968
-0.000178
0.000515
0.001309
0.001612
0.001669
0.002332
0.002607
0.003017
0.003644
0.004159
0.004451
0.004989
0.005295
0.005946
0.006470
0.006956
0.007374
0.007574
0.008014
0.008451
0.008923
0.009082
0.009497
0.010155
0.010830
0.011166
0.011721
0.012152
0.012520
0.012605
0.012572
0.013011
0.013206
0.013410
0.013607
0.014129
0.014365
0.014912
0.015393
0.015285
0.015563
0.015676
0.015984
0.015984
0.016378
0.016955
0.017552
0.017788
0.017404
0.017492
0.017375
0.017528
0.017681
0.017982
0.018227
0.018059
0.017835
0.017901
0.017727
0.017303
0.017522
0.017562
0.017683
0.017862
0.018249
0.017979
0.017387
0.017431
0.017626
0.018139
0.018234
0.017968
0.017857
0.017659
0.017473
0.018126
0.018552
0.018533
0.018185
0.018448
0.018056
0.017856
0.018298
0.018837
0.018734
0.018158
0.018617
0.018494
0.018039
0.017234
0.018019
0.018612
0.018846
0.018960
0.019092
0.019469
0.018724
0.018338
0.019297
0.020356
0.020223
0.019668
0.019309
0.019129
0.018785
0.018875
0.019727
0.020637
0.021485
0.021363
0.020211
0.018861
0.018200
0.019498
0.020764
0.020990
0.020677
0.020745
0.020225
0.018883
0.018060
0.017962
0.019259
0.020114
0.020709
0.020346
0.018981
0.018161
0.018664
0.019231
0.019332
0.019740
0.019941
0.020495
0.019682
0.017827
0.016383
0.016818
0.018580
0.019607
0.019267
0.018623
0.017185
0.016635
0.016934
0.017033
0.016834
0.016576
0.017471
0.017479
0.017046
0.015554
0.015090
0.015133
0.015302
0.015422
0.014944
0.014668
0.014402
0.014365
0.013866
0.013469
0.012875
0.012378
0.012103
0.011833
0.010879
0.010688
0.010847
0.011368
0.010625
0.009164
0.008112
0.007477
0.007475
0.007338
0.007261
0.006146
0.005821
0.005677
0.005628
0.004993
0.004044
0.003217
0.002548
0.002354
0.001705
0.001255
0.000490
-0.000368
-0.000267
-0.000735
-0.001506
-0.002327
-0.002796
-0.003345
-0.004093
-0.004100
-0.004527
-0.004817
-0.005422
-0.005830
-0.006758
-0.007420
-0.007815
-0.008005
-0.007527
-0.007323
-0.007371
-0.008615
-0.009797
-0.010675
-0.010455
-0.009872
-0.009493
-0.009965
-0.010941
-0.011459
-0.011889
-0.011691
-0.011995
-0.012250
-0.012681
-0.012830
-0.013237
-0.013532
-0.013816
-0.013296
-0.013097
-0.012812
-0.012542
-0.014035
-0.015154
-0.014996
-0.014177
-0.015359
-0.013062
-0.012599
-0.014164
-0.014636
-0.014846
-0.014877
-0.017087
-0.017761
-0.016233
-0.012949
-0.015938
-0.015934
-0.015051
-0.016356
-0.016171
-0.020258
-0.018888
-0.014356
-0.013453
-0.016319
-0.018023
-0.018402
-0.019467
-0.017202
-0.015307
-0.015099
-0.015115
-0.018538
-0.019011
-0.020759
-0.021709
-0.018855
-0.015267
-0.015957
-0.025507
-0.023668
-0.017859
-0.017549
-0.011751
-0.012613
-0.021991
-0.030469
-0.032419
-0.021486
-0.015504
-0.015078
-0.008300
-0.005513
-0.019022
-0.035066
-0.038468
-0.024901
-0.009164
-0.007323
-0.010650
-0.016664
-0.022302
-0.025641
-0.024955
-0.023802
-0.019918
-0.014106
-0.009064
-0.013147
-0.025213
-0.028249
-0.019530
-0.012152
-0.013234
-0.019138
-0.022960
-0.016815
-0.012245
-0.012213
-0.018200
-0.020828
-0.018530
-0.012814
-0.009290
-0.014453
-0.019568
-0.017259
-0.010238
-0.006825
-0.010689
-0.017487
-0.020391
-0.013650
-0.006008
-0.014150
-0.009726
-0.012362
-0.012605
0.000402
-0.003260
-0.007857
-0.019739
-0.023635
-0.010006
-0.000792
0.002497
0.007202
0.003151
-0.008403
-0.016070
-0.019798
-0.008494
0.000936
0.004875
0.009355
0.003742
-0.006286
-0.011103
-0.008854
-0.002978
0.002182
0.004415
0.007455
0.004151
-0.004657
-0.005762
0.001057
0.005956
0.004875
0.002421
0.004923
0.005823
0.001089
0.005932
0.008842
0.003740
0.001315
0.008065
0.015188
0.005481
-0.002659
0.004281
0.013942
0.009004
0.005867
0.010335
0.008634
0.001335
0.003315
0.013738
0.015874
0.002740
0.002983
0.016793
0.015268
0.006802
0.006053
0.013305
0.009821
0.005331
0.011148
0.022105
0.014671
0.002600
0.005886
0.013378
0.011600
0.006939
0.011736
0.016315
0.011901
0.007234
0.013257
0.016115
0.008459
0.002160
0.008012
0.014487
0.018629
0.016519
0.011766
0.008560
0.005474
0.009364
0.014702
0.014938
0.010180
0.009988
0.014648
0.015207
0.010927
0.007188
0.008310
0.010713
0.011761
0.014132
0.012163
0.010237
0.009981
0.013488
0.016986
0.011417
0.006099
0.008369
0.014904
0.017318
0.015121
0.012880
0.011974
0.010156
0.010755
0.014324
0.015534
0.011751
0.010580
0.014199
0.016053
0.012366
0.008111
0.007010
0.007605
0.009817
0.011459
0.014393
0.012989
0.008654
0.006745
0.009319
0.012024
0.010678
0.010806
0.009862
0.010132
0.009807
0.008030
0.005923
0.006065
0.007980
0.014711
0.014284
0.004994
0.006114
0.003809
-0.000236
0.011427
0.022509
0.018271
0.005899
0.000059
0.002539
-0.000942
-0.004390
0.005969
0.017594
0.018012
0.014599
0.007272
0.000103
-0.008951
-0.010735
0.001882
0.013716
0.016145
0.012213
0.006778
-0.000597
-0.004581
-0.003656
0.003397
0.008904
0.009920
0.009649
0.006076
-0.000577
-0.004806
-0.003766
0.001541
0.006765
0.005825
0.004417
0.001898
0.001426
0.001091
0.000991
0.000563
-0.000546
0.000544
0.004303
0.004065
-0.001544
-0.004018
-0.002233
0.000422
0.001224
0.000521
-0.000678
-0.000635
-0.005969
-0.001843
0.004440
0.001722
-0.006915
-0.005774
-0.001385
-0.004843
-0.011259
-0.012096
0.002199
0.003130
-0.003700
-0.002672
-0.001648
-0.006698
-0.012936
-0.012895
-0.005788
-0.002297
-0.006160
-0.001079
0.004118
-0.002486
-0.011215
-0.015586
-0.016477
-0.013542
-0.005938
0.004595
0.009568
-0.001907
-0.017108
-0.022703
-0.013768
-0.005777
-0.009713
-0.007667
0.004791
-0.000517
-0.023127
-0.022447
-0.006356
-0.006415
-0.014486
-0.008152
-0.004262
-0.020317
-0.022473
-0.008789
-0.003763
-0.001227
0.011778
0.011960
-0.024216
-0.060489
-0.052609
-0.017400
0.006725
0.023333
0.033971
0.016800
-0.032181
-0.066877
-0.065071
-0.033587
0.006160
0.033677
0.036736
0.004586
-0.038443
-0.054382
-0.044628
-0.024925
0.002129
0.021997
0.023655
-0.001943
-0.038170
-0.056891
-0.047237
-0.015613
0.013845
0.021245
0.010122
-0.008744
-0.030579
-0.043131
-0.033897
-0.009786
0.013318
0.013021
-0.004944
-0.022870
-0.036904
-0.032440
-0.012198
0.006690
0.005876
-0.005199
-0.010946
-0.012174
-0.022071
-0.034160
-0.016848
0.009094
0.017212
-0.002852
-0.020620
-0.023480
-0.023911
-0.016424
0.005764
0.004131
-0.011320
-0.009821
-0.009139
-0.001218
-0.009296
-0.023876
-0.020255
-0.001613
0.007056
0.005773
-0.010837
-0.007497
0.002178
-0.005256
-0.013207
-0.016303
-0.021165
-0.006874
0.011109
0.009534
0.003101
-0.014407
-0.011308
-0.014636
-0.009682
0.000142
0.006005
-0.001983
-0.008393
0.003959
0.001963
-0.007415
-0.008465
0.006824
0.009582
-0.013229
-0.022845
-0.018062
-0.000480
0.014990
0.023994
0.020743
-0.000441
-0.015317
-0.020848
-0.015704
-0.003405
0.008395
0.018153
0.021298
0.006442
-0.007981
-0.001689
0.002711
0.007656
0.010419
0.009199
-0.002496
-0.012084
-0.005983
-0.007220
0.012071
0.018838
0.026783
0.009392
-0.002643
-0.016422
-0.017385
-0.005526
0.019388
0.026216
0.002104
0.010737
-0.009444
-0.002625
-0.000008
0.026346
0.021995
0.000686
-0.012966
-0.015516
-0.002051
0.003218
0.024890
0.026443
0.019591
-0.006664
-0.025911
-0.022296
0.003515
0.017049
0.041317
0.055340
0.030441
-0.041171
-0.075798
-0.034908
0.023525
0.055405
0.039447
0.029199
-0.001604
-0.013204
-0.025329
-0.014833
0.010371
0.031777
0.039538
0.005671
-0.012973
-0.031923
-0.025332
0.015918
0.060451
0.045264
0.010746
-0.021007
-0.035079
-0.032338
-0.010727
0.038954
0.058795
0.040995
-0.000368
-0.015630
-0.026788
-0.015689
0.012938
0.041795
0.044130
0.007387
-0.014509
-0.010995
0.008320
-0.002372
0.012000
0.041054
0.039461
0.022841
-0.003248
-0.022812
-0.056137
-0.043340
0.030816
0.089436
0.070625
0.012092
0.014073
0.014295
-0.009052
-0.027212
-0.048073
-0.027991
-0.002013
0.059804
0.106741
0.062606
-0.016566
-0.049978
-0.023803
-0.000562
0.007670
0.016817
0.025540
0.042191
0.003477
-0.041591
-0.030733
0.005077
0.076440
0.092317
0.056390
-0.016492
-0.083148
-0.072522
-0.017536
0.034557
0.057150
0.028861
0.026534
0.009283
-0.007244
-0.006171
-0.009095
0.000253
-0.006329
0.010388
0.044980
0.025701
-0.026210
-0.005276
0.029294
0.049946
-0.005260
-0.057837
-0.045962
-0.004630
0.053724
0.085205
0.039334
-0.041965
-0.068935
-0.051625
-0.004648
0.038106
0.033940
0.046426
0.039527
-0.006861
-0.038576
-0.046309
-0.004085
0.037447
0.028729
-0.000253
-0.024449
-0.031569
-0.013495
-0.007119
0.046767
0.083624
0.032922
-0.047337
-0.074840
-0.042987
0.002271
0.029050
0.081090
0.078381
0.019025
-0.018414
-0.057726
-0.035676
-0.020932
0.009949
0.034626
0.010102
0.011552
0.000419
-0.017496
-0.008011
0.025210
0.019005
0.023335
-0.016599
-0.026437
-0.011535
0.006664
0.061553
0.039157
-0.007656
-0.032153
-0.024311
-0.007595
0.046193
0.016624
-0.003270
-0.025464
-0.037667
0.006665
0.009824
0.000870
0.022839
0.024103
0.017724
0.044994
-0.015632
-0.022139
0.005665
0.008645
-0.000133
-0.043324
-0.047661
0.008507
0.056981
0.053915
0.023577
-0.053420
-0.059237
-0.040785
-0.026688
0.012071
0.040511
0.050776
0.021588
-0.035753
-0.073361
-0.021792
-0.011085
0.049463
0.074680
0.047746
0.014516
-0.049289
-0.109665
-0.130283
-0.046219
0.041549
0.133954
0.088106
0.019384
-0.063063
-0.138105
-0.081852
-0.008466
0.074628
0.062432
0.034254
-0.017070
-0.043109
-0.060098
-0.055792
-0.018091
-0.005156
0.052381
0.037398
-0.000986
-0.078347
-0.092888
-0.027892
0.046366
0.068680
0.039743
-0.024282
-0.088422
-0.117946
-0.069322
0.046423
0.056593
0.082619
0.065365
-0.004505
-0.091108
-0.171600
-0.102292
0.008724
0.083085
0.099664
0.042055
-0.029435
-0.071156
-0.107594
-0.080884
-0.005034
0.059358
0.065588
-0.003930
-0.043175
-0.023186
-0.025335
-0.042997
-0.043832
-0.034673
0.003549
0.010915
0.013776
-0.011876
-0.022446
-0.007762
0.035515
0.033206
-0.048912
-0.118520
-0.111871
-0.010216
0.090543
0.117052
0.068048
-0.047765
-0.141358
-0.128705
-0.054934
0.053838
0.079808
0.057258
0.004305
-0.038692
-0.065291
-0.048428
-0.038188
-0.022816
0.014407
0.048732
0.046171
-0.033403
-0.107194
-0.078866
0.023366
0.037223
0.055375
0.030570
-0.009709
-0.051643
-0.058839
-0.027675
-0.026517
-0.038202
-0.001372
0.080546
0.066160
-0.002310
-0.091371
-0.097056
-0.044117
0.009552
0.055361
0.029310
0.005433
-0.024289
-0.020494
-0.006657
-0.002503
-0.007493
-0.016169
0.014027
0.014165
-0.004756
-0.056477
-0.052992
0.017084
0.056316
0.029210
-0.021261
-0.037254
-0.054588
-0.045880
-0.007388
0.048074
0.068268
0.051623
0.013532
-0.038195
-0.085332
-0.062245
-0.031558
0.018391
0.063480
0.044017
0.073478
0.048809
-0.032274
-0.094366
-0.102888
-0.029436
0.028596
0.052253
0.080152
0.066065
0.024056
-0.059624
-0.080968
-0.055563
0.032751
0.100802
0.057348
-0.000562
-0.078369
-0.073857
-0.015362
0.072331
0.092023
0.035618
-0.017745
-0.040623
-0.043077
-0.045463
0.025236
0.050292
0.068663
0.058788
0.018388
-0.012029
-0.057327
-0.047731
-0.030946
0.033077
0.052585
0.044131
0.030909
0.000255
-0.010708
0.021989
0.029019
-0.002127
-0.031151
-0.023225
0.009987
0.006652
0.007594
0.053636
0.096513
0.044272
-0.032264
-0.101014
-0.061356
-0.000583
0.091043
0.123460
0.037474
-0.049707
-0.044505
0.024358
0.026082
-0.010848
-0.040847
0.028083
0.030916
0.034163
0.031312
0.010942
0.025540
0.026455
0.022769
-0.047808
-0.067651
-0.039274
0.061260
0.086076
0.057846
0.047395
0.013402
-0.003224
-0.094671
-0.088696
-0.008733
0.088151
0.129956
0.076460
-0.006332
-0.103963
-0.061946
0.010511
0.069979
0.070948
0.006475
-0.014794
-0.040336
-0.024175
0.022838
0.082536
0.087666
0.046140
-0.039996
-0.078784
-0.063761
-0.026237
0.057002
0.080828
0.073767
0.056209
0.022918
-0.063528
-0.105374
-0.088374
0.034820
0.146846
0.127759
0.036922
-0.062246
-0.079710
-0.036166
-0.005536
0.004848
0.051441
0.081024
0.090496
0.011422
-0.070007
-0.076166
-0.018135
0.060723
0.076660
0.005916
-0.044882
-0.011535
0.007666
0.053164
0.025869
-0.013286
-0.003616
0.009896
0.026259
0.021641
0.002682
-0.020486
-0.007646
0.005016
0.044987
0.025614
-0.032607
-0.021191
0.047307
0.062453
0.002714
-0.050321
-0.048763
0.005734
0.034494
0.031175
0.016489
-0.020332
-0.015679
0.033765
0.060609
0.049379
-0.013995
-0.057490
-0.055552
-0.010343
0.009668
0.038176
0.043708
0.033081
0.015410
-0.027472
-0.037578
-0.031999
0.035671
0.089123
0.071985
-0.020194
-0.091044
-0.072992
-0.038629
0.023637
0.069604
0.079748
0.062282
-0.012868
-0.066806
-0.047518
-0.029893
0.018246
0.041626
0.018203
0.014306
-0.021156
0.002633
0.013527
-0.011508
-0.025183
0.007696
0.025354
-0.006614
-0.018720
-0.009978
0.019873
0.003365
-0.019398
0.025982
0.035178
0.008112
-0.032085
-0.067460
-0.011348
-0.005015
0.011576
0.067272
0.055449
-0.014431
-0.072492
-0.080541
-0.021641
0.022349
0.027923
0.026855
0.008451
-0.009777
-0.010330
-0.014471
-0.025594
-0.033311
-0.002684
0.052011
0.058177
-0.008701
-0.091609
-0.104643
-0.086928
0.011427
0.082076
0.123918
0.079412
-0.004236
-0.070415
-0.121688
-0.130312
-0.044115
0.072597
0.124531
0.094701
-0.023406
-0.092371
-0.110916
-0.049699
-0.011035
0.045350
0.037517
0.009396
-0.000229
-0.036283
-0.020021
-0.046189
-0.032241
-0.001703
-0.003360
-0.005147
-0.000299
0.010893
0.010678
0.019402
-0.022637
-0.023309
-0.055392
-0.084725
-0.012815
0.023710
0.055661
0.038397
0.004603
-0.051419
-0.096123
-0.071786
0.003837
0.070195
0.032344
-0.002618
-0.031950
-0.037709
-0.024830
-0.038844
-0.024009
0.010583
0.028055
0.017116
-0.021750
-0.058617
-0.011089
0.011158
0.017164
-0.019608
-0.080225
-0.051432
-0.008550
0.012049
0.028248
0.022960
0.002924
-0.007302
-0.052014
-0.079357
-0.074979
-0.003472
0.101687
0.095888
0.006643
-0.073862
-0.136993
-0.078956
-0.002476
0.039029
0.054457
0.042507
0.000015
-0.054482
-0.070725
-0.103356
-0.012008
0.023581
0.066262
0.042777
-0.062651
-0.066017
-0.046044
0.042791
0.059085
0.023186
-0.056602
-0.079384
-0.036357
-0.010666
-0.022084
-0.018556
0.050503
0.078930
0.030720
-0.038887
-0.103714
-0.100663
-0.029115
0.015733
0.030210
0.014160
-0.007119
0.000115
0.023085
0.012710
0.004708
-0.013883
-0.024869
-0.053031
-0.077074
-0.049062
-0.014460
0.037907
0.086312
0.097148
0.022862
-0.067945
-0.141966
-0.125919
-0.043063
0.058461
0.161902
0.111555
-0.015914
-0.127535
-0.120979
-0.040289
0.053938
0.075503
0.034288
0.015235
-0.036143
-0.036157
-0.039075
-0.055343
-0.025992
0.049178
0.119078
0.045326
-0.070975
-0.110489
-0.061730
0.037501
0.077019
0.043585
-0.020975
-0.039463
-0.023271
0.008886
0.002995
-0.024713
-0.020853
0.023208
0.052628
0.023440
-0.045573
-0.052488
0.002479
0.033839
0.014525
-0.006977
-0.010603
-0.014924
0.029391
0.048073
0.018971
-0.052975
-0.055479
-0.022253
0.030113
0.037683
0.019173
-0.000348
-0.017953
0.024990
-0.018089
-0.038768
0.000957
0.070837
0.073951
-0.001024
-0.074295
-0.072204
-0.024568
-0.002874
0.077099
0.082190
0.051021
0.016259
-0.052889
-0.053246
-0.044661
-0.040389
0.017968
0.073345
0.082589
0.040363
-0.030341
-0.035353
0.007629
0.001183
0.001230
-0.007252
-0.017589
-0.022589
-0.001372
0.073031
0.116406
0.072651
-0.052461
-0.101437
-0.080463
-0.003810
0.083478
0.093624
0.050240
-0.031101
-0.047422
0.004080
0.046260
0.051471
0.031206
-0.000517
-0.007722
-0.008973
-0.039193
-0.021465
0.022086
0.091981
0.123060
0.044298
-0.075631
-0.106385
-0.085217
0.028019
0.144716
0.118370
0.068647
0.000579
-0.077229
-0.064348
-0.045143
-0.015880
0.084270
0.103627
0.098585
0.000926
-0.076258
-0.058659
0.018014
0.032233
0.069712
0.053593
-0.015461
-0.036217
-0.022229
0.051673
0.044848
0.046304
0.007018
0.026462
-0.018608
-0.016668
0.005711
0.025318
0.048268
0.017285
0.012872
-0.014543
0.003377
0.004032
0.032638
0.017470
0.010283
-0.001958
0.027836
0.056027
0.021422
0.006527
-0.007659
0.021980
0.008893
-0.004467
-0.016522
0.010138
0.037066
0.067495
0.058505
-0.036201
-0.063872
-0.038867
0.039378
0.100855
0.072617
0.007131
-0.043118
-0.048106
0.002261
0.040992
0.038612
0.019881
0.012975
0.008259
0.022068
-0.004448
-0.007747
-0.006504
0.011892
0.055176
0.027068
-0.005283
-0.058545
-0.000951
0.069441
0.069571
0.031495
-0.021243
-0.052929
-0.036907
0.012292
0.028249
0.038070
0.017175
0.009531
0.021639
-0.003122
-0.036240
-0.010661
0.044645
0.091979
0.039488
-0.063602
-0.083285
-0.043493
-0.001575
0.058549
0.095513
0.088088
0.022381
-0.079888
-0.094551
-0.056783
0.006836
0.033837
0.059842
0.059291
0.032477
-0.001388
-0.021603
-0.065425
-0.084260
-0.016042
0.037364
0.083866
0.047998
0.026789
-0.001798
-0.046014
-0.082223
-0.068726
-0.017883
0.028555
0.088792
0.063225
0.035483
-0.036847
-0.079858
-0.058755
-0.027945
0.015431
0.022810
0.055600
0.029352
-0.040350
-0.104707
-0.069866
0.047627
0.084701
0.074338
0.000501
-0.089542
-0.116336
-0.073563
-0.003776
0.071897
0.049844
0.034336
0.022612
-0.025607
-0.076870
-0.108187
-0.060976
0.019578
0.082628
0.050180
0.027981
-0.036584
-0.075365
-0.093977
-0.051865
0.007178
0.016288
0.056819
0.036350
0.013197
-0.033576
-0.052716
-0.054319
-0.063958
-0.033251
0.006784
0.035235
0.008454
-0.026000
-0.032232
-0.017763
0.003880
0.013703
-0.016945
-0.030411
-0.018660
0.012685
0.003700
-0.070547
-0.098253
-0.066140
0.021303
0.085566
0.076298
-0.000731
-0.089426
-0.093920
-0.051134
0.004351
0.055788
0.043594
0.025462
-0.057863
-0.074414
-0.063112
-0.037865
0.003376
0.024253
0.058280
0.009915
-0.019444
-0.091117
-0.085019
-0.047185
-0.006328
0.060699
0.080353
0.047770
-0.047751
-0.093618
-0.098167
-0.049082
0.019184
0.044857
0.044379
0.023619
-0.026729
-0.043589
-0.070492
-0.059873
-0.002387
0.006376
0.025912
0.021391
0.004577
-0.003556
-0.010852
-0.036004
-0.025162
-0.022379
-0.014320
0.025531
0.006852
-0.026839
-0.048400
-0.032226
0.009325
0.037409
-0.007394
-0.017875
-0.019043
0.006107
0.012610
-0.021833
-0.016043
-0.018706
-0.016051
-0.017561
0.006699
0.006763
0.009270
-0.014457
-0.014807
-0.028443
-0.049345
-0.016663
0.030558
0.068689
0.019672
-0.043995
-0.070973
-0.025181
0.031840
0.024573
0.005240
-0.011156
0.012420
0.017913
-0.028292
-0.052979
-0.049710
-0.001589
0.041272
0.045233
0.019278
-0.032545
-0.052801
-0.021410
0.017031
0.011450
-0.015815
-0.009729
0.027289
0.035918
-0.008893
-0.043292
-0.020257
0.024623
0.037551
0.025543
-0.024926
-0.045110
-0.035417
-0.008392
0.033734
0.041670
0.032603
-0.001530
-0.028502
-0.033166
-0.023567
-0.002394
0.021000
0.037250
0.056453
0.034373
0.001836
-0.057677
-0.073642
-0.025568
0.028919
0.081863
0.076291
0.010622
-0.052509
-0.054561
-0.018398
-0.000851
-0.001333
0.039728
0.065723
0.043039
-0.014139
-0.026026
-0.031154
-0.040216
0.003218
0.066386
0.086472
0.029959
-0.047367
-0.058476
-0.017279
0.003231
0.021555
0.042796
0.068313
0.037672
-0.034454
-0.058614
-0.021108
-0.001988
0.006783
0.045050
0.075248
0.052907
-0.009953
-0.051595
-0.059693
-0.028103
0.019188
0.067132
0.060587
0.016469
-0.045050
-0.047469
0.037956
0.070411
0.032922
-0.039389
-0.040902
-0.009112
0.011059
0.031600
0.037480
0.012540
-0.018567
-0.016356
-0.017220
0.013153
0.015202
0.024835
0.036004
0.011603
0.006340
0.004720
-0.006277
-0.001940
-0.017070
-0.012272
0.023988
-0.009276
-0.024424
0.005700
0.051752
0.072430
0.022296
-0.040084
-0.050915
-0.021068
0.004736
0.075009
0.063860
-0.013376
-0.056642
-0.057637
0.032263
0.071271
0.051038
0.031495
-0.035572
-0.064338
-0.025334
-0.010968
0.014772
0.059872
0.090250
0.079568
-0.019798
-0.123812
-0.107319
-0.037289
0.065605
0.117445
0.096476
0.059362
-0.022568
-0.072094
-0.073637
0.014017
0.070117
0.063932
0.021858
-0.056294
-0.061387
-0.034867
0.066799
0.087772
-0.007450
-0.026390
-0.008617
-0.000366
0.025378
0.001784
0.011164
0.067679
0.012640
-0.022379
-0.071466
-0.073630
0.019989
0.091121
0.127107
0.085747
-0.028553
-0.124760
-0.120038
-0.057819
0.049403
0.122742
0.110625
0.024933
-0.075530
-0.112957
-0.044756
0.069524
0.097787
0.054871
-0.020182
-0.057592
-0.044202
-0.017900
0.029944
0.038810
0.016257
0.022613
-0.006024
-0.024954
-0.053770
-0.041547
0.018382
0.057627
0.058688
-0.014402
-0.042511
-0.026689
0.044258
0.043166
0.011281
-0.045107
-0.074209
-0.025380
0.001055
0.025463
0.040437
0.072274
0.041010
-0.028510
-0.103409
-0.107820
-0.037720
0.052897
0.113854
0.087123
0.010099
-0.069956
-0.071229
-0.048411
-0.009954
0.011137
0.019126
0.026334
0.026713
0.023561
-0.012887
-0.053068
-0.078792
-0.027733
-0.002032
0.013260
0.024991
0.024457
0.045168
0.056167
0.006458
-0.036658
-0.101508
-0.117761
-0.050206
0.030679
0.109497
0.103536
0.038599
-0.078499
-0.104918
-0.087112
-0.026706
0.047567
0.072772
0.082027
0.033846
-0.063989
-0.127748
-0.124363
-0.047417
0.095424
0.179377
0.132761
-0.012931
-0.179520
-0.178711
-0.066986
0.046851
0.096910
0.080106
0.052583
-0.034797
-0.104200
-0.104799
-0.043266
0.022404
0.082419
0.143703
0.126852
-0.023054
-0.161778
-0.212441
-0.127731
0.004702
0.127028
0.176995
0.130353
0.041974
-0.088112
-0.159417
-0.171636
-0.115146
0.003746
0.147838
0.226577
0.154781
-0.053276
-0.206805
-0.198259
-0.098136
0.032268
0.133182
0.140066
0.079761
0.008641
-0.076340
-0.127967
-0.146782
-0.069537
0.107510
0.170032
0.113668
-0.020214
-0.110938
-0.139078
-0.070617
0.033772
0.069836
0.078019
0.021666
-0.010376
-0.068217
-0.088061
-0.044012
0.072968
0.113561
0.044772
-0.028856
-0.105610
-0.071261
-0.022437
-0.004368
0.059183
0.060441
0.015333
-0.008178
-0.058541
-0.054403
-0.055694
-0.007439
0.071025
0.096335
0.035317
-0.055497
-0.048110
-0.043494
-0.023021
0.005494
0.017696
0.026685
-0.024438
-0.022469
0.032085
0.042593
0.001413
-0.072620
-0.069582
-0.025482
0.021284
0.065552
0.104550
0.073065
-0.046226
-0.097382
-0.077711
-0.047850
-0.023133
0.037935
0.103354
0.091453
0.062695
-0.020796
-0.112470
-0.162403
-0.101971
0.038596
0.109986
0.132097
0.110034
0.042790
-0.064260
-0.158094
-0.120931
-0.008875
0.069592
0.086420
0.054289
0.059532
-0.000712
-0.078053
-0.080743
-0.023423
0.020748
0.048988
0.039307
0.020612
-0.008380
-0.040230
-0.008071
0.031374
0.025836
-0.009026
-0.008459
0.001226
0.014594
-0.017425
-0.021222
0.004439
0.034923
0.030062
0.020935
-0.001100
-0.032546
-0.033997
-0.033839
0.008485
0.038787
0.042228
0.049680
0.018593
-0.019724
-0.036751
-0.045584
-0.034922
-0.010413
0.061445
0.108068
0.068195
-0.046604
-0.109482
-0.072093
0.009035
0.060381
0.062900
0.045092
-0.006887
-0.024997
-0.028638
-0.037543
-0.023181
0.013664
0.058807
0.056062
0.012567
-0.024892
-0.035280
-0.021270
0.000638
0.013956
0.028211
0.011095
-0.004250
-0.021010
0.001133
0.054331
0.048417
0.004150
-0.043350
-0.051520
-0.052815
-0.024854
0.027583
0.098750
0.121102
0.043005
-0.055516
-0.126324
-0.124375
-0.005960
0.098276
0.098183
0.030525
-0.020451
-0.025748
-0.016092
-0.007923
-0.016761
0.014229
0.015928
0.006291
-0.010553
-0.018599
0.027952
0.042541
0.034455
0.002235
-0.033814
-0.046226
-0.032815
0.009705
0.020559
0.025970
0.039153
0.026553
0.011156
-0.010579
-0.020337
-0.021531
-0.014834
-0.006856
0.006210
0.014488
0.032225
0.060268
0.030906
-0.014929
-0.063884
-0.056582
0.008224
0.036688
0.005834
-0.020186
-0.000464
0.040340
0.044500
0.006083
-0.010436
-0.029091
-0.011755
0.004171
-0.001742
-0.009774
-0.008711
0.038315
0.042844
-0.006653
-0.055373
-0.032977
0.020645
0.054088
0.023978
-0.040213
-0.041377
-0.008722
0.043540
0.031201
0.007995
-0.019067
0.000352
0.021616
-0.003982
-0.015461
-0.037488
-0.006221
0.030778
0.028074
-0.013166
-0.039930
-0.003612
0.068377
0.059406
-0.007290
-0.069438
-0.078035
-0.044201
0.010364
0.062018
0.068268
0.055166
-0.000123
-0.043781
-0.072377
-0.062110
-0.016539
0.036131
0.072972
0.053321
0.008616
-0.033898
-0.044686
-0.052607
-0.028266
-0.013878
0.006737
0.057182
0.062799
0.016090
-0.059465
-0.064767
-0.008513
0.038927
0.028826
0.024503
-0.012378
-0.059141
-0.074470
-0.017554
0.061195
0.080130
0.060452
-0.009414
-0.043942
-0.107207
-0.110695
-0.011779
0.075908
0.108116
0.073315
0.006874
-0.034446
-0.088567
-0.117038
-0.052014
0.039662
0.084019
0.073337
0.028944
-0.018778
-0.061451
-0.101951
-0.063649
0.009789
0.072301
0.075053
0.044623
-0.035705
-0.096798
-0.107092
-0.038833
0.071662
0.092813
0.066088
-0.005952
-0.050405
-0.084325
-0.071524
-0.032439
0.021223
0.060024
0.067476
0.040117
-0.019346
-0.067814
-0.076990
-0.036805
0.009002
0.056853
0.046571
0.025147
-0.034224
-0.056791
-0.055252
-0.032737
0.035942
0.055472
0.075519
0.026150
-0.064630
-0.124742
-0.093488
0.023355
0.110683
0.116559
0.050598
-0.059086
-0.125626
-0.117946
-0.042435
0.039109
0.041204
0.068019
0.080234
0.037378
-0.069879
-0.127327
-0.083253
0.002356
0.084768
0.084016
0.043638
-0.035858
-0.062053
-0.008239
0.033551
0.023427
-0.052730
-0.078004
-0.024045
0.046744
0.068129
0.018233
0.001706
-0.021081
-0.037479
-0.049405
-0.014269
0.034885
0.024531
0.036654
0.038656
0.016526
-0.033531
-0.079592
-0.041764
0.018354
0.042889
0.050231
0.012091
-0.011869
-0.027953
-0.035010
-0.018861
-0.015504
-0.013638
0.035516
0.073161
0.064237
0.006509
-0.067248
-0.064316
-0.033392
-0.006155
-0.002485
0.026488
0.074893
0.081227
0.039194
-0.062239
-0.111557
-0.055500
0.009439
0.065092
0.044936
0.031334
0.032366
-0.016927
-0.040188
-0.045222
-0.031041
-0.002108
0.048943
0.073550
0.036947
-0.025294
-0.073239
-0.059271
0.003444
0.053912
0.054732
0.027568
0.002157
-0.044200
-0.063079
-0.044688
0.031269
0.071770
0.042412
0.024715
-0.017174
-0.033527
-0.039479
-0.022786
0.012495
0.026306
0.041273
0.013841
-0.005920
-0.016486
-0.014789
0.019403
0.022830
-0.007407
-0.051218
-0.061820
-0.002472
0.063647
0.071266
0.035257
0.019431
-0.001120
-0.043746
-0.057685
-0.061440
-0.021602
0.010305
0.051499
0.081785
0.069100
0.024965
-0.067627
-0.093357
-0.052349
0.014417
0.052243
0.024702
-0.004183
-0.004583
0.010707
0.039011
0.021120
-0.015688
-0.065266
-0.066346
0.009033
0.054883
0.060428
0.006722
-0.016113
-0.010174
0.018238
0.005157
-0.035738
-0.038070
-0.011853
0.032930
0.049581
0.033680
-0.028846
-0.058282
-0.037799
0.037452
0.078817
0.016962
-0.040420
-0.044165
0.003094
0.049274
0.029354
-0.030508
-0.060121
-0.032352
0.029581
0.061287
0.026903
0.004771
0.009483
0.000375
-0.029158
-0.072491
-0.058421
0.041729
0.102410
0.080678
0.015354
-0.042231
-0.058626
-0.044010
-0.038507
0.000473
0.038675
0.054528
0.056778
0.005368
-0.051268
-0.077900
-0.048498
0.027062
0.097029
0.076397
0.019568
-0.048625
-0.035345
-0.031248
-0.043829
-0.021197
0.022398
0.078104
0.063948
-0.000732
-0.066380
-0.054932
-0.008567
0.033795
0.030374
0.002088
-0.004431
0.009282
-0.004086
-0.018136
-0.021350
0.005470
0.027091
0.011069
-0.009674
0.004592
0.029599
0.000369
-0.023205
-0.041416
-0.030694
-0.007259
0.026954
0.065611
0.056235
-0.009093
-0.068753
-0.062652
-0.030840
0.007721
0.030376
0.027337
0.027193
0.031838
0.018424
0.003071
-0.025434
-0.037066
-0.021930
0.004936
0.006006
-0.015880
-0.035335
-0.027685
0.016207
0.065301
0.081936
0.018343
-0.056130
-0.077463
-0.026772
0.035452
0.035596
0.001958
-0.020235
-0.028950
-0.016377
0.005751
0.023363
0.007323
-0.002929
-0.003568
0.000219
0.014863
0.007175
0.022500
0.017367
-0.026893
-0.050305
-0.045366
-0.018987
0.003774
0.043252
0.072376
0.073615
-0.001138
-0.072846
-0.106032
-0.093178
0.000584
0.082929
0.126177
0.079488
-0.017292
-0.092134
-0.087846
-0.058558
-0.002372
0.055081
0.077597
0.040373
-0.010932
-0.046416
-0.042361
-0.019584
-0.019358
0.031422
0.056176
0.031296
-0.040839
-0.082020
-0.050401
0.039846
0.082006
0.027605
-0.054467
-0.071908
-0.008930
0.057796
0.047134
-0.022204
-0.063734
-0.023488
0.053647
0.067549
0.017295
-0.080988
-0.085873
-0.031649
0.037284
0.061465
0.026417
-0.014825
-0.032360
-0.000440
-0.030944
-0.035083
0.016682
0.083212
0.097912
-0.000536
-0.123671
-0.157252
-0.093295
0.029407
0.163081
0.199251
0.074925
-0.091402
-0.164267
-0.146594
-0.044251
0.011234
0.081371
0.136301
0.110734
0.008058
-0.116422
-0.153896
-0.099831
0.028650
0.121822
0.152467
0.062138
-0.061591
-0.123216
-0.088755
-0.031629
0.023599
0.053625
0.068289
0.061986
-0.014069
-0.063900
-0.078704
-0.031215
0.020734
0.061266
0.051259
0.017149
-0.021369
-0.034980
-0.006902
-0.007921
0.007659
0.005355
0.014359
0.020800
0.009128
-0.006727
-0.033363
-0.027753
-0.001521
0.022619
0.022706
0.006829
0.008341
0.008492
0.008095
-0.003004
-0.025842
-0.005164
-0.007316
0.017652
0.013250
0.003303
-0.001989
-0.014764
0.002275
0.006030
0.034831
0.018268
0.015389
-0.028248
-0.052699
-0.025940
0.011613
0.054054
0.038632
0.009746
-0.026284
-0.039853
-0.029731
-0.006078
0.023645
0.031375
0.025493
0.005823
-0.020126
-0.006479
0.000661
0.003490
0.002069
-0.007300
-0.001050
0.006072
0.022990
0.000831
-0.036407
-0.028909
0.003533
0.028410
0.007824
-0.030496
-0.029037
0.015700
0.047222
0.030731
-0.002783
-0.031687
-0.020195
-0.002640
0.000292
0.002501
-0.010250
-0.010900
0.005744
0.035164
0.024711
-0.035470
-0.060867
-0.026894
0.033123
0.057946
0.025815
-0.003785
-0.030387
-0.039850
-0.018484
0.017073
0.028648
0.007096
-0.017142
-0.015412
0.022502
0.020908
-0.002886
-0.023993
-0.025159
-0.005800
0.007694
0.010927
0.013555
0.004956
0.004713
0.020242
0.010203
-0.029506
-0.059498
-0.024477
0.027626
0.053559
0.035184
-0.008647
-0.025264
-0.022826
-0.011195
-0.012295
-0.013265
0.007321
0.036988
0.050911
0.014925
-0.042455
-0.066164
-0.024254
0.038773
0.058671
0.043675
-0.003837
-0.049129
-0.046547
-0.007198
0.029176
0.017499
-0.000469
0.004626
0.034536
0.007848
-0.050605
-0.062871
-0.008453
0.061404
0.072267
0.019839
-0.047963
-0.051561
-0.029892
0.008510
0.024523
0.025124
0.011358
0.005315
0.005118
-0.005633
-0.027464
-0.039560
-0.021501
0.015121
0.051009
0.038696
0.017402
-0.016632
-0.027693
-0.015905
-0.017405
-0.021742
-0.015105
0.006174
0.041398
0.064334
0.028160
-0.040040
-0.087988
-0.070534
0.000149
0.057600
0.068727
0.046898
-0.009788
-0.043680
-0.040534
-0.038753
-0.028784
-0.009826
0.037013
0.078435
0.060087
-0.032515
-0.093242
-0.080218
0.002632
0.085306
0.083361
0.023885
-0.057401
-0.082991
-0.040819
0.023813
0.032931
0.021285
0.013455
0.023087
0.008563
-0.040395
-0.072105
-0.058960
0.022499
0.092228
0.099921
0.017033
-0.082763
-0.111052
-0.060423
0.020790
0.069584
0.075738
0.059413
0.011701
-0.051665
-0.094392
-0.081472
-0.028005
0.035231
0.082628
0.088234
0.052864
-0.030577
-0.088217
-0.090539
-0.034507
0.026376
0.063776
0.067567
0.021563
-0.020562
-0.048838
-0.018847
0.012976
0.017793
0.003640
-0.014727
-0.019286
-0.004476
0.004663
0.007254
0.034997
0.039840
0.006225
-0.053768
-0.081908
-0.045255
0.030351
0.080277
0.086623
0.054805
-0.008464
-0.084477
-0.120331
-0.073578
0.031713
0.104343
0.087885
0.035917
-0.003537
-0.047043
-0.085024
-0.072002
-0.008665
0.075041
0.094762
0.055620
-0.010731
-0.075116
-0.084824
-0.053449
0.023626
0.077870
0.086979
0.042372
-0.030361
-0.073178
-0.081393
-0.029314
0.037196
0.070440
0.066031
0.031860
-0.022144
-0.065544
-0.082979
-0.046047
0.031436
0.088083
0.064600
0.004758
-0.038567
-0.041583
-0.023691
-0.018713
0.003585
0.024374
0.040493
0.021977
-0.016318
-0.033416
-0.018288
0.008676
0.012500
-0.003398
-0.002847
0.005566
0.021878
0.005896
-0.035026
-0.041027
-0.015838
0.038503
0.057332
0.027777
-0.016492
-0.031842
-0.028989
-0.036404
-0.035857
-0.016701
0.042625
0.096744
0.075153
-0.001236
-0.069665
-0.100500
-0.066534
-0.002440
0.037967
0.068750
0.060004
0.027300
-0.015027
-0.057893
-0.067597
-0.045071
0.015500
0.065396
0.060597
0.008889
-0.039784
-0.057234
-0.023774
0.036767
0.070691
0.043390
-0.024987
-0.069180
-0.060980
-0.019068
0.013029
0.047462
0.066862
0.055883
0.010235
-0.061733
-0.110016
-0.085256
-0.007176
0.084058
0.125389
0.073651
-0.030273
-0.100135
-0.089798
-0.020129
0.036368
0.042766
0.045788
0.035131
0.019390
-0.041208
-0.099143
-0.071809
0.018448
0.103903
0.102323
0.030476
-0.047653
-0.097204
-0.081400
-0.023877
0.037174
0.073070
0.070744
0.049627
-0.008097
-0.071975
-0.105009
-0.064367
0.020666
0.085462
0.087505
0.026795
-0.034635
-0.066717
-0.048344
-0.003642
0.030813
0.045575
0.023216
-0.007236
-0.027146
-0.037595
-0.028096
-0.005707
0.028024
0.046990
0.040368
0.002683
-0.063314
-0.087908
-0.034456
0.058037
0.095068
0.053924
-0.011969
-0.056739
-0.056580
-0.050396
-0.020007
0.035246
0.070506
0.086069
0.050012
-0.031855
-0.116099
-0.138309
-0.057466
0.072429
0.142028
0.100212
0.012835
-0.064655
-0.099923
-0.080697
-0.026341
0.049251
0.104335
0.094350
0.030006
-0.064916
-0.129861
-0.116476
-0.019032
0.100053
0.156373
0.111466
-0.001306
-0.115165
-0.171260
-0.113471
0.017471
0.129845
0.147882
0.081453
-0.005734
-0.079647
-0.122411
-0.112475
-0.037924
0.069710
0.133726
0.109505
0.015834
-0.074410
-0.112547
-0.081463
-0.006269
0.056943
0.084173
0.067589
0.026282
-0.016540
-0.056059
-0.071221
-0.055666
-0.013102
0.047931
0.076149
0.066478
0.008283
-0.046276
-0.063049
-0.049358
-0.016666
0.022330
0.050608
0.049660
0.032247
-0.008065
-0.045116
-0.074364
-0.054914
0.021461
0.086163
0.091313
0.023540
-0.059516
-0.093228
-0.067607
-0.000291
0.061073
0.078104
