-0.007505
-0.007862
-0.008073
-0.008038
-0.008318
-0.008953
-0.008716
-0.008270
-0.008030
-0.008301
-0.008801
-0.009192
-0.009481
-0.009127
-0.009316
-0.009441
-0.009999
-0.010484
-0.010408
-0.010455
-0.010518
-0.010378
-0.009876
-0.010216
-0.010335
-0.010351
-0.010263
-0.010209
-0.010399
-0.010440
-0.010573
-0.010617
-0.010769
-0.010583
-0.010634
-0.010866
-0.010940
-0.010978
-0.011031
-0.011192
-0.011588
-0.011523
-0.011487
-0.011295
-0.011220
-0.011660
-0.012055
-0.012613
-0.013051
-0.013282
-0.013306
-0.013592
-0.013231
-0.013329
-0.013255
-0.013010
-0.012748
-0.012380
-0.012702
-0.012677
-0.012697
-0.012454
-0.012078
-0.012058
-0.012095
-0.011603
-0.011295
-0.011532
-0.011785
-0.011757
-0.011278
-0.010928
-0.010869
-0.010660
-0.010757
-0.010389
-0.009914
-0.009764
-0.009219
-0.009159
-0.008687
-0.008338
-0.008415
-0.008524
-0.008878
-0.008759
-0.008737
-0.008611
-0.008333
-0.008049
-0.007908
-0.007855
-0.007290
-0.007095
-0.007098
-0.006887
-0.007320
-0.007073
-0.006407
-0.006183
-0.006169
-0.006519
-0.006527
-0.006237
-0.006361
-0.006172
-0.005956
-0.005858
-0.005695
-0.005871
-0.005784
-0.005798
-0.005888
-0.006190
-0.005869
-0.006038
-0.006155
-0.006187
-0.006313
-0.005999
-0.005994
-0.005867
-0.006147
-0.006070
-0.006040
-0.005881
-0.005891
-0.006021
-0.005927
-0.005781
-0.005501
-0.005575
-0.005625
-0.005498
-0.005277
-0.005139
-0.004673
-0.004019
-0.003942
-0.003797
-0.003442
-0.002901
-0.002281
-0.001676
-0.001026
-0.000823
-0.000683
-0.000618
-0.000271
-0.000160
-0.000095
0.000132
-0.000165
0.000314
0.000785
0.000615
0.000501
0.000277
0.000302
0.000669
0.000623
0.000670
0.000678
0.000528
0.000771
0.000944
0.001358
0.001426
0.001671
0.001881
0.002196
0.002281
0.002231
0.002228
0.001964
0.002315
0.002767
0.002995
0.002721
0.002191
0.001556
0.001828
0.002035
0.001778
0.001878
0.002119
0.002633
0.002773
0.002960
0.003107
0.003290
0.003794
0.004188
0.004485
0.004279
0.004777
0.004925
0.005076
0.005478
0.005581
0.005955
0.005977
0.006424
0.006658
0.006955
0.007164
0.007476
0.007873
0.007982
0.007705
0.007603
0.007786
0.007796
0.008195
0.008230
0.008491
0.008324
0.008399
0.008408
0.008130
0.008462
0.008493
0.008909
0.009187
0.009359
0.009242
0.009259
0.009521
0.009549
0.009616
0.009471
0.009538
0.009500
0.009630
0.009577
0.009701
0.009800
0.009546
0.009564
0.009538
0.009810
0.009605
0.009520
0.009335
0.009373
0.009632
0.009436
0.009621
0.009774
0.009747
0.009613
0.009470
0.009506
0.009711
0.009560
0.009676
0.009817
0.009659
0.009933
0.010116
0.010337
0.010165
0.009890
0.010418
0.010504
0.010459
0.010545
0.010703
0.010880
0.010788
0.010880
0.010688
0.010709
0.011011
0.011287
0.011250
0.010940
0.011073
0.011272
0.011209
0.011134
0.011179
0.011226
0.011080
0.011172
0.011035
0.010771
0.011162
0.011235
0.011179
0.010538
0.010196
0.010350
0.010443
0.010687
0.010321
0.009845
0.009400
0.009297
0.008765
0.008360
0.008170
0.008218
0.008417
0.008186
0.007878
0.006975
0.006632
0.006502
0.006336
0.005917
0.005514
0.005514
0.005346
0.005377
0.005070
0.004917
0.004594
0.004268
0.004606
0.004684
0.004417
0.003993
0.003710
0.003254
0.002924
0.002865
0.003225
0.003356
0.003044
0.003029
0.002803
0.002814
0.002637
0.002645
0.002362
0.001922
0.001920
0.002030
0.001909
0.001575
0.001343
0.001136
0.001276
0.001244
0.000974
0.000794
0.000707
0.000560
0.000321
-0.000195
-0.000802
-0.001213
-0.001591
-0.002090
-0.002473
-0.002966
-0.003247
-0.003936
-0.004596
-0.004910
-0.004961
-0.005225
-0.005871
-0.006368
-0.006739
-0.006640
-0.007176
-0.007790
-0.007934
-0.008041
-0.008519
-0.009102
-0.009406
-0.009247
-0.009605
-0.010023
-0.010628
-0.010848
-0.010409
-0.010350
-0.010234
-0.010647
-0.010631
-0.011065
-0.011465
-0.011784
-0.012134
-0.012113
-0.012214
-0.011939
-0.012024
-0.011971
-0.012167
-0.012452
-0.012493
-0.012624
-0.012656
-0.012721
-0.012603
-0.012566
-0.012601
-0.012786
-0.012918
-0.013004
-0.012861
-0.012803
-0.012797
-0.012663
-0.012655
-0.012081
-0.012046
-0.012132
-0.011981
-0.011960
-0.011903
-0.012291
-0.012203
-0.012068
-0.011703
-0.011552
-0.011936
-0.012025
-0.011991
-0.011968
-0.012174
-0.012412
-0.012698
-0.012653
-0.012919
-0.012990
-0.012807
-0.012788
-0.012585
-0.012352
-0.012128
-0.012242
-0.012498
-0.012521
-0.012531
-0.012370
-0.012168
-0.012315
-0.012101
-0.011767
-0.011495
-0.011225
-0.011352
-0.011502
-0.011495
-0.011512
-0.011381
-0.011304
-0.011440
-0.011336
-0.011029
-0.010940
-0.011209
-0.011527
-0.011361
-0.011227
-0.010966
-0.011025
-0.011170
-0.010760
-0.010554
-0.010443
-0.010379
-0.010013
-0.009559
-0.009227
-0.008982
-0.008548
-0.008056
-0.007831
-0.007691
-0.007394
-0.006699
-0.005990
-0.005778
-0.005679
-0.005745
-0.005627
-0.005121
-0.004948
-0.004813
-0.005024
-0.004870
-0.004568
-0.004231
-0.003905
-0.003806
-0.003718
-0.003655
-0.003728
-0.003684
-0.003283
-0.003478
-0.003657
-0.003618
-0.003182
-0.002982
-0.002770
-0.002591
-0.002825
-0.002660
-0.002777
-0.002725
-0.002849
-0.002904
-0.002910
-0.003070
-0.002840
-0.002650
-0.002216
-0.001829
-0.001397
-0.001057
-0.000968
-0.000869
-0.000786
-0.000346
0.000328
0.000368
0.000364
0.000585
0.000711
0.000837
0.000824
0.001012
0.001294
0.001792
0.001835
0.002000
0.002410
0.002535
0.002914
0.003234
0.003608
0.003791
0.003894
0.003928
0.003964
0.004060
0.004266
0.004632
0.004942
0.005020
0.005059
0.005082
0.005190
0.005183
0.005178
0.005484
0.005764
0.006246
0.006106
0.006054
0.005896
0.005728
0.005768
0.005721
0.006109
0.006365
0.006713
0.006751
0.007034
0.007243
0.007446
0.007915
0.007906
0.007879
0.007797
0.007839
0.007619
0.007390
0.007665
0.008114
0.008467
0.008552
0.008595
0.008584
0.008716
0.008913
0.009138
0.009372
0.009641
0.009957
0.009953
0.010211
0.010442
0.010755
0.010982
0.010907
0.011072
0.010904
0.011025
0.011300
0.011497
0.011748
0.011629
0.011795
0.011985
0.012084
0.012048
0.011930
0.012283
0.012331
0.012379
0.012625
0.012735
0.012798
0.012854
0.012588
0.012637
0.013111
0.013327
0.013547
0.013168
0.012727
0.012788
0.012967
0.012788
0.012506
0.012161
0.011629
0.011453
0.011567
0.011369
0.011091
0.011191
0.011094
0.010989
0.010776
0.011078
0.011009
0.010768
0.010798
0.010695
0.010945
0.010536
0.010540
0.010284
0.010460
0.011056
0.010970
0.010998
0.010946
0.010880
0.010676
0.010860
0.011115
0.010948
0.010729
0.010731
0.010588
0.010815
0.011126
0.011165
0.011106
0.010672
0.010452
0.010284
0.010078
0.009810
0.009924
0.010078
0.009932
0.009455
0.009020
0.008651
0.008389
0.008466
0.008178
0.007773
0.007274
0.007151
0.006851
0.006644
0.006449
0.006141
0.006270
0.006191
0.005957
0.005744
0.005307
0.004822
0.004323
0.004106
0.004194
0.003844
0.003603
0.003712
0.003394
0.002556
0.001809
0.001542
0.001391
0.000923
0.000552
0.000603
0.000343
-0.000401
-0.001165
-0.001713
-0.002007
-0.002638
-0.002871
-0.003053
-0.003351
-0.004015
-0.004840
-0.005123
-0.005141
-0.004829
-0.004770
-0.004996
-0.005434
-0.005523
-0.005613
-0.005547
-0.005223
-0.005574
-0.005880
-0.005781
-0.005581
-0.005258
-0.005019
-0.005130
-0.005534
-0.005960
-0.006240
-0.006318
-0.006283
-0.006377
-0.006766
-0.006876
-0.007192
-0.007310
-0.006869
-0.006863
-0.007423
-0.008317
-0.008569
-0.008522
-0.008793
-0.009421
-0.010184
-0.010877
-0.011159
-0.011214
-0.011612
-0.012130
-0.012664
-0.012828
-0.012529
-0.012473
-0.012621
-0.013194
-0.014019
-0.014441
-0.014494
-0.014129
-0.014355
-0.014523
-0.014478
-0.014415
-0.014049
-0.014286
-0.014674
-0.015018
-0.014973
-0.014655
-0.014461
-0.014242
-0.014166
-0.014042
-0.013781
-0.012869
-0.012124
-0.011864
-0.011614
-0.011877
-0.012112
-0.011912
-0.011518
-0.011548
-0.011972
-0.012126
-0.011836
-0.011503
-0.011504
-0.011486
-0.011294
-0.011596
-0.011456
-0.010823
-0.010634
-0.010996
-0.011461
-0.011391
-0.011126
-0.010992
-0.010995
-0.011465
-0.011671
-0.011594
-0.011607
-0.011708
-0.012356
-0.012701
-0.013226
-0.013003
-0.012902
-0.012745
-0.012716
-0.012856
-0.012816
-0.012832
-0.012404
-0.012754
-0.013401
-0.014299
-0.014490
-0.014408
-0.014261
-0.014311
-0.014559
-0.014853
-0.015085
-0.015011
-0.014826
-0.014893
-0.015429
-0.015479
-0.015073
-0.014464
-0.014211
-0.013832
-0.013486
-0.013424
-0.012887
-0.012707
-0.012642
-0.012475
-0.012072
-0.011808
-0.011525
-0.010876
-0.010451
-0.010047
-0.010140
-0.009634
-0.009216
-0.009035
-0.008782
-0.008336
-0.007539
-0.006861
-0.006198
-0.005059
-0.004090
-0.003745
-0.003199
-0.002650
-0.002037
-0.001736
-0.000906
-0.000620
-0.000425
0.000330
0.001091
0.001768
0.001975
0.002091
0.002234
0.002774
0.002928
0.002789
0.002297
0.002634
0.003082
0.003354
0.003654
0.003506
0.003247
0.002430
0.001871
0.001059
0.000612
-0.000057
-0.001029
-0.001156
-0.000949
-0.001287
-0.002348
-0.003335
-0.003901
-0.004773
-0.006091
-0.006980
-0.007749
-0.008374
-0.009160
-0.009179
-0.009644
-0.010554
-0.010539
-0.010373
-0.010642
-0.011453
-0.010222
-0.008560
-0.008200
-0.007837
-0.005017
-0.000216
0.002617
0.004940
0.010382
0.015138
0.017387
0.019425
0.022861
0.025368
0.024693
0.024650
0.025980
0.026648
0.024679
0.024063
0.026531
0.028882
0.030117
0.033064
0.037370
0.039910
0.041049
0.042608
0.044853
0.044108
0.043061
0.044624
0.046057
0.045296
0.045234
0.047190
0.046768
0.042719
0.039205
0.038091
0.035456
0.030384
0.026999
0.026337
0.024708
0.023108
0.022536
0.022264
0.020892
0.018523
0.017065
0.015861
0.012104
0.007434
0.004772
0.001369
-0.002963
-0.008504
-0.014418
-0.020508
-0.026376
-0.029119
-0.030644
-0.030669
-0.029464
-0.027594
-0.026215
-0.026407
-0.026115
-0.028670
-0.031446
-0.033423
-0.034702
-0.036034
-0.037685
-0.036757
-0.035564
-0.036595
-0.039084
-0.039818
-0.038983
-0.037374
-0.034387
-0.030207
-0.025657
-0.019996
-0.013027
-0.005734
-0.001006
0.001004
0.003419
0.005738
0.007081
0.007892
0.007967
0.007573
0.007949
0.010511
0.014110
0.016026
0.016459
0.016685
0.017301
0.019261
0.022417
0.025782
0.028236
0.030358
0.033370
0.036364
0.038232
0.038866
0.039289
0.039914
0.040137
0.040445
0.040575
0.040338
0.040247
0.041061
0.041541
0.040251
0.038640
0.037113
0.036085
0.034861
0.033567
0.033275
0.032508
0.031081
0.029284
0.026448
0.023632
0.020058
0.016552
0.013115
0.010131
0.007136
0.004708
0.002058
-0.000056
-0.001039
-0.003414
-0.004636
-0.004913
-0.004612
-0.007361
-0.008906
-0.009352
-0.011336
-0.014407
-0.015548
-0.016081
-0.021166
-0.026777
-0.028805
-0.028752
-0.026091
-0.021239
-0.013955
-0.010708
-0.010887
-0.011695
-0.014649
-0.015573
-0.014791
-0.011331
-0.012893
-0.009031
-0.008951
-0.006344
-0.009857
-0.007516
0.002080
-0.007015
-0.006060
-0.000415
-0.000297
-0.005196
-0.000277
0.003434
0.007241
0.010192
0.008759
0.024813
0.024223
0.007522
0.004435
0.009786
0.005518
0.003683
0.009812
0.016324
0.019274
0.013645
0.017306
0.024446
0.022013
0.008855
0.001580
-0.001058
0.004610
0.004133
0.008428
0.008927
0.003473
-0.008239
-0.009540
0.001735
0.000321
0.020413
0.014241
-0.001992
0.001281
-0.009161
-0.031577
-0.039524
-0.038751
-0.011801
0.003523
0.012124
0.031008
0.011123
-0.049198
-0.094165
-0.083106
-0.036017
0.022130
0.050493
0.046213
-0.007337
-0.074257
-0.104512
-0.083301
-0.022744
0.022446
0.030105
0.014227
-0.015348
-0.053689
-0.071341
-0.047539
-0.011922
0.004367
0.004363
-0.002232
-0.009182
-0.025893
-0.049363
-0.049747
-0.031337
-0.001291
0.023723
0.026374
0.013843
-0.019325
-0.054760
-0.052507
-0.018620
0.014682
0.028538
0.020850
0.006106
-0.010742
-0.015580
-0.017765
-0.016857
-0.010688
-0.002893
0.012201
0.021484
0.019622
-0.000985
-0.022046
-0.020078
-0.008001
0.002045
0.013562
0.012837
-0.001879
-0.021863
-0.028913
-0.013876
0.004166
0.005993
-0.006364
-0.019266
-0.022518
-0.015806
-0.005053
0.001082
-0.009985
-0.024656
-0.022829
-0.008924
-0.004708
-0.008138
-0.020283
-0.026265
-0.018973
-0.012879
-0.006509
-0.011324
-0.024952
-0.025415
-0.013094
-0.005656
-0.010490
-0.025041
-0.031179
-0.017946
-0.002123
-0.002409
-0.015865
-0.028385
-0.028667
-0.012482
0.002870
-0.002821
-0.013663
-0.014456
-0.009776
0.001543
0.005606
-0.008583
-0.016551
-0.010130
0.000148
0.009019
0.005039
-0.005919
-0.002801
0.004073
0.006362
0.010347
0.005179
-0.002063
0.003952
0.011954
0.013869
0.014518
0.007970
0.007064
0.013743
0.015204
0.014875
0.010563
0.003276
0.003058
0.004257
0.009098
0.017280
0.019663
0.014783
0.000590
-0.006352
-0.001301
0.006056
0.009824
0.006148
0.003243
0.003644
0.002942
0.006100
0.000894
-0.013558
-0.018582
-0.003467
0.023189
0.030443
0.004437
-0.029032
-0.036554
-0.015013
0.010539
0.019345
0.005564
-0.013912
-0.003855
0.018633
0.016101
-0.017504
-0.054743
-0.051829
-0.003490
0.044280
0.053190
0.025268
-0.024061
-0.052516
-0.028981
0.007615
0.012271
-0.001575
0.005681
0.027135
0.023273
-0.009984
-0.041181
-0.027164
0.006053
0.030127
0.044057
0.026357
-0.013843
-0.031046
-0.011404
0.015937
0.019078
-0.003924
-0.001442
0.024686
0.037587
0.029280
0.003718
-0.031779
-0.030971
0.012514
0.046143
0.040695
0.009877
-0.010763
-0.001959
0.010323
0.004923
0.008738
0.011971
0.010058
0.010360
0.015564
0.022818
0.012768
-0.017764
-0.016066
0.022253
0.038230
0.015543
-0.002572
0.005232
0.012611
0.002342
-0.001217
0.015371
0.022460
0.008044
-0.009820
0.006264
0.004783
-0.009169
-0.002856
0.012215
0.044514
0.045829
-0.002145
-0.037000
-0.031903
-0.017098
-0.000322
0.029646
0.058333
0.050158
0.005821
-0.028699
-0.028982
-0.016666
-0.008898
0.010285
0.045290
0.052727
0.020075
-0.012409
-0.017335
-0.014407
-0.006966
0.017976
0.037221
0.029020
0.006820
-0.006711
0.001554
0.008054
0.003765
0.013169
0.026040
0.015445
0.004472
0.003545
-0.006872
-0.008670
0.003532
0.023822
0.040951
0.033715
-0.004344
-0.026695
-0.012280
0.008483
0.022305
0.031988
0.022859
0.005448
-0.007063
-0.012023
0.006613
0.014309
0.008057
0.014468
0.021602
0.020369
0.005396
-0.017566
-0.015631
-0.000146
0.012613
0.026969
0.030841
0.019912
-0.004331
-0.022607
-0.016999
-0.002737
0.004852
0.009990
0.018472
0.022918
0.009543
-0.005713
-0.012406
-0.014601
-0.008038
0.003382
0.017240
0.023569
0.017712
0.001900
-0.014509
-0.017861
-0.007273
-0.003483
-0.003360
0.011970
0.021731
0.015255
-0.000597
-0.012784
-0.015418
-0.016909
-0.010506
0.016231
0.031163
0.014156
-0.007979
-0.017128
-0.014112
-0.011448
-0.005478
0.010286
0.023245
0.019869
-0.003646
-0.025521
-0.019486
-0.002439
0.004300
0.009080
0.012751
-0.004205
-0.023607
-0.016849
0.002461
0.013086
0.005703
-0.009885
-0.016446
-0.008281
0.005044
0.017686
0.013078
-0.012568
-0.023315
-0.011729
0.001481
0.008938
0.002283
-0.014935
-0.015798
0.000117
0.009489
0.007169
-0.002988
-0.021399
-0.025616
-0.000708
0.009997
-0.004602
-0.008437
-0.008222
-0.016945
-0.005494
0.000856
-0.016568
-0.016442
-0.009161
-0.002162
0.002137
-0.013026
-0.027287
-0.016929
-0.005165
-0.003532
-0.005077
-0.017111
-0.026945
-0.019971
-0.001001
0.003042
-0.009587
-0.017875
-0.018390
-0.007663
-0.003872
-0.023313
-0.038337
-0.025978
-0.004000
0.005165
0.009419
-0.004942
-0.030560
-0.033190
-0.017797
-0.012620
-0.002912
-0.006546
-0.011515
-0.008255
-0.012736
-0.016540
-0.014375
-0.005496
0.000098
0.006811
-0.011311
-0.026820
-0.012700
0.008774
-0.007503
0.013170
-0.021386
-0.025447
-0.022495
-0.022217
0.010424
-0.008548
0.000805
-0.014445
0.025106
-0.007359
-0.014810
-0.043262
-0.042671
0.003252
0.004899
0.032587
-0.005745
0.002142
-0.023517
-0.044640
-0.004369
0.012289
0.026978
-0.015427
-0.039783
0.009702
-0.008997
-0.032090
-0.027740
0.038089
0.014266
-0.022963
-0.011786
-0.009963
-0.045607
-0.035138
0.050443
0.042092
0.023236
-0.055675
-0.026186
-0.002990
-0.010617
-0.020919
-0.015614
0.002926
0.046181
0.029472
-0.049600
-0.037376
-0.035848
0.018414
0.044905
0.045950
-0.009684
-0.073628
-0.087758
-0.011952
0.061556
0.064109
0.040315
0.007086
-0.032779
-0.090189
-0.063831
-0.003406
0.094726
0.102687
0.036304
-0.024656
-0.078837
-0.096588
-0.092255
0.004260
0.093402
0.119972
0.079143
0.025184
-0.023197
-0.114339
-0.175235
-0.089715
0.053607
0.174793
0.172842
0.078671
-0.040020
-0.127175
-0.138607
-0.076676
0.038705
0.095048
0.094969
0.028596
0.026773
-0.096652
-0.097843
-0.064248
0.024784
0.068129
0.131123
0.098024
-0.067992
-0.062992
-0.135182
-0.071147
-0.065731
0.067846
0.094415
0.066202
0.010220
-0.063556
-0.081223
-0.100388
-0.000168
0.090472
0.128302
0.060416
-0.025644
-0.095064
-0.075575
-0.038892
0.025124
0.072599
0.082995
0.055961
-0.006637
-0.087731
-0.100613
-0.028559
0.026447
0.083306
0.080843
0.049288
-0.018657
-0.069382
-0.073930
-0.055313
-0.005451
0.062669
0.128358
0.082671
-0.000221
-0.063144
-0.098129
-0.068612
0.000110
0.085326
0.078882
0.023587
0.026461
-0.008408
-0.050852
-0.082995
-0.039372
0.054127
0.071646
0.079252
0.052773
-0.018781
-0.048094
-0.057227
-0.035351
-0.019651
0.016006
0.061186
0.062965
0.077417
0.032475
-0.035283
-0.093666
-0.100016
-0.033624
0.070475
0.068619
0.089592
0.070046
0.019408
0.028823
-0.027808
-0.047154
-0.096494
-0.056942
-0.004308
0.057921
0.131715
0.102859
0.097085
0.049057
-0.107425
-0.141877
-0.167236
-0.020888
0.180736
0.161538
0.131034
0.071968
-0.025571
-0.130595
-0.115794
-0.114337
0.006426
0.116811
0.178787
0.153123
0.054788
-0.115637
-0.230679
-0.076233
-0.004767
0.095388
0.090597
0.119335
0.081412
-0.027243
-0.066655
-0.160114
-0.073352
0.016764
0.124755
0.172243
0.120313
-0.035053
-0.169362
-0.166050
-0.090665
0.010074
0.127377
0.238207
0.179052
0.095022
-0.145300
-0.244107
-0.183773
-0.082198
0.062086
0.147331
0.224416
0.155953
0.007185
-0.124720
-0.137152
-0.169901
-0.098776
0.045259
0.203488
0.171213
-0.010507
-0.135379
-0.080054
-0.023386
-0.008853
0.073149
0.063412
0.068717
-0.073340
-0.078208
-0.057664
-0.033166
0.072447
0.120727
0.111648
-0.030881
-0.150673
-0.116561
-0.032048
0.010130
0.039003
0.101715
0.067031
0.007666
0.044497
-0.072598
-0.091158
0.005136
0.024265
0.006811
-0.061085
-0.069224
-0.046780
0.061663
0.120838
0.118070
0.015704
-0.137017
-0.194440
-0.139120
-0.050894
0.006221
0.262996
0.298235
0.063129
-0.176404
-0.247182
-0.103342
-0.043025
0.009953
0.093643
0.092835
0.053796
-0.133922
-0.077345
0.010458
0.032961
0.026891
-0.056289
0.114868
0.132481
-0.001700
-0.255576
-0.211784
-0.073568
0.111933
0.270477
0.140755
-0.009324
-0.204147
-0.174161
-0.096583
0.061524
0.128499
0.153040
0.063737
-0.089052
-0.095116
-0.138303
-0.049802
-0.037849
0.038322
0.174632
0.227090
0.086519
-0.213234
-0.255709
-0.134908
0.001018
0.181619
0.158100
0.077012
0.002019
-0.063095
-0.125516
-0.195019
-0.078524
0.014559
0.146325
0.168127
0.092647
-0.004725
-0.091028
-0.065238
-0.063450
-0.104371
-0.039997
0.050996
0.075844
0.083697
0.045956
0.096037
-0.035860
-0.189370
-0.156852
-0.025489
0.113377
0.046057
-0.011350
0.018036
0.088271
-0.047476
-0.206385
-0.116028
0.052131
0.156356
0.137414
0.031171
-0.087050
-0.070229
-0.109484
-0.134436
-0.108301
0.069676
0.226111
0.187210
0.162378
-0.030147
-0.227653
-0.311886
-0.164928
0.118995
0.237039
0.214057
0.023980
0.008250
-0.027255
-0.142451
-0.119923
-0.084075
0.044265
0.042170
0.033377
0.052871
0.029406
0.027849
-0.035447
-0.017206
-0.012825
-0.035613
-0.012578
-0.007988
0.002159
0.018732
0.007878
-0.010159
-0.049369
-0.113281
0.024007
0.127375
0.103439
-0.013470
-0.114396
-0.060746
0.004293
0.022095
-0.003011
0.016993
0.024747
0.042891
0.072166
0.004940
-0.116965
-0.178533
-0.086392
0.170079
0.153147
-0.103359
-0.157312
0.054739
0.163066
0.031329
-0.162038
-0.214796
0.043690
0.204345
0.162933
0.057571
-0.120938
-0.142199
-0.081052
-0.062107
0.031083
0.165261
0.207441
0.104709
-0.134745
-0.304488
-0.280962
-0.157672
0.167638
0.436739
0.314901
-0.098100
-0.353058
-0.273680
-0.006565
0.092894
0.028730
0.065960
0.170095
0.152635
-0.057113
-0.233247
-0.208418
0.041110
0.132721
0.127069
0.012037
-0.057705
-0.037027
-0.042060
-0.009730
-0.053603
-0.011357
0.083555
0.222416
0.172976
-0.031926
-0.260727
-0.297195
-0.071025
0.111046
0.213036
0.222001
0.138580
-0.038637
-0.199748
-0.304084
-0.275375
0.018380
0.332682
0.427836
0.210278
-0.142793
-0.370278
-0.298088
-0.040037
0.142490
0.209579
0.160576
0.058512
-0.091671
-0.150772
-0.171267
-0.149057
0.050551
0.284898
0.334326
0.127236
-0.238422
-0.356357
-0.233343
-0.003891
0.216090
0.276364
0.184762
-0.037984
-0.139187
-0.277525
-0.185303
0.061264
0.232203
0.298336
0.168671
-0.086649
-0.390220
-0.352045
-0.072373
0.302294
0.361833
0.186433
0.052281
-0.125222
-0.273584
-0.320135
-0.085139
0.188677
0.345368
0.255394
0.028882
-0.146725
-0.294755
-0.257491
-0.029743
0.213830
0.216136
0.109569
0.028504
-0.062895
-0.070242
-0.186342
-0.096802
0.144387
0.219587
0.170523
0.010389
-0.070457
-0.242064
-0.247324
-0.060844
0.204023
0.434984
0.187096
-0.153670
-0.236206
-0.092512
0.059880
0.051114
0.049517
0.042203
-0.069820
-0.136690
0.009535
0.214889
0.146447
-0.071724
-0.166199
-0.051225
0.054668
0.020899
0.057353
0.087065
0.054670
-0.043173
-0.072059
-0.056843
-0.034530
0.005540
0.118448
0.120635
0.007284
-0.062261
-0.040126
0.048089
-0.068402
-0.202467
0.006778
0.268058
0.196581
-0.024994
-0.230122
-0.077455
0.067118
0.004758
0.066741
0.122421
0.130829
-0.096607
-0.316724
-0.164644
0.113153
0.312137
0.175451
-0.012153
-0.062432
-0.163666
-0.221591
-0.126088
0.116732
0.271684
0.183680
-0.030937
-0.121761
-0.118605
-0.023069
-0.013629
-0.042436
0.022039
0.103876
0.129527
-0.043364
-0.136177
0.057741
0.128042
0.045469
-0.135761
-0.191858
-0.016380
0.077032
0.093638
0.034684
0.144023
0.086109
-0.109146
-0.278033
-0.187899
0.160291
0.325174
0.178011
-0.203511
-0.251408
-0.060106
0.188071
0.081611
-0.149628
-0.112084
0.082466
0.159410
-0.003089
-0.099700
-0.019102
0.087446
-0.124632
-0.172319
-0.030860
0.303159
0.337039
-0.032861
-0.245512
-0.229001
-0.047986
-0.176850
-0.140259
0.212547
0.557651
0.368209
-0.284901
-0.569631
-0.320223
0.075783
0.089942
0.115523
0.266162
0.314875
0.067207
-0.373061
-0.372424
-0.150118
0.143573
0.187539
0.110545
0.115071
0.095183
-0.059629
-0.409226
-0.289930
0.102159
0.340277
0.198121
-0.087942
-0.022762
0.056654
-0.076757
-0.287686
-0.294013
0.091233
0.363387
0.269918
0.072583
-0.127776
-0.201158
-0.175136
-0.235497
-0.091426
0.229689
0.410278
0.279507
-0.161452
-0.424389
-0.314131
-0.014278
0.159421
0.206896
0.197096
0.147746
0.010066
-0.247513
-0.346250
-0.248261
0.090603
0.371749
0.244437
0.055147
-0.162162
-0.186988
-0.126856
-0.168974
-0.027589
0.114596
0.211734
0.133924
-0.095546
-0.248168
-0.152894
0.005334
0.156608
0.189967
0.018024
-0.085785
-0.124582
-0.071489
0.010534
-0.006239
-0.001084
0.019015
0.053271
0.080254
-0.063838
-0.179403
-0.017693
0.175634
0.149616
0.006080
-0.289042
-0.223581
0.091859
0.266661
0.254231
-0.010362
-0.190796
-0.226758
-0.046515
0.007185
-0.036354
0.001136
0.140051
0.355650
0.219945
-0.194505
-0.444583
-0.369664
-0.018967
0.403955
0.395992
0.006226
-0.246291
-0.142974
0.120931
0.130988
-0.149556
-0.213213
0.026848
0.237261
0.243897
0.014479
-0.260580
-0.301617
-0.101629
0.171666
0.272036
0.100389
-0.036205
0.033437
0.097357
-0.095309
-0.358634
-0.317738
0.060893
0.337493
0.362735
0.165808
-0.104930
-0.249128
-0.313257
-0.166742
0.061817
0.196353
0.245527
0.215777
0.025323
-0.223556
-0.362550
-0.305638
-0.019191
0.327019
0.397273
0.178390
-0.004536
-0.220597
-0.344510
-0.270666
-0.065018
0.242381
0.358613
0.269290
0.007728
-0.296436
-0.329681
-0.096787
0.193722
0.249789
-0.026997
-0.182076
-0.024237
0.142464
0.156277
-0.055336
-0.209079
-0.088196
0.081200
0.168836
0.125661
-0.139117
-0.240655
-0.096017
0.111742
0.310010
0.193149
-0.047390
-0.297180
-0.227656
0.059254
0.175943
0.111355
-0.084139
-0.030353
0.097383
0.148118
-0.069168
-0.303660
-0.187722
0.159120
0.413572
0.167790
-0.245974
-0.315603
-0.069868
0.154085
0.186037
0.053998
-0.042832
-0.088864
-0.032872
0.056095
0.055462
-0.083562
-0.167756
-0.055080
0.164256
0.355533
0.147017
-0.207158
-0.396772
-0.216860
0.148156
0.287015
0.191447
-0.009201
-0.046796
0.034054
-0.058149
-0.246045
-0.259752
0.067097
0.385494
0.412240
0.100998
-0.379794
-0.396114
-0.147404
0.119021
0.156074
0.178869
0.237970
0.183850
-0.022205
-0.295821
-0.322874
-0.220597
0.137753
0.310321
0.246363
0.121073
-0.052713
-0.181850
-0.274488
-0.164386
0.077751
0.273673
0.260587
0.067143
-0.115008
-0.204364
-0.226534
-0.069083
0.069386
0.222858
0.267522
0.089563
-0.044346
-0.244430
-0.207717
-0.187911
-0.050491
0.267626
0.434872
0.253569
-0.196681
-0.426085
-0.343871
0.059452
0.277393
0.267005
0.179608
-0.026406
-0.193262
-0.301254
-0.158631
0.159471
0.234156
0.157254
0.022917
-0.050490
-0.105349
-0.117575
-0.060850
-0.055371
0.156416
0.266237
0.102021
-0.079797
-0.230840
-0.065266
0.066859
-0.010636
-0.111913
-0.034260
0.281218
0.359776
0.048395
-0.381466
-0.309488
-0.095113
0.211587
0.337747
0.163529
-0.063697
-0.258696
-0.181758
-0.012427
0.158346
0.078635
-0.004752
0.060349
0.176742
-0.000414
-0.359266
-0.291294
0.156361
0.461483
0.158030
-0.295982
-0.216648
0.023870
0.142154
-0.000842
-0.108168
-0.020397
0.064411
0.145750
0.066093
0.039483
-0.141267
-0.238962
-0.048368
0.029497
0.086165
0.095307
0.157505
0.164973
-0.020866
-0.273292
-0.416497
-0.206242
0.162134
0.391783
0.320613
0.037707
-0.184080
-0.172845
-0.135869
-0.157075
-0.085790
0.150634
0.286333
0.138118
-0.099128
-0.135376
-0.098664
-0.053970
-0.053695
0.019122
0.159442
-0.043769
-0.127375
0.029951
0.224835
0.155061
-0.056073
-0.219073
-0.245345
0.010450
0.106322
0.157937
0.130147
0.003848
-0.003602
-0.092010
-0.065157
-0.059841
-0.137269
-0.043826
0.111105
0.310886
0.016555
-0.289186
-0.169259
0.055381
0.280261
0.035834
-0.205487
-0.243932
-0.027150
0.219398
0.170614
0.061737
-0.101941
-0.130293
-0.154283
-0.070161
0.071840
0.097539
0.113210
0.053749
0.051621
-0.008925
-0.233922
-0.292866
-0.049160
0.293058
0.291429
0.053667
-0.158711
-0.290361
-0.104621
0.115527
0.186472
0.062818
-0.111761
-0.002462
0.035487
-0.066305
-0.110397
-0.063871
0.101727
0.164731
0.089218
-0.093912
-0.270428
-0.144373
0.120414
0.212431
0.083369
-0.120693
-0.084077
-0.031649
-0.017868
0.033346
0.039679
0.056576
-0.005371
-0.047780
-0.088026
-0.135490
0.010071
0.140354
0.167469
0.132917
-0.076871
-0.225832
-0.264759
-0.111989
0.145044
0.260529
0.218518
0.122997
-0.101440
-0.274434
-0.259884
-0.095855
0.130215
0.228379
0.227716
0.031001
-0.119509
-0.230079
-0.138358
0.037890
0.033977
0.072497
0.226407
0.177351
-0.129440
-0.315772
-0.296231
0.074491
0.395249
0.309803
0.021371
-0.229085
-0.317680
-0.119440
0.027860
0.091358
0.233898
0.177370
0.041600
-0.223475
-0.249819
-0.064695
0.129117
0.211361
0.038082
-0.005311
-0.076364
-0.116339
-0.043374
0.028847
0.159973
0.197267
-0.046425
-0.275921
-0.246037
0.006058
0.264815
0.257993
0.068443
-0.127128
-0.122671
-0.089148
-0.126783
-0.117359
0.061509
0.325276
0.319667
0.010867
-0.398416
-0.392949
-0.007180
0.235533
0.284781
0.169971
-0.073152
-0.228793
-0.204242
-0.086927
0.103125
0.242099
0.199961
0.034263
-0.221051
-0.264992
-0.129274
-0.007147
0.172971
0.299556
0.273003
0.000579
-0.314822
-0.448073
-0.245625
0.147564
0.369517
0.435748
0.310568
-0.034670
-0.400874
-0.567876
-0.244838
0.248514
0.414229
0.238494
0.009995
-0.045811
-0.139490
-0.147820
-0.103864
0.012928
0.189158
0.215221
0.128657
-0.195042
-0.371380
-0.213317
0.182625
0.475647
0.331557
0.014537
-0.352305
-0.410184
-0.163331
0.082779
0.291332
0.273060
0.125702
-0.055808
-0.181402
-0.213084
-0.201579
0.012137
0.261821
0.366388
0.233334
-0.105051
-0.332553
-0.319869
-0.178411
0.049194
0.268257
0.349871
0.250931
0.005876
-0.256339
-0.376010
-0.281996
0.029640
0.334760
0.385463
0.174402
-0.094358
-0.229659
-0.316360
-0.187846
0.051388
0.328295
0.380990
0.173486
-0.101148
-0.378967
-0.399055
-0.192952
0.127644
0.390903
0.375255
0.129100
-0.149193
-0.363004
-0.290412
-0.047486
0.246287
0.337842
0.236916
-0.039499
-0.365772
-0.416328
-0.135316
0.125292
0.326005
0.337896
0.173544
-0.035213
-0.260274
-0.141376
-0.078957
-0.042526
0.041257
0.101885
0.022274
-0.028399
0.032786
0.070115
0.189524
0.119216
-0.129418
-0.239319
-0.282434
-0.144712
0.161728
0.250043
0.292533
0.207780
-0.102451
-0.331051
-0.315507
-0.075658
0.127770
0.226778
0.188586
0.118076
-0.027740
-0.142300
-0.190727
-0.180821
0.001203
0.185058
0.239445
0.007075
-0.137326
-0.063638
0.003490
0.017802
-0.006042
-0.034570
0.008876
0.029172
-0.015472
-0.041467
0.021879
0.082638
0.046681
-0.029462
-0.111921
-0.068887
-0.031245
0.108761
0.192086
0.075850
-0.048650
-0.159055
-0.074745
0.001547
-0.001644
0.003906
0.037212
0.121205
0.093214
-0.099100
-0.187559
-0.038494
0.121029
0.117979
-0.020221
-0.150723
-0.140317
0.026003
0.142369
0.129332
0.049071
-0.040559
-0.043157
-0.039501
-0.131167
-0.098369
0.048386
0.161436
0.232330
0.055851
-0.210929
-0.297609
-0.211980
0.092446
0.338349
0.298776
0.063459
-0.191790
-0.268624
-0.212992
-0.157166
0.044976
0.304674
0.428537
0.231523
-0.121828
-0.351080
-0.409948
-0.166442
0.081045
0.310398
0.297531
0.097180
-0.090195
-0.244503
-0.191840
-0.061673
0.100073
0.156751
0.186788
0.052889
-0.092565
-0.250347
-0.288001
0.047661
0.266422
0.268241
0.056474
-0.196426
-0.249886
-0.131642
0.006660
0.142666
0.165358
0.104072
0.010351
-0.087903
-0.174875
-0.186819
-0.030644
0.123650
0.258845
0.169703
-0.067650
-0.224197
-0.245429
-0.085532
0.135203
0.172967
0.136981
0.055722
-0.051987
-0.110544
-0.207230
-0.164670
0.034750
0.285248
0.230542
0.011456
-0.141573
-0.205928
-0.193135
-0.045808
0.174173
0.238142
0.144859
-0.123032
-0.226197
-0.142263
0.038765
0.170130
0.105882
0.031195
-0.085832
-0.115436
-0.084403
-0.065335
0.031490
0.040762
0.131074
0.154128
-0.005753
-0.117195
-0.136132
-0.088373
-0.058753
-0.067563
0.047566
0.240267
0.297886
0.094891
-0.203552
-0.338990
-0.313482
-0.056431
0.247677
0.372041
0.214318
-0.017410
-0.190873
-0.234329
-0.234083
-0.144343
0.097442
0.266318
0.382600
0.190070
-0.154653
-0.468490
-0.443403
-0.038704
0.307375
0.459089
0.256961
0.026080
-0.198248
-0.342325
-0.247908
-0.043405
0.168737
0.225531
0.145512
-0.027415
-0.186328
-0.167906
0.046729
0.192566
0.149476
-0.017692
-0.153507
-0.156405
-0.147678
-0.021362
0.205517
0.235927
0.184535
-0.022149
-0.241683
-0.341327
-0.268426
0.115475
0.339979
0.332806
0.152461
-0.116731
-0.264283
-0.271384
-0.267825
-0.019523
0.288455
0.371757
0.272659
0.023585
-0.257826
-0.492489
-0.353654
0.046957
0.438555
0.503399
0.135320
-0.235411
-0.386565
-0.309238
-0.066023
0.149922
0.312398
0.284264
0.148385
-0.157439
-0.435214
-0.381261
-0.058071
0.336814
0.454287
0.249473
-0.089592
-0.319387
-0.360433
-0.112022
0.115070
0.230423
0.226465
0.110381
-0.061709
-0.260179
-0.222055
-0.027305
0.170786
0.184563
0.155871
0.038476
-0.140803
-0.197841
-0.163423
-0.001489
0.161806
0.251523
0.113638
-0.029025
-0.150652
-0.217266
-0.127878
0.094513
0.236054
0.113055
0.028075
-0.045383
-0.053309
-0.033393
-0.045654
-0.073648
-0.043652
0.086988
0.165053
0.074110
-0.028374
-0.071882
-0.036511
-0.038914
-0.108160
-0.047582
0.130418
0.254118
0.178156
-0.062142
-0.341041
-0.278266
-0.084811
0.240860
0.369143
0.227369
0.027021
-0.173350
-0.267575
-0.272494
-0.067504
0.087776
0.325289
0.262045
0.109671
-0.133155
-0.294137
-0.174495
-0.063368
0.148296
0.299546
0.312707
0.028129
-0.295260
-0.404083
-0.211431
0.142425
0.322122
0.321597
0.062403
-0.243059
-0.245069
-0.200468
0.012495
0.151280
0.254377
0.173411
-0.084233
-0.204704
-0.229293
-0.097392
-0.001503
0.189376
0.330301
0.194807
-0.088593
-0.254579
-0.217070
-0.069383
0.076185
0.153308
0.082186
0.008684
-0.029817
-0.023484
0.030564
0.010556
-0.025581
-0.015143
-0.052932
-0.010115
0.027825
0.067362
0.111214
0.049494
-0.014173
-0.212411
-0.167651
0.004603
0.165733
0.206010
0.079560
-0.050780
-0.191641
-0.125222
-0.005987
0.088985
0.171934
0.158854
0.036229
-0.140247
-0.240563
-0.086775
0.125391
0.196253
0.119596
0.050974
-0.108479
-0.216170
-0.147881
-0.005397
0.183837
0.230968
0.114352
-0.094844
-0.154083
-0.217360
-0.087906
0.063024
0.212508
0.290915
0.082141
-0.130617
-0.322951
-0.217000
0.036737
0.271884
0.162304
-0.081947
-0.071611
0.024232
0.070729
-0.045608
-0.074593
-0.035799
0.027522
0.046222
0.000991
0.006597
0.056664
0.103663
-0.072259
-0.149738
-0.135111
-0.041228
0.144536
0.210792
0.068962
-0.119942
-0.117860
-0.074199
0.024541
0.063999
0.016410
-0.064125
-0.008074
0.003749
0.012074
0.047325
0.084308
-0.003925
-0.111991
-0.076256
-0.068644
-0.018536
0.094422
0.194143
0.094934
-0.091635
-0.238777
-0.195653
0.008060
0.183815
0.105114
0.075128
0.081482
-0.022205
-0.094710
-0.133470
-0.143592
-0.081133
0.054715
0.117428
0.193188
0.151521
-0.082893
-0.175614
-0.148036
-0.144493
-0.048955
0.155321
0.263334
0.085522
-0.107852
-0.248785
-0.151694
0.100919
0.120122
0.154988
0.090223
-0.152330
-0.235164
-0.106953
0.002225
0.108902
0.213278
0.108320
0.010784
-0.060501
-0.162900
-0.122104
-0.039266
-0.062806
0.017839
0.144815
0.182251
0.193810
-0.004564
-0.299911
-0.215569
0.000721
0.061257
0.125150
0.059695
-0.038417
-0.027244
0.061530
-0.002127
-0.010973
-0.066822
-0.173434
0.033461
0.172894
0.118598
0.085552
-0.079210
-0.243477
-0.152208
-0.040107
0.075662
0.224165
0.170151
-0.096139
-0.083661
-0.012309
-0.013751
0.161526
0.086676
-0.078015
-0.156347
-0.305119
-0.113583
0.125220
0.235227
0.266027
0.163028
0.027712
-0.151222
-0.254767
-0.276981
-0.087739
0.114306
0.243646
0.213357
0.072663
-0.078658
-0.294633
-0.192884
0.014538
0.094038
0.235121
0.223931
0.031210
-0.132952
-0.233983
-0.205997
-0.070266
0.051505
0.168083
0.238600
0.143388
-0.016373
-0.139408
-0.277281
-0.243870
0.012581
0.299840
0.319055
0.112124
-0.162210
-0.251054
-0.163822
-0.091361
0.042936
0.108182
0.148486
0.170625
0.093944
-0.118245
-0.189239
-0.175949
-0.044848
0.117052
0.197141
0.148334
-0.038060
-0.255839
-0.220680
0.028229
0.194255
0.256005
-0.036150
-0.125939
-0.115929
0.036498
0.130960
-0.029531
-0.142260
-0.035936
0.103850
-0.004702
0.013170
-0.124815
-0.004056
0.197794
0.164356
0.011160
-0.213689
-0.185416
-0.112446
0.094306
0.148922
0.103345
0.075067
-0.047843
-0.106278
-0.108592
-0.048941
0.058638
0.191514
0.093409
-0.046436
-0.209173
-0.174851
0.001301
0.192006
0.148520
-0.047339
0.049671
0.024026
0.072780
-0.047295
-0.266601
-0.280299
0.033808
0.371771
0.316251
0.058146
-0.277663
-0.279342
-0.042660
0.084485
0.036644
0.031826
0.127478
0.133330
0.074838
-0.036917
-0.258318
-0.331275
-0.073919
0.247351
0.396657
0.183032
-0.087815
-0.250251
-0.179600
-0.043583
-0.025702
0.080252
0.101984
0.194395
0.169540
-0.094851
-0.304406
-0.366665
-0.034622
0.297029
0.337364
0.198484
-0.113469
-0.242228
-0.198135
-0.080946
-0.063154
-0.017330
0.070718
0.239846
0.276614
0.174533
-0.086740
-0.436608
-0.356352
-0.023939
0.342310
0.335988
0.087675
-0.101150
-0.146682
-0.217631
-0.170036
-0.046073
0.133207
0.211420
0.139082
0.162843
0.059016
-0.148336
-0.383174
-0.234367
0.139561
0.352194
0.199477
-0.123047
-0.225597
-0.064435
0.086711
0.060884
0.012860
-0.047060
-0.046735
-0.029955
0.045723
0.120028
0.037062
-0.070278
-0.071832
0.010659
0.083131
0.001613
-0.064038
-0.028799
0.027088
0.093940
0.015216
-0.079396
-0.087246
-0.009376
0.081600
0.061694
-0.057914
-0.078818
0.001441
0.115714
0.189880
0.092970
-0.098536
-0.266249
-0.178922
-0.047832
0.080877
0.250027
0.208757
0.039568
-0.065470
-0.100256
-0.070958
-0.068904
-0.052685
-0.027336
-0.018306
0.047060
0.120288
0.107545
-0.027571
-0.039708
-0.035057
-0.026079
-0.030834
-0.032438
0.026588
0.035511
0.014301
-0.091448
-0.114416
-0.016777
0.152282
0.248366
0.099058
-0.128360
-0.176018
-0.049492
0.075725
0.082178
-0.042452
-0.112006
-0.051182
0.013332
0.034994
0.043338
0.031167
0.016025
0.074859
0.095553
-0.053748
-0.135489
-0.129433
-0.090022
0.073193
0.121361
0.087310
0.071159
0.030705
-0.008414
-0.049141
-0.052286
-0.004434
0.008235
-0.101120
-0.159955
-0.122873
0.112630
0.364216
0.356934
0.021741
-0.284882
-0.341344
-0.269860
-0.028708
0.210506
0.360827
0.260879
0.035514
-0.197703
-0.309409
-0.281760
-0.072211
0.267132
0.398029
0.241806
-0.166866
-0.367050
-0.249734
0.020319
0.179522
0.080540
0.082883
0.166865
0.111442
-0.026997
-0.166964
-0.297584
-0.244940
-0.021925
0.278280
0.371343
0.225067
-0.014447
-0.195536
-0.188927
-0.213153
-0.148189
0.070568
0.255153
0.236695
0.048879
-0.033474
-0.086339
-0.186359
-0.170204
-0.007922
0.177139
0.130307
0.088690
-0.007813
-0.115223
-0.128338
0.025840
0.136283
0.111005
0.037297
-0.209432
-0.158065
0.046788
0.088526
0.131721
0.137694
-0.082963
-0.135085
-0.137513
-0.036824
0.108974
0.081287
0.097152
0.076505
0.050097
-0.105101
-0.204329
-0.076684
-0.000581
-0.003403
0.029644
0.159384
0.140484
-0.013301
-0.109306
-0.038712
0.149817
0.119553
-0.113401
-0.214124
0.024889
0.104574
-0.003914
-0.227541
-0.142540
0.141677
0.264658
0.165853
-0.147462
-0.111452
-0.003141
0.142425
0.059489
-0.166058
-0.158322
-0.049496
0.096224
0.082943
0.079760
0.156925
0.138380
-0.069990
-0.289045
-0.355830
-0.198142
0.107942
0.283406
0.446864
0.280925
-0.192473
-0.489669
-0.344412
0.117652
0.247367
0.098108
-0.057469
0.087827
0.233512
-0.039651
-0.366014
-0.413828
0.061905
0.481786
0.342676
-0.113390
-0.409088
-0.204409
0.088236
0.110545
-0.131157
-0.174647
0.224694
0.559688
0.301429
-0.271613
-0.545907
-0.315569
0.017252
0.110589
0.140980
0.204090
0.170721
-0.044199
-0.255875
-0.213405
0.018898
0.043955
0.021975
0.113190
0.216232
0.140357
-0.140567
-0.351249
-0.280448
-0.003919
0.218422
0.341855
0.290563
0.051705
-0.340245
-0.519027
-0.285282
0.097515
0.338355
0.239486
0.163601
0.162633
0.019816
-0.249447
-0.414615
-0.252833
0.019495
0.193768
0.199735
0.135079
0.067343
-0.018750
-0.110993
-0.126254
-0.159602
-0.081923
0.006129
0.057183
0.259540
0.281593
0.028791
-0.253055
-0.264427
-0.084824
-0.018442
-0.011711
0.117801
0.292962
0.200497
-0.166622
-0.358289
-0.221033
-0.062245
-0.000149
0.196511
0.338628
0.282169
-0.113074
-0.426808
-0.287526
0.050094
0.249949
0.128159
0.046148
-0.000251
0.002947
-0.052831
-0.123570
-0.127898
-0.085822
0.046720
0.186625
0.145490
-0.030890
-0.160005
-0.071457
0.110912
0.075483
0.013984
0.024410
0.069592
-0.049544
-0.222902
-0.215350
0.016912
0.213277
0.140974
0.038968
-0.021903
-0.010163
-0.030899
-0.094909
-0.075781
0.035631
0.116627
0.083385
0.053741
-0.014644
-0.083487
-0.136955
-0.073515
0.101334
0.147891
0.013055
-0.143180
-0.114300
0.017766
0.079230
-0.004008
-0.085956
0.065871
0.219481
0.195928
0.016523
-0.277475
-0.325685
-0.132164
0.113166
0.225476
0.196575
0.123271
-0.047665
-0.167504
-0.213764
-0.125355
0.024102
0.095990
0.146263
0.137233
0.148242
0.021097
-0.222523
-0.268753
-0.129370
0.138794
0.227632
0.114335
-0.004449
-0.119938
-0.073058
0.012257
0.070950
0.072259
0.026199
-0.024147
-0.095621
-0.167558
-0.135207
0.064938
0.241528
0.232901
0.037134
-0.066824
-0.065541
-0.067263
-0.102930
-0.081412
0.034750
0.122633
0.100686
-0.038259
-0.060774
0.045901
0.024421
-0.088236
-0.118502
0.056270
0.193211
0.076699
-0.041619
-0.079102
-0.030035
-0.083174
-0.113070
0.028282
0.222566
0.270694
0.049870
-0.202091
-0.278792
-0.151838
-0.005371
0.134430
0.219019
0.237327
0.105162
-0.146543
-0.342654
-0.307807
-0.014607
0.284652
0.372721
0.180619
-0.088488
-0.245207
-0.233348
-0.107535
0.089639
0.209304
0.227600
0.108482
-0.118108
-0.252762
-0.250214
-0.059175
0.162170
0.230707
0.152075
0.048136
0.030857
-0.006018
-0.119548
-0.168325
-0.110450
0.002272
0.167016
0.210042
0.029686
-0.168222
-0.224172
-0.044801
0.144174
0.155496
0.121023
0.065153
0.001513
-0.078038
-0.182326
-0.215719
-0.048831
0.145031
0.228964
0.146240
-0.018226
-0.077225
-0.089768
-0.086601
-0.128968
-0.088655
0.051852
0.193309
