0.005286
0.002392
0.001531
0.002928
0.004579
0.005155
0.004976
0.004706
0.004684
0.004561
0.003680
0.002818
0.002996
0.004856
0.007450
0.007547
0.005940
0.004316
0.004302
0.005720
0.007037
0.007211
0.006521
0.006131
0.006280
0.006485
0.006071
0.005291
0.004130
0.004626
0.006496
0.008360
0.008468
0.009120
0.010418
0.010853
0.010257
0.007394
0.004526
0.001755
0.002058
0.005906
0.010646
0.013964
0.013626
0.010789
0.006786
0.003697
0.002704
0.004010
0.007370
0.010965
0.012933
0.011133
0.006730
0.002917
0.003269
0.007009
0.010670
0.012110
0.010641
0.007964
0.004945
0.003808
0.004757
0.006855
0.009721
0.013123
0.013534
0.010506
0.005977
0.001850
-0.001019
-0.000323
0.006121
0.014432
0.019943
0.019293
0.013468
0.005545
-0.003985
-0.012015
-0.006886
0.008153
0.024311
0.032271
0.026486
0.013952
-0.000114
-0.010604
-0.013419
-0.005577
0.010619
0.025465
0.030523
0.023262
0.010031
-0.000482
-0.007494
-0.009219
-0.002618
0.011150
0.023156
0.026225
0.018627
0.006475
-0.001066
-0.002512
-0.001254
0.002519
0.010146
0.017699
0.020013
0.015672
0.010202
0.006220
0.001577
-0.003310
-0.002296
0.006773
0.016606
0.018198
0.015138
0.010096
0.005452
0.005709
0.005291
0.000800
-0.004435
-0.001264
0.009363
0.017615
0.018698
0.014345
0.008083
-0.002602
-0.011169
-0.009784
0.001812
0.017444
0.019867
0.009799
0.000191
-0.004423
-0.003709
0.004826
0.014530
0.009030
-0.006535
-0.014608
-0.006635
0.009812
0.019547
0.018996
0.007423
-0.007957
-0.017314
-0.013423
-0.000066
0.011144
0.013787
0.004830
-0.001021
-0.000349
0.000875
0.000612
-0.005497
-0.012160
-0.013750
-0.008091
0.006266
0.017712
0.015054
0.001706
-0.013967
-0.024970
-0.025237
-0.010921
0.010773
0.022696
0.013844
-0.006286
-0.026311
-0.029554
-0.011803
0.004409
0.008704
0.000217
-0.013856
-0.022283
-0.021684
-0.012293
0.000504
0.005115
-0.005266
-0.017750
-0.016912
-0.014684
-0.009477
-0.007535
-0.014236
-0.018871
-0.025843
-0.014527
0.003875
0.007397
-0.006174
-0.023977
-0.037699
-0.044344
-0.031980
-0.006200
0.014001
0.014229
-0.006689
-0.030727
-0.047150
-0.049412
-0.028381
-0.012977
0.006330
0.014392
0.000035
-0.018517
-0.041266
-0.047352
-0.037248
-0.026561
-0.004554
0.013006
0.005006
-0.007142
-0.011630
-0.026126
-0.055215
-0.064844
-0.042588
0.003022
0.030228
0.030162
0.011153
-0.030748
-0.073571
-0.083059
-0.044079
0.008905
0.040673
0.033493
-0.001996
-0.043186
-0.067341
-0.060728
-0.026781
0.012260
0.028977
0.012999
-0.021596
-0.046613
-0.045926
-0.027626
-0.007271
0.005652
0.004167
-0.007880
-0.021775
-0.028563
-0.025901
-0.019165
-0.012534
-0.004318
-0.000580
-0.003523
-0.012523
-0.027047
-0.030903
-0.017646
-0.002682
0.002784
-0.004736
-0.017408
-0.019054
-0.015494
-0.005875
0.000643
-0.003471
-0.014104
-0.024644
-0.017644
0.000314
0.010443
0.000427
-0.005119
-0.008700
-0.016167
-0.014970
-0.009738
0.003952
0.007490
-0.001769
-0.008846
-0.008088
-0.005239
-0.004684
0.000842
0.005600
0.004465
-0.007176
-0.014618
-0.006092
0.004397
0.009388
-0.001366
-0.004117
0.005885
0.006781
-0.001175
-0.010539
-0.013025
-0.000383
0.015371
0.016762
0.012560
0.002487
-0.011865
-0.018020
-0.009749
0.001586
0.008090
0.010707
0.016417
0.023163
0.014900
-0.013758
-0.035252
-0.022681
0.011551
0.036941
0.031318
0.004253
-0.015082
-0.011951
0.004075
0.015042
0.010421
-0.001596
-0.004703
0.004749
0.014056
0.014046
0.003174
-0.005887
-0.002884
0.007120
0.014223
0.011142
0.004750
0.001065
0.002409
0.006021
0.007540
0.008491
0.008813
0.001668
0.000577
0.010334
0.014857
0.019294
0.017246
0.006490
-0.005885
-0.012734
-0.002429
0.015579
0.025923
0.024887
0.020219
0.006920
-0.008796
-0.014463
-0.005991
0.013688
0.030399
0.031700
0.017633
-0.005727
-0.019765
-0.010570
0.011192
0.034696
0.038015
0.021648
0.002790
-0.006609
-0.004289
0.010344
0.012512
0.009270
0.017163
0.014652
0.009835
0.007689
0.008663
0.007930
0.000437
0.000351
0.018060
0.031877
0.019381
-0.001450
-0.011030
-0.004045
0.019922
0.035916
0.026826
0.005492
-0.011244
-0.011986
0.003202
0.019765
0.028704
0.024111
0.007658
-0.003341
-0.004855
0.002129
0.017669
0.025653
0.019277
0.005193
-0.003261
0.002544
0.018941
0.024588
0.016261
0.009820
-0.001202
-0.000502
0.011397
0.014241
0.008484
0.004968
0.006971
0.012465
0.013049
0.006139
0.004055
0.007572
0.012605
0.013348
0.007908
-0.000577
0.001375
0.010017
0.018635
0.017327
0.006790
0.000933
0.001626
0.007675
0.011870
0.011413
0.005439
0.001315
0.005437
0.013919
0.015636
0.006656
-0.001191
-0.002345
-0.003869
0.013213
0.032246
0.017118
0.014123
0.015961
0.007256
-0.001655
-0.022670
-0.001343
0.030794
0.027268
0.018191
0.018376
0.009802
-0.012520
-0.018403
-0.003415
0.025288
0.039979
0.028899
0.009885
-0.011020
-0.022001
-0.008598
0.020219
0.037824
0.033696
0.012428
-0.016392
-0.018050
0.007638
0.028336
0.026622
0.010271
-0.004710
-0.006649
0.003347
0.018407
0.027527
0.012761
-0.012514
-0.015093
0.008190
0.025719
0.022185
-0.001020
-0.008291
-0.012535
0.011894
0.022514
-0.002863
-0.004323
-0.003674
0.022759
0.043144
0.039189
0.004395
-0.035939
-0.048707
-0.022374
0.024343
0.036444
0.028982
0.026187
0.013549
-0.018221
-0.050070
-0.049107
-0.001824
0.050358
0.064047
0.028401
-0.029170
-0.064718
-0.047181
0.007797
0.047938
0.042678
0.007498
-0.027440
-0.035508
-0.019102
0.003258
0.012701
0.006655
-0.005347
-0.010808
-0.009187
-0.010157
-0.003517
-0.003899
-0.008622
-0.004091
0.007081
0.005343
-0.012844
-0.026611
-0.026641
-0.013632
0.003980
0.016173
0.010283
-0.009629
-0.032282
-0.033708
-0.017904
-0.004565
0.004012
-0.001651
-0.017712
-0.023019
-0.021398
-0.024044
-0.022331
-0.019303
-0.010674
-0.007169
-0.018479
-0.026579
-0.024844
-0.021815
-0.024672
-0.025109
-0.023937
-0.025186
-0.021452
-0.018153
-0.019601
-0.024632
-0.028190
-0.027650
-0.026829
-0.025355
-0.024742
-0.026574
-0.029561
-0.028363
-0.023420
-0.027991
-0.032645
-0.031078
-0.024554
-0.021079
-0.030869
-0.036582
-0.034523
-0.024921
-0.016780
-0.019779
-0.034720
-0.048681
-0.044066
-0.022973
-0.030151
-0.023879
-0.007122
-0.019000
-0.006249
-0.002623
-0.022501
-0.064877
-0.079238
-0.035629
0.005748
0.006758
-0.006303
0.002341
-0.010632
-0.046847
-0.061849
-0.036282
-0.005346
0.004837
0.003455
0.000347
-0.017143
-0.040147
-0.036908
-0.008232
0.013412
0.001715
-0.007870
-0.010092
-0.012008
-0.021549
-0.013987
0.008299
0.007682
-0.014274
-0.017635
0.013083
0.030043
0.018944
-0.010958
-0.017223
0.001200
0.023517
0.030710
0.021253
0.003843
-0.010790
0.001193
0.028729
0.050769
0.035143
-0.001180
-0.010998
0.015381
0.042152
0.037493
0.018739
0.015992
0.028972
0.032589
0.023510
0.013350
0.016019
0.027177
0.036198
0.042338
0.035385
0.022930
0.011481
0.013626
0.030322
0.043373
0.034069
0.018614
0.014664
0.018982
0.032971
0.036030
0.027544
0.016862
0.013693
0.016193
0.022813
0.009600
0.017132
0.047498
0.043839
0.024086
0.020391
0.026352
0.000900
-0.019223
-0.009136
0.012469
0.016919
0.014697
0.035536
0.035616
-0.012168
-0.050992
-0.034959
-0.004330
0.000820
0.000835
0.008125
0.003236
-0.024885
-0.045380
-0.037573
-0.020618
-0.014863
-0.008954
-0.005740
-0.023975
-0.046124
-0.043577
-0.016222
-0.007834
-0.035124
-0.060429
-0.039766
-0.006380
-0.005277
-0.037923
-0.058573
-0.045170
-0.024590
-0.018671
-0.029752
-0.038591
-0.043212
-0.040063
-0.027162
-0.012414
-0.018075
-0.041817
-0.054866
-0.037423
-0.019321
-0.017442
-0.025397
-0.025862
-0.011284
-0.016231
-0.041181
-0.053252
-0.034555
-0.012391
-0.001156
-0.003685
-0.008365
-0.022603
-0.030892
-0.021388
-0.007893
-0.003270
-0.012821
-0.003119
-0.001464
-0.006088
-0.009263
-0.002434
-0.000943
0.003677
0.021528
0.021456
0.025236
0.036968
0.025305
-0.009218
-0.012982
0.005046
0.017983
0.017241
0.033656
0.067081
0.061259
0.012918
-0.017202
0.000878
0.037881
0.054688
0.043663
0.023612
0.016642
0.024872
0.037788
0.063395
0.054188
0.037787
0.030634
0.023567
0.024923
0.037441
0.039188
0.025578
0.041299
0.055889
0.046780
0.035336
0.047348
0.063995
0.043500
-0.012331
-0.015302
0.054323
0.086297
0.063816
0.033289
0.018897
0.014640
0.043178
0.053487
0.012560
0.012176
0.029197
0.063471
0.031270
0.093075
0.045873
-0.043494
0.032852
0.054406
0.034229
0.033969
0.121513
0.052569
-0.050484
-0.076386
-0.000395
0.056148
0.055418
0.097006
0.134542
0.065899
-0.064549
-0.092836
-0.053281
0.031363
0.100483
0.135362
0.078443
-0.002826
-0.027932
-0.022953
0.020772
0.057374
0.051138
0.020848
-0.045596
0.010858
0.059020
0.062452
0.096022
0.072798
0.000054
-0.092974
-0.083490
0.020303
0.123424
0.022433
-0.027789
0.041118
0.082578
0.047982
-0.119237
-0.109225
-0.032736
0.038620
0.127237
0.161785
0.024242
-0.170748
-0.208698
-0.102027
0.078017
0.132103
0.099195
0.053081
-0.038524
-0.114635
-0.137856
-0.130663
-0.036189
0.095078
0.103312
-0.061625
-0.087831
-0.065293
-0.116055
-0.052720
0.052654
0.096756
0.023449
-0.118794
-0.186498
-0.192699
-0.089000
0.025178
0.124907
0.153296
-0.010096
-0.115311
-0.157993
-0.069937
-0.068824
-0.071693
-0.097038
-0.068650
0.029100
0.010938
-0.002721
-0.039055
-0.001219
-0.141299
-0.182144
-0.106899
-0.003665
0.135009
0.110566
-0.017721
-0.169462
-0.258832
-0.178445
-0.099320
-0.016156
0.157363
0.172526
0.055079
-0.107464
-0.137108
-0.217242
-0.205100
-0.056282
0.031661
0.070375
0.099230
0.041039
-0.102001
-0.189701
-0.212122
-0.067678
0.099904
0.093915
0.024623
-0.053521
-0.139797
-0.130224
-0.177104
-0.163120
0.018939
0.199069
0.217324
0.034138
-0.179415
-0.280481
-0.220791
-0.007863
0.117395
0.090914
0.012827
-0.083487
-0.093302
-0.072219
-0.060897
-0.013698
0.053659
0.060188
0.043655
0.030432
-0.064057
-0.191888
-0.221919
-0.048248
0.141424
0.152275
0.072876
-0.041494
-0.121746
-0.094177
-0.009392
0.059112
0.016973
-0.062757
-0.038150
0.028868
0.114603
0.105853
0.005934
-0.093346
-0.099975
-0.011429
0.034676
0.040684
0.050966
-0.013976
-0.027079
0.029255
0.026949
0.006111
-0.036876
-0.040602
-0.014376
0.048535
0.029623
0.055808
0.062190
0.036072
0.022404
-0.066966
-0.125022
-0.118071
0.014602
0.143748
0.120406
-0.029926
-0.001745
0.100092
0.047636
-0.131330
-0.252932
-0.077509
0.243160
0.318256
0.116537
-0.115192
-0.207018
-0.055596
0.082935
0.110853
0.192144
0.246316
0.180995
-0.023436
-0.160364
-0.083927
0.054890
0.163397
0.207743
0.171248
0.164120
0.099545
-0.033961
-0.059549
0.041256
0.200699
0.283450
0.233687
0.079709
0.010937
0.039173
0.106380
0.067529
0.174706
0.218352
0.148107
0.051206
-0.072772
0.045530
0.022817
0.055282
0.116685
0.141028
0.065795
0.004613
0.116449
0.096343
-0.046631
-0.102547
-0.013686
0.131552
0.209609
0.094432
-0.076462
-0.160533
-0.059285
0.094756
0.101072
-0.028048
-0.147590
-0.116294
-0.005214
0.045452
-0.042540
-0.191081
-0.205555
-0.070381
0.015763
-0.038926
-0.123779
-0.146466
-0.090826
-0.083586
-0.162165
-0.254517
-0.203096
-0.094440
-0.109704
-0.166778
-0.172688
-0.040475
-0.025441
-0.190814
-0.340294
-0.309004
-0.107602
0.037614
0.058489
-0.108198
-0.221701
-0.224868
-0.190648
-0.160367
-0.091491
-0.034023
0.002806
-0.018738
-0.192738
-0.077418
-0.027560
-0.045218
-0.018210
0.000120
-0.037249
-0.166354
-0.142836
-0.020209
0.108476
0.081628
0.091501
0.159113
0.066879
-0.234629
-0.361304
-0.180156
0.178591
0.367916
0.321469
0.176977
-0.013462
-0.150618
-0.164674
0.057331
0.245648
0.339427
0.153695
-0.098243
-0.128881
0.014841
0.184844
0.241714
0.272191
0.246065
0.115495
-0.017014
-0.114619
-0.093805
0.164246
0.360054
0.394762
0.236248
0.027870
-0.085606
-0.030259
0.112259
0.210889
0.296879
0.291602
0.231657
0.086028
-0.076919
-0.075941
0.147337
0.298949
0.288677
0.173841
0.050281
0.119201
0.083498
-0.041765
0.048524
0.288557
0.369127
0.219146
-0.015726
-0.123424
0.002262
0.186796
0.315736
0.272879
0.157353
-0.011273
-0.026473
0.045388
0.104803
0.219922
0.154767
0.156350
0.174691
0.169110
0.152254
0.055999
0.042690
0.091144
0.213701
0.200743
0.094412
0.053794
0.130278
0.272055
0.263293
0.083172
-0.098211
-0.021731
0.054688
0.149090
0.250514
0.208503
0.128712
0.028810
-0.057692
-0.101158
-0.052722
0.021708
0.146293
0.209646
0.157253
0.068535
-0.048396
-0.194847
-0.220663
0.012804
0.193984
0.219708
0.187993
-0.009510
-0.210151
-0.224886
-0.101905
0.013023
0.067578
0.057808
0.172258
0.170363
-0.104124
-0.351457
-0.447900
-0.218593
0.141440
0.288847
0.064245
-0.252165
-0.312392
-0.267326
-0.143345
-0.016095
0.014903
0.004157
-0.144087
-0.250942
-0.265338
-0.181715
-0.103566
-0.016957
-0.046735
-0.132898
-0.100455
-0.144150
-0.184525
-0.275744
-0.242085
-0.071972
0.041674
-0.025680
-0.176745
-0.228130
-0.160902
-0.063607
-0.130284
-0.238453
-0.232518
-0.132449
-0.014652
-0.065376
-0.227990
-0.218677
-0.122011
-0.058667
-0.064493
-0.174852
-0.233675
-0.222922
-0.234765
-0.193207
-0.116058
-0.112517
-0.080590
-0.037969
-0.153362
-0.329010
-0.372648
-0.178245
0.081699
0.154671
-0.027607
-0.307495
-0.302268
-0.167887
-0.025193
0.041486
-0.041757
-0.022914
0.043788
0.015273
-0.084814
-0.172035
-0.234485
-0.159070
-0.059156
0.058219
0.106445
0.055660
0.039847
-0.094878
-0.210629
-0.138435
0.118117
0.260669
0.118019
-0.138002
-0.254963
-0.087738
0.207442
0.399282
0.187005
-0.235193
-0.339106
-0.018334
0.289723
0.265526
0.046224
-0.072193
0.041037
0.044324
0.030180
0.077572
0.005016
0.100716
0.194622
0.174482
0.155235
0.053340
-0.080719
-0.137462
0.060878
0.280328
0.368714
0.162846
-0.133132
-0.112890
0.005663
0.053980
0.081221
0.116098
0.165310
0.305275
0.215445
-0.121821
-0.276232
-0.105922
0.178621
0.332018
0.305087
0.147404
-0.001559
-0.172422
-0.191261
-0.001583
0.171294
0.206215
0.148580
0.112235
0.054326
-0.016342
-0.085367
-0.098173
0.003166
0.198518
0.216200
0.074117
-0.092651
-0.187995
-0.067007
0.191858
0.348321
0.169692
-0.108346
-0.264355
-0.141981
0.038356
0.083037
0.075832
0.068445
0.030252
-0.030077
0.032528
0.015429
0.038209
0.014074
-0.021637
0.109308
0.061469
-0.093751
-0.174356
-0.040590
0.116537
0.124654
0.046197
-0.088119
-0.054225
0.016829
0.066355
0.040992
-0.105918
-0.114201
0.059367
0.172225
0.126819
0.056748
-0.097702
-0.108925
-0.023442
0.073558
0.207096
0.146276
0.013990
-0.182365
-0.161889
0.049901
0.193113
0.121765
-0.071950
-0.000878
0.150774
0.224883
0.081987
-0.159032
-0.176407
0.034515
0.238417
0.239388
0.085456
-0.112151
-0.125834
0.033685
0.083045
-0.002444
0.020125
0.153972
0.120766
-0.016007
-0.061536
0.028160
0.116995
0.034348
-0.019184
0.005936
0.103722
0.068886
0.013430
0.096236
0.042019
-0.045749
-0.089926
-0.063382
0.028209
0.053005
-0.010138
-0.024353
0.026927
0.082445
0.090544
0.047187
-0.065333
0.021105
0.129392
-0.036422
-0.178577
-0.184809
0.022712
0.216524
0.054969
-0.282170
-0.177281
0.134576
0.284992
0.068908
-0.272258
-0.178748
-0.085623
0.082519
0.141679
-0.007127
-0.105965
-0.066611
0.114260
0.079892
-0.048867
-0.118175
-0.026802
0.115983
0.070285
-0.188288
-0.379122
-0.216408
0.125395
0.356811
0.276744
0.063500
-0.076559
-0.163734
-0.194397
-0.162259
-0.032495
0.103043
0.104600
0.080477
0.205607
0.223068
-0.046339
-0.361440
-0.436769
-0.139590
0.324713
0.452284
0.229891
-0.003790
-0.066569
0.044717
-0.023814
-0.288093
-0.311823
-0.017734
0.336412
0.398117
0.119067
-0.102080
-0.047468
0.091922
0.051407
-0.082096
-0.113780
0.037983
0.212440
0.207376
0.075365
-0.110971
-0.106130
0.045142
0.180666
0.250775
0.145061
-0.004324
-0.131085
-0.073862
0.138493
0.095812
-0.078257
-0.096677
0.019325
0.307861
0.316316
0.097647
-0.239762
-0.359222
0.024135
0.290610
0.329189
0.061222
-0.169066
-0.234281
-0.117224
0.075070
0.045570
-0.065320
-0.172488
-0.037432
0.071607
0.030697
-0.185578
-0.363246
-0.282845
0.009371
0.199129
0.051926
-0.075677
-0.229776
-0.220150
-0.121728
-0.031383
0.033667
0.013458
-0.049599
-0.190682
-0.310931
-0.282341
-0.176956
-0.090269
-0.028332
-0.035543
-0.055809
-0.181655
-0.312377
-0.345153
-0.240003
-0.046354
0.082339
0.035122
-0.136160
-0.248368
-0.300143
-0.272905
-0.141599
-0.029390
-0.045842
-0.078485
-0.168288
-0.214118
-0.157826
-0.074676
-0.037511
-0.110113
0.002519
-0.001063
-0.113141
-0.084271
-0.090750
-0.129628
-0.155434
-0.129703
-0.115749
-0.072051
0.069015
0.223958
0.146727
-0.125598
-0.377221
-0.410794
-0.173162
0.174092
0.343151
0.104113
-0.129245
-0.206705
-0.166409
0.013007
0.225906
0.312815
0.103085
-0.089296
-0.127110
-0.123204
-0.101027
-0.004573
0.164911
0.270015
0.287748
0.176818
-0.101452
-0.265379
-0.130031
0.097411
0.200918
0.216541
0.188290
0.166201
0.143768
0.044093
0.018806
0.033107
0.111886
0.174840
0.115070
0.132173
0.146728
0.080417
-0.015555
0.031970
0.183629
0.296047
0.318562
0.224149
0.100449
-0.014117
0.006765
0.082600
0.117940
0.196923
0.207834
0.208677
0.179659
0.076025
0.085475
0.089475
0.118342
0.227303
0.264598
0.186805
0.106279
0.103680
0.122965
0.145193
0.173953
0.189357
0.174770
0.118465
0.071362
0.064950
0.228188
0.350849
0.288950
0.276329
0.171443
0.045948
0.025086
0.142351
0.201765
0.208947
0.233000
0.288503
0.361133
0.250152
0.220434
0.104090
0.066106
0.052497
0.185089
0.419049
0.359082
0.304325
0.187243
0.144880
0.088484
0.127725
0.245283
0.380782
0.435283
0.195717
-0.030811
-0.099833
0.028383
0.144758
0.179064
0.134232
0.047999
0.052738
0.042833
-0.027240
-0.175841
-0.218943
-0.198679
-0.046876
0.149985
0.014620
-0.143810
-0.222586
-0.229042
-0.136692
-0.089215
-0.135549
-0.222390
-0.271704
-0.271617
-0.178061
-0.124361
-0.183951
-0.210419
-0.217923
-0.126139
0.043574
0.132133
-0.000242
-0.231799
-0.310156
-0.277632
-0.126798
-0.038783
-0.092227
-0.122307
-0.000557
0.024453
-0.080086
-0.214348
-0.377785
-0.250333
0.066344
0.342504
0.303697
-0.150221
-0.508776
-0.521791
-0.281303
0.038308
0.162747
0.037015
-0.253828
-0.478434
-0.539329
-0.477164
-0.384192
-0.277159
-0.110829
-0.084767
-0.142716
-0.393756
-0.626165
-0.553522
-0.324368
0.002120
0.072547
-0.161102
-0.463785
-0.614810
-0.578914
-0.229996
0.015262
-0.016634
-0.052859
-0.132085
-0.293499
-0.454390
-0.305165
-0.058629
0.081164
0.108540
0.082488
0.004062
-0.070573
-0.075080
-0.028195
-0.097001
-0.062854
0.285759
0.529684
0.375701
0.031636
-0.302874
-0.330797
-0.130246
0.068002
0.296560
0.366755
0.375460
0.266177
0.055297
-0.126541
-0.061948
0.207901
0.376097
0.340484
0.280812
0.249161
0.255607
0.173879
0.081283
0.192121
0.293995
0.419289
0.499031
0.399301
0.041664
-0.210650
0.007692
0.470459
0.730597
0.632951
0.373261
0.135417
-0.084367
-0.171580
0.040695
0.356162
0.491035
0.348723
0.049781
-0.292006
-0.476597
-0.470411
-0.268879
0.036825
0.132198
0.184334
0.045446
-0.394768
-0.667276
-0.692932
-0.463770
-0.044408
0.232189
0.154468
-0.134197
-0.365474
-0.412850
-0.297896
-0.104388
0.064710
0.060989
-0.074134
-0.172619
-0.147568
-0.054334
-0.024295
0.079830
0.081343
-0.038375
-0.036319
-0.056848
-0.060437
-0.076657
0.067437
0.225350
0.100500
-0.123494
-0.214511
-0.047454
0.235600
0.382762
0.189596
-0.096848
-0.150162
-0.003692
0.063625
0.170081
0.238451
0.248936
0.209053
0.062840
-0.008562
-0.035314
0.122065
0.249300
0.309941
0.267566
0.133255
-0.030554
-0.116847
-0.036883
0.052870
0.061686
0.075419
0.090484
0.034070
0.060308
0.095955
0.091944
-0.141768
-0.373941
-0.306735
0.122553
0.467900
0.397263
0.151169
-0.258832
-0.494547
-0.421462
-0.119370
0.234904
0.385099
0.262542
0.066572
-0.181738
-0.497395
-0.595461
-0.341602
0.120777
0.473099
0.342450
-0.070420
-0.352175
-0.465431
-0.461891
-0.491758
-0.278953
0.174097
0.426514
0.232092
-0.207761
-0.498685
-0.600729
-0.514537
-0.329057
0.036936
0.340770
0.356468
0.069770
-0.297004
-0.368865
-0.416940
-0.126431
0.251424
0.508734
0.590466
0.316667
-0.002011
-0.231500
-0.256850
-0.084914
0.220076
0.472704
0.526975
0.417335
0.237960
-0.045027
-0.114533
-0.006665
0.239194
0.444039
0.462473
0.300521
0.147199
0.099313
0.040703
0.090135
0.129608
0.236945
0.223960
0.250746
0.205624
0.093889
0.065239
0.040197
0.166432
0.323069
0.359864
0.201316
0.056905
-0.067402
-0.020472
0.184369
0.387238
0.477468
0.444396
0.243639
-0.004447
-0.031365
0.066608
0.177215
0.210867
0.254699
0.250943
0.213352
0.128143
0.067291
-0.009637
-0.035547
0.056163
0.139614
0.253924
0.233566
0.067946
-0.098413
-0.245504
-0.220396
-0.068555
0.098680
0.195293
0.086191
-0.145763
-0.227058
-0.102810
-0.112174
-0.096775
-0.157058
-0.191450
-0.007101
0.055650
-0.018050
-0.265152
-0.398546
-0.244960
-0.105970
0.110307
0.132351
-0.025856
0.020808
0.064770
-0.078635
-0.360900
-0.531741
-0.342941
-0.015440
0.141718
0.232170
0.200274
-0.003508
-0.298023
-0.497368
-0.414705
-0.057966
0.213928
0.361064
0.259450
-0.052864
-0.266568
-0.342026
-0.245559
-0.063958
0.211284
0.350698
0.269903
0.066886
-0.153211
-0.301133
-0.286166
-0.106656
0.127582
0.295518
0.346065
0.102741
-0.129525
-0.191335
-0.097667
0.111091
0.191481
0.300414
0.221544
0.039373
-0.160789
-0.175342
-0.023769
0.052373
0.185958
0.277947
0.210053
-0.006308
-0.187988
-0.114185
0.054428
0.122192
0.170023
0.117678
0.075039
0.075041
0.096567
0.088177
0.037411
0.128086
0.165897
0.072768
0.022433
0.046273
0.128376
0.158265
0.134210
0.059426
-0.044622
-0.056083
0.071506
0.190426
0.166139
0.115619
0.037033
0.019532
0.017768
-0.068877
-0.098620
0.063950
0.210616
0.214509
0.179433
0.014587
-0.141402
-0.184709
-0.055736
0.080060
0.128385
0.098451
-0.017627
-0.034522
-0.006202
0.035090
0.015095
-0.013631
-0.041182
-0.054620
-0.019796
0.049263
0.093447
0.034167
-0.069566
-0.113549
-0.010811
0.065311
0.078657
-0.023106
-0.098864
-0.019387
0.050533
0.021770
0.056294
0.092061
-0.038901
-0.207629
-0.227497
-0.096400
0.076443
0.172056
0.049381
-0.076393
-0.265418
-0.221940
-0.036522
0.049417
0.220008
0.313421
0.179668
-0.131817
-0.325733
-0.387520
-0.177721
0.156044
0.404678
0.439674
0.194227
-0.107464
-0.211873
-0.126583
-0.003036
0.089102
0.085198
0.072389
0.027070
-0.008482
-0.061860
-0.070635
-0.089523
-0.100625
-0.104507
-0.137358
-0.110081
-0.139723
-0.132515
-0.158751
-0.174144
-0.165261
-0.205607
-0.244939
-0.302396
-0.292844
-0.213004
-0.048968
0.043925
-0.052157
-0.257349
-0.443890
-0.410466
-0.222474
-0.145475
-0.189868
-0.299362
-0.355490
-0.298158
-0.254038
-0.308287
-0.390936
-0.394344
-0.371977
-0.283118
-0.136931
-0.147308
-0.231950
-0.212565
-0.169128
-0.051766
-0.070284
-0.195806
-0.158205
-0.046296
0.085253
0.077955
-0.102392
-0.169952
-0.010233
0.146420
0.230045
0.204347
0.024094
-0.024708
0.038339
0.106145
0.229530
0.264705
0.187882
0.167757
0.148617
0.085346
0.048493
0.101302
0.273474
0.346722
0.285553
0.106637
-0.076821
-0.060104
0.177892
0.340702
0.309370
0.264075
0.166229
0.185543
0.291323
0.248437
0.184391
0.154335
0.137985
0.203151
0.277876
0.345487
0.358475
0.219569
0.152103
0.126898
0.117620
0.118173
0.088433
0.074690
0.046708
0.188617
0.230557
0.137794
0.048784
-0.095809
-0.175282
-0.146531
-0.038016
0.036960
0.012874
-0.046155
-0.095059
-0.191513
-0.263058
-0.246806
-0.219267
-0.165986
-0.095829
-0.105633
-0.195544
-0.292797
-0.284888
-0.200680
-0.138033
-0.123951
-0.125453
-0.224858
-0.386783
-0.361047
-0.109429
0.088339
0.125860
0.006093
-0.261836
-0.332687
-0.301188
-0.209423
-0.001696
0.078291
0.057797
-0.115516
-0.279492
-0.263384
-0.132944
0.032994
0.055445
-0.033826
-0.178081
-0.245763
-0.219835
-0.114749
0.037560
0.151361
0.154646
0.063886
-0.059586
-0.176306
-0.184666
-0.143440
0.020117
0.141260
0.137744
0.024643
-0.071861
-0.091844
-0.034641
0.025271
0.035295
0.022211
-0.002149
0.086732
0.079263
0.011242
-0.105849
-0.061999
0.054693
0.120872
0.127918
0.159943
0.255696
0.091869
0.027259
0.034580
0.095426
0.285073
0.295621
0.196895
0.031030
-0.135844
-0.059198
0.269596
0.450879
0.335477
0.073170
-0.164183
-0.134762
0.014864
0.158630
0.247084
0.230089
0.059585
-0.134719
-0.107963
0.071154
0.250899
0.350173
0.274633
0.097182
-0.057115
-0.147854
0.000842
0.223223
0.368241
0.332598
0.132919
-0.082579
-0.083914
0.113841
0.204917
0.151707
-0.064083
-0.137301
0.039926
0.274062
0.255434
0.041969
-0.147897
-0.119367
0.133950
0.309027
0.321887
0.134592
0.022352
0.066671
0.118668
0.196840
0.326378
0.352314
0.293021
0.156457
0.013167
-0.048717
0.010801
0.182823
0.303483
0.234278
0.037243
-0.113486
-0.124849
0.093120
0.251666
0.306154
0.304421
0.216906
0.187602
0.237917
0.382758
0.405868
0.317697
0.359960
0.412262
0.431856
0.315485
0.139669
0.056262
0.131448
0.312409
0.379832
0.253141
0.099677
0.004031
-0.039627
0.044795
0.138089
0.159429
0.071100
-0.034498
-0.142215
-0.179925
-0.137194
0.064733
0.223223
0.107813
-0.188111
-0.419848
-0.344210
-0.261508
-0.174423
-0.167164
-0.262670
-0.313475
-0.355629
-0.404338
-0.390452
-0.244557
-0.108672
-0.093903
-0.221198
-0.282946
-0.270612
-0.073750
0.098618
0.080377
0.088000
0.013124
-0.209608
-0.321295
-0.241169
-0.179835
-0.097775
-0.130747
-0.149792
-0.247310
-0.317121
-0.261517
-0.133281
0.112107
0.029478
-0.108244
-0.168954
-0.205330
-0.091054
-0.001097
-0.017054
-0.126887
-0.281468
-0.350722
-0.254441
-0.171876
-0.136849
-0.072435
-0.038049
-0.116471
-0.218276
-0.367502
-0.395293
-0.179670
0.055661
0.135403
-0.067239
-0.331788
-0.442278
-0.286969
-0.059407
0.030314
0.034444
0.005004
-0.115490
-0.386688
-0.582137
-0.539647
-0.302601
-0.032314
0.159274
0.202420
0.011513
-0.249415
-0.402251
-0.410973
-0.196690
0.079473
0.180910
0.185554
0.062027
-0.140275
-0.325057
-0.434250
-0.341695
-0.148322
-0.026811
-0.012912
-0.109890
-0.320376
-0.478350
-0.494920
-0.300457
-0.089741
-0.063880
-0.109175
-0.231995
-0.302827
-0.289875
-0.283724
-0.158692
0.010724
0.032984
-0.033484
-0.160316
-0.229809
-0.131260
-0.030721
0.094357
0.177062
0.094363
-0.051266
-0.142775
-0.157467
0.017329
0.162440
0.089425
0.071829
0.141255
0.106744
-0.000643
-0.072201
-0.057968
0.163562
0.276913
0.239046
0.190140
0.139111
-0.007242
-0.065829
0.025108
0.049802
0.111392
0.115286
0.108040
0.100077
0.071654
0.100669
0.162878
0.177514
0.247844
0.329070
0.256563
0.060089
-0.019647
0.084763
0.248998
0.379940
0.340201
0.197837
0.083170
0.060853
0.126907
0.227856
0.326042
0.373987
0.333008
0.201614
0.032888
-0.035599
0.000622
0.146576
0.317945
0.397145
0.367726
0.245701
0.240821
0.268646
0.193194
0.092131
0.128914
0.363913
0.517194
0.485140
0.294002
0.051270
-0.087043
-0.043243
0.139997
0.319504
0.382627
0.318153
0.182919
0.043963
-0.085707
-0.108824
0.034185
0.162837
0.222690
0.173280
0.005129
-0.168294
-0.197408
-0.147415
-0.093950
0.002266
0.024569
0.027710
-0.010545
-0.088864
-0.120148
-0.127578
-0.099035
-0.002782
0.115351
0.144338
0.090901
0.031049
-0.023022
-0.048985
-0.020757
0.021319
0.096503
0.126869
0.096491
0.104735
0.111786
0.057381
-0.031683
-0.103682
-0.095517
0.000516
0.172397
0.217325
0.091168
-0.039672
-0.157090
-0.191854
-0.101754
0.016549
0.110317
0.123528
0.046606
-0.021765
-0.097639
-0.128986
-0.123883
-0.031676
0.074933
0.134619
0.121184
0.044884
-0.035462
-0.132047
-0.188597
-0.105751
0.075312
0.146546
0.181466
0.080419
-0.070744
-0.102944
-0.014474
0.051563
0.011065
-0.045254
-0.028266
-0.001597
-0.069315
-0.087065
-0.133396
-0.156144
-0.067066
0.032243
0.010886
-0.045759
-0.140407
-0.154238
-0.042320
0.034748
0.063386
-0.005055
-0.123312
-0.235889
-0.201873
-0.015266
0.219500
0.303076
0.171915
-0.065916
-0.237904
-0.151677
0.098551
0.265973
0.363549
0.384092
0.309907
0.178235
-0.039154
-0.124400
-0.046094
0.153659
0.392652
0.508566
0.469236
0.240891
-0.045385
-0.104584
0.005549
0.200063
0.432438
0.446110
0.332492
0.153557
-0.014695
-0.026113
0.064101
0.239972
0.407796
0.443668
0.339076
0.147966
0.002451
0.004071
0.056016
0.103241
0.121521
0.087651
0.026378
-0.009142
0.040571
0.188201
0.306927
0.240517
0.051911
-0.199237
-0.253267
-0.033043
0.179482
0.322237
0.295057
0.127294
-0.051005
-0.149619
-0.028740
0.252184
0.423127
0.274351
-0.014736
-0.235548
-0.273032
-0.101733
0.063619
0.185445
0.193423
0.062439
-0.053272
-0.186634
-0.234215
-0.128075
0.082629
0.275131
0.267714
0.014044
-0.285559
-0.437748
-0.402263
-0.201037
-0.001799
0.007361
-0.213896
-0.415847
-0.480002
-0.531722
-0.572036
-0.472348
-0.303316
-0.229566
-0.276024
-0.256942
-0.123802
-0.074608
-0.170410
-0.307785
-0.331078
-0.217135
-0.156784
-0.133789
-0.071285
0.012637
-0.026919
-0.225767
-0.380146
-0.401478
-0.280843
-0.145476
-0.040728
0.008639
-0.021040
-0.168607
-0.306634
-0.273542
-0.241200
-0.280578
-0.297780
-0.259770
-0.132297
-0.098189
-0.220108
-0.333546
-0.348630
-0.292697
-0.286611
-0.346897
-0.372462
-0.314251
-0.274942
-0.243586
-0.214682
-0.215962
-0.275597
-0.363063
-0.329290
-0.176956
-0.024831
-0.025719
-0.115211
-0.097899
0.036906
0.156044
0.199017
0.191857
0.119896
0.043511
0.029507
0.013606
-0.051376
-0.013607
0.138921
0.355212
0.465787
0.337264
0.088562
-0.122225
-0.165246
-0.077574
0.127676
0.360399
0.498660
0.445422
0.192506
-0.029425
-0.059334
0.045977
0.184669
0.237944
0.311716
0.429166
0.413169
0.222822
-0.026226
-0.049763
0.202976
0.472567
0.491220
0.308330
0.160211
0.176867
0.246762
0.202780
0.114138
0.167401
0.339544
0.463482
0.423725
0.240454
0.039089
-0.010105
0.145615
0.302512
0.378317
0.353206
0.280315
0.151566
-0.053001
-0.107363
0.051019
0.331727
0.464034
0.343738
0.172032
-0.033865
-0.080234
0.046402
0.213108
0.359057
0.328231
0.268288
0.212997
0.098930
0.026617
0.048301
0.123474
0.204674
0.264202
0.236446
0.137225
0.132375
0.246052
0.327986
0.290097
0.076495
-0.045031
0.006490
0.153426
0.443057
0.531639
0.460692
0.314242
0.097051
-0.048252
-0.156491
-0.078686
0.125069
0.287466
0.324591
0.216317
0.050031
-0.180330
-0.343737
-0.317554
-0.126434
0.169074
0.234533
0.033503
-0.249800
-0.485809
-0.500087
-0.309620
-0.048772
0.058100
0.040125
-0.071049
-0.280257
-0.388180
-0.441852
-0.428451
-0.327990
-0.268551
-0.197055
-0.137118
-0.162320
-0.260131
-0.311296
-0.300474
-0.277920
-0.324883
-0.422987
-0.463108
-0.473015
-0.426471
-0.312038
-0.199144
-0.144324
-0.214153
-0.366195
-0.486373
-0.537235
-0.388395
-0.166383
-0.023608
0.054595
0.005834
-0.100730
-0.229722
-0.331201
-0.314954
-0.152316
0.035945
0.128142
0.123703
0.061415
0.041949
0.025026
-0.029868
-0.086047
-0.029746
0.155974
0.291152
0.254929
0.085657
-0.070988
-0.046086
0.105288
0.236506
0.344969
0.329220
0.279933
0.210178
0.102105
0.127437
0.219058
0.356598
0.471087
0.428698
0.272797
0.129795
0.138420
0.247273
0.386306
0.426258
0.323617
0.165286
0.013674
0.014216
0.113511
0.305859
0.437374
0.379408
0.272025
0.124455
-0.025828
-0.129869
-0.216666
-0.194491
-0.073849
0.067440
0.245427
0.313463
0.197666
-0.057757
-0.314151
-0.403145
-0.306307
-0.030584
0.256540
0.306568
0.223800
0.029466
-0.170726
-0.212715
-0.141972
0.004538
0.065983
0.015364
-0.072883
-0.070972
0.016227
0.134028
0.184876
0.023708
-0.228027
-0.338218
-0.253612
-0.029726
0.145041
0.140047
0.050721
-0.050332
-0.126041
-0.199597
-0.233577
-0.235162
-0.078599
0.116667
0.139280
0.050092
-0.051921
-0.014987
0.062997
0.129707
0.137299
0.030295
-0.114351
-0.188794
-0.126348
-0.014156
0.090221
0.158631
0.187683
0.151565
0.010556
-0.203015
-0.344106
-0.281878
-0.031581
0.299580
0.336581
0.121022
-0.107848
-0.346250
-0.367917
-0.214435
0.032890
0.225103
0.146748
-0.053566
-0.233647
-0.315063
-0.223013
-0.023035
0.066436
0.092378
0.111905
0.120735
0.089394
-0.120910
-0.272796
-0.234209
-0.019218
0.246346
0.360342
0.263432
0.017089
-0.131288
-0.183112
-0.119087
0.001587
0.116310
0.241524
0.293538
0.216375
-0.026018
-0.269105
-0.380557
-0.191679
0.149282
0.357839
0.348053
0.161650
-0.013100
-0.085714
-0.066718
0.012181
0.104739
0.191226
0.253818
0.232176
0.138211
0.008063
-0.046376
0.045798
0.211189
0.335066
0.354302
0.278050
0.149993
0.095521
0.128403
0.190193
0.254690
0.267166
0.292663
0.318613
0.320957
0.293763
0.218089
0.165284
0.260271
0.394962
0.418514
0.421189
0.403018
0.391933
0.340423
0.203010
0.053832
-0.038619
0.061565
0.273318
0.430665
0.416094
0.179979
-0.071551
-0.249554
-0.294523
-0.216731
-0.057217
0.083388
0.121778
0.085025
-0.128504
-0.330787
-0.413508
-0.330698
-0.150882
-0.074533
-0.054395
-0.109920
-0.206949
-0.259653
-0.267758
-0.259298
-0.220924
-0.150396
-0.109332
-0.147885
-0.235256
-0.315283
-0.344925
-0.326585
-0.269874
-0.191674
-0.152254
-0.153569
-0.151065
-0.177284
-0.233989
-0.269362
-0.290228
-0.237629
-0.157147
-0.135768
-0.211115
-0.293470
-0.290993
-0.262406
-0.241937
-0.279144
-0.339579
-0.418823
-0.453976
-0.312722
-0.119831
-0.032592
-0.089417
-0.250769
-0.376483
-0.361973
-0.207962
-0.000490
0.122493
0.111432
-0.003410
-0.121586
-0.199252
-0.193555
-0.036159
0.170108
0.291109
0.174787
-0.068478
-0.220216
-0.207486
-0.067371
0.082940
0.160159
0.168335
0.121448
-0.006513
-0.122316
-0.195831
-0.163598
0.003380
0.204938
0.314007
0.234621
0.001394
-0.191834
-0.179624
0.009633
0.222580
0.328703
0.397148
0.337629
0.162459
0.021819
-0.077554
-0.071713
0.010442
0.165090
0.294022
0.304326
0.253536
0.210423
0.158996
0.093157
0.098217
0.130923
0.202968
0.284649
0.286436
0.244173
0.163860
0.095331
0.120355
0.191160
0.263871
0.297276
0.294964
0.241203
0.177544
0.161368
0.179478
0.230913
0.276029
0.288678
0.268872
0.270078
0.226782
0.169595
0.132693
0.147123
0.236815
0.318326
0.366479
0.354285
0.269830
0.178631
0.137240
0.149350
0.219009
0.333656
0.425790
0.377300
0.300883
0.210350
0.142169
0.132639
0.182213
0.278326
0.297101
0.277646
0.243125
0.189067
0.129019
0.085850
0.067155
0.067477
0.029076
0.052051
0.100821
0.110964
0.094860
0.006391
-0.076884
-0.153979
-0.154538
-0.079384
-0.006234
0.007059
-0.057390
-0.170487
-0.284044
-0.337425
-0.299719
-0.167685
-0.044662
-0.000135
-0.056423
-0.179929
-0.298708
-0.325967
-0.263337
-0.147848
-0.034918
-0.003948
-0.046973
-0.144606
-0.244042
-0.264548
-0.232926
-0.136085
0.008315
0.056255
-0.021853
-0.216128
-0.343529
-0.299228
-0.174294
-0.020967
0.048600
0.007150
-0.120114
-0.243055
-0.264877
-0.239304
-0.139332
-0.046462
-0.000246
-0.046454
-0.187874
-0.267056
-0.298663
-0.247167
-0.169859
-0.115473
-0.092510
-0.140757
-0.223760
-0.284741
-0.276350
-0.225800
-0.176071
-0.156549
-0.174877
-0.196457
-0.195357
-0.223165
-0.252337
-0.252918
-0.264322
-0.228590
-0.188821
-0.163168
-0.182982
-0.220070
-0.227744
-0.243558
-0.213001
-0.215551
-0.217437
-0.247867
-0.246595
-0.182106
-0.153051
-0.152194
-0.232293
-0.290185
-0.355056
-0.351760
-0.262909
-0.194024
-0.130230
-0.117106
-0.163109
-0.260748
-0.339428
-0.352815
-0.233903
-0.114945
-0.067791
-0.077146
-0.235064
-0.395468
-0.402727
-0.280271
-0.122171
-0.024712
-0.012269
-0.068376
-0.224807
-0.353226
-0.380382
-0.290488
-0.126461
-0.019591
0.016799
-0.061591
-0.163700
-0.218672
-0.225761
-0.124205
0.003079
0.034819
0.050409
0.023006
-0.064500
-0.122402
-0.122874
