-0.183644
-0.102969
-0.023473
-0.057463
-0.201687
-0.359105
-0.439720
-0.398830
-0.196093
-0.005176
0.047825
-0.003919
-0.175292
-0.356619
-0.290906
-0.271522
-0.064789
0.124915
0.004732
-0.117702
-0.258307
-0.308245
-0.238469
-0.154230
-0.117660
0.100119
0.122779
0.096847
0.095087
-0.082377
-0.288512
-0.132956
0.048839
-0.098876
0.001339
0.180800
0.189336
0.037791
-0.004760
0.040544
-0.058328
-0.174356
-0.062302
0.097261
0.261194
0.194878
0.143516
0.071027
-0.234154
-0.047500
0.275913
0.449320
0.326014
-0.058244
-0.344349
-0.211231
0.041713
0.181357
0.351312
0.219607
-0.026462
-0.087506
-0.176086
-0.074836
0.069837
0.069427
0.277511
0.310135
0.153977
-0.090468
-0.290836
-0.289491
0.003329
0.185388
0.213014
0.210768
-0.006287
-0.105598
-0.076436
-0.129712
-0.039755
0.252863
0.172007
-0.036052
-0.091499
-0.176109
-0.229849
-0.109098
0.061232
0.235652
0.192747
0.071345
-0.061858
-0.239911
-0.329890
-0.314017
0.109685
0.320469
0.231257
-0.029868
-0.320751
-0.355410
-0.297154
-0.109797
0.000666
0.067399
-0.017197
-0.104991
-0.112280
-0.221009
-0.253199
-0.256493
-0.109021
0.050975
0.041594
-0.137201
-0.283249
-0.251402
-0.164130
-0.068532
-0.075200
-0.064304
-0.052969
-0.157502
-0.247009
-0.220874
-0.124379
-0.035168
-0.107956
-0.185074
-0.173434
-0.194528
-0.197059
-0.131679
-0.043715
-0.052255
-0.195331
-0.339869
-0.316391
-0.155705
-0.015116
-0.083313
-0.223601
-0.322564
-0.292069
-0.265979
-0.276553
-0.205017
-0.145736
-0.139562
-0.321094
-0.442430
-0.351971
-0.178473
-0.124425
-0.202558
-0.282430
-0.285384
-0.268974
-0.305602
-0.304164
-0.198236
0.004525
0.071923
-0.136687
-0.378594
-0.335121
-0.023021
0.127987
0.016993
0.009798
0.113349
0.128760
-0.062259
-0.206489
-0.123964
0.187345
0.405863
0.305534
0.114556
-0.020498
0.019194
0.065755
0.100986
0.185121
0.356164
0.423191
0.256788
-0.006028
-0.126763
-0.001944
0.204866
0.352504
0.425283
0.436866
0.188378
-0.083501
-0.086656
0.201945
0.405535
0.337290
0.282897
0.274909
0.201100
0.043138
-0.042830
0.136252
0.413024
0.484803
0.299834
0.134022
0.063893
0.107865
0.287138
0.205343
0.161616
0.408048
0.368877
-0.091888
-0.275121
-0.039548
0.359750
0.465013
0.181773
0.074848
0.234840
0.125164
-0.057098
-0.011767
-0.065936
0.175454
0.387980
0.193943
0.005595
-0.010283
0.082349
0.229869
0.151527
0.013850
0.197436
0.248142
0.251134
0.275840
-0.016674
-0.149829
0.083947
0.248932
0.154634
0.122997
0.265823
0.488157
0.414120
-0.149015
-0.483403
-0.163690
0.387422
0.622769
0.436632
0.109852
0.030327
0.045416
0.027827
-0.022510
0.089904
0.384468
0.494894
0.219233
-0.123246
-0.109123
0.224975
0.448374
0.293666
0.123889
-0.030774
0.055810
0.268891
0.313694
0.212281
0.098720
0.080214
0.200273
0.260146
0.122106
0.045540
0.077719
0.235984
0.197710
0.143275
0.184354
0.245176
0.290922
0.081936
-0.120461
-0.103830
0.041012
0.248004
0.377140
0.324890
0.166197
-0.014872
-0.149094
-0.109626
0.132538
0.283188
0.287122
0.249184
0.103251
0.027408
-0.034613
-0.095278
0.086302
0.192331
0.082003
0.001896
0.048300
0.079775
0.063690
0.012480
-0.100903
-0.082340
0.118311
0.207608
0.105393
-0.076005
-0.203258
-0.207694
-0.125781
-0.027569
-0.101690
-0.048723
-0.134677
-0.145007
0.125850
0.086871
0.041598
-0.140334
-0.392884
-0.424138
-0.275453
-0.093605
-0.018749
0.128847
0.073517
-0.163016
-0.229171
-0.231834
-0.161493
-0.097693
-0.088190
0.010265
0.001944
-0.109891
-0.215310
-0.242527
-0.220065
-0.089501
0.148630
0.150751
-0.046239
-0.318914
-0.419102
-0.237255
0.008783
0.139315
0.099387
-0.101139
-0.290561
-0.348714
-0.243690
0.006493
0.074868
-0.027055
-0.164849
-0.205996
-0.160149
-0.116608
-0.188653
-0.147055
0.012047
-0.052905
-0.245143
-0.291821
-0.179731
-0.069537
0.031560
-0.138772
-0.239473
-0.220597
-0.253906
-0.252593
-0.191270
-0.116769
-0.005781
0.043900
-0.203076
-0.328682
-0.327174
-0.283911
-0.115975
0.016984
-0.084624
-0.276808
-0.322127
-0.225908
-0.059114
-0.019440
-0.175224
-0.177889
-0.125220
-0.177838
-0.208475
-0.255756
-0.195243
0.004991
0.130622
-0.013618
-0.212793
-0.211639
-0.104251
-0.086385
-0.143004
-0.117913
0.083743
0.109776
-0.014321
-0.174893
-0.233439
0.008222
0.196425
0.172678
-0.084633
-0.136687
-0.000283
0.068901
-0.018664
-0.090747
0.128768
0.231181
0.156016
-0.009052
-0.100624
-0.017946
0.168816
0.234412
0.084903
-0.084586
-0.131707
0.042877
0.235156
0.297764
0.213385
0.092874
-0.025717
-0.106618
-0.060202
0.063786
0.163594
0.293506
0.391753
0.193778
-0.103952
-0.362458
-0.301501
0.132591
0.458912
0.443591
0.083661
-0.212650
-0.257607
-0.161005
0.005151
0.256508
0.457680
0.261009
-0.079955
-0.433846
-0.518055
-0.037587
0.460367
0.523463
0.197454
-0.198757
-0.444649
-0.360647
-0.135321
0.028030
0.204130
0.142602
-0.053864
-0.206833
-0.400081
-0.257844
0.034300
0.153704
0.271598
0.192689
-0.156475
-0.400546
-0.380454
-0.260021
-0.083118
0.027179
0.117999
0.101856
-0.047287
-0.156490
-0.321005
-0.259626
-0.037388
0.068157
0.102166
-0.009381
-0.136510
-0.268832
-0.307462
-0.105317
0.156100
0.339977
0.196573
-0.172247
-0.410395
-0.324339
0.050235
0.246219
0.204985
0.030760
-0.096991
-0.077054
-0.085356
0.023090
0.133525
0.131957
-0.016823
-0.114635
0.012694
0.208604
0.278040
0.027559
-0.163761
-0.049389
0.240864
0.330210
0.158557
0.015028
0.030629
0.187841
0.157229
-0.010387
-0.010216
0.198095
0.304734
0.224841
0.138115
0.076129
0.135506
0.163077
0.128936
0.159847
0.190653
0.331101
0.369294
0.181619
0.017320
0.042217
0.146003
0.164786
0.207831
0.276771
0.265561
0.149427
-0.012002
-0.019407
0.162864
0.249531
0.267134
0.245958
0.203990
0.089118
-0.057230
0.023064
0.312934
0.442588
0.228221
0.021231
-0.076439
-0.004039
0.099878
0.099462
0.096034
0.173974
0.268621
0.191124
-0.020210
-0.217886
-0.112280
0.110438
0.177701
0.213764
0.221182
0.101748
-0.088012
-0.126067
-0.052810
0.049096
0.145214
0.119824
-0.011523
-0.178200
-0.204040
-0.116651
-0.009605
0.106142
0.187941
0.138111
-0.135594
-0.344846
-0.395271
-0.281813
-0.045078
0.179468
0.221551
0.027131
-0.178383
-0.373656
-0.425470
-0.256903
0.048678
0.206392
0.064703
-0.185710
-0.393166
-0.483066
-0.327551
0.005690
0.185340
0.096099
-0.214848
-0.417292
-0.422229
-0.290401
-0.065118
0.059102
0.038049
-0.101786
-0.291286
-0.413665
-0.323259
-0.061822
0.075952
-0.035744
-0.259907
-0.358736
-0.277381
-0.179330
-0.058675
-0.014416
-0.014525
-0.089138
-0.217499
-0.272374
-0.262467
-0.133658
0.036537
0.083060
0.056305
-0.047838
-0.166960
-0.133864
-0.060618
0.055326
0.054290
-0.057581
-0.260072
-0.261587
0.004922
0.178116
0.207295
0.146804
-0.098069
-0.248839
-0.040898
-0.070360
-0.083908
0.207149
0.409024
0.379640
0.079176
-0.258273
-0.208351
-0.071456
0.097000
0.420151
0.440441
0.190670
0.154631
0.092748
-0.173641
-0.112907
0.071456
0.292212
0.423460
0.250728
0.112118
0.058378
0.037918
0.257962
0.373980
0.167788
-0.039706
0.075673
0.211093
0.339022
0.321895
-0.047916
0.148305
0.302763
0.153743
0.320773
0.330395
0.133947
0.119175
0.133115
0.041437
0.002708
0.161031
0.492060
0.606426
0.345127
0.179775
0.125794
-0.037929
-0.031617
0.138072
0.235830
0.349854
0.399927
0.124576
-0.127769
-0.105920
0.122110
0.397515
0.316646
-0.027919
-0.158465
-0.029132
0.085616
0.115688
0.222100
0.160021
0.106026
0.038249
-0.125758
-0.165545
-0.157289
0.056181
0.113935
0.108105
0.082009
0.020203
-0.042797
-0.161425
-0.200741
-0.156841
0.055726
0.120951
0.173866
0.145472
-0.070697
-0.200900
-0.211729
-0.079674
0.001323
0.005161
0.125977
0.196094
0.058263
-0.065888
-0.190076
-0.315110
-0.211834
0.053298
0.273878
0.354441
0.047817
-0.280358
-0.228071
-0.117243
0.095368
0.279247
0.256315
0.043706
-0.160058
-0.331024
-0.359998
-0.081966
0.136582
0.430312
0.472619
0.140408
-0.131911
-0.372332
-0.492158
-0.278943
0.124521
0.355085
0.305670
0.064714
-0.112238
-0.176083
-0.183447
-0.054059
0.083644
0.057181
-0.060020
-0.159942
-0.161622
-0.170520
-0.127146
-0.007172
0.091131
0.089989
-0.027851
-0.204813
-0.361507
-0.318189
-0.107824
0.090921
0.110213
-0.048232
-0.263610
-0.299641
-0.264595
-0.142847
-0.027463
-0.032299
-0.108374
-0.128597
-0.146308
-0.339514
-0.412058
-0.262822
0.041818
0.155954
-0.047239
-0.328230
-0.454218
-0.372364
-0.210267
-0.120491
-0.088843
-0.063619
-0.049042
-0.135799
-0.191277
-0.168129
-0.230166
-0.257481
-0.345663
-0.406700
-0.257515
-0.036567
0.103675
0.051820
-0.110743
-0.302638
-0.488907
-0.507002
-0.287964
0.017154
0.198540
0.128366
-0.082938
-0.272319
-0.423097
-0.332614
-0.127079
0.073464
0.185316
0.059935
-0.092727
-0.095137
-0.157930
-0.137858
0.024411
0.066122
0.048517
0.152239
0.135265
-0.218699
-0.304986
-0.158513
0.110217
0.330142
0.205820
-0.051525
-0.130233
-0.138567
-0.125102
0.050947
0.196398
0.202101
0.084143
-0.073725
-0.077289
0.059358
0.023997
0.017493
0.112021
0.238608
0.213193
-0.089893
-0.382806
-0.242653
0.225952
0.408832
0.256215
-0.051060
-0.265873
-0.173607
0.057294
0.132169
0.059914
-0.046551
-0.061606
0.061355
0.092653
-0.031514
-0.187593
-0.171983
0.073393
0.251887
0.167453
-0.107265
-0.224389
-0.151939
-0.133327
-0.093787
0.031339
0.154463
0.217974
0.096344
-0.075858
-0.066296
-0.156318
-0.280965
-0.187755
0.069918
0.328502
0.370610
0.078505
-0.220724
-0.190883
-0.106763
-0.112854
-0.041390
0.125143
0.221631
0.143492
-0.099927
-0.199857
-0.086754
-0.028374
0.006229
0.152850
0.193088
0.102416
-0.012931
-0.233809
-0.274644
-0.018229
0.188898
0.166781
0.080622
0.006037
0.020019
0.049511
-0.037526
-0.064712
0.008355
0.032227
0.080604
0.035284
-0.018579
0.053320
0.132835
0.096495
0.054944
0.001674
-0.115078
-0.071858
0.084688
0.236975
0.162470
-0.022470
-0.139386
-0.206629
-0.196169
-0.012479
0.173747
0.183435
-0.030242
-0.317619
-0.486381
-0.306758
0.130806
0.408761
0.188887
-0.254679
-0.430379
-0.361531
-0.181656
-0.056089
0.090831
0.169618
0.097781
-0.226098
-0.419560
-0.439708
-0.251791
0.140410
0.322678
0.139813
-0.232213
-0.373361
-0.274053
-0.117359
-0.097676
0.002543
0.210967
0.248631
0.036682
-0.165057
-0.311576
-0.275632
0.000762
0.241251
0.238239
0.121178
0.032980
-0.063052
-0.068702
0.003993
0.056884
0.110970
0.230300
0.260828
0.215976
0.073664
0.029319
0.166155
0.330598
0.252656
-0.055231
-0.130161
0.143809
0.484571
0.530545
0.356415
0.145340
-0.064481
-0.081357
0.099291
0.222497
0.357480
0.472985
0.431963
0.280294
0.117782
0.004188
0.044166
0.297661
0.407790
0.369726
0.338495
0.208337
0.155955
0.188823
0.329982
0.508931
0.463726
0.208728
0.002139
-0.070236
0.000425
0.288923
0.491821
0.538236
0.475037
0.237286
-0.106351
-0.343296
-0.149208
0.343161
0.632289
0.521803
0.238426
0.010217
-0.152323
-0.179337
-0.191238
-0.098745
0.108183
0.236354
0.118442
-0.041523
-0.034723
-0.027297
-0.170695
-0.420295
-0.455873
-0.195086
0.215173
0.387652
0.129608
-0.309417
-0.460692
-0.415340
-0.306119
-0.141194
0.095349
0.159607
0.087399
-0.106098
-0.289297
-0.233724
-0.197919
-0.090966
0.032861
0.128602
0.062326
-0.023931
-0.030301
0.084715
0.146282
0.034560
-0.032059
0.016204
0.114818
0.271972
0.399357
0.349087
0.173167
-0.091697
-0.214921
-0.137400
0.205860
0.539511
0.492364
0.204168
-0.000970
0.013509
0.102183
0.149935
0.252899
0.365001
0.323805
0.240318
0.223837
0.272276
0.294203
0.211729
0.037778
-0.012923
0.150576
0.307058
0.282491
0.184563
0.123630
0.032811
-0.009521
-0.036366
-0.037164
0.083003
0.165651
0.137439
0.007896
-0.140378
-0.233362
-0.237892
-0.137304
-0.006780
0.093286
0.055259
-0.099533
-0.274025
-0.279858
-0.109263
-0.089407
-0.173125
-0.194953
-0.187960
-0.174293
-0.177366
-0.150737
-0.098003
-0.084271
-0.169954
-0.171369
-0.225986
-0.316543
-0.200021
-0.074943
-0.158371
-0.219782
-0.141757
-0.224668
-0.179610
-0.181597
-0.240365
-0.143251
-0.065732
-0.152841
-0.314487
-0.349394
-0.389309
-0.236768
-0.033726
0.062153
0.208869
0.028096
-0.325525
-0.549791
-0.564406
-0.263234
0.068440
0.180931
0.140698
-0.015229
-0.358784
-0.455630
-0.337943
-0.180790
-0.013948
0.084703
0.057275
-0.036106
-0.169961
-0.317349
-0.288615
-0.175244
-0.036571
-0.035285
-0.133322
-0.165382
-0.150728
-0.131676
-0.117486
-0.110888
-0.174188
-0.237527
-0.239937
-0.166129
-0.011066
0.033994
-0.066660
-0.279833
-0.423539
-0.381720
-0.151107
0.144982
0.238172
0.052219
-0.283186
-0.517154
-0.499218
-0.215078
0.032536
0.181041
0.164655
-0.096010
-0.354964
-0.466213
-0.414407
-0.209925
-0.000053
0.113483
0.096287
-0.138482
-0.331305
-0.325062
-0.323008
-0.358123
-0.239888
-0.116284
0.112503
0.239373
0.028116
-0.210759
-0.434484
-0.544928
-0.470170
-0.227220
-0.026623
0.060199
0.086624
-0.010321
-0.192551
-0.276912
-0.232277
-0.035115
0.075456
-0.010954
-0.168676
-0.289178
-0.209736
-0.060188
0.069089
0.052702
0.028871
0.013351
-0.091022
-0.231447
-0.196097
0.012854
0.212611
0.350277
0.207098
-0.184122
-0.430595
-0.253030
0.146293
0.500532
0.488088
0.215381
0.014840
-0.050413
-0.086333
-0.166091
-0.037387
0.178010
0.405013
0.477101
0.228642
0.060222
0.052472
0.005975
-0.116833
-0.012051
0.257584
0.433496
0.462487
0.231970
-0.016410
-0.115826
-0.055406
0.129299
0.216513
0.292461
0.391065
0.340294
0.200561
0.040279
-0.001678
-0.060401
-0.050715
0.101756
0.346697
0.566756
0.531376
0.290571
-0.069177
-0.216691
-0.018610
0.302555
0.390836
0.288501
0.177593
0.078054
0.078412
0.132964
0.225469
0.323503
0.276510
0.128150
-0.044802
-0.040496
0.163933
0.395275
0.496100
0.383237
0.157255
-0.065461
-0.175366
-0.081074
0.236588
0.525779
0.527622
0.295693
0.098339
-0.083255
-0.148019
-0.050872
0.213976
0.535263
0.592654
0.333521
-0.037707
-0.196517
-0.106726
0.115641
0.339099
0.487131
0.421528
0.193724
0.007804
-0.099936
0.015422
0.147968
0.119773
0.172648
0.093041
0.064356
0.088788
0.028962
-0.000804
0.063922
0.228338
0.141372
0.062869
0.048438
0.001176
-0.067909
-0.232013
-0.130072
0.134390
0.263581
0.270052
0.062635
-0.167003
-0.305215
-0.167281
0.059239
0.075144
0.133039
0.144581
0.070545
-0.092148
-0.221779
-0.142790
-0.043057
0.055893
0.176066
0.183363
-0.021751
-0.149253
-0.114577
-0.078319
0.003307
-0.001323
-0.017628
0.015869
0.037481
-0.023668
-0.085440
-0.090531
-0.068435
0.094375
0.191066
0.154423
0.007596
-0.272343
-0.357276
-0.132268
0.138597
0.256490
0.235684
0.097900
-0.107910
-0.247283
-0.238027
-0.071035
0.094952
0.125049
0.036895
-0.139046
-0.164942
-0.023929
0.126453
0.186341
0.026948
-0.216653
-0.302026
-0.183259
-0.115125
-0.011241
0.105171
0.120681
0.019422
-0.227372
-0.376741
-0.290891
-0.038960
0.097072
-0.007425
-0.129389
-0.140990
-0.124250
-0.140381
-0.234743
-0.306259
-0.179296
-0.002859
-0.017668
-0.068558
-0.090521
-0.149344
-0.241027
-0.329408
-0.281440
-0.111143
-0.005359
0.008444
-0.062067
-0.266189
-0.454826
-0.417351
-0.201829
0.069719
0.150815
-0.078707
-0.378263
-0.493767
-0.277870
-0.137122
-0.108834
-0.051473
-0.037316
-0.119017
-0.326224
-0.441983
-0.322594
0.011977
0.145972
-0.031782
-0.284861
-0.387905
-0.211685
-0.086814
-0.154545
-0.138652
-0.026270
0.045942
-0.035014
-0.173164
-0.344068
-0.309353
0.009548
0.185068
0.145459
-0.073848
-0.186147
-0.168123
-0.172132
-0.127409
0.000352
0.128933
0.167430
0.041667
-0.150301
-0.178479
-0.090579
-0.003733
0.060053
0.043955
0.020970
0.019227
-0.017944
0.004966
0.068505
0.019006
-0.105245
-0.026283
0.057925
0.060195
0.120738
0.096070
-0.011304
-0.036570
-0.091963
-0.113718
0.068629
0.207232
0.259885
0.176873
-0.012172
-0.191245
-0.178494
-0.043472
0.145644
0.346141
0.327314
0.198322
0.060791
0.033685
-0.035612
-0.069155
-0.008770
0.150117
0.302183
0.263473
0.096173
0.025956
0.088045
0.033298
0.018204
0.040883
0.098475
0.142029
0.148851
0.058617
0.016496
0.081688
0.087362
-0.040288
-0.128248
-0.079016
0.074526
0.181277
0.064767
-0.010781
-0.093524
-0.148058
-0.186910
-0.137714
-0.081684
-0.009822
0.057671
-0.014532
-0.074548
-0.231466
-0.317411
-0.246844
-0.141883
-0.058782
-0.038248
-0.069831
-0.136357
-0.289179
-0.444077
-0.333614
-0.084296
-0.018998
-0.179760
-0.354601
-0.374236
-0.231830
-0.043867
-0.006453
-0.004866
-0.087323
-0.330450
-0.443563
-0.349115
-0.120701
0.040348
0.060084
-0.037822
-0.231270
-0.257708
-0.174585
-0.132543
-0.073419
-0.000845
-0.085509
-0.249138
-0.272762
-0.160736
0.049129
0.096801
-0.033450
-0.178881
-0.261120
-0.267297
-0.148813
-0.083693
-0.007557
0.199670
0.194388
-0.239133
-0.436595
-0.261779
-0.136585
0.142496
0.129147
-0.013287
-0.001927
-0.054202
-0.220099
-0.274764
-0.160053
-0.045769
0.007797
-0.092382
-0.092655
0.042185
0.006892
-0.165678
-0.262065
-0.302803
-0.155742
0.047608
0.034275
-0.046379
-0.044363
-0.157552
-0.282790
-0.218486
-0.116631
0.008632
0.026214
-0.126106
-0.257467
-0.238665
-0.127617
0.009892
0.039008
-0.140926
-0.239410
-0.199468
-0.196606
-0.172099
-0.056869
0.049252
0.067632
-0.012137
-0.151518
-0.204637
-0.165534
-0.096406
-0.010579
0.076051
0.086639
0.031334
-0.074421
-0.189932
-0.181104
-0.025401
0.174674
0.220330
0.143852
-0.002073
-0.077343
-0.089980
-0.057892
0.047267
0.166973
0.262325
0.173838
-0.000017
-0.114410
-0.045258
0.055523
0.097233
0.157542
0.201060
0.139684
0.097441
0.117440
0.063472
-0.017130
-0.005497
0.163439
0.288079
0.274805
0.168151
0.117255
0.121635
0.100949
0.127069
0.102763
0.105726
0.230743
0.270429
0.151444
0.038854
0.060679
0.200419
0.294398
0.223063
0.129569
0.106429
0.097337
0.128700
0.214977
0.237107
0.248797
0.204872
0.020323
-0.085042
0.000475
0.228628
0.463244
0.413265
0.085093
-0.137489
-0.164065
-0.011124
0.273401
0.443493
0.405444
0.262513
0.039908
-0.183415
-0.146588
0.076498
0.351482
0.501261
0.406521
0.230339
0.037170
-0.127348
-0.151680
0.093614
0.423167
0.629303
0.512260
0.140430
-0.152896
-0.163556
0.067794
0.322666
0.505046
0.503506
0.389831
0.126317
-0.142636
-0.111165
0.141579
0.408493
0.548895
0.418983
0.154570
-0.024630
-0.093772
-0.060642
0.035455
0.231325
0.412223
0.452755
0.236491
-0.005699
-0.219908
-0.291301
-0.025455
0.275408
0.391396
0.348952
0.202485
-0.087694
-0.295571
-0.322350
-0.130158
0.163671
0.427601
0.432052
0.046930
-0.386109
-0.544200
-0.339252
-0.000660
0.226084
0.272806
0.191295
0.026739
-0.260254
-0.562361
-0.525683
-0.205164
0.150022
0.304001
0.149957
-0.185755
-0.478231
-0.511076
-0.420388
-0.210456
0.126787
0.308726
0.137901
-0.226591
-0.527031
-0.547519
-0.263273
0.021694
0.154338
0.151972
-0.054171
-0.308657
-0.430368
-0.513148
-0.374249
-0.062737
0.079325
0.045688
-0.110745
-0.333140
-0.392229
-0.241184
-0.186780
-0.155132
-0.039786
0.075021
-0.004350
-0.218029
-0.303419
-0.285839
-0.168018
-0.015687
0.089047
0.083670
0.096589
-0.040032
-0.317632
-0.347266
-0.136295
0.079360
0.175286
0.021326
-0.207413
-0.202210
-0.080742
-0.006178
-0.052536
-0.109101
-0.162180
-0.201663
-0.287980
-0.318902
-0.141639
0.110398
0.148740
-0.109671
-0.347101
-0.437741
-0.376181
-0.237864
-0.040638
0.060993
0.101294
0.059790
-0.229571
-0.494101
-0.530795
-0.342175
-0.102082
0.039237
0.042602
-0.140019
-0.335527
-0.397583
-0.333758
-0.252796
-0.263414
-0.197731
-0.157542
-0.196546
-0.317261
-0.424174
-0.320876
-0.144611
-0.058382
-0.099303
-0.279350
-0.459974
-0.461473
-0.379559
-0.275849
-0.130906
0.044442
0.043660
-0.084708
-0.296421
-0.421857
-0.289447
-0.102917
0.071753
0.093872
-0.027806
-0.110607
-0.121713
-0.077509
-0.022904
0.059064
0.152989
0.134812
0.040188
-0.081136
-0.107218
-0.005743
0.198174
0.361043
0.300262
0.114148
-0.001746
-0.004671
0.071133
0.148309
0.171766
0.217107
0.256619
0.237074
0.150815
0.071773
0.047408
0.125335
0.192160
0.187706
0.159876
0.148101
0.151328
0.130687
0.159666
0.188350
0.250397
0.279104
0.136898
-0.046314
-0.054518
0.116436
0.262475
0.350825
0.337375
0.146629
0.028107
0.036255
0.110405
0.228284
0.256915
0.148486
0.056074
0.010666
0.020348
0.182076
0.353272
0.401937
0.221537
-0.030953
-0.157398
-0.046351
0.186994
0.354191
0.368506
0.247831
0.098351
-0.048697
-0.096167
-0.004533
0.188699
0.337614
0.362434
0.236591
0.043364
-0.091856
-0.040495
0.115160
0.242626
0.332883
0.299938
0.147399
0.015378
0.009533
0.099261
0.207248
0.278989
0.317635
0.279625
0.186280
0.076763
0.075983
0.185866
0.299820
0.344245
0.289402
0.217854
0.220754
0.303098
0.356346
0.294815
0.171828
0.139961
0.149948
0.196525
0.201314
0.204586
0.268822
0.287007
0.183499
0.096139
0.079508
0.076027
0.081473
0.023031
-0.008277
-0.046707
-0.023123
0.034973
-0.002257
-0.032558
0.024709
-0.004166
-0.064058
-0.144889
-0.192224
-0.182666
-0.148219
-0.011112
0.037273
-0.004629
-0.152681
-0.223404
-0.210797
-0.203051
-0.110312
-0.089137
-0.180378
-0.233934
-0.193560
-0.106441
-0.097944
-0.262749
-0.439045
-0.422703
-0.209565
0.012990
0.086187
-0.025862
-0.271612
-0.415779
-0.377151
-0.263001
-0.148957
-0.099349
-0.102589
-0.217299
-0.290890
-0.267040
-0.251484
-0.155269
-0.075444
-0.026158
-0.035017
-0.201198
-0.363679
-0.399162
-0.345191
-0.224717
-0.097976
-0.090741
-0.052652
-0.038996
-0.216623
-0.343814
-0.373475
-0.328263
-0.201502
-0.089359
-0.101769
-0.136857
-0.183859
-0.271559
-0.251834
-0.205317
-0.091079
-0.000935
-0.077596
-0.232127
-0.307329
-0.224204
-0.047384
-0.006858
-0.114525
-0.104581
-0.013152
0.010855
-0.008923
0.001654
-0.011784
-0.053066
-0.051021
-0.036753
0.023002
0.194840
0.305265
0.241754
0.071458
-0.024733
-0.009678
0.044531
0.135097
0.214595
0.269220
0.256603
0.129875
0.036454
0.051430
0.072417
0.088137
0.101857
0.153745
0.188346
0.190350
0.184462
0.197652
0.221877
0.200345
0.157918
0.062957
0.036502
0.166336
0.281127
0.293434
0.233855
0.177187
0.200029
0.249102
0.249208
0.165416
0.100502
0.137942
0.223241
0.263777
0.144882
0.003768
-0.059272
0.039001
0.225611
0.301634
0.299059
0.173643
0.018873
-0.001551
0.071072
0.115434
0.171009
0.257950
0.118955
-0.146089
-0.202181
-0.041497
0.268098
0.329311
0.164260
-0.032504
-0.156129
-0.032841
0.071507
0.213101
0.258959
0.124918
0.173095
0.251696
0.102393
-0.082763
-0.121061
0.016956
0.150624
0.250912
0.290583
0.335165
0.307962
0.048274
-0.092552
-0.130350
-0.018295
0.305288
0.448939
0.261881
0.038766
-0.061533
-0.019732
0.092349
0.157001
0.212407
0.317293
0.295764
0.104798
-0.033028
-0.095134
0.059087
0.261589
0.278955
0.197579
0.106513
0.058703
0.078656
0.099430
0.062309
0.103037
0.233486
0.283939
0.206926
0.077143
-0.040868
0.030669
0.190694
0.231230
0.166489
0.089266
0.077740
0.172357
0.162231
0.024866
0.013450
0.086450
0.110877
0.118604
0.137721
0.089875
0.094204
0.081080
-0.006131
0.006813
0.097919
0.179401
0.210528
0.056876
-0.173036
-0.190029
-0.007087
0.166001
0.222927
0.130016
-0.004987
-0.064284
-0.148013
-0.215928
-0.165081
-0.002886
0.193091
0.222518
-0.035155
-0.339698
-0.381495
-0.223703
-0.048542
0.087250
0.096475
0.029595
-0.122736
-0.330809
-0.405214
-0.296914
-0.048365
0.146323
0.119751
-0.087073
-0.295797
-0.379161
-0.326369
-0.176732
-0.065872
-0.030345
-0.017010
-0.077554
-0.177169
-0.278285
-0.346514
-0.268834
-0.098988
-0.031495
-0.065852
-0.084765
-0.103205
-0.134169
-0.204815
-0.297486
-0.301655
-0.158786
0.012213
0.027993
-0.123442
-0.267898
-0.291050
-0.234753
-0.142625
-0.074924
-0.042605
-0.074607
-0.149135
-0.203313
-0.194102
-0.144591
-0.109660
-0.070174
-0.049105
-0.061887
-0.102984
-0.139126
-0.138660
-0.096425
-0.073835
-0.087790
-0.088628
-0.080603
-0.101823
-0.118640
-0.111630
-0.111570
-0.103043
-0.131020
-0.181215
-0.197417
-0.147174
-0.042324
0.010362
-0.052744
-0.175947
-0.247325
-0.246554
-0.176396
-0.100739
-0.062529
-0.024812
-0.036537
-0.131264
-0.255873
-0.282154
-0.226185
-0.134115
-0.034056
-0.039675
-0.145239
-0.245442
-0.242836
-0.193283
-0.183716
-0.203733
-0.211698
-0.179350
-0.131450
-0.109008
-0.139318
-0.197377
-0.200919
-0.154877
-0.110764
-0.122351
-0.156636
-0.133244
-0.071861
-0.009703
-0.021905
-0.063209
-0.072574
-0.078458
-0.126254
-0.115985
-0.033319
0.030811
0.091969
0.112145
0.057760
-0.042463
-0.111137
-0.077930
0.075074
0.198201
0.193957
0.126746
0.060645
0.054396
0.072330
0.066455
0.122967
0.223546
0.263920
0.224519
0.120468
0.054066
0.083813
0.163533
0.214335
0.184897
0.160696
0.169256
0.178998
0.132952
0.078570
0.087559
0.140015
0.205391
0.192555
0.135281
0.078152
0.073289
0.132176
0.157834
0.124255
0.083862
0.083750
0.105865
0.096029
0.063939
0.055837
0.088802
0.122257
0.138451
0.130134
0.084295
0.084303
0.114409
0.134691
0.140614
0.139484
0.162596
0.179325
0.161586
0.125731
0.104527
0.110327
0.157657
0.203509
0.207922
0.180588
0.142284
0.137618
0.156978
0.175417
0.200407
0.212820
0.201172
0.184319
0.164266
0.151499
0.168618
0.191452
0.201351
0.205090
0.185586
0.166131
0.162052
0.169865
0.180608
0.179721
0.166017
0.161937
0.179564
0.180615
0.172161
0.177682
0.176552
0.161488
0.166647
0.175483
0.182583
0.192611
0.209863
0.212616
0.175833
0.159072
0.160556
0.172654
0.190581
0.201850
0.207076
0.176596
0.138301
0.109230
0.094030
0.094658
