0.006317
0.018577
0.023180
0.034289
0.015020
-0.030981
-0.055833
-0.037566
0.004514
0.045147
0.058544
0.050051
0.019896
-0.028111
-0.058577
-0.048620
-0.016942
0.028410
0.061687
0.058057
0.022125
-0.025408
-0.059246
-0.048323
-0.002789
0.040661
0.058635
0.035631
-0.006607
-0.034773
-0.035838
-0.012349
0.014276
0.021229
0.014952
0.010947
0.008016
0.002987
-0.012170
-0.028683
-0.025058
0.005007
0.039381
0.041889
0.012866
-0.030067
-0.049503
-0.027790
0.010581
0.037132
0.029994
0.003360
-0.015162
-0.019571
-0.014871
-0.012044
-0.008315
0.001777
0.018065
0.018376
0.003674
-0.012135
-0.020605
-0.018195
-0.010252
0.007308
0.014218
0.008570
-0.012441
-0.017164
-0.004151
0.000387
0.000209
0.001377
-0.001105
-0.017045
-0.028167
-0.016895
0.015593
0.020330
-0.003245
-0.013510
-0.011515
-0.015596
-0.023301
-0.017069
0.004416
0.018975
0.017545
0.009800
-0.021320
-0.048084
-0.043751
-0.025145
0.031709
0.052898
0.014650
-0.024664
-0.042512
-0.028876
-0.024046
-0.006207
0.008322
0.031370
0.012440
-0.003624
-0.026142
-0.067289
-0.024269
0.001612
0.034887
0.065663
0.037780
-0.046036
-0.101391
-0.078151
-0.009881
0.053717
0.063936
0.049006
0.014392
-0.040969
-0.083988
-0.072377
-0.033531
0.022760
0.068806
0.062134
0.022614
-0.045743
-0.093123
-0.073480
-0.010341
0.050787
0.080930
0.031136
-0.031996
-0.087465
-0.077735
0.007314
0.032145
0.041045
0.033670
0.016270
-0.036939
-0.068083
-0.062576
-0.033009
0.010130
0.040432
0.069087
0.039554
-0.031287
-0.090938
-0.087198
-0.032973
0.036878
0.063152
0.046051
-0.009767
-0.055809
-0.069890
-0.035484
0.000094
0.020406
0.044189
0.009168
-0.026418
-0.039625
-0.027694
-0.019682
-0.019385
-0.011739
0.009073
0.021555
0.031029
0.022141
-0.019295
-0.068093
-0.082847
-0.038632
0.017595
0.070021
0.068087
0.010900
-0.059615
-0.077419
-0.040866
0.008239
0.036271
0.017133
0.002231
-0.007592
-0.005225
-0.011026
-0.023951
-0.039296
-0.030366
0.002944
0.048571
0.075957
0.019436
-0.047267
-0.071752
-0.039876
0.001362
0.040086
0.042962
-0.000419
-0.029530
-0.013931
0.021573
0.018015
-0.012821
-0.028500
-0.021184
0.004406
0.037040
0.043957
-0.010219
-0.053113
-0.043352
-0.002386
0.046753
0.038444
0.022549
-0.003939
-0.038213
-0.049300
-0.012811
0.033960
0.035585
0.007134
-0.005131
-0.001428
-0.003367
-0.022704
-0.025238
0.000929
0.013425
0.027406
0.021189
0.019887
-0.008868
-0.043000
-0.056462
-0.002772
0.057219
0.056037
0.029153
-0.029161
-0.036713
-0.020556
-0.002200
0.010656
0.002825
0.007692
-0.000126
0.013342
0.019802
-0.005108
-0.007922
-0.026767
-0.004467
0.038663
0.056799
0.025210
-0.027221
-0.051564
-0.044175
-0.002658
0.036173
0.066964
0.061100
0.024687
-0.031837
-0.053028
-0.048818
-0.013304
0.038554
0.072478
0.069649
0.018304
-0.037808
-0.048194
-0.026380
0.012367
0.048329
0.041533
0.032074
-0.015367
0.002011
0.017955
-0.016678
-0.029222
0.006121
-0.028174
0.096802
0.010189
-0.091733
0.089350
-0.155748
-0.019639
0.099413
0.094268
0.069273
-0.108202
-0.039710
-0.034445
0.014950
-0.063876
0.074633
0.113115
0.030918
0.002893
-0.115826
-0.045884
-0.008524
0.036352
0.087008
0.087381
-0.011661
-0.095220
-0.104479
-0.045887
0.063166
0.115381
0.086164
0.048021
-0.033593
-0.116043
-0.099472
-0.040247
0.088312
0.159290
0.110182
-0.002191
-0.116052
-0.171936
-0.090359
-0.003277
0.113061
0.216924
0.155806
0.052550
-0.090606
-0.238942
-0.232989
-0.111523
0.099109
0.262090
0.248156
0.141444
-0.046139
-0.172153
-0.254893
-0.131342
0.025421
0.092972
0.153999
0.099382
0.058510
-0.012434
-0.125276
-0.088188
0.030342
0.042873
0.070640
0.040588
-0.045270
-0.079063
-0.059085
-0.021720
0.128003
0.163445
0.059221
0.035311
-0.042150
-0.099847
-0.175420
-0.079481
0.030583
0.104649
0.180331
0.131196
0.110055
-0.084651
-0.220060
-0.249659
-0.130824
0.052470
0.156264
0.240268
0.154700
0.072533
-0.109728
-0.237894
-0.267097
-0.107643
0.130400
0.248898
0.256442
0.046002
-0.114241
-0.174594
-0.129159
0.019286
0.029240
0.002458
0.040469
0.024915
0.066071
0.032340
-0.006333
-0.060392
-0.078172
-0.001311
0.055520
0.094025
-0.034183
-0.083908
-0.085216
-0.007459
0.106806
0.054201
0.037469
-0.055262
-0.043665
-0.048473
-0.063958
-0.017607
0.072101
0.128694
0.012202
0.032309
-0.064273
-0.115517
-0.085360
0.006653
0.145959
0.049223
-0.007283
0.010059
-0.006231
-0.026954
-0.047048
0.014880
-0.019197
-0.055017
0.032346
0.030659
0.002954
-0.076029
0.011179
0.094966
0.092673
0.064506
-0.089257
-0.054903
-0.147394
-0.125030
0.023111
0.042423
0.198607
0.108649
-0.005693
-0.073746
-0.124725
-0.156516
-0.131005
0.075441
0.121432
0.145544
0.045493
-0.004751
-0.045112
-0.113978
-0.055703
-0.068417
0.004525
0.047448
0.072095
0.044489
-0.056723
-0.109448
-0.154623
-0.001559
0.099322
0.138976
0.197568
0.001877
-0.130950
-0.168470
-0.082544
0.026625
-0.009844
-0.041822
0.074479
0.189775
0.099737
-0.077575
-0.183420
-0.081028
0.080990
0.103312
-0.065476
-0.063197
-0.014215
0.014097
0.035367
-0.068498
-0.052046
0.048803
0.075189
0.038276
-0.062988
-0.144368
-0.025195
0.052886
-0.007595
-0.086342
-0.020517
-0.004528
0.142417
0.180188
0.032935
0.009120
-0.115070
-0.157704
-0.191004
-0.035601
0.105081
0.188793
0.111588
0.050352
-0.064011
-0.256063
-0.236734
-0.105951
0.126598
0.198989
0.392688
0.094792
-0.165081
-0.268982
-0.350879
-0.048180
0.092630
0.271175
0.215725
0.028425
-0.144785
-0.115660
-0.041506
-0.080069
-0.028317
0.084434
0.186805
0.048065
-0.080968
-0.223978
-0.104051
-0.014808
0.069776
0.227351
0.128838
0.045167
-0.161198
-0.168710
-0.115270
-0.039435
0.076069
0.103720
0.080518
0.012283
-0.070611
-0.104561
0.025772
0.060022
0.155080
0.159460
0.024284
-0.132243
-0.214636
-0.152657
-0.053621
0.129541
0.277181
0.263930
0.029778
-0.223960
-0.252337
-0.184326
-0.041981
0.118932
0.214961
0.229139
0.005965
-0.133945
-0.204219
-0.160010
0.008404
0.159771
0.260755
0.085409
-0.077088
-0.126080
-0.157481
-0.119397
0.036063
0.166425
0.178659
0.085902
-0.032500
-0.046828
-0.098763
-0.112347
-0.048729
0.023692
0.100653
0.064796
0.012183
-0.079295
-0.104987
0.034068
0.084072
0.042329
-0.048274
0.004447
0.120753
0.040247
-0.136962
-0.155755
0.018363
0.087446
0.017102
0.000549
0.052249
0.074119
0.064377
-0.028946
-0.049194
-0.081668
-0.071981
-0.062275
-0.095200
0.063385
0.205699
0.233114
0.066024
-0.102956
-0.175684
-0.178515
-0.089191
0.065204
0.174259
0.144953
-0.003929
-0.011686
-0.016461
-0.111636
-0.045126
0.079625
0.181453
0.094906
-0.078078
-0.235722
-0.239333
-0.127512
0.128634
0.377783
0.298732
0.102596
-0.148853
-0.238370
-0.162106
-0.086742
0.038178
0.118911
0.157266
0.114064
-0.016696
-0.134554
-0.160202
0.005383
0.151345
0.107897
0.018493
-0.099520
-0.192991
-0.088652
0.061785
0.149947
0.128010
-0.028112
0.043136
0.045502
-0.104087
-0.092429
0.002429
0.106701
0.021468
-0.072079
-0.035840
-0.047645
-0.002399
0.067521
-0.041913
-0.170040
-0.060176
0.176743
0.230651
0.138209
0.042098
-0.002083
-0.088790
-0.220292
-0.161347
-0.056105
0.017652
0.226018
0.355098
0.139859
-0.221239
-0.410433
-0.334674
-0.034516
0.160163
0.259280
0.295773
0.094257
-0.103731
-0.231804
-0.187193
-0.050154
0.175077
0.299789
0.156642
-0.113832
-0.244431
-0.187818
-0.065049
0.174128
0.176451
0.079889
-0.019011
-0.120558
-0.185277
-0.116829
-0.014824
0.148639
0.254294
0.205404
0.015929
-0.254020
-0.252756
-0.087549
0.173456
0.234543
0.163091
-0.006732
-0.172647
-0.178001
-0.106485
-0.006904
0.136073
0.191166
0.036641
-0.077552
-0.141906
-0.074381
0.051514
0.046639
0.037397
0.037020
-0.021694
-0.047181
-0.080259
-0.040268
0.019792
0.107611
0.126648
0.019247
-0.083306
-0.172892
-0.071372
0.067580
0.159748
0.146016
0.081099
0.006320
-0.109577
-0.264882
-0.259486
-0.042290
0.167144
0.325498
0.219735
0.007079
-0.196273
-0.277801
-0.123656
0.109119
0.208936
0.142771
0.012631
-0.148085
-0.213262
-0.071111
0.115121
0.083091
0.048671
0.062075
-0.008116
-0.071189
-0.047928
0.042109
0.029786
-0.027159
-0.052343
-0.060233
-0.012882
0.006254
0.020832
0.072887
0.045994
0.006852
-0.030214
-0.042372
-0.041423
-0.072736
0.005691
-0.002059
0.043339
0.077811
0.024080
-0.057710
-0.103474
-0.046687
0.015535
0.093128
0.095929
0.048726
-0.074209
-0.129946
-0.119463
-0.032959
0.071548
0.220126
0.192630
-0.064498
-0.232827
-0.246619
-0.019917
0.140084
0.118265
0.013697
-0.009763
0.048971
-0.060129
-0.161669
-0.111890
0.075625
0.234894
0.119090
-0.064176
-0.192890
-0.218175
-0.014231
0.133746
0.157060
0.114176
0.044576
-0.036753
-0.169299
-0.244610
-0.148263
0.023340
0.149742
0.233459
0.095926
-0.009502
-0.059983
-0.104107
-0.075299
0.002274
0.071620
0.050987
-0.023874
-0.115626
-0.050926
0.025894
0.010906
0.040734
0.048759
-0.055454
-0.032330
0.043605
0.082501
0.061483
-0.033386
-0.132715
-0.160767
-0.029084
0.114368
0.179233
0.053435
-0.026489
-0.013650
-0.115967
-0.164700
-0.097155
0.034755
0.133889
0.124912
0.039964
-0.042837
-0.094519
-0.113190
-0.076394
0.055308
0.196732
0.158747
0.007294
-0.143391
-0.157524
-0.088958
-0.063715
0.029470
0.109116
0.125340
0.016582
-0.121682
-0.106189
-0.111215
0.037212
0.284336
0.250756
0.092963
-0.107066
-0.245161
-0.286133
-0.212403
0.078371
0.262608
0.263016
0.161808
0.030303
-0.175471
-0.321626
-0.121629
0.050443
0.061994
0.069773
0.040029
0.007934
0.013428
-0.016794
0.000258
0.090078
0.066864
-0.060109
-0.142003
-0.086472
0.017512
0.050572
0.054443
0.092712
0.085059
0.002959
-0.116668
-0.179294
-0.084026
0.084186
0.132985
0.044918
0.009355
0.048686
0.010095
-0.105729
-0.176684
-0.096698
0.080270
0.205483
0.160695
-0.011385
-0.113566
-0.110528
-0.050945
-0.013633
0.044658
0.130836
0.092487
-0.042056
-0.158474
-0.151622
-0.003199
0.135265
0.155843
0.077183
-0.094636
-0.150627
-0.049392
0.048562
0.036574
0.025650
0.125252
0.079389
-0.035611
-0.151275
-0.164154
-0.009929
0.113136
0.158710
0.114531
0.034712
-0.031581
-0.180757
-0.145023
0.023866
0.070153
0.120905
0.034334
0.022108
-0.022887
-0.118222
-0.082866
0.004317
0.119994
0.192839
0.101176
-0.161193
-0.187498
0.033963
0.190034
0.109956
-0.019998
-0.131274
-0.108927
-0.012644
-0.004050
0.076615
0.125385
0.006614
-0.131041
-0.082730
0.002381
0.126740
0.258879
0.172819
-0.027338
-0.203794
-0.302088
-0.239381
-0.047736
0.224444
0.412537
0.273713
-0.047589
-0.316684
-0.411018
-0.189576
0.152464
0.267920
0.183364
0.045394
-0.065666
-0.114917
-0.193516
-0.146406
0.054853
0.217716
0.249129
0.007349
-0.089615
0.034538
0.083457
-0.044824
-0.192389
-0.184572
-0.094291
0.104964
0.221463
0.223596
0.090656
-0.040860
-0.138578
-0.251907
-0.256935
-0.070651
0.146976
0.289203
0.192639
-0.084601
-0.203844
-0.048040
0.036797
0.063877
0.287751
0.067322
-0.207115
-0.123430
0.051197
0.029452
-0.030170
0.103654
0.211017
0.136217
-0.158502
-0.327238
-0.264651
0.049092
0.310225
0.193838
-0.125961
-0.227237
-0.079403
0.008752
0.100016
0.063503
0.126420
0.315537
0.094208
-0.324621
-0.425258
-0.110685
0.232618
0.313093
0.142205
-0.064315
-0.055882
-0.032488
-0.097888
-0.176985
-0.167605
0.046460
0.220225
0.167720
-0.075583
-0.129904
-0.043589
-0.007649
0.035554
-0.028149
-0.016131
0.045207
0.083825
0.118437
-0.038076
-0.266152
-0.154754
0.156466
0.247661
0.078671
-0.030838
-0.059016
-0.147610
-0.128650
-0.019419
0.043463
0.076254
0.121439
0.004963
-0.151428
-0.231675
-0.079096
0.090217
0.147050
0.138740
-0.004689
0.030143
0.045627
-0.004359
0.025404
0.024603
-0.076048
-0.160338
-0.074842
0.064856
0.076442
0.067893
0.058121
0.017596
-0.015230
-0.040460
-0.108016
-0.100818
0.049047
0.119345
-0.026362
-0.103648
-0.029485
0.035983
0.080792
-0.003654
0.032806
0.083976
0.068382
0.021504
-0.052358
-0.098341
-0.104592
-0.016710
-0.042578
-0.045332
0.060072
0.106648
0.061418
-0.009619
-0.109020
-0.110598
-0.001657
0.070766
0.086556
0.039114
-0.050099
-0.106934
0.044132
0.060616
-0.031896
0.154361
0.141902
-0.048829
-0.189339
-0.238139
-0.210062
0.021678
0.263900
0.210089
0.096740
-0.104415
-0.227823
-0.178397
0.005341
0.100310
0.191127
0.091000
-0.019497
0.017115
-0.172340
-0.231976
-0.052734
0.148550
0.270901
0.162646
-0.110924
-0.186233
-0.111971
0.009448
0.082856
0.056672
-0.098436
-0.099927
0.076708
0.105316
-0.018893
-0.109723
-0.021521
0.096430
0.130306
-0.043277
-0.150288
-0.131050
-0.029508
0.165525
0.091655
0.009689
0.003354
0.006625
-0.031420
-0.090052
-0.034775
-0.062676
0.034482
0.050897
0.016390
0.000415
-0.025234
0.019014
0.020734
0.020838
-0.083560
-0.160283
-0.015560
0.181868
0.171075
0.061252
-0.058723
-0.084215
-0.064862
-0.087181
-0.101736
-0.004698
0.127419
0.186657
0.141392
-0.102841
-0.248814
-0.165223
0.023570
0.145822
0.156949
0.118222
-0.001687
-0.080332
-0.166886
-0.212584
-0.031839
0.145899
0.202263
0.199256
0.072506
-0.131899
-0.201516
-0.181030
-0.094772
0.075887
0.176183
0.178370
0.084206
-0.108025
-0.222909
-0.156673
-0.024895
0.066281
0.158976
0.175347
0.117296
0.037382
-0.147743
-0.248083
-0.162186
0.014399
0.168319
0.190230
0.038969
-0.047593
-0.078745
-0.131095
-0.148077
-0.041487
0.070396
0.092535
0.235367
0.152919
-0.086438
-0.163242
-0.149128
0.017746
0.128392
0.045326
-0.069762
-0.103245
-0.061814
0.103482
0.205932
0.054608
-0.045784
-0.043589
-0.144938
-0.192718
-0.029794
0.100328
0.169468
0.091624
-0.010275
-0.088763
-0.103370
0.023471
0.188638
0.145752
-0.167527
-0.186534
-0.051496
-0.004615
0.070647
0.152473
0.113241
0.090557
0.011422
-0.151667
-0.220722
-0.110695
0.073422
0.144957
0.080133
-0.004092
-0.106513
-0.199890
-0.070685
0.105570
0.107247
0.132427
0.220787
0.006360
-0.086935
-0.036496
-0.092674
-0.066943
0.053816
0.023902
-0.060933
-0.017906
0.019978
0.068895
0.064226
0.050787
0.069194
0.036996
-0.123808
-0.258969
-0.199570
-0.092733
0.175058
0.371486
0.229559
0.094800
-0.178905
-0.347034
-0.242441
0.009289
0.173141
0.226674
0.213177
-0.035215
-0.146500
-0.109029
-0.095288
-0.015017
0.082220
0.073312
0.067825
0.004421
-0.025164
-0.043812
-0.092890
-0.080682
-0.007042
0.108485
0.169507
0.169731
-0.042188
-0.265429
-0.269103
-0.072350
0.223812
0.296984
0.147235
0.018833
-0.090946
-0.231858
-0.264394
-0.083122
0.078178
0.135127
0.265693
0.207847
0.010321
-0.124902
-0.259090
-0.255677
-0.071689
0.159015
0.191822
0.134448
0.072080
0.011339
0.022380
-0.079754
-0.222960
-0.238847
-0.084937
0.208959
0.364914
0.257599
-0.084530
-0.233935
-0.128075
-0.019460
-0.056286
-0.187707
-0.057233
0.141121
0.301485
0.199095
0.027921
-0.095541
-0.213826
-0.127867
-0.014631
-0.044683
-0.035098
0.261637
0.261012
0.008434
-0.142887
-0.158103
-0.073786
-0.007232
-0.063328
-0.094486
0.126090
0.186355
0.143672
0.091443
-0.168772
-0.292616
-0.101879
0.036340
0.065855
0.031065
0.060995
0.243788
0.181069
-0.117210
-0.284575
-0.182385
-0.049745
0.089684
0.102122
-0.012702
0.136906
0.257030
0.142991
-0.206778
-0.435165
-0.283954
0.089617
0.262440
0.183183
0.079414
-0.042559
-0.014054
-0.076179
-0.118852
0.034365
0.127606
0.114129
0.020957
-0.146766
-0.204720
-0.110012
0.092591
0.228581
0.187210
-0.052524
-0.152433
-0.126098
-0.130007
0.040759
0.157705
0.157711
0.097874
-0.018776
-0.136306
-0.099787
-0.085855
-0.039370
0.101729
0.108564
0.031015
0.086814
0.069362
-0.078239
-0.163620
-0.207303
-0.091239
0.131493
0.165353
0.062660
0.122723
0.029784
-0.101892
-0.044467
-0.012586
-0.022759
-0.000974
0.023490
0.026000
-0.044655
-0.103951
0.042811
0.159894
0.084340
-0.027405
-0.134660
-0.195670
-0.053031
0.157539
0.159135
0.072917
-0.080051
-0.249052
-0.126721
0.076944
0.203299
0.270119
0.142573
-0.138363
-0.295185
-0.301354
-0.149940
0.177907
0.333335
0.257555
0.090259
-0.207546
-0.354319
-0.195107
0.056479
0.169669
0.083424
0.035571
0.043516
0.037494
-0.101857
-0.243415
-0.157259
0.054734
0.219838
0.257164
0.008738
-0.190332
-0.123691
-0.064718
0.040034
0.119460
0.065998
-0.049899
-0.133841
-0.143358
0.077967
0.262873
0.054038
-0.209626
-0.102152
0.008894
0.032069
0.033823
-0.048540
-0.007938
0.115079
0.128310
-0.169494
-0.261244
0.004894
0.201696
0.157062
-0.024123
-0.075715
0.088987
0.109620
-0.161289
-0.315108
-0.162348
0.150804
0.377703
0.276221
-0.074936
-0.254102
-0.165374
-0.083627
-0.112490
0.001672
0.178614
0.215412
0.084660
-0.110309
-0.176151
-0.095784
0.032126
0.134055
0.161500
-0.015838
-0.132885
-0.048336
-0.086117
-0.124523
-0.001522
0.051851
0.066477
0.170209
0.113829
-0.086692
-0.180272
-0.173137
-0.046419
0.112409
0.098631
-0.084276
-0.052657
0.034432
0.025897
-0.060820
-0.135822
-0.025370
0.055807
0.108413
-0.036709
-0.141114
-0.187944
-0.093094
0.174415
0.231476
0.113374
-0.084341
-0.195978
-0.232533
-0.153452
-0.075346
0.077719
0.264705
0.198846
0.008404
-0.154833
-0.236028
-0.238446
-0.031686
0.165741
0.171363
0.077256
-0.064848
-0.104426
-0.136280
-0.190450
-0.083059
0.056198
0.187747
0.321014
0.091636
-0.251806
-0.323065
-0.185239
0.027719
0.176899
0.086210
-0.058225
-0.000621
-0.013450
-0.083037
-0.132984
-0.165547
-0.007124
0.142401
0.102524
0.026784
-0.027322
-0.021766
-0.001280
-0.006040
-0.115251
-0.119971
-0.007666
0.039621
0.060750
0.038910
0.001418
-0.064939
-0.019435
-0.017313
-0.123590
-0.071476
0.057927
0.050716
-0.021292
-0.075588
-0.059510
-0.022231
0.043978
0.072175
0.134193
0.121422
-0.110026
-0.268491
-0.211579
0.013124
0.210975
0.233530
0.029009
-0.007473
0.007121
-0.078003
-0.176552
-0.160015
0.055061
0.236077
0.226325
0.111587
-0.059105
-0.186567
-0.103515
-0.015809
0.046930
0.148325
0.166911
0.043729
0.034603
-0.030266
-0.078380
0.003058
0.074648
0.041680
0.019191
0.004390
-0.004321
0.086468
0.086280
0.109366
0.151799
0.092609
-0.032822
-0.048609
0.042176
0.153012
0.131139
0.109112
0.112202
0.066158
0.010056
-0.016651
-0.027653
-0.004535
0.132824
0.209971
0.232004
0.117560
0.061895
0.024458
-0.107968
-0.008825
0.185490
0.276442
0.173136
0.039734
0.062692
0.106908
0.177345
0.152454
0.127500
0.109713
0.025691
0.038405
0.043368
0.049111
0.122166
0.211579
0.216396
0.202592
0.094001
-0.033129
0.036127
0.118922
0.190293
0.223552
0.127940
0.010236
0.042379
0.103375
0.107594
0.105448
0.075160
0.128801
0.184702
0.161626
0.103451
0.081707
0.075344
0.113295
0.092907
-0.064298
-0.086734
0.074525
0.250243
0.300365
0.223147
0.056646
-0.039670
-0.046173
-0.037152
-0.026236
0.059661
0.107104
0.197406
0.210272
0.024525
0.025275
0.034435
-0.068590
-0.120578
-0.049067
0.029762
0.148976
0.134891
0.055035
0.159367
0.066732
-0.227311
-0.347492
-0.220875
0.118666
0.359657
0.277765
0.055346
-0.201759
-0.283174
-0.195399
-0.098614
-0.026285
0.116779
0.178127
0.003367
-0.200191
-0.279476
-0.141150
-0.022046
-0.052109
-0.082110
-0.019424
0.064810
-0.017699
-0.178968
-0.273094
-0.286999
-0.129757
0.047022
0.042346
-0.032105
-0.138535
-0.199668
-0.253970
-0.332108
-0.282822
-0.065728
0.117540
0.049833
-0.049929
-0.137880
-0.234059
-0.285057
-0.398926
-0.361635
-0.124039
0.075278
0.074786
-0.083039
-0.244344
-0.390236
-0.369535
-0.275270
-0.134686
0.085697
0.113084
0.056335
-0.172945
-0.402565
-0.408075
-0.411933
-0.293504
-0.037122
0.166810
0.082398
-0.139245
-0.269420
-0.335793
-0.346513
-0.376070
-0.247136
-0.002012
0.101485
0.014252
-0.132697
-0.410013
-0.571077
-0.316671
-0.037522
0.093676
0.124803
0.030997
-0.184827
-0.261133
-0.210432
-0.241570
-0.308984
-0.318292
-0.094855
0.163277
0.018514
-0.219778
-0.275390
-0.237021
-0.144861
-0.013269
-0.059968
-0.163859
-0.146445
-0.096075
-0.120008
-0.120130
-0.074510
0.045407
0.200711
-0.075126
-0.315288
-0.281834
-0.120606
-0.026199
0.014046
-0.049266
-0.132009
-0.058825
0.009205
-0.077002
-0.198154
-0.134496
0.134730
0.303998
0.087014
-0.093670
-0.193260
-0.230213
-0.128725
0.038273
0.032529
0.139619
0.266903
0.135340
-0.141112
-0.319002
-0.228451
-0.043292
0.216465
0.273701
0.161881
0.065002
0.022360
-0.079837
-0.180301
-0.176460
-0.023110
0.214749
0.340092
0.186176
-0.017911
-0.069543
-0.069208
-0.084885
-0.017868
0.155590
0.260886
0.228327
0.045638
-0.069406
-0.127620
-0.124911
0.020074
0.244908
0.303604
0.280668
0.149795
-0.068246
-0.121200
-0.054625
0.000564
0.089424
0.120537
0.116186
0.241942
0.212299
-0.009724
-0.166124
-0.024311
0.127377
0.159171
0.161274
0.111195
0.140450
0.156215
0.058577
0.029565
0.070194
0.151002
0.152091
0.046121
-0.069773
-0.056779
0.122626
0.279878
0.358074
0.212220
0.022059
-0.104373
-0.180871
-0.098645
0.182879
0.356122
0.381175
0.247684
-0.005632
-0.094286
-0.099349
0.041790
0.150414
0.159373
0.213257
0.220392
0.116580
-0.016829
0.028812
0.129732
0.110751
0.017488
-0.009508
0.105837
0.257821
0.168242
-0.037561
-0.008236
0.157039
0.279074
0.149892
-0.046460
-0.180308
0.053700
0.325028
0.185530
-0.008384
-0.009284
0.085930
0.103733
0.142088
-0.033233
0.028432
0.244682
0.151524
-0.034785
-0.075094
0.052379
0.180531
0.151525
-0.033464
0.010102
0.096421
0.018653
0.020239
0.042802
0.019132
0.214043
0.259275
0.058606
-0.017081
-0.016025
-0.084719
-0.139089
-0.041636
0.038227
0.209027
0.229992
0.143336
0.149723
-0.025365
-0.252447
-0.286832
-0.067369
0.214374
0.357491
0.183329
-0.033975
-0.017180
-0.025517
-0.124852
-0.154636
0.084728
0.371848
0.448121
0.168857
-0.235898
-0.350024
-0.250695
-0.028830
0.235245
0.422041
0.354031
0.194214
0.000090
-0.153310
-0.099836
-0.046245
-0.009564
0.151237
0.360850
0.264374
0.005895
-0.108072
-0.061434
0.071554
0.228843
0.185824
0.045543
0.089473
0.117444
-0.014121
-0.112154
0.067067
0.304840
0.358693
0.182134
-0.069232
-0.206048
-0.058578
0.113214
0.140333
0.062568
0.034535
0.162446
0.181448
-0.034779
-0.252103
-0.174191
0.103245
0.300780
0.263099
0.040469
-0.151975
-0.143587
-0.100968
-0.064967
-0.008413
0.265675
0.403804
0.191864
-0.235372
-0.566078
-0.352065
0.100369
0.390597
0.317127
0.042261
-0.147797
-0.226940
-0.271148
-0.215407
-0.023677
0.246599
0.253699
-0.030041
-0.330808
-0.435076
-0.221617
0.094813
0.279514
0.164965
-0.082674
-0.216901
-0.228315
-0.164897
-0.153509
-0.143221
-0.013487
0.112275
-0.001927
-0.270243
-0.430065
-0.282432
0.082881
0.286006
0.144679
-0.198449
-0.294008
-0.310277
-0.312451
-0.088101
0.078668
0.108719
0.007115
-0.186191
-0.425247
-0.366313
-0.134588
-0.053129
0.078018
0.107890
0.021446
-0.124410
-0.254386
-0.362728
-0.313533
-0.158384
0.008518
0.149070
0.095046
-0.106353
-0.248358
-0.332244
-0.416592
-0.258835
-0.055064
0.132243
0.107388
-0.064447
-0.161040
-0.153843
-0.204050
-0.459193
-0.385408
-0.062386
0.147371
0.097588
-0.027595
-0.057834
-0.136095
-0.177688
-0.376853
-0.467409
-0.121028
0.220961
0.223537
-0.035085
-0.286020
-0.331397
-0.246648
-0.205129
-0.240186
-0.017034
0.215841
0.118183
-0.064020
-0.285381
-0.321392
-0.256229
-0.161518
-0.007221
0.207918
0.304377
0.127051
-0.194488
-0.474759
-0.521487
-0.291265
0.097163
0.359107
0.358484
0.110221
-0.157696
-0.344729
-0.338493
-0.130659
0.028861
0.174732
0.289938
0.228086
0.038300
-0.147407
-0.181155
-0.080827
0.046363
0.033398
0.088046
0.216953
0.146184
-0.013512
-0.070414
0.024129
0.160738
0.192043
-0.016364
-0.158997
-0.107440
0.131504
0.367274
0.365790
0.268469
0.192036
-0.001610
-0.266141
-0.271870
-0.035010
0.259660
0.450191
0.480355
0.294298
0.085671
-0.055930
-0.197865
-0.214258
-0.028683
0.270231
0.437405
0.341441
0.133250
0.063242
0.047129
-0.072823
-0.082519
0.126021
0.216038
0.204108
0.179851
0.016821
-0.025262
0.118410
0.182884
0.164274
0.103935
-0.032490
0.023113
0.097243
0.008529
0.048996
0.142219
0.116037
0.084298
0.028908
-0.054591
0.076186
0.145893
0.072424
0.008119
-0.122273
-0.093145
0.128013
0.196050
0.059107
0.015486
-0.014150
-0.021236
-0.014872
-0.166175
-0.249366
-0.085205
0.202190
0.330713
0.149685
-0.175338
-0.355832
-0.385217
-0.274112
-0.040414
0.223141
0.342444
0.255238
-0.084914
-0.334378
-0.422949
-0.427497
-0.218252
0.037628
0.226260
0.260393
0.242440
-0.001683
-0.219784
-0.326039
-0.370725
-0.276026
0.013998
0.272259
0.237841
0.036723
-0.164532
-0.068128
0.042808
0.012015
0.015216
0.072448
0.073473
0.088105
0.033129
0.039854
0.188611
0.179876
-0.021603
-0.246599
-0.141968
0.280673
0.489462
0.304838
0.077398
0.074587
0.164536
0.190893
0.189969
0.074093
0.069849
0.300050
0.335973
0.055470
-0.025196
0.254408
0.456573
0.363384
0.175359
0.006462
0.037884
0.277385
0.352912
0.220666
0.216665
0.263032
0.188258
0.132951
0.151085
0.195286
0.326667
0.471078
0.298799
0.092197
0.070588
0.057169
0.120676
0.272767
0.231008
0.142020
0.211838
0.166825
0.048640
0.032173
0.098161
0.180025
0.170930
0.012823
-0.118380
-0.077233
-0.044135
-0.031617
0.034485
0.140615
0.097421
-0.077246
-0.169797
-0.235172
-0.156701
-0.047351
-0.015446
0.015168
-0.052411
-0.274947
-0.415403
-0.331764
-0.191547
-0.009656
0.107525
0.084796
0.008896
-0.299162
-0.577303
-0.631177
-0.525859
-0.122540
0.135559
0.113682
-0.026093
-0.200461
-0.360285
-0.319358
-0.323481
-0.396722
-0.114775
0.048547
-0.075061
-0.248314
