-0.002942
-0.003309
0.000300
0.002991
0.002824
-0.000242
-0.003106
-0.004838
-0.003777
0.001383
0.009040
0.013599
0.010574
0.000645
-0.011767
-0.016977
-0.008823
0.008123
0.021219
0.020145
0.006695
-0.008282
-0.013701
-0.006128
0.008642
0.019367
0.017819
0.006040
-0.005110
-0.006385
0.002137
0.012989
0.017684
0.012808
0.001598
-0.007074
-0.005397
0.005376
0.014825
0.014977
0.006624
-0.001874
-0.006205
-0.007496
0.000069
0.010027
0.012822
0.016529
0.019997
0.012933
-0.001722
-0.010017
-0.004564
0.010364
0.020898
0.017777
0.004600
-0.010871
-0.017321
-0.005873
0.016499
0.030904
0.025268
0.003053
-0.018281
-0.022775
-0.006137
0.020078
0.035712
0.030473
0.009702
-0.010604
-0.015915
-0.003377
0.017242
0.031104
0.027433
0.010106
-0.006665
-0.011606
-0.001527
0.015974
0.028625
0.026024
0.011783
-0.000296
-0.004667
0.001787
0.015939
0.023033
0.021255
0.020963
0.019158
0.007600
-0.007969
-0.013423
-0.001113
0.019333
0.034496
0.038316
0.023778
-0.007519
-0.032214
-0.024422
0.010394
0.040225
0.041387
0.019218
-0.006466
-0.020428
-0.015502
0.005589
0.027793
0.031775
0.015435
-0.004757
-0.013606
-0.008661
0.004121
0.017004
0.021769
0.013924
-0.000715
-0.009230
-0.004741
0.006687
0.013780
0.012185
0.005552
0.000580
0.000332
0.003029
0.005787
0.007774
0.008332
0.007317
0.005815
0.003510
0.000982
0.000525
0.003416
0.006809
0.008156
0.005236
0.000479
-0.001748
0.000092
0.003616
0.005448
0.005412
0.001723
-0.002989
-0.002624
0.000987
0.002032
0.004249
0.004440
-0.000623
-0.000593
0.004721
0.007672
0.000991
-0.009804
-0.010817
-0.003078
0.008534
0.019999
0.020322
-0.000563
-0.028313
-0.035283
-0.007120
0.026678
0.031861
0.015317
-0.008741
-0.030592
-0.039595
-0.019299
0.016979
0.035803
0.025654
-0.000632
-0.025787
-0.035582
-0.025106
-0.001770
0.025993
0.033813
0.009443
-0.028713
-0.051003
-0.035613
0.003079
0.033522
0.043701
0.035592
0.005614
-0.034958
-0.054961
-0.039522
-0.002244
0.027535
0.038863
0.033305
0.006118
-0.031772
-0.048969
-0.026424
0.013883
0.034560
0.024779
0.000934
-0.018642
-0.024503
-0.012909
0.007594
0.018546
0.010834
-0.004578
-0.011755
-0.009784
-0.006887
-0.004977
-0.001000
0.005108
0.006128
-0.001900
-0.013544
-0.018600
-0.011136
0.002164
0.009915
0.005036
-0.009577
-0.020948
-0.018083
-0.004557
0.006795
0.003972
-0.009050
-0.018711
-0.017236
-0.009006
-0.003658
-0.004841
-0.008962
-0.011072
-0.010307
-0.008407
-0.008740
-0.010362
-0.010085
-0.007947
-0.005238
-0.006558
-0.011270
-0.014439
-0.012874
-0.008508
-0.005315
-0.004618
-0.012320
-0.013401
-0.009191
-0.007932
-0.000978
0.001961
-0.005440
-0.016707
-0.021825
-0.015732
-0.004121
0.005360
0.013152
0.014455
-0.001940
-0.024787
-0.035997
-0.024324
0.008568
0.029139
0.027171
0.012193
-0.012103
-0.031157
-0.031875
-0.011613
0.016766
0.030762
0.021866
0.003284
-0.012742
-0.023279
-0.020991
-0.005459
0.010218
0.016277
0.010436
0.001510
-0.003430
-0.006885
-0.010765
-0.008955
0.000919
0.013063
0.015858
0.005460
-0.007574
-0.011567
-0.005112
0.002427
0.002511
-0.004550
-0.007266
0.000728
0.013685
0.016529
0.000877
-0.021319
-0.027899
-0.010023
0.015839
0.025237
0.008425
-0.017185
-0.027294
-0.015165
0.005651
0.014341
0.005651
-0.009609
-0.016101
-0.010426
-0.001526
0.000707
-0.004361
-0.009231
-0.007642
-0.003025
-0.002450
-0.006260
-0.010222
-0.008048
-0.004944
-0.004876
-0.005211
-0.007577
-0.009025
-0.006263
-0.005102
-0.003446
-0.002822
-0.008615
-0.011333
-0.008444
-0.005729
-0.004470
-0.003289
-0.004291
-0.008148
-0.011992
-0.008671
0.003509
0.010670
0.005466
-0.006187
-0.013803
-0.010783
-0.001811
0.005655
0.005380
-0.003851
-0.012080
-0.010458
-0.000670
0.007813
0.006585
-0.003549
-0.012482
-0.010696
-0.000616
0.008766
0.008536
-0.000786
-0.009754
-0.009690
-0.001519
0.006278
0.005130
-0.004382
-0.010763
-0.007562
0.000356
0.003017
-0.002702
-0.010502
-0.012335
-0.006993
0.008195
0.018828
0.015588
0.011419
0.004699
-0.007446
-0.021222
-0.024559
-0.009816
0.015284
0.036519
0.041076
0.023130
-0.014432
-0.043246
-0.034236
0.006245
0.044407
0.049517
0.024826
-0.006290
-0.026552
-0.025217
-0.001477
0.027381
0.038502
0.023279
-0.003547
-0.019603
-0.015348
0.004784
0.025827
0.030495
0.013700
-0.008618
-0.015920
-0.002334
0.017305
0.022913
0.010687
-0.004699
-0.007992
0.001101
0.009818
0.009007
0.001091
-0.005191
-0.000794
0.005313
0.002522
-0.002737
-0.004984
-0.001499
0.007573
0.013757
0.008373
-0.006926
-0.018270
-0.012713
0.003457
0.009611
0.002842
-0.001617
0.001418
0.003041
-0.005164
-0.017261
-0.020503
-0.013785
-0.002096
0.007529
0.007465
-0.002814
-0.015359
-0.018704
-0.009189
0.003972
0.007509
-0.000245
-0.009381
-0.011722
-0.010244
-0.005851
0.000902
0.001508
-0.007719
-0.016315
-0.014819
-0.004890
0.006613
0.012604
0.007559
-0.005003
-0.007395
0.005070
0.022097
0.019543
-0.002019
-0.014881
-0.018684
-0.024975
-0.025107
-0.006576
0.015219
0.024530
0.027622
0.020137
0.003415
-0.020365
-0.033175
-0.006046
0.035225
0.051316
0.040861
0.018365
-0.000992
0.001227
0.022460
0.036800
0.044675
0.043174
0.023784
0.013280
0.013454
0.021949
0.028163
0.030275
0.027341
0.026606
0.042455
0.053905
0.050930
0.028861
-0.000079
-0.008458
0.010299
0.047886
0.073358
0.072332
0.045685
0.007194
-0.003504
0.008569
0.032769
0.044748
0.040043
0.029020
0.018268
0.009960
0.016560
0.046283
0.047628
0.026627
-0.006660
-0.010656
-0.010420
0.044996
0.075454
0.003763
0.026659
0.011476
-0.001446
0.012019
-0.005920
0.027342
0.002903
-0.039759
-0.032259
0.013233
0.019834
-0.002305
-0.000709
-0.004340
-0.007179
-0.038272
-0.024319
0.007666
0.014901
0.020426
-0.016753
-0.049066
-0.088787
-0.082806
-0.018595
0.036155
0.052475
0.014413
-0.035317
-0.099478
-0.126209
-0.076958
0.001980
0.080305
0.072478
-0.006514
-0.077861
-0.117747
-0.084682
-0.049532
-0.010574
-0.019585
-0.040989
-0.042038
-0.030414
0.017624
-0.029130
-0.031860
0.016812
0.030039
-0.018100
-0.095990
-0.103559
-0.090583
-0.056571
-0.002238
0.087289
0.089172
-0.024794
-0.125342
-0.153395
-0.092441
-0.027610
0.052831
-0.003204
0.008170
-0.008022
-0.116507
-0.056068
0.053726
0.156001
0.032041
-0.114484
-0.172344
-0.084850
-0.039614
-0.002090
0.136103
0.099690
-0.021019
-0.157315
-0.149142
-0.054565
0.043491
-0.028890
-0.006179
0.068332
-0.024954
0.000674
0.001279
0.019614
-0.028548
-0.100054
-0.098130
-0.044376
0.020630
0.078840
0.165170
0.070620
-0.139854
-0.262308
-0.157709
0.081902
0.229593
0.155509
-0.033984
-0.154584
-0.162440
-0.052952
0.075529
0.123037
0.099025
0.013995
-0.093659
-0.116214
-0.055250
0.032014
0.090435
0.084775
0.000646
-0.052052
-0.054729
-0.006706
0.079819
0.070074
-0.012787
-0.051030
-0.018267
0.007893
0.011987
-0.023880
-0.009893
0.028951
0.031341
-0.001265
-0.024792
-0.002371
0.018463
0.007247
-0.032751
-0.002922
0.025345
0.015683
0.010277
0.013687
0.031545
0.021637
-0.035496
-0.064511
-0.023148
0.049526
0.075741
0.023339
-0.052851
-0.070052
0.024836
0.047071
0.011149
-0.004862
0.007374
0.055768
0.028826
-0.021172
-0.084087
-0.020327
0.066476
0.084682
0.057430
-0.032439
-0.041310
-0.071108
-0.030126
-0.008144
-0.012099
0.073780
0.135990
0.045524
-0.010170
0.058631
0.035125
0.062750
0.029559
-0.079153
-0.121195
-0.080915
0.081067
0.259172
0.250608
-0.035867
-0.249986
-0.191019
-0.000336
0.135818
0.106403
0.096715
0.089991
-0.002444
-0.166623
-0.139269
0.068229
0.197022
0.145849
0.041753
-0.015924
-0.093913
-0.012724
0.019409
0.089941
0.138254
0.048975
-0.059810
-0.173974
-0.072959
0.094806
0.145725
0.080591
0.069029
0.081353
-0.115862
-0.191335
-0.047992
0.140898
0.224181
0.100431
0.004799
-0.118431
-0.220621
-0.140681
0.152234
0.262980
0.128052
0.004594
-0.103304
-0.146064
-0.139965
0.011151
0.183976
0.351532
0.067335
-0.353925
-0.374450
-0.050292
0.246358
0.372819
0.187495
-0.147921
-0.159021
-0.311512
-0.065307
-0.002288
0.044209
0.223146
0.214856
0.048824
-0.280714
-0.084859
0.087610
0.359974
0.093604
-0.428188
-0.294279
-0.238175
0.141721
0.477653
0.503514
0.193217
-0.413358
-0.616674
-0.411124
0.148745
0.298150
0.299488
0.160528
-0.164897
-0.217756
-0.159297
-0.104973
0.144506
0.338764
0.075746
0.083287
-0.042070
-0.263049
-0.082233
0.153046
0.350112
-0.018311
-0.198419
-0.242913
-0.215982
-0.024227
0.065815
0.437023
0.364556
-0.079029
-0.549497
-0.463359
-0.014449
0.394727
0.568067
0.261171
-0.283214
-0.648103
-0.628505
0.078545
0.691743
0.658716
0.211542
-0.321102
-0.455486
-0.426526
-0.082733
0.167288
0.404986
0.106204
-0.181341
-0.189266
-0.063605
0.175638
0.083623
0.114868
0.052813
0.059835
-0.105054
-0.328639
-0.207972
-0.085067
0.015855
0.229554
0.367042
0.165158
-0.086651
-0.330373
-0.294839
0.292686
0.374012
0.038171
-0.472871
-0.381242
0.242526
0.460735
0.064868
-0.348329
-0.121876
-0.074702
0.129217
-0.112737
-0.165634
0.104862
0.156349
0.214257
0.195444
0.176934
-0.285195
-0.490319
-0.461545
0.087756
0.357831
0.342294
0.542673
0.188087
-0.435267
-0.750027
-0.389167
0.120615
0.404153
0.286583
0.183126
0.021291
-0.176127
-0.250820
-0.155605
0.123793
0.143553
0.061121
-0.095754
-0.103279
-0.001388
0.134765
0.154740
-0.060019
-0.366267
-0.350542
0.112261
0.551686
0.486994
-0.196722
-0.664871
-0.373622
0.192272
0.594479
0.433259
-0.273702
-0.621371
-0.432311
0.083970
0.476733
0.410544
-0.055262
-0.207504
-0.076766
-0.087894
-0.059694
0.053331
0.170167
0.118483
-0.128830
-0.460719
-0.183151
0.155485
0.292355
0.363814
0.091067
-0.139220
-0.174527
-0.265085
-0.260225
-0.023995
0.191690
0.404959
0.366248
-0.070588
-0.363892
-0.356011
-0.174098
0.092654
0.220618
0.009757
0.054995
0.213624
-0.077069
-0.120360
-0.204854
-0.233532
0.200525
0.520612
0.230354
-0.184517
-0.599980
-0.434966
0.371842
0.529026
0.218569
-0.157758
-0.367083
-0.229621
0.120023
0.307939
0.179480
-0.151663
-0.470513
-0.106993
0.264724
0.214316
-0.110687
-0.335007
0.004579
0.208096
0.499358
0.266374
-0.158864
-0.578026
-0.577788
-0.035022
0.371055
0.471151
0.045263
-0.165073
-0.478091
-0.088139
0.420148
0.500648
0.177945
-0.463091
-0.507977
-0.159954
0.225026
-0.057748
-0.031075
-0.183144
0.068739
0.607393
0.217651
-0.044820
-0.469240
-0.256867
0.010570
0.248545
0.163424
-0.174101
-0.163890
0.011318
0.287059
0.138161
0.119488
-0.045945
-0.280731
-0.452533
-0.133827
0.448438
0.611904
0.156443
-0.411280
-0.526554
-0.262735
0.184262
0.493317
0.472799
-0.152497
-0.647419
-0.447901
0.277992
0.668121
0.359806
-0.268089
-0.574204
-0.180975
0.250493
0.259519
0.052874
-0.154135
-0.092930
0.171769
0.214411
0.006505
-0.203180
-0.209471
-0.114722
0.140294
0.237325
0.160492
-0.052627
-0.138213
-0.166966
-0.122490
0.036665
0.241182
0.332964
0.063177
-0.296139
-0.372139
0.059685
0.327092
0.266387
-0.237627
-0.341068
-0.024173
0.254683
0.194574
-0.155834
-0.255319
-0.018321
0.385959
0.284665
-0.034382
-0.319802
-0.351609
-0.104517
0.164689
0.199549
0.203902
0.079879
-0.129261
-0.147916
0.009050
0.101961
0.034494
-0.099064
-0.130818
0.005006
-0.001745
0.028664
0.010741
0.131823
0.111170
-0.056559
-0.095497
-0.031914
0.052433
-0.074345
-0.055742
0.122467
0.236897
0.064436
-0.281935
-0.394089
-0.055305
0.380465
0.403986
0.046427
-0.270632
-0.297255
-0.098905
0.054603
0.014824
0.091086
0.245565
0.045213
-0.329663
-0.149806
0.288340
0.343192
-0.171542
-0.655658
-0.322684
0.393702
0.567615
0.186397
-0.190239
-0.246208
-0.163688
-0.254838
-0.135282
0.199570
0.574567
0.321790
-0.356345
-0.693903
-0.337554
0.469151
0.623350
0.194644
-0.446060
-0.504257
0.019594
0.314141
0.130107
-0.188358
-0.204432
0.002348
0.134033
0.049250
-0.106254
-0.016597
0.081315
-0.010917
-0.078987
-0.104553
0.241322
0.245159
-0.141666
-0.388147
-0.184190
0.323582
0.477004
0.212336
-0.306867
-0.480293
-0.282906
-0.039915
0.204711
0.381268
0.260060
0.044986
-0.278383
-0.571447
-0.319128
0.256308
0.641753
0.490845
-0.080534
-0.590754
-0.499680
0.017846
0.484467
0.477751
0.000086
-0.422681
-0.318138
0.034089
0.240412
0.086698
-0.156041
-0.017723
0.130914
0.083039
-0.098504
-0.166322
-0.082310
0.207580
0.207499
-0.052708
-0.171934
-0.158273
0.098192
0.209550
-0.045977
-0.281988
-0.098311
0.241565
0.378498
0.088834
-0.445774
-0.523613
0.031420
0.524102
0.528953
0.057141
-0.510409
-0.483523
-0.024189
0.351696
0.426124
0.128007
-0.306017
-0.347196
-0.070667
0.213540
0.341700
0.079919
-0.259581
-0.223787
0.019575
0.137647
0.183439
0.082657
-0.015865
-0.021562
-0.068061
-0.132306
-0.011272
0.120004
0.176376
0.208024
0.028136
-0.267752
-0.391677
-0.105332
0.348239
0.529038
0.257336
-0.199772
-0.510762
-0.352894
0.166049
0.541958
0.422132
-0.147028
-0.429584
-0.259510
0.052428
0.291601
0.313601
0.083464
-0.228063
-0.234751
-0.068166
0.216192
0.336298
0.214862
-0.081935
-0.378573
-0.235926
0.161875
0.346749
0.129649
-0.107996
-0.189991
-0.005581
0.104892
0.082910
0.056313
-0.042630
-0.107570
-0.027462
0.176464
0.128929
0.053543
-0.169304
-0.155042
0.079308
0.073446
0.135965
0.140647
0.039108
-0.128058
-0.287784
-0.128196
0.201768
0.252318
0.065558
-0.020490
-0.180749
-0.252251
0.055564
0.153761
0.224903
0.247517
0.041167
-0.249076
-0.381218
-0.209402
0.066132
0.257117
0.236264
0.217714
0.074830
-0.261520
-0.409762
-0.244878
0.051659
0.389365
0.393876
0.081113
-0.197652
-0.469973
-0.450742
0.016752
0.450878
0.529768
0.137523
-0.412786
-0.442276
-0.062058
0.137774
0.317631
0.308610
-0.206375
-0.466698
-0.297114
0.210784
0.530642
0.136520
-0.314158
-0.314318
-0.199475
-0.076320
0.297031
0.422380
0.130028
-0.303249
-0.514511
-0.180626
0.189281
0.267473
0.268749
0.155700
-0.147390
-0.344869
-0.315707
-0.015526
0.359006
0.336852
0.051965
-0.228684
-0.338593
-0.168105
0.180228
0.315206
0.162382
-0.173352
-0.389239
-0.119285
0.367124
0.498359
0.072277
-0.543430
-0.640015
-0.035724
0.637542
0.635216
0.009890
-0.522566
-0.574853
-0.066930
0.437529
0.460721
0.003868
-0.331264
-0.201605
0.064707
0.201932
0.018764
-0.206422
-0.131791
0.198313
0.228078
0.033451
-0.141678
-0.254577
-0.051157
0.084213
0.135335
0.133269
-0.022525
-0.209275
-0.175265
0.053841
0.242292
0.195217
-0.160264
-0.297541
-0.008618
0.239448
0.174080
-0.067352
-0.335378
-0.176856
0.069684
0.246731
0.176836
-0.050466
-0.046816
0.019487
0.050849
-0.175526
-0.273654
-0.138121
0.104687
0.288379
0.213081
0.014242
-0.070132
-0.126630
-0.169397
-0.139198
-0.063562
0.051623
0.294862
0.281026
-0.082687
-0.367781
-0.419756
0.059702
0.525125
0.398143
-0.124595
-0.513429
-0.367393
0.266284
0.597627
0.168633
-0.530434
-0.587058
0.048817
0.538951
0.406270
-0.148183
-0.423981
-0.203341
0.119543
0.159718
0.116242
0.003155
-0.024958
-0.067772
-0.187274
-0.119601
0.012251
0.240796
0.388583
0.105457
-0.375900
-0.456047
-0.173494
0.257973
0.476099
0.172690
-0.266017
-0.431699
-0.120690
0.240509
0.329649
0.020783
-0.210850
-0.131989
0.153906
0.269570
-0.155589
-0.379070
-0.298071
0.244386
0.574727
0.235135
-0.253383
-0.486150
-0.312468
0.147921
0.388338
0.274027
0.007543
-0.222727
-0.206571
-0.121114
0.002088
0.177118
0.145646
-0.043917
-0.007794
-0.053447
-0.025808
-0.134036
-0.107670
0.063309
0.178474
0.123144
-0.022224
-0.032391
-0.218822
-0.148228
0.018094
0.176915
0.161684
0.098684
0.090914
-0.040868
-0.278841
-0.347137
-0.179753
0.066439
0.339639
0.436865
0.272416
-0.215159
-0.619468
-0.627595
-0.037686
0.630003
0.708061
0.182211
-0.488122
-0.657956
-0.270016
0.286246
0.492289
0.337899
-0.107253
-0.389308
-0.346019
-0.035348
0.230450
0.155338
0.043630
0.007829
0.028561
-0.102450
-0.260964
-0.214784
0.136323
0.356634
0.279557
-0.044890
-0.383774
-0.372577
-0.007258
0.359857
0.364074
-0.072275
-0.433215
-0.200199
0.314185
0.446615
-0.123689
-0.559787
-0.339287
0.338944
0.665611
0.156958
-0.451755
-0.529806
0.011061
0.488746
0.335898
-0.277007
-0.520038
-0.050481
0.491395
0.476208
-0.129523
-0.461870
-0.306048
0.132023
0.401944
0.084304
-0.304583
-0.220602
0.226711
0.412292
0.067451
-0.324339
-0.333677
-0.058289
0.151797
0.297077
0.122973
-0.103385
-0.122644
-0.021339
0.088972
0.026042
0.032700
0.038046
-0.001298
-0.230558
-0.023031
0.263194
0.400561
-0.001402
-0.464916
-0.342413
0.083756
0.558152
0.329488
-0.043175
-0.312800
-0.184182
0.011968
0.070092
-0.083875
-0.131297
0.124686
0.415434
0.272902
-0.240690
-0.503175
-0.288932
0.139538
0.340684
0.262843
0.005333
-0.036763
-0.194399
-0.229488
-0.134588
0.179078
0.407297
0.166089
-0.208072
-0.349644
-0.055252
0.205262
0.262224
0.012907
-0.243570
-0.242471
-0.006909
0.231846
0.248615
0.085673
-0.175872
-0.254227
-0.089015
0.109862
0.198237
0.137584
-0.029584
-0.198945
-0.202542
0.025481
0.292755
0.303389
-0.080592
-0.405762
-0.347959
0.198253
0.551103
0.192655
-0.316929
-0.439742
0.013446
0.320728
0.216033
-0.111063
-0.144844
0.034708
0.082565
-0.058005
-0.252279
-0.019439
0.186267
0.356113
0.116126
-0.260896
-0.299313
-0.088253
0.263597
0.226314
-0.041158
-0.302611
-0.074521
0.200257
0.168279
-0.029499
-0.166304
0.048726
0.058990
-0.099878
-0.172293
0.063769
0.327615
0.161711
-0.098992
-0.317726
-0.090917
0.181638
0.112349
0.008036
-0.068496
0.051171
0.027583
-0.095042
-0.158966
0.023396
0.160380
0.135252
0.046754
-0.137514
-0.174726
-0.023013
0.143958
0.145305
0.069520
-0.071815
-0.089972
-0.144235
-0.095323
0.163563
0.371114
0.166463
-0.324569
-0.578400
-0.169119
0.494372
0.640303
0.109359
-0.520773
-0.489012
-0.006066
0.350807
0.126273
0.051476
0.126638
0.026164
-0.036938
-0.095816
-0.065486
-0.070742
-0.144335
-0.120054
0.080162
0.275393
0.274105
0.114952
-0.243039
-0.564552
-0.330855
0.235664
0.568420
0.318213
-0.173877
-0.354595
-0.163642
-0.026095
0.002922
0.030766
0.208682
0.305040
0.028362
-0.384690
-0.441218
0.022664
0.324396
0.286469
-0.019448
-0.188585
-0.110970
0.015544
0.065406
-0.075801
0.017794
-0.089106
-0.112471
0.102749
0.266850
0.231136
-0.240545
-0.333568
-0.237449
0.136749
0.381706
0.244170
-0.092319
-0.476002
-0.281893
0.170128
0.458104
0.197370
-0.312116
-0.400991
0.010698
0.306443
0.236562
-0.152301
-0.279186
0.022200
0.160841
0.134182
-0.094852
-0.171055
0.045699
0.222128
0.106388
-0.235084
-0.378983
-0.062862
0.406461
0.355463
-0.061263
-0.380066
-0.213076
0.190128
0.191629
-0.087005
-0.170476
0.045412
0.237674
0.197851
-0.182532
-0.368172
-0.135946
0.256659
0.352969
0.011246
-0.326191
-0.256637
0.119192
0.208112
0.182121
-0.006787
-0.174567
-0.198884
-0.083306
0.116769
0.080350
0.000098
-0.025898
0.158907
0.135433
-0.185451
-0.351689
-0.080525
0.330406
0.308723
0.006797
-0.319702
-0.313255
-0.018109
0.276103
0.242832
-0.023346
-0.100855
-0.095378
-0.034251
-0.183670
-0.126793
0.162251
0.278623
0.238673
-0.068588
-0.245825
-0.207228
-0.079043
0.150291
0.237732
0.049171
-0.191032
-0.170513
0.105783
0.172743
-0.037479
-0.192379
0.016382
0.248325
0.002257
-0.282008
-0.161776
0.186845
0.400405
0.075140
-0.306628
-0.304136
0.091411
0.345096
0.061386
-0.140681
-0.217353
0.141726
0.353808
0.025432
-0.399298
-0.345509
0.258571
0.483631
0.099853
-0.411736
-0.368198
0.171157
0.422227
0.127423
-0.177052
-0.197296
0.041323
0.035204
-0.053123
0.020160
0.144623
0.119319
-0.070546
0.053836
0.108679
-0.133555
-0.329540
-0.180493
0.251756
0.446516
0.311619
-0.108730
-0.423903
-0.384408
-0.032177
0.402262
0.386157
-0.006592
-0.279801
-0.117900
0.010455
0.024503
0.027652
0.106637
0.224019
0.097297
-0.305830
-0.396610
-0.058969
0.439529
0.459469
0.067478
-0.330637
-0.476410
-0.013091
0.311436
0.352596
0.042774
-0.227833
-0.237368
-0.059618
0.090885
0.117785
0.166948
0.162508
0.011007
-0.238798
-0.303876
-0.013743
0.315236
0.267430
-0.038667
-0.233188
-0.103539
-0.032905
-0.000248
0.017146
0.234434
0.326928
-0.065827
-0.393393
-0.382797
0.005137
0.257243
0.348472
0.230921
0.026166
-0.209108
-0.394113
-0.133214
0.113293
0.265455
0.020205
-0.048508
-0.012430
-0.017859
-0.047234
-0.146168
0.074416
0.215696
0.197172
-0.208221
-0.250136
-0.114374
0.148774
0.297831
0.134472
-0.071819
-0.220522
-0.138909
-0.168224
-0.113211
0.042873
0.302477
0.385665
0.050489
-0.381627
-0.416008
-0.122376
0.281510
0.324781
0.124741
-0.088709
-0.166777
-0.203510
-0.180639
0.065056
0.409789
0.430023
-0.153512
-0.598445
-0.518700
0.184157
0.586435
0.320877
-0.140363
-0.265951
-0.092174
-0.043910
-0.090445
-0.005003
0.260560
0.171227
-0.117286
-0.281506
-0.108767
0.212938
0.213813
-0.084188
-0.200476
-0.089018
0.076153
0.135435
0.039159
-0.048429
-0.044291
-0.026262
-0.198211
-0.093492
0.122585
0.242713
0.200424
-0.039111
-0.225890
-0.340073
-0.157853
-0.004336
0.297139
0.351161
0.146173
-0.035318
-0.260354
-0.289167
-0.273843
0.084840
0.270599
0.324900
0.144329
-0.186986
-0.281073
-0.192876
0.021822
0.153719
0.111798
-0.005211
0.004725
0.030613
-0.029399
-0.187478
-0.084939
0.140081
0.274187
0.019560
-0.309406
-0.265772
0.165222
0.333371
0.023519
-0.274604
-0.191359
0.146913
0.206659
0.003342
-0.190237
-0.007842
0.092729
0.073951
-0.033290
-0.061211
-0.098767
-0.101554
0.037610
0.160319
0.232666
-0.121745
-0.325455
-0.144528
0.196878
0.261854
-0.031573
-0.207810
-0.109850
0.156599
0.104231
-0.065978
-0.157373
0.036535
0.139417
-0.034429
-0.116729
-0.154128
0.095475
0.078190
0.046559
0.014543
-0.028714
-0.047382
-0.147888
-0.047726
0.055293
0.226062
-0.014253
-0.219139
-0.154438
0.042620
0.126765
0.000943
0.000683
-0.039526
0.088806
-0.066695
-0.175741
-0.067748
0.045920
0.153591
-0.050483
-0.087634
0.028813
0.147144
-0.104176
-0.190150
0.022335
0.118886
0.056344
-0.134248
-0.072798
-0.000693
0.065889
0.007641
-0.044734
-0.110373
-0.048301
0.026067
0.147077
0.136915
-0.120088
-0.262349
-0.148341
0.182471
0.250072
0.083893
-0.260219
-0.256025
0.018609
0.211072
0.173650
-0.095350
-0.225494
-0.124690
0.011710
0.097348
0.279345
0.130110
-0.154275
-0.249822
-0.160563
0.046393
0.073657
0.036233
0.110130
0.073518
-0.091869
-0.168003
-0.087399
0.151206
0.144675
-0.001702
-0.139272
-0.096594
0.079834
0.021191
-0.118297
-0.114205
0.026550
0.152749
0.188445
0.045849
-0.179128
-0.231630
-0.052444
0.032181
0.072976
0.110734
0.144131
0.068495
-0.270292
-0.367320
-0.045113
0.302277
0.326547
0.110932
-0.157694
-0.261771
-0.128816
0.010906
0.099001
0.107830
0.018785
0.019313
-0.006035
-0.044025
-0.169339
-0.087273
0.218733
0.215491
0.029091
-0.231692
-0.146552
0.082420
0.175483
-0.028347
-0.217878
0.036650
0.166807
0.134104
-0.061631
-0.157576
0.019450
0.121069
0.043542
-0.050375
0.011650
0.019599
0.058959
-0.087865
-0.085210
0.102756
0.113925
0.133036
-0.032263
-0.165183
-0.068052
0.160643
0.138961
-0.056016
-0.082310
-0.001866
0.091481
0.033282
-0.000574
0.140365
0.137604
-0.087948
-0.374562
-0.200827
0.380451
0.577317
0.166417
-0.402277
-0.449478
-0.050503
0.150768
0.235786
0.350865
0.303643
-0.067148
-0.441384
-0.322556
0.060867
0.231150
0.174139
0.032511
-0.067800
0.016975
0.038518
0.091974
-0.117267
-0.212353
-0.000410
0.204582
0.215828
-0.016348
0.003396
-0.061131
-0.041221
-0.057110
0.062018
0.232933
0.083705
-0.165370
-0.426786
-0.119110
0.411983
0.524464
0.081164
-0.413762
-0.390928
-0.024296
0.208696
0.153737
0.119060
0.169584
0.064331
-0.254997
-0.324786
0.041255
0.318340
0.186721
-0.153969
-0.266297
0.068550
0.385472
0.307511
-0.233875
-0.470641
-0.164666
0.119789
0.305048
0.219688
0.134597
-0.063639
-0.259958
-0.215957
-0.035564
0.213275
0.228595
0.146135
-0.059348
-0.261739
-0.167035
0.057987
0.212574
0.156564
0.042682
-0.086534
-0.074230
-0.012236
-0.045484
-0.013029
0.014506
0.165739
0.153775
0.017402
-0.169763
-0.192490
-0.030651
0.087639
0.153194
0.040486
-0.038882
-0.060038
0.104276
0.156290
0.042138
-0.232451
-0.306496
0.112421
0.275727
0.103078
0.026688
0.054488
-0.029772
-0.190553
-0.229842
0.016997
0.264577
0.112374
-0.028236
0.049957
0.080614
-0.125589
-0.356096
-0.095696
0.269137
0.323234
0.058181
-0.140689
-0.170169
-0.084689
-0.063569
-0.016500
0.149712
0.138671
0.015171
-0.072545
-0.042691
-0.095862
-0.040965
0.023513
0.042289
0.064628
-0.018107
-0.039645
-0.033893
-0.067430
-0.035835
-0.010127
0.030932
0.122212
0.120646
-0.077768
-0.260370
-0.219413
0.005117
0.232185
0.277813
0.009794
-0.223824
-0.285584
-0.169154
0.149684
0.209194
0.110465
-0.046771
-0.140346
-0.122422
-0.038559
-0.034778
0.071370
0.004655
0.040940
0.167782
-0.023364
-0.160822
-0.194855
0.049102
0.032229
-0.051716
-0.084040
-0.035971
-0.006513
0.027816
0.181157
0.167145
0.006290
-0.318000
-0.218862
0.020212
0.175447
0.087351
-0.122398
-0.011102
0.015405
-0.027075
-0.114892
0.018204
0.136989
0.043061
-0.070546
-0.159344
-0.001263
0.061462
0.017578
-0.039961
-0.089066
-0.052845
0.064278
0.151168
0.154211
0.011492
-0.315760
-0.378198
-0.101202
0.337202
0.378997
0.045391
-0.301774
-0.391456
0.016043
0.248363
0.290692
0.067149
-0.239714
-0.227008
-0.101111
0.131889
0.075174
0.025846
0.018718
-0.015043
-0.048553
-0.174120
-0.048544
-0.000004
0.062419
0.093699
0.113056
