-0.013336
-0.010528
-0.007958
-0.005047
-0.002294
0.000689
0.004242
0.006937
0.009819
0.012707
0.014859
0.017383
0.019614
0.022287
0.024293
0.026340
0.028716
0.031002
0.033311
0.035134
0.037098
0.039321
0.041151
0.043110
0.044625
0.046052
0.048283
0.050100
0.051187
0.051386
0.052744
0.053894
0.054916
0.056696
0.056982
0.057988
0.058686
0.059334
0.059559
0.059573
0.060139
0.059844
0.060527
0.060528
0.060364
0.059962
0.059583
0.059543
0.059534
0.059765
0.059471
0.058754
0.057915
0.058046
0.057446
0.056596
0.056351
0.055807
0.055948
0.055226
0.054318
0.053534
0.052610
0.052302
0.051775
0.050566
0.049875
0.050642
0.050329
0.050330
0.049216
0.048468
0.048193
0.047833
0.047733
0.046197
0.045706
0.044380
0.043986
0.043412
0.043373
0.043733
0.042713
0.042471
0.042509
0.042749
0.042234
0.041644
0.042001
0.043051
0.042569
0.042437
0.042488
0.042428
0.043078
0.042934
0.042786
0.042676
0.042835
0.042349
0.042087
0.040631
0.039720
0.038446
0.037272
0.037271
0.036552
0.035615
0.033036
0.030992
0.028953
0.028147
0.026620
0.024347
0.022202
0.019676
0.017734
0.015339
0.013168
0.010818
0.008745
0.005684
0.003234
0.000929
-0.001969
-0.004523
-0.008260
-0.012041
-0.015175
-0.018739
-0.021986
-0.025470
-0.029027
-0.032755
-0.036648
-0.039955
-0.043202
-0.046264
-0.050018
-0.053244
-0.057563
-0.060436
-0.063577
-0.067436
-0.069802
-0.073375
-0.076024
-0.078784
-0.081845
-0.084250
-0.086629
-0.089788
-0.092405
-0.094196
-0.095875
-0.098161
-0.100397
-0.102242
-0.104000
-0.105702
-0.107535
-0.108726
-0.110109
-0.111242
-0.111807
-0.112606
-0.114063
-0.114472
-0.114677
-0.114083
-0.114393
-0.114683
-0.113836
-0.113579
-0.112880
-0.112518
-0.111474
-0.110968
-0.109641
-0.108148
-0.106177
-0.104226
-0.102760
-0.101719
-0.099930
-0.097127
-0.094445
-0.091870
-0.089891
-0.087257
-0.084962
-0.082379
-0.080600
-0.078156
-0.075157
-0.072258
-0.070944
-0.069446
-0.067090
-0.064691
-0.061950
-0.059966
-0.058100
-0.056059
-0.053442
-0.051205
-0.049234
-0.048521
-0.047495
-0.045413
-0.043243
-0.041828
-0.040691
-0.039830
-0.038784
-0.037485
-0.036706
-0.035171
-0.034012
-0.032240
-0.029862
-0.028248
-0.027312
-0.026758
-0.026112
-0.025040
-0.023739
-0.022044
-0.020128
-0.017648
-0.016087
-0.016586
-0.016354
-0.015430
-0.013016
-0.010547
-0.009416
-0.007918
-0.005612
-0.004055
-0.002157
-0.001012
0.000680
0.004255
0.007416
0.010116
0.012104
0.014713
0.017138
0.020008
0.022076
0.025424
0.029457
0.032212
0.035318
0.037205
0.039297
0.041998
0.044924
0.047513
0.050058
0.052561
0.055377
0.058446
0.061377
0.063724
0.066072
0.069782
0.072847
0.075735
0.077831
0.080213
0.082888
0.084858
0.087571
0.089690
0.091345
0.093064
0.094320
0.095902
0.097463
0.099278
0.100293
0.100661
0.100843
0.101901
0.102834
0.102784
0.101949
0.101122
0.102150
0.103653
0.104118
0.102836
0.102228
0.101607
0.101178
0.100307
0.099344
0.098784
0.097811
0.096225
0.094840
0.093121
0.091356
0.089775
0.088033
0.086343
0.084847
0.083728
0.081423
0.079190
0.076023
0.073279
0.070265
0.067149
0.065621
0.063132
0.061042
0.058439
0.055934
0.053039
0.049562
0.047454
0.046225
0.044553
0.041321
0.038515
0.035394
0.033319
0.031049
0.027385
0.024970
0.022867
0.020240
0.016788
0.013241
0.010965
0.008795
0.006680
0.003709
0.000925
-0.001446
-0.003210
-0.006138
-0.008675
-0.010326
-0.012939
-0.014563
-0.018030
-0.020595
-0.022233
-0.024021
-0.026257
-0.029373
-0.032076
-0.033945
-0.036391
-0.038569
-0.040318
-0.042009
-0.043254
-0.044579
-0.046564
-0.048536
-0.049980
-0.050524
-0.051260
-0.053114
-0.053705
-0.054786
-0.056228
-0.057463
-0.058922
-0.060107
-0.060716
-0.062184
-0.063151
-0.064008
-0.065589
-0.067184
-0.068122
-0.069329
-0.069639
-0.070627
-0.072817
-0.073120
-0.073118
-0.073542
-0.074657
-0.076180
-0.076986
-0.076915
-0.076805
-0.077181
-0.078565
-0.078880
-0.078433
-0.078267
-0.078432
-0.077888
-0.077912
-0.077478
-0.076984
-0.076787
-0.075690
-0.075022
-0.073969
-0.073205
-0.072232
-0.070989
-0.069966
-0.068667
-0.067242
-0.065586
-0.064117
-0.061801
-0.060118
-0.058823
-0.057149
-0.056225
-0.054199
-0.052039
-0.049584
-0.047242
-0.045040
-0.043744
-0.041832
-0.039954
-0.037923
-0.035304
-0.033200
-0.031034
-0.028209
-0.024726
-0.023247
-0.021915
-0.019808
-0.017514
-0.015750
-0.013137
-0.009874
-0.006517
-0.004602
-0.003364
-0.001356
0.000656
0.003670
0.006755
0.009335
0.011681
0.014328
0.016423
0.018866
0.020992
0.022985
0.025817
0.028228
0.030568
0.031868
0.032879
0.034220
0.036569
0.038027
0.039424
0.041505
0.042649
0.044393
0.044164
0.045085
0.047263
0.049038
0.050885
0.051113
0.052903
0.054552
0.055655
0.057211
0.057072
0.059056
0.060591
0.061535
0.062729
0.063442
0.064477
0.064181
0.063873
0.064364
0.065892
0.067489
0.068718
0.068353
0.068446
0.068885
0.069609
0.070234
0.070330
0.071098
0.072715
0.074612
0.075044
0.074319
0.073908
0.074422
0.074511
0.074198
0.074021
0.074293
0.074342
0.074005
0.072997
0.072502
0.072895
0.073243
0.073104
0.071746
0.071122
0.069921
0.068425
0.067408
0.065134
0.064414
0.063433
0.062883
0.061472
0.058975
0.057516
0.056653
0.056520
0.055973
0.055489
0.053602
0.051026
0.047271
0.043305
0.039864
0.037653
0.034919
0.032973
0.031288
0.031131
0.032199
0.032377
0.033254
0.032816
0.033409
0.033950
0.033644
0.033674
0.033587
0.033061
0.033421
0.032274
0.031337
0.030304
0.027028
0.023683
0.019295
0.015482
0.012396
0.009893
0.008631
0.007706
0.005775
0.002836
-0.001145
-0.005221
-0.008759
-0.011951
-0.013541
-0.014690
-0.016774
-0.020595
-0.024689
-0.029910
-0.034591
-0.039817
-0.044992
-0.049361
-0.054644
-0.059140
-0.065288
-0.071049
-0.076737
-0.082352
-0.087883
-0.092532
-0.096270
-0.098251
-0.099920
-0.102322
-0.104361
-0.107090
-0.107938
-0.107827
-0.106822
-0.106783
-0.107212
-0.108773
-0.111425
-0.114345
-0.117375
-0.118075
-0.116995
-0.114468
-0.112537
-0.112904
-0.115081
-0.117582
-0.118743
-0.118069
-0.115166
-0.110868
-0.106650
-0.101916
-0.098666
-0.095748
-0.093061
-0.090165
-0.085610
-0.079550
-0.072725
-0.066084
-0.059435
-0.052459
-0.044274
-0.035461
-0.024436
-0.015720
-0.007947
-0.003789
-0.005347
-0.012543
-0.019846
-0.018653
-0.015414
-0.005815
0.011229
0.031418
0.046440
0.057853
0.070125
0.078949
0.081319
0.081994
0.085213
0.084207
0.085261
0.086582
0.091286
0.097940
0.097933
0.091490
0.077360
0.064937
0.055779
0.051766
0.058644
0.078890
0.110645
0.140032
0.158158
0.165739
0.153746
0.127228
0.088238
0.058928
0.047697
0.056099
0.082830
0.104077
0.122239
0.120940
0.109743
0.081812
0.062420
0.067194
0.085370
0.107978
0.120059
0.129790
0.122969
0.103914
0.069476
0.042958
0.027299
0.022839
0.029102
0.041939
0.072366
0.104263
0.127245
0.126921
0.100322
0.059881
0.014544
-0.023664
-0.047471
-0.049410
-0.025792
0.001335
0.024741
0.034435
0.033343
0.024264
0.004551
-0.017925
-0.042755
-0.058183
-0.059883
-0.048583
-0.029978
-0.014670
-0.006127
-0.013546
-0.038383
-0.071902
-0.101677
-0.115743
-0.114780
-0.097871
-0.073537
-0.044083
-0.019267
-0.008767
-0.019881
-0.050579
-0.091270
-0.135049
-0.165782
-0.170300
-0.139893
-0.087132
-0.033005
-0.002375
-0.005291
-0.041374
-0.091920
-0.137632
-0.161354
-0.152277
-0.118644
-0.073648
-0.038476
-0.023286
-0.032973
-0.059637
-0.093298
-0.120670
-0.132230
-0.123892
-0.094842
-0.057469
-0.026096
-0.011755
-0.014700
-0.030975
-0.051250
-0.066302
-0.069504
-0.063815
-0.052844
-0.041529
-0.033819
-0.026218
-0.019495
-0.010821
-0.005090
-0.006597
-0.015194
-0.026514
-0.031389
-0.023047
-0.004627
0.017896
0.035750
0.039528
0.027860
0.005842
-0.013353
-0.023391
-0.019414
-0.004997
0.012410
0.027137
0.033616
0.033166
0.027674
0.020375
0.014074
0.009807
0.008415
0.009315
0.010890
0.010492
0.009039
0.008901
0.009201
0.010984
0.011316
0.009404
0.005668
0.001690
-0.000209
0.001287
0.004124
0.007860
0.010205
0.008557
0.002698
-0.006674
-0.013223
-0.016413
-0.015056
-0.012308
-0.010086
-0.009448
-0.009583
-0.008769
-0.007758
-0.008229
-0.009944
-0.012722
-0.017542
-0.021930
-0.024514
-0.023601
-0.022424
-0.021588
-0.021382
-0.022459
-0.024604
-0.027210
-0.029136
-0.030744
-0.031903
-0.032449
-0.032461
-0.031032
-0.027805
-0.026023
-0.027607
-0.032968
-0.040210
-0.045867
-0.049781
-0.048999
-0.043047
-0.035441
-0.029512
-0.027087
-0.027830
-0.033305
-0.040561
-0.046074
-0.048759
-0.049223
-0.047295
-0.045545
-0.043568
-0.042763
-0.042309
-0.044414
-0.047451
-0.050126
-0.055305
-0.058732
-0.059698
-0.055927
-0.052383
-0.047668
-0.045412
-0.049149
-0.063085
-0.072849
-0.073075
-0.073738
-0.069314
-0.059990
-0.052637
-0.058337
-0.066502
-0.072245
-0.076112
-0.071497
-0.058695
-0.052809
-0.058776
-0.067492
-0.067832
-0.066081
-0.070704
-0.068267
-0.061255
-0.048501
-0.049835
-0.053117
-0.051408
-0.049079
-0.059957
-0.065320
-0.047432
-0.045478
-0.032965
-0.016723
-0.005437
-0.022555
-0.046278
-0.038420
-0.045635
-0.055299
-0.040911
-0.003462
0.022343
0.015388
0.016955
-0.002546
-0.042899
-0.069730
-0.030767
0.032784
0.057524
0.069917
0.045384
-0.001176
-0.048356
-0.019261
0.061162
0.102019
0.085681
0.045244
0.024283
0.008699
0.018762
0.062338
0.107127
0.121322
0.099114
0.054921
0.023679
0.032353
0.080306
0.117343
0.110005
0.087512
0.089223
0.103912
0.095355
0.075025
0.070234
0.090028
0.118823
0.136043
0.125551
0.088855
0.061969
0.080617
0.121105
0.132534
0.113466
0.099360
0.097064
0.100466
0.104766
0.110136
0.105192
0.101081
0.112481
0.127168
0.121918
0.095702
0.085447
0.094117
0.101959
0.104665
0.113927
0.124556
0.118628
0.100850
0.093608
0.101614
0.107187
0.103443
0.098267
0.103936
0.106586
0.101869
0.095360
0.091794
0.094640
0.083131
0.091903
0.100813
0.121278
0.126960
0.090789
0.067472
0.081225
0.110929
0.092585
0.060898
0.065454
0.097202
0.115101
0.110092
0.103121
0.080530
0.042739
0.041312
0.075032
0.111015
0.117910
0.101778
0.075375
0.051879
0.047928
0.059043
0.081033
0.088432
0.081885
0.068931
0.046511
0.036188
0.049893
0.067921
0.071015
0.054561
0.027057
0.002487
0.008480
0.042331
0.068953
0.057442
0.012237
-0.015466
-0.014125
0.006150
0.019342
0.020538
0.008717
-0.006689
-0.014788
-0.013393
0.007696
-0.001941
-0.014698
-0.033779
-0.038490
-0.023362
-0.018484
-0.033306
-0.059439
-0.053374
-0.037229
-0.014865
-0.020746
-0.059917
-0.083076
-0.075770
-0.056019
-0.048473
-0.055672
-0.064446
-0.082170
-0.091135
-0.080641
-0.047704
-0.049957
-0.074540
-0.082511
-0.071948
-0.053850
-0.074070
-0.095655
-0.097250
-0.064130
-0.039264
-0.033646
-0.047491
-0.072742
-0.081583
-0.073867
-0.050301
-0.024802
-0.024881
-0.045389
-0.053522
-0.046024
-0.027606
-0.017461
-0.005306
-0.015194
-0.029491
-0.026242
-0.002690
0.014234
-0.010828
-0.006354
0.021139
0.034942
0.015807
-0.004854
0.000461
0.016109
0.033558
0.041199
0.055840
0.058604
0.048807
0.045423
0.040410
0.029039
0.038197
0.065786
0.081959
0.078338
0.060563
0.047254
0.052226
0.072306
0.099122
0.103888
0.083220
0.071642
0.075113
0.063818
0.047874
0.055564
0.079154
0.094073
0.091800
0.083786
0.068785
0.059172
0.051640
0.044082
0.042498
0.053749
0.062226
0.057419
0.058980
0.060213
0.039840
0.008722
-0.003357
0.012325
0.042846
0.053191
0.034036
0.001629
-0.028147
-0.031849
-0.006146
0.010358
0.009807
-0.001234
-0.022454
-0.045616
-0.060700
-0.049937
-0.036405
-0.016916
-0.008620
-0.030183
-0.070453
-0.108543
-0.116495
-0.099918
-0.068624
-0.041005
-0.033672
-0.057344
-0.095115
-0.140381
-0.164716
-0.155654
-0.115424
-0.065751
-0.055069
-0.100209
-0.161458
-0.176775
-0.168354
-0.145634
-0.115484
-0.098058
-0.107647
-0.147887
-0.189487
-0.206513
-0.176394
-0.136861
-0.123058
-0.131859
-0.144344
-0.160439
-0.182950
-0.199081
-0.195499
-0.174767
-0.146222
-0.118120
-0.116400
-0.157336
-0.218842
-0.229934
-0.220182
-0.168627
-0.110684
-0.107157
-0.148268
-0.183777
-0.195558
-0.217924
-0.221703
-0.194535
-0.139409
-0.118690
-0.110271
-0.115258
-0.142336
-0.191243
-0.216869
-0.204763
-0.174518
-0.120547
-0.079960
-0.076312
-0.121615
-0.167697
-0.168959
-0.140847
-0.118439
-0.096584
-0.082773
-0.090614
-0.107333
-0.111948
-0.103226
-0.095639
-0.088518
-0.085992
-0.078609
-0.065180
-0.042992
-0.029484
-0.054757
-0.087621
-0.085204
-0.029892
0.011222
0.014964
-0.040040
-0.080737
-0.088850
-0.046094
0.010360
0.020117
-0.039712
-0.061478
-0.017135
0.018355
0.004103
-0.039617
-0.025267
-0.033561
0.006464
0.044993
0.054248
0.011200
-0.005220
-0.019669
0.051166
0.042852
-0.032049
0.036231
0.096243
0.090144
0.059631
0.045861
0.000201
-0.007249
0.016774
0.088032
0.149783
0.132926
0.055024
0.017941
-0.011683
0.023938
0.119636
0.158228
0.142204
0.108999
0.061787
0.033658
0.017578
0.066667
0.161578
0.190837
0.134261
0.049305
0.065328
0.065830
0.087007
0.100673
0.142373
0.126165
0.090033
0.119512
0.105032
0.071378
0.046182
0.092421
0.147945
0.158736
0.113784
0.081399
0.055905
0.054855
0.074209
0.124551
0.146579
0.147075
0.133015
0.081920
0.035602
0.032509
0.090132
0.150986
0.156433
0.128283
0.108691
0.076471
0.059895
0.068310
0.076847
0.101207
0.136365
0.167897
0.158790
0.126593
0.082024
0.054219
0.079624
0.099540
0.159784
0.153195
0.149455
0.127736
0.101422
0.094612
0.087363
0.103763
0.147007
0.178589
0.166700
0.115768
0.079413
0.065625
0.063569
0.112513
0.144850
0.210229
0.157107
0.111895
0.077280
0.056746
0.059274
0.101712
0.157991
0.175413
0.147206
0.076641
0.043006
0.033455
0.052922
0.119381
0.179975
0.148322
0.073904
0.026115
0.010071
-0.024104
0.045504
0.116502
0.147423
0.110348
0.101189
0.070262
0.011726
-0.023131
0.044372
0.054014
-0.011306
0.058099
0.139827
0.067539
-0.034362
0.039142
0.096636
0.075456
-0.020450
-0.084994
-0.055760
0.035484
0.099121
0.102241
0.037140
-0.030802
-0.024444
-0.026481
-0.088376
-0.009990
0.079674
0.142206
0.041028
-0.104107
-0.103199
-0.066467
0.012462
0.021479
0.013149
0.003191
0.020094
-0.015615
-0.056046
-0.118346
-0.077025
0.017911
0.064306
0.034313
-0.051069
-0.110069
-0.135425
-0.064228
-0.038924
-0.014095
0.024185
-0.005393
-0.036031
-0.133565
-0.160003
-0.111002
-0.020541
-0.000988
-0.032257
-0.047126
-0.145443
-0.131554
-0.100093
-0.039107
-0.027144
-0.059760
-0.141709
-0.121220
-0.182529
-0.169269
-0.030463
0.026132
0.010366
-0.003919
-0.040176
-0.320370
-0.348520
-0.142411
0.069690
0.047411
-0.057238
-0.110794
-0.084225
-0.139829
-0.245191
-0.232284
-0.105074
0.066769
-0.008877
-0.164622
-0.263375
-0.153478
-0.014376
0.078189
-0.047992
-0.181887
-0.188813
-0.181036
-0.175056
-0.220081
0.044958
0.182523
0.090826
-0.151999
-0.298678
-0.284964
-0.131955
0.057740
-0.006439
-0.002967
0.011723
0.017002
-0.094959
-0.111024
-0.140026
-0.123056
0.039662
0.119824
0.087791
-0.103209
-0.149137
-0.019843
0.146875
0.061200
-0.031301
-0.171072
-0.166117
0.015547
0.075658
0.059860
0.027049
0.248907
0.213083
-0.013329
-0.361153
-0.370156
-0.041424
0.303502
0.483065
0.172395
0.053078
0.115880
0.109321
-0.141200
-0.384942
-0.261469
0.050782
0.330775
0.221395
0.172248
0.256577
0.124646
-0.034079
-0.144430
-0.112395
0.015819
0.159776
0.089355
-0.057381
-0.110261
0.013742
0.227294
0.222094
0.048274
0.005865
-0.060578
-0.152014
-0.015932
0.157196
0.122680
-0.009095
-0.033109
-0.037431
-0.003711
0.036843
0.153426
0.168294
-0.038880
-0.247740
-0.258777
-0.212735
0.026177
0.346224
0.287539
0.022411
-0.274759
-0.288724
-0.057511
0.064271
0.087521
0.197879
0.182357
-0.041789
-0.275694
-0.365559
-0.340538
-0.062374
0.318502
0.496936
0.454670
0.062809
-0.350836
-0.587700
-0.461146
-0.071129
0.164999
0.352563
0.444329
0.175283
-0.145919
-0.193921
-0.108192
0.019872
0.184805
0.119007
0.056319
0.065847
-0.099698
-0.143791
-0.067335
0.046991
0.308267
0.412100
0.107367
-0.067395
-0.118539
-0.141221
-0.032914
0.101176
0.206348
0.323925
0.294914
0.008277
-0.112953
-0.056583
0.107798
0.221538
0.230869
0.129534
0.011388
-0.064394
-0.060769
0.057403
0.061151
0.156360
0.253041
0.213264
0.063487
-0.055835
-0.116446
-0.033384
0.156486
0.226524
0.145451
0.025671
0.062774
0.125988
0.156449
0.108091
0.056456
-0.017658
0.032981
0.073305
-0.061009
-0.068860
0.066963
0.243592
0.221760
0.119486
0.066283
-0.035906
0.015397
-0.038474
0.035868
0.015454
0.044225
0.309898
0.215638
0.102497
0.024902
-0.002516
-0.092960
-0.098482
-0.121440
-0.011184
0.167657
0.253172
0.331073
0.099235
-0.245966
-0.307892
-0.058158
0.135336
0.214746
0.242256
0.096054
-0.115205
-0.301085
-0.335570
0.022766
0.266816
0.317287
0.182021
-0.045469
-0.334525
-0.490802
-0.230439
0.085239
0.315890
0.196009
0.022760
-0.151487
-0.351063
-0.366740
-0.202507
0.101464
0.208903
0.299244
0.093803
-0.291434
-0.482106
-0.510993
-0.357451
-0.131057
0.042157
0.097997
-0.007855
-0.153896
-0.025284
-0.033378
-0.072460
-0.202783
-0.334814
-0.426233
-0.326921
-0.118370
-0.046432
-0.057522
-0.083909
0.105070
0.019619
-0.291964
-0.559461
-0.501428
-0.373428
-0.108831
0.136770
0.150445
-0.010619
-0.369115
-0.556466
-0.437465
-0.044875
0.265354
0.165740
-0.310779
-0.668277
-0.594568
-0.178170
0.169221
0.215515
-0.080962
-0.417669
-0.589894
-0.445930
-0.116887
0.055426
0.023198
-0.082102
-0.107876
-0.184240
-0.394562
-0.581745
-0.422463
-0.004386
0.379669
0.395686
0.030845
-0.417878
-0.607898
-0.522837
-0.269869
0.078918
0.277921
0.329621
0.175244
-0.064801
-0.326993
-0.601819
-0.505769
-0.120478
0.411963
0.546832
0.350952
-0.051668
-0.336758
-0.267050
-0.114722
0.056382
0.163903
0.251743
0.162746
0.059974
-0.137841
-0.034510
-0.038908
0.030677
0.094980
0.123917
0.287822
0.264870
0.127653
-0.090286
-0.053845
0.029366
0.168894
0.131687
0.003555
-0.000811
0.263481
0.492844
0.411747
0.089019
-0.185090
-0.070847
0.014404
-0.089100
-0.098287
0.215157
0.517811
0.454421
0.274212
0.110208
0.077898
0.047060
-0.034411
-0.019036
-0.003136
0.083642
0.201623
0.270963
0.204466
0.057440
0.081290
0.190209
0.201188
0.143939
0.019382
0.013715
0.215932
0.318064
0.161175
-0.064490
-0.153841
-0.035283
0.114154
0.211832
0.420289
0.515210
0.151079
-0.377552
-0.489379
-0.047380
0.479194
0.582931
0.317543
-0.004012
-0.119307
-0.117282
-0.076741
-0.042555
0.102169
0.417034
0.575988
0.395752
-0.117524
-0.467500
-0.361938
0.048143
0.389890
0.481772
0.428697
0.274671
0.021628
-0.316678
-0.450900
-0.179261
0.369365
0.744905
0.593753
0.147238
-0.206380
-0.312066
-0.190285
0.035510
0.276827
0.383473
0.371005
0.212958
-0.037422
-0.185467
-0.195579
0.066437
0.346634
0.380064
0.137394
-0.068546
-0.151303
-0.073621
0.114653
0.248015
0.408411
0.368647
0.180080
-0.086136
-0.243391
-0.285897
-0.021941
0.325406
0.561867
0.492550
0.029559
-0.219901
-0.230206
0.050572
0.182688
0.228721
0.240987
0.149582
0.125258
-0.018410
-0.058744
-0.007802
0.208020
0.430552
0.304841
-0.081579
-0.330357
-0.257119
0.067437
0.327673
0.478742
0.427172
0.191468
-0.003662
-0.337536
-0.416623
-0.165218
0.217565
0.399841
0.257320
0.118682
-0.000246
-0.020647
-0.141204
-0.252022
-0.060815
0.143105
0.308989
0.202791
-0.193882
-0.403265
-0.334254
-0.057716
0.239465
0.368632
0.202271
-0.119247
-0.448545
-0.634461
-0.387915
0.109056
0.455504
0.392873
0.010276
-0.461496
-0.667029
-0.572422
-0.249006
0.121935
0.245043
0.225985
0.036638
-0.233243
-0.469995
-0.556760
-0.454157
-0.112800
0.173130
0.107048
-0.100177
-0.263569
-0.310449
-0.272966
-0.187032
-0.144253
-0.145217
-0.176753
-0.240493
-0.410981
-0.386751
-0.123916
0.128082
0.182831
-0.091988
-0.434691
-0.665862
-0.547740
-0.249084
-0.065712
0.094141
0.101735
0.054523
-0.150249
-0.538539
-0.691302
-0.551362
-0.078169
0.288356
0.239804
-0.053589
-0.217784
-0.224973
-0.424576
-0.544571
-0.367026
0.047326
0.403577
0.387130
-0.001697
-0.302105
-0.360021
-0.417084
-0.430622
-0.192924
0.245398
0.351178
0.268522
0.032821
-0.194607
-0.324833
-0.367649
-0.161735
0.131964
0.385414
0.331392
0.122731
-0.199583
-0.363544
-0.155000
0.221843
0.359367
0.228791
0.045500
-0.089453
-0.053905
-0.006105
0.009226
0.052227
0.116140
0.250468
0.259914
0.105386
0.039557
0.083749
0.115354
-0.069350
-0.147105
-0.016551
0.208307
0.383016
0.385755
0.219544
-0.046382
-0.179685
-0.247746
-0.107260
0.062540
0.310114
0.553496
0.471263
0.062819
-0.332333
-0.385269
-0.289609
0.039177
0.296861
0.337055
0.283275
0.262387
-0.013245
-0.321151
-0.419754
-0.192950
0.173527
0.247469
0.267977
0.054525
0.054985
-0.055932
-0.241339
-0.152445
0.098592
0.302776
0.105094
-0.270595
-0.426228
-0.182304
0.125107
0.357235
0.348506
0.123962
-0.194332
-0.370261
-0.355791
-0.155711
0.221115
0.441601
0.361071
-0.009540
-0.374292
-0.341961
-0.047972
0.151215
0.214949
0.233834
0.153702
-0.037143
-0.283984
-0.364960
-0.147741
0.155085
0.428766
0.482477
0.216537
-0.238796
-0.468576
-0.308449
0.050534
0.328223
0.399016
0.311289
0.089145
-0.155857
-0.292753
-0.211553
0.067493
0.486178
0.599786
0.283096
-0.176716
-0.441840
-0.355856
-0.040619
0.295724
0.568384
0.585675
0.307140
-0.017792
-0.310495
-0.411055
-0.172080
0.330330
0.553954
0.416597
0.112899
-0.077012
0.006990
0.097559
0.102605
0.139984
0.178997
0.145098
0.061571
-0.019660
0.128923
0.322924
0.351943
0.183919
-0.057410
-0.237762
-0.198094
0.128636
0.310118
0.396196
0.338676
0.223959
0.120348
-0.114463
-0.351551
-0.318810
0.060677
0.488805
0.675263
0.415345
0.039568
-0.127688
-0.151135
-0.291429
-0.165559
0.094382
0.280622
0.328084
0.117574
-0.015664
0.007217
0.116685
-0.006160
-0.181503
-0.268266
-0.149906
0.207743
0.473203
0.414734
0.070077
-0.277690
-0.419076
-0.346840
-0.207529
0.085769
0.335908
0.316065
0.095162
-0.100504
-0.092774
-0.169916
-0.274770
-0.372878
-0.313099
-0.013692
0.235353
0.367934
0.221816
-0.058247
-0.239332
-0.426749
-0.398598
-0.186857
-0.104043
-0.026097
0.053344
0.158044
0.158253
0.095639
-0.159775
-0.576065
-0.676150
-0.523584
0.021746
0.436315
0.457824
0.126118
-0.407561
-0.511337
-0.331285
-0.079601
-0.110838
-0.036380
0.068025
-0.066105
-0.314908
-0.452154
-0.166887
0.196538
0.290059
-0.003976
-0.328192
-0.398128
-0.137044
0.021445
-0.093543
-0.244781
-0.214383
-0.003785
0.182966
0.153709
-0.004214
-0.102373
-0.213235
-0.373980
-0.268802
0.151966
0.405862
0.283036
-0.149576
-0.384714
-0.243946
0.025448
0.132073
0.066780
0.049813
-0.005327
-0.017523
0.063155
0.021485
-0.145837
-0.265852
-0.133061
0.132101
0.306904
0.297274
0.133351
-0.118858
-0.322976
-0.282121
-0.023425
0.296304
0.343678
0.053809
-0.313049
-0.421172
-0.223421
0.080818
0.231232
0.169478
0.081271
-0.006899
0.028727
0.119758
-0.033251
-0.307402
-0.359076
-0.111275
0.207415
0.382855
0.322176
0.120398
-0.127012
-0.354383
-0.401349
-0.189526
0.144660
0.337351
0.290705
0.025064
-0.204509
-0.256488
-0.130315
0.028701
0.086533
0.113084
0.166289
0.166092
0.077937
-0.069595
-0.183183
-0.153047
-0.021310
0.139207
0.174547
0.107556
0.041670
0.018402
-0.046776
-0.126134
-0.091346
0.028095
0.070046
0.109591
0.126401
0.097167
0.071359
0.073198
0.018560
-0.144394
-0.282349
-0.257090
0.064673
0.233312
0.221442
0.154548
0.012811
-0.104356
-0.339345
-0.444681
-0.252082
0.072426
0.260951
0.390963
0.279462
-0.131911
-0.339191
-0.353332
-0.292813
-0.100214
0.133862
0.123814
-0.028432
-0.271119
-0.270064
0.008506
0.108973
-0.020850
-0.206602
-0.187885
-0.102027
-0.072892
-0.208011
-0.368920
-0.098795
0.313929
0.386300
0.127054
-0.278820
-0.465248
-0.384380
-0.135301
0.178203
0.373204
0.283793
-0.054581
-0.313875
-0.329020
-0.150551
0.119627
0.254464
0.185570
0.067151
-0.137968
-0.188413
-0.050274
0.139203
0.254833
0.174326
0.053518
-0.033146
0.005386
0.073019
0.125634
0.122559
0.034310
-0.013736
0.075067
0.212520
0.205816
0.099486
0.035874
0.031694
-0.158609
-0.180696
0.127851
0.441169
0.456634
0.193057
0.019483
-0.132155
-0.130722
-0.066013
0.169564
0.381593
0.341703
0.234966
0.050433
-0.062177
-0.076848
-0.039533
-0.027208
0.076781
0.301357
0.318538
0.100329
-0.067583
-0.134224
0.040272
0.216024
0.158165
-0.035999
-0.226923
-0.179190
0.104775
0.387245
0.314435
0.044921
-0.093827
-0.055501
0.055979
-0.071430
-0.235289
-0.112654
0.069422
0.147528
0.168274
0.103763
0.059831
0.146310
0.085930
-0.152116
-0.317224
-0.267340
0.008739
0.320767
0.345261
0.193245
0.114790
0.013015
-0.179997
-0.305841
-0.255379
0.093191
0.463989
0.431914
0.068045
-0.341458
-0.493340
-0.281554
0.151971
0.400863
0.375236
0.173395
-0.069206
-0.272603
-0.327761
-0.267534
-0.004731
0.164610
0.138662
0.075855
0.031335
0.040228
-0.090925
-0.168106
-0.216147
-0.171876
-0.119961
0.049819
0.225224
0.178835
0.017280
-0.050454
-0.022922
-0.055495
-0.161689
-0.176423
-0.019106
0.100636
0.216851
0.209398
0.138510
-0.001166
-0.028257
-0.060761
-0.218159
-0.111493
0.173020
0.248131
0.181007
0.127417
0.064558
0.017952
-0.035021
0.067171
0.140675
0.244939
0.144307
0.016872
-0.059362
-0.030818
0.345289
0.447832
0.227278
-0.008895
-0.094650
-0.217947
-0.132633
0.161705
0.384173
0.444099
0.249373
-0.083863
-0.243026
-0.148794
0.014961
0.273927
0.408341
0.301310
0.011196
-0.331155
-0.432238
-0.175612
0.179620
0.456428
0.425318
0.040077
-0.414863
-0.516303
-0.272164
0.039250
0.244863
0.261075
0.161884
-0.008118
-0.162642
-0.344595
-0.455363
-0.368446
0.048488
0.507309
0.585548
0.124240
-0.337291
-0.498429
-0.394839
-0.141834
0.036532
0.216258
0.269931
0.219376
0.020998
-0.170933
-0.236490
-0.130165
0.066403
0.159688
0.101068
0.017824
-0.019767
0.013635
0.048231
0.013397
0.014380
0.078779
0.187710
0.127201
-0.080625
-0.171827
-0.082698
0.192342
0.389071
0.278594
0.040002
-0.057485
0.037759
0.027817
-0.007039
0.045612
0.172241
0.266480
0.189582
0.064012
-0.023157
0.018886
0.089073
0.146449
0.163045
0.178401
0.221783
0.101741
-0.010859
-0.113365
-0.108028
0.050461
0.237070
0.381907
0.279523
0.069177
-0.091261
-0.034792
0.013358
-0.134000
-0.208389
0.005432
0.302824
0.317825
0.075825
-0.155490
-0.133434
-0.085277
-0.160131
-0.230710
-0.134278
0.116117
0.262928
0.108884
-0.264697
-0.501020
-0.422632
-0.101302
0.193445
0.246105
0.013352
-0.201326
-0.262493
-0.354808
-0.456525
-0.377748
-0.047607
0.090650
0.036139
-0.078703
-0.153465
-0.140491
-0.357086
-0.608127
-0.511171
-0.073231
0.268786
0.291609
0.038384
-0.264389
-0.438362
-0.379169
-0.339543
-0.263324
-0.006521
0.113787
0.077981
-0.090896
-0.282575
-0.420206
-0.386277
-0.254295
-0.092748
-0.019691
-0.099702
-0.176321
-0.081477
-0.052358
-0.184186
-0.283604
-0.264181
-0.197509
-0.165873
-0.108326
-0.093824
0.019127
0.040161
-0.054676
-0.329067
-0.561222
-0.418084
-0.091005
0.223124
0.176235
0.034682
-0.063415
-0.204362
-0.246173
-0.264606
-0.121929
0.071453
0.073187
-0.033602
-0.214728
-0.174240
0.077998
0.256563
0.146783
-0.162689
-0.228240
-0.145935
-0.022323
0.074801
0.143135
0.165005
0.105270
-0.058839
-0.255068
-0.252934
-0.006432
0.357579
0.466178
0.198275
-0.184257
-0.304406
-0.231847
-0.049783
0.175706
0.335566
0.384482
0.277562
-0.045627
-0.341509
-0.315262
0.001506
0.357695
0.378372
0.216732
0.045655
0.023142
-0.007938
0.008029
0.088174
0.120390
0.130801
0.040927
0.006949
-0.006231
0.116196
0.268430
0.188046
0.047042
-0.061691
-0.069035
0.114348
0.212911
0.190290
0.145529
0.154305
0.063678
-0.051869
-0.080153
-0.010412
0.246229
0.274875
0.098351
-0.097779
-0.026528
0.169828
0.260133
0.165548
-0.058108
0.040976
0.184528
0.139922
-0.003710
-0.060712
0.058701
0.248392
0.271076
0.100861
0.007481
-0.013640
-0.040075
-0.069441
0.037611
0.278977
0.482206
0.386268
-0.007355
-0.286601
-0.227070
-0.017129
0.192933
0.327374
0.337454
0.277456
0.050700
-0.190941
-0.252399
-0.099138
0.161463
0.289683
0.246841
0.106919
-0.009588
-0.073349
-0.140910
-0.064299
0.107806
0.201395
0.112155
-0.077839
-0.114966
0.049761
0.155513
0.118963
0.065871
0.014377
-0.027322
-0.116579
-0.114357
-0.141437
0.064953
0.207012
0.157753
0.109624
-0.033654
0.026426
-0.048854
-0.131114
-0.182396
-0.151058
-0.055637
0.024708
0.165552
0.185966
0.193716
0.182191
-0.033679
-0.318597
-0.448082
-0.257430
0.063760
0.238143
0.309162
0.211941
0.068179
-0.115648
-0.246009
-0.270434
-0.088035
0.092205
0.160838
0.196983
0.030799
-0.029000
0.045123
0.095835
0.076460
0.006170
-0.062486
-0.002766
0.133322
0.111135
0.073555
0.118810
0.130029
0.067421
-0.048179
-0.186686
-0.124286
0.171339
0.386594
0.318002
0.051309
-0.137206
-0.111280
-0.025893
0.045698
0.196584
0.233671
0.160261
0.069477
-0.068204
-0.156648
-0.035619
0.215500
0.302669
0.138657
-0.084713
-0.191039
-0.130393
0.069949
0.216757
0.248936
0.164553
0.095070
-0.009683
-0.063678
-0.114801
-0.009786
0.284110
0.355153
0.206034
-0.045314
-0.151184
-0.008006
0.184922
0.243960
0.251254
0.241149
0.189604
0.011264
-0.037823
0.101003
0.295933
0.480477
0.526182
0.384456
0.073005
-0.062299
0.071080
0.154473
0.176018
0.327964
0.534629
0.472547
0.181407
-0.077754
-0.070447
0.198044
0.379152
0.455636
0.310942
0.182120
0.020424
-0.001738
0.127816
0.235670
0.389027
0.372743
0.211431
-0.031715
-0.120990
-0.146994
-0.007160
0.162851
0.246819
0.313562
0.256138
0.093663
-0.102844
-0.181750
-0.152268
-0.209949
-0.043550
0.139402
0.240150
0.246198
0.009836
-0.030996
-0.247616
-0.392130
-0.379206
-0.322406
-0.159518
0.124217
0.286542
0.089775
-0.074770
-0.322835
-0.569594
-0.565878
-0.275105
0.145120
0.399639
0.113532
-0.328106
-0.600500
-0.664146
-0.371200
0.017520
0.167096
0.047636
-0.048300
-0.315409
-0.542002
-0.533012
-0.299749
0.029487
0.178354
0.044952
-0.181517
-0.329623
-0.416942
-0.334434
-0.302541
-0.194050
0.013551
0.151611
0.094205
-0.082762
-0.309440
-0.515906
-0.318188
0.024028
0.141936
0.163480
0.050325
-0.242975
-0.389005
-0.370661
-0.201936
0.013403
0.054981
0.031539
0.038264
0.022172
-0.160458
-0.324828
-0.425497
-0.276212
-0.024505
0.065594
0.086646
-0.022750
-0.067136
-0.078182
-0.234000
-0.399081
-0.304485
-0.165576
-0.157239
-0.240604
-0.162093
0.066889
0.176173
0.125754
-0.088936
-0.357884
-0.610317
-0.524844
-0.230141
0.033364
0.245258
0.227775
-0.011659
-0.223763
-0.441701
-0.519322
-0.350835
-0.055762
0.214695
0.186386
-0.027810
-0.277149
-0.355417
-0.339618
-0.214277
-0.028365
0.119482
0.127809
0.004050
-0.219829
-0.432654
-0.379105
-0.110355
0.184250
0.178868
-0.024037
-0.244857
-0.259410
-0.211914
-0.141699
0.036130
0.137322
0.171330
0.067221
-0.178473
-0.400260
-0.331308
-0.086321
0.151961
0.262880
0.181553
0.061815
-0.042544
-0.227380
-0.313256
-0.093457
0.077544
0.150273
0.062667
-0.093167
-0.128415
-0.033749
0.060941
0.036665
0.036494
-0.004471
-0.002285
-0.050070
-0.138411
-0.138479
0.050197
0.156541
0.084591
-0.071186
-0.183994
-0.173297
-0.067746
0.119170
0.159590
0.081473
-0.030094
-0.090820
-0.211757
-0.307664
-0.205426
0.017331
0.169105
0.239491
0.175350
-0.001721
-0.259750
-0.405877
-0.242994
-0.015633
0.078129
0.031760
0.045929
0.080052
0.007809
-0.121250
-0.203550
-0.164478
-0.026010
0.081689
0.070809
-0.082209
-0.132431
0.032608
0.141710
0.070625
-0.153968
-0.264029
-0.104617
0.209046
0.327260
0.107754
-0.195954
-0.286897
-0.038106
0.155644
0.153840
0.095078
0.100529
0.103250
-0.024796
-0.158139
-0.114192
0.151169
0.312915
0.240523
0.058562
-0.018233
-0.021027
0.072291
0.159617
0.065716
0.043982
0.085182
0.178746
0.245340
0.180072
0.041197
-0.015258
0.086833
0.216757
0.254544
0.217286
0.109087
0.048575
0.165932
0.219927
0.222508
0.176281
0.122055
0.106574
0.140463
0.266808
0.303765
0.267515
0.125065
0.057294
0.098702
0.225713
0.264562
0.191712
0.214190
0.134769
0.116746
0.125949
0.140028
0.185874
0.169287
0.157259
0.137449
0.155819
0.225647
0.198706
0.102578
0.060210
0.054441
0.092670
0.179731
0.210840
0.167723
0.085566
0.013456
0.039481
0.089658
0.122811
0.115216
0.139406
0.121322
0.064147
0.025536
0.015649
0.072678
0.114037
0.096544
0.049435
0.066635
0.056157
0.071275
0.067740
0.031684
0.028731
0.000320
0.017542
0.027628
0.025953
0.043384
0.038250
0.011922
0.010245
-0.002689
-0.032503
0.006921
0.051944
0.048819
0.026253
-0.028043
-0.053238
-0.062108
-0.086045
-0.055566
0.020551
0.120552
0.106756
-0.039354
-0.180728
-0.222198
-0.096467
0.013735
0.050532
0.026601
-0.055257
-0.047690
-0.057756
-0.099466
-0.149236
-0.147706
-0.052277
0.016850
-0.001106
-0.070665
-0.124409
-0.137099
-0.040078
0.031931
0.034552
-0.042110
-0.141898
-0.171163
-0.150309
-0.104642
-0.004549
0.084352
0.037467
-0.099234
-0.230178
-0.187412
-0.035066
0.020940
-0.015387
-0.066197
-0.098137
-0.082977
-0.038143
0.008847
-0.008112
0.001936
-0.006328
-0.071468
-0.129712
-0.103791
0.002498
0.055365
0.076859
0.053849
0.032180
-0.004059
-0.040900
-0.076369
0.011139
0.107635
0.136843
0.108064
-0.004586
-0.031673
0.020433
0.141234
0.204585
0.173613
0.035148
-0.050148
-0.011483
0.064997
0.204515
0.280743
0.257812
0.141424
0.045664
0.021744
0.018993
0.119866
0.258431
0.327388
0.274348
0.120677
-0.047904
-0.051681
0.113202
0.326648
0.414939
0.235256
0.031369
-0.035948
0.018724
0.132782
0.253780
0.302635
0.226342
0.087255
0.000932
0.025654
0.098597
0.183960
0.225091
0.198315
0.108511
0.027578
0.053431
0.069104
0.059528
0.055320
0.060968
0.085178
0.076435
0.035953
-0.008663
-0.019789
-0.017310
0.011522
0.027906
0.010641
-0.011383
-0.012227
-0.021663
-0.077376
-0.092744
-0.059055
-0.047609
-0.024603
-0.040239
-0.085398
-0.078425
-0.059921
-0.063708
-0.129464
-0.187660
-0.117860
-0.035059
-0.086561
-0.143048
-0.130852
-0.089814
-0.087783
-0.122066
-0.198275
-0.255752
-0.193832
-0.038611
0.026033
-0.117497
-0.271150
-0.273027
-0.139386
-0.040785
-0.004472
-0.053331
-0.171177
-0.213571
-0.172395
-0.120595
-0.146223
-0.160544
-0.088569
-0.033898
-0.065285
-0.155289
-0.220590
-0.206920
-0.166755
-0.122995
-0.101581
-0.073056
-0.030678
-0.080764
-0.138853
-0.154770
-0.106315
-0.003416
0.036082
-0.009033
-0.111117
-0.121855
0.003407
0.137436
0.193496
0.103505
-0.037554
-0.093362
-0.011621
0.084772
0.153382
0.204445
0.166457
0.132530
0.134728
0.105323
0.049005
0.096686
0.175893
0.278434
0.321959
0.199695
0.069189
0.046707
0.136720
0.238758
0.283721
0.207788
0.124544
0.082088
0.097756
0.179027
0.212637
0.141665
0.095601
0.069231
0.062774
0.121534
0.110247
0.093413
0.045956
-0.017556
-0.007553
0.074713
0.110930
0.093983
-0.006205
-0.141945
-0.177466
-0.113085
0.016389
0.067586
0.031448
-0.102905
-0.193879
-0.210430
-0.186604
-0.123970
-0.109658
-0.114510
-0.120308
-0.153983
-0.169875
-0.212719
-0.254325
-0.221775
-0.169061
-0.125721
-0.143261
-0.164529
-0.208807
-0.211985
-0.159791
-0.124840
-0.161518
-0.283412
-0.339816
-0.246139
-0.117143
-0.090865
-0.137626
-0.223608
-0.300971
-0.283937
-0.270065
-0.276828
-0.255470
-0.239647
-0.181392
-0.162134
-0.192829
-0.234247
-0.308621
-0.375108
-0.326424
-0.193546
-0.177735
-0.220192
-0.227628
-0.233777
-0.197609
-0.137634
-0.131992
-0.161478
-0.197307
-0.197279
-0.124580
-0.057462
-0.050970
-0.062858
-0.043103
-0.027091
-0.036255
-0.078168
-0.056686
0.019349
0.055707
0.072586
0.053445
