-0.001962
-0.002391
-0.002371
-0.002472
-0.002423
-0.002036
-0.002185
-0.002467
-0.002572
-0.002987
-0.002837
-0.003275
-0.003441
-0.003922
-0.004333
-0.004038
-0.004089
-0.003962
-0.004533
-0.005253
-0.005626
-0.005679
-0.005591
-0.005576
-0.005694
-0.005950
-0.006101
-0.006225
-0.006419
-0.006668
-0.006795
-0.006971
-0.007328
-0.007295
-0.007223
-0.007005
-0.007176
-0.007326
-0.007294
-0.007343
-0.007141
-0.007107
-0.007062
-0.007277
-0.007240
-0.006746
-0.006550
-0.006695
-0.007063
-0.007316
-0.007283
-0.007398
-0.007214
-0.007533
-0.007594
-0.007430
-0.007518
-0.007066
-0.007479
-0.007626
-0.007518
-0.007521
-0.007131
-0.006768
-0.006718
-0.006572
-0.006856
-0.006935
-0.006401
-0.006073
-0.005784
-0.005701
-0.005830
-0.006128
-0.005899
-0.006069
-0.006499
-0.006706
-0.006574
-0.006224
-0.006453
-0.006574
-0.006363
-0.006271
-0.006000
-0.006115
-0.005883
-0.005672
-0.005801
-0.005589
-0.005682
-0.005363
-0.005058
-0.005226
-0.005430
-0.005246
-0.005171
-0.005575
-0.005880
-0.006009
-0.005952
-0.005638
-0.005634
-0.005193
-0.005032
-0.005319
-0.005582
-0.005635
-0.005068
-0.004700
-0.004405
-0.004362
-0.004388
-0.004555
-0.004302
-0.004345
-0.004410
-0.004617
-0.004668
-0.004466
-0.004276
-0.004421
-0.004789
-0.004753
-0.004864
-0.004200
-0.004046
-0.003796
-0.003973
-0.004272
-0.004246
-0.004223
-0.003888
-0.003770
-0.003373
-0.003476
-0.003223
-0.003062
-0.003592
-0.004060
-0.004635
-0.004541
-0.004117
-0.003594
-0.002926
-0.003188
-0.003517
-0.003484
-0.003645
-0.003466
-0.003319
-0.003272
-0.002877
-0.002871
-0.002848
-0.002531
-0.002854
-0.002534
-0.002784
-0.003023
-0.002815
-0.003083
-0.002512
-0.002247
-0.001707
-0.001714
-0.002021
-0.002404
-0.002621
-0.002286
-0.002062
-0.001078
-0.000379
0.000063
-0.000431
-0.001597
-0.002256
-0.002504
-0.001903
-0.000412
0.001779
0.003668
0.003395
0.001672
-0.000925
-0.002921
-0.002894
-0.000748
0.002971
0.005842
0.006363
0.003745
0.000361
-0.001712
-0.000766
0.002180
0.005690
0.007557
0.006561
0.004108
0.001477
0.000678
0.001920
0.004281
0.006082
0.006673
0.005614
0.004789
0.003921
0.003638
0.003908
0.004526
0.005296
0.006204
0.007333
0.006595
0.004897
0.002984
0.002992
0.004754
0.007416
0.008821
0.007886
0.006257
0.004664
0.004056
0.004384
0.005144
0.005911
0.006195
0.006585
0.006489
0.005971
0.004832
0.003516
0.004088
0.005104
0.006935
0.007655
0.006497
0.004721
0.003486
0.003754
0.005042
0.006521
0.007057
0.007042
0.006323
0.005964
0.005764
0.005790
0.005872
0.005856
0.006736
0.007352
0.007153
0.006070
0.005137
0.004610
0.005058
0.006648
0.007795
0.008251
0.007507
0.006395
0.005725
0.005723
0.006594
0.007674
0.007399
0.007055
0.006374
0.005617
0.005801
0.005410
0.005993
0.006318
0.006358
0.006815
0.006872
0.006487
0.005846
0.005086
0.005172
0.006693
0.007495
0.007314
0.006250
0.005620
0.005621
0.005962
0.006620
0.006421
0.005903
0.005244
0.004601
0.004285
0.004541
0.004854
0.004928
0.004875
0.005023
0.005287
0.005368
0.005359
0.005135
0.005215
0.005509
0.005798
0.005580
0.005612
0.005453
0.005406
0.005369
0.005088
0.005140
0.005248
0.005547
0.005445
0.005149
0.004555
0.004631
0.004595
0.004704
0.005017
0.005309
0.005420
0.005162
0.004673
0.004182
0.004013
0.003944
0.004133
0.004480
0.004595
0.004536
0.003654
0.002941
0.003024
0.002941
0.003139
0.002744
0.002394
0.001747
0.001339
0.001348
0.001749
0.001838
0.001884
0.001509
0.001736
0.001612
0.001094
0.000614
-0.000162
0.000259
0.000357
0.000534
-0.000214
-0.000642
-0.001000
-0.001067
-0.001684
-0.002181
-0.002805
-0.002740
-0.002542
-0.003187
-0.002953
-0.003656
-0.004142
-0.005145
-0.005967
-0.005772
-0.005136
-0.005708
-0.006031
-0.004988
-0.003447
-0.002118
-0.002431
-0.004006
-0.006164
-0.008325
-0.008668
-0.006348
-0.003320
-0.001162
-0.001547
-0.004636
-0.008596
-0.011828
-0.012643
-0.010682
-0.006972
-0.002648
0.000063
-0.000193
-0.003058
-0.007120
-0.011351
-0.013278
-0.012160
-0.008139
-0.002906
-0.000376
-0.000422
-0.003879
-0.009397
-0.012871
-0.012359
-0.006984
-0.001779
0.000192
-0.002351
-0.007896
-0.011647
-0.012464
-0.009389
-0.006100
-0.004195
-0.003646
-0.004931
-0.006759
-0.007530
-0.006218
-0.004894
-0.003859
-0.001891
-0.002689
-0.007588
-0.013403
-0.017814
-0.017310
-0.011630
-0.003236
0.003525
0.002437
-0.006138
-0.015766
-0.021630
-0.019928
-0.012316
-0.002780
0.003231
0.002466
-0.004145
-0.012582
-0.017173
-0.016818
-0.010802
-0.003279
0.001236
0.001188
-0.003813
-0.010433
-0.014617
-0.015445
-0.012613
-0.007953
-0.003506
-0.001452
-0.003196
-0.006887
-0.010854
-0.012216
-0.009953
-0.005033
-0.000659
0.000562
-0.001831
-0.006404
-0.009490
-0.008765
-0.005293
-0.001653
-0.000429
-0.001708
-0.004032
-0.006663
-0.007817
-0.007103
-0.005376
-0.003276
-0.000995
-0.000057
-0.001118
-0.003366
-0.005091
-0.004457
-0.002587
0.000211
0.001624
0.000717
-0.000886
-0.002705
-0.002951
-0.002637
-0.001927
-0.000589
0.000360
0.000319
-0.000644
-0.002216
-0.003645
-0.003413
-0.001967
-0.000344
-0.000116
-0.000453
-0.001273
-0.001748
-0.001542
-0.001177
-0.000295
0.000149
0.000615
-0.000110
-0.000976
-0.001883
-0.002029
-0.001280
-0.000156
0.000662
-0.000022
-0.000396
-0.001283
-0.001263
-0.001714
-0.002374
-0.001630
-0.000573
0.000422
0.000900
-0.000269
-0.001792
-0.002326
-0.001700
0.000676
0.001716
0.002340
0.001870
0.000532
0.000336
0.000222
0.000828
0.001611
0.001865
0.003160
0.003507
0.003204
0.002887
0.002272
0.002232
0.002122
0.003020
0.003335
0.003721
0.003556
0.003446
0.003449
0.003192
0.003241
0.002708
0.003564
0.004061
0.003821
0.003536
0.002575
0.002603
0.003392
0.004668
0.005893
0.005321
0.005138
0.004270
0.004317
0.005024
0.005039
0.005520
0.005206
0.005268
0.005173
0.005098
0.004503
0.004243
0.003518
0.003311
0.003838
0.004250
0.004215
0.003644
0.003168
0.003046
0.003688
0.003744
0.004004
0.003864
0.004411
0.004251
0.003555
0.003078
0.002606
0.003361
0.004306
0.004816
0.004854
0.003827
0.002752
0.002024
0.001655
0.002381
0.003021
0.003818
0.003731
0.003482
0.003136
0.002830
0.003125
0.003728
0.004954
0.005501
0.005263
0.005204
0.004392
0.004186
0.004774
0.004759
0.005790
0.005797
0.005939
0.006041
0.005971
0.006221
0.005928
0.006227
0.006193
0.006378
0.006391
0.006094
0.006373
0.007080
0.007924
0.008076
0.007585
0.007252
0.006504
0.007504
0.007924
0.007045
0.006207
0.004548
0.005239
0.005865
0.005998
0.005741
0.004974
0.004599
0.004567
0.004413
0.004011
0.004616
0.004411
0.004332
0.004267
0.004013
0.003588
0.002686
0.002309
0.002467
0.003029
0.002951
0.002788
0.001978
0.001501
0.001245
0.000844
0.001655
0.002087
0.002533
0.002660
0.002231
0.001125
0.000768
0.000492
0.000164
0.000918
0.001632
0.002593
0.001861
0.001320
0.000788
0.000091
0.000267
0.000104
0.000535
0.001273
0.001552
0.001828
0.001643
0.000628
-0.000027
-0.000324
0.000592
0.001484
0.002078
0.001949
0.000930
0.000199
-0.000417
-0.000139
0.000345
0.000217
0.000112
0.000345
0.000828
0.000753
0.000148
-0.000245
-0.000197
-0.000047
-0.000134
0.000292
0.000077
-0.000282
-0.000936
-0.001152
-0.001267
-0.000598
0.000274
-0.000087
-0.000729
-0.001424
-0.001620
-0.001861
-0.001986
-0.002440
-0.001762
-0.001415
-0.001840
-0.002272
-0.002091
-0.001919
-0.002579
-0.003440
-0.003742
-0.003337
-0.003203
-0.003300
-0.003040
-0.002911
-0.004224
-0.005963
-0.007002
-0.006210
-0.005256
-0.004428
-0.004767
-0.004993
-0.005084
-0.006198
-0.007442
-0.007931
-0.007158
-0.007170
-0.007282
-0.006831
-0.005385
-0.006232
-0.009430
-0.010901
-0.009830
-0.008436
-0.008229
-0.008813
-0.008855
-0.009139
-0.010847
-0.012133
-0.010541
-0.007709
-0.007060
-0.009131
-0.010718
-0.010482
-0.009297
-0.008243
-0.008780
-0.008205
-0.008817
-0.009262
-0.008367
-0.007199
-0.006775
-0.008695
-0.009099
-0.007660
-0.005325
-0.005560
-0.008002
-0.009948
-0.009577
-0.007305
-0.005565
-0.004212
-0.004876
-0.006375
-0.007837
-0.007909
-0.006477
-0.004827
-0.004311
-0.004163
-0.004550
-0.005583
-0.006161
-0.006149
-0.004932
-0.003598
-0.003637
-0.004182
-0.004327
-0.004260
-0.003508
-0.003520
-0.004195
-0.005001
-0.004462
-0.004029
-0.003896
-0.004788
-0.006035
-0.006419
-0.004811
-0.002679
-0.002384
-0.003765
-0.005895
-0.006341
-0.006277
-0.004950
-0.004575
-0.004669
-0.004033
-0.003281
-0.003524
-0.004745
-0.006399
-0.006663
-0.005197
-0.003356
-0.001846
-0.002660
-0.004068
-0.005910
-0.005800
-0.004500
-0.004108
-0.004237
-0.004411
-0.003601
-0.002042
-0.001430
-0.002711
-0.004071
-0.004822
-0.003497
-0.002115
-0.001375
-0.001730
-0.002819
-0.002827
-0.001819
-0.000510
-0.000677
-0.001479
-0.001931
-0.001151
-0.000415
-0.000616
-0.001032
-0.000858
-0.000117
0.001095
0.001484
0.000808
-0.000285
-0.000825
0.000278
0.001225
0.001293
0.000384
0.000009
0.000458
0.000628
0.000690
0.000068
-0.000035
0.000193
0.000706
0.001453
0.001321
0.001115
0.000335
0.000152
0.000764
0.001226
0.001067
0.000146
-0.000647
-0.000545
0.000313
0.001202
0.002068
0.002370
0.001625
0.000988
0.001496
0.002563
0.003780
0.003901
0.003243
0.002001
0.000114
-0.001245
-0.001205
0.000812
0.002864
0.005336
0.007298
0.007768
0.006062
0.003260
0.001772
0.001108
0.002041
0.002550
0.002662
0.001460
-0.000227
0.000237
0.003635
0.010235
0.015163
0.014470
0.008052
-0.000732
-0.007251
-0.007766
-0.001813
0.006904
0.012211
0.010392
0.003877
-0.000958
-0.000199
0.005350
0.012199
0.015365
0.010777
-0.000129
-0.010180
-0.011527
-0.003523
0.006112
0.011439
0.011918
0.010645
0.008484
0.007660
0.007408
0.004849
-0.000601
-0.006105
-0.005146
0.002344
0.009157
0.008955
0.004678
0.003214
0.006193
0.011971
0.016032
0.013151
0.002984
-0.009900
-0.013007
-0.003893
0.009921
0.016104
0.010989
0.004789
0.002856
0.005906
0.010295
0.012871
0.008156
-0.002519
-0.009146
-0.003945
0.008138
0.012577
0.005557
-0.001863
-0.000909
0.008591
0.018834
0.021552
0.013752
-0.001377
-0.012665
-0.010024
0.004779
0.016134
0.013444
0.001885
-0.003252
0.003651
0.015547
0.020915
0.016560
0.004493
-0.008299
-0.011556
-0.001963
0.010782
0.012832
0.004816
-0.002241
0.001833
0.011844
0.018457
0.015467
0.004732
-0.006638
-0.008783
0.002198
0.016458
0.020351
0.009104
-0.007429
-0.014792
-0.006577
0.010177
0.022309
0.021237
0.008943
-0.005469
-0.011882
-0.009022
-0.000424
0.006801
0.009562
0.009735
0.008414
0.005530
0.000532
-0.004611
-0.006619
-0.002894
0.005852
0.014480
0.014642
0.005140
-0.007862
-0.013717
-0.008554
0.002950
0.012484
0.014166
0.008189
0.000337
-0.004273
-0.004035
-0.002017
-0.002315
-0.001710
0.003596
0.011184
0.012649
0.005545
-0.004575
-0.011698
-0.014296
-0.009123
0.001613
0.011527
0.014725
0.012417
0.006959
-0.002532
-0.014543
-0.023568
-0.019215
-0.000019
0.023488
0.032048
0.019818
-0.002976
-0.023173
-0.031045
-0.024110
-0.005586
0.013688
0.022746
0.016850
0.001734
-0.010495
-0.013199
-0.009593
-0.008274
-0.008096
-0.004037
0.002607
0.006152
0.003068
-0.004344
-0.008417
-0.005663
0.001944
0.009112
0.007021
-0.004908
-0.018660
-0.021783
-0.011561
0.001575
0.006555
0.004163
0.001255
-0.003068
-0.010669
-0.015534
-0.012166
-0.002812
0.003498
-0.000591
-0.012598
-0.021468
-0.019327
-0.004238
0.009394
0.010282
-0.003534
-0.018583
-0.023590
-0.017073
-0.002715
0.006257
0.003839
-0.006970
-0.015195
-0.021151
-0.013221
-0.011172
-0.002489
0.012483
0.007985
-0.005946
-0.015970
-0.022880
-0.033296
-0.024111
0.001457
0.023443
0.018066
0.000424
-0.010007
-0.019491
-0.032091
-0.032047
-0.014614
0.003932
0.013784
0.011673
0.005199
-0.004098
-0.016269
-0.024360
-0.020256
-0.009430
-0.001651
-0.001581
-0.001957
-0.000816
-0.002774
-0.005481
-0.004296
-0.006555
-0.012484
-0.013465
-0.007891
0.000342
0.003392
-0.001204
-0.008760
-0.009574
-0.001081
0.006926
0.002975
-0.013351
-0.026664
-0.022697
-0.004945
0.017332
0.025706
0.012414
-0.005697
-0.010826
-0.011655
-0.016173
-0.018838
-0.014807
-0.002181
0.009290
0.020414
0.025009
0.014456
-0.010831
-0.032218
-0.034418
-0.019348
0.001030
0.015902
0.022818
0.017237
0.002104
-0.018218
-0.024421
-0.015886
-0.004645
0.005699
0.010576
0.007661
-0.000423
-0.009279
-0.013075
-0.011943
-0.007457
0.000488
0.007654
0.011597
0.006574
-0.004695
-0.017092
-0.018654
-0.005323
0.008412
0.012193
0.006558
-0.008044
-0.019589
-0.013038
0.004433
0.012963
0.004002
-0.007376
-0.008071
-0.001200
0.003800
0.003508
-0.000861
-0.007965
-0.012372
-0.008699
0.002168
0.008373
0.005590
-0.001425
-0.004631
-0.003514
-0.002647
-0.001552
0.001601
0.009109
0.009351
0.000696
-0.010619
-0.014325
-0.010036
-0.002230
0.011050
0.022039
0.018743
0.000669
-0.017477
-0.023590
-0.013585
0.003160
0.014518
0.017625
0.012597
0.002472
-0.006318
-0.011080
-0.010230
-0.002097
0.008306
0.015714
0.018759
0.010660
-0.003345
-0.014095
-0.016717
-0.006218
0.012316
0.025830
0.026545
0.016280
-0.002587
-0.019863
-0.026653
-0.016135
0.007113
0.027835
0.037101
0.035147
0.018379
-0.012689
-0.037442
-0.039015
-0.018343
0.010078
0.031374
0.038963
0.035635
0.021623
0.001549
-0.017092
-0.024526
-0.016561
-0.005316
0.003542
0.015562
0.030272
0.031756
0.012461
-0.013708
-0.021686
-0.007103
0.009871
0.021469
0.027488
0.020739
-0.001308
-0.021257
-0.021942
-0.006333
0.011168
0.023027
0.028948
0.025401
0.006803
-0.013855
-0.017420
-0.009231
0.002538
0.012077
0.018813
0.021360
0.013549
-0.004630
-0.021148
-0.023317
-0.006408
0.021096
0.036178
0.029706
0.008316
-0.014222
-0.024207
-0.021043
-0.012440
-0.001969
0.009082
0.021371
0.029139
0.019531
-0.006785
-0.033514
-0.040474
-0.021347
0.011688
0.028070
0.015755
-0.005518
-0.019485
-0.024845
-0.028663
-0.020500
0.001608
0.017293
0.015814
0.002177
-0.014295
-0.025904
-0.031198
-0.025126
-0.008556
0.004018
0.007099
0.005192
0.000828
-0.006384
-0.010409
-0.009628
-0.001655
0.012129
0.017773
0.008927
-0.008474
-0.016236
-0.009208
0.004648
0.012429
0.017416
0.027734
0.021873
0.009747
-0.001270
-0.006082
0.003512
0.015856
0.024616
0.032403
0.033354
0.021424
0.007867
-0.000290
0.002244
0.013123
0.023821
0.030557
0.037127
0.024647
0.010952
0.012269
0.017254
0.016983
0.010960
0.007534
0.010738
0.017837
0.018790
0.022030
0.020433
0.013701
-0.000131
-0.001775
0.007002
0.012360
0.016911
0.013170
0.007045
0.001976
-0.003990
-0.009675
-0.007740
0.000176
0.009291
0.013406
0.006375
-0.006768
-0.016242
-0.023779
-0.017522
-0.006162
-0.004112
-0.007388
-0.009834
-0.007560
-0.017795
-0.023048
-0.010460
-0.008379
-0.005156
0.014801
0.015615
-0.022304
-0.054794
-0.047620
-0.021998
-0.006426
0.002438
0.014331
0.005388
-0.037330
-0.071694
-0.062778
-0.029670
0.009651
0.020626
-0.002483
-0.026044
-0.048190
-0.059383
-0.043996
-0.002565
0.035499
0.044743
0.032788
0.014997
-0.018600
-0.067667
-0.093273
-0.078366
-0.041991
-0.004066
0.023817
0.041748
0.042493
0.023551
0.004927
-0.009755
-0.012755
-0.006508
-0.003392
-0.009818
-0.018352
-0.015290
0.001286
0.025179
0.032551
0.018302
-0.003733
-0.010373
-0.001284
0.025496
0.036695
0.010501
0.002047
0.018133
0.028232
0.015412
-0.008877
-0.023732
-0.018454
0.003197
0.021442
0.026002
0.009554
-0.009709
-0.004895
0.015378
0.021851
0.023154
0.024546
-0.002260
-0.014831
-0.014412
-0.011780
-0.022710
-0.014304
0.004410
-0.001818
0.023809
0.019123
-0.005817
-0.007482
0.003563
-0.003816
-0.024436
-0.019308
0.001386
0.008653
-0.006782
-0.004812
0.008094
-0.015117
-0.054756
-0.052294
-0.006663
0.028784
0.034339
0.023348
-0.000919
-0.024998
-0.041968
-0.030620
-0.003250
0.011872
-0.002119
-0.020039
-0.015062
-0.034015
-0.031160
0.001122
0.016868
0.019308
0.004625
-0.009349
-0.022354
-0.021165
-0.013047
-0.001487
0.008636
0.003588
0.005680
-0.011551
-0.032567
-0.047942
-0.034614
0.013945
0.040974
0.042654
0.015997
-0.015706
-0.045144
-0.040916
-0.003242
0.030284
0.027592
-0.001019
-0.005678
0.001879
-0.013717
-0.027479
-0.018148
0.007948
0.027830
0.028681
0.022279
-0.005627
-0.019178
-0.016061
-0.003742
0.011055
0.012532
0.007656
0.006013
0.002143
0.005843
0.004992
0.003486
-0.017672
-0.021584
0.008554
0.015493
0.020219
0.020844
0.018122
-0.009617
-0.018544
0.012167
0.025667
-0.006230
-0.028580
-0.011046
0.016037
0.013234
0.006924
0.013713
-0.003594
-0.021473
-0.022130
0.002663
0.024634
0.015572
-0.008228
-0.000321
0.004709
0.007075
-0.013045
-0.020044
-0.004567
0.005668
0.008443
-0.003135
-0.006389
-0.020407
-0.001054
0.009310
0.018453
0.010765
-0.001189
-0.032299
-0.018297
0.021980
0.005281
-0.012612
0.001768
0.022214
-0.001508
-0.024829
-0.028883
-0.002228
-0.000304
0.022061
0.045511
0.026178
-0.036443
-0.056013
-0.021174
0.004471
0.015206
0.006439
0.011705
0.010314
0.013075
-0.010066
-0.036537
-0.033232
-0.008040
0.026476
0.045710
0.031184
-0.016176
-0.057127
-0.040079
0.009777
0.034512
0.028786
0.013180
0.009740
-0.006448
-0.033657
-0.049134
-0.036222
0.017028
0.055325
0.063946
0.032561
-0.028506
-0.064064
-0.044739
0.004589
0.039236
0.030767
-0.000143
-0.005020
0.001033
0.006973
0.002562
0.001809
-0.018167
-0.016218
0.021381
0.025598
0.022039
0.003322
-0.018073
-0.005796
0.002942
0.002081
0.015904
0.028818
0.021097
0.013328
-0.004538
-0.027865
-0.030889
-0.007709
0.041232
0.067708
0.039907
-0.015927
-0.041571
-0.026103
0.001539
0.019426
0.027100
0.031114
0.029096
0.010094
-0.030363
-0.037625
-0.009511
0.021770
0.053348
0.051790
0.011066
-0.019758
-0.020792
-0.011488
-0.002193
0.006264
0.003543
0.008086
0.024452
0.040149
0.028330
-0.014792
-0.046906
-0.036549
0.002403
0.016183
0.043910
0.034477
0.005342
-0.012310
-0.011729
-0.010347
-0.010328
0.013483
0.011005
0.010203
-0.011640
0.002317
-0.010566
-0.004348
0.028589
-0.004731
-0.017677
-0.001198
0.050447
0.032617
-0.028718
-0.033458
-0.026037
-0.009820
0.011820
0.052308
0.052628
-0.028863
-0.057274
-0.034695
0.017114
0.058847
0.030108
-0.003784
-0.025122
-0.002903
0.018222
-0.007708
-0.033641
-0.026516
-0.017589
0.031574
0.042468
0.032151
0.024385
-0.010632
0.001085
-0.016578
-0.049620
-0.048620
0.001445
0.005973
0.032724
0.038348
0.030480
0.038645
0.001863
-0.021006
-0.067769
-0.043602
-0.021016
-0.026310
0.011439
0.055422
0.086068
0.063408
-0.003766
-0.068629
-0.094609
-0.096089
-0.039668
0.125893
0.169527
0.099472
-0.060700
-0.166142
-0.191293
-0.101597
0.100861
0.136938
0.209910
0.148357
0.026130
-0.128086
-0.213269
-0.198053
-0.107358
0.031866
0.125197
0.299967
0.189546
-0.006610
-0.165317
-0.238675
-0.146248
-0.013004
0.148418
0.155662
0.061601
-0.000367
-0.073555
-0.074448
-0.090089
-0.052880
0.080256
0.065585
0.130244
0.087080
-0.115893
-0.140189
-0.113875
-0.020500
0.049793
0.076729
0.087945
0.063999
0.031209
-0.089706
-0.141634
-0.129307
-0.017965
0.144463
0.163569
0.007962
-0.079944
-0.060552
-0.072420
-0.025691
-0.017930
0.016319
0.074335
0.073458
0.025503
-0.056311
-0.088272
-0.063690
-0.033813
0.031472
0.050709
0.010785
-0.022439
0.003474
0.052853
-0.012520
-0.075007
-0.070199
0.015320
0.033618
0.030258
-0.011720
-0.048768
-0.016025
0.011222
0.030505
-0.023440
-0.017107
-0.020969
-0.013957
0.018227
0.015957
-0.008914
0.015945
-0.009965
-0.041464
-0.060375
-0.060373
0.054313
0.112871
0.065036
-0.003518
-0.049378
-0.101206
-0.080920
-0.019060
0.047528
0.046882
0.042093
0.040362
-0.024897
-0.004648
0.004699
-0.060729
-0.050367
-0.027907
0.056846
0.048688
-0.035814
-0.030626
0.016559
0.061962
0.022325
-0.038162
-0.080488
-0.057824
0.007176
0.059734
0.031273
0.047669
0.039638
-0.012051
-0.085618
-0.154108
-0.058526
0.087178
0.165357
0.115268
-0.022946
-0.125429
-0.126769
-0.091131
-0.020019
0.107183
0.208256
0.113583
-0.095910
-0.203140
-0.138054
-0.001098
0.088535
0.171120
0.138169
-0.043799
-0.253693
-0.293684
-0.135359
0.205938
0.364059
0.289007
0.139877
-0.119945
-0.310246
-0.375311
-0.176155
0.052426
0.245906
0.276027
0.245408
0.104163
-0.174335
-0.338820
-0.312595
-0.047079
0.158385
0.214515
0.090842
0.034828
0.018609
0.031338
-0.158235
-0.302692
-0.124599
0.129273
0.322631
0.245563
0.030813
-0.175099
-0.173756
-0.115362
-0.140089
-0.106643
0.084662
0.299495
0.350669
0.038311
-0.337197
-0.458757
-0.191502
0.150252
0.331808
0.247258
0.110921
0.033695
-0.141574
-0.264717
-0.346386
-0.140883
0.107412
0.437711
0.428843
0.143330
-0.217624
-0.452084
-0.378906
-0.089029
0.245706
0.376389
0.339753
-0.006664
-0.284512
-0.355387
-0.173253
0.036534
0.240764
0.256348
0.154469
0.014008
-0.203796
-0.300514
-0.106498
0.195479
0.323035
0.195150
-0.064067
-0.257563
-0.323501
-0.141954
0.109895
0.354272
0.247442
0.057007
-0.162049
-0.311628
-0.296245
-0.118997
0.196857
0.533376
0.545484
0.035909
-0.430897
-0.576132
-0.302142
0.062357
0.361265
0.406157
0.303415
0.014625
-0.300431
-0.442117
-0.323822
0.019403
0.333594
0.428767
0.170397
-0.146282
-0.340006
-0.295430
-0.022913
0.247554
0.293988
0.248267
0.043590
-0.126685
-0.144548
-0.136995
-0.207434
-0.108973
0.193845
0.335410
0.217706
-0.198092
-0.286631
-0.040809
0.027050
-0.007565
-0.018002
0.118502
0.213828
0.048778
-0.081595
-0.167480
-0.117684
-0.073654
-0.019659
0.243787
0.363356
0.194589
-0.249784
-0.439689
-0.259295
0.101172
0.291392
0.139617
0.011098
0.005202
0.021655
-0.046669
-0.174542
-0.178108
0.098644
0.227221
0.110886
-0.043486
-0.135938
-0.057426
-0.018481
-0.021841
0.028303
0.104860
0.148495
0.090126
-0.066163
-0.269028
-0.242877
0.032903
0.239508
0.200804
0.080143
-0.054103
-0.125935
-0.069644
0.037084
0.067420
0.044184
-0.024777
-0.185342
-0.075735
0.220673
0.269462
0.008679
-0.285085
-0.361342
-0.087248
0.255814
0.288820
0.107209
-0.048941
-0.128915
-0.115279
-0.001203
0.068617
0.106829
0.041480
-0.063130
0.019416
0.052764
-0.007965
0.012803
0.029570
0.003068
-0.084444
-0.224002
-0.179299
0.076590
0.286538
0.304142
0.106416
-0.221087
-0.341999
-0.106864
0.120538
0.249259
0.102547
-0.084214
-0.052668
0.036359
0.020569
-0.078309
-0.044042
0.002481
0.093426
0.038093
0.026978
-0.032588
-0.209198
-0.252666
-0.075781
0.207412
0.405161
0.420098
0.057558
-0.381623
-0.690183
-0.414111
0.228194
0.554567
0.430347
0.190980
-0.004944
-0.318578
-0.535811
-0.431965
0.010362
0.393571
0.495280
0.446589
0.089360
-0.412536
-0.648220
-0.354329
0.119199
0.361906
0.417093
0.189384
-0.027295
-0.259063
-0.293046
-0.208612
0.010150
0.216022
0.171813
0.031984
-0.105169
-0.018680
-0.003155
-0.033109
-0.013799
0.060538
-0.021459
-0.025363
0.026214
0.047383
0.006404
-0.014903
0.017731
0.005027
-0.081537
-0.158613
-0.074306
0.033817
0.074346
0.109062
0.166397
0.021652
-0.077064
-0.061868
0.061251
0.025573
-0.012843
-0.150542
-0.045262
0.157403
0.180861
0.128983
-0.081370
-0.181697
-0.206001
-0.024818
0.141194
0.174471
-0.025185
-0.147877
-0.079606
-0.015992
0.010445
0.093318
0.174676
0.228374
0.009518
-0.240224
-0.304313
-0.088774
0.005690
0.060278
0.218186
0.142489
0.111460
-0.117447
-0.144821
-0.160491
-0.123331
0.014792
0.259250
0.258661
-0.035114
-0.288160
-0.338851
0.061753
0.332803
0.288999
0.012728
-0.201618
-0.325597
-0.111004
0.149996
0.163036
0.068134
0.053910
0.094903
-0.069498
-0.340618
-0.368479
0.013073
0.302873
0.385389
0.318009
0.109582
-0.205724
-0.453732
-0.422424
-0.094269
0.256971
0.346795
0.177019
0.099954
0.047858
-0.151624
-0.345959
-0.288885
-0.007148
0.191114
0.213299
0.131780
0.050974
-0.001985
-0.013379
-0.123005
-0.221988
-0.180162
0.062439
0.241412
0.298667
0.109817
-0.189244
-0.295441
-0.147442
0.121609
0.177164
0.041286
-0.104890
-0.030953
0.051234
0.047722
-0.060804
-0.114408
-0.092020
0.044288
0.180715
0.223692
0.043649
-0.273911
-0.306297
-0.084270
0.151317
0.229766
0.198059
0.095988
-0.019014
-0.285976
-0.355257
-0.106620
0.201864
0.265262
0.171958
-0.001643
-0.151943
-0.157296
-0.094901
0.086397
0.146406
0.003961
-0.236174
-0.110683
0.142473
0.229670
0.090884
-0.044521
-0.036271
-0.136057
-0.223333
-0.140551
0.122644
0.203587
0.278265
0.189992
-0.042967
-0.274723
-0.354169
-0.130868
0.080772
0.184207
0.216578
0.302499
0.194723
-0.103607
-0.426876
-0.404501
-0.077445
0.302048
0.346644
0.096402
-0.032419
-0.097455
-0.122409
-0.201240
-0.083370
0.077911
0.227830
0.171808
-0.008034
-0.095158
-0.145485
0.003572
0.039631
-0.043482
-0.104497
0.025711
0.180852
0.127859
-0.054392
-0.119017
0.030042
0.022731
-0.110066
-0.152789
-0.002307
0.226006
0.277987
-0.022681
-0.306621
-0.189887
0.087655
0.180978
0.020029
-0.032290
0.059208
0.079503
-0.063702
-0.119804
-0.057953
0.056192
0.107480
-0.007186
-0.089767
-0.003742
0.168589
0.048031
-0.218984
-0.314166
0.013507
0.355832
0.331177
0.069857
-0.142629
-0.185842
-0.152883
-0.076691
-0.067793
0.026969
0.210670
0.310283
0.152783
-0.152196
-0.340600
-0.256400
-0.033500
0.165938
0.212645
0.155443
0.087084
0.027819
-0.144093
-0.330779
-0.147730
0.200968
0.301094
0.109312
-0.094152
-0.079688
0.069874
-0.054375
-0.221390
-0.093360
0.126768
0.201472
0.032921
-0.124491
-0.053886
0.134745
0.154580
0.081913
-0.022617
-0.196106
-0.221856
-0.115581
0.048530
0.178705
0.177272
0.159990
0.120186
-0.067332
-0.268184
-0.328082
-0.156303
0.185454
0.405214
0.292922
0.019761
-0.221405
-0.336502
-0.202698
0.001781
0.217710
0.347873
0.226282
-0.054218
-0.225268
-0.261275
-0.160421
0.006389
0.137768
0.283514
0.275028
0.007592
-0.255754
-0.364286
-0.240674
0.034158
0.200985
0.337414
0.253818
0.031646
-0.134284
-0.199444
-0.137923
0.064186
0.097032
-0.133658
-0.171948
0.049513
0.284679
0.291359
0.036475
-0.173647
-0.212005
-0.219588
-0.101527
0.050110
0.157287
0.253662
0.238362
0.036573
-0.254261
-0.387533
-0.181139
0.112176
0.285070
0.288437
0.096786
-0.104244
-0.173810
-0.209286
-0.159634
0.024540
0.172385
0.254809
0.127582
-0.111910
-0.145887
-0.111153
-0.099641
-0.035169
0.048590
0.154972
0.213485
0.082923
-0.146380
-0.242430
-0.145777
0.054991
0.146294
0.128547
0.078670
0.023793
-0.086920
-0.151647
-0.152921
-0.086333
0.082084
0.176388
0.196630
0.105339
-0.080732
-0.257654
-0.204324
0.015804
0.182285
0.172565
-0.000789
-0.057884
-0.049413
-0.060525
0.003187
-0.005503
-0.075172
-0.079674
0.047598
0.189506
0.137675
-0.001105
-0.163329
-0.200115
-0.071826
0.118743
0.107036
0.076069
0.213057
0.225607
-0.083054
-0.471974
-0.508367
-0.131305
0.323430
0.372521
0.280976
0.144064
-0.086754
-0.323908
-0.371019
-0.157506
0.209952
0.369204
0.165134
-0.027761
-0.178257
-0.144391
-0.118286
-0.069931
0.119114
0.275086
0.108381
-0.170073
-0.168361
-0.055642
0.013501
0.006314
0.100917
0.133355
-0.000344
-0.222026
-0.169595
0.026106
0.119042
0.142297
0.062440
-0.059313
-0.203398
-0.182979
-0.029482
0.182233
0.270956
0.091170
-0.115058
-0.208672
-0.114306
0.027627
0.077452
0.098966
0.089066
0.042945
-0.094807
-0.150266
-0.141355
-0.091733
-0.015944
0.133518
0.284343
0.173816
-0.169004
-0.351135
-0.223447
0.086091
0.344338
0.224599
-0.104118
-0.249349
-0.108175
0.108584
0.149380
-0.062096
-0.176677
-0.080481
0.102658
0.147466
0.061566
0.014132
0.014464
-0.047892
-0.243813
-0.222655
-0.025745
0.228009
0.378771
0.208183
-0.159824
-0.348749
-0.250248
-0.073322
0.066250
0.116802
0.181476
0.211703
0.065720
-0.128738
-0.265492
-0.274731
0.005611
0.350414
0.313420
-0.008941
-0.149834
-0.158420
-0.161723
-0.187053
-0.074135
0.203950
0.345906
0.202745
-0.029271
-0.272598
-0.391162
-0.170649
0.125981
0.308146
0.280644
0.115672
-0.148981
-0.339432
-0.246745
0.003784
0.179827
0.229964
0.152371
0.009830
-0.167465
-0.277001
-0.162101
-0.013931
0.128568
0.218927
0.172597
0.001754
-0.118798
-0.133205
-0.123433
-0.021911
0.091083
0.130687
0.041365
-0.128126
-0.120390
0.028189
0.090229
0.020730
-0.081901
-0.131065
-0.018504
0.216841
0.266236
-0.045012
-0.343469
-0.255667
0.064393
0.264951
0.115090
-0.092108
-0.125081
0.058938
0.146709
0.049540
-0.164445
-0.203673
0.063809
0.181868
0.099825
-0.038302
-0.019564
-0.023337
-0.080175
-0.174148
-0.117155
0.213523
0.402342
0.214817
-0.236453
-0.487155
-0.255326
0.206801
0.357111
0.138579
-0.068146
-0.094434
0.054716
0.115066
-0.107267
-0.276588
-0.101584
0.228517
0.310848
0.043939
-0.249641
-0.191813
0.089855
0.214064
0.090098
-0.110439
-0.166244
-0.079596
0.126462
0.214236
0.043333
-0.124932
-0.131902
-0.031780
0.077611
0.077870
0.012167
-0.019228
-0.009137
0.071890
0.080044
-0.014663
-0.139726
-0.131076
0.051705
0.108049
0.051636
0.063919
0.123496
0.057888
-0.141821
-0.267954
-0.198092
0.064710
0.231679
0.187168
0.135563
0.075623
-0.067348
-0.206240
-0.203574
-0.051641
0.082108
0.128296
0.143667
0.152149
0.077969
-0.063366
-0.142381
-0.149092
-0.067336
0.044225
0.116999
0.075631
0.017387
0.000391
-0.031054
-0.093174
-0.133821
-0.069377
0.103604
0.303185
0.188219
-0.108196
-0.258161
-0.131513
0.082273
0.183048
0.043948
-0.103611
-0.050933
0.008460
0.058859
0.033623
-0.024359
-0.021220
0.029500
-0.003576
-0.048138
-0.002622
0.105722
0.085391
-0.048568
-0.125984
-0.024830
0.053035
0.050340
0.056091
0.033647
0.062849
0.004438
-0.171431
-0.192774
-0.048559
0.100141
0.191191
0.127334
0.041351
-0.084138
-0.156981
-0.086446
0.056231
0.038379
-0.082722
-0.002787
0.148101
0.211411
0.070826
-0.136420
-0.194100
-0.067289
0.028516
0.035732
0.018384
0.030189
0.104954
0.038066
-0.089567
-0.164067
-0.080608
0.069234
0.129972
0.066778
-0.013272
0.027977
0.053427
-0.002178
-0.102196
-0.103001
0.001169
0.084458
0.065788
0.036007
-0.013253
-0.058757
-0.095305
-0.086872
0.007294
0.093263
0.157033
0.100433
-0.037626
-0.195112
-0.186244
-0.042285
0.122935
0.159391
0.127966
0.044657
-0.141922
-0.176115
-0.099347
0.027363
0.157454
0.149867
-0.034031
-0.101878
0.034595
0.065492
-0.088914
-0.247989
-0.203378
0.066271
0.284445
0.257362
0.057983
-0.127103
-0.209897
-0.108519
0.018166
0.079173
0.075413
0.051485
0.048103
0.008747
-0.077765
-0.100580
0.019761
0.081618
0.038468
-0.075788
-0.075503
-0.055306
0.028730
0.056527
-0.028977
-0.044628
0.067803
0.108995
-0.031178
-0.111396
-0.079075
0.068283
0.085768
0.020891
-0.061507
-0.060564
-0.052875
-0.014232
0.052001
0.071303
0.010712
-0.023015
-0.058592
-0.055232
0.021369
0.032021
-0.004570
-0.084494
0.013979
0.093589
0.131468
-0.004879
-0.179101
-0.237975
-0.055524
0.185048
0.187274
0.127880
0.021508
-0.079010
-0.228870
-0.255289
-0.052598
0.189687
0.297558
0.193044
-0.039204
-0.283093
-0.334371
-0.034864
0.242115
0.237963
0.008693
-0.132219
-0.071127
-0.015542
-0.027600
-0.106861
-0.058546
0.150321
0.253870
0.039569
-0.229064
-0.263739
-0.039933
0.215728
0.195947
0.030120
-0.077450
-0.131630
-0.115247
-0.009354
0.058458
0.095138
0.100542
-0.013988
-0.091861
-0.080185
0.012243
0.091981
0.018211
-0.095744
-0.112876
0.066072
0.134843
0.043219
-0.094018
-0.181905
-0.029409
0.147536
0.122866
-0.045532
-0.090169
-0.008464
0.053036
-0.024279
-0.068811
0.034305
0.180249
0.083425
-0.149322
-0.225376
-0.061877
0.249304
0.197367
-0.085651
-0.276797
-0.159822
0.044750
0.174830
0.096810
-0.063809
0.026340
0.068850
0.014067
-0.110039
-0.089315
0.051705
0.105157
0.049441
-0.030711
-0.020396
-0.005550
0.004464
-0.047247
-0.173705
-0.100269
0.154877
0.300441
0.108498
-0.227775
-0.311283
-0.086931
0.234724
0.240973
0.037527
-0.093641
-0.099915
-0.031811
0.016564
0.031037
0.018942
0.014877
-0.004766
-0.054273
-0.067213
0.012928
0.099489
0.033880
-0.105333
-0.090604
0.024222
0.134262
0.103763
-0.040248
-0.123587
-0.037480
0.154599
0.097718
-0.121242
-0.200343
-0.041960
0.118071
0.096941
0.081405
0.039066
-0.041263
-0.116271
-0.122061
-0.050708
0.074284
0.197691
0.150980
-0.034972
-0.220789
-0.166582
0.079512
0.158515
0.094424
-0.006646
-0.061114
-0.053910
-0.011831
0.023457
-0.017337
-0.064724
-0.080380
0.044701
0.152836
0.153858
0.098288
-0.093699
-0.253999
-0.206272
0.004420
0.163767
0.187781
0.116794
0.019899
-0.031703
-0.112052
-0.139301
-0.124168
0.032926
0.183777
0.213708
0.135342
-0.081845
-0.204902
-0.148288
0.066940
0.093164
0.001423
-0.054656
0.021317
0.094852
0.007067
-0.076733
-0.030694
0.057987
0.024149
-0.064985
-0.074896
0.047859
0.154762
0.113315
-0.016001
-0.113900
-0.117466
-0.013783
0.016925
-0.012181
0.009885
0.126171
0.175827
-0.007637
-0.237085
-0.175791
0.028923
0.188520
0.108706
-0.008278
0.038821
0.073893
-0.067146
-0.221000
-0.108085
0.062948
0.199254
0.090524
-0.060486
-0.107639
-0.068718
-0.014211
0.094589
0.087488
-0.005837
-0.014565
-0.059713
-0.059801
0.017531
0.150139
0.121432
-0.049640
-0.149988
-0.020617
0.072047
-0.016209
-0.149501
-0.070356
0.126751
0.175325
-0.038280
-0.187928
-0.097214
0.034141
0.172626
0.072933
-0.022774
-0.011681
0.098028
0.041313
-0.163054
-0.221141
-0.061469
0.203699
0.230664
0.071593
-0.086757
-0.103472
-0.113496
-0.101314
-0.083668
0.046533
0.166663
0.185411
0.076316
-0.157087
-0.250411
-0.170323
0.100522
0.217115
0.165320
0.041299
-0.045578
-0.092722
-0.124445
-0.054089
-0.012940
0.018493
0.022378
0.077186
0.133588
0.112961
-0.033337
-0.211760
-0.201988
-0.066433
0.101307
0.163838
0.095344
-0.006610
-0.034830
0.003459
-0.071644
-0.159744
-0.113769
0.096648
0.214993
0.118691
0.011922
-0.054808
-0.063967
-0.157010
-0.121013
0.041119
0.104554
0.095066
0.034601
-0.010415
-0.047274
-0.071440
-0.085512
0.004782
0.126234
0.129322
0.043131
-0.062951
-0.090604
-0.033936
-0.023990
-0.010012
-0.019438
0.014875
0.057866
0.006718
-0.070515
-0.106718
-0.024188
0.076762
0.139817
0.017605
-0.082789
-0.066414
-0.033396
0.051218
0.091520
0.028328
-0.026752
-0.033028
-0.022130
-0.006515
-0.085161
-0.068477
0.031810
0.101543
0.089842
-0.007753
-0.144444
-0.150515
-0.015814
0.102734
0.136886
0.046038
0.027332
0.043497
-0.058538
-0.167405
-0.160507
0.028096
0.196212
0.167134
0.006499
-0.144607
-0.139831
-0.098266
-0.017913
0.048146
0.144481
0.164742
0.008800
-0.200360
-0.224105
-0.026901
0.143467
0.173761
0.055715
-0.032712
-0.055888
-0.058009
-0.072874
-0.040017
0.030509
0.087105
0.096127
0.009377
-0.077706
-0.089072
-0.069063
-0.021630
0.024354
0.057297
0.044065
0.023862
0.015227
-0.053640
-0.069981
-0.048228
-0.001389
0.043250
0.081382
0.076242
-0.042613
-0.146718
-0.130897
0.064679
0.174559
0.088237
-0.042881
-0.114903
-0.062849
0.015020
0.036504
0.021288
0.043995
0.013809
-0.011520
-0.022719
-0.057864
0.002279
0.012111
-0.012846
-0.010624
0.001129
-0.036851
-0.066326
-0.014728
0.071672
0.137939
0.079647
-0.046974
-0.108267
-0.066920
-0.015199
0.043731
0.040740
0.018650
0.001550
-0.008913
-0.040375
-0.076307
-0.058905
0.002061
0.090594
0.102280
0.019136
-0.061951
-0.051668
-0.028821
0.031892
0.058798
-0.013993
-0.053538
0.000987
0.032910
0.030472
0.006031
-0.035079
-0.040108
-0.056383
-0.024694
0.052249
0.043295
-0.032624
-0.033023
0.059258
0.051097
-0.034597
-0.060539
-0.014308
0.071636
0.058281
-0.013236
-0.028324
0.049935
0.012840
-0.071144
-0.070689
0.001563
0.064431
0.001616
-0.096249
-0.051924
0.087327
0.102037
0.024813
-0.112735
-0.090263
0.028160
0.098444
0.084637
0.020167
-0.013560
-0.016636
0.003640
-0.020483
-0.032484
-0.032776
-0.009058
0.036747
0.045374
0.012082
-0.021443
-0.048134
-0.046252
-0.032413
0.005897
0.078100
0.096018
0.040543
-0.042745
-0.079889
-0.035665
0.038232
0.064697
0.039092
0.018917
-0.039203
-0.037088
-0.022816
-0.050218
-0.043897
0.003426
0.093200
0.098311
0.051426
-0.038124
-0.062053
-0.036695
-0.040525
-0.016484
0.032911
0.090668
0.068838
0.010236
-0.026699
-0.005748
0.000006
-0.046810
-0.072723
-0.012822
0.082643
0.102005
0.032362
-0.024664
-0.050656
-0.092710
-0.081235
0.025336
0.144332
0.132734
0.042049
-0.051480
-0.088931
-0.100478
-0.055854
0.030612
0.096051
0.101047
0.036699
-0.006826
-0.039870
-0.031027
-0.018791
-0.012026
-0.014856
0.047503
0.064673
0.009749
0.015268
-0.005613
-0.031321
-0.026036
-0.002414
-0.007503
-0.006481
-0.022917
0.024106
0.089928
0.013204
-0.059451
-0.025044
0.019715
0.035842
-0.004541
-0.029339
0.055654
0.090242
0.023680
-0.062261
-0.081043
-0.025013
0.039462
0.032435
0.013716
0.043139
0.011070
-0.051909
-0.114316
-0.062487
0.099664
0.148294
0.071940
-0.022272
-0.054620
-0.091520
-0.045101
0.023564
0.046414
0.041402
0.042042
0.077817
0.062745
-0.068977
-0.202919
-0.120270
0.053683
0.152151
0.107964
-0.011906
-0.089610
-0.042849
0.018291
0.019736
-0.005513
-0.011766
-0.005337
0.022111
0.037499
0.027128
0.037315
-0.000491
-0.054469
-0.035627
-0.008022
-0.028808
-0.034826
-0.009817
0.065178
0.119437
0.052406
-0.084803
-0.130982
-0.058140
0.029895
0.022349
-0.005965
0.027533
0.084376
0.045379
-0.059806
-0.089383
-0.020369
0.050300
0.007333
-0.033248
-0.002920
0.047074
0.047098
-0.003468
-0.087415
-0.086472
0.000688
0.054309
0.064260
0.014750
-0.028525
-0.012676
0.006292
-0.008454
-0.002725
-0.023531
-0.055241
-0.039161
0.013956
0.071465
0.073706
0.012906
-0.079132
-0.090339
-0.051683
-0.012722
0.023362
0.026995
0.030040
0.054311
0.034058
-0.051852
-0.111651
-0.075181
0.028469
0.050985
0.010313
0.005120
0.018361
0.009420
-0.004469
-0.043520
-0.084210
-0.040837
0.034214
0.053947
0.012088
-0.017114
-0.015275
-0.046643
-0.059162
-0.016112
0.059369
0.056621
-0.029698
-0.055635
-0.014998
0.043469
0.039085
-0.012319
-0.075997
-0.041693
0.038134
0.095650
0.050903
-0.089076
-0.100300
-0.014571
0.047055
0.003571
-0.023716
-0.034023
0.003923
0.035106
-0.024252
-0.072245
-0.085838
0.001258
0.086409
0.103669
0.023865
-0.042086
-0.052553
-0.034547
-0.030444
-0.071308
-0.009202
0.081540
0.095163
0.018457
-0.058114
-0.052539
-0.056622
-0.098024
-0.068527
0.024392
0.129280
0.101060
-0.040932
-0.128976
-0.080544
-0.003936
-0.000062
-0.004802
0.026609
0.076858
0.046215
-0.029905
-0.107545
-0.120508
-0.047887
0.055320
0.083536
0.061331
0.000069
-0.095017
-0.126941
-0.033860
0.044214
0.029635
-0.024926
-0.040472
0.018596
0.033845
-0.014265
-0.083690
-0.088050
-0.009766
0.119682
0.136830
-0.022155
-0.161722
-0.122652
-0.001379
0.063222
0.042810
-0.007326
-0.040810
0.013050
0.015403
-0.022579
-0.044863
0.004726
0.048564
-0.014341
-0.038667
-0.013423
0.058258
0.006715
-0.034131
-0.014187
0.027609
0.020345
-0.028912
-0.025342
-0.005910
0.052022
0.074479
0.033624
-0.037820
-0.073636
-0.048745
0.014401
0.060735
0.070399
0.048744
-0.004789
-0.058107
-0.060885
-0.021571
0.016308
0.038909
0.063046
0.038657
-0.026622
-0.054111
-0.062053
-0.049774
-0.027105
0.043505
0.090610
0.055802
-0.065155
-0.140050
-0.082787
-0.002769
0.044528
0.017584
-0.006309
0.012729
0.043096
-0.004984
-0.084194
-0.080268
-0.008007
0.027096
-0.005297
-0.034350
-0.031431
-0.024697
-0.032267
-0.071260
-0.082705
-0.033571
-0.012995
-0.046599
-0.092255
-0.094703
-0.074385
-0.047647
-0.049220
-0.079087
-0.089424
-0.089060
-0.091111
-0.099973
-0.106116
-0.096519
-0.101018
-0.087808
-0.073584
-0.090957
-0.124387
-0.153025
-0.122243
-0.084670
-0.087584
-0.123446
-0.106607
-0.042465
-0.018610
-0.054534
-0.116644
-0.138815
-0.106216
-0.028503
0.030282
0.014118
-0.048548
-0.071705
-0.063755
-0.050398
-0.033690
-0.049722
-0.029887
0.043034
0.075623
0.049837
-0.006787
-0.057855
-0.034820
0.037308
0.092349
0.084688
0.050871
0.034588
0.036614
0.050487
0.044994
0.054955
0.095983
0.146446
0.148963
0.100882
0.057377
0.051647
0.088324
0.155581
0.208267
0.203498
0.177018
0.157131
0.112841
0.089601
0.088537
0.110307
0.168480
0.243084
0.296797
0.250745
0.133841
0.024364
0.042506
0.143808
0.251692
0.285126
0.259856
0.204978
0.157616
0.149466
0.120529
0.124364
0.159235
0.231799
0.287740
0.279202
0.189378
0.107803
0.095789
0.153169
0.240719
0.268181
0.243551
0.204527
0.159248
0.128008
0.159173
0.193858
0.222557
0.234095
0.213040
0.188048
0.180752
0.146577
0.104202
0.127834
0.174110
0.198996
0.166784
0.092523
0.063491
0.085032
0.113185
0.140619
0.134650
0.094388
0.048061
-0.009767
-0.054111
-0.012818
0.064133
0.128186
0.096053
-0.027714
-0.154994
-0.188285
-0.144911
-0.097998
-0.032384
-0.014685
-0.009417
-0.042533
-0.155469
-0.274547
-0.289580
-0.211742
-0.130062
-0.093912
-0.121294
-0.151928
-0.160997
-0.192552
-0.258637
-0.291520
-0.244670
-0.161025
-0.099421
-0.126288
-0.188187
-0.208250
-0.204138
-0.166007
-0.141444
-0.122813
