-0.002950
-0.002911
-0.004121
-0.005593
-0.006346
-0.005516
-0.004273
-0.003686
-0.003743
-0.004537
-0.005645
-0.006668
-0.006080
-0.005796
-0.004899
-0.004179
-0.004791
-0.005675
-0.006410
-0.006563
-0.005952
-0.005699
-0.005558
-0.005596
-0.005606
-0.005405
-0.005589
-0.006236
-0.006251
-0.006454
-0.006087
-0.005186
-0.005560
-0.005121
-0.005933
-0.006942
-0.007426
-0.006560
-0.005293
-0.004109
-0.004108
-0.006176
-0.007502
-0.008131
-0.006828
-0.004748
-0.003355
-0.003618
-0.005093
-0.006780
-0.007471
-0.007581
-0.006744
-0.005340
-0.004399
-0.003410
-0.004198
-0.005644
-0.006450
-0.006367
-0.004640
-0.003528
-0.002965
-0.003375
-0.004150
-0.004115
-0.004047
-0.004293
-0.005117
-0.005587
-0.004971
-0.003444
-0.003370
-0.003407
-0.004570
-0.005563
-0.004748
-0.004082
-0.003380
-0.003279
-0.003578
-0.003609
-0.003119
-0.002757
-0.003455
-0.004426
-0.005110
-0.004065
-0.001944
-0.001235
-0.000969
-0.002325
-0.004237
-0.004781
-0.004266
-0.003258
-0.002179
-0.001200
-0.000948
-0.001218
-0.002729
-0.003919
-0.003743
-0.002746
-0.001271
-0.000887
-0.001071
-0.001722
-0.002165
-0.001820
-0.001634
-0.001300
-0.001415
-0.001241
-0.000232
0.000258
0.000594
-0.000826
-0.002116
-0.001613
-0.000712
0.000669
0.000394
-0.000829
-0.001244
-0.000566
0.000298
0.000119
-0.001158
-0.002537
-0.002873
-0.000771
0.001430
0.002043
0.000799
-0.001417
-0.002225
-0.001345
-0.000058
0.000962
0.001564
0.001348
0.001455
0.000967
0.000109
-0.000327
0.000275
0.001575
0.002982
0.002527
0.001212
0.000543
0.000787
0.001501
0.001969
0.001614
0.000627
0.001116
0.002213
0.003149
0.002790
0.001327
0.000102
0.000894
0.002365
0.003208
0.003170
0.002252
0.001760
0.002133
0.002816
0.002635
0.001917
0.001378
0.001529
0.002294
0.002584
0.002897
0.002484
0.002049
0.002478
0.002955
0.002671
0.001697
0.001282
0.002289
0.004644
0.005183
0.004650
0.002248
0.000509
0.001448
0.003239
0.005229
0.004857
0.004084
0.003400
0.003212
0.003433
0.003604
0.003895
0.003803
0.004242
0.004084
0.003880
0.003574
0.003747
0.004126
0.004255
0.004176
0.004003
0.004069
0.004644
0.004925
0.004202
0.004417
0.004893
0.006075
0.006303
0.005271
0.003521
0.003526
0.004536
0.005833
0.006582
0.005760
0.004555
0.004019
0.004776
0.004985
0.004891
0.003645
0.003960
0.004956
0.006118
0.005626
0.004345
0.003495
0.003016
0.003868
0.004628
0.005318
0.004488
0.003554
0.002810
0.003461
0.003383
0.003171
0.003188
0.002767
0.002961
0.002871
0.002508
0.001728
0.001758
0.002027
0.002301
0.002306
0.001681
0.000823
0.001428
0.001780
0.001969
0.001534
0.000452
0.000444
0.000731
0.001436
0.001576
0.001172
0.000276
0.000188
0.000355
0.000269
0.000123
-0.000525
-0.000894
-0.000455
-0.000085
-0.000725
-0.000896
-0.000608
-0.000098
0.000377
-0.000060
-0.000247
-0.000694
-0.000876
-0.000347
-0.000151
0.000716
0.000786
0.000731
0.000337
0.000288
0.000131
-0.000994
-0.001172
-0.000621
0.000261
0.000479
0.000289
-0.000223
-0.000468
-0.000440
-0.000196
-0.000604
-0.000242
0.000342
0.000966
0.000722
0.000266
0.000532
-0.000176
0.000348
0.000354
0.000996
0.000985
0.000022
-0.000150
0.000290
0.000728
0.000153
-0.000410
-0.000883
-0.000137
0.000028
-0.000030
-0.000189
-0.000058
-0.000077
-0.000682
-0.000870
-0.000389
-0.000049
-0.000048
0.000032
-0.000409
-0.000865
-0.001268
-0.001439
-0.001521
-0.000444
0.000042
-0.000316
-0.001466
-0.001911
-0.002152
-0.001022
-0.000384
-0.000763
-0.000831
-0.001823
-0.000717
-0.000236
0.000018
-0.001013
-0.002077
-0.001710
-0.001036
-0.000725
-0.001097
-0.001640
-0.002487
-0.002367
-0.001967
-0.001084
-0.000737
-0.001693
-0.002777
-0.003085
-0.002801
-0.002369
-0.001880
-0.001784
-0.001836
-0.002527
-0.002995
-0.002902
-0.002820
-0.002795
-0.002776
-0.002727
-0.002633
-0.002246
-0.002043
-0.002448
-0.003943
-0.004029
-0.003398
-0.002793
-0.002885
-0.003019
-0.003232
-0.003113
-0.003717
-0.004262
-0.004685
-0.005522
-0.005912
-0.006132
-0.004636
-0.003866
-0.003017
-0.003046
-0.002665
-0.003752
-0.005311
-0.006923
-0.007436
-0.007064
-0.005680
-0.002242
-0.000228
0.000032
-0.002486
-0.006119
-0.010177
-0.012113
-0.009805
-0.003608
0.000943
0.002197
0.000161
-0.004836
-0.011418
-0.015519
-0.012729
-0.003877
0.004957
0.007781
0.003151
-0.007355
-0.016383
-0.018959
-0.012435
-0.001202
0.007400
0.007411
0.000021
-0.008550
-0.012521
-0.010860
-0.005299
0.000968
0.003628
0.002943
-0.000870
-0.003923
-0.005478
-0.005917
-0.005463
-0.004016
-0.000990
0.002470
0.003370
-0.000113
-0.004837
-0.008489
-0.007102
-0.002280
0.002624
0.004100
0.000552
-0.002669
-0.004470
-0.003285
-0.001733
-0.001721
-0.002886
-0.003345
-0.000682
0.001347
0.001307
-0.001272
-0.003703
-0.004262
-0.002783
-0.000887
0.000269
0.000347
-0.000228
-0.001002
-0.001779
-0.002059
-0.003059
-0.003499
-0.002256
0.001001
0.002174
0.000802
-0.002195
-0.004932
-0.005238
-0.004105
-0.001804
0.000363
0.002239
0.002165
-0.000524
-0.004821
-0.007813
-0.007224
-0.003752
0.000604
0.003129
0.002606
0.000261
-0.002746
-0.005738
-0.006873
-0.004823
-0.000727
0.003785
0.006251
0.005348
0.000995
-0.005132
-0.009132
-0.008815
-0.003882
0.002381
0.007756
0.009631
0.007375
0.002675
-0.004607
-0.011810
-0.013839
-0.006715
0.005961
0.016313
0.018741
0.011991
0.000676
-0.011516
-0.018919
-0.013242
0.002042
0.016755
0.021489
0.016924
0.006243
-0.007989
-0.017447
-0.016521
-0.003549
0.011295
0.019704
0.018575
0.010819
0.001795
-0.005344
-0.009303
-0.009519
-0.004121
0.006180
0.017279
0.021159
0.017429
0.007142
-0.003786
-0.012271
-0.013669
-0.003722
0.012636
0.025182
0.024267
0.012382
-0.001757
-0.011210
-0.014230
-0.006797
0.007206
0.020434
0.023114
0.013959
0.001596
-0.006332
-0.006736
-0.003631
-0.000451
0.003127
0.009817
0.014328
0.012335
0.007304
0.005756
0.002310
-0.007495
-0.013813
-0.005814
0.010805
0.020493
0.019012
0.012618
0.004001
-0.009419
-0.018430
-0.010795
0.007926
0.020972
0.018944
0.008334
-0.000420
-0.007033
-0.010777
-0.006895
0.005231
0.015602
0.016172
0.007678
-0.000974
-0.004238
-0.005445
-0.003694
0.002819
0.011056
0.013460
0.008172
0.000167
-0.003712
-0.003611
-0.002023
0.000969
0.003614
0.006078
0.007274
0.005141
0.001320
-0.000095
-0.001232
-0.004913
-0.005701
-0.000399
0.006408
0.009152
0.008468
0.008982
0.004998
-0.004759
-0.009483
-0.006004
0.000799
0.005301
0.008308
0.009882
0.005589
-0.003203
-0.005956
-0.001133
0.002681
0.001442
-0.000541
0.001089
0.003352
0.004154
0.001701
-0.001089
-0.002885
-0.002519
0.000383
0.005582
0.010837
0.005395
-0.010245
-0.017285
-0.005174
0.009550
0.014497
0.014202
0.005112
-0.012518
-0.023433
-0.017450
0.000481
0.012641
0.015708
0.014159
0.007733
-0.008276
-0.022457
-0.020837
-0.008469
0.008016
0.017845
0.020644
0.011720
-0.005673
-0.020409
-0.020606
-0.007032
0.005854
0.010613
0.005773
0.000957
-0.000134
-0.001403
-0.005569
-0.009069
-0.007637
-0.001325
0.004893
0.008205
0.004001
-0.002959
-0.012878
-0.010253
0.001341
0.004139
0.006700
0.001124
-0.006875
-0.009726
-0.006152
-0.001266
-0.000215
-0.000552
-0.000624
0.002768
0.003925
-0.007359
-0.011584
-0.010733
-0.003855
0.008329
0.010307
0.007059
-0.002853
-0.013039
-0.023252
-0.018058
-0.000341
0.014276
0.016909
0.009118
-0.002109
-0.016850
-0.029054
-0.025904
-0.004726
0.013011
0.019376
0.011447
-0.005404
-0.021914
-0.026289
-0.020655
-0.003882
0.009347
0.016125
0.006197
-0.012712
-0.018853
-0.026141
-0.011587
-0.001170
0.004955
0.010497
0.008908
-0.004921
-0.019042
-0.015851
-0.013051
-0.008895
-0.005726
-0.001364
-0.001955
-0.003752
-0.004722
0.007073
0.009641
-0.012436
-0.030292
-0.025161
-0.014905
-0.012634
-0.005942
0.008846
0.022873
0.019241
0.000896
-0.020533
-0.032274
-0.042778
-0.035799
-0.005705
0.029613
0.048493
0.028278
-0.012071
-0.044774
-0.052214
-0.036046
-0.002278
0.029588
0.038097
0.020512
-0.013645
-0.034817
-0.036645
-0.018901
-0.003182
0.010352
0.013066
0.010369
0.002923
-0.016421
-0.015439
-0.027555
-0.015923
0.005794
0.020307
0.020171
-0.005473
-0.024493
-0.033887
-0.015483
0.006804
0.025531
0.021446
-0.003322
-0.019882
-0.024012
-0.013018
-0.001654
0.002486
0.002619
0.003847
0.008636
0.006359
-0.007352
-0.021650
-0.016985
-0.003941
0.008878
0.012138
0.004396
-0.005502
-0.012758
-0.009830
-0.000517
0.009456
0.005592
-0.001612
-0.007360
-0.005170
-0.000133
-0.001349
-0.001641
0.001363
0.005348
0.005051
-0.000104
-0.006272
-0.006031
-0.002343
0.001950
0.003761
0.005161
0.000372
-0.001013
-0.004255
-0.003813
0.001417
0.005336
0.000701
0.000523
-0.006473
-0.006819
0.007142
-0.002710
0.007656
0.004620
0.002254
-0.004811
-0.009173
-0.000665
0.001347
0.006725
0.001327
0.010539
0.009443
0.001001
-0.006597
-0.010641
-0.003665
0.007047
0.008809
0.010702
0.006352
0.002354
-0.001758
-0.006158
-0.003933
-0.003408
0.005424
0.010149
0.015992
0.011020
0.005560
-0.003272
-0.010331
-0.008627
-0.001606
0.005664
0.007405
0.011759
0.015193
0.017331
0.007901
-0.007089
-0.014579
-0.006008
0.006375
0.012827
0.009843
0.008028
0.006355
0.000804
-0.001126
-0.000031
0.003762
0.002810
0.004116
0.006465
0.011660
0.006254
-0.000085
-0.001160
0.006550
0.009791
0.004787
0.011155
0.001433
0.008355
0.007969
0.004863
0.005750
0.001213
0.003479
0.004144
0.005778
0.007180
0.013405
0.005016
0.010530
0.001000
-0.000692
0.007464
0.008705
0.011315
0.003545
0.004878
0.000821
0.002726
0.003390
0.010678
0.014242
0.017599
0.003200
-0.004701
0.002486
0.006891
0.012883
0.003390
0.006602
0.000516
0.012105
-0.006581
-0.003564
0.023873
0.001566
0.009635
0.023858
0.024707
0.007390
-0.011891
-0.022196
-0.018294
-0.007606
0.003394
0.041836
0.050289
0.025772
0.005998
-0.023437
-0.041480
-0.035788
-0.007069
0.036531
0.058295
0.034683
0.006737
-0.023886
-0.045029
-0.023590
0.008086
0.030594
0.035923
0.024455
-0.000505
-0.021245
-0.028973
-0.019440
-0.000587
0.021110
0.040370
0.034791
0.001957
-0.030715
-0.043478
-0.029067
-0.006186
0.026742
0.060144
0.047555
-0.004558
-0.044555
-0.048676
-0.042926
-0.009507
0.021807
0.063481
0.078178
0.010863
-0.047367
-0.061927
-0.053156
-0.025816
0.021241
0.053669
0.062820
0.021128
-0.035381
-0.041593
-0.028417
-0.019401
0.000450
0.025472
0.036824
0.022067
-0.012534
-0.034244
-0.032800
-0.014284
-0.003124
0.029496
0.043848
0.014913
-0.014866
-0.034318
-0.034136
-0.021159
0.002733
0.026997
0.037529
0.021182
-0.005963
-0.028876
-0.031082
-0.021142
-0.009153
0.005279
0.025362
0.037338
0.019064
-0.015319
-0.038531
-0.037463
-0.021998
0.003804
0.031444
0.042274
0.019371
-0.015353
-0.036068
-0.030763
-0.010098
0.007541
0.019532
0.019096
0.009676
-0.002383
-0.015640
-0.026210
-0.016743
0.002766
0.018537
0.021558
0.001401
-0.019276
-0.021773
-0.010319
0.007920
0.014354
0.003389
-0.002986
-0.009073
-0.010343
-0.000108
0.002501
-0.008362
-0.017304
-0.009684
0.005630
0.018030
0.006825
-0.018256
-0.020012
0.000713
0.016145
0.004169
-0.017653
-0.027154
-0.028541
-0.015944
0.022531
0.050755
0.027728
-0.029892
-0.062285
-0.039661
-0.000617
0.013906
0.011042
0.008891
0.004042
-0.006215
-0.019117
-0.020915
-0.014398
-0.017941
-0.016254
0.010752
0.028070
0.014630
-0.030793
-0.054531
-0.028973
0.001234
0.030596
0.020226
-0.009784
-0.016752
-0.011715
-0.018799
-0.028168
-0.017428
-0.003182
0.007975
0.014596
0.015693
0.000832
-0.031307
-0.057726
-0.043387
0.005203
0.041511
0.036021
0.000383
-0.033587
-0.044893
-0.032536
-0.014569
0.004655
0.019199
0.010627
-0.005471
-0.010541
-0.014600
-0.025847
-0.027211
-0.011110
0.003697
0.015190
0.014832
-0.009825
-0.026918
-0.025423
-0.015711
0.002488
0.006844
-0.002964
-0.011564
-0.017064
-0.012183
0.006727
0.003118
-0.008927
-0.017665
-0.010029
-0.001992
-0.003048
-0.008532
-0.019740
-0.013597
0.003299
0.015478
0.005634
-0.006760
-0.030202
-0.022829
-0.026506
0.010501
-0.002077
-0.008012
0.024052
-0.010073
0.017053
0.012815
-0.022055
-0.019361
-0.034111
-0.025890
0.007840
-0.015054
0.015276
0.023877
0.044198
0.018701
-0.027865
-0.013119
-0.050982
-0.042325
-0.030065
0.021807
0.066069
0.035455
0.005262
-0.015471
-0.021286
-0.029925
-0.040793
-0.020104
0.028722
0.055504
0.037951
0.010940
-0.021113
-0.041904
-0.055693
-0.041611
0.018567
0.062166
0.084748
0.019322
-0.032417
-0.028136
-0.035556
-0.036701
-0.001813
0.046885
0.019777
0.011378
0.017230
0.029419
-0.007510
-0.052696
-0.033316
0.011690
0.031416
0.012388
0.022270
0.014291
0.005006
-0.013249
-0.016046
-0.005825
-0.010778
0.008731
0.040750
0.041254
0.025684
-0.037434
-0.057855
-0.025568
0.019451
0.081597
0.036601
0.009510
-0.004115
-0.007472
-0.026608
-0.050465
-0.011138
0.014310
0.049612
0.080092
0.049938
-0.001297
-0.043229
-0.057864
-0.017819
-0.005518
0.029900
0.051823
0.030234
0.025673
0.018078
-0.003120
-0.034470
-0.031765
0.001599
0.018973
0.039873
0.021224
-0.008782
0.022132
-0.000244
0.006932
0.010202
-0.020006
0.009185
0.041471
0.039107
-0.015204
-0.040807
-0.036875
0.016180
0.072711
0.052864
0.032226
0.002500
-0.038540
-0.035412
-0.021789
0.003598
0.034304
0.047743
0.058357
0.050688
-0.015238
-0.077506
-0.064049
-0.006298
0.069222
0.071757
0.030152
-0.009908
-0.009559
-0.008741
-0.012073
-0.019879
-0.004239
0.043180
0.048957
0.047213
0.007131
-0.034345
-0.037524
-0.005221
0.011138
0.032773
0.021495
-0.003462
0.000131
0.008317
0.020119
0.009640
-0.012161
-0.008399
0.014683
0.007163
-0.005896
0.000322
0.004173
0.027503
0.023834
-0.021021
-0.013770
0.030696
0.061641
0.018325
-0.014462
-0.049240
-0.028231
0.018667
0.010896
0.002027
-0.007897
0.018999
0.048498
0.057419
0.013029
-0.045345
-0.083953
-0.050583
0.016150
0.061873
0.035768
0.009384
0.023315
0.024769
0.015983
-0.035397
-0.079752
-0.057543
0.018471
0.054955
0.061471
0.047386
0.026203
-0.013369
-0.056159
-0.093515
-0.068506
0.037520
0.087637
0.105170
0.043680
-0.043745
-0.073530
-0.053122
-0.024346
-0.008497
0.020824
0.048354
0.079130
0.029967
-0.037830
-0.065284
-0.047311
0.000114
0.024808
-0.000030
-0.001075
0.028213
0.032563
0.025148
-0.023484
-0.056363
-0.053663
0.003160
0.058548
0.054786
0.022473
0.001908
-0.014211
-0.055355
-0.064900
-0.051584
0.013861
0.052889
0.073966
0.080921
0.009485
-0.061036
-0.068922
-0.065998
-0.053021
0.012446
0.062756
0.097006
0.060854
-0.002407
-0.080407
-0.062800
-0.017849
0.001835
0.001906
-0.019539
0.031132
0.041241
0.033180
-0.015250
-0.042482
-0.053835
-0.030921
-0.007792
0.041606
0.075792
0.009144
-0.026117
-0.056306
-0.002563
0.037793
-0.032526
-0.080327
-0.040048
0.052444
0.108611
0.046648
-0.071009
-0.115893
-0.038549
0.038143
0.032935
-0.008973
-0.063202
-0.024239
0.040244
0.044430
0.002461
-0.012506
-0.047069
-0.094247
-0.036649
0.103700
0.087501
-0.014085
-0.045226
-0.084859
-0.026934
-0.010405
-0.031399
-0.042515
0.027231
0.106975
0.073986
-0.004776
-0.118357
-0.179560
-0.119386
0.044765
0.175690
0.156024
-0.013145
-0.128768
-0.110342
-0.037648
-0.017258
-0.037252
0.008710
0.120199
0.143429
0.015556
-0.137414
-0.187168
-0.106867
0.016397
0.103713
0.097386
0.041583
-0.010601
-0.047874
-0.104778
-0.083339
-0.008857
0.044051
0.100373
0.077705
-0.040588
-0.120140
-0.079485
-0.007775
0.017745
0.019262
0.055833
0.094518
0.059227
-0.083769
-0.184348
-0.118346
0.045883
0.113775
0.058511
0.008513
0.014836
0.011359
-0.051357
-0.124783
-0.081570
0.034062
0.078824
0.061107
0.025293
0.003429
-0.053414
-0.103858
-0.057952
0.063579
0.115923
0.066601
-0.043886
-0.114886
-0.089443
-0.021483
0.022689
0.043257
0.047204
0.058095
0.052215
-0.040836
-0.113130
-0.106753
-0.052357
0.024988
0.085742
0.102508
0.055678
-0.042639
-0.089943
-0.103142
-0.047042
0.045447
0.059198
0.041453
-0.004440
-0.037035
-0.040854
-0.011673
0.008369
0.007107
0.018090
0.011345
-0.020201
-0.041545
-0.049361
-0.013136
0.035030
0.024366
0.002198
-0.011701
0.034780
0.060460
-0.022480
-0.121637
-0.098067
-0.005742
0.075940
0.097628
0.048530
-0.015852
-0.040877
-0.031778
-0.050230
-0.052461
-0.021538
0.030554
0.069868
0.139131
0.092440
-0.073291
-0.154518
-0.110718
-0.003850
0.101761
0.130825
0.052055
-0.040814
-0.068716
-0.031316
0.017930
0.009196
-0.033863
-0.014850
0.052224
0.098318
0.033163
-0.077358
-0.108311
-0.019728
0.095473
0.119733
0.017783
-0.073238
-0.074182
0.015677
0.099713
0.043041
-0.071690
-0.091396
0.049154
0.105535
0.035726
-0.063070
-0.077682
0.036992
0.068896
-0.022162
-0.084354
-0.021110
0.054583
0.097336
0.104934
0.024299
-0.042981
-0.106694
-0.132536
-0.035044
0.073663
0.123280
0.111359
0.058038
-0.014284
-0.079848
-0.121607
-0.131357
-0.032031
0.130338
0.161060
0.096216
-0.024809
-0.102390
-0.052348
-0.017559
-0.020811
0.025153
0.068065
0.065288
0.046313
-0.024985
-0.049703
-0.018580
-0.028742
-0.028192
0.056256
0.096486
-0.013877
-0.096940
-0.037756
0.054874
0.071532
0.022088
0.020057
0.007555
-0.058792
-0.068896
0.000378
0.072603
0.043672
0.007862
0.018996
0.033803
0.038083
-0.021537
-0.076203
-0.062325
-0.001277
0.047942
0.043302
0.047037
0.032727
0.031036
0.028003
-0.012721
-0.071843
-0.089550
-0.017707
0.063924
0.112007
0.067928
0.026068
-0.024400
-0.075750
-0.023236
0.021504
-0.000635
-0.018101
0.047930
0.099471
0.019104
-0.085502
-0.080411
0.042046
0.086323
-0.007111
-0.029976
0.041095
0.036356
-0.033291
-0.050785
-0.002848
0.069435
0.028905
-0.046960
0.018129
0.097425
0.052293
-0.058019
-0.115516
-0.055352
0.039774
0.080621
0.079489
0.031794
-0.026878
-0.070501
-0.032102
0.015871
0.035477
0.054694
-0.011343
-0.017110
0.052787
0.055983
-0.005179
-0.077833
-0.087784
-0.015901
0.084080
0.110531
0.004387
-0.014615
-0.054635
-0.091854
-0.026789
0.034875
0.106710
0.054567
-0.010594
-0.025042
-0.018356
-0.035916
0.002926
0.004260
-0.043675
-0.029688
-0.008242
0.124618
0.287010
0.185181
-0.124331
-0.396823
-0.390001
-0.044969
0.262801
0.295000
0.157688
0.067578
0.006704
-0.063275
-0.290186
-0.342838
-0.020812
0.308792
0.382720
0.116791
-0.175620
-0.205311
-0.098990
-0.101548
-0.091858
0.066641
0.277461
0.319596
0.097543
-0.352360
-0.442004
-0.173741
0.125789
0.291514
0.247939
0.139270
-0.073484
-0.218851
-0.291117
-0.127992
0.103206
0.244806
0.201122
0.031947
-0.098852
-0.157802
-0.186025
-0.150784
0.090531
0.245038
0.181407
0.044778
-0.094218
-0.192353
-0.196201
-0.142810
0.050545
0.248238
0.278627
0.069258
-0.182641
-0.270219
-0.123024
0.086196
0.057997
0.021151
0.031977
0.078284
0.058440
-0.101871
-0.215774
-0.138644
0.057115
0.197034
0.210017
-0.000469
-0.190883
-0.203230
-0.018924
0.102115
0.006948
-0.053136
-0.007466
0.086644
0.073788
0.041605
-0.052456
-0.156196
-0.140632
-0.053798
0.116200
0.133524
0.005553
-0.081446
-0.067163
-0.001607
0.053182
0.073105
0.043560
0.013834
-0.136511
-0.247250
-0.155620
0.051720
0.217614
0.225823
0.120481
0.008122
-0.116421
-0.220857
-0.222189
-0.118993
0.034880
0.157330
0.202245
0.168246
0.088078
-0.147589
-0.357910
-0.300891
0.043506
0.306324
0.264675
0.057415
-0.125503
-0.105137
-0.046661
-0.071762
-0.137838
-0.083513
0.123911
0.214490
0.103307
-0.092902
-0.175538
-0.128350
0.033407
0.086994
-0.048307
0.002682
0.045397
0.096414
0.135208
0.047002
-0.186191
-0.275149
-0.200781
-0.036226
0.235103
0.269442
0.188934
0.018180
-0.196471
-0.230296
-0.122231
-0.120533
-0.068169
0.058925
0.302037
0.441523
0.187328
-0.250368
-0.577834
-0.436163
-0.023476
0.313934
0.411252
0.262822
0.018163
-0.214228
-0.247492
-0.150873
-0.082613
-0.011291
0.063323
0.164312
0.286145
0.145581
-0.185050
-0.357161
-0.203975
0.098171
0.176843
0.128774
0.061813
-0.001132
-0.129428
-0.132232
0.073324
0.145379
0.059857
-0.105007
-0.155272
-0.043291
0.069922
0.090112
0.009929
-0.039273
-0.000875
0.073384
0.059727
-0.065198
-0.200930
-0.135635
0.092147
0.261519
0.227491
0.022549
-0.172684
-0.243879
-0.136490
0.003071
0.119610
0.211313
0.186453
0.003016
-0.220609
-0.273589
-0.091213
0.099389
0.222607
0.244435
0.092647
-0.085331
-0.143432
-0.172256
-0.191336
-0.071732
0.134010
0.301864
0.270094
0.056330
-0.118808
-0.227279
-0.269126
-0.126649
0.101040
0.259984
0.199169
0.025684
-0.107673
-0.057539
-0.011682
-0.123434
-0.086409
0.031001
0.154677
0.272073
0.143702
-0.156122
-0.295551
-0.244572
0.045914
0.306974
0.231167
-0.019858
-0.100437
-0.022454
-0.038348
-0.108859
-0.133070
0.001702
0.171604
0.232898
0.119099
-0.103757
-0.277215
-0.230319
0.069755
0.334159
0.294991
0.061686
-0.125976
-0.258652
-0.202836
0.004793
0.082039
0.104982
0.110487
0.077500
0.048525
-0.022800
-0.063990
-0.160273
-0.169358
0.058359
0.286121
0.206286
-0.073974
-0.179533
-0.104024
-0.003629
0.033646
0.133905
0.186159
0.040981
-0.147963
-0.211487
-0.149981
-0.019728
0.156142
0.252313
0.168296
-0.023541
-0.081127
-0.039463
-0.107548
-0.136824
-0.089171
-0.009609
0.198774
0.285136
0.108303
-0.137724
-0.264545
-0.153368
0.109580
0.191432
0.104113
0.042950
-0.039023
-0.113725
-0.093832
-0.035561
-0.015514
0.075261
0.157325
0.160927
0.035836
-0.224900
-0.263962
-0.069454
0.098848
0.218256
0.208071
0.101438
-0.066044
-0.162911
-0.208881
-0.181990
0.010193
0.189018
0.289307
0.259637
0.058347
-0.251400
-0.373428
-0.238798
0.035206
0.169188
0.211583
0.199699
0.124448
-0.045956
-0.191501
-0.188163
-0.100349
0.045327
0.155424
0.192262
-0.020150
-0.095421
-0.083456
0.079347
0.170564
0.046068
-0.031753
-0.157984
-0.250030
-0.165668
0.053979
0.185532
0.321495
0.249265
-0.004868
-0.229595
-0.335174
-0.245213
-0.000108
0.197378
0.296476
0.225241
0.073643
-0.085422
-0.168465
-0.218521
-0.174150
0.043134
0.143767
0.187067
-0.026467
0.009555
-0.013097
-0.124467
-0.009438
-0.014151
0.051189
0.110129
0.075187
-0.045593
-0.071105
-0.033811
-0.001309
-0.096496
-0.066333
0.156846
0.279806
0.043774
-0.215324
-0.204592
-0.146749
0.079825
0.190977
0.153170
0.069068
-0.174095
-0.243026
-0.078954
0.099517
0.166055
0.116801
-0.010301
-0.144686
-0.063864
0.016948
-0.046447
-0.074165
0.134780
0.289641
0.072549
-0.271041
-0.363768
-0.138223
0.116547
0.332358
0.369091
0.120133
-0.210543
-0.405118
-0.335307
-0.071468
0.213112
0.335538
0.226353
0.059503
-0.090486
-0.234529
-0.277392
-0.198533
-0.012275
0.250085
0.351859
0.215108
-0.080150
-0.383994
-0.315907
0.051002
0.218572
0.074012
-0.019976
0.064869
0.141587
0.000149
-0.261806
-0.286399
-0.021096
0.302314
0.303253
0.009831
-0.264249
-0.257731
-0.119612
0.083741
0.196324
0.131181
-0.014247
-0.134822
-0.034350
0.004844
0.033866
-0.123347
-0.176173
0.035833
0.292827
0.285161
-0.062513
-0.319389
-0.231752
0.047812
0.108663
0.083676
-0.019407
-0.019102
-0.016570
0.027054
-0.018730
-0.085460
-0.079739
-0.045178
0.144837
0.084856
-0.005528
-0.160347
-0.098203
0.117313
0.167829
0.107428
-0.130172
-0.091223
-0.191593
-0.153163
0.035398
0.004876
0.250275
0.322668
0.045634
-0.171082
-0.253510
-0.317739
-0.101355
0.201910
0.258209
0.168078
-0.080344
-0.183849
-0.025281
0.130844
0.069651
-0.092507
-0.230018
-0.146098
0.090410
0.143761
0.092524
-0.003071
0.023032
0.158597
0.074106
-0.279694
-0.470281
-0.160926
0.282779
0.515165
0.343364
-0.097050
-0.376601
-0.385769
-0.173827
0.062892
0.213338
0.208385
0.195594
0.095287
-0.123080
-0.333666
-0.336498
-0.059158
0.280637
0.415276
0.202335
-0.086877
-0.343656
-0.365057
-0.124901
0.191309
0.387196
0.352331
-0.050849
-0.346610
-0.280216
-0.101360
0.050953
0.146189
0.214724
0.160731
0.028712
-0.258621
-0.328169
-0.167082
0.143214
0.429392
0.350061
-0.043916
-0.425758
-0.363693
-0.018546
0.237850
0.213443
0.111190
0.069591
-0.044262
-0.185378
-0.217408
-0.130681
-0.001120
0.185447
0.286939
0.204900
-0.044518
-0.243543
-0.235731
-0.087304
0.083772
0.153499
0.147699
0.053169
-0.067770
-0.163902
-0.160389
-0.066998
0.096012
0.222928
0.212063
0.069755
-0.113665
-0.129184
-0.103111
-0.134718
-0.099677
0.046220
0.196017
0.289824
0.187807
-0.048154
-0.224387
-0.373655
-0.261896
0.065859
0.324313
0.304778
0.084662
-0.102541
-0.121341
-0.103298
-0.127690
-0.121893
-0.051844
0.191911
0.326859
0.243327
-0.014870
-0.279013
-0.325070
-0.134018
0.149156
0.230276
0.135216
0.110239
-0.049662
-0.212774
-0.138440
0.028876
0.154716
0.113935
0.056639
-0.071025
-0.120437
-0.113983
-0.084755
0.110285
0.124713
0.032415
-0.034379
-0.048016
0.021989
0.081130
-0.005814
-0.045892
0.102461
-0.008675
-0.213019
-0.153043
0.102785
0.282343
0.228122
0.019738
-0.121661
-0.221977
-0.266109
-0.083292
0.115910
0.270618
0.268096
0.093306
-0.118820
-0.236852
-0.244227
-0.188402
0.091940
0.382319
0.405656
0.041520
-0.325948
-0.296949
-0.050602
0.094532
0.093438
0.075625
0.077902
0.111392
-0.002837
-0.136464
-0.132271
-0.086945
-0.064163
0.087479
0.185749
0.112361
-0.049300
-0.216210
-0.010587
0.212584
0.151098
0.005606
-0.059606
-0.113461
-0.130364
-0.103075
-0.012547
0.218312
0.201181
0.088050
0.004015
-0.026094
-0.024243
-0.174837
-0.329330
-0.162463
0.134915
0.222054
0.326728
0.169389
-0.120565
-0.125689
-0.139664
-0.062970
0.151760
0.174326
-0.015388
-0.194678
-0.210501
-0.038151
0.203225
0.238378
0.096283
-0.111007
-0.146492
0.058223
0.088421
-0.109339
-0.143733
-0.088102
0.041185
0.212856
0.182151
0.098726
-0.069682
-0.160273
-0.244630
-0.137539
0.167072
0.245181
0.227258
0.078712
-0.099818
-0.231714
-0.267051
-0.169311
0.035421
0.240353
0.297174
0.288739
0.076143
-0.261037
-0.399606
-0.240138
0.007410
0.160121
0.263363
0.293065
0.155666
-0.165708
-0.404076
-0.257477
0.055122
0.201142
0.155852
0.016713
0.000133
0.027508
-0.013014
-0.056565
-0.108969
-0.091712
0.023798
0.201145
0.223914
0.017290
-0.211533
-0.305784
-0.119693
0.120979
0.236015
0.161613
0.005834
-0.088298
-0.171819
-0.176154
-0.011928
0.190842
0.187375
0.007747
-0.110338
-0.071085
0.000502
0.073038
0.130719
0.056269
-0.195480
-0.292337
-0.118870
0.133534
0.205253
0.152033
0.157028
0.011461
-0.188388
-0.306203
-0.239775
-0.023357
0.174036
0.322677
0.280827
0.074795
-0.126208
-0.237197
-0.299014
-0.209651
0.039253
0.229640
0.303240
0.179857
0.001946
-0.153314
-0.254008
-0.280446
-0.171263
0.125239
0.337299
0.392735
0.167089
-0.212978
-0.457834
-0.355941
-0.034562
0.279697
0.376572
0.191010
-0.033414
-0.256684
-0.229428
-0.079015
0.007502
0.028430
0.138437
0.193541
0.077883
-0.041600
-0.259517
-0.268327
-0.031085
0.190309
0.273092
0.130457
-0.149715
-0.239559
-0.118903
0.071542
0.212646
0.174562
-0.079144
-0.294376
-0.270942
-0.039061
0.273544
0.288834
0.178922
0.100457
-0.086225
-0.369305
-0.408779
-0.141644
0.146795
0.351708
0.309162
0.205074
-0.011934
-0.331108
-0.481574
-0.328435
0.074820
0.358442
0.367942
0.215112
0.020744
-0.218620
-0.372103
-0.281529
-0.000926
0.207792
0.211258
0.180866
0.114693
-0.039452
-0.220946
-0.315886
-0.165985
0.112646
0.320431
0.235072
-0.027543
-0.207792
-0.231997
-0.110220
0.025784
0.127123
0.180568
0.079044
-0.074344
-0.120526
-0.090065
0.020146
0.141393
0.109627
-0.103138
-0.192221
-0.114837
0.067535
0.171150
0.117397
0.078875
0.016558
-0.160647
-0.299163
-0.222655
0.010410
0.233348
0.313918
0.236918
-0.041232
-0.318991
-0.364280
-0.087469
0.218755
0.341651
0.217737
-0.040335
-0.236162
-0.260063
-0.132086
-0.024725
0.185871
0.297285
0.198614
-0.026224
-0.254621
-0.345068
-0.224918
0.119987
0.354056
0.245984
-0.055728
-0.167808
-0.094430
0.040849
0.077760
0.045716
0.010878
-0.119793
-0.167127
-0.110210
0.089026
0.158244
0.156777
0.143482
0.005324
-0.164742
-0.201337
-0.126590
0.016727
0.168956
0.051941
0.045728
-0.050478
-0.143975
0.075047
0.182593
0.090475
-0.078739
-0.110373
-0.041787
-0.017814
-0.076998
-0.105904
0.054378
0.201485
0.194259
0.051056
-0.155679
-0.205303
-0.142640
-0.022895
0.123955
0.223579
0.138377
-0.057557
-0.144253
-0.122136
-0.019876
0.039253
0.057970
0.060381
0.032849
0.047481
0.002776
-0.160294
-0.241928
-0.052984
0.224035
0.277492
0.140788
0.025952
-0.128989
-0.330416
-0.233089
0.006284
0.193994
0.298208
0.279476
0.099984
-0.144535
-0.333978
-0.405372
-0.241668
0.126923
0.571631
0.611426
0.032389
-0.569751
-0.548323
-0.135161
0.229447
0.241314
0.130418
0.141809
0.131158
0.049868
-0.163648
-0.300253
-0.244720
-0.025833
0.203073
0.312500
0.182059
-0.006672
-0.066428
-0.043729
-0.131446
-0.275430
-0.225443
0.019468
0.330433
0.371993
0.196562
-0.027568
-0.252793
-0.375178
-0.260414
0.054905
0.298205
0.374367
0.280579
-0.001811
-0.348461
-0.443539
-0.233248
0.077564
0.373580
0.449578
0.248249
-0.111145
-0.383013
-0.483521
-0.253996
0.090508
0.400200
0.566901
0.306966
-0.172452
-0.478451
-0.358556
-0.149484
0.058341
0.248982
0.383094
0.311968
0.034126
-0.195209
-0.313002
-0.340875
-0.169658
0.169862
0.395075
0.327493
0.048652
-0.145941
-0.174165
-0.148900
-0.127915
0.001043
0.194252
0.259514
0.073021
-0.125455
-0.137825
-0.072441
-0.053006
0.024286
0.140809
0.140824
-0.020173
-0.141280
-0.091011
0.072449
0.156738
0.084045
-0.041974
-0.064354
-0.021428
-0.061544
0.006675
0.123575
0.154227
0.067003
-0.061847
-0.136502
-0.141837
-0.080712
0.048680
0.197423
0.175491
-0.062469
-0.181880
-0.123391
0.045629
0.121268
0.099786
0.040465
-0.056212
-0.095012
-0.049416
0.045741
0.047970
0.072098
0.091730
0.049623
-0.126218
-0.225803
-0.109622
0.071326
0.134411
0.119862
0.120095
0.011009
-0.128659
-0.182663
-0.111535
0.045140
0.194605
0.175476
-0.034948
-0.156694
-0.130598
-0.007100
0.174363
0.133556
-0.036149
-0.147011
-0.131370
0.001025
0.084779
0.060264
-0.007764
-0.003252
0.050689
0.046113
-0.050834
-0.130926
-0.108272
0.029659
0.178700
0.144771
-0.026213
-0.115029
-0.120353
-0.004485
0.091922
0.030422
-0.039455
-0.142290
-0.108467
0.058280
0.199315
0.189813
0.042182
-0.135348
-0.211722
-0.117321
0.002079
0.027318
0.071710
0.081359
0.055193
0.042765
-0.149671
-0.093593
0.048233
0.069445
0.040475
-0.034942
-0.117289
-0.139132
-0.042173
0.057959
0.205358
0.196752
0.086974
-0.150329
-0.304689
-0.249732
-0.027221
0.203427
0.207122
0.191777
0.052507
-0.169557
-0.263434
-0.203016
-0.023543
0.174649
0.279763
0.188866
-0.089253
-0.268556
-0.271184
-0.020053
0.196001
0.163541
0.056894
-0.060878
-0.084652
-0.122441
-0.101811
-0.011995
0.164165
0.217068
0.062615
-0.154540
-0.243357
-0.126080
0.043396
0.127559
0.115191
0.129308
0.047761
-0.096443
-0.228865
-0.199587
-0.012254
0.188414
0.226241
0.034020
-0.137298
-0.214253
-0.124687
0.113496
0.211790
0.123446
0.033978
-0.051115
-0.129580
-0.198509
-0.149194
0.074452
0.173086
0.193677
0.087065
-0.093037
-0.145396
-0.178223
-0.043096
0.063857
0.090634
0.136410
0.054923
-0.059768
-0.169192
-0.242251
-0.020630
0.221004
0.158643
0.026143
-0.053740
-0.055560
-0.082491
-0.144942
-0.118576
0.112708
0.283963
0.152379
-0.067094
-0.232951
-0.186520
-0.003916
0.059611
0.107746
0.116286
0.048678
-0.001127
-0.067931
-0.145589
-0.145952
-0.047467
0.068722
0.196444
0.189284
0.039782
-0.136352
-0.247391
-0.139662
0.086205
0.156667
0.061867
0.012803
0.014446
0.005567
-0.097570
-0.176031
-0.016479
0.190068
0.207750
0.022576
-0.212468
-0.271845
-0.080880
0.119512
0.243898
0.186905
0.047977
-0.042054
-0.174701
-0.232550
-0.163694
0.017509
0.206318
0.313764
0.201403
-0.061578
-0.344926
-0.320939
-0.047339
0.151760
0.236542
0.160178
0.052319
-0.056676
-0.129452
-0.149206
-0.109082
0.023937
0.136515
0.173590
0.104237
-0.064755
-0.131418
-0.139211
-0.080027
0.018738
0.047620
0.101080
0.103127
0.037545
-0.024062
-0.080945
-0.106934
-0.081202
-0.017108
0.071696
0.187221
0.158083
-0.010096
-0.113429
-0.173044
-0.156368
-0.053007
0.095603
0.215934
0.188896
0.032456
-0.149307
-0.224962
-0.164974
-0.013836
0.163144
0.218970
0.140091
-0.004581
-0.116172
-0.146177
-0.152805
-0.075966
0.067492
0.216274
0.228385
0.050470
-0.153278
-0.202873
-0.122578
-0.009021
0.089638
0.098171
0.131572
0.119309
0.010988
-0.137103
-0.202230
-0.083754
0.033438
0.109150
0.122226
0.120936
0.056296
-0.108707
-0.185116
-0.126016
0.037790
0.152054
0.150313
0.061726
-0.020953
-0.060635
-0.101275
-0.072457
0.016564
0.019209
0.018153
0.079550
0.125259
0.138914
-0.032496
-0.241487
-0.264524
-0.066838
0.156515
0.258349
0.230510
0.115013
-0.087337
-0.282187
-0.259348
-0.017233
0.147329
0.133247
0.175798
0.080929
-0.037047
-0.208162
-0.206948
-0.037946
0.098366
0.232517
0.242119
0.145533
-0.123890
-0.294244
-0.299450
-0.059485
0.200393
0.276154
0.194076
0.100757
-0.010290
-0.148503
-0.264482
-0.270507
-0.020984
0.181148
0.304209
0.195115
0.008366
-0.136669
-0.236981
-0.138810
0.030664
0.166085
0.110623
0.029683
0.023018
0.040782
0.016725
-0.123529
-0.185944
-0.068751
0.117946
0.241183
0.158012
-0.045796
-0.203942
-0.180675
-0.002175
0.113446
0.083302
-0.008015
0.032524
0.019312
-0.006345
0.001944
-0.016925
-0.039858
-0.018685
0.084172
0.178613
0.018124
-0.364136
-0.269949
0.032906
0.364274
0.382441
0.020854
-0.168865
-0.223031
-0.172496
-0.066759
0.085109
0.035020
0.041769
0.127694
0.173086
0.122872
-0.157148
-0.265816
-0.140223
0.032750
0.150285
0.094769
0.014281
-0.043196
-0.044914
-0.087171
-0.082273
0.085079
0.085093
0.092218
0.081239
0.064263
-0.020751
-0.189680
-0.301165
-0.186200
0.125173
0.257750
0.305048
0.201777
-0.019757
-0.274721
-0.405794
-0.276762
0.026643
0.269464
0.316477
0.240955
0.033646
-0.162823
-0.311820
-0.289092
-0.062996
0.177774
0.313404
0.175255
-0.031584
-0.119785
-0.122109
-0.080457
-0.077518
-0.056263
0.027057
0.087916
0.045331
0.026227
-0.009285
-0.027423
-0.062366
-0.091264
0.006877
0.133139
0.148733
0.032597
-0.036633
-0.134263
-0.192726
-0.133354
-0.007550
0.153395
0.215784
0.122036
-0.029303
-0.151687
-0.166165
-0.116427
-0.105523
0.031122
0.218911
0.201529
0.052655
-0.109476
-0.207896
-0.135435
-0.064654
0.100827
0.218935
0.128476
0.049869
-0.118267
-0.292094
-0.314028
-0.103628
0.148457
0.357661
0.342188
0.132458
-0.003952
-0.202483
-0.433890
-0.396651
-0.083275
0.296443
0.520275
0.256878
-0.002576
-0.240419
-0.288080
-0.113545
-0.136367
0.044767
0.248379
0.301488
0.124624
-0.309969
-0.427492
-0.114009
0.179602
0.260526
0.195164
0.143510
-0.046825
-0.242494
-0.352216
-0.177344
0.193566
0.216443
0.255572
0.182093
-0.062499
-0.144318
-0.165317
-0.179430
-0.073895
0.066386
0.139258
0.181734
0.034950
-0.153424
-0.146534
-0.029312
0.080622
0.128042
0.052706
-0.043747
-0.057701
-0.025707
-0.018756
0.009378
0.036851
0.013001
0.078014
0.091654
0.007151
-0.101361
-0.165178
-0.097974
-0.006263
0.062007
0.152080
0.198576
0.042383
-0.181107
-0.198334
-0.062435
0.140100
0.202931
0.060304
-0.022526
-0.127143
-0.133622
-0.114052
0.002833
0.115982
0.099224
0.196878
0.173499
0.022977
-0.168485
-0.251704
-0.237370
-0.092563
0.018594
0.147197
0.295921
0.169237
0.098126
0.047180
-0.114302
-0.341159
-0.362332
-0.082914
0.224372
0.321053
0.264235
0.173216
-0.108868
-0.315336
-0.289574
-0.093133
0.081200
0.166185
0.129729
0.048256
0.053330
0.058780
0.055416
-0.144533
-0.329988
-0.223665
0.083170
0.346252
0.280011
0.027654
-0.149742
-0.113474
-0.059028
-0.077778
-0.041100
-0.007162
0.063984
0.089228
0.091456
0.043349
-0.091637
-0.179227
-0.082871
0.128974
0.188568
0.045226
-0.105376
-0.141385
-0.072328
0.054628
0.077266
0.037519
0.033916
0.035548
0.045749
-0.039797
-0.141563
-0.159453
-0.077912
0.073442
0.198274
0.205283
-0.001013
-0.100995
-0.152892
-0.137066
0.018722
0.166097
0.208942
0.041046
-0.159023
-0.205819
-0.049663
0.057906
0.105105
0.133837
0.120116
0.011877
-0.159406
-0.249110
-0.180203
0.006501
0.193054
0.287034
0.191736
0.010663
-0.151903
-0.259989
-0.270447
-0.013416
0.258438
0.276292
0.174042
0.021194
-0.102070
-0.212480
-0.254690
-0.131463
0.104235
0.231567
0.252578
0.238071
0.045974
-0.282149
-0.407918
-0.253361
0.025496
0.315731
0.348628
0.193581
0.068168
-0.129608
-0.299888
-0.299727
-0.126523
0.150704
0.329645
0.274108
0.057966
-0.071741
-0.176207
-0.220270
-0.157679
0.013207
0.186603
0.185402
0.079620
-0.043712
-0.006823
0.004148
-0.066989
-0.062073
0.052441
0.122908
-0.043874
-0.196370
-0.092302
0.160087
0.173612
0.045088
0.009226
-0.027968
-0.037137
-0.097124
-0.114675
-0.015930
0.102252
0.131696
0.043386
-0.097373
-0.155951
-0.017109
0.142178
0.184034
0.084753
-0.044397
-0.171630
-0.229665
-0.111247
0.085134
0.250085
0.202046
0.037887
-0.086344
-0.160704
-0.168368
-0.153041
-0.016289
0.149820
0.210015
0.113828
0.009356
-0.029826
-0.094074
-0.121494
-0.085216
0.031282
0.049025
-0.025757
-0.026261
0.066110
0.099162
0.053885
0.033621
-0.056847
-0.213641
-0.277598
-0.133056
0.154381
0.379858
0.283695
0.026335
-0.113591
-0.186030
-0.247753
-0.265562
-0.125681
0.184129
0.432645
0.354703
0.012925
-0.196716
-0.244834
-0.269546
-0.193369
-0.043172
0.177454
0.308528
0.250274
0.022813
-0.152188
-0.146410
-0.139896
-0.144103
-0.091659
0.071873
0.181405
0.125048
0.030734
0.081642
0.065194
-0.138453
-0.300286
-0.192900
0.049539
0.106065
0.139986
0.143110
0.105425
-0.015339
-0.145874
-0.136854
-0.092135
-0.080845
-0.016888
0.134882
0.226468
0.190145
-0.003896
-0.263377
-0.351678
-0.177289
0.078152
0.246297
0.248051
0.153278
0.022402
-0.149277
-0.247905
-0.192613
-0.061039
0.055533
0.147082
0.170285
0.106516
0.015935
-0.045032
-0.108922
-0.162455
-0.176944
-0.067102
0.124748
0.186205
0.116809
0.032196
-0.049424
-0.128415
-0.122875
-0.072294
-0.017136
0.005034
0.043997
0.092870
0.112518
0.034582
-0.074449
-0.064216
-0.022346
-0.038373
-0.079144
-0.050627
0.011746
0.091352
0.087472
0.055851
0.044974
-0.031634
-0.113762
-0.150482
-0.053787
0.038265
-0.010756
-0.040739
0.032063
0.132964
0.150556
0.038723
-0.102027
-0.159173
-0.151486
-0.086022
0.078069
0.245878
0.172436
0.009635
-0.089701
-0.131540
-0.106985
-0.088943
-0.024999
0.093585
0.198477
0.141518
-0.094332
-0.213551
-0.101377
-0.003270
0.087773
0.119741
0.066391
-0.031185
-0.088687
-0.017996
0.048134
0.039402
-0.037494
-0.063866
0.010990
0.066376
0.056990
-0.004543
-0.076174
-0.080131
-0.051027
0.059827
0.184985
0.130110
-0.070148
-0.181959
-0.103983
0.031422
0.076853
0.022042
-0.044458
-0.032199
0.098204
0.189775
0.103022
-0.086314
-0.260711
-0.212734
0.039872
0.221566
0.169144
-0.037444
-0.134513
-0.061187
0.042844
0.059306
0.061687
0.061863
-0.003542
-0.077597
-0.066329
0.015947
0.037775
0.015614
0.025839
0.100330
0.033995
-0.102804
-0.166319
-0.024781
0.192302
0.102723
-0.085784
-0.120500
0.066155
0.188492
0.073332
-0.156625
-0.204393
-0.038151
0.109964
0.160796
0.083844
0.044243
-0.065864
-0.182076
-0.130933
0.084801
0.215128
0.053886
-0.065436
-0.088718
-0.003631
-0.008396
-0.083434
0.033638
0.189517
0.121598
-0.097323
-0.155203
-0.006760
0.180062
0.087509
-0.140580
-0.229162
-0.096296
0.101752
0.197072
0.167347
0.078370
-0.029378
-0.160768
-0.160231
-0.040108
-0.017808
0.038331
0.181792
0.170622
-0.024100
-0.213256
-0.113123
0.112560
0.183238
0.049016
-0.114292
-0.159307
-0.099970
0.001975
0.035027
0.106470
0.142944
0.154390
0.137889
-0.111372
-0.281373
-0.301563
-0.111843
0.176966
0.315558
0.220939
0.067226
-0.086532
-0.237083
-0.120671
0.063669
0.138308
0.071691
0.014318
-0.020432
0.028043
-0.020113
-0.123121
-0.147799
-0.061870
0.148532
0.259147
0.225880
-0.025868
-0.264361
-0.287760
-0.140949
0.032594
0.198000
0.207493
0.137303
0.069622
-0.089018
-0.139381
-0.127254
-0.056838
0.037356
0.081310
0.063543
0.034202
0.041456
-0.018729
-0.131258
-0.165023
-0.026996
0.223293
0.268176
-0.026173
-0.246878
-0.158883
0.070760
0.158915
0.021490
-0.130944
-0.066165
0.105116
0.157466
0.082064
-0.027734
-0.078268
-0.134173
-0.168666
-0.090234
0.048375
0.169267
0.207040
0.076626
-0.124220
-0.164850
-0.092166
0.023899
0.113505
0.097974
0.021008
-0.074831
-0.045714
0.035956
-0.018570
-0.097149
-0.050821
0.105924
0.166489
0.049707
-0.116243
-0.227178
-0.146506
0.084922
0.232977
0.152938
-0.041941
-0.190502
-0.119085
0.078607
0.129832
-0.000227
-0.098581
-0.048464
0.066736
0.131019
-0.025296
-0.121272
-0.084180
-0.026462
0.066226
0.099822
0.052426
-0.059571
-0.109408
-0.042228
0.128763
0.128801
-0.014707
-0.098754
-0.101458
0.029556
0.080987
-0.004832
-0.156585
-0.087115
0.106657
0.156853
0.123426
0.001217
