-0.003262
-0.003145
-0.003789
-0.004123
-0.003446
-0.002041
-0.001940
-0.003266
-0.004816
-0.004257
-0.002270
-0.001389
-0.001812
-0.002629
-0.002907
-0.002409
-0.001962
-0.001906
-0.001711
-0.002109
-0.002317
-0.001735
-0.001072
-0.000675
-0.000959
-0.001180
-0.000998
-0.001062
-0.001255
-0.001387
-0.001241
-0.001365
-0.001741
-0.001771
-0.000948
0.000419
0.000824
0.000223
-0.001172
-0.001883
-0.001537
-0.000394
0.001645
0.002396
0.001685
-0.000000
-0.000859
0.000011
0.000824
0.000870
0.000768
0.001011
0.001153
0.000929
0.000276
-0.000525
-0.000467
0.000711
0.002426
0.003546
0.003253
0.002827
0.002672
0.002997
0.002807
0.002180
0.002771
0.003996
0.004810
0.004478
0.003908
0.004315
0.003885
0.003406
0.004143
0.005447
0.006142
0.004629
0.002853
0.003544
0.005532
0.006214
0.005565
0.005641
0.007785
0.009056
0.008104
0.005904
0.004607
0.003976
0.003425
0.004715
0.008025
0.010624
0.010590
0.008540
0.006730
0.005775
0.003321
0.001863
0.003609
0.007857
0.011246
0.011315
0.009108
0.005314
0.002298
0.002969
0.006960
0.011189
0.012162
0.010090
0.007410
0.005793
0.005894
0.007068
0.007727
0.008281
0.008992
0.009077
0.008833
0.007503
0.005470
0.003863
0.004356
0.007251
0.009899
0.010538
0.009567
0.007724
0.006080
0.006037
0.007479
0.009847
0.010741
0.009706
0.007728
0.005436
0.003990
0.003828
0.005024
0.006794
0.008744
0.009503
0.008749
0.005745
0.002261
0.000120
0.001250
0.002871
0.004973
0.009435
0.011302
0.010722
0.011255
0.012043
0.009309
0.004068
0.000689
0.001315
0.003649
0.007336
0.012982
0.016694
0.011206
0.000825
-0.005439
-0.004747
0.001698
0.010466
0.016572
0.015478
0.006803
-0.004006
-0.008590
-0.003589
0.006581
0.014418
0.015662
0.011339
0.005574
0.000593
-0.001129
0.001014
0.004970
0.007642
0.008704
0.008381
0.007204
0.004093
-0.000163
-0.002401
-0.000354
0.004583
0.008944
0.010132
0.006194
0.000228
-0.003743
-0.002672
0.002212
0.006553
0.007316
0.005009
0.001827
0.000089
0.000580
0.001354
0.001664
0.001900
0.002362
0.002763
0.002017
0.000411
-0.001643
-0.002726
-0.002131
-0.000271
0.001828
0.001423
-0.000722
-0.002911
-0.003385
-0.002859
-0.001714
-0.000587
-0.001212
-0.001700
-0.002095
-0.001479
-0.001590
-0.002129
-0.003089
-0.002723
-0.002618
-0.001963
-0.000342
-0.003022
-0.004876
-0.005268
-0.004656
-0.004561
-0.004200
-0.003310
-0.002698
-0.002596
-0.002998
-0.003620
-0.006068
-0.009059
-0.009412
-0.006240
-0.002795
-0.001140
-0.002837
-0.005655
-0.006928
-0.006322
-0.005288
-0.005047
-0.005646
-0.006198
-0.005767
-0.004051
-0.002804
-0.003687
-0.005842
-0.007882
-0.008112
-0.007278
-0.006135
-0.004746
-0.004192
-0.004792
-0.005703
-0.006718
-0.006821
-0.006245
-0.005694
-0.004699
-0.004389
-0.004666
-0.005779
-0.006944
-0.006945
-0.006978
-0.006913
-0.007226
-0.006889
-0.005890
-0.005070
-0.004864
-0.005702
-0.006977
-0.007409
-0.006610
-0.005718
-0.005397
-0.006506
-0.007726
-0.008472
-0.008129
-0.008279
-0.008933
-0.009488
-0.009364
-0.007793
-0.006659
-0.007227
-0.009227
-0.010767
-0.010719
-0.008835
-0.007163
-0.007083
-0.008219
-0.009870
-0.009948
-0.008427
-0.007448
-0.007759
-0.009116
-0.009967
-0.009502
-0.007940
-0.008092
-0.009309
-0.009796
-0.009511
-0.009609
-0.011008
-0.012702
-0.012968
-0.010881
-0.008491
-0.007651
-0.009681
-0.014104
-0.017984
-0.018708
-0.018533
-0.012247
-0.003453
-0.002528
-0.000406
0.003806
0.001368
-0.010044
-0.021004
-0.023277
-0.022867
-0.018451
-0.009889
0.002760
0.008954
-0.001511
-0.015490
-0.022484
-0.020201
-0.012087
-0.000177
0.007084
0.007073
-0.003205
-0.020618
-0.029383
-0.026599
-0.012319
0.001382
0.010694
0.013965
0.009503
-0.004107
-0.021893
-0.029731
-0.025372
-0.009263
0.006829
0.017763
0.016244
0.000118
-0.019782
-0.028759
-0.019373
-0.000869
0.014057
0.016401
0.009107
-0.003259
-0.013179
-0.018035
-0.017256
-0.012291
-0.004344
0.004866
0.012052
0.011632
-0.001722
-0.017281
-0.024927
-0.019272
-0.002446
0.015179
0.023390
0.021015
0.013874
-0.002191
-0.021811
-0.032012
-0.029462
-0.013638
0.009917
0.030116
0.036338
0.020450
-0.009893
-0.031869
-0.035186
-0.022061
-0.001910
0.015926
0.022909
0.015278
0.000193
-0.008600
-0.012729
-0.002621
0.002224
0.004029
-0.003363
-0.004271
0.004520
0.000635
0.021455
0.018526
0.016103
0.007809
-0.005136
-0.010376
-0.021897
-0.015553
-0.002173
0.016527
0.019922
0.023073
0.019972
0.005312
-0.011297
-0.019327
-0.013217
0.002537
0.015126
0.022898
0.030064
0.027907
0.011458
-0.013185
-0.025386
-0.017041
0.009631
0.025099
0.027459
0.016349
-0.001196
-0.004276
0.002696
0.011847
0.015007
0.013251
0.006028
0.004138
0.007403
0.009258
0.003831
-0.001548
0.009999
0.025305
0.027314
0.010583
-0.010290
-0.018137
-0.008860
0.009489
0.023829
0.030067
0.023123
0.007515
-0.005259
-0.011315
-0.008933
-0.000203
0.009484
0.021578
0.023634
0.014817
0.000485
-0.013862
-0.014852
-0.006162
0.009161
0.021481
0.023421
0.015328
0.004362
-0.000290
0.000775
0.004698
0.005270
0.005120
0.002173
0.003117
0.005929
0.009407
0.014381
0.010523
0.009557
0.002422
-0.003541
-0.003028
0.002868
0.013363
0.027456
0.014977
0.009021
-0.002341
-0.022072
-0.015940
-0.001063
0.035103
0.044392
0.052147
0.035794
-0.006159
-0.047782
-0.057379
-0.015559
0.024529
0.046496
0.054416
0.047819
0.015350
-0.026947
-0.060076
-0.045147
0.003168
0.046548
0.060326
0.042769
0.013910
-0.020138
-0.040909
-0.034267
0.005040
0.044973
0.050184
0.029396
0.002521
-0.022995
-0.034226
-0.020702
0.009955
0.035795
0.034310
0.026294
0.013518
-0.014363
-0.042825
-0.042298
-0.012005
0.026431
0.048944
0.048034
0.015873
-0.032333
-0.043200
-0.025385
0.026030
0.061512
0.057787
0.023093
-0.027571
-0.053550
-0.054986
-0.035473
-0.001189
0.050775
0.077949
0.055232
-0.004014
-0.061661
-0.081588
-0.052350
0.000994
0.043438
0.063320
0.043052
-0.001222
-0.037246
-0.051334
-0.044445
-0.020138
0.011678
0.032617
0.034973
0.012601
-0.015478
-0.039653
-0.044188
-0.028585
-0.000971
0.029708
0.041366
0.033497
0.008134
-0.018258
-0.041465
-0.027922
0.008304
0.037135
0.037541
0.019800
0.000030
-0.005435
-0.014204
-0.027939
0.004030
0.039718
0.056123
0.049711
0.040846
0.013091
-0.027635
-0.049024
-0.032400
0.012768
0.042098
0.062629
0.088538
0.065847
-0.007732
-0.056385
-0.059213
-0.016387
0.018865
0.032958
0.035938
0.021578
-0.003272
-0.006526
-0.007467
-0.006409
0.005876
-0.012197
-0.000134
0.013800
0.014194
-0.003001
-0.030467
-0.030665
-0.025321
-0.024607
-0.020948
0.015333
0.034870
0.016899
-0.033253
-0.071332
-0.060555
-0.023528
0.009198
0.014717
0.006866
-0.018134
-0.045949
-0.059516
-0.051214
-0.033055
-0.011940
0.008528
0.017267
0.006429
-0.031537
-0.067000
-0.074226
-0.048272
-0.013784
0.008739
0.013923
-0.000891
-0.017791
-0.034503
-0.045879
-0.044543
-0.030020
-0.005352
0.008567
0.001680
-0.014833
-0.022068
-0.023520
-0.027238
-0.024686
-0.014562
0.004603
0.021206
0.019047
0.001126
-0.018789
-0.026929
-0.013731
0.005639
0.015376
0.012809
0.003884
-0.000603
0.009544
0.009431
-0.003652
-0.014378
-0.011644
0.009890
0.031277
0.038677
0.021514
0.001515
-0.015756
-0.019349
-0.009255
-0.000619
-0.005138
-0.008391
0.005789
0.017258
0.015278
0.008636
0.000582
0.000875
0.004946
0.007057
0.004383
-0.005112
-0.014725
-0.017836
-0.012974
-0.015033
-0.011831
-0.011356
-0.007424
-0.000196
0.002237
-0.005349
-0.017104
-0.018439
-0.011728
0.007360
0.017142
0.013078
-0.004016
-0.023097
-0.032845
-0.038546
-0.033840
-0.015370
0.010587
0.034428
0.038187
0.021627
0.000572
-0.024245
-0.037536
-0.041448
-0.036644
-0.026227
-0.014645
0.001959
0.027215
0.044489
0.038038
0.011910
-0.025398
-0.048519
-0.061500
-0.048719
-0.015970
0.023918
0.057856
0.062850
0.044236
0.004868
-0.038541
-0.069676
-0.069380
-0.045504
-0.005828
0.035198
0.056910
0.058881
0.039445
0.008164
-0.025059
-0.038497
-0.040417
-0.025574
-0.005541
0.003842
0.011149
0.012055
0.019740
0.018980
0.011454
-0.000594
-0.008419
-0.023113
-0.039644
-0.033160
-0.013182
0.016897
0.032454
0.030830
0.017192
-0.009496
-0.036120
-0.043687
-0.034583
-0.011262
0.012120
0.021830
0.023011
0.013962
-0.000585
-0.013112
-0.018146
-0.014684
-0.005550
-0.002888
-0.001007
0.000147
0.000303
0.002880
0.006472
0.012324
0.009553
0.001898
-0.002696
-0.003049
-0.001759
-0.002432
-0.000718
0.003579
0.010640
0.014466
0.015251
0.011311
0.002832
-0.004206
-0.003361
0.003291
0.005127
0.007615
0.013438
0.019951
0.017901
0.011853
0.005535
0.000401
-0.001406
0.002327
0.006426
0.011833
0.015044
0.010229
0.012365
0.008167
0.014174
0.007630
0.002470
-0.001517
-0.008020
0.000307
0.010488
0.030468
0.031511
0.026318
-0.000244
-0.022353
-0.033357
-0.019771
0.001008
0.027741
0.045233
0.037931
0.007103
-0.020239
-0.029186
-0.019111
-0.007810
-0.010493
0.049552
0.024025
0.000567
0.001392
-0.007709
-0.007938
-0.032439
-0.024071
0.003213
0.025569
0.006127
0.009964
0.018933
0.000043
-0.018883
-0.030802
-0.021710
0.010527
0.035970
0.018746
-0.003074
-0.009384
-0.023651
-0.008233
0.013605
0.028343
0.031370
0.010159
-0.002409
0.001733
0.001295
0.009231
0.014773
0.002178
-0.007345
-0.012531
-0.007831
0.008444
0.037963
0.029542
0.018290
0.003172
0.015348
0.039661
0.015716
-0.017893
-0.044210
-0.017552
0.024646
0.066712
0.043641
0.033297
-0.003899
-0.010098
-0.024659
-0.003732
-0.001076
0.012392
0.013647
-0.019109
0.080099
0.009648
0.028226
-0.044725
0.019425
0.019859
-0.007516
0.091378
0.035030
0.034678
-0.042556
-0.015290
-0.010076
-0.014268
-0.005714
0.016753
0.041704
0.050682
0.049614
-0.019676
-0.057601
-0.032672
-0.003730
-0.002839
0.011712
0.047312
0.033149
0.007091
-0.048013
-0.026681
-0.027353
-0.006506
-0.048685
0.012362
0.064807
-0.012291
0.109047
0.070375
0.039840
-0.050815
-0.090427
-0.121881
-0.070392
-0.013134
0.065430
0.158362
0.115417
0.043469
-0.055604
-0.180687
-0.240877
-0.041295
0.006690
0.184107
0.235513
0.057191
-0.031985
-0.064482
-0.149602
-0.093005
-0.039106
0.001828
0.153767
0.121671
0.069002
0.011704
-0.053525
-0.118394
-0.087263
-0.072233
0.047483
0.126016
0.089706
0.036785
-0.050019
-0.121275
-0.104289
-0.050794
0.073044
0.143125
0.016022
0.027561
-0.010401
-0.065974
-0.022908
-0.042443
-0.029572
-0.002159
0.034463
0.102210
0.119280
0.004613
-0.118954
-0.142002
-0.117240
0.031019
0.083831
0.125621
0.075941
0.036394
-0.080361
-0.094175
-0.057388
-0.063867
0.033241
-0.041535
0.173984
0.019723
-0.004183
0.070555
-0.054776
0.021882
-0.031729
-0.054516
-0.138114
-0.102904
-0.008709
0.101531
0.172487
0.084787
0.083765
0.003592
-0.178770
-0.188579
-0.158414
-0.022584
0.099118
0.182632
0.144409
0.060010
-0.016751
-0.169364
-0.176592
-0.128752
0.025771
0.096024
0.077520
0.070954
0.064797
-0.032295
-0.194612
-0.190590
-0.060290
0.121462
0.207945
0.076939
-0.063671
-0.123857
-0.126905
-0.002115
-0.004213
0.014919
-0.017638
0.019275
0.025899
-0.003094
-0.041118
-0.131472
-0.013844
0.101859
0.063512
-0.071141
-0.124596
-0.139903
0.063241
0.124567
0.036754
-0.110062
-0.035466
0.035267
0.045336
-0.020977
-0.142073
-0.069665
-0.029549
0.078519
0.075223
0.006293
-0.121406
-0.077676
-0.032333
0.066786
0.118813
0.046936
-0.124287
-0.151535
-0.053775
-0.029615
0.024907
0.026916
0.102561
0.110635
0.042297
-0.074625
-0.123302
-0.188272
-0.098281
0.075752
0.052273
0.114615
0.193310
0.020526
-0.156667
-0.173806
-0.041081
0.064352
0.023588
0.018078
0.083695
-0.008849
-0.100131
-0.167630
-0.092526
0.169407
0.144798
0.052044
-0.033715
-0.173658
-0.104070
0.054881
0.023013
0.172461
0.100900
-0.093449
-0.005462
-0.080075
-0.164008
-0.066252
0.009830
0.050867
0.097272
0.079226
0.181406
0.113773
-0.098189
-0.260832
-0.278178
-0.092376
0.127773
0.232778
0.057717
-0.071464
0.015291
0.085115
-0.036417
-0.170511
-0.170760
0.008527
0.177992
0.146307
0.039979
-0.046963
0.038352
-0.031361
-0.250378
-0.214795
0.098810
0.299950
0.189524
-0.091850
-0.138810
-0.028674
-0.125807
-0.113495
0.017412
0.160939
0.214931
0.169641
0.061357
-0.092132
-0.298563
-0.293068
-0.070620
0.133343
0.255597
0.302052
0.227078
-0.093787
-0.381835
-0.328979
-0.018446
0.233905
0.306493
0.049853
-0.149918
-0.129631
0.035281
0.105778
-0.012758
0.017560
0.160256
0.117706
-0.174971
-0.282780
-0.118725
0.087704
0.174991
0.176404
0.174547
0.017449
-0.107495
-0.166411
-0.152136
0.118092
0.111134
0.014131
-0.006342
-0.062636
-0.067741
-0.009166
0.043215
0.086865
0.179889
0.059122
-0.107364
-0.143257
-0.103883
-0.021783
0.044465
0.122007
0.178888
0.113700
-0.060851
-0.191668
-0.162968
-0.040382
0.111430
0.156289
0.180278
0.084204
-0.121893
-0.230190
-0.139729
0.016631
0.127831
0.238393
0.125337
0.023777
-0.078606
-0.197352
-0.161723
-0.067729
0.054285
0.212607
0.331873
0.145576
-0.150040
-0.373027
-0.269795
-0.024988
0.096695
0.258110
0.243342
0.155037
0.109369
0.014662
-0.154015
-0.228437
-0.231004
-0.153829
0.012067
0.247688
0.353003
0.259641
0.007471
-0.203657
-0.189529
-0.155994
-0.162183
-0.073903
0.159031
0.216263
0.178377
0.059016
0.027717
-0.122445
-0.207304
-0.035558
0.051064
0.104153
0.219608
0.163669
-0.091226
-0.159532
-0.173759
-0.085168
-0.034245
0.091466
0.274578
0.231354
-0.040198
-0.254424
-0.239120
-0.058951
0.165458
0.185370
0.058180
-0.036514
0.047254
0.098593
0.007856
-0.166362
-0.311774
-0.165424
0.113544
0.313607
0.182724
0.077436
0.167239
-0.083797
-0.349159
-0.054613
0.158051
-0.066602
-0.142458
-0.117336
0.139959
0.455637
0.333453
-0.153846
-0.355473
-0.285457
-0.171969
-0.019616
0.180004
0.376481
0.226816
-0.216356
-0.421234
-0.091710
0.253420
0.247712
-0.020149
-0.069169
0.116078
0.103407
-0.195191
-0.363170
-0.103214
0.264035
0.373962
0.153907
-0.141620
-0.250141
-0.223582
-0.109288
0.012531
0.033016
0.123131
0.305624
0.199186
-0.021349
-0.231785
-0.287466
0.004025
0.256899
0.084495
-0.245663
-0.157478
0.027405
0.226686
0.194997
0.001096
-0.094391
-0.122133
-0.046616
0.010417
-0.053244
-0.169075
-0.080779
0.074181
0.187753
0.171128
0.007827
-0.042858
0.070693
0.039993
-0.126548
-0.270175
-0.234929
-0.031833
0.198631
0.132309
0.084349
0.206388
0.077207
-0.108816
-0.122189
-0.028159
0.004672
-0.144091
-0.272142
-0.055478
0.160657
0.166676
0.156884
0.144843
0.191159
-0.000640
-0.269408
-0.401593
-0.350219
0.036060
0.205430
0.191620
0.174526
0.235372
0.019445
-0.331200
-0.412966
-0.144863
0.116645
0.143028
0.204997
0.173456
0.123929
-0.118955
-0.345805
-0.270450
0.033817
0.125612
0.119764
0.082061
-0.032662
-0.096216
-0.202524
-0.081421
0.176970
0.201063
-0.074667
-0.130543
0.030172
0.104822
-0.174457
-0.446335
-0.214124
0.243242
0.458413
0.282158
-0.046453
-0.239499
-0.055455
0.060136
-0.083641
-0.353643
-0.372018
-0.044786
0.323198
0.455586
0.215505
-0.103528
-0.215236
-0.067292
0.114855
0.016556
-0.327641
-0.452468
-0.146100
0.336631
0.574670
0.353718
-0.136658
-0.354850
-0.275618
-0.168058
-0.132280
-0.069849
0.141787
0.270867
0.184368
-0.025983
-0.179912
-0.196815
-0.047965
0.155132
0.168600
0.017882
-0.193862
-0.272073
-0.153606
0.071131
0.205767
0.189461
0.184947
0.157817
0.041036
-0.342402
-0.585731
-0.382581
0.107235
0.616086
0.609885
0.087379
-0.344535
-0.319940
-0.067056
0.045302
-0.147917
-0.264895
-0.041451
0.214781
0.286811
0.172966
-0.018120
-0.059002
0.064688
0.127941
-0.039525
-0.395950
-0.499347
-0.150055
0.308860
0.514573
0.367524
0.063357
-0.215527
-0.267636
-0.154264
-0.173840
-0.257699
-0.105902
0.302959
0.596158
0.462744
-0.114610
-0.535372
-0.383903
-0.031540
0.233188
0.188561
-0.062422
-0.151824
0.100582
0.300340
0.200080
-0.184111
-0.500950
-0.268774
0.218158
0.446328
0.168308
-0.298090
-0.411627
0.093822
0.503145
0.279076
-0.246375
-0.429671
-0.045904
0.352200
0.215190
-0.325912
-0.417022
-0.020028
0.330158
0.407135
0.187153
-0.032342
-0.156918
-0.179848
-0.194765
-0.252608
-0.105920
0.231145
0.500297
0.429586
-0.034662
-0.512586
-0.455150
-0.025319
0.226534
0.165384
0.019008
0.020545
0.120727
0.149578
-0.155221
-0.449641
-0.194163
0.355136
0.526143
0.165491
-0.302567
-0.438348
-0.171140
0.067084
0.197248
0.220790
0.259623
0.252605
-0.085066
-0.441324
-0.445167
-0.093511
0.257016
0.356092
0.187289
0.054135
0.017957
-0.056183
-0.064617
-0.098943
-0.089848
0.040919
0.134639
0.072766
-0.060158
-0.104132
-0.032440
0.108660
0.016902
-0.077519
0.051520
0.119344
0.117260
0.055732
-0.077629
-0.157878
-0.045956
0.080687
0.110295
-0.006044
-0.113627
0.037751
0.281362
0.188222
-0.146430
-0.316717
-0.179805
0.112125
0.274628
0.252065
0.080687
-0.079457
-0.214436
-0.177623
0.016868
0.049464
0.071544
0.155725
0.135486
0.088144
-0.069808
-0.264648
-0.240184
0.067472
0.318423
0.252240
0.126557
-0.057423
-0.211356
-0.161115
-0.084171
0.047536
0.063989
-0.018826
0.075093
0.208490
0.141773
-0.102449
-0.146643
0.008080
0.086581
-0.034231
-0.142337
-0.015097
0.223751
0.271437
0.091270
-0.049190
-0.194454
-0.240477
-0.114219
-0.042099
0.129962
0.254075
0.235512
0.073556
-0.148132
-0.198526
-0.210988
-0.106908
0.127581
0.438116
0.406559
0.002476
-0.302590
-0.403868
-0.271382
0.050499
0.262834
0.361444
0.358319
0.041604
-0.400556
-0.566755
-0.262057
0.168367
0.489778
0.428332
0.126961
-0.118343
-0.301148
-0.264297
-0.044044
0.138901
0.176419
0.175534
0.086994
-0.065475
-0.194466
-0.283030
-0.124768
0.226242
0.393647
0.187709
-0.224582
-0.319065
-0.053493
0.121122
0.037268
0.020248
0.103240
0.179515
0.074657
-0.198733
-0.203848
-0.059481
0.059560
0.139983
0.136657
0.042005
-0.105908
-0.278800
-0.316154
-0.027261
0.276649
0.315166
0.198841
0.053286
-0.100293
-0.297760
-0.324124
-0.081720
0.249683
0.403616
0.251590
-0.046112
-0.263916
-0.341151
-0.172608
0.090785
0.159936
0.057767
-0.005856
0.015914
-0.030890
-0.153802
-0.217179
-0.033378
0.188539
0.232416
0.059208
-0.162632
-0.155381
-0.040499
0.030747
0.111146
0.056511
-0.052634
-0.085450
-0.045254
0.090285
0.088690
-0.094981
-0.298560
-0.267208
0.022085
0.269761
0.286109
-0.026907
-0.153389
-0.111312
-0.131084
-0.050495
0.049158
0.104421
0.039305
-0.013110
0.096991
0.213065
-0.093048
-0.405084
-0.454188
-0.130833
0.361589
0.344034
-0.012074
-0.118412
0.009613
-0.053442
-0.191117
-0.243454
-0.042178
0.352718
0.453957
0.064545
-0.301005
-0.386409
-0.258373
-0.060073
0.165831
0.361356
0.175220
-0.164941
-0.279920
-0.231161
-0.169900
0.042450
0.240811
0.268970
0.169050
-0.016828
-0.246668
-0.408069
-0.274273
0.024747
0.248851
0.372135
0.319648
-0.005165
-0.342227
-0.447800
-0.352745
-0.096726
0.197303
0.446329
0.605962
0.221607
-0.442482
-0.676542
-0.398907
0.058616
0.361381
0.349023
0.186805
0.095926
-0.110543
-0.405407
-0.413105
-0.106558
0.278518
0.337154
0.132021
0.041710
-0.015196
-0.147782
-0.387864
-0.330705
0.070169
0.401070
0.301689
0.013864
-0.068766
-0.079754
-0.154181
-0.291052
-0.217228
0.151195
0.397001
0.317440
0.079048
-0.172636
-0.351680
-0.324956
-0.112134
0.134813
0.332928
0.303607
0.130131
-0.097600
-0.357569
-0.400068
-0.218980
0.115624
0.329644
0.276621
0.171617
0.032002
-0.098482
-0.255078
-0.310037
-0.169502
0.170213
0.411305
0.295580
-0.032133
-0.300857
-0.253771
-0.105307
-0.003168
0.104745
0.143863
0.199500
0.132762
-0.140091
-0.300026
-0.224605
-0.068639
0.029146
0.258601
0.428595
0.289796
-0.082558
-0.371873
-0.437584
-0.309559
0.040880
0.308721
0.380801
0.359703
0.135514
-0.235523
-0.499828
-0.451901
-0.039066
0.336885
0.502414
0.399503
-0.032492
-0.414165
-0.426542
-0.173380
0.032556
0.121685
0.258230
0.417761
0.335963
-0.186994
-0.659315
-0.550180
-0.014710
0.555810
0.640728
0.180973
-0.284252
-0.410280
-0.291716
-0.082354
0.035008
0.166736
0.450301
0.434968
0.038686
-0.310762
-0.370504
-0.240685
-0.016067
0.063249
0.021191
0.140749
0.272365
0.219823
-0.045582
-0.261174
-0.242746
-0.108372
0.060540
0.267705
0.266888
0.053899
-0.158976
-0.276384
-0.123801
0.104984
0.147311
0.122141
0.077126
-0.066709
-0.194830
-0.153055
0.124863
0.340140
0.197196
-0.011243
-0.146516
-0.137587
-0.044302
-0.032819
-0.036528
0.046553
0.219134
0.261864
0.082107
-0.241098
-0.402992
-0.234324
0.198298
0.483788
0.263690
-0.176649
-0.347572
-0.104374
0.171527
0.160846
0.049020
0.057207
0.114817
0.033035
-0.147303
-0.195787
-0.046730
0.229675
0.265954
-0.027205
-0.298445
-0.285522
-0.061911
0.198925
0.189370
-0.004410
0.089436
0.210437
0.189343
0.048863
-0.259336
-0.278086
0.036783
0.236044
0.202669
-0.050944
-0.229079
-0.057110
0.207995
0.143682
-0.185566
-0.305646
-0.023833
0.306426
0.231850
-0.136135
-0.292368
-0.102036
0.189253
0.218581
0.115380
0.117195
0.105316
0.090230
-0.065275
-0.259291
-0.161137
0.055012
0.107884
0.021359
-0.087679
-0.040967
0.127089
0.189477
-0.020041
-0.310504
-0.306529
0.090451
0.387653
0.231054
-0.012776
-0.116406
-0.002212
0.202746
0.136919
-0.169961
-0.288149
-0.134705
0.042175
0.130390
0.090218
0.061617
0.045837
-0.100526
-0.232362
-0.138144
0.137947
0.327801
0.218613
0.020982
-0.065798
-0.137941
-0.217435
-0.210757
0.001711
0.354744
0.454542
0.155441
-0.194078
-0.380466
-0.353832
-0.106624
0.138784
0.162925
0.132748
0.049083
0.000426
0.037671
-0.074834
-0.151550
-0.008176
0.198677
0.211372
-0.031709
-0.308321
-0.216180
0.124143
0.316681
0.178303
-0.129526
-0.215339
-0.132647
-0.001904
0.146851
0.147616
-0.022322
-0.112534
-0.144300
-0.058121
0.048814
0.027243
0.083270
0.202945
0.185130
-0.124165
-0.363349
-0.254378
0.089981
0.322634
0.228855
-0.010228
-0.145806
-0.134914
-0.162312
-0.249750
-0.175851
0.116305
0.374882
0.317584
0.011693
-0.099908
-0.051179
-0.168176
-0.277499
-0.151374
0.187832
0.346071
0.178524
-0.086795
-0.219279
-0.145408
-0.079184
0.040059
0.097125
0.047257
-0.041230
-0.153625
-0.188595
-0.043164
0.127116
0.138178
0.091578
-0.000813
-0.034772
0.003201
-0.004753
-0.107540
-0.164197
-0.071761
0.074683
0.180210
0.006504
-0.154311
-0.062256
0.084173
0.146929
-0.017119
-0.123253
-0.163961
-0.111685
0.080715
0.237596
0.182552
-0.074928
-0.211021
-0.116139
0.001967
-0.020834
-0.068437
-0.033079
0.160557
0.280434
0.083061
-0.304626
-0.492803
-0.267703
0.181362
0.466506
0.318557
-0.036760
-0.268527
-0.183203
0.030757
0.034716
-0.051629
-0.033392
0.082703
0.197254
0.100067
-0.174379
-0.256022
-0.195937
-0.124624
0.111917
0.341028
0.275752
0.041650
-0.228116
-0.353900
-0.154727
0.088189
0.168175
0.120701
0.054811
-0.023881
-0.064618
-0.128317
-0.163003
-0.003236
0.069320
0.039152
0.095383
0.126988
0.022576
-0.154399
-0.272192
-0.136868
0.157954
0.289938
0.192432
-0.024502
-0.124335
-0.071528
-0.087208
-0.156538
-0.110212
0.066994
0.248018
0.156387
-0.107498
-0.282319
-0.210139
0.086400
0.285223
0.177684
-0.072104
-0.161722
-0.122820
-0.040507
-0.023056
0.048629
0.140319
0.122342
0.037571
-0.061513
-0.117715
-0.118956
-0.076369
0.018915
0.159813
0.127019
-0.027156
-0.134093
-0.114463
-0.007130
0.103020
0.084615
-0.018507
-0.045841
0.046747
0.065826
-0.109445
-0.155826
-0.036042
0.093291
0.103523
-0.018432
-0.064894
-0.009396
0.012634
-0.052204
-0.078909
0.070565
0.215450
0.124332
-0.139854
-0.252305
-0.150578
-0.011193
0.103240
0.210789
0.251540
0.110056
-0.113695
-0.274990
-0.211703
-0.020658
0.095126
0.130797
0.124424
0.086508
-0.013851
-0.199443
-0.272176
-0.117831
0.101393
0.281032
0.213596
0.015975
-0.111773
-0.058762
0.028812
0.006231
-0.054949
-0.084211
-0.015686
0.088128
0.133628
-0.005188
-0.085986
-0.066173
0.071789
0.132890
-0.041159
-0.162846
-0.164729
-0.016346
0.134105
0.141008
0.030128
-0.052050
-0.005435
0.056157
0.051532
-0.025671
-0.042361
-0.018023
-0.000574
0.058757
0.073389
0.015925
-0.094920
-0.152395
-0.048977
0.116533
0.175361
0.076568
-0.067990
-0.074819
0.000900
-0.000092
-0.071102
-0.023757
0.137341
0.179852
0.046063
-0.124166
-0.192810
-0.086420
0.096883
0.199143
0.136502
-0.046934
-0.111936
-0.096620
-0.041310
0.001273
0.003597
0.068834
0.112342
0.072613
-0.017166
-0.086399
-0.080184
-0.025400
0.043672
0.122046
0.168254
0.064342
-0.119019
-0.165348
-0.130780
-0.040477
0.090248
0.180023
0.194505
0.081078
-0.122606
-0.236699
-0.222946
-0.084767
0.154211
0.281408
0.195734
0.004489
-0.132667
-0.105659
0.058130
0.110772
0.002735
-0.097488
-0.058697
0.050308
0.085404
0.006917
-0.109467
-0.051825
0.122252
0.154373
-0.005146
-0.179134
-0.150926
0.036275
0.136668
0.050609
-0.031271
0.073833
0.212865
0.140648
-0.157796
-0.331101
-0.164522
0.136434
0.258974
0.115349
-0.060502
-0.121964
-0.072784
0.006901
0.034733
0.004365
-0.000620
0.074825
0.166643
0.073302
-0.150516
-0.244797
-0.143248
0.140970
0.328752
0.219680
-0.019891
-0.173852
-0.221886
-0.196970
-0.119831
0.027991
0.231188
0.350334
0.241996
-0.034262
-0.315225
-0.349757
-0.112286
0.103024
0.162910
0.105209
0.095877
0.090309
0.060464
-0.052756
-0.172976
-0.132340
-0.001161
0.083788
-0.032369
-0.133863
0.001530
0.215143
0.261423
0.071783
-0.155584
-0.247812
-0.173617
-0.043143
0.059197
0.116581
0.122363
0.129321
0.071051
-0.071014
-0.182258
-0.174277
-0.036803
0.138921
0.154022
0.058340
-0.027242
-0.105521
-0.134907
-0.072527
0.093414
0.154089
0.076188
0.019131
-0.073223
-0.129899
-0.133754
-0.147756
-0.022807
0.182716
0.255227
0.125634
-0.059394
-0.133210
-0.128072
-0.116002
-0.121212
-0.004741
0.169422
0.177124
0.039050
-0.065617
-0.043634
0.031914
0.068821
-0.046430
-0.119838
-0.083824
-0.066756
-0.059216
0.021119
0.193559
0.256990
0.065216
-0.176712
-0.251591
-0.184939
-0.081574
0.031446
0.151439
0.244240
0.235487
0.000897
-0.220286
-0.225892
-0.065326
0.018666
-0.036883
-0.052453
0.045535
0.182680
0.176933
-0.017615
-0.205451
-0.194605
-0.024244
0.123210
0.074265
-0.050971
-0.046363
0.080541
0.127911
-0.020429
-0.183945
-0.148014
0.032363
0.158305
0.083528
-0.071856
-0.117501
-0.060782
0.047842
0.049760
-0.024593
-0.015556
0.096519
0.215486
0.060924
-0.273626
-0.402726
-0.139087
0.215597
0.317721
0.160768
-0.056309
-0.133158
-0.143540
-0.109553
-0.060329
0.044936
0.130558
0.146514
0.100476
-0.038747
-0.152664
-0.151759
-0.029208
0.088576
0.087267
-0.028899
-0.127598
-0.083456
0.043820
0.087904
0.048123
-0.029029
-0.020028
0.066844
0.032850
-0.105952
-0.221231
-0.174141
0.029760
0.281763
0.332436
0.066774
-0.246636
-0.321703
-0.087188
0.164440
0.167481
-0.009976
-0.134462
-0.133589
-0.062499
-0.012740
0.017197
0.127534
0.176153
0.065290
-0.033106
-0.098402
-0.166875
-0.110347
-0.020791
0.060408
0.116228
0.081282
-0.037101
-0.127211
-0.039778
0.032517
-0.041904
-0.081721
-0.043688
-0.003780
0.087731
0.086527
0.012109
-0.010618
-0.031074
0.004455
0.013619
-0.081010
-0.130590
-0.022965
0.125222
0.162660
0.027056
-0.152026
-0.158557
-0.048328
0.015972
0.041078
0.045272
0.085722
0.089166
-0.075863
-0.214257
-0.090347
0.174740
0.276328
0.114753
-0.176298
-0.294998
-0.138994
0.067041
0.132032
0.088794
0.057848
0.057992
0.035109
-0.069765
-0.184829
-0.206928
-0.096636
0.125211
0.284947
0.241794
0.052866
-0.143526
-0.205645
-0.096739
0.040606
0.157093
0.128813
-0.051816
-0.106868
-0.050204
0.002553
0.003614
-0.022720
0.037784
0.109125
0.053596
-0.088466
-0.144697
-0.024088
0.119808
0.161730
0.100469
-0.022154
-0.085366
-0.096642
-0.051413
0.081140
0.151409
0.073107
-0.035535
-0.088595
-0.035915
0.011253
-0.041545
-0.047889
0.041297
0.163005
0.156707
-0.011065
-0.165646
-0.121049
0.031059
0.136200
0.116379
0.028063
-0.009730
-0.033303
0.011310
0.023736
0.002475
0.012716
-0.002862
-0.002751
0.033649
0.046668
0.021193
0.013791
-0.032151
-0.046539
0.019040
0.059003
0.054736
0.016406
-0.042578
-0.020671
0.085116
0.108848
0.047184
-0.005257
0.006236
0.038536
0.015821
-0.057490
-0.085084
-0.009555
0.072388
0.075340
0.041087
0.011408
-0.013621
-0.041476
-0.029740
0.032811
0.070666
0.058880
0.024642
-0.023699
-0.027699
0.000155
0.026964
0.085400
0.046251
-0.025433
-0.029950
-0.034568
-0.013056
0.020405
0.000458
-0.021842
0.047701
0.074029
0.032005
-0.002716
-0.042678
-0.014819
-0.002144
-0.011589
0.025412
0.059014
0.035562
-0.006189
-0.020504
-0.011207
0.046680
0.012942
-0.053865
-0.005194
0.046131
0.031766
-0.037959
-0.069816
-0.035841
0.018555
0.039335
0.036691
0.043050
0.031012
0.023431
-0.011023
-0.067682
-0.087152
-0.056978
-0.027543
0.040889
0.104906
0.092231
0.027748
-0.089312
-0.157608
-0.083750
0.058848
0.134792
0.086188
-0.026937
-0.080565
-0.041662
-0.033177
-0.081697
-0.053883
0.047264
0.136500
0.111755
-0.062097
-0.202685
-0.148004
-0.007416
0.082927
0.080323
0.027285
-0.006109
-0.011412
-0.024345
-0.039961
-0.049160
-0.027252
0.034357
0.053682
0.017451
-0.057174
-0.089166
-0.030387
0.027266
0.007429
-0.037079
-0.064960
-0.057214
0.009001
0.027620
-0.034907
-0.055757
-0.005984
0.034582
0.030062
-0.029224
-0.083933
-0.059922
0.001804
0.036163
0.012096
-0.035639
-0.061604
-0.041834
-0.022337
-0.002369
0.003329
-0.010392
-0.013030
-0.039896
-0.056680
-0.035554
0.000103
0.033868
0.060613
-0.010943
-0.125702
-0.135635
-0.028981
0.110564
0.156014
0.018401
-0.167482
-0.182713
-0.056420
0.088897
0.092711
-0.037878
-0.080319
0.002314
0.063430
0.009327
-0.100885
-0.115457
0.011527
0.130229
0.078712
-0.082086
-0.189536
-0.148236
0.011880
0.138539
0.118531
0.033828
-0.016954
-0.036382
-0.047528
-0.090484
-0.114697
-0.028692
0.122875
0.175761
0.080018
-0.076399
-0.170778
-0.122562
0.015889
0.140228
0.143767
0.036027
-0.058923
-0.072085
-0.041211
-0.039905
-0.024225
0.048007
0.173828
0.186469
0.081635
-0.035335
-0.144301
-0.120638
0.009725
0.133910
0.147913
0.078838
-0.037290
-0.089838
-0.042964
0.049400
0.149203
0.153457
0.085213
0.006824
-0.053474
-0.061782
-0.011170
0.059197
0.125014
0.137423
0.088879
0.008178
-0.033052
-0.040426
-0.000085
0.072313
0.111020
0.084470
0.026831
-0.008372
-0.003712
0.033722
0.039583
0.033419
0.018751
0.078166
0.096358
0.018178
-0.040973
-0.043770
-0.019838
-0.013022
0.032191
0.068287
0.067684
0.009071
-0.055965
-0.020605
0.037318
0.027567
-0.022055
-0.038183
0.002060
0.045951
0.039837
-0.039707
-0.108122
-0.088991
0.005529
0.051925
0.008793
-0.056780
