-0.000198
-0.000329
-0.001109
-0.001854
-0.002156
-0.001783
-0.000897
-0.000049
0.000030
-0.000307
-0.001257
-0.001779
-0.001596
-0.001307
-0.000850
-0.000736
-0.000202
-0.000012
-0.000643
-0.001565
-0.002033
-0.001955
-0.001103
0.000277
0.001067
0.000477
-0.000565
-0.001958
-0.003302
-0.002154
-0.001678
-0.000384
0.000945
0.000834
0.001276
-0.000391
-0.002383
-0.003531
-0.003494
-0.001638
0.000978
0.002886
0.002411
0.000610
-0.001639
-0.003057
-0.002148
-0.000498
0.001479
0.002846
0.003033
0.002460
0.000682
-0.001080
-0.001789
-0.001153
0.000815
0.003028
0.003696
0.002697
0.000945
-0.000644
-0.001019
0.000078
0.001605
0.003067
0.003709
0.003402
0.002588
0.001312
0.000348
0.000796
0.002194
0.003320
0.004407
0.004233
0.003509
0.002646
0.001731
0.002102
0.003132
0.004093
0.004634
0.004452
0.004038
0.003324
0.002789
0.002554
0.002754
0.003525
0.004055
0.004408
0.004064
0.003381
0.002623
0.002585
0.003188
0.003600
0.004220
0.004104
0.003657
0.003266
0.002565
0.002707
0.003184
0.003458
0.003672
0.003541
0.003215
0.002673
0.002395
0.002516
0.002762
0.003263
0.003678
0.003519
0.003185
0.002779
0.002114
0.001782
0.002063
0.002895
0.003779
0.004220
0.003896
0.003144
0.002213
0.001722
0.002015
0.002495
0.003076
0.003643
0.003673
0.003159
0.002680
0.002104
0.002124
0.002466
0.002945
0.003667
0.003841
0.003338
0.002755
0.002291
0.002405
0.003071
0.003345
0.003562
0.003649
0.003731
0.003543
0.003245
0.003232
0.003565
0.003769
0.003783
0.004006
0.004431
0.004490
0.004253
0.003881
0.003581
0.003749
0.003937
0.004162
0.004171
0.003955
0.004147
0.004603
0.004730
0.004430
0.003764
0.003573
0.003521
0.003624
0.003553
0.003694
0.004084
0.004694
0.004463
0.003714
0.003462
0.003509
0.004213
0.004603
0.004591
0.003808
0.003029
0.002753
0.002338
0.003390
0.006142
0.006853
0.007247
0.007421
0.005333
0.000961
-0.003017
-0.003525
-0.001162
0.002621
0.006680
0.010798
0.010265
0.004713
-0.001996
-0.005105
-0.004206
-0.000886
0.004386
0.008988
0.010913
0.007126
0.000650
-0.004181
-0.005187
-0.002525
0.001297
0.005268
0.006984
0.005693
0.002931
-0.001255
-0.002493
0.001050
0.002983
0.002650
0.001892
-0.000988
-0.005154
-0.007563
-0.004579
0.003995
0.010828
0.011140
0.006238
-0.002680
-0.011665
-0.014266
-0.008559
0.002280
0.011078
0.011992
0.006376
-0.002241
-0.009429
-0.011869
-0.008331
-0.000961
0.005558
0.007300
0.004873
-0.000014
-0.005458
-0.009229
-0.010252
-0.007631
-0.005020
0.001586
0.004886
0.002030
-0.000440
-0.004751
-0.009614
-0.009917
-0.003145
0.000835
0.000286
-0.002625
-0.004734
-0.007322
-0.010622
-0.008867
-0.002509
0.002538
0.003295
0.002007
-0.004028
-0.012988
-0.018557
-0.015333
-0.005366
0.004009
0.006716
0.001890
-0.006303
-0.012930
-0.014330
-0.010646
-0.004364
-0.000053
-0.000033
-0.003237
-0.006797
-0.009605
-0.011503
-0.011426
-0.008494
-0.003905
-0.000565
-0.001415
-0.007527
-0.011683
-0.012638
-0.011082
-0.004692
0.002876
0.004230
-0.003448
-0.012961
-0.016918
-0.013449
-0.007569
-0.001518
0.002373
-0.000783
-0.009101
-0.014642
-0.012943
-0.006692
-0.002535
-0.002987
-0.005398
-0.007396
-0.008913
-0.010070
-0.009691
-0.007506
-0.005099
-0.004744
-0.004769
-0.005089
-0.006120
-0.008235
-0.009688
-0.009695
-0.007921
-0.005207
-0.002421
-0.000506
-0.001851
-0.005836
-0.013569
-0.016787
-0.011882
-0.005422
-0.001859
-0.001009
-0.000365
-0.003932
-0.010987
-0.007804
-0.001974
-0.006472
-0.008196
-0.010401
-0.009182
-0.010637
-0.015918
-0.003908
0.010022
0.015681
0.007699
-0.011130
-0.027874
-0.035491
-0.025979
0.000640
0.029392
0.035412
0.017253
-0.011445
-0.033688
-0.037195
-0.026429
-0.008097
0.010064
0.021932
0.024056
0.014155
-0.001263
-0.016240
-0.026891
-0.027970
-0.015922
0.002789
0.016204
0.016345
0.007468
-0.000410
-0.006639
-0.008872
-0.007308
-0.003058
0.000267
-0.001106
-0.004025
-0.004003
-0.001163
0.004795
0.007508
0.004490
0.000192
0.000511
0.003078
-0.004737
-0.012597
-0.010457
-0.006068
0.001078
0.013863
0.021402
0.018433
0.006495
-0.006531
-0.014262
-0.018362
-0.018329
-0.008709
0.010297
0.027448
0.029373
0.012183
-0.013912
-0.023860
-0.011748
0.006885
0.016775
0.010411
-0.000739
-0.007854
-0.009482
-0.007021
-0.000669
0.009082
0.018468
0.020480
0.011212
-0.003657
-0.015058
-0.018229
-0.009256
0.006044
0.015467
0.012700
0.008078
0.010595
0.013813
0.007840
-0.004933
-0.011098
-0.004761
0.006856
0.009916
0.004245
-0.004094
-0.005050
0.007841
0.026070
0.026399
0.004001
-0.018092
-0.019370
-0.003113
0.010568
0.015234
0.012327
0.005297
-0.003501
-0.005000
0.007485
0.016412
0.013339
0.008148
0.008383
0.009239
-0.001087
-0.015075
-0.014341
0.000301
0.016403
0.023523
0.021464
0.015878
0.005173
-0.007109
-0.010717
-0.001203
0.009461
0.010342
0.006494
0.006611
0.007540
0.000556
-0.005756
0.003490
0.022835
0.027861
0.012119
-0.002922
-0.004018
0.000914
-0.000248
-0.001893
0.005125
0.010793
0.009541
0.011861
0.021060
0.021556
0.004246
-0.009780
-0.002082
0.010462
0.008575
-0.001854
-0.004091
0.006513
0.016268
0.014518
0.008742
0.007516
0.006812
0.002469
0.001115
0.007730
0.014425
0.007818
-0.006929
-0.011288
-0.002104
0.009909
0.017420
0.024119
0.024605
0.009112
-0.012996
-0.020047
-0.002569
0.018016
0.020346
0.008275
-0.002958
-0.004077
-0.000394
0.004565
0.009991
0.014099
0.012340
0.005596
0.001694
0.001114
-0.003437
-0.011482
-0.011393
0.002217
0.018590
0.021488
0.013928
0.004809
-0.002066
-0.008527
-0.010362
-0.004676
0.000620
0.003036
0.001547
-0.001300
-0.000879
0.005461
0.010257
0.012834
0.014114
0.001948
-0.023025
-0.035799
-0.017887
0.011322
0.023712
0.017858
0.009141
-0.002211
-0.019423
-0.027601
-0.013614
0.007647
0.015602
0.013169
0.009685
0.003090
-0.014356
-0.033693
-0.032623
-0.008016
0.019098
0.027435
0.017451
0.002878
-0.013081
-0.025933
-0.025282
-0.010005
0.005888
0.009286
0.003363
-0.002471
-0.008770
-0.016495
-0.018264
-0.007253
0.011257
0.018979
0.008544
-0.008273
-0.018088
-0.018727
-0.014515
-0.008791
-0.001598
0.004372
0.005987
0.003460
0.001402
0.000495
-0.005626
-0.012562
-0.010757
-0.002695
0.001464
-0.002820
-0.008615
-0.009108
-0.006506
-0.003232
0.001160
0.008803
0.012497
0.002071
-0.011598
-0.016157
-0.011380
-0.004050
-0.002027
-0.001735
-0.001919
-0.003249
-0.003982
-0.000090
0.008092
0.005338
-0.006978
-0.013177
-0.009806
-0.005772
-0.010339
-0.012828
-0.006300
0.000601
0.008486
0.010762
0.003411
-0.007741
-0.021031
-0.021177
-0.007510
0.001497
-0.001789
-0.005965
-0.006421
-0.008533
-0.012090
-0.013124
0.002758
0.013790
0.000452
-0.011951
-0.014312
-0.015226
-0.017369
-0.016459
-0.005614
0.002707
-0.000616
-0.007657
-0.001742
0.009156
-0.003955
-0.022065
-0.024373
-0.014528
-0.004781
-0.004015
-0.004376
-0.004703
-0.009438
-0.017491
-0.007038
0.015180
0.011159
-0.008316
-0.018464
-0.016908
-0.008880
-0.008508
-0.009539
-0.007377
-0.005482
-0.001502
0.006683
0.019457
0.007403
-0.020163
-0.026278
-0.013818
0.000589
0.000279
-0.008742
-0.010978
-0.008614
-0.004662
0.000826
0.013447
0.017628
-0.002648
-0.015062
-0.003322
0.009313
-0.005441
-0.028719
-0.024895
0.000039
0.012580
0.011953
0.032120
0.030111
-0.008488
-0.035580
-0.034117
-0.008752
0.007788
0.005568
0.007196
0.014508
0.003680
-0.004706
0.004751
-0.001703
-0.002659
-0.004946
-0.009129
0.002843
-0.013059
-0.012262
0.015635
0.008280
-0.002366
0.031345
0.034704
-0.018537
-0.047858
-0.040236
-0.011472
0.004557
0.016436
0.056126
0.058263
-0.008048
-0.077167
-0.066101
0.005866
0.034151
0.033852
0.032277
0.016742
-0.014074
-0.047572
-0.042456
-0.005738
0.027416
0.023042
0.012112
0.033472
0.013346
-0.039684
-0.041640
-0.014001
0.014607
0.019379
0.009153
0.015871
0.009384
-0.017674
-0.017824
-0.002375
0.003610
0.022012
0.012204
-0.003360
0.011862
0.008474
-0.011166
-0.021944
-0.011273
0.012042
0.013287
0.002969
0.023530
0.018071
-0.010049
-0.015993
-0.028682
0.004352
0.047859
0.037802
0.008019
-0.026035
-0.041177
-0.029639
-0.006855
0.016423
0.049327
0.071588
0.028089
-0.019340
-0.031783
-0.038432
-0.029838
-0.016273
0.025359
0.053618
0.044930
0.024829
-0.010746
-0.020872
-0.018579
-0.029405
-0.021750
0.024621
0.072918
0.057706
-0.011427
-0.052273
-0.035923
-0.009376
-0.001070
0.022863
0.053513
0.044312
0.002761
-0.033414
-0.038564
-0.015565
0.003584
0.014171
0.033535
0.036683
0.013613
-0.023255
-0.035262
-0.009480
0.012015
0.019455
0.016571
0.014066
0.010525
-0.008678
-0.014769
-0.004036
0.005403
0.011837
0.008940
0.004571
0.006179
0.004992
-0.003716
-0.002253
0.003470
0.009872
0.008449
-0.000755
-0.002553
-0.001800
0.000668
0.015558
0.016489
-0.001887
0.006096
0.003491
-0.005165
0.003805
0.005170
-0.010159
-0.012917
0.008167
0.029515
0.029653
-0.000136
-0.009915
-0.006772
-0.014884
-0.018235
-0.003656
0.024540
0.033034
0.020571
0.002501
-0.014600
-0.028981
-0.026885
-0.005633
0.026399
0.042495
0.022696
-0.007736
-0.027445
-0.009057
0.004059
-0.004721
0.005726
0.015659
0.000900
-0.018474
-0.012830
0.009371
0.022048
0.020238
0.017268
0.004689
-0.028431
-0.047411
-0.019556
0.020669
0.036833
0.025866
0.006285
-0.002692
-0.010509
-0.020059
-0.019979
-0.011146
0.002887
0.014703
0.026122
0.026262
0.001306
-0.032329
-0.043846
-0.015940
0.020268
0.030452
0.017631
0.000778
-0.007907
-0.009619
-0.012396
-0.008425
-0.003339
0.006504
0.018197
0.014251
0.002865
-0.012221
-0.017934
-0.010778
-0.000455
0.010941
0.012321
0.005060
-0.002098
-0.010821
-0.010207
-0.000014
-0.002211
-0.004597
0.012710
0.015814
-0.007779
-0.031285
-0.023831
0.009086
0.027170
0.020417
0.000748
-0.012010
-0.012359
-0.008076
-0.005423
-0.009612
-0.010097
0.003959
0.023275
0.027131
0.004763
-0.024620
-0.042528
-0.031361
0.006349
0.032369
0.030751
0.001677
-0.028227
-0.025724
-0.011688
-0.003373
0.000525
0.001621
0.004965
0.003867
0.000480
-0.005425
-0.011661
-0.016318
-0.010845
-0.000005
0.001615
0.003596
0.006939
0.001042
-0.010892
-0.024401
-0.028501
-0.017960
0.000835
0.022724
0.023055
-0.003837
-0.031600
-0.033807
-0.015991
0.000574
0.000290
-0.007633
-0.007254
0.001210
0.006755
-0.002048
-0.024442
-0.035384
-0.021292
0.003827
0.024980
0.017205
-0.011900
-0.034120
-0.031190
-0.005714
0.006886
0.001583
-0.006739
-0.009953
-0.000939
0.004793
-0.002674
-0.022227
-0.030375
-0.022972
-0.004471
0.022749
0.016263
-0.014575
-0.038212
-0.037371
0.002492
0.040630
0.028609
-0.019462
-0.042668
-0.025829
-0.003853
0.007727
0.013936
0.007806
-0.007824
-0.028519
-0.024204
-0.003900
0.001656
-0.004155
-0.008754
0.006837
0.012126
-0.006500
-0.026208
-0.033904
-0.013789
0.019171
0.024976
0.029573
-0.013052
-0.015834
0.000692
-0.020017
0.008333
-0.005079
-0.009729
-0.006411
-0.003263
0.017996
0.011290
-0.012086
-0.019677
-0.013659
-0.008107
-0.013611
-0.009442
-0.014930
0.002403
0.053668
0.038837
0.019110
0.008027
-0.024159
-0.049081
-0.064737
-0.045920
0.019818
0.009574
0.050104
0.078665
-0.022095
0.007626
0.000216
-0.063039
0.034296
0.031133
-0.020948
-0.028782
-0.055891
-0.047194
0.022160
-0.004974
0.026710
0.136337
0.009539
-0.041485
-0.035824
0.017593
0.024288
-0.043902
-0.029190
-0.019206
-0.014066
0.000674
0.038207
0.084777
0.062057
-0.028218
-0.086708
-0.064872
-0.003132
0.023097
0.038205
0.000043
0.015123
0.042223
-0.013455
-0.036543
-0.028292
-0.021457
0.034650
0.019329
0.024890
0.032585
0.012459
0.018320
-0.044575
-0.042672
-0.033600
-0.013385
0.042004
0.066696
0.029955
-0.000914
-0.018360
-0.013783
-0.010606
-0.021195
0.008045
0.035353
0.031404
0.012952
0.003234
-0.029490
-0.038304
0.012321
0.030058
0.025001
0.030976
-0.006816
-0.000726
-0.017170
-0.029603
0.027349
0.011037
-0.008713
0.022310
0.026004
0.044946
0.003258
-0.067253
-0.080468
-0.009005
0.056199
0.066929
0.088874
0.033729
-0.011594
-0.036121
-0.046689
-0.051815
0.005972
0.037066
0.027957
0.065663
0.064320
-0.015895
-0.055964
-0.057920
-0.055496
0.029666
0.074044
0.087252
0.032872
-0.028099
-0.068898
-0.067031
0.001593
0.091992
0.105012
0.043177
-0.035984
-0.050293
-0.064747
-0.067112
-0.001213
0.034243
0.121312
0.135191
0.056461
-0.031582
-0.133360
-0.182229
-0.069428
0.046805
0.142471
0.166924
0.102826
-0.000967
-0.103551
-0.155783
-0.139436
0.013146
0.134068
0.161433
0.123642
0.016046
-0.084296
-0.144736
-0.156486
-0.052292
0.100150
0.209024
0.173815
0.013873
-0.150315
-0.163837
-0.072266
0.011006
0.076059
0.070467
0.078774
0.085695
-0.032558
-0.090960
-0.078280
-0.055452
0.046734
0.076680
0.058131
0.001938
-0.011240
-0.021948
-0.037059
-0.067163
-0.039419
0.072990
0.112700
0.173221
0.044277
-0.145827
-0.144586
-0.110991
-0.032596
0.054046
0.025069
0.131936
0.188413
0.062088
-0.039444
-0.196762
-0.152781
0.003220
0.029477
0.026443
0.027297
0.065138
0.092310
0.014938
-0.013128
-0.031392
0.001441
0.038548
-0.048669
-0.090746
-0.120117
0.042052
0.114094
0.071219
0.064513
-0.025602
0.023291
-0.027570
-0.189226
-0.190406
-0.106802
0.174843
0.347728
0.177563
0.028898
-0.106290
-0.228687
-0.178265
-0.037818
0.068815
0.110961
0.111733
0.084590
0.018676
-0.086412
-0.219279
-0.158416
-0.022842
0.153427
0.220250
0.052933
-0.042545
-0.093358
-0.092102
-0.036803
-0.031404
0.073871
0.057891
-0.019813
0.061769
0.005803
-0.124616
-0.076287
-0.071396
-0.022588
0.120126
0.055425
0.112852
0.027687
-0.131500
-0.102972
-0.072243
-0.075537
0.047230
0.080221
0.001135
0.134774
0.048002
-0.085078
-0.112837
-0.217809
-0.075409
0.225365
0.250332
0.052924
-0.237925
-0.275914
0.021940
0.145475
0.031696
-0.037872
0.016831
0.113436
0.045509
-0.183827
-0.215754
-0.010906
0.166577
0.110555
-0.008054
0.002210
-0.003346
-0.145551
-0.182623
-0.011075
0.091465
0.177227
0.103494
-0.040160
-0.065450
-0.131619
-0.144000
-0.081819
0.013898
0.113571
0.126308
0.047893
0.031048
-0.049530
-0.094275
-0.107393
-0.105286
0.002975
0.092699
0.066299
-0.025072
0.008808
0.016416
-0.002416
0.032447
-0.063163
-0.119507
-0.033610
-0.032095
0.021921
0.099035
0.056823
-0.024416
-0.017629
-0.031563
-0.048574
-0.104192
-0.151419
0.011268
0.227287
0.263995
-0.044116
-0.298724
-0.195048
0.082570
0.179065
-0.019435
-0.137738
0.041386
0.158293
-0.019772
-0.157927
-0.140920
0.024166
0.070529
-0.001694
0.054706
0.074071
0.012314
-0.063387
-0.152440
-0.057711
0.143884
0.070059
-0.080461
-0.087641
0.029017
0.155079
0.094783
-0.089672
-0.128894
-0.084610
-0.021719
0.014446
-0.016195
-0.005566
0.038004
0.003737
-0.005353
0.030710
0.035128
0.109222
0.034263
-0.092515
-0.067715
-0.031188
-0.040470
-0.024332
-0.014134
0.022805
0.125730
0.154542
0.012769
-0.107178
-0.162347
-0.157613
0.063517
0.255203
0.179495
-0.054094
-0.235220
-0.210761
-0.008590
0.168188
0.172771
0.067867
-0.010236
-0.010158
-0.037148
-0.142680
-0.160519
-0.052493
0.126961
0.251864
0.209468
-0.013816
-0.270580
-0.327043
-0.064865
0.285979
0.308938
0.058410
-0.154858
-0.161480
-0.001604
0.073028
-0.033466
-0.146885
-0.003850
0.241511
0.284187
-0.003248
-0.333685
-0.275041
0.008380
0.252867
0.219106
0.002636
-0.153607
-0.143388
0.010485
0.075005
0.002946
-0.037290
0.060952
0.260435
0.231742
-0.078336
-0.389710
-0.360173
0.058924
0.379379
0.339856
0.084594
-0.142268
-0.145281
-0.105559
-0.149752
-0.095228
-0.009530
0.182037
0.273664
0.200939
0.005770
-0.223153
-0.312723
-0.177806
0.154615
0.309117
0.168030
-0.016592
-0.030951
0.032658
0.062456
-0.160887
-0.270711
-0.099376
0.199566
0.378535
0.102824
-0.244426
-0.332939
-0.087582
0.191069
0.294014
0.134385
-0.036104
-0.005564
0.049237
-0.021347
-0.209080
-0.265502
-0.085736
0.240567
0.304370
0.218718
-0.017011
-0.217710
-0.175869
-0.202924
-0.022584
0.158389
0.170602
0.109554
0.039501
0.046625
-0.080147
-0.192090
-0.117799
0.159555
0.311942
0.184527
-0.085981
-0.300956
-0.291795
-0.042969
0.187814
0.191463
0.114380
-0.022068
-0.028669
0.003120
-0.024986
-0.063940
-0.091086
0.008104
0.160901
0.215379
0.063525
-0.170388
-0.165736
-0.082986
0.057020
0.109069
0.013164
0.036089
0.049688
0.029859
-0.084837
-0.190810
-0.069086
0.177892
0.194648
0.196014
0.036004
-0.180435
-0.170324
-0.122410
-0.038134
0.123335
0.183595
0.109133
0.011488
-0.136286
-0.138677
-0.060742
-0.034452
0.029904
0.148244
0.047999
0.040895
-0.044419
-0.105612
0.047080
0.130240
0.130870
0.023512
-0.066448
-0.127966
-0.110810
-0.033354
0.035201
0.059501
0.040562
0.098578
0.207075
0.008786
-0.233164
-0.283932
-0.159935
0.089258
0.229033
0.203185
0.053195
-0.047728
-0.036080
-0.076227
-0.155898
-0.082869
0.080086
0.137290
0.089337
-0.009809
-0.049374
-0.040476
-0.079271
-0.103482
-0.051901
0.053401
0.134120
0.140731
0.024788
-0.105651
-0.160548
-0.074193
0.029318
0.057410
0.063991
0.072828
0.073609
0.014056
-0.109350
-0.179532
-0.131344
-0.002452
0.126796
0.155801
0.079746
-0.071468
-0.089597
-0.070202
0.014916
0.052878
-0.030672
-0.051574
0.026501
0.095043
-0.047416
-0.134433
-0.083994
0.089973
0.148420
0.007719
-0.011547
-0.005449
-0.055849
-0.041249
-0.016711
0.008211
0.040909
-0.079435
-0.113677
0.077706
0.091375
0.106034
0.090127
-0.140548
-0.106189
0.022986
-0.018679
-0.057512
-0.032371
0.033522
0.060911
-0.045770
-0.149774
0.030220
0.187278
0.115864
0.031138
-0.165551
-0.219536
-0.031015
0.097197
0.108569
0.058585
-0.067448
-0.093286
-0.003950
-0.024317
-0.039470
0.004049
0.025952
0.020917
0.018087
-0.057098
-0.065111
-0.024572
0.019956
0.018489
-0.035880
-0.013564
-0.039318
-0.046739
0.029041
0.065328
0.052429
-0.017717
-0.101991
-0.085687
0.005892
0.056053
-0.014509
-0.047924
0.046424
0.170562
0.030200
-0.203203
-0.247004
-0.108079
0.168745
0.184704
0.013548
-0.019264
0.008231
-0.032902
-0.104370
-0.086377
-0.010941
0.099454
0.072268
-0.035445
-0.037089
-0.043403
-0.031154
-0.014665
-0.012006
-0.028441
0.018241
0.077717
0.079590
0.022933
-0.059731
-0.011778
0.033976
-0.002076
-0.126341
-0.225673
-0.053773
0.214712
0.253299
0.050873
-0.105896
-0.138065
-0.080505
-0.014225
-0.068880
-0.033698
0.151247
0.235207
0.061189
-0.227655
-0.269806
-0.064330
0.169157
0.239857
0.046526
-0.136605
-0.134168
-0.051541
0.026621
0.026035
-0.035734
0.000731
0.070724
0.031475
-0.004571
-0.000567
-0.078883
-0.067746
0.015299
0.053951
0.085470
0.045679
-0.069272
-0.109196
-0.074211
-0.071513
0.076583
0.110764
0.039186
-0.015953
-0.063179
0.013497
0.013487
-0.020962
-0.030841
-0.025642
-0.028018
-0.024633
0.058525
0.149972
0.054948
-0.127457
-0.145174
-0.014135
0.106220
0.082429
-0.062288
-0.129598
0.016758
0.128893
0.083246
-0.101985
-0.202162
-0.093441
0.052896
0.169527
0.150666
0.126172
0.097123
-0.084303
-0.288276
-0.291533
-0.044358
0.261614
0.260244
-0.022845
-0.031080
0.261453
0.147642
-0.312325
-0.608443
-0.403698
0.403307
0.794375
0.348118
-0.221005
-0.461058
-0.223857
0.105860
-0.030072
-0.165218
0.149944
0.462223
0.365566
-0.122430
-0.514765
-0.329269
0.021866
0.180772
0.260472
0.174229
0.099455
-0.036461
-0.278025
-0.308910
-0.067747
0.183052
0.220488
0.128177
0.089377
0.089933
-0.062858
-0.257776
-0.304600
-0.119039
0.242049
0.381890
0.177685
-0.074671
-0.212693
-0.125158
-0.033356
-0.017354
0.143842
0.193914
-0.001518
-0.188305
-0.183823
-0.008229
0.138763
0.063223
0.012878
0.125465
0.114922
-0.030891
-0.212214
-0.265286
-0.026843
0.249120
0.357058
0.241680
-0.091300
-0.285397
-0.221378
-0.068276
-0.026109
-0.002124
0.103051
0.194230
0.325410
0.118247
-0.216351
-0.387226
-0.324650
0.045841
0.324190
0.417394
0.352506
0.104802
-0.214252
-0.418247
-0.435836
-0.175319
0.164725
0.361079
0.463242
0.321258
-0.037677
-0.403961
-0.560594
-0.346703
0.070392
0.402320
0.490093
0.358803
0.023390
-0.258818
-0.409289
-0.377425
-0.086390
0.198101
0.430495
0.395253
0.117191
-0.125712
-0.289040
-0.353004
-0.239692
-0.001078
0.290396
0.497443
0.216561
-0.227981
-0.378453
-0.218019
0.157013
0.245961
0.021847
0.042365
0.021767
-0.089980
-0.037418
-0.051902
-0.016734
-0.016569
0.034819
0.209049
0.129155
-0.124929
-0.299751
-0.256449
0.093501
0.302153
0.186789
0.021090
-0.054821
-0.047517
-0.096139
-0.124394
-0.085192
0.039715
0.236432
0.243052
0.124560
-0.095502
-0.284696
-0.254863
-0.105063
0.099099
0.220468
0.236945
0.095076
-0.093177
-0.225048
-0.196905
-0.057073
0.075484
0.141576
0.246315
0.258743
-0.097391
-0.310336
-0.202457
-0.063131
0.100084
0.188525
0.104987
0.105246
0.055482
-0.102802
-0.189457
-0.183287
-0.047778
0.205714
0.272833
0.088902
-0.127162
-0.261337
-0.142396
0.012282
0.128027
0.186637
0.145874
0.012881
-0.125411
-0.205082
-0.169837
-0.063106
0.098113
0.239111
0.241907
0.109875
-0.105144
-0.259675
-0.285788
-0.105551
0.141483
0.272379
0.155009
-0.055081
-0.107391
-0.028864
-0.053788
-0.155244
-0.142441
0.084193
0.273689
0.231385
-0.051201
-0.289585
-0.195787
-0.001599
0.139994
0.092626
-0.002561
0.028095
0.074148
-0.018393
-0.106468
-0.135705
-0.124288
-0.051045
0.019509
0.083616
0.113173
-0.002388
-0.095659
0.003337
0.058549
0.077948
-0.015874
-0.129998
-0.027205
0.083339
0.040563
-0.019229
-0.000412
-0.032217
-0.133294
-0.054955
0.076678
0.090983
0.023669
-0.047629
-0.027070
-0.009121
-0.064501
-0.141893
-0.127626
0.009104
0.188453
0.217317
0.084010
-0.131033
-0.218069
-0.108656
0.016547
0.094904
0.085546
-0.031354
0.008173
0.028865
-0.077870
-0.075475
-0.053100
0.032418
0.045906
-0.042724
-0.101750
-0.025160
0.107241
0.210672
0.121030
-0.190847
-0.327200
-0.203061
0.020237
0.180204
0.155840
0.094441
0.119757
0.018632
-0.238190
-0.388719
-0.264660
0.092583
0.369829
0.369747
0.184645
-0.098875
-0.300135
-0.335543
-0.193840
0.040998
0.232899
0.281501
0.220498
0.063683
-0.186656
-0.355576
-0.340863
-0.101049
0.181183
0.327322
0.270203
0.036859
-0.160181
-0.181204
-0.168403
-0.118739
-0.007032
0.094892
0.175610
0.188428
0.080515
-0.087634
-0.132125
-0.108760
-0.078541
-0.040880
0.040548
0.079096
-0.000755
-0.059606
0.018874
0.080923
-0.015637
-0.053443
-0.040096
-0.016438
0.072435
0.055019
-0.046587
-0.041477
0.017009
0.024721
-0.056209
-0.106407
-0.048045
0.115904
0.232964
0.016073
-0.189001
-0.116180
-0.013291
0.007672
-0.054833
-0.101118
0.018665
0.197985
0.175234
0.050079
-0.106118
-0.172665
-0.091602
-0.034399
0.028519
0.109207
0.162083
0.038185
-0.123331
-0.159112
-0.049719
0.027083
-0.048795
-0.043986
0.116632
0.223760
0.139001
-0.053193
-0.214525
-0.195280
-0.079946
0.029799
0.129236
0.157685
0.117898
0.098112
-0.012989
-0.185476
-0.249011
-0.157375
0.061899
0.222675
0.189369
0.067792
-0.043183
-0.088051
-0.119700
-0.089688
0.035404
0.039186
0.062377
0.105939
0.062913
0.003923
-0.088100
-0.139828
0.018907
0.213692
0.098727
-0.146949
-0.175765
-0.024309
0.112423
0.078470
-0.013724
0.018068
0.067114
0.068401
-0.006443
-0.134951
-0.151995
0.017073
0.196053
0.179817
0.094634
-0.008293
-0.117201
-0.103487
-0.112229
-0.108069
0.009485
0.168038
0.185327
0.053294
-0.080841
-0.124724
-0.055682
-0.060272
0.058624
0.151829
0.081603
0.032697
-0.029822
0.014276
0.050127
-0.025739
-0.062918
-0.075750
-0.024258
0.082544
0.045533
-0.027096
-0.033123
0.018927
0.102978
0.081360
-0.062728
-0.142118
-0.102057
0.037104
0.116920
0.104108
0.058464
0.008652
0.009956
-0.020114
-0.027154
-0.030952
-0.046488
-0.055381
0.001575
0.131768
0.175455
0.054775
-0.100242
-0.111779
-0.034077
-0.014834
-0.022120
0.012631
0.047167
0.130097
0.162311
0.048393
-0.036472
-0.131592
-0.151690
-0.068351
0.055498
0.183621
0.162162
0.065816
-0.053924
-0.125462
-0.087644
-0.026940
0.019609
0.111859
0.123230
0.052960
-0.011768
-0.123093
-0.113553
0.016128
0.063777
0.081861
0.045225
-0.018959
0.037290
0.042807
-0.016867
-0.066006
-0.065713
0.009304
0.076371
0.082850
-0.018281
-0.053740
-0.023051
0.008297
0.039768
-0.016190
0.009936
0.043142
0.069253
0.064535
-0.033052
-0.086246
-0.073483
-0.028047
-0.001879
0.059229
0.096585
0.127271
0.057606
-0.108279
-0.177347
-0.110571
0.038409
0.102058
0.064258
0.014307
0.023040
0.017384
-0.030975
-0.068716
-0.091061
0.038335
0.146529
0.074208
-0.014289
-0.073685
-0.074984
-0.007069
0.016797
0.010622
0.060613
0.030378
-0.046623
-0.039736
-0.065359
-0.068255
0.009624
0.093324
0.224689
0.202092
-0.095403
-0.287576
-0.265739
-0.108348
0.160075
0.228368
0.139798
0.102973
0.034686
-0.072014
-0.202934
-0.312086
-0.212177
0.088119
0.356142
0.372004
0.131129
-0.140014
-0.269652
-0.203174
-0.117442
-0.049752
0.087054
0.211097
0.278100
0.139205
-0.117625
-0.276772
-0.262922
-0.111470
0.058098
0.181776
0.203776
0.143517
-0.017175
-0.184784
-0.206667
-0.152302
0.002381
0.149310
0.131093
0.131881
0.139287
0.000598
-0.238877
-0.336830
-0.188849
0.092878
0.278717
0.233518
0.069051
-0.024270
-0.076763
-0.217321
-0.266900
-0.122912
0.049784
0.195697
0.230397
0.109457
0.016997
-0.116500
-0.208170
-0.142954
-0.077952
-0.010145
0.055335
0.103979
0.136639
0.119347
0.013545
-0.139658
-0.231601
-0.202294
-0.093087
0.049792
0.161486
0.157517
0.139047
0.079717
-0.054724
-0.216682
-0.299011
-0.156113
0.033352
0.156480
0.203150
0.147792
0.072744
-0.063970
-0.239266
-0.268778
-0.144700
0.054189
0.159150
0.140524
0.089543
0.081913
0.049999
-0.112210
-0.290797
-0.269317
0.002647
0.233250
0.254239
0.072320
-0.073500
-0.111998
-0.089459
-0.132955
-0.129452
-0.025500
0.078817
0.162690
0.143807
0.066910
-0.077708
-0.157225
-0.194407
-0.060798
0.146866
0.192030
0.063893
-0.109010
-0.130401
-0.043778
0.039469
0.009012
-0.056389
-0.044060
0.014933
0.085155
0.032883
-0.084631
-0.114611
-0.029356
0.097807
0.139308
0.060460
-0.101267
-0.152128
-0.067079
0.022007
0.064996
0.027859
-0.006924
0.030914
0.017263
-0.057913
-0.123531
-0.132411
-0.052013
0.088810
0.165679
0.147772
0.049004
-0.103361
-0.163197
-0.112153
-0.059261
0.043749
0.113667
0.128001
0.127042
0.011410
-0.090018
-0.190636
-0.215490
-0.097846
0.083607
0.201401
0.195786
0.070672
-0.064345
-0.096147
-0.094108
-0.086068
-0.051248
0.031562
0.091390
0.120108
0.094596
0.029857
-0.078558
-0.143760
-0.110386
-0.000538
0.073348
0.037577
0.005599
0.004784
0.025801
0.028145
0.028768
0.024639
0.016598
-0.025366
-0.045509
-0.037668
-0.060054
0.005800
0.057327
0.059031
0.054347
0.016912
0.005034
-0.005885
-0.032865
-0.053138
-0.022065
0.048133
0.055021
-0.016691
-0.068598
-0.055949
0.022533
0.101670
0.158272
0.098504
-0.050713
-0.129114
-0.114349
-0.020296
0.030540
0.027069
0.024331
0.029672
-0.011634
-0.042701
0.033584
0.014024
0.031271
0.110488
0.027860
0.020074
0.028679
-0.070010
-0.139977
-0.129677
-0.041425
0.150170
0.265975
0.191342
0.042373
-0.182885
-0.257404
-0.194496
-0.101910
0.108266
0.282741
0.290037
0.121395
-0.088717
-0.182604
-0.213160
-0.176645
-0.032626
0.168010
0.303716
0.266496
0.039794
-0.176108
-0.209258
-0.175146
-0.084207
0.044879
0.170999
0.244242
0.164875
-0.043901
-0.174141
-0.182405
-0.103258
0.024869
0.127798
0.189783
0.152247
0.043296
-0.090501
-0.157543
-0.135254
-0.043934
0.110512
0.170652
0.095308
0.012181
-0.031902
-0.034784
-0.051785
-0.071318
-0.037459
0.051889
0.105412
0.126216
0.100158
-0.006337
-0.083583
-0.129937
-0.082497
0.041142
0.119057
0.104988
0.046602
0.002872
-0.054435
-0.071372
-0.082781
-0.057542
0.105464
0.193434
0.101117
-0.020981
-0.111170
-0.135468
-0.025433
0.023479
0.070399
0.158989
0.085781
0.079648
-0.013879
-0.150175
-0.152636
-0.138278
-0.045554
0.107035
0.200048
0.186701
0.120041
-0.042408
-0.176010
-0.226259
-0.154983
0.036594
0.202040
0.256059
0.179457
-0.025164
-0.163509
-0.154153
-0.094730
-0.006588
0.054517
0.090127
0.081113
0.001885
-0.044064
-0.023426
-0.043761
-0.033495
-0.006867
0.068523
0.112966
0.036279
-0.060185
-0.089076
-0.003115
0.062631
0.102166
0.020356
-0.088231
-0.117172
-0.067973
0.080192
0.115571
0.015235
-0.088541
-0.049589
0.063254
0.059825
-0.042348
-0.115632
-0.005101
0.155016
0.156895
0.005751
-0.170623
-0.164229
-0.009494
0.129295
0.141060
0.056260
-0.079420
-0.146136
-0.126457
-0.056372
0.049889
0.058806
0.083251
0.083353
0.034113
-0.030036
-0.165249
-0.191664
-0.035729
0.140247
0.237050
0.172035
-0.053181
-0.223845
-0.248827
-0.147593
0.057515
0.173651
0.126733
0.075835
0.025810
-0.060160
-0.157423
-0.236938
-0.131435
0.140471
0.273265
0.197838
-0.022951
-0.232634
-0.250661
-0.128749
0.041587
0.188928
0.203550
0.081994
-0.072316
-0.193160
-0.193841
-0.165151
-0.096074
0.115331
0.276418
0.248594
0.063318
-0.174003
-0.252785
-0.181878
-0.065346
0.042248
0.122813
0.164384
0.065381
-0.060773
-0.146610
-0.153228
-0.096211
-0.006884
0.102585
0.138316
0.092064
-0.015225
-0.122327
-0.119160
-0.042848
-0.003575
0.039866
0.026464
0.032459
0.036727
-0.046504
-0.111318
-0.063143
0.003600
0.024036
0.044059
-0.007769
-0.036465
-0.010674
0.018288
-0.005767
-0.052696
-0.030220
0.045897
0.072037
0.011894
-0.084426
-0.108896
-0.028994
0.036283
0.049510
0.038617
0.027213
-0.016439
-0.043122
-0.081471
-0.079220
-0.039026
0.007613
0.106736
0.162426
0.104577
-0.080854
-0.205665
-0.164227
-0.011613
0.099124
0.108406
0.078545
0.027772
-0.002351
-0.053424
-0.122030
-0.119400
-0.045363
0.082210
0.161484
0.111308
0.003843
-0.087866
-0.113143
-0.079119
-0.028322
0.012696
0.072817
0.101194
0.059046
0.001733
-0.065464
-0.121475
-0.063099
0.062744
0.130807
0.110042
-0.010071
-0.092376
-0.105842
-0.098424
-0.038325
0.021464
0.074646
0.112608
0.118427
0.049928
-0.085429
-0.174622
-0.163312
-0.025733
0.104061
0.147504
0.101324
-0.012196
-0.058307
-0.073267
-0.073042
-0.018227
0.039270
0.079910
0.072945
0.005152
-0.065179
-0.078561
-0.051904
-0.013535
0.057889
0.075539
0.073793
0.022965
-0.084333
-0.121547
-0.084922
0.016775
0.082123
0.091100
0.033313
-0.025792
-0.032384
-0.031567
-0.055897
-0.054387
-0.002141
0.060971
0.114658
0.077774
-0.008425
-0.073113
-0.085493
-0.051730
-0.007425
0.028886
0.053281
0.057913
0.009331
-0.030610
-0.050325
-0.067671
-0.038460
0.014377
0.070511
0.105696
0.073332
-0.024776
-0.066090
-0.048244
-0.005965
0.020893
-0.013070
-0.017711
0.022588
0.047114
0.033807
-0.002801
-0.059142
-0.062136
0.008519
0.065208
0.064422
0.023236
-0.026419
-0.014865
0.003228
-0.013117
-0.018561
-0.002970
0.054810
0.071089
0.017004
-0.066071
-0.078792
-0.014187
0.056104
0.103598
0.058089
-0.033960
-0.070620
-0.048642
0.008062
0.035404
0.016131
0.023329
0.051248
0.072704
0.045370
-0.041819
-0.111418
-0.075689
0.015812
0.102765
0.136185
0.062703
-0.022912
-0.087197
-0.103094
-0.054913
0.011113
0.084791
0.132630
0.108015
0.032453
-0.057863
-0.127277
-0.120528
-0.039877
0.073878
0.164617
0.149560
0.045771
-0.048189
-0.103400
-0.090809
-0.044029
0.021055
0.092738
0.115570
0.068300
-0.000758
-0.044389
-0.056899
-0.025100
-0.002524
-0.000320
0.013491
0.031150
0.033804
0.033943
0.024682
0.021690
0.000175
-0.032608
-0.023824
-0.015624
-0.003682
0.019259
0.064619
0.086630
0.079563
0.033119
-0.081831
-0.152580
-0.118982
-0.005514
0.119115
0.177525
0.130022
0.024203
-0.073848
-0.128364
-0.133993
-0.069665
0.054355
0.173454
0.175690
0.049853
-0.073072
-0.096091
-0.065157
-0.008148
0.039488
0.025574
0.042904
0.027856
-0.026616
-0.051554
-0.031042
0.022167
0.059995
0.048181
0.011460
-0.011552
-0.045075
-0.032317
0.016822
0.046856
0.054381
0.021796
-0.030787
-0.058739
-0.065801
-0.034181
0.014547
0.068900
0.119472
0.103084
0.012916
-0.099927
-0.153887
-0.118502
-0.010700
0.078393
0.127313
0.115189
0.029988
-0.068281
-0.120139
-0.099886
-0.012072
0.071003
0.082374
0.044169
-0.026623
-0.064300
-0.065761
-0.011514
0.041264
0.087645
0.090144
0.011713
-0.083820
-0.132616
-0.080394
0.020828
0.108411
0.068880
0.025141
-0.034632
-0.097955
-0.069810
-0.007934
0.057907
0.066297
0.037061
-0.016581
-0.045446
-0.072621
-0.051276
0.031699
0.072678
0.059207
0.009849
-0.048061
-0.081193
-0.081140
-0.046958
0.038173
0.090372
0.071428
0.002098
-0.078245
-0.091905
-0.042517
0.010287
0.034499
0.052226
0.041060
0.014708
-0.015783
-0.060320
-0.079005
-0.066704
-0.017077
0.056740
0.066474
-0.008357
-0.068375
-0.062166
0.010593
0.065308
0.040865
-0.023178
-0.070532
-0.061617
-0.020914
-0.000329
-0.010937
-0.002383
0.034677
0.051711
0.047589
-0.025444
-0.102795
-0.114803
-0.053397
0.051492
0.100837
0.061279
-0.018016
-0.050551
-0.090270
-0.038619
0.008487
0.004194
0.021342
0.034294
0.035502
-0.016350
-0.082747
-0.118771
-0.043058
0.060709
0.116894
0.091538
-0.008122
-0.104507
-0.112148
-0.041332
0.028564
0.075403
0.065410
0.039666
-0.009357
-0.080167
-0.132193
-0.121143
-0.013123
0.100591
0.151927
0.108882
0.015041
-0.081827
-0.123381
-0.102997
-0.042015
0.032446
0.075350
0.076657
0.042895
-0.005915
-0.061402
-0.098564
-0.082578
-0.005385
0.062312
0.092235
0.048124
-0.011531
-0.051908
-0.066038
-0.043633
-0.013796
0.000786
0.011113
0.033071
0.029691
0.036047
0.010139
-0.029284
-0.039339
-0.041736
-0.058947
-0.043485
-0.004661
0.023062
0.045913
0.047584
0.039987
0.003511
-0.066290
-0.106014
-0.060697
0.008392
0.057305
0.056464
0.032497
0.010668
-0.011062
-0.040166
-0.054910
-0.041720
-0.014818
0.010073
0.017548
0.027373
0.017772
0.000921
-0.021134
-0.021450
-0.012958
-0.015956
-0.012712
-0.003363
0.014281
0.021901
0.009916
-0.006462
-0.005073
-0.001076
-0.005247
-0.026379
-0.017505
-0.000897
0.010558
0.012715
0.021944
0.015542
-0.004370
0.004990
-0.023342
-0.029776
-0.007533
0.007838
0.013256
0.016215
0.004075
0.002476
-0.016264
-0.024415
0.008612
0.009143
-0.004997
-0.016294
-0.009172
0.013471
0.023564
-0.001927
-0.008800
0.010518
0.024963
0.009916
-0.015859
-0.024252
-0.013960
-0.007787
-0.007079
0.010799
0.024025
0.029521
0.013639
-0.003438
-0.009705
-0.007005
0.004204
0.014765
0.002094
-0.011346
-0.019725
-0.027357
0.000102
0.050707
0.066941
0.024846
-0.051372
-0.101315
-0.046510
0.033194
0.075682
0.074028
0.049863
0.014921
-0.031403
-0.052912
-0.057503
-0.018015
0.030683
0.058619
0.044780
0.017608
-0.005878
-0.020149
-0.017670
-0.010436
0.014111
0.023459
0.009429
0.001812
0.003641
0.003209
0.008900
0.010490
0.018243
0.025130
0.013695
-0.018277
-0.024546
-0.008984
0.014360
0.016619
0.004293
0.004076
0.006333
0.005210
0.005364
0.013631
0.013101
0.016010
0.009116
0.008583
0.009042
0.000773
-0.002564
-0.002870
0.000410
0.005469
0.013006
0.017611
0.015767
0.014311
-0.005550
-0.014761
-0.015272
0.000273
0.019649
0.024276
0.029594
0.019961
0.011893
-0.002462
-0.011752
-0.014434
0.005193
0.022618
0.026018
0.023293
0.007041
-0.001058
-0.013818
-0.022108
-0.008107
0.019175
0.034049
0.028007
0.013380
0.009513
0.013350
0.011206
-0.001008
-0.007344
-0.003367
0.011756
0.025432
0.018616
0.009831
-0.001826
0.003296
0.011143
0.013040
0.003862
-0.015318
-0.024476
-0.018539
0.001797
0.026251
0.041554
0.031929
0.017508
0.004872
-0.005551
-0.026834
-0.040694
-0.033225
0.006224
0.052518
0.060540
0.036427
-0.007737
-0.040623
-0.048491
-0.037171
-0.013271
0.013351
0.030377
0.045120
0.040341
0.009508
-0.027393
-0.050837
-0.038839
0.002490
0.035760
0.032945
0.010764
-0.006147
-0.009496
-0.012821
-0.014366
-0.013461
-0.007032
0.009636
0.014830
0.011127
