-0.002146
-0.009076
-0.008414
-0.003719
0.004284
0.004219
0.004206
0.007616
0.003447
-0.002891
-0.004013
0.002862
0.008192
0.008726
0.006139
0.005095
0.001904
-0.002932
-0.002820
0.007530
0.018075
0.017217
0.014040
0.007467
0.000568
-0.002252
0.000152
0.005627
0.013103
0.015938
0.018483
0.023068
0.011088
0.000288
-0.002834
-0.003763
0.002435
0.007671
0.009121
0.009950
0.007501
0.003803
0.007693
0.005857
-0.000408
-0.003174
-0.000066
0.011174
0.010255
0.003395
-0.000276
-0.002601
-0.000816
-0.003975
-0.008703
-0.008846
-0.002960
0.001754
0.001495
-0.001396
-0.006408
-0.005865
-0.008178
-0.012036
-0.012532
-0.009647
-0.004364
-0.003967
-0.002028
-0.001317
-0.001804
-0.003031
-0.007504
-0.012291
-0.016582
-0.018604
-0.016211
-0.009431
-0.006165
-0.005300
-0.001529
0.000157
-0.001786
-0.006364
-0.008909
-0.003930
-0.002355
-0.006671
-0.007475
-0.006180
-0.005494
-0.003787
-0.000135
0.002976
0.003806
0.001223
-0.002329
-0.004918
-0.005362
-0.002993
-0.000233
0.001992
0.003971
0.006781
0.007931
0.006834
0.003523
0.000158
-0.001851
-0.000296
0.004241
0.004376
0.000770
-0.001449
-0.000549
0.000403
0.000276
0.002412
0.007054
0.011765
0.012774
0.007974
0.001665
-0.003311
-0.003470
-0.000162
0.003411
0.006400
0.006694
0.006185
0.004883
0.003619
0.001373
-0.000033
-0.000260
0.000890
0.001891
0.001479
0.001628
0.000821
0.001406
0.000454
-0.000152
-0.000339
-0.002457
-0.003873
-0.003107
-0.001018
-0.002369
-0.005296
-0.006782
-0.006229
-0.005591
-0.006642
-0.005146
-0.001995
-0.001200
-0.002566
-0.005742
-0.009035
-0.010099
-0.008545
-0.005654
-0.003081
-0.001968
-0.002067
-0.003578
-0.004441
-0.004429
-0.004741
-0.004830
-0.003881
-0.002310
-0.002537
-0.004606
-0.005407
-0.004927
-0.005021
-0.003914
-0.002009
-0.001319
-0.001908
-0.001219
0.000296
0.000536
0.000264
0.000158
-0.000313
-0.000552
-0.000383
0.000792
0.000780
-0.000502
0.000805
0.001810
0.002426
0.002275
0.001486
0.001699
0.002589
0.003647
0.004721
0.004756
0.004225
0.004903
0.004068
0.002387
0.001142
0.000023
-0.000590
0.001432
0.003762
0.007093
0.006243
0.002074
0.002034
0.003169
0.002189
0.000389
0.004478
0.007779
0.007660
0.005189
-0.000116
0.000390
0.000472
-0.002626
-0.004788
0.003488
0.007891
0.003436
0.004039
-0.002023
0.008317
0.009614
-0.004610
-0.003564
0.005552
0.005750
-0.006259
-0.005012
0.001102
0.010719
0.006100
-0.002694
0.007671
0.004475
-0.014260
-0.023977
-0.003189
0.019664
0.016278
0.004406
0.003440
0.007641
-0.013721
-0.032855
-0.011935
0.023085
0.018318
-0.009158
-0.002023
0.012283
-0.007477
-0.027062
-0.013816
0.011992
0.010944
-0.009271
-0.007216
0.011926
0.008308
-0.014845
-0.018784
-0.003320
0.002943
-0.004366
-0.002183
0.003301
0.004344
-0.012267
-0.015310
0.002101
0.004273
-0.000824
-0.001294
0.004558
0.005261
-0.006068
-0.022746
-0.018538
0.005985
0.013576
0.006548
0.009631
0.006033
-0.008361
-0.020945
-0.018229
0.002126
0.016957
0.008941
-0.000678
0.004404
0.002580
-0.006405
-0.003676
0.001657
0.007836
0.005623
-0.002248
0.003775
0.006138
0.006547
0.002733
-0.002030
-0.001788
-0.008890
0.002285
0.009552
0.007652
0.012511
0.002024
-0.008748
-0.002266
0.011931
0.006396
-0.003477
-0.006275
-0.007793
-0.002071
0.006576
0.015846
0.022180
0.009716
-0.014418
-0.018125
-0.011441
-0.003313
0.009782
0.022134
0.020496
-0.002133
-0.019907
-0.023669
-0.004438
0.003079
0.015787
0.020712
0.010433
0.003524
-0.015622
-0.013676
-0.015717
-0.008211
-0.002491
0.002652
0.008525
0.011022
0.014003
0.004259
-0.015975
-0.023400
-0.023276
-0.002184
0.006990
0.012425
0.010029
0.011123
-0.002284
-0.027842
0.012631
-0.008615
0.024874
0.023628
0.002401
-0.005636
-0.043069
-0.026148
-0.029688
0.022594
0.037163
0.057320
0.056394
-0.007958
-0.045536
-0.071452
-0.065575
-0.001096
0.058539
0.053584
0.051366
0.027817
-0.024792
-0.026918
-0.063861
-0.066409
0.019929
0.029744
0.053222
0.058220
0.032936
-0.010067
-0.080173
-0.082882
-0.045799
0.018175
0.054302
0.047545
0.078405
0.015781
-0.046865
-0.080207
-0.070453
-0.011806
0.007579
0.025183
0.024395
0.053850
-0.018586
0.016083
0.032540
-0.009273
-0.050426
-0.096735
-0.047615
-0.005227
0.039472
0.038455
0.104507
0.084288
-0.019819
-0.096626
-0.116742
-0.045760
0.000179
0.018966
0.048000
0.051425
0.011148
-0.031086
-0.011453
0.007976
-0.024473
-0.003113
-0.005609
-0.006626
-0.001203
-0.031210
0.024617
0.051174
0.002129
-0.018034
-0.021473
-0.000524
0.010195
0.007987
0.007331
0.001288
-0.039727
-0.050927
0.048969
0.011149
0.024593
0.049632
-0.007608
0.035853
-0.025619
-0.088236
-0.066047
-0.007325
0.034012
0.077203
0.032630
0.013655
-0.018304
-0.036474
-0.021119
-0.045281
0.034071
0.051935
0.045302
-0.038018
-0.048278
-0.052661
-0.030723
0.016761
0.047201
0.101926
-0.015990
-0.069920
-0.041198
0.009908
0.025262
-0.008316
-0.004960
0.020091
-0.005960
-0.043392
-0.040614
0.004726
0.065941
0.053469
0.021626
-0.034809
-0.086637
-0.092567
-0.036239
0.072655
0.092011
0.045332
-0.018326
-0.029048
-0.008121
-0.045733
-0.051617
-0.041722
0.011806
0.061894
0.057904
0.020967
-0.034246
-0.052812
-0.027539
0.021125
0.025054
0.004256
0.023287
0.021984
0.019258
-0.011396
-0.081625
-0.075981
0.005745
0.084634
0.106187
0.044473
-0.029472
-0.087006
-0.095283
-0.032095
0.001277
0.079255
0.110119
0.063737
-0.009368
-0.076122
-0.090063
-0.043136
0.025396
0.048387
0.059594
0.046266
0.013706
-0.015144
-0.067824
-0.083497
0.022099
0.077754
0.058805
-0.006676
-0.038855
-0.012224
0.006329
-0.001024
-0.018184
0.018267
0.023193
0.028409
0.047170
0.006663
-0.059124
-0.086127
-0.014041
0.065228
0.040422
0.001958
-0.033443
0.015808
0.043839
-0.020756
-0.051654
-0.059483
0.049464
0.109297
0.046008
-0.011808
-0.092403
-0.047484
-0.033716
-0.002627
0.087210
0.018143
0.029217
0.014210
0.008302
0.001058
-0.063894
-0.103382
-0.058362
0.012883
0.071838
0.128130
0.070959
0.053919
-0.099030
-0.126830
-0.064964
-0.003402
0.065358
0.031968
0.060553
0.051364
-0.008583
-0.134481
-0.100438
0.013222
0.118931
0.073540
-0.023651
-0.041029
-0.047380
0.019027
0.004583
0.015454
0.067158
0.026126
-0.050253
-0.022636
0.011167
-0.006284
-0.023142
-0.014276
0.014477
0.061189
0.011222
-0.030307
0.005128
-0.038619
-0.067372
0.006381
0.077768
0.044863
-0.000338
-0.023836
-0.007803
0.020308
-0.027235
-0.105424
0.012943
0.144438
0.084868
-0.005484
-0.079073
-0.074132
-0.022969
-0.058468
-0.050161
0.066620
0.107993
0.084557
-0.005953
-0.067995
-0.008535
0.011293
-0.035258
-0.075318
-0.023467
0.079467
0.048374
-0.038147
-0.009574
0.057371
0.070025
0.008987
-0.142635
-0.141655
0.004644
0.076119
0.062800
-0.003597
-0.028079
0.031274
0.059052
-0.023874
-0.066573
-0.063808
-0.008442
0.076666
0.062028
-0.022764
-0.054380
-0.012299
0.016139
0.032344
-0.020318
-0.102662
-0.067277
0.065701
0.128481
0.059425
0.025341
-0.057553
-0.126688
-0.101793
-0.059472
0.034544
0.136944
0.182528
0.087096
0.019748
-0.121235
-0.238377
-0.197936
-0.043174
0.147872
0.227866
0.162412
-0.018933
-0.067004
-0.076146
-0.109653
-0.117038
-0.050643
0.093625
0.190532
0.065900
-0.091029
-0.062405
0.019704
0.044363
-0.015233
-0.031448
-0.002176
0.044416
0.001830
-0.116938
-0.072981
0.017341
0.117452
0.140754
0.016848
-0.057152
-0.076120
-0.041153
-0.055003
-0.040471
-0.023644
0.093431
0.180652
0.047488
-0.044106
-0.083587
-0.107504
-0.095803
-0.004713
0.095651
0.143716
-0.012749
-0.099856
-0.048148
-0.014350
0.075576
0.015189
-0.020957
-0.041502
-0.038645
0.009094
0.036854
-0.000972
-0.025131
0.192235
0.237478
-0.098584
-0.336106
-0.234827
-0.046652
0.194590
0.147569
0.070720
0.209013
0.096461
-0.171972
-0.401679
-0.317533
0.034701
0.317378
0.307272
0.124281
-0.009916
-0.106678
-0.112582
-0.120978
-0.154486
-0.080494
0.073467
0.203151
0.252093
0.118014
-0.215485
-0.240887
-0.048347
-0.014094
0.042829
0.015701
0.027893
0.113431
0.092209
-0.050367
-0.140972
-0.100071
-0.018223
0.094125
0.101178
0.005378
-0.065601
-0.037338
-0.003474
0.068341
0.027411
-0.085020
-0.054941
0.000353
0.037999
0.046452
0.016570
-0.041523
-0.089541
-0.021535
0.079638
0.089998
0.017672
-0.100766
-0.077655
0.086528
0.050583
-0.074321
-0.058985
-0.052929
0.083134
0.077583
-0.050121
0.019912
0.111315
0.035369
-0.158185
-0.179702
-0.064825
0.090465
0.158401
0.097630
0.069472
-0.000544
-0.150617
-0.169040
-0.045883
0.018266
0.028726
0.065574
0.137721
0.139770
-0.011508
-0.136526
-0.159921
-0.054864
0.039684
0.022780
0.044374
0.016651
0.028081
0.091083
0.017692
-0.091829
-0.107075
-0.004736
0.036983
0.037670
0.001841
-0.027411
0.039628
0.028011
0.038109
-0.002319
-0.018382
0.014893
-0.034990
-0.072564
-0.036053
0.057074
0.028351
-0.052773
0.007551
0.164282
0.202209
-0.031050
-0.278623
-0.237083
-0.025966
0.182842
0.168879
0.063441
0.009677
-0.079592
-0.111082
-0.081538
0.075055
0.138485
0.077636
-0.016447
-0.083999
-0.149050
-0.199728
-0.050976
0.177684
0.384914
0.259233
-0.034307
-0.266780
-0.340596
-0.170627
0.083119
0.246013
0.183511
0.025015
-0.074006
-0.036568
-0.002637
-0.066355
-0.094332
-0.010042
0.077365
0.064990
-0.014376
-0.064904
-0.023651
0.039429
0.073719
0.049096
-0.048947
-0.091829
-0.032324
0.056380
0.081003
0.012910
-0.111474
-0.066089
0.041299
0.086824
0.002099
-0.056048
0.024107
0.066390
0.067380
-0.102293
-0.192965
-0.069999
0.109519
0.175149
0.131496
0.005799
-0.088633
-0.097728
-0.036227
-0.015960
-0.062604
-0.004881
0.097692
0.143994
0.099737
-0.027134
-0.124742
-0.123293
-0.063942
0.047336
0.039600
0.034112
0.010833
0.079930
0.151015
0.001556
-0.144498
-0.189702
-0.010383
0.091376
0.072873
0.023520
-0.026914
0.052256
0.045180
-0.038990
-0.072789
0.023565
0.059450
0.005362
-0.086651
-0.027807
0.083547
0.102626
0.079688
-0.036529
-0.045429
-0.139740
-0.100396
-0.025461
0.047023
0.174494
0.166921
0.121481
-0.081856
-0.230161
-0.205220
-0.078050
0.021198
0.144307
0.241008
0.208020
0.044310
-0.189505
-0.270507
-0.171708
0.020023
0.102778
0.128611
0.091906
0.062787
0.018484
-0.051001
-0.072267
-0.129783
-0.073623
0.042415
0.084549
0.116786
0.033401
-0.051990
-0.053717
-0.040680
-0.017295
-0.048696
0.011643
0.041256
0.031952
0.001068
-0.036093
0.019788
0.032710
-0.021406
-0.033872
-0.024525
0.003989
0.010640
-0.013144
0.006794
0.019216
0.059316
-0.046707
-0.103353
0.015057
0.064886
0.043814
-0.037408
-0.060763
-0.039833
-0.004872
0.016539
0.024346
0.053046
0.038692
-0.017141
-0.050712
-0.057827
-0.030539
0.033382
0.049381
0.020034
-0.031506
-0.066200
-0.022893
0.054133
0.032005
-0.038842
-0.047869
-0.006081
0.034506
0.039170
-0.018344
-0.015078
-0.015149
-0.053203
-0.042974
-0.024451
0.074960
0.141210
0.079118
-0.037584
-0.141083
-0.166119
-0.035513
0.065788
0.119699
0.106169
0.025965
-0.083004
-0.161386
-0.144205
-0.069296
0.097695
0.140646
0.125424
0.073981
-0.037886
-0.108935
-0.122352
-0.042707
0.052915
0.037660
0.004644
0.012727
0.040106
0.040484
-0.003602
-0.049174
-0.046477
-0.006883
-0.058126
-0.056811
-0.000469
0.064752
0.050834
-0.002964
0.010915
0.004528
0.005802
-0.065831
-0.101535
0.040016
0.152693
0.077021
-0.053420
-0.123370
-0.071690
0.066152
0.118128
0.044384
-0.056916
-0.096968
-0.060665
-0.005086
0.024490
0.032541
0.041927
0.087948
0.037509
-0.061991
-0.130910
-0.125669
0.007083
0.151881
0.173964
0.048179
-0.062743
-0.160041
-0.114551
0.004855
0.055696
0.059738
0.028970
0.043307
0.031808
0.018628
-0.049160
-0.108621
-0.057285
0.009584
0.064099
0.087539
0.038883
-0.033156
-0.045551
-0.025727
-0.015344
-0.003459
-0.039154
-0.073033
0.011246
0.135659
0.128576
-0.018331
-0.144693
-0.106940
0.098570
0.154253
-0.021420
-0.174249
-0.078382
0.125768
0.112247
-0.062127
-0.153829
0.032962
0.211020
0.101322
-0.161620
-0.226439
-0.019469
0.157007
0.129041
-0.045488
-0.053484
0.094741
0.127706
-0.050087
-0.223490
-0.164448
0.058386
0.184782
0.090529
-0.001590
0.005840
0.054803
-0.051205
-0.185795
-0.149866
0.031529
0.208939
0.201470
0.077846
-0.086090
-0.136698
-0.120820
-0.013582
0.069145
0.063291
0.045139
0.038939
0.062501
-0.017455
-0.079225
-0.109064
-0.031014
0.077129
0.054801
0.027050
0.005424
0.029538
0.026750
0.008391
0.005955
-0.038478
-0.076280
-0.113506
0.012084
0.165649
0.169745
0.058817
-0.144942
-0.169601
-0.034281
0.060001
0.050082
0.025626
0.042667
0.051345
0.035942
-0.047258
-0.092776
-0.041642
0.025379
0.075973
0.081572
-0.003825
-0.041983
-0.013660
0.003482
-0.010987
-0.010705
0.036091
0.028706
0.006862
-0.030046
-0.020180
0.029621
0.009707
-0.021599
0.009263
0.051764
0.023744
0.008360
-0.009542
-0.013766
0.004470
-0.010934
0.027804
0.055023
-0.005523
-0.110876
-0.099576
0.039706
0.143470
0.121768
0.012640
-0.054376
-0.045605
-0.043293
-0.094826
-0.077339
0.028745
0.161311
0.218107
0.105095
-0.095768
-0.229877
-0.161521
0.005765
0.083466
0.089808
0.045098
0.046590
0.021726
-0.056991
-0.103248
-0.116424
0.049882
0.140600
0.139874
0.057108
-0.127909
-0.143037
-0.101814
0.023744
0.098717
0.062151
0.062704
0.061170
0.028433
-0.107549
-0.160508
-0.081165
0.056128
0.101528
0.032916
0.016738
0.045054
0.060914
-0.040924
-0.158367
-0.135132
0.037744
0.122047
0.092120
0.007291
-0.055865
-0.068763
-0.067993
-0.014938
0.010893
0.079397
0.040863
0.035875
0.083507
-0.046789
-0.157702
-0.148244
-0.026402
0.115147
0.136416
0.062329
-0.003106
-0.016140
-0.064499
-0.144725
-0.142295
-0.051942
0.116054
0.206667
0.112358
-0.019328
-0.115857
-0.156247
-0.132528
-0.060833
0.119493
0.204440
0.111435
-0.049442
-0.180887
-0.142503
-0.061896
0.057147
0.114331
0.086092
0.052366
-0.059585
-0.148116
-0.172162
-0.057253
0.084896
0.187022
0.186274
0.037513
-0.119061
-0.228411
-0.187137
-0.026289
0.115136
0.135171
0.097365
0.026576
-0.024917
-0.067600
-0.104191
-0.107702
-0.091104
-0.009827
0.109646
0.185037
0.084847
-0.081971
-0.153394
-0.071911
0.013991
0.007755
-0.014514
0.003546
0.091726
0.098697
-0.016716
-0.119391
-0.142494
-0.054980
0.035345
0.057298
0.060351
0.058647
0.044628
-0.058331
-0.135676
-0.126175
-0.005163
0.111092
0.090315
0.040633
0.003392
-0.025200
-0.061427
-0.075751
-0.045195
0.031256
0.052259
0.011381
-0.025778
-0.023574
-0.004816
-0.003804
0.006790
0.018279
0.010256
-0.038590
-0.075048
-0.034334
0.042108
0.113032
0.075872
-0.000373
-0.072244
-0.100966
-0.056131
-0.025612
0.016028
0.042753
0.085025
0.069390
0.007720
-0.068634
-0.111916
-0.105236
0.011582
0.130367
0.126130
0.059768
-0.051267
-0.080905
-0.045919
-0.031244
-0.051265
-0.025392
0.056247
0.099166
0.077410
-0.001138
-0.087922
-0.071652
-0.059902
-0.003456
0.084773
0.096875
0.024773
-0.063444
-0.064834
-0.013825
0.047518
0.024312
-0.019840
-0.012598
0.061488
0.041979
-0.043456
-0.087878
-0.042124
0.059993
0.082960
-0.001133
-0.071824
-0.020154
0.033784
0.063255
0.014792
-0.036678
-0.042521
-0.021039
-0.001322
0.024347
0.043079
0.029112
0.033912
0.013002
-0.042743
-0.071429
-0.040881
0.025781
0.048580
0.037583
0.053400
0.047044
0.018772
-0.118299
-0.145494
-0.018569
0.136250
0.157139
0.030080
-0.059495
-0.101981
0.009893
0.024309
-0.012752
-0.040631
0.001314
0.092743
0.082662
-0.015469
-0.120868
-0.058711
0.058198
0.118489
0.057064
-0.042029
-0.107933
-0.053903
0.074749
0.078184
-0.006603
-0.033904
0.006394
0.060188
0.028305
-0.067882
-0.068803
0.018810
0.079806
0.053541
0.008977
-0.020113
-0.045935
-0.037441
0.018910
0.050690
0.036067
-0.001681
0.009948
-0.016761
-0.067691
-0.028817
0.009041
0.061141
0.079650
0.028052
-0.059028
-0.024897
0.010090
0.013484
0.034462
-0.003317
0.020892
0.046011
0.030865
-0.070882
-0.093737
0.003287
0.058427
0.074816
0.100786
0.036276
-0.074112
-0.107374
-0.084151
0.011125
0.055234
0.074709
0.107141
0.133498
0.055136
-0.127676
-0.240289
-0.116087
0.124756
0.182591
0.072919
0.001911
-0.048638
-0.034222
0.015789
-0.028151
-0.032262
0.023113
0.074936
0.099099
0.043041
-0.115416
-0.118822
0.035277
0.135384
0.085099
-0.065626
-0.092779
-0.007789
0.079104
0.053240
-0.027321
-0.041639
0.036353
0.095699
0.010710
-0.083615
-0.075763
0.046748
0.106679
0.074783
-0.071309
-0.107403
0.020874
0.070869
0.096567
0.009222
-0.076694
-0.024488
0.038660
0.042876
-0.033040
-0.066927
-0.002067
0.096763
0.104544
-0.004355
-0.072722
-0.070347
-0.009713
0.031356
0.034188
0.012601
0.007950
0.006104
0.034393
0.048086
-0.015171
-0.065005
-0.057914
-0.013154
0.061860
0.047811
-0.014939
-0.019125
-0.023439
0.036569
0.077060
-0.012752
-0.066721
-0.018494
-0.008319
0.023241
0.020835
-0.030682
0.008439
0.025720
0.019647
0.022402
-0.070104
-0.111649
-0.015364
0.114530
0.142858
-0.010336
-0.162218
-0.144928
-0.015963
0.114455
0.136424
0.061328
-0.041881
-0.050848
-0.046817
-0.059179
-0.049644
-0.024039
0.049896
0.092290
0.099409
0.006918
-0.086688
-0.147202
-0.105129
0.006952
0.105632
0.088712
0.017238
0.014455
-0.031783
-0.076135
-0.118354
-0.047198
0.104460
0.134383
0.030753
-0.066816
-0.080101
-0.048950
-0.017792
0.002229
0.055282
0.063967
-0.046558
-0.154047
-0.096703
0.042351
0.097927
0.082385
0.013649
-0.046147
-0.067186
-0.063167
-0.058196
0.009850
0.072612
0.061570
0.028942
-0.049432
-0.126732
-0.119670
-0.034460
0.060910
0.116435
0.053359
-0.042707
-0.100896
-0.065001
-0.018385
0.014226
0.027653
-0.021385
-0.016725
0.069953
0.038540
-0.082590
-0.102255
-0.037893
0.051357
0.036754
-0.047746
-0.114327
-0.010018
0.095086
0.054655
-0.013601
-0.067956
-0.086134
-0.032591
-0.013362
-0.008899
0.009545
0.047530
0.047519
-0.020084
-0.011783
-0.100681
-0.100719
0.028048
0.129146
0.097703
-0.046271
-0.143249
-0.130134
-0.020371
0.008902
0.038085
0.106290
0.114314
-0.014188
-0.188975
-0.220900
-0.075908
0.148613
0.192172
0.037489
-0.070614
-0.057354
-0.016041
-0.046838
-0.125317
-0.050691
0.117962
0.164404
0.046128
-0.094391
-0.130939
-0.074718
-0.036523
-0.037164
0.019385
0.131763
0.140372
-0.037708
-0.116915
-0.147534
-0.042929
0.141735
0.095625
-0.060399
-0.107071
0.002685
0.046950
-0.033267
-0.087926
-0.002152
0.154457
0.118664
-0.057668
-0.142267
-0.141797
-0.081148
0.051221
0.177958
0.145487
-0.011826
-0.122546
-0.080340
0.003254
-0.026795
-0.112339
-0.021102
0.150206
0.164012
0.018869
-0.103332
-0.138019
-0.072557
0.038354
0.054248
0.045208
0.028890
0.016228
0.000100
-0.018540
-0.031365
-0.036390
-0.018786
0.006641
0.009263
0.014541
-0.026763
-0.047235
0.005891
0.061973
0.043400
-0.022163
-0.050029
-0.028638
0.073923
0.072059
-0.016990
-0.024340
0.042990
0.038991
-0.066139
-0.116789
-0.067669
0.091158
0.161264
0.055753
-0.068891
-0.105933
-0.060776
-0.000167
0.017067
0.002721
0.042575
0.047748
0.059609
0.043290
0.003578
0.001430
-0.023741
-0.024336
-0.043312
-0.038678
0.005924
0.031292
0.075833
0.119828
0.073381
-0.027213
-0.130507
-0.172112
-0.061166
0.101545
0.152438
0.065263
-0.030286
-0.022016
0.040187
0.037023
-0.060573
-0.050784
0.073915
0.100548
-0.008033
-0.076174
-0.011748
0.079912
0.086769
-0.064319
-0.123297
-0.036083
0.037588
0.107147
0.085358
0.052821
0.003615
-0.107880
-0.114690
-0.020270
0.133653
0.180353
0.077960
-0.031910
-0.060314
-0.040332
-0.062082
-0.030395
0.039975
0.088926
0.044601
-0.021754
-0.016546
0.009614
0.021231
0.013862
0.048275
0.028479
-0.055497
-0.071319
0.026673
0.126991
0.113313
0.011167
-0.074380
-0.059561
-0.034393
-0.006132
0.066009
0.080121
0.026623
-0.014137
-0.044185
-0.017003
0.021991
0.018197
0.028434
0.070902
0.050253
-0.024789
-0.067245
-0.055728
0.045490
0.103369
0.081776
-0.031911
-0.074110
0.014745
0.024141
0.028811
0.066849
-0.015107
-0.117355
-0.080837
0.043985
0.147436
0.095279
-0.026993
-0.001900
0.059019
-0.042156
-0.149132
-0.072205
0.090260
0.176017
0.124895
-0.007866
-0.078521
-0.106856
-0.105283
-0.033470
0.105410
0.175937
0.112027
-0.032620
-0.136067
-0.082152
0.002284
0.035768
0.018220
-0.006079
0.046465
0.082530
0.022659
-0.010189
-0.040570
-0.057116
-0.001261
0.020851
0.016314
0.002600
0.000951
0.035556
0.044949
0.010286
-0.053080
-0.056143
-0.017704
0.034308
0.069797
0.026005
-0.028671
-0.052765
-0.027989
0.055162
0.105642
0.034645
-0.048915
-0.079856
-0.077960
-0.006274
0.083291
0.100909
0.020464
-0.079497
-0.093022
-0.044644
-0.038325
-0.008812
0.091274
0.162787
0.086306
-0.096128
-0.154256
-0.098857
0.043848
0.155690
0.110519
-0.023915
-0.165735
-0.182504
-0.056633
0.145197
0.229163
0.134701
-0.049508
-0.207529
-0.207738
-0.105032
0.042923
0.171868
0.203048
0.119566
-0.051311
-0.185555
-0.203846
-0.091341
0.074342
0.169561
0.134218
0.014602
-0.110479
-0.163954
-0.071348
0.038359
0.096956
0.063925
-0.002588
-0.034670
-0.061307
-0.055217
-0.011771
0.049728
0.047594
-0.000049
-0.066385
-0.098127
-0.057850
0.027859
0.086078
0.075775
0.020215
-0.049448
-0.088124
-0.058965
-0.019161
-0.002164
0.017224
0.025751
0.020407
-0.024109
-0.043080
-0.033444
-0.008651
-0.025803
-0.030281
-0.017851
-0.030130
0.008562
0.049363
0.053084
0.006043
-0.061673
-0.132374
-0.094358
0.013846
0.098275
0.083083
0.001919
-0.071790
-0.085663
-0.043782
-0.047898
-0.024712
0.029774
0.081048
0.029456
-0.065708
-0.097873
-0.015659
0.041550
0.030425
0.030970
-0.014338
-0.056425
-0.116100
-0.086783
0.039203
0.093486
0.040059
-0.011222
-0.038791
-0.066557
-0.079650
-0.078114
0.003609
0.055518
0.037581
0.040308
0.035732
-0.016244
-0.093376
-0.118080
-0.055278
0.051136
0.081926
0.026677
-0.015890
-0.021603
-0.012589
-0.021462
-0.059102
-0.039585
-0.012475
0.024595
0.058661
0.005362
-0.044678
-0.066076
-0.029448
0.021954
0.042123
0.024239
-0.033611
-0.053279
-0.030411
-0.018831
-0.006114
0.019316
0.035729
0.032598
0.008848
-0.058679
-0.088463
-0.048277
0.015579
0.049380
0.045270
0.046144
0.024247
-0.018835
-0.095530
-0.106838
-0.031612
0.075522
0.103526
0.038332
-0.026081
-0.053345
-0.051555
-0.042691
-0.020678
0.000389
0.060626
0.104400
0.048326
-0.073656
-0.154779
-0.120900
0.022132
0.121615
0.119531
0.078209
0.000492
-0.085614
-0.118140
-0.062974
0.020665
0.060379
0.038592
0.037173
0.036849
-0.036911
-0.018788
0.019201
0.011429
0.013092
0.001436
-0.002541
-0.047833
-0.050230
0.018490
0.072421
0.049507
-0.026914
-0.050905
-0.012789
0.021354
0.012336
-0.006224
-0.003568
-0.009494
0.016717
0.051675
0.062607
0.019704
-0.042260
-0.034764
0.018831
0.031564
-0.002751
-0.049973
-0.028923
0.084502
0.068728
-0.022949
-0.043576
-0.021764
0.000219
-0.002567
-0.002983
0.043646
0.063030
0.008220
0.004400
0.022663
-0.005014
-0.061470
-0.060314
0.036003
0.085962
0.054906
0.003450
-0.023968
-0.032032
-0.023137
-0.003204
0.040729
0.058802
0.005879
-0.026544
-0.016711
0.022238
0.037022
0.022883
0.004335
-0.022808
-0.019838
-0.001480
0.010963
0.027857
0.042581
0.033730
-0.005400
-0.023021
-0.030522
0.034304
0.062727
-0.004712
0.008941
0.069073
0.039488
-0.084397
-0.127966
-0.057364
0.089125
0.141216
0.105132
0.091633
0.029245
-0.111655
-0.211268
-0.122088
0.055404
0.178303
0.180948
0.101348
0.000558
-0.090216
-0.149266
-0.101932
0.013919
0.104203
0.104475
0.048048
-0.013820
-0.023715
0.015396
-0.004329
0.008607
0.042970
0.023870
-0.043175
-0.049625
-0.002401
0.058504
0.057745
-0.000324
0.033779
0.045956
-0.008984
-0.059077
-0.052565
-0.008065
0.020883
0.037474
0.062943
0.060987
0.037107
0.019808
-0.019644
-0.048321
-0.068232
-0.047059
0.038927
0.086823
0.091879
0.085828
0.015754
-0.065963
-0.115698
-0.086778
0.029076
0.113504
0.105563
0.041305
-0.018505
-0.050065
-0.012627
0.007245
-0.011383
0.020473
0.070836
0.031079
-0.041472
-0.056762
0.007117
0.039681
-0.014203
-0.012105
0.067789
0.101734
-0.002608
-0.095084
-0.063482
0.014415
0.035464
0.030309
0.061581
0.073059
-0.010461
-0.102921
-0.090457
0.006492
0.062951
0.059250
0.014899
-0.005390
0.006058
0.006645
0.007728
-0.040359
-0.065427
-0.008162
0.088749
0.054359
-0.036514
-0.065245
-0.033439
0.057946
0.066935
0.000381
-0.030007
-0.024434
-0.034841
-0.010131
0.030505
0.021004
-0.007189
0.025761
0.068092
0.037444
-0.044393
-0.084409
-0.085500
-0.046821
0.004677
-0.008523
0.060642
0.098888
0.101371
0.087330
-0.042973
-0.184253
-0.219725
-0.089272
0.102857
0.221337
0.163442
0.029200
-0.065683
-0.124970
-0.127933
-0.099137
-0.017165
0.104395
0.144873
0.086579
-0.022887
-0.079915
-0.061621
-0.043833
-0.052814
-0.031638
0.024840
0.047863
0.065056
0.011082
-0.044425
-0.017087
-0.017359
-0.047325
-0.043564
-0.001154
0.024647
0.023225
0.017227
0.003824
-0.015445
-0.009248
-0.017678
-0.021579
-0.016611
-0.031990
-0.032632
-0.011872
-0.013086
-0.026348
0.041528
0.074378
0.004878
-0.109057
-0.140613
-0.013953
0.128747
0.089825
-0.031773
-0.034442
-0.001415
-0.053030
-0.132284
-0.089539
0.039985
0.100030
0.052602
0.015584
0.009264
-0.036143
-0.107139
-0.112108
-0.022758
0.079384
0.075825
0.013991
-0.020314
-0.054688
-0.098854
-0.078092
0.021369
0.090777
0.065476
-0.018320
-0.087986
-0.078059
-0.015339
0.016245
0.035952
0.014485
-0.021463
-0.047577
-0.053648
-0.020098
0.036477
0.064827
0.032078
-0.057486
-0.132782
-0.115928
-0.039542
0.056786
