0.007431
0.016707
0.015327
0.000927
-0.017997
-0.020763
-0.000519
0.019968
0.018776
-0.002231
-0.020371
-0.018628
-0.003756
0.012663
0.018803
0.007326
-0.012946
-0.022227
-0.009245
0.012350
0.019337
0.005028
-0.012694
-0.016489
-0.005065
0.008645
0.011699
0.000133
-0.011829
-0.012240
-0.001836
0.011210
0.006372
-0.008207
-0.016227
-0.009954
0.006063
0.011389
0.000645
-0.013161
-0.014504
-0.005075
0.003946
0.005124
-0.001766
-0.007270
-0.007647
-0.005512
-0.001752
-0.000713
-0.000276
-0.000484
-0.002289
-0.007370
-0.013627
-0.013100
-0.003325
0.009438
0.011015
-0.000771
-0.016840
-0.022499
-0.012166
0.004298
0.012854
0.006386
-0.009303
-0.020466
-0.017295
-0.002671
0.009285
0.008902
-0.002837
-0.014478
-0.014680
-0.006026
0.002511
0.002368
-0.005389
-0.012635
-0.012776
-0.006408
0.000187
0.000286
-0.004169
-0.008331
-0.008890
-0.004468
-0.000529
0.000560
0.000960
0.000351
-0.003582
-0.009696
-0.013180
-0.010151
-0.003486
0.001749
0.003791
0.000750
-0.006195
-0.011630
-0.011355
-0.005455
0.000186
0.001442
-0.001313
-0.005881
-0.008358
-0.007357
-0.002663
0.002245
0.002017
-0.003097
-0.009814
-0.011065
-0.005875
0.000869
0.003789
-0.000345
-0.008290
-0.013193
-0.010046
-0.000745
0.006888
0.005532
-0.001367
-0.006704
-0.002405
0.005559
0.004332
-0.007021
-0.014069
-0.010924
-0.000851
0.006560
0.009786
0.003979
-0.003821
-0.005907
-0.012142
0.002814
0.006162
-0.004646
-0.003743
0.000767
0.005510
-0.007924
-0.015732
-0.003861
0.010007
0.011100
0.008066
0.004960
-0.008216
-0.020825
-0.024202
-0.007968
0.012404
0.016583
0.014976
0.009406
-0.000032
-0.009429
-0.011729
-0.006149
0.000245
0.008055
0.011047
0.002604
-0.007323
-0.011138
-0.007368
-0.001289
0.005382
0.013797
0.012904
0.003427
-0.006990
-0.011459
-0.018670
-0.024999
-0.010455
0.026434
0.050280
0.026201
-0.016215
-0.041949
-0.043985
-0.026930
0.012796
0.040116
0.045132
0.030791
-0.017042
-0.038349
-0.027593
-0.004929
0.016118
0.019366
0.023277
0.005079
-0.024482
-0.023396
0.008066
0.029763
0.011711
-0.020515
-0.027336
-0.002439
0.015852
0.019736
0.017001
-0.003278
-0.024970
-0.023595
0.003394
0.029421
0.028437
0.004327
-0.018895
-0.020211
-0.011160
0.010883
0.028234
0.019763
-0.006976
-0.025505
-0.019869
-0.003236
0.029987
0.022617
-0.009286
-0.006246
0.017906
0.037232
0.007666
-0.037298
-0.053643
-0.036729
0.015039
0.076419
0.098410
0.029521
-0.079833
-0.124426
-0.054734
0.059375
0.108918
0.076850
-0.006128
-0.080966
-0.092327
-0.026015
0.064642
0.093671
0.039014
-0.038254
-0.065202
-0.037878
0.007493
0.045185
0.046034
0.010716
-0.026193
-0.034620
-0.008664
0.016005
0.018492
0.007443
-0.004282
-0.005217
0.003293
0.014621
0.010157
-0.008040
-0.019929
-0.010152
0.011470
0.018350
0.010268
-0.002965
-0.008046
-0.004435
0.004600
0.005920
-0.006937
-0.013491
-0.001750
0.025822
0.025098
-0.003346
-0.003932
0.011789
0.013137
-0.009556
-0.022190
-0.006663
0.001495
0.005549
0.020118
0.033973
0.015484
-0.023710
-0.029976
-0.004580
0.010249
0.001443
0.003169
0.024366
0.025120
-0.002936
-0.026702
-0.019434
0.001643
0.015124
0.021413
0.017761
0.003563
-0.022885
-0.023991
0.001521
0.021564
0.028066
0.009841
-0.008936
-0.018310
-0.014645
0.009971
0.026623
0.017724
-0.007565
-0.020392
-0.009537
0.013331
0.021922
0.001544
-0.019888
-0.031498
-0.001853
0.034619
0.027678
0.015459
0.003003
-0.005644
-0.016270
-0.024452
-0.016923
-0.007382
0.008925
0.033606
0.053582
0.023775
-0.042084
-0.072031
-0.041755
0.021359
0.054225
0.045533
0.015524
-0.026912
-0.055262
-0.040414
0.014324
0.054182
0.039896
-0.005922
-0.037039
-0.033294
-0.004530
0.023179
0.028245
0.010994
-0.018233
-0.031474
-0.007629
0.020065
0.020137
0.003984
-0.015064
-0.014281
-0.001022
0.006151
0.004598
-0.000034
-0.015462
-0.013192
0.006725
-0.010337
0.020544
0.019113
-0.026882
-0.010434
-0.002909
0.015626
-0.007191
-0.028768
-0.008793
0.008246
0.018984
0.017506
0.027752
-0.012476
-0.062066
-0.068049
-0.004368
0.068580
0.064596
0.015428
-0.039910
-0.066473
-0.051399
0.001336
0.054095
0.061627
0.011762
-0.047862
-0.056353
-0.019535
0.020571
0.037978
0.023386
-0.005636
-0.029682
-0.029238
-0.004689
0.019012
0.020317
0.002669
-0.012353
-0.012536
-0.009202
-0.003890
-0.001515
0.007633
0.009655
0.000018
0.013431
-0.007039
-0.018544
-0.010153
-0.008645
0.010723
0.010137
0.006170
-0.004203
-0.016557
-0.017224
0.009065
0.028580
0.011015
-0.007626
-0.025921
-0.018973
-0.001907
0.010417
0.024247
0.014961
-0.005878
-0.021193
-0.020638
-0.006783
0.006263
0.017708
0.020029
0.010474
-0.008244
-0.024865
-0.026193
-0.009230
0.014021
0.029651
0.027696
0.000586
-0.029652
-0.040602
-0.017611
0.026225
0.040720
0.031340
0.000271
-0.046915
-0.058360
-0.019878
0.038526
0.054861
0.019482
-0.023228
-0.028723
-0.015775
-0.003927
0.012678
0.011367
-0.004159
-0.020352
-0.007106
0.019977
0.019436
-0.006332
-0.025146
-0.014330
-0.002011
0.003651
0.008903
0.011478
-0.000446
-0.021768
-0.017420
0.000890
0.014344
0.014142
-0.003605
-0.018625
-0.021127
-0.006446
0.014958
0.021508
0.007105
-0.012420
-0.025844
-0.027157
-0.013197
0.005922
0.027624
0.026661
0.001923
-0.017183
-0.027426
-0.030537
-0.012823
0.022306
0.034040
0.004173
-0.036710
-0.036091
0.003748
0.031428
0.018119
-0.019172
-0.041646
-0.034415
-0.006317
0.024595
0.042013
0.020388
-0.029220
-0.052399
-0.023441
0.017128
0.013139
-0.003444
0.003498
0.023669
0.010776
-0.061882
-0.039967
0.027696
0.021760
0.026036
0.008736
0.002039
-0.035976
-0.073341
-0.017965
0.048779
0.066785
0.027994
0.015610
-0.013234
-0.054398
-0.080007
-0.046728
0.034445
0.072921
0.046465
-0.004060
-0.032828
-0.039194
-0.017950
-0.021191
0.025656
0.032828
0.011334
0.008984
-0.012446
-0.035073
-0.037896
0.029766
0.060915
0.049847
-0.005535
-0.041029
-0.049802
-0.052078
-0.034575
0.007391
0.047731
0.048001
0.087581
0.010467
-0.085315
-0.070502
-0.043469
0.034354
0.067680
0.060229
0.016095
-0.067277
-0.087082
-0.024833
0.061548
0.066785
0.031224
-0.017016
-0.053953
-0.064204
-0.035858
0.066226
0.094872
-0.000861
-0.081858
-0.052530
0.033932
0.059557
0.045525
0.010527
-0.041691
-0.064984
-0.022670
0.063656
0.058502
0.001258
-0.041587
-0.014882
0.001202
-0.027603
0.011608
0.024180
0.025052
0.011929
0.003997
-0.008071
-0.055506
-0.051304
-0.006445
0.064860
0.062029
-0.001172
-0.018819
-0.034250
0.001908
0.044287
0.040302
-0.003612
-0.068150
-0.116864
-0.087936
0.099375
0.160150
0.152055
0.101895
-0.077119
-0.169523
-0.215564
-0.100557
0.131945
0.229405
0.174884
-0.045799
-0.155910
-0.114092
-0.073836
-0.022518
0.086379
0.257478
0.157810
-0.122340
-0.358914
-0.224627
0.130546
0.262207
0.212751
0.065551
-0.109417
-0.245375
-0.202996
0.014016
0.229948
0.238011
0.045535
-0.138507
-0.146251
-0.090502
-0.040731
0.073317
0.161832
0.106798
-0.033961
-0.143047
-0.127027
-0.021000
0.108567
0.142203
0.016180
-0.108686
-0.083261
0.040938
0.030635
-0.023201
0.116957
0.197096
0.017015
-0.302682
-0.328284
-0.003366
0.306493
0.336397
0.079535
-0.179364
-0.368956
-0.230387
0.137226
0.354767
0.277115
0.009670
-0.227613
-0.188820
-0.085735
0.034882
0.197519
0.120783
0.052029
-0.046180
-0.176401
-0.189970
-0.031054
0.094455
0.168247
0.152328
0.017460
-0.074002
-0.210441
-0.079608
0.057915
0.080110
0.201209
0.150702
-0.064107
-0.308788
-0.246149
0.031263
0.227927
0.229859
0.080882
-0.128882
-0.225672
-0.180344
-0.043480
0.265495
0.336371
0.055096
-0.180186
-0.216131
-0.093942
0.090946
0.045171
0.091633
0.043663
-0.047035
0.068929
-0.000400
-0.125298
-0.235486
-0.153265
0.120096
0.328199
0.223569
-0.142747
-0.078287
0.098361
-0.000845
-0.225201
-0.347793
0.028737
0.364046
0.333081
0.059209
-0.138059
-0.179052
-0.223283
-0.224756
0.002364
0.282922
0.334974
0.081773
-0.128335
-0.227297
-0.252994
0.044211
0.110523
0.204458
0.264139
0.078560
-0.240838
-0.373511
-0.201200
0.112257
0.344701
0.176132
-0.035180
-0.237499
-0.083365
0.087163
0.008997
-0.065296
-0.000346
0.167400
0.132600
-0.036509
-0.286459
-0.238839
0.059070
0.262466
0.262474
0.030730
-0.189739
-0.315268
-0.198655
0.101119
0.297486
0.255873
-0.017091
-0.236235
-0.180873
0.035944
0.124830
0.032984
-0.060931
0.000347
0.136080
0.008513
-0.195464
-0.130646
0.061284
0.247201
0.035484
-0.172610
-0.172462
-0.001772
0.158823
0.056199
-0.016072
-0.073270
0.055303
-0.004353
0.023280
-0.020464
-0.057296
-0.048545
-0.143193
0.193050
0.213237
0.047929
-0.035491
-0.169414
-0.088836
-0.077444
-0.025999
0.006745
-0.006688
0.134713
0.196175
0.198969
-0.157436
-0.425820
-0.209145
0.142696
0.305044
0.156954
0.004327
-0.093006
-0.139889
-0.162316
-0.073117
0.124292
0.263118
0.185673
-0.066069
-0.309702
-0.310636
-0.066519
0.227690
0.301914
0.155697
-0.026284
-0.180226
-0.142407
-0.139409
-0.039136
0.172854
0.172834
-0.063681
-0.195417
0.012309
0.117116
0.060227
-0.088976
-0.125745
0.164765
0.267705
-0.150823
-0.410275
-0.245015
0.240289
0.538483
0.197598
-0.142423
-0.397304
-0.276522
0.008725
0.071314
0.104405
0.152683
0.113274
0.073064
0.042382
-0.273075
-0.417009
-0.099943
0.440091
0.453450
0.005705
-0.349393
-0.350376
0.121613
0.317908
-0.003322
-0.264426
-0.123473
0.123224
0.095063
0.012565
0.030912
0.140164
-0.041558
-0.400332
-0.187446
0.321350
0.475439
0.106527
-0.304297
-0.351813
-0.039874
0.103691
0.043226
0.027765
0.081353
0.189541
0.019027
-0.340428
-0.277115
0.165956
0.343436
0.176516
-0.351963
-0.366226
0.175490
0.418197
0.225490
-0.076394
-0.345191
-0.272927
0.010134
0.070515
0.172434
-0.037858
0.022266
0.304601
0.025934
-0.300224
-0.150694
0.112922
0.211892
0.087541
-0.330356
-0.397515
0.024312
0.458906
0.580109
0.244705
-0.419353
-0.604433
-0.097134
0.327987
0.312903
0.047838
-0.051428
-0.073950
-0.048781
-0.091517
-0.108848
0.079854
0.176511
0.080610
0.025959
-0.101092
-0.206754
-0.108959
0.105536
0.315358
0.181576
-0.108366
-0.408363
-0.267841
0.169199
0.428494
0.240597
-0.147817
-0.323982
-0.241650
0.091005
0.280698
0.254808
-0.035020
-0.229182
-0.257819
-0.084299
0.185815
0.299509
0.172673
-0.143901
-0.325056
-0.277568
0.111239
0.382967
0.358935
-0.024404
-0.407667
-0.343973
-0.067980
0.277038
0.333614
0.114980
-0.150899
-0.194061
-0.116606
-0.019235
0.081180
0.132138
0.190765
0.076282
-0.170589
-0.327023
-0.175428
0.151901
0.382264
0.202328
-0.122527
-0.293700
-0.256118
0.084308
0.283004
0.228316
0.022324
-0.193217
-0.259242
-0.148604
0.136330
0.286802
0.226031
-0.075138
-0.252793
-0.175027
-0.062077
0.115683
0.188769
0.251846
0.061677
-0.254911
-0.346095
-0.198891
0.183966
0.421165
0.293868
-0.098405
-0.365414
-0.248729
-0.033035
0.186509
0.308541
0.147614
-0.104936
-0.335702
-0.277472
0.048944
0.297644
0.355689
0.139465
-0.145062
-0.363460
-0.331496
0.014574
0.284717
0.347107
0.145072
-0.096370
-0.220037
-0.237231
-0.139056
0.092241
0.256401
0.211894
0.062856
-0.240058
-0.289374
-0.207494
0.184833
0.469902
0.237218
-0.107476
-0.355841
-0.220432
-0.032207
0.030685
0.069896
0.330630
0.271268
0.002797
-0.311071
-0.476142
-0.179323
0.131040
0.426713
0.405732
0.123296
-0.272314
-0.470171
-0.232809
0.012905
0.173277
0.292157
0.283011
0.146900
-0.171528
-0.339938
-0.269926
-0.135229
0.114110
0.310345
0.329164
0.177395
-0.261149
-0.486006
-0.121942
0.106027
0.174424
0.169009
0.076212
0.063476
-0.088147
-0.285730
-0.202345
0.083220
0.196656
0.168930
0.130579
-0.014028
-0.233779
-0.293453
-0.150646
0.264542
0.459927
0.138177
-0.240352
-0.316361
-0.185169
-0.101719
0.110002
0.374556
0.316852
0.014500
-0.215996
-0.381513
-0.246114
-0.047171
0.217439
0.424100
0.145941
-0.114473
-0.204268
-0.152837
-0.048038
-0.047144
-0.035928
0.243098
0.342509
-0.000291
-0.269757
-0.351238
-0.099691
0.092642
0.199537
0.259430
0.114253
-0.081167
-0.367771
-0.244502
0.028408
0.180045
0.196855
0.249030
0.135176
-0.161965
-0.348966
-0.370010
0.045310
0.217995
0.238388
0.152646
0.088734
0.056293
-0.333639
-0.424421
-0.160586
0.200923
0.393154
0.337717
-0.007078
-0.272851
-0.200129
-0.147764
0.074983
0.142591
0.018857
0.029104
0.143153
-0.076477
-0.139891
-0.112938
-0.105804
0.174202
0.083902
0.056012
0.076627
0.058110
-0.281617
-0.270867
0.115447
0.342357
0.270513
-0.389511
-0.399546
0.171767
0.505183
0.191715
-0.286494
-0.493096
-0.107589
0.374344
0.180318
-0.071102
-0.132118
-0.062918
0.155379
0.173366
-0.140801
-0.164335
-0.056967
-0.039745
0.151241
0.236329
0.003307
-0.099483
-0.222732
-0.099758
0.084410
0.066204
0.127820
0.251863
0.136955
-0.466796
-0.536269
-0.044801
0.441192
0.526807
-0.009488
-0.580925
-0.163748
0.360827
0.218770
-0.150742
-0.282829
0.012523
0.170827
0.059478
-0.156695
0.000833
0.153760
0.096153
-0.112014
-0.181076
-0.012576
-0.004432
0.056953
0.188792
0.118937
-0.145351
-0.295114
-0.046298
0.247203
0.149869
-0.013555
-0.116323
-0.052417
-0.040198
-0.068146
0.001681
0.047015
0.085699
0.038330
0.047329
-0.015855
-0.029460
-0.133451
-0.160209
0.072038
0.171939
0.159811
0.003398
-0.100693
-0.093855
-0.080447
0.040719
0.120340
0.055341
-0.097680
-0.148558
0.031501
0.059269
0.048025
0.018503
-0.016846
0.051612
-0.001053
-0.117617
-0.066916
0.057619
0.039690
0.047427
-0.002845
-0.014151
0.003840
0.022321
-0.069308
-0.076349
0.019401
0.040566
0.088765
-0.133334
-0.060049
0.154267
0.132665
-0.074697
-0.191486
0.066438
0.182964
0.020170
-0.254458
-0.205467
0.095368
0.324049
0.270038
-0.118380
-0.304768
-0.200986
-0.022631
0.124287
0.188766
0.117649
-0.051255
-0.137138
-0.126070
0.067050
0.126352
-0.001066
-0.006219
0.014435
-0.104242
-0.168983
0.031240
0.282325
0.139535
-0.240018
-0.194129
0.132386
0.211558
-0.092239
-0.158265
-0.021188
0.091083
0.138766
-0.046612
-0.018071
-0.149881
-0.150406
0.119632
0.305395
0.153139
-0.358603
-0.362375
0.086112
0.483534
0.211368
-0.300189
-0.307647
-0.022561
0.169421
0.036030
-0.032434
0.066176
0.028976
-0.043975
-0.075684
0.018766
0.050999
-0.030215
-0.085795
0.065994
0.143191
-0.026565
-0.137440
-0.010138
0.129912
0.074614
0.005595
-0.214248
-0.095513
0.077069
0.126937
0.142918
0.014274
-0.110015
-0.186909
-0.111165
0.017281
0.200483
0.153549
-0.025941
-0.093478
-0.063802
0.021459
-0.090209
-0.009856
0.144183
0.142355
-0.062220
-0.211852
-0.036786
0.140185
0.145635
-0.141418
-0.129330
0.076843
0.097127
0.013195
-0.061255
-0.057797
0.058102
-0.061278
-0.049834
0.116063
0.115797
-0.036389
-0.153444
-0.025018
0.014566
0.088173
0.047129
0.049259
-0.098955
-0.179426
0.042100
0.178968
0.102950
-0.151595
-0.118496
0.079047
0.139474
-0.054769
-0.124499
-0.020936
0.027589
0.148792
0.062100
-0.032190
-0.125971
-0.082325
0.052543
0.067311
-0.084399
-0.089943
0.183050
0.146270
-0.067043
-0.254955
-0.087950
0.241161
0.135458
-0.043972
-0.091750
0.020476
-0.062682
-0.146672
0.073417
0.192604
0.179170
-0.159315
-0.159417
-0.048763
0.098021
0.087081
-0.030351
-0.023385
-0.087076
0.061528
0.015457
-0.081821
-0.082265
0.139392
0.233079
-0.087977
-0.224224
0.001904
0.171924
0.021626
-0.094320
-0.002914
0.039706
-0.053756
-0.108950
0.049209
0.159087
0.135866
-0.072991
-0.193607
-0.138689
0.053109
0.199863
0.098712
-0.031382
-0.172328
-0.040645
0.029368
0.057505
0.140892
-0.130125
-0.055498
0.048378
0.015177
0.039433
0.003263
-0.032800
-0.097424
0.038158
0.128795
0.020850
-0.166916
-0.114985
0.153024
0.207221
-0.016565
-0.171758
-0.098755
0.124375
0.071032
-0.111426
-0.176721
0.095439
0.265662
0.063073
-0.259034
-0.202977
0.213241
0.210486
-0.076125
-0.160866
-0.035386
0.023746
0.099784
0.061190
-0.041730
-0.074682
-0.002415
-0.023497
0.046204
-0.080901
-0.011302
0.195324
-0.006620
-0.030224
-0.112289
-0.094075
0.057992
0.132562
0.058232
-0.093253
-0.066626
-0.119896
0.039480
0.247057
0.036666
-0.108637
-0.140712
-0.028803
0.055321
0.026082
-0.035242
0.041531
0.107024
-0.037059
-0.015709
-0.112021
-0.202851
0.071719
0.284211
0.117873
-0.112363
-0.156684
-0.095768
0.024374
0.078634
-0.023741
0.026063
0.082024
-0.022944
-0.017239
-0.010587
-0.031879
-0.051933
-0.065866
0.054762
0.099639
0.005359
-0.114235
-0.055319
0.048667
0.045100
0.030254
-0.045127
0.035398
-0.019545
-0.040857
0.003109
0.014009
0.026574
-0.114282
-0.026841
0.051421
0.141312
0.054020
-0.152971
-0.088241
0.005356
0.086333
0.042279
-0.058056
-0.029320
-0.085289
-0.014670
0.074690
0.088096
0.126756
-0.075949
-0.176474
-0.148931
0.027632
0.146455
0.240161
0.062303
-0.231644
-0.292141
-0.134697
0.215317
0.292557
0.156897
-0.112176
-0.177933
-0.169115
-0.078186
0.136109
0.179991
0.002004
-0.058252
-0.023801
-0.071424
0.010912
-0.048099
-0.094233
0.063198
0.142194
0.207215
0.061852
-0.251877
-0.254529
-0.070706
0.165542
0.260786
0.112664
-0.224504
-0.246958
0.016793
0.070284
0.199378
0.234947
-0.063598
-0.301944
-0.322432
-0.073041
0.354108
0.352415
0.048015
-0.138127
-0.165978
-0.195394
-0.046102
0.133992
0.130771
0.105389
-0.009854
-0.055649
-0.062993
-0.125399
-0.041749
0.029322
0.067167
0.237697
0.141036
-0.026594
-0.321252
-0.320201
-0.021919
0.248194
0.328185
0.075729
0.012912
-0.208050
-0.206214
-0.040675
0.016977
0.179552
0.072082
-0.041419
0.017579
-0.015156
-0.118674
-0.118770
0.120103
0.126764
0.080005
-0.035458
-0.160322
0.032787
0.072664
0.019567
-0.057056
-0.067545
0.017370
0.121512
0.020817
-0.022245
-0.002210
-0.018394
-0.065016
-0.159426
-0.050222
0.167377
0.222883
0.098561
-0.091207
-0.241829
-0.081838
0.054140
0.157936
0.117047
-0.079199
-0.087132
0.078423
0.089071
-0.052853
-0.164762
-0.193656
0.056906
0.172619
0.154920
0.040925
-0.022370
-0.046087
-0.123963
-0.052904
0.011173
0.139646
0.069846
-0.045638
-0.039548
-0.017334
0.005739
-0.038184
0.016095
0.040605
0.038916
-0.149173
-0.117714
0.127940
0.246919
0.234348
-0.152838
-0.364919
-0.144399
0.086535
0.191641
0.180006
0.029319
-0.044836
-0.092496
-0.029656
-0.141987
-0.072136
0.020051
0.168248
0.260585
-0.045737
-0.130259
-0.154456
-0.029485
0.041693
0.102421
-0.017490
0.011272
-0.034464
0.023865
0.169868
-0.013496
-0.175955
-0.204371
0.082711
0.178427
0.093607
-0.091915
-0.125909
0.124290
0.141078
-0.079282
-0.147242
-0.036995
0.088282
0.093556
-0.018512
-0.175618
-0.015442
0.168606
0.089391
-0.095143
-0.095727
-0.000071
-0.029535
0.052790
0.064409
0.138096
0.070099
-0.215564
-0.274414
0.000887
0.122340
0.173792
0.094014
-0.043798
0.075580
-0.060664
-0.190135
-0.199497
0.053928
0.181058
0.221849
0.137377
-0.189055
-0.233741
-0.194427
0.157518
0.269719
-0.021219
-0.185847
-0.014901
0.079901
0.111037
-0.020733
-0.227433
0.057419
0.155772
-0.040523
-0.076540
-0.070597
0.021776
0.151341
-0.051331
-0.051912
0.044528
0.003323
-0.049306
-0.061158
-0.030190
0.188992
0.089843
-0.154500
-0.075374
-0.004962
0.061631
0.081047
0.004949
-0.154758
-0.056104
-0.038104
0.120165
0.177233
0.076068
-0.143579
-0.162006
-0.096300
-0.045761
0.266161
0.191498
-0.045768
-0.214777
-0.194481
-0.024601
0.174691
0.126711
0.086140
-0.013242
-0.134148
-0.159628
0.060825
0.117751
-0.038776
0.069373
-0.080767
0.001502
0.098492
-0.039319
-0.142798
-0.117895
0.059772
0.123186
0.199913
-0.081560
-0.186844
0.025299
0.040669
0.089723
-0.037377
-0.012336
0.030944
-0.025763
-0.159314
-0.138812
0.111306
0.160153
0.123765
0.003576
-0.127341
-0.079817
-0.000898
-0.022429
0.006039
0.030481
0.117800
0.030463
-0.160348
-0.029078
-0.048131
-0.020997
0.109183
0.080074
0.135181
-0.054823
-0.207524
-0.180138
0.094720
0.290237
0.118363
-0.101196
-0.291328
-0.119934
0.158829
0.107496
-0.036320
-0.003124
0.034084
0.004904
-0.042246
-0.136913
0.016132
0.141734
0.038143
0.024218
-0.005842
-0.008224
-0.161402
-0.129434
0.114922
0.225302
0.097613
-0.246724
-0.172924
0.007107
0.121472
0.109632
0.081414
-0.062254
-0.232330
-0.031297
0.138448
0.152313
-0.120433
-0.131819
0.095594
0.142098
-0.056601
-0.215968
-0.034366
0.187398
0.130542
-0.076224
-0.182534
-0.045196
0.066002
-0.092169
0.038375
0.151507
0.132645
-0.035138
-0.187310
-0.065420
0.029384
-0.001143
-0.026340
0.136318
0.095832
-0.104881
-0.237500
-0.086678
0.257758
0.247005
-0.127935
-0.304857
-0.043369
0.173480
0.110986
-0.047041
-0.088383
0.004902
0.036454
0.024737
0.015405
-0.016451
-0.109767
-0.043892
0.090124
0.137820
0.044313
-0.184230
-0.154351
0.036590
0.206547
0.062770
-0.111853
-0.141796
-0.031254
0.082497
0.169418
0.025303
-0.091177
-0.095597
-0.163968
0.065983
0.234147
0.219693
-0.074476
-0.283020
-0.230189
-0.011441
0.242796
0.148341
0.002634
0.043845
-0.120607
-0.062665
-0.027208
0.000540
0.074628
0.043944
-0.055177
-0.079325
-0.013814
-0.016286
0.161494
0.041461
0.038317
-0.085314
-0.152081
0.005107
0.042942
0.165127
-0.001391
-0.060641
-0.008269
-0.004827
0.004518
-0.080232
0.052399
0.082582
0.061895
-0.143877
-0.200270
-0.014386
0.143102
0.202569
0.036353
-0.049490
-0.077460
-0.093400
-0.123515
0.081307
0.226818
0.114448
-0.136824
-0.145453
-0.100243
0.076192
0.145494
0.013745
0.147108
-0.029885
-0.253767
-0.223101
-0.062287
0.240596
0.285080
0.069345
-0.122049
-0.053892
0.028799
-0.119049
-0.160904
-0.050108
0.190808
0.241974
0.023803
-0.105954
-0.060310
-0.113727
-0.055048
-0.023708
0.084485
0.232446
-0.085950
-0.157892
0.003251
0.162659
0.013771
-0.091549
-0.031042
-0.030011
0.035691
0.055355
0.109457
-0.082148
-0.045405
-0.105398
0.031434
0.165916
-0.010809
-0.088816
-0.046540
0.088846
-0.039583
-0.047650
-0.048624
0.137649
0.199069
-0.033916
-0.234470
-0.126169
0.122560
0.055521
0.074247
-0.028655
-0.030511
0.042103
0.051355
0.097561
-0.076731
-0.178836
-0.101156
0.109811
0.129009
-0.097731
-0.058679
0.099827
0.227166
-0.016171
-0.282751
-0.100017
0.187218
0.252592
-0.059451
-0.251207
-0.144805
0.191491
0.137450
-0.030547
-0.028663
0.025828
0.006007
-0.119950
-0.153887
0.059701
0.264463
0.061089
-0.042379
-0.008855
-0.049256
-0.155863
-0.118908
0.088520
0.319009
0.130717
-0.264654
-0.264066
0.026873
0.085163
0.078694
0.106950
0.067459
0.110580
-0.138592
-0.302838
-0.010575
0.190387
0.161094
-0.033546
-0.109461
-0.006127
0.029000
-0.038111
0.002957
0.116834
0.036357
-0.128524
-0.266825
0.046782
0.266740
0.183046
-0.025255
-0.177800
-0.075063
-0.062381
-0.046550
0.071164
0.282362
0.121718
-0.161422
-0.221908
-0.091802
0.074592
0.070957
-0.028220
-0.025011
0.066113
0.027703
-0.020233
-0.043713
0.133458
0.082805
-0.103046
-0.120994
0.011796
0.151594
0.004616
-0.129298
-0.062968
0.062843
0.048665
-0.037563
-0.062904
0.068044
0.031555
-0.047953
-0.063861
0.037859
0.112134
0.082021
0.015753
-0.141760
-0.146525
0.003438
0.227885
0.078662
-0.076267
-0.131267
-0.076177
0.073148
0.024330
-0.053128
0.065259
0.145806
-0.037238
-0.170188
-0.144230
0.106433
0.148586
0.099434
-0.010586
-0.058908
-0.027978
-0.093942
-0.008762
0.071338
0.041324
-0.136144
-0.106621
0.077781
0.196878
0.037856
-0.162666
-0.142719
-0.086256
0.169724
0.169805
0.079318
0.085794
-0.087577
-0.190386
-0.186271
-0.046275
0.163469
0.153942
0.059957
-0.025750
-0.018353
-0.046245
-0.176338
-0.138089
0.078011
0.260644
0.043212
-0.142703
-0.165340
0.050875
0.166518
-0.062062
-0.071815
0.101128
0.161787
-0.027902
-0.183686
-0.164915
0.032421
0.161938
0.014883
-0.083672
-0.045561
0.040129
0.114796
0.034381
-0.066543
-0.145761
-0.035363
0.001255
0.069933
0.169343
-0.019830
-0.155053
-0.106568
0.124793
0.223865
0.036472
-0.292996
-0.297420
0.004066
0.209640
0.232198
0.166084
-0.083695
-0.197197
-0.171959
-0.056655
0.064173
0.167855
0.137003
-0.089484
-0.075671
-0.137410
-0.048179
0.125445
0.224844
0.014389
-0.211928
-0.238838
-0.028893
0.244410
0.174061
-0.014809
-0.161602
-0.037504
0.061118
0.018657
-0.095657
-0.071377
0.046676
0.087058
0.073450
-0.059672
-0.058296
0.038903
0.011382
-0.105539
-0.112829
0.013284
0.131512
0.201017
0.059011
-0.071643
-0.111000
-0.150162
-0.095388
0.042255
0.112369
0.046907
-0.033495
0.038382
0.073442
-0.038489
-0.107301
-0.056393
0.065931
0.097028
0.006035
-0.156061
-0.052476
0.071860
0.100411
0.065299
-0.035177
-0.113200
-0.081765
-0.014298
0.000888
0.044514
0.062915
0.111366
0.033163
-0.005984
-0.184071
-0.220754
-0.046116
0.162850
0.289882
0.114249
-0.118597
-0.234207
-0.066677
0.095448
0.078162
-0.091775
-0.040363
0.072468
0.097984
0.014498
-0.177199
-0.077092
0.110624
0.125333
-0.050337
-0.130192
-0.044925
0.109423
0.042633
-0.014029
-0.031035
-0.044095
0.125116
0.022372
-0.074467
-0.100125
-0.040318
0.036998
0.054836
0.058011
0.011384
-0.027674
-0.045069
0.019488
-0.015971
-0.018316
-0.076461
0.025137
0.094257
0.029800
-0.026890
-0.001796
0.151810
-0.033559
-0.188007
-0.210416
-0.032746
0.191677
0.280614
0.119915
-0.176510
-0.215017
-0.136079
0.134257
0.189494
0.049953
-0.128198
-0.154467
0.087386
0.111906
-0.029309
-0.127492
-0.032715
0.204309
0.175742
-0.130696
-0.334219
-0.120408
0.237729
0.291191
0.074684
-0.255824
-0.186914
0.126342
0.174967
-0.058586
-0.219216
-0.099275
0.174086
0.307257
0.039684
-0.242594
-0.218413
0.060839
0.226850
0.008364
-0.154213
-0.082014
0.073660
0.211028
0.066286
-0.127710
