0.004998
0.004962
0.004994
0.005046
0.005116
0.005125
0.005298
0.005535
0.005518
0.005767
0.005890
0.006003
0.005982
0.005811
0.005651
0.005523
0.005671
0.005597
0.005463
0.005357
0.005375
0.005267
0.005271
0.005224
0.005229
0.005085
0.004626
0.004355
0.004159
0.004232
0.004257
0.004264
0.004101
0.003970
0.003940
0.003978
0.003804
0.003628
0.003677
0.004000
0.003988
0.003823
0.003769
0.003534
0.003344
0.003258
0.003101
0.002881
0.002826
0.002657
0.002754
0.002843
0.002564
0.002356
0.002258
0.002215
0.002172
0.002097
0.002214
0.002321
0.002377
0.002170
0.001835
0.001365
0.001310
0.001285
0.001216
0.001208
0.000906
0.000863
0.000533
0.000169
0.000060
0.000165
0.000376
0.000323
0.000276
-0.000069
-0.000221
-0.000068
-0.000060
0.000161
0.000122
0.000058
-0.000384
-0.000696
-0.000272
-0.000251
-0.000416
-0.000804
-0.001332
-0.001384
-0.001339
-0.001775
-0.001957
-0.002113
-0.002354
-0.002376
-0.002319
-0.001935
-0.002168
-0.002254
-0.002289
-0.002261
-0.002175
-0.002131
-0.002053
-0.001910
-0.001872
-0.002296
-0.002379
-0.002670
-0.002456
-0.002786
-0.002657
-0.002527
-0.002715
-0.002619
-0.002800
-0.002515
-0.002757
-0.002823
-0.002766
-0.002625
-0.002295
-0.002273
-0.002588
-0.002428
-0.002407
-0.002231
-0.001801
-0.001626
-0.001651
-0.001748
-0.001745
-0.001826
-0.001547
-0.001345
-0.001154
-0.000896
-0.000820
-0.001088
-0.001108
-0.001094
-0.001166
-0.001214
-0.001261
-0.001089
-0.001001
-0.001304
-0.001340
-0.001328
-0.001235
-0.000806
-0.000761
-0.000777
-0.001310
-0.001421
-0.001176
-0.000907
-0.000581
-0.000555
-0.000712
-0.001016
-0.000994
-0.001023
-0.001149
-0.000843
-0.000600
-0.000851
-0.000879
-0.000909
-0.001046
-0.000980
-0.000501
-0.000463
-0.000543
-0.000590
-0.000901
-0.000798
-0.000713
-0.000743
-0.001018
-0.000935
-0.000801
-0.000593
-0.000625
-0.000990
-0.000991
-0.001192
-0.000933
-0.000610
-0.000320
0.000077
-0.000036
-0.000845
-0.001232
-0.001298
-0.000794
0.000078
0.000442
0.000149
-0.001126
-0.001806
-0.001856
-0.001118
-0.000377
0.000311
-0.000039
-0.001047
-0.001818
-0.001965
-0.001515
-0.000951
-0.000361
-0.000632
-0.001104
-0.001808
-0.001673
-0.001204
-0.000446
-0.000234
-0.000929
-0.001518
-0.001524
-0.000907
-0.000347
0.000086
-0.000955
-0.001825
-0.001934
-0.001202
-0.000200
-0.000621
-0.001354
-0.002082
-0.001620
-0.001312
-0.001205
-0.001090
-0.000641
-0.000290
-0.000608
-0.000928
-0.001400
-0.001216
-0.000472
0.000684
0.000879
-0.000355
-0.001997
-0.002439
-0.001461
0.000017
0.000357
-0.000278
-0.001392
-0.001735
-0.001332
-0.001144
-0.000840
-0.000608
-0.000546
-0.000995
-0.001604
-0.002382
-0.002220
-0.001665
-0.001041
-0.000790
-0.001985
-0.002771
-0.002802
-0.001951
-0.001601
-0.002079
-0.003043
-0.003227
-0.002069
-0.001833
-0.002187
-0.003924
-0.004263
-0.003446
-0.002465
-0.001482
-0.002425
-0.003515
-0.003989
-0.002892
-0.002051
-0.002348
-0.002259
-0.002119
-0.001598
-0.001573
-0.002123
-0.002801
-0.003089
-0.002222
-0.001182
-0.001163
-0.002078
-0.002632
-0.003229
-0.002671
-0.001851
-0.001370
-0.001168
-0.001656
-0.002363
-0.002981
-0.002668
-0.002395
-0.001946
-0.001716
-0.001354
-0.001937
-0.002097
-0.001554
-0.000865
-0.000025
-0.000324
-0.000573
-0.001021
-0.000594
-0.000197
-0.000235
-0.000201
-0.000226
-0.000267
0.000153
0.000320
-0.000149
-0.000509
-0.001003
-0.000500
0.000029
0.000210
0.000011
-0.000175
-0.000110
0.000061
0.000205
-0.000349
-0.000317
-0.000035
0.000672
0.001164
0.000507
-0.000168
-0.000267
0.000593
0.001055
0.001051
0.000392
-0.000208
0.000150
0.000773
0.001138
0.000622
0.000410
0.000360
0.000910
0.001241
0.001270
0.001378
0.001324
0.001543
0.001633
0.002023
0.002160
0.001885
0.001677
0.001827
0.001955
0.002317
0.002174
0.001652
0.001683
0.002047
0.002416
0.002180
0.001903
0.001952
0.002206
0.002213
0.001989
0.001598
0.001275
0.001327
0.001605
0.001890
0.001664
0.001597
0.001482
0.001690
0.002110
0.002041
0.001965
0.001737
0.002012
0.002212
0.002607
0.002543
0.002040
0.001589
0.001886
0.002464
0.002298
0.002119
0.001764
0.001945
0.001885
0.001893
0.001799
0.001798
0.001614
0.001539
0.001372
0.001114
0.001137
0.001080
0.001165
0.001141
0.001278
0.000919
0.000731
0.000721
0.001016
0.001440
0.001539
0.001529
0.001423
0.001414
0.001573
0.001380
0.000956
0.000700
0.000388
0.000481
0.000661
0.000464
0.000027
-0.000204
0.000020
-0.000020
0.000089
0.000129
-0.000127
0.000002
0.000015
0.000108
-0.000038
-0.000417
-0.000417
-0.000587
-0.000826
-0.000768
-0.000803
-0.000848
-0.000727
-0.000861
-0.000901
-0.001043
-0.001109
-0.001174
-0.001300
-0.001249
-0.001409
-0.001633
-0.001681
-0.001756
-0.001870
-0.001765
-0.002141
-0.002113
-0.002170
-0.002373
-0.002406
-0.002296
-0.002324
-0.002351
-0.002325
-0.002544
-0.002426
-0.002585
-0.002257
-0.002181
-0.002414
-0.002292
-0.002110
-0.002023
-0.002061
-0.001974
-0.002285
-0.002509
-0.002537
-0.002644
-0.002143
-0.002183
-0.002048
-0.001960
-0.002084
-0.002428
-0.002552
-0.002215
-0.002217
-0.002037
-0.002245
-0.002098
-0.002131
-0.002107
-0.002239
-0.001808
-0.001342
-0.001457
-0.001550
-0.001891
-0.001928
-0.001505
-0.001520
-0.001399
-0.001457
-0.001489
-0.001280
-0.001430
-0.001172
-0.001278
-0.000859
-0.000823
-0.000446
-0.000285
-0.000386
-0.000073
0.000008
0.000134
-0.000149
-0.000270
-0.000384
-0.000432
-0.000489
-0.000502
-0.000574
-0.000526
-0.000565
-0.000615
-0.000470
-0.000496
-0.000623
-0.000782
-0.000701
-0.000380
-0.000506
-0.000965
-0.001279
-0.001349
-0.001021
-0.001156
-0.001244
-0.001284
-0.001123
-0.001087
-0.001194
-0.000804
-0.000692
-0.000703
-0.000848
-0.000804
-0.000862
-0.000872
-0.001086
-0.001193
-0.000753
-0.000454
-0.000002
-0.000178
-0.000350
-0.000448
-0.000699
-0.000727
-0.000490
-0.000422
-0.000623
-0.000481
-0.000586
-0.000212
0.000111
-0.000015
-0.000035
-0.000136
-0.000196
-0.000138
0.000052
0.000238
0.000337
0.000609
0.000860
0.000827
0.001109
0.001050
0.000864
0.000918
0.000910
0.001181
0.001104
0.000903
0.000849
0.000762
0.000660
0.000733
0.000751
0.000785
0.000559
0.000525
0.000557
0.000596
0.000883
0.001029
0.001135
0.000907
0.001019
0.000658
0.000429
0.000498
0.000464
0.000487
0.000381
0.000460
0.000166
0.000096
0.000022
-0.000001
0.000035
-0.000247
-0.000383
-0.000401
-0.000513
-0.000225
0.000014
-0.000378
-0.000488
-0.000346
-0.000162
-0.000042
-0.000212
-0.000411
-0.000681
-0.001010
-0.000901
-0.000792
-0.001097
-0.001490
-0.001533
-0.001587
-0.001453
-0.001379
-0.001524
-0.001810
-0.002034
-0.002026
-0.002096
-0.001865
-0.002220
-0.001980
-0.002108
-0.002255
-0.001838
-0.001946
-0.001744
-0.001903
-0.001828
-0.001842
-0.001721
-0.001667
-0.001546
-0.001579
-0.001798
-0.001805
-0.001996
-0.001595
-0.001494
-0.001670
-0.001640
-0.001635
-0.001426
-0.001364
-0.001371
-0.001475
-0.001634
-0.001676
-0.001765
-0.001698
-0.001946
-0.002112
-0.002107
-0.002150
-0.002455
-0.002731
-0.002643
-0.002887
-0.003058
-0.002932
-0.002815
-0.003309
-0.003651
-0.003531
-0.003457
-0.003622
-0.004081
-0.003889
-0.003978
-0.003768
-0.003474
-0.004151
-0.004516
-0.004663
-0.004880
-0.004819
-0.004779
-0.004986
-0.005319
-0.005364
-0.005045
-0.005018
-0.005143
-0.005582
-0.005595
-0.005404
-0.005388
-0.005374
-0.005450
-0.005223
-0.005071
-0.005004
-0.005145
-0.005044
-0.004588
-0.004332
-0.004072
-0.003918
-0.003694
-0.003624
-0.003805
-0.003506
-0.003031
-0.002640
-0.002553
-0.002613
-0.002402
-0.002105
-0.001741
-0.001209
-0.000702
-0.000441
-0.000339
-0.000293
-0.000015
0.000759
0.001483
0.001848
0.001533
0.001385
0.001593
0.001769
0.002504
0.003101
0.003412
0.003336
0.003277
0.003622
0.003556
0.003957
0.004797
0.004833
0.004712
0.004283
0.004003
0.004395
0.004853
0.004710
0.004484
0.004535
0.004713
0.005098
0.005106
0.005176
0.004953
0.004865
0.005429
0.005749
0.005545
0.005348
0.005082
0.005126
0.005278
0.005152
0.005209
0.004870
0.004657
0.004786
0.004498
0.004460
0.004494
0.004335
0.004420
0.004333
0.004170
0.004132
0.003884
0.004018
0.004278
0.004246
0.004217
0.003941
0.003918
0.003980
0.003968
0.004143
0.004327
0.004121
0.004000
0.003663
0.003367
0.003523
0.003683
0.004123
0.004210
0.004253
0.003993
0.003742
0.003987
0.003999
0.004104
0.003681
0.003277
0.003190
0.003350
0.003484
0.003442
0.003407
0.003260
0.003441
0.003083
0.002938
0.002781
0.002470
0.002476
0.002196
0.002132
0.001917
0.001610
0.001424
0.001287
0.001283
0.001305
0.001744
0.001925
0.001882
0.001613
0.001518
0.001374
0.001176
0.001044
0.000699
0.000482
0.000141
0.000064
-0.000194
-0.000247
-0.000555
-0.000721
-0.000619
-0.000993
-0.001130
-0.001161
-0.001284
-0.001043
-0.001294
-0.001348
-0.001476
-0.001895
-0.001813
-0.001954
-0.001632
-0.001687
-0.001729
-0.001747
-0.001593
-0.001319
-0.001516
-0.001643
-0.001628
-0.001499
-0.001383
-0.001167
-0.001166
-0.001460
-0.001504
-0.001524
-0.001046
-0.000805
-0.000390
-0.000027
-0.000302
-0.000058
-0.000199
0.000027
0.000001
0.000075
-0.000326
-0.000488
-0.000171
-0.000276
-0.000295
-0.000594
-0.000694
-0.000840
-0.000464
-0.000590
-0.001194
-0.001217
-0.000883
-0.000715
-0.000564
-0.000728
-0.001407
-0.001549
-0.001619
-0.001742
-0.001747
-0.001666
-0.001661
-0.001868
-0.001654
-0.001937
-0.002256
-0.001902
-0.001734
-0.001701
-0.001893
-0.002181
-0.002502
-0.002265
-0.001668
-0.001499
-0.001822
-0.002615
-0.002685
-0.002743
-0.003015
-0.002478
-0.002511
-0.003081
-0.003121
-0.003032
-0.002954
-0.002957
-0.003224
-0.003023
-0.003007
-0.003281
-0.002945
-0.003021
-0.003159
-0.003278
-0.003569
-0.003723
-0.003952
-0.003764
-0.003706
-0.003589
-0.003415
-0.003650
-0.003694
-0.003572
-0.003482
-0.003558
-0.003855
-0.003975
-0.003790
-0.003567
-0.003330
-0.003668
-0.004239
-0.004396
-0.004026
-0.003138
-0.002543
-0.002454
-0.002858
-0.002958
-0.002870
-0.002533
-0.002268
-0.002260
-0.002493
-0.002474
-0.002166
-0.002234
-0.002056
-0.002356
-0.002568
-0.002557
-0.002494
-0.002246
-0.002195
-0.002169
-0.002093
-0.001770
-0.001469
-0.001311
-0.001149
-0.001356
-0.001607
-0.001211
-0.000918
-0.001089
-0.001183
-0.001061
-0.000740
-0.000709
-0.000652
-0.000841
-0.001220
-0.001409
-0.001171
-0.000517
-0.000370
-0.000559
-0.000785
-0.001053
-0.000818
-0.000363
-0.000553
-0.000706
-0.001164
-0.001608
-0.001548
-0.001386
-0.000905
-0.001049
-0.001118
-0.001207
-0.001371
-0.001601
-0.002037
-0.002144
-0.002421
-0.002549
-0.002904
-0.002922
-0.002829
-0.002402
-0.001443
-0.001571
-0.002384
-0.003084
-0.003466
-0.003159
-0.002712
-0.002346
-0.002220
-0.002453
-0.002231
-0.001944
-0.001810
-0.001712
-0.001887
-0.001722
-0.001562
-0.001461
-0.001623
-0.001771
-0.001562
-0.001709
-0.001708
-0.001205
-0.001004
-0.001268
-0.001281
-0.001495
-0.001263
-0.000972
-0.000809
-0.000668
-0.000655
-0.000769
-0.001278
-0.001344
-0.000938
-0.000578
-0.000863
-0.000983
-0.001659
-0.001849
-0.001951
-0.001873
-0.000207
0.000446
0.000637
0.001390
0.001449
-0.000149
-0.002688
-0.004209
-0.003402
-0.001360
0.001292
0.003446
0.004043
0.002144
-0.001883
-0.003419
-0.002364
0.000026
0.004124
0.006652
0.004812
-0.000738
-0.005305
-0.005672
-0.002152
0.003127
0.007582
0.008461
0.003872
-0.002059
-0.004807
-0.003326
0.000701
0.004359
0.005384
0.003855
0.001066
-0.000587
-0.000306
0.001009
0.002772
0.003918
0.004393
0.003376
0.001354
0.000228
0.001312
0.003557
0.005007
0.005077
0.004382
0.003625
0.003450
0.003955
0.004148
0.003832
0.003810
0.004016
0.003996
0.003364
0.002265
0.001731
0.002259
0.003392
0.003527
0.002525
0.001221
0.000655
0.001351
0.002513
0.003416
0.003276
0.002207
0.001556
0.001898
0.002112
0.001327
0.000380
-0.000016
-0.000201
-0.000081
0.000059
0.000301
0.000430
0.000200
-0.000004
-0.000473
-0.001342
-0.001941
-0.001923
-0.001586
-0.001674
-0.002138
-0.001820
-0.001531
-0.001440
-0.001353
-0.001286
-0.001510
-0.002155
-0.002351
-0.001935
-0.002118
-0.002866
-0.003098
-0.003094
-0.003320
-0.004206
-0.004839
-0.004798
-0.004496
-0.004084
-0.004047
-0.004598
-0.005295
-0.005494
-0.004917
-0.004423
-0.003996
-0.003502
-0.003307
-0.003551
-0.004303
-0.004311
-0.003461
-0.002445
-0.001751
-0.001940
-0.002347
-0.003002
-0.003744
-0.003321
-0.003223
-0.002976
-0.002947
-0.002871
-0.002625
-0.002711
-0.002147
-0.002584
-0.002781
-0.002799
-0.002166
-0.001328
-0.000825
-0.000510
-0.000186
-0.000533
-0.001437
-0.001630
-0.002475
-0.002894
-0.000457
0.003516
0.004929
0.005362
0.005228
0.002256
-0.003095
-0.005881
-0.004501
-0.000884
0.002504
0.005292
0.008274
0.006470
0.000443
-0.003953
-0.002706
0.001064
0.004007
0.004934
0.004652
0.003620
0.000473
-0.001338
-0.000491
0.001681
0.003085
0.003331
0.003415
0.003096
0.002027
0.001393
0.001407
0.001366
0.002289
0.001709
0.001098
-0.000620
-0.004694
-0.000564
0.005643
0.006881
0.010583
0.011859
0.007246
-0.000395
-0.006750
-0.003513
0.003116
0.002019
0.001906
0.008153
0.010385
0.005860
0.001013
0.000566
0.002506
0.000621
-0.002975
0.000158
0.006112
0.008497
0.006716
0.002749
0.000345
-0.000144
0.000729
0.004362
0.008615
0.009573
0.006814
0.001600
-0.001509
-0.000185
0.003804
0.007658
0.008584
0.006219
0.003107
0.001329
0.001727
0.003061
0.003464
0.003681
0.004745
0.006263
0.007514
0.006557
0.001274
-0.005362
-0.006255
-0.000102
0.008172
0.011343
0.009269
0.007303
0.003632
-0.000960
-0.003384
-0.003283
-0.001210
0.001229
0.003577
0.004432
0.002255
-0.001659
-0.002162
0.000429
-0.000381
-0.003523
-0.004271
-0.002484
0.000744
0.003237
0.002806
0.002054
0.000022
-0.003894
-0.005877
-0.006379
-0.006621
-0.005252
-0.000843
0.006385
0.010405
0.003732
-0.010919
-0.021381
-0.018872
-0.007241
0.004155
0.007334
0.002421
-0.005356
-0.012852
-0.015065
-0.007907
0.003317
0.008178
0.003422
-0.006387
-0.012817
-0.011963
-0.006695
-0.001298
0.003140
0.004682
0.001363
0.000181
0.002207
0.000444
-0.009363
-0.017937
-0.012138
0.003976
0.013918
0.010310
0.000375
-0.007975
-0.011078
-0.008415
0.000389
0.009027
0.010485
0.005351
-0.000029
-0.002842
-0.005486
-0.006758
-0.002262
0.007032
0.013899
0.012571
0.003791
-0.004369
-0.006113
-0.000929
0.005644
0.007963
0.004369
-0.001682
-0.001880
0.003849
0.007080
0.005896
0.004177
0.003416
0.004049
0.004005
0.004248
0.002190
-0.005217
-0.008763
-0.000887
0.011080
0.013327
0.005286
-0.001289
0.000428
0.003724
0.000678
-0.004510
-0.004400
0.001012
0.005846
0.005899
0.002222
-0.003033
-0.007352
-0.006572
0.000340
0.007622
0.007455
0.000406
-0.006292
-0.005648
-0.000455
0.002312
0.002346
-0.001690
-0.005092
-0.003772
-0.000278
0.002793
0.002467
-0.000679
-0.004084
-0.005478
-0.004270
-0.002752
-0.003601
-0.006763
-0.005529
0.001014
0.005062
0.003816
-0.002068
-0.009568
-0.015357
-0.012438
-0.000639
0.009742
0.008431
-0.002062
-0.010565
-0.013848
-0.014450
-0.012856
-0.004300
0.008496
0.013953
0.003354
-0.016251
-0.028228
-0.024589
-0.010434
0.003136
0.007781
0.001065
-0.012844
-0.023844
-0.024064
-0.015139
-0.004185
0.001332
-0.001104
-0.008618
-0.015909
-0.017922
-0.015590
-0.011439
-0.009467
-0.010402
-0.011640
-0.011198
-0.009439
-0.009874
-0.013462
-0.016864
-0.014623
-0.008867
-0.005927
-0.009904
-0.017095
-0.020617
-0.015482
-0.007321
-0.004352
-0.008059
-0.016342
-0.023711
-0.025850
-0.020572
-0.011685
-0.005214
-0.006562
-0.009799
-0.011412
-0.016279
-0.026814
-0.033581
-0.024093
-0.005764
0.005036
0.004645
0.000384
-0.005845
-0.012340
-0.013688
-0.001706
0.014716
0.023202
0.023060
0.021259
0.018229
0.013362
0.015485
0.025143
0.031227
0.029317
0.031753
0.033163
0.034388
0.028736
0.027312
0.039363
0.047295
0.046547
0.042972
0.042427
0.035611
0.026001
0.019825
0.025966
0.028323
0.023836
0.025430
0.022449
0.012117
0.006323
-0.002970
-0.015203
-0.020420
-0.012994
0.003047
0.004355
-0.001076
-0.004480
-0.007019
-0.022907
-0.030320
-0.033697
-0.036390
-0.040946
-0.031770
-0.017669
-0.028872
-0.031301
-0.033253
-0.019648
-0.031933
-0.046122
-0.044688
-0.047179
-0.040066
-0.045349
-0.027839
-0.011180
0.000380
0.003562
-0.013073
-0.028903
-0.055928
-0.075106
-0.064827
-0.042429
-0.032716
-0.030038
-0.017155
0.005036
0.018218
0.014674
0.003537
-0.034726
-0.101412
-0.137325
-0.091763
-0.009889
0.052726
0.100706
0.103689
0.050009
-0.047423
-0.133217
-0.159648
-0.132176
-0.045150
0.071899
0.158095
0.161493
0.084061
-0.016818
-0.114952
-0.166361
-0.150274
-0.083187
0.020831
0.115845
0.183540
0.159994
0.074194
-0.019950
-0.099863
-0.124830
-0.103493
-0.040235
0.044116
0.117106
0.164875
0.155750
0.075491
-0.003616
-0.066043
-0.080644
-0.040474
0.018082
0.081143
0.117041
0.132264
0.116292
0.064934
0.018110
-0.014128
-0.002557
0.031864
0.034289
0.048490
0.061449
0.071140
0.078502
0.086940
0.086695
0.050245
0.006462
-0.032400
-0.024397
0.001244
0.031618
0.091470
0.106540
0.089791
0.074768
0.025970
-0.018644
-0.047351
-0.038403
0.006988
0.045927
0.074514
0.071506
0.040033
-0.000389
-0.020222
-0.017525
0.013454
0.048177
0.032043
0.005186
-0.004444
-0.018191
-0.019559
-0.007341
0.016457
0.035706
0.020776
-0.003460
-0.019729
-0.036349
-0.046491
-0.031399
-0.001362
0.015568
0.014318
0.001916
-0.020389
-0.025599
-0.017175
-0.021569
-0.037401
-0.052641
-0.035773
-0.012192
-0.000326
0.005021
0.008995
0.005588
-0.019105
-0.047654
-0.067802
-0.062146
-0.035256
-0.005880
0.026932
0.037355
0.011669
-0.011524
-0.014979
-0.035547
-0.064233
-0.044358
-0.022353
-0.002623
0.023371
0.036057
0.036596
-0.003620
-0.061511
-0.077896
-0.040729
0.013184
0.046590
0.042354
0.010132
-0.024704
-0.043404
-0.036428
0.009926
0.038042
0.034924
0.018774
-0.011062
-0.023374
-0.019578
-0.000359
0.013092
0.017624
0.021227
0.020506
0.037277
0.022550
-0.011401
-0.016000
-0.021194
-0.012342
0.013617
0.033542
0.037175
0.008436
-0.021483
-0.012903
0.007760
0.010203
-0.008948
-0.021161
-0.025883
-0.010007
0.009109
0.007752
0.012036
-0.009840
-0.032167
-0.022760
-0.019576
-0.020421
-0.015563
-0.011013
-0.007235
-0.018710
-0.030863
-0.020875
-0.010177
-0.018335
-0.024983
-0.014739
-0.006981
-0.010755
-0.022681
-0.038644
-0.040189
-0.028730
-0.005491
0.017384
0.016634
-0.008265
-0.036310
-0.047410
-0.036566
-0.020194
-0.013547
-0.006185
0.006587
0.028757
0.008191
-0.037777
-0.055827
-0.051568
-0.020246
0.014259
0.037614
0.033191
-0.001952
-0.042301
-0.053038
-0.042390
-0.024990
-0.000346
0.022032
0.029764
0.012967
-0.015831
-0.038796
-0.044260
-0.025820
0.006445
0.021385
0.017267
-0.012855
-0.014194
-0.022969
-0.037698
0.000203
0.021429
0.025808
0.004865
-0.025707
-0.039663
-0.036793
-0.014561
0.025135
0.049959
0.026624
-0.015215
-0.038973
-0.033692
-0.004128
0.033351
0.037152
0.007388
-0.032680
-0.047430
-0.022600
0.024768
0.054896
0.036699
-0.014538
-0.044014
-0.046146
-0.026571
0.025832
0.028587
0.028474
0.016001
-0.023145
-0.025054
-0.028150
-0.017406
-0.006983
-0.002321
0.012266
0.029883
0.012807
-0.027927
-0.037257
-0.019017
0.007984
0.021006
0.015942
-0.011580
-0.031264
-0.007155
0.038296
0.044767
0.004298
-0.036157
-0.061767
-0.058776
-0.024852
0.032305
0.076690
0.059843
0.001024
-0.038668
-0.043191
-0.035402
-0.033542
-0.024898
0.011990
0.044013
0.044196
0.010565
-0.028133
-0.041084
-0.032195
-0.014231
0.006188
0.019181
0.008047
-0.007823
-0.022181
-0.026889
-0.014080
-0.005619
0.004783
0.009623
-0.006368
-0.021812
-0.018824
-0.006337
0.005742
0.001658
-0.014014
-0.020124
-0.008240
0.005213
0.006662
-0.009276
-0.025975
-0.020970
-0.001815
0.017297
0.008481
-0.007550
-0.010828
-0.002740
0.004248
-0.002384
-0.014255
-0.013207
0.004564
0.019301
0.019260
0.001675
-0.017006
-0.015028
0.005001
0.019559
0.017345
-0.000141
-0.010480
-0.001908
0.017503
0.029946
0.018031
-0.004451
-0.002751
0.017800
0.025238
0.012773
-0.006682
-0.003011
0.018572
0.035802
0.033108
0.012166
-0.000971
0.007273
0.023383
0.024392
0.018067
0.015170
0.019690
0.024360
0.018383
0.015544
0.011899
0.006648
0.017287
0.029168
0.026932
0.015019
0.005508
0.015504
0.037243
0.031730
0.003606
-0.005843
0.007286
0.018939
0.021212
0.024819
0.008880
0.022607
0.047343
0.044706
0.001461
-0.034569
-0.035241
-0.009151
0.035886
0.057772
0.062499
0.024987
0.005705
-0.070648
0.005615
0.034719
-0.017862
0.038609
0.041491
0.033054
-0.046504
-0.034913
-0.035014
0.021979
0.091661
0.084056
0.042047
-0.064587
-0.090267
-0.049657
-0.003726
0.038139
0.076646
0.060803
0.016319
-0.028095
-0.032581
-0.031995
-0.021565
0.004437
0.036493
0.042973
0.022230
-0.009932
-0.032227
-0.023896
0.006237
0.042778
0.013635
-0.017949
-0.023045
0.007300
0.025424
0.004611
-0.015552
-0.039892
-0.001754
0.051927
0.046498
0.008730
-0.064053
-0.050167
0.007941
0.039589
0.035186
-0.014068
-0.046357
-0.007800
0.076435
0.023155
-0.018035
-0.067074
-0.024045
0.040765
0.035361
0.066984
0.017234
-0.067658
-0.091131
-0.018471
0.010091
0.077003
0.019873
-0.009255
0.076862
0.056229
-0.025532
-0.129038
-0.125228
-0.043183
0.040484
0.097944
0.043418
0.052004
0.052952
-0.041216
0.029970
-0.087363
-0.151175
-0.023738
0.056101
0.088831
0.033036
-0.026812
-0.019678
-0.064267
-0.104652
-0.018077
-0.043272
0.122564
0.160232
0.113068
0.080045
-0.135191
-0.199101
-0.230645
-0.103750
0.005202
0.124765
0.322531
0.230057
0.016377
-0.247613
-0.336277
-0.311309
-0.110821
0.309163
0.410591
0.418478
0.155634
-0.238443
-0.406922
-0.511422
-0.278937
0.141753
0.454597
0.469119
0.324324
-0.061476
-0.500210
-0.382193
-0.285287
0.046586
0.383229
0.357678
0.299417
-0.041987
-0.361358
-0.425977
-0.169906
0.073255
0.387642
0.444868
0.100272
-0.118542
-0.325040
-0.276794
-0.151944
-0.025274
0.272518
0.356651
0.180560
-0.064311
-0.212697
-0.275006
-0.183577
0.079953
0.299866
0.258638
0.025439
-0.141143
-0.161099
-0.128427
-0.042564
0.062897
0.206826
0.169179
0.016326
-0.036468
-0.220423
-0.197432
-0.066257
0.168933
0.241036
0.124255
-0.103304
-0.229757
-0.077332
-0.059919
0.022448
0.150505
0.173165
0.010303
-0.105612
-0.149512
-0.113347
-0.036516
0.063772
0.135655
0.087088
-0.072831
-0.141250
-0.015278
0.046424
0.055767
0.046400
-0.062488
-0.171079
-0.053085
0.148181
0.148468
-0.040451
-0.175505
-0.063996
0.058134
0.064587
0.016022
-0.159938
-0.059744
0.122256
0.133098
-0.039889
-0.166812
-0.211442
-0.141492
0.369978
0.527475
0.113629
-0.378456
-0.570222
-0.315534
0.121949
0.292094
0.290335
0.334124
0.082373
-0.294661
-0.425535
-0.300275
-0.022605
0.205723
0.197891
0.209403
0.197178
-0.104443
-0.312304
-0.207809
-0.086021
0.078638
0.160041
0.095963
0.116110
0.013352
-0.069134
-0.120454
-0.141295
-0.132663
-0.007278
0.157872
0.169056
0.082678
-0.104608
-0.170766
-0.073386
0.044879
0.024746
-0.054741
-0.104258
0.058873
0.134104
0.100037
-0.024010
-0.173903
-0.120103
0.005398
0.135817
0.032850
-0.083532
-0.150190
-0.089253
0.083758
0.151157
0.036722
-0.130817
-0.100508
0.040873
0.087344
0.047356
-0.119990
-0.131409
0.037886
0.043993
0.073611
-0.053575
-0.153545
-0.031378
0.083635
-0.007726
-0.108592
0.027972
0.106117
0.105533
-0.011197
-0.145963
-0.113047
-0.056373
-0.063808
-0.012524
0.066618
0.096309
0.164192
0.050810
-0.116733
-0.138758
-0.204281
-0.098432
0.049151
0.191672
0.227162
0.038911
-0.072688
-0.091661
-0.014666
-0.100815
-0.164825
-0.009749
0.124957
0.133453
0.129918
0.003377
-0.131665
-0.013727
-0.044825
0.019285
0.081633
0.006896
-0.011363
-0.042036
-0.087178
-0.093388
0.070689
0.045898
0.201821
0.337170
-0.119430
-0.366538
-0.335453
-0.227737
0.256607
0.492387
0.302034
0.110421
-0.180292
-0.375488
-0.307616
-0.143112
0.087648
0.426042
0.467923
0.212394
-0.032390
-0.215556
-0.270868
-0.316510
-0.287590
0.127867
0.555629
0.418930
0.125807
-0.173382
-0.272465
-0.126806
-0.125831
-0.097036
0.124749
0.457024
0.386637
-0.038071
-0.335345
-0.264703
-0.224579
-0.055537
0.413929
0.484039
0.301817
-0.035194
-0.290284
-0.388176
-0.348577
0.015135
0.367296
0.291545
0.101288
0.071953
0.037432
-0.110693
-0.238580
-0.171275
0.070687
0.385577
0.255051
-0.033944
-0.212001
-0.160591
0.023559
-0.013754
0.033952
0.043270
0.108410
0.178941
0.023395
-0.204099
-0.200681
0.018746
0.179715
0.134110
-0.165603
-0.095480
0.172539
0.167583
0.005228
-0.088288
-0.038710
-0.004748
0.015342
-0.134510
-0.071989
0.056698
0.119477
0.181847
-0.025564
-0.118712
-0.114951
0.001181
-0.014317
0.090616
0.139766
-0.057291
-0.054659
0.012263
0.105287
0.075644
-0.080230
-0.132861
0.095721
-0.007504
-0.097477
0.001526
0.086918
0.181486
-0.002100
-0.169054
-0.197019
-0.034309
0.079063
0.187811
0.228404
0.075167
-0.028326
-0.191224
-0.172947
-0.039341
0.100485
0.072386
-0.045170
0.031566
0.128001
0.177314
-0.030897
-0.165556
-0.125073
0.022878
0.097949
0.118493
-0.053390
-0.142020
-0.086443
0.037660
0.375606
0.321036
-0.027088
-0.410444
-0.266871
0.098808
0.314898
0.242566
0.015524
-0.060640
-0.133967
-0.107790
-0.030519
-0.012656
-0.008578
0.139630
0.185453
0.084564
-0.100787
-0.156961
-0.084453
0.014428
0.066398
0.062275
-0.031575
-0.098068
0.070949
0.134485
0.110870
-0.003354
-0.142249
-0.191530
-0.123782
-0.007156
0.125738
0.224636
0.126164
0.008318
-0.054345
-0.145303
-0.142542
-0.082596
-0.074170
0.094445
0.230494
0.163887
0.000803
-0.144000
-0.245853
-0.151864
-0.023397
0.101746
0.145170
-0.002062
-0.011463
-0.180482
-0.085325
0.064653
0.105070
0.118660
-0.078979
-0.201595
-0.051869
0.173155
0.036438
-0.091933
-0.115765
0.021801
0.086266
0.006323
-0.162087
-0.127594
0.010176
-0.035348
-0.028409
-0.014755
0.101067
0.174440
-0.035345
-0.314601
-0.302487
-0.072712
0.133624
0.139783
0.141701
0.201598
0.033776
-0.367751
-0.533890
-0.236344
0.187566
0.331590
0.159270
0.025471
0.092938
-0.021998
-0.368992
-0.624548
-0.321694
0.229548
0.481918
0.479665
0.203622
-0.141413
-0.496902
-0.661245
-0.365427
0.187850
0.386744
0.220529
0.057896
0.063001
0.005809
-0.166112
-0.306838
-0.265986
-0.008090
0.079045
0.123908
0.002822
-0.273893
-0.206568
0.021919
0.172677
0.132120
-0.022383
-0.084331
0.000318
-0.086180
-0.206827
-0.187400
-0.162358
0.022859
0.148058
0.276785
0.200683
-0.031238
-0.313029
-0.390952
-0.282054
-0.075366
0.185304
0.315089
0.357165
0.028515
-0.299231
-0.399747
-0.276504
-0.093264
0.121803
0.291477
0.333440
0.087914
-0.212500
-0.388347
-0.315236
0.077713
0.145646
0.028012
0.018299
0.169639
0.081468
-0.200516
-0.378737
-0.227612
0.148267
0.330007
0.309066
0.128897
-0.072970
-0.337129
-0.384396
-0.260621
0.000221
0.282463
0.343665
0.294058
0.099799
-0.218408
-0.366442
-0.241299
0.029025
0.253530
0.197825
0.046810
-0.077792
-0.067963
-0.033763
0.052522
0.076874
0.068985
0.045430
-0.016141
0.092624
0.095522
-0.052744
-0.183995
-0.166907
0.023909
0.170805
0.226773
0.237346
0.049318
-0.095564
-0.242735
-0.140789
0.119555
0.195154
0.112789
0.023095
0.025694
-0.029497
-0.057548
-0.091742
0.084535
0.213367
0.172080
0.065998
-0.000910
-0.051106
-0.089658
-0.055164
0.018158
0.087567
0.127102
0.164164
0.158950
0.103425
-0.089782
-0.137323
0.009831
0.199237
0.099587
-0.013230
0.019142
0.006517
0.005196
-0.077911
0.022145
0.223862
0.284350
0.138809
-0.013350
-0.008839
-0.016836
-0.083469
-0.138548
-0.025709
0.142971
0.213314
0.259334
0.066343
-0.037111
-0.125929
-0.245899
0.005876
0.331508
0.345831
0.122165
0.022516
-0.143680
-0.140352
-0.019667
0.035009
0.250903
0.355437
0.076399
-0.170561
-0.252148
-0.141582
0.086720
0.215137
0.277306
0.069520
-0.084273
-0.194020
-0.065070
0.247532
0.112340
-0.046778
0.081739
0.198562
0.344649
0.089627
-0.349469
-0.294624
-0.109557
0.018137
0.229648
0.388122
0.296802
-0.040761
-0.287454
-0.258026
-0.004028
0.200584
0.060869
0.158320
0.181780
-0.030658
-0.272267
-0.422797
-0.098762
0.194200
0.314645
0.301085
0.172774
0.080224
-0.107039
-0.261344
-0.239445
-0.166830
-0.056546
0.065767
0.240962
0.299301
0.200344
-0.005624
-0.195557
-0.388859
-0.432729
0.005177
0.242530
0.268197
0.152715
0.097755
0.137803
-0.112640
-0.382603
-0.445448
-0.103210
0.235763
0.391117
0.082729
-0.102170
0.040331
-0.037228
-0.079309
-0.173412
-0.217481
-0.146307
0.159314
0.372755
0.240739
-0.113067
-0.360687
-0.240928
0.025185
0.121725
0.117734
0.028770
-0.045282
0.077802
0.093564
-0.166092
-0.377296
-0.083893
0.282816
0.334266
0.089101
-0.125709
-0.290737
-0.290998
-0.073406
0.199518
0.366174
0.199123
-0.060545
-0.196345
-0.159018
-0.188220
-0.103657
-0.005577
0.124321
0.277099
0.341128
0.189050
-0.321081
-0.649924
-0.345227
0.229829
0.456910
0.356940
-0.069327
-0.124862
0.003496
-0.179501
-0.262440
-0.153368
0.193893
0.442002
0.191457
-0.164880
-0.102034
-0.000329
-0.132559
-0.279742
-0.227921
0.071043
0.417537
0.164559
-0.057910
0.037735
-0.069139
-0.043301
-0.081743
-0.109296
0.024877
0.041627
-0.047838
-0.060793
0.010969
0.051181
0.118936
0.172678
-0.159277
-0.308578
-0.233401
-0.074779
0.282229
0.191779
0.021394
-0.063315
-0.161957
0.065550
0.326672
0.097759
-0.287010
-0.344620
-0.176676
0.024078
0.059267
0.081263
0.281067
0.258359
-0.209053
-0.290306
-0.210144
-0.200236
0.103097
0.281591
0.398193
0.176454
-0.303479
-0.591482
-0.381562
0.064617
0.351346
0.394189
0.131189
-0.104492
-0.152389
-0.205918
-0.390994
-0.278503
0.188096
0.659909
0.454274
-0.156086
-0.623491
-0.557194
-0.047626
0.312229
0.391801
0.194663
0.073026
-0.121621
-0.275320
-0.336560
-0.277962
-0.033585
0.237070
0.340332
0.295260
0.120229
-0.192928
-0.508854
-0.515314
-0.063804
0.364552
0.495130
0.218202
-0.197473
-0.267430
0.004414
-0.009347
-0.260187
-0.416430
-0.138804
0.559029
0.613393
-0.036477
-0.522682
-0.325775
0.075138
0.124996
-0.085857
-0.070127
0.238753
0.164283
-0.167335
-0.262525
-0.129506
-0.014251
0.028800
0.040506
0.175866
0.113000
-0.191389
-0.284775
-0.178084
0.030300
0.181178
0.116704
-0.002082
0.015777
-0.075002
-0.254540
-0.315371
0.033487
0.362293
0.199204
-0.067470
-0.161737
-0.138834
-0.062250
-0.194422
-0.181568
0.173622
0.294409
0.111397
-0.076941
-0.212033
-0.283681
-0.162077
-0.068942
0.186440
0.331025
0.144388
-0.152545
-0.265612
-0.154799
0.036871
0.032843
-0.088314
0.025167
0.152023
0.137167
-0.171347
-0.274900
-0.046848
0.101851
0.035158
-0.056826
0.004875
0.067699
0.113158
0.013645
-0.130303
-0.064190
-0.020320
-0.097177
-0.183416
-0.156607
0.201941
0.437984
0.153917
-0.062991
-0.248190
-0.213042
-0.036062
0.011212
0.120573
0.186301
0.146393
-0.105733
-0.247449
-0.327712
-0.054205
0.263870
0.331248
0.268122
-0.006844
-0.222840
-0.198843
-0.096459
-0.061938
0.062091
0.134468
0.243866
0.240733
-0.019574
-0.276511
-0.318406
-0.070490
0.202523
0.238827
0.087077
-0.026555
0.058949
0.018804
-0.152276
-0.141123
-0.007741
0.182761
0.201063
0.089568
0.040847
-0.101714
-0.088017
0.027450
0.126411
0.072952
-0.052286
-0.109510
-0.105092
0.072378
0.160065
0.099355
-0.072772
0.002482
0.149831
0.118179
-0.048200
-0.131534
-0.036536
0.062474
0.112633
0.107281
0.157164
0.066224
-0.000560
-0.112809
-0.201250
-0.128789
0.068386
0.205466
0.105160
0.121319
-0.001730
-0.040400
-0.100404
-0.110021
0.079252
0.026753
0.000355
0.152559
0.261656
0.072990
-0.037101
-0.107732
-0.149957
-0.117568
-0.035810
0.155018
0.245537
0.032463
-0.066775
-0.003363
-0.123174
-0.036491
-0.024619
0.048564
0.190780
0.179111
0.030663
-0.147804
-0.207246
-0.085694
0.158257
0.100095
0.127328
0.085240
-0.035573
-0.034450
-0.116260
-0.105768
-0.122887
0.049618
0.209269
0.223736
0.029310
-0.120924
-0.182593
-0.137971
0.110956
0.268917
0.305208
-0.132088
-0.184568
-0.178822
-0.201904
-0.008543
0.111380
0.306138
0.178188
-0.078781
-0.206610
-0.215399
-0.213601
0.010123
0.304782
0.173842
-0.049421
-0.035850
-0.090013
-0.038605
0.014164
0.046529
0.141583
0.081531
-0.074928
-0.202284
-0.267773
-0.143256
0.126170
0.358205
0.193801
-0.119765
-0.173442
-0.277673
-0.105124
0.109280
0.277401
0.239613
0.023979
-0.154077
-0.305932
-0.290955
-0.148791
0.113288
0.262732
0.235968
0.113721
0.031238
-0.268022
-0.408272
-0.215299
0.132141
0.313172
0.217130
0.084071
-0.074396
-0.257716
-0.259128
-0.081830
-0.019845
0.158210
0.280114
0.259142
0.005517
-0.219557
-0.270778
-0.256525
-0.113659
0.215408
0.370216
0.164910
-0.223399
-0.343932
-0.032641
0.063177
0.187775
0.193180
0.043636
-0.063902
-0.113200
-0.131540
-0.226452
-0.089720
0.149750
0.203948
0.214902
0.137508
-0.115159
-0.223621
-0.161802
-0.010097
0.058614
-0.050259
0.017204
0.232542
0.209565
-0.049557
-0.178809
-0.125513
-0.073936
-0.012609
0.043361
0.083062
0.167024
0.135596
-0.028460
-0.181694
-0.138350
0.119727
0.180561
0.057170
-0.013840
-0.037776
-0.148210
-0.126658
0.120091
0.230141
0.051564
-0.121982
-0.000016
0.065533
-0.032228
-0.144784
-0.059550
0.211893
0.343361
0.237327
-0.062525
-0.346502
-0.340095
-0.019145
0.273355
0.351724
0.222913
0.005869
-0.247530
-0.263806
-0.017502
0.114934
0.066879
0.060566
0.211344
0.274130
0.042952
-0.237744
-0.292121
-0.127205
0.169649
0.327462
0.265715
0.031902
-0.126937
-0.163032
-0.097761
-0.035761
0.068653
0.103187
0.042665
0.086222
0.111179
0.051990
-0.098255
-0.084954
0.000562
0.062983
0.033832
0.045358
0.043840
-0.030663
0.036322
0.050112
-0.041380
-0.109571
-0.093102
0.132125
0.196766
0.021406
-0.081324
-0.142013
-0.087032
0.021207
0.134843
0.103011
-0.031376
-0.110731
-0.047415
-0.011128
-0.011253
0.046753
-0.019634
-0.015134
0.043241
0.091045
0.007435
-0.127815
-0.084103
0.000678
0.071639
0.045789
0.013858
-0.058295
-0.129820
-0.085373
-0.008423
0.033898
0.106338
0.097320
-0.051225
-0.131081
-0.094302
0.074389
0.070919
-0.056683
-0.016055
0.059908
-0.062301
-0.073159
0.084237
0.123846
0.057651
-0.021816
-0.077616
-0.116245
-0.105019
-0.078059
0.036898
0.123091
0.170905
0.195951
0.042378
-0.190002
-0.203045
-0.113442
0.000308
0.141701
0.238256
0.232334
0.047041
-0.130230
-0.228646
-0.201697
-0.076070
0.181310
0.303401
0.182680
0.049113
-0.098084
-0.199366
-0.139039
0.034886
0.147237
0.159790
0.097413
0.120455
0.017905
-0.205524
-0.167817
0.025320
0.153795
0.114961
0.054771
0.032181
-0.024578
-0.052616
-0.006075
0.020691
-0.024328
0.003021
0.114857
0.082758
-0.042579
-0.020371
0.001814
0.047686
0.010605
-0.028992
-0.077398
-0.061424
0.102422
0.161376
0.096948
-0.083293
-0.106403
-0.170111
-0.131906
0.047874
0.172256
0.175614
0.055465
-0.034627
-0.111381
-0.214402
-0.184889
0.064970
0.242718
0.180551
-0.049903
-0.184034
-0.215527
-0.092109
0.068106
0.149370
0.078436
-0.036560
-0.044563
-0.118530
-0.192352
-0.134368
0.020849
0.182791
0.205373
0.071032
-0.196018
-0.347491
-0.203849
0.055079
0.179706
0.145141
0.110302
-0.011950
-0.092061
-0.223833
-0.281130
-0.176896
0.025370
0.236185
0.229887
-0.039048
-0.243034
-0.120168
-0.194493
-0.247235
-0.031318
0.281700
0.376378
0.125640
-0.190775
-0.288502
-0.239737
-0.212399
0.008765
0.153231
0.184029
0.101474
-0.060116
-0.251834
-0.291002
-0.104819
0.040083
0.144804
0.116118
0.051000
-0.078724
-0.233900
-0.192067
0.036799
0.140726
0.063008
0.127737
0.096700
-0.142431
-0.367165
-0.287288
0.016135
0.120318
0.149297
0.207424
0.105545
-0.154599
-0.265874
-0.155733
-0.040565
-0.031532
0.002046
0.112513
0.198645
0.083390
-0.116230
-0.155757
-0.158079
-0.141858
-0.037982
0.094134
0.133953
0.094304
-0.040897
-0.113648
-0.080739
-0.114931
-0.020005
0.123383
0.155942
0.078275
-0.082374
-0.297634
-0.312375
-0.075358
0.135475
0.240343
0.211466
0.072789
-0.117485
-0.266474
-0.313011
-0.095895
0.104376
0.216605
0.254173
0.087553
-0.189284
-0.312804
-0.220464
-0.064704
0.063498
0.115553
0.180250
0.058910
-0.125686
-0.230593
-0.114403
0.038404
0.157829
0.187000
0.082100
-0.128607
-0.348288
-0.248191
0.017192
0.143518
0.162132
0.242150
0.086360
-0.169860
-0.386385
-0.292028
-0.003687
0.152147
0.191115
0.195613
0.090725
-0.141115
-0.275699
-0.288905
-0.023420
0.198870
0.201422
0.173500
0.016339
-0.208661
-0.187064
-0.100992
0.031849
0.151578
0.107720
-0.052858
-0.100754
-0.016899
-0.070315
-0.118338
-0.027679
0.215859
0.296949
0.052066
-0.190421
-0.103769
0.068423
0.070023
-0.039769
-0.085034
-0.177894
-0.111635
0.133237
0.229594
0.278459
0.163232
0.007743
-0.242149
-0.367405
-0.281763
-0.078395
0.322180
0.437515
0.388232
0.261592
-0.095864
-0.439962
-0.490212
-0.219650
0.094558
0.360734
0.466881
0.430630
0.092795
-0.315237
-0.441582
-0.377884
-0.008054
0.293865
0.462338
0.408380
0.033612
-0.217620
-0.258656
-0.176831
-0.062720
0.153673
0.207305
0.174917
0.138849
0.038856
-0.028253
-0.092180
-0.076707
-0.005804
0.117206
0.065240
0.005428
0.069346
0.134133
0.122947
0.026905
-0.090526
-0.119835
-0.025853
0.162912
0.272058
0.149256
-0.068215
-0.083583
0.065492
-0.003033
-0.042404
0.014816
0.151567
0.237297
0.036796
-0.145710
-0.061682
-0.001120
0.003385
0.097293
0.159005
0.080937
0.026278
0.035726
-0.020480
-0.059449
-0.041959
0.120801
0.168292
0.042544
-0.049336
0.028842
0.068164
-0.028284
-0.088464
0.001386
0.184987
0.118628
-0.083921
-0.093504
0.031404
0.090674
0.061494
-0.008095
-0.036604
-0.015949
0.042282
0.136520
0.132640
-0.052876
-0.134402
-0.027699
0.041072
-0.020578
-0.128588
-0.002912
0.224522
0.227232
0.005498
-0.152500
-0.152824
-0.171488
-0.038648
0.127427
0.217721
0.190214
0.024143
-0.032512
-0.091254
-0.241721
-0.286999
-0.036868
0.275677
0.356572
0.162005
-0.132999
-0.294237
-0.242862
-0.084808
0.019729
0.121915
0.189912
0.170303
0.082603
-0.019965
-0.158453
-0.259105
-0.195868
0.001970
0.193057
0.199969
0.060670
-0.089469
-0.133299
-0.101767
-0.051279
-0.045191
-0.056470
0.014566
0.145074
0.169270
0.004390
-0.166351
-0.135757
-0.045836
-0.062468
-0.038256
0.089179
0.178564
0.031562
-0.115167
-0.093951
-0.050520
-0.114259
-0.139989
0.023080
0.250038
0.251517
-0.053800
-0.233489
-0.154497
-0.011615
0.009287
0.029027
0.073420
0.053009
-0.011455
-0.061185
-0.045200
-0.006796
-0.003829
-0.042774
0.000824
0.097553
0.075458
-0.029969
-0.049125
-0.079633
-0.122969
-0.113445
0.086402
0.285518
0.170194
-0.071340
-0.183335
-0.053543
0.057418
-0.040127
-0.105524
0.044833
0.175445
0.102107
-0.068158
-0.075965
0.080614
0.039240
-0.112474
-0.128643
-0.011126
0.108384
0.170847
0.164120
0.044934
-0.119430
-0.238475
-0.092116
0.145893
0.277104
0.152769
-0.085208
-0.125368
-0.114441
-0.055605
0.009842
0.088465
0.145193
0.139820
0.040372
-0.044062
-0.002802
-0.033105
-0.090938
-0.027756
0.100129
0.119574
0.019943
-0.057957
0.013009
0.136280
0.053393
-0.073432
-0.097292
-0.011550
0.096847
0.039675
-0.003931
0.026341
0.035000
-0.026996
-0.027946
0.047930
0.071482
-0.023516
-0.131138
-0.030183
0.166273
0.195549
0.001103
-0.146701
-0.131932
-0.069265
-0.010126
0.040883
0.104327
0.134706
-0.036177
-0.210262
-0.122995
0.039246
0.084853
0.064271
0.048173
0.021587
-0.067410
-0.154211
-0.122349
0.043302
0.137347
0.059675
0.007300
0.043856
-0.049153
-0.301487
-0.240154
0.026818
0.143103
0.089057
0.005309
0.102064
0.104389
-0.223426
-0.405672
-0.183181
0.085122
0.189904
0.110489
0.007493
-0.012569
-0.092248
-0.239948
-0.270345
-0.079217
0.193812
0.233752
0.071255
-0.062658
-0.138106
-0.200024
-0.200137
-0.093625
0.034587
0.152648
0.128888
-0.001468
-0.115669
-0.187780
-0.157046
-0.103971
-0.022599
0.051658
0.131867
0.168753
0.001448
-0.167605
-0.172548
-0.132918
-0.115881
-0.017042
0.111216
0.157643
0.104438
-0.070323
-0.226546
-0.220328
-0.089242
0.033068
0.052154
0.075821
0.163620
0.109451
-0.120158
-0.257448
-0.153025
0.050617
0.115132
0.047971
0.001949
0.072208
0.093361
-0.056380
-0.222075
-0.207777
0.010449
0.140987
0.112173
0.071992
0.035855
-0.022035
-0.080373
-0.116614
-0.067019
0.085938
0.199216
0.127577
-0.020654
-0.150722
-0.187516
-0.053647
0.094280
0.154491
0.140137
0.063190
-0.097789
-0.179139
-0.086102
0.073593
0.137378
0.087507
0.064370
0.036591
-0.007594
-0.074248
-0.120579
-0.106559
-0.022225
0.116259
0.203342
0.187190
0.083429
-0.097698
-0.248077
-0.242710
-0.055471
0.159572
0.227853
0.241104
0.181873
-0.026078
-0.300529
-0.345572
-0.106511
0.174597
0.326815
0.260635
0.062944
-0.089789
-0.182070
-0.230755
-0.133159
0.051194
0.191546
0.217747
0.137553
0.025167
-0.049880
-0.132698
-0.169012
-0.098274
0.054181
0.168821
0.138703
0.071020
0.010466
-0.028542
-0.039345
-0.039873
-0.076959
-0.109807
0.002584
0.144545
