-0.003321
-0.003405
-0.003601
-0.003635
-0.003619
-0.003406
-0.003182
-0.003250
-0.003426
-0.003372
-0.003118
-0.002926
-0.002824
-0.002753
-0.002768
-0.002738
-0.002949
-0.002958
-0.002656
-0.002215
-0.001847
-0.001978
-0.001803
-0.001667
-0.001531
-0.001580
-0.001239
-0.000766
-0.000826
-0.000760
-0.000804
-0.000850
-0.000618
-0.000343
-0.000131
-0.000040
-0.000246
-0.000107
0.000153
0.000392
0.000511
0.000600
0.000764
0.000955
0.001247
0.001648
0.002089
0.002024
0.002233
0.002690
0.002633
0.002563
0.003000
0.003272
0.003261
0.003172
0.002960
0.003370
0.003737
0.004079
0.004521
0.004778
0.004636
0.004616
0.005055
0.005173
0.005552
0.005493
0.005319
0.005645
0.005823
0.006184
0.006642
0.006745
0.006713
0.006597
0.006538
0.006513
0.007110
0.007588
0.007553
0.007602
0.007254
0.007168
0.007076
0.007288
0.007544
0.007832
0.007829
0.007542
0.007596
0.007321
0.007626
0.008122
0.008168
0.008229
0.008051
0.007848
0.008115
0.008300
0.008654
0.009010
0.008495
0.008153
0.008265
0.008547
0.008748
0.008549
0.008273
0.008101
0.008111
0.008287
0.008629
0.008898
0.008805
0.008616
0.008425
0.008102
0.008080
0.008375
0.008667
0.008491
0.007915
0.008143
0.008248
0.007974
0.007754
0.007726
0.007753
0.007698
0.007943
0.008011
0.007625
0.006979
0.007036
0.006912
0.006875
0.007244
0.007798
0.007555
0.007001
0.006583
0.006539
0.006716
0.006213
0.006147
0.006271
0.006966
0.006656
0.005992
0.005431
0.005063
0.005520
0.005709
0.005644
0.005618
0.005507
0.005401
0.005242
0.004883
0.005154
0.005016
0.004999
0.004689
0.004337
0.004859
0.004873
0.004601
0.003925
0.003454
0.003252
0.003316
0.003832
0.004019
0.003734
0.003050
0.002787
0.002959
0.002689
0.002717
0.002671
0.002632
0.002852
0.002767
0.002380
0.001741
0.001551
0.001373
0.001985
0.002322
0.001736
0.001021
0.000650
0.000692
0.000366
0.000191
0.000151
0.000239
0.000306
0.000038
-0.000208
-0.000041
-0.000458
-0.000570
-0.000366
-0.000350
-0.000907
-0.001809
-0.001972
-0.002002
-0.001836
-0.002044
-0.002274
-0.002884
-0.003706
-0.003886
-0.003220
-0.002736
-0.003169
-0.003410
-0.003661
-0.003997
-0.004193
-0.003994
-0.003340
-0.003496
-0.003966
-0.003848
-0.003724
-0.004090
-0.004795
-0.005314
-0.005278
-0.004659
-0.003827
-0.003533
-0.004408
-0.005527
-0.006623
-0.006780
-0.005646
-0.004419
-0.004494
-0.006041
-0.006866
-0.006913
-0.005803
-0.004828
-0.005099
-0.005970
-0.006988
-0.006578
-0.005745
-0.005184
-0.006050
-0.007127
-0.007301
-0.007014
-0.005876
-0.005441
-0.006294
-0.007459
-0.008484
-0.007948
-0.006727
-0.006499
-0.006951
-0.007899
-0.008111
-0.007941
-0.007179
-0.006825
-0.007070
-0.007339
-0.007880
-0.007809
-0.007389
-0.007439
-0.007362
-0.007201
-0.007537
-0.008246
-0.008089
-0.007373
-0.007129
-0.007154
-0.008089
-0.008582
-0.008690
-0.008301
-0.007903
-0.007639
-0.007575
-0.008142
-0.008081
-0.007953
-0.007728
-0.007843
-0.007592
-0.007278
-0.007104
-0.007354
-0.007885
-0.008209
-0.008174
-0.007259
-0.006690
-0.006219
-0.006848
-0.007634
-0.007824
-0.007514
-0.007262
-0.006977
-0.006402
-0.006348
-0.006325
-0.006606
-0.006632
-0.006498
-0.006482
-0.006150
-0.005950
-0.006000
-0.006145
-0.006787
-0.007182
-0.006861
-0.005892
-0.004792
-0.004807
-0.005731
-0.006579
-0.006868
-0.006449
-0.005568
-0.004687
-0.004497
-0.004963
-0.005532
-0.005331
-0.005077
-0.004702
-0.004714
-0.005280
-0.005173
-0.005257
-0.004978
-0.004918
-0.004776
-0.004395
-0.004431
-0.004704
-0.005072
-0.005355
-0.005495
-0.005045
-0.004632
-0.004375
-0.004661
-0.005312
-0.005168
-0.004787
-0.004342
-0.004062
-0.004099
-0.004452
-0.004966
-0.005126
-0.004876
-0.004201
-0.003482
-0.003009
-0.003143
-0.003764
-0.004491
-0.004189
-0.003501
-0.002920
-0.002779
-0.003188
-0.003355
-0.003242
-0.002414
-0.001915
-0.001567
-0.001678
-0.002106
-0.002190
-0.002093
-0.001777
-0.001412
-0.000741
-0.000579
-0.000786
-0.000923
-0.000943
-0.000399
0.000267
0.000553
0.000640
0.000430
0.000334
0.000360
0.000717
0.001099
0.001531
0.001802
0.002165
0.002682
0.002849
0.003005
0.003000
0.003364
0.003577
0.003912
0.004221
0.004441
0.004893
0.005070
0.005251
0.005292
0.005453
0.005802
0.005938
0.006231
0.006167
0.006104
0.006543
0.007225
0.007729
0.007889
0.007568
0.007147
0.006973
0.007084
0.007613
0.007975
0.008157
0.008050
0.007928
0.008054
0.008402
0.008587
0.008365
0.008258
0.008347
0.008474
0.009286
0.009428
0.009367
0.009297
0.009110
0.009255
0.009101
0.009410
0.009417
0.009355
0.009313
0.009039
0.009231
0.009511
0.009418
0.009251
0.009009
0.008950
0.008879
0.008988
0.009149
0.008873
0.008554
0.008622
0.008780
0.008892
0.008882
0.008784
0.008497
0.008005
0.008244
0.008698
0.008590
0.008296
0.008118
0.007614
0.007445
0.007702
0.007958
0.007798
0.007641
0.007489
0.007213
0.007238
0.007241
0.007005
0.006712
0.006771
0.006456
0.006360
0.006354
0.006551
0.006502
0.006283
0.006094
0.005855
0.005699
0.005218
0.005322
0.005336
0.005336
0.004807
0.004296
0.004066
0.004030
0.004393
0.004157
0.004058
0.003875
0.003662
0.003282
0.002812
0.002690
0.002322
0.002157
0.002183
0.002462
0.002351
0.002161
0.002133
0.002060
0.001874
0.001419
0.000967
0.000694
0.000864
0.000870
0.000786
0.000378
-0.000039
-0.000388
-0.000408
-0.000221
-0.000683
-0.001089
-0.001249
-0.001111
-0.000750
-0.000707
-0.000869
-0.001410
-0.001898
-0.001889
-0.001683
-0.001590
-0.001604
-0.001883
-0.001920
-0.001602
-0.001700
-0.001690
-0.001981
-0.002300
-0.002135
-0.002297
-0.002285
-0.002063
-0.002036
-0.002062
-0.002300
-0.002586
-0.002557
-0.002411
-0.002661
-0.002866
-0.002892
-0.002813
-0.002984
-0.003008
-0.002851
-0.003001
-0.002637
-0.002302
-0.002436
-0.002714
-0.002961
-0.002861
-0.002544
-0.002302
-0.002399
-0.002489
-0.002864
-0.003255
-0.003009
-0.002633
-0.002632
-0.002966
-0.003006
-0.002926
-0.002944
-0.002946
-0.002896
-0.002954
-0.002895
-0.002836
-0.002699
-0.002613
-0.002846
-0.003048
-0.003111
-0.003103
-0.002997
-0.003271
-0.003349
-0.003535
-0.003876
-0.003660
-0.003845
-0.004175
-0.004163
-0.004213
-0.004047
-0.003659
-0.003782
-0.003687
-0.003653
-0.003762
-0.003940
-0.003667
-0.003457
-0.003507
-0.003729
-0.004212
-0.004286
-0.004376
-0.003971
-0.003911
-0.004326
-0.004656
-0.004948
-0.004817
-0.004604
-0.004611
-0.004871
-0.005183
-0.005339
-0.005264
-0.004674
-0.004598
-0.004609
-0.004686
-0.005000
-0.004920
-0.005200
-0.005339
-0.005381
-0.005332
-0.005490
-0.005552
-0.005439
-0.005714
-0.005640
-0.005592
-0.005667
-0.005846
-0.006065
-0.005885
-0.005822
-0.005927
-0.005879
-0.006112
-0.006385
-0.006353
-0.006225
-0.006222
-0.006320
-0.006468
-0.006360
-0.006300
-0.006356
-0.006216
-0.006301
-0.006586
-0.006850
-0.006785
-0.006529
-0.006363
-0.006133
-0.005963
-0.006110
-0.005974
-0.005569
-0.005531
-0.005808
-0.005900
-0.005845
-0.005677
-0.005460
-0.004873
-0.004712
-0.005050
-0.005188
-0.004978
-0.004365
-0.004248
-0.004302
-0.004522
-0.004781
-0.004652
-0.004410
-0.004127
-0.003396
-0.003209
-0.003258
-0.003147
-0.003282
-0.003309
-0.003304
-0.003244
-0.003072
-0.002792
-0.002596
-0.002502
-0.002504
-0.002700
-0.002621
-0.002375
-0.002553
-0.002663
-0.002806
-0.002969
-0.002704
-0.002311
-0.002169
-0.001858
-0.002336
-0.002470
-0.002558
-0.002526
-0.002391
-0.002616
-0.002270
-0.002284
-0.002141
-0.002036
-0.001820
-0.001710
-0.001811
-0.002318
-0.001994
-0.001834
-0.001690
-0.001462
-0.001450
-0.001347
-0.001715
-0.001321
-0.001159
-0.000740
-0.000817
-0.001029
-0.000908
-0.000817
-0.000505
-0.000274
-0.000303
-0.000664
-0.000899
-0.000775
-0.000616
-0.000380
-0.000082
-0.000132
0.000223
0.000227
0.000220
0.000459
0.000699
0.000821
0.000837
0.000959
0.001203
0.001489
0.001679
0.001807
0.001719
0.002047
0.002086
0.002438
0.002765
0.002919
0.003126
0.002857
0.002902
0.002872
0.003131
0.003359
0.003753
0.003639
0.003642
0.004050
0.004171
0.004562
0.004626
0.004929
0.004573
0.004529
0.004805
0.005204
0.005580
0.005758
0.005808
0.005533
0.005446
0.005018
0.005176
0.005534
0.005764
0.005703
0.005686
0.005641
0.005635
0.005879
0.005929
0.005957
0.006082
0.005775
0.005753
0.005862
0.005684
0.005946
0.006100
0.006397
0.006428
0.006582
0.006502
0.006407
0.006246
0.005882
0.005930
0.006153
0.006521
0.006342
0.005914
0.005588
0.005726
0.005971
0.006027
0.005876
0.006028
0.005919
0.005651
0.005622
0.005697
0.005798
0.005699
0.005661
0.005240
0.004963
0.004630
0.004670
0.004531
0.004627
0.004542
0.004378
0.004562
0.004322
0.004549
0.004550
0.004285
0.003936
0.003747
0.003542
0.003310
0.003300
0.003342
0.003471
0.003380
0.003222
0.003221
0.003055
0.003069
0.003066
0.002837
0.002819
0.003000
0.002762
0.002537
0.002302
0.002132
0.002266
0.002043
0.002151
0.002092
0.002063
0.002089
0.002202
0.002115
0.001964
0.002152
0.001843
0.001769
0.001651
0.001658
0.001722
0.001728
0.001713
0.001546
0.001571
0.001550
0.001272
0.001356
0.001337
0.001009
0.001305
0.001472
0.001546
0.001348
0.000834
0.000725
0.000854
0.000932
0.001088
0.001052
0.000854
0.000486
0.000473
0.000367
0.000409
0.000670
0.000657
0.000519
0.000212
0.000421
0.000424
0.000234
-0.000147
-0.000266
-0.000193
0.000016
0.000169
0.000011
-0.000226
-0.000307
-0.000324
-0.000469
-0.000665
-0.000698
-0.000379
-0.000517
-0.000510
-0.000596
-0.000575
-0.000676
-0.000812
-0.000594
-0.000639
-0.000630
-0.000711
-0.000796
-0.000714
-0.000332
-0.000399
-0.000446
-0.000222
-0.000363
-0.000384
-0.000245
-0.000496
-0.000849
-0.000921
-0.000904
-0.000759
-0.000724
-0.000766
-0.000871
-0.000940
-0.000846
-0.000804
-0.000805
-0.000817
-0.001282
-0.001323
-0.001103
-0.001250
-0.001408
-0.001673
-0.001800
-0.001978
-0.002259
-0.002226
-0.001937
-0.002232
-0.002666
-0.002763
-0.002850
-0.002820
-0.002987
-0.003003
-0.003102
-0.003458
-0.003674
-0.003553
-0.003057
-0.003151
-0.003293
-0.003515
-0.003606
-0.003548
-0.003700
-0.003996
-0.004042
-0.004041
-0.004177
-0.004180
-0.004456
-0.004295
-0.004584
-0.004694
-0.004734
-0.004753
-0.004764
-0.004643
-0.004495
-0.004609
-0.004480
-0.004472
-0.004290
-0.004328
-0.004402
-0.004900
-0.004918
-0.004891
-0.004837
-0.004885
-0.004950
-0.004898
-0.005159
-0.004934
-0.005115
-0.005339
-0.005216
-0.005102
-0.005337
-0.005427
-0.005452
-0.005668
-0.005496
-0.005388
-0.005616
-0.005685
-0.005923
-0.006077
-0.005959
-0.006023
-0.005925
-0.005950
-0.006204
-0.006436
-0.006465
-0.006587
-0.006679
-0.006613
-0.006695
-0.006570
-0.006728
-0.007063
-0.007079
-0.007260
-0.007369
-0.007218
-0.007164
-0.006945
-0.006933
-0.007094
-0.006969
-0.007070
-0.007154
-0.007210
-0.007062
-0.006736
-0.006668
-0.006416
-0.006370
-0.006448
-0.006199
-0.006122
-0.006078
-0.006073
-0.006152
-0.006033
-0.005854
-0.005812
-0.005536
-0.005352
-0.005497
-0.005585
-0.005783
-0.005467
-0.005266
-0.005323
-0.004944
-0.004936
-0.004831
-0.004742
-0.004847
-0.004836
-0.005159
-0.005538
-0.005467
-0.005233
-0.005217
-0.004937
-0.004723
-0.004655
-0.004629
-0.004440
-0.004411
-0.004501
-0.004606
-0.004594
-0.004444
-0.004585
-0.004495
-0.004444
-0.004550
-0.004623
-0.004486
-0.004060
-0.003980
-0.004549
-0.004951
-0.005061
-0.004352
-0.003807
-0.003922
-0.003852
-0.003769
-0.003530
-0.003275
-0.002769
-0.002811
-0.002801
-0.003002
-0.003317
-0.003032
-0.002850
-0.002470
-0.002100
-0.001589
-0.001413
-0.001315
-0.001266
-0.001340
-0.001348
-0.000989
-0.000268
-0.000144
-0.000048
0.000180
0.000398
0.000718
0.000749
0.000910
0.001378
0.001855
0.002328
0.002635
0.002803
0.003049
0.003113
0.003127
0.003057
0.003048
0.003174
0.003415
0.003932
0.004000
0.004234
0.004579
0.004884
0.004954
0.004541
0.004196
0.004590
0.005137
0.004999
0.004908
0.004595
0.004620
0.004592
0.004481
0.004312
0.004191
0.004520
0.004381
0.004208
0.003807
0.004017
0.004343
0.004550
0.005106
0.005526
0.005648
0.005796
0.006102
0.006196
0.006130
0.005559
0.004858
0.004711
0.004583
0.004736
0.005726
0.006323
0.007431
0.007825
0.007291
0.006945
0.007087
0.006911
0.004981
0.002895
0.002212
0.003369
0.005310
0.007503
0.009114
0.009151
0.006499
0.002603
0.000870
0.002445
0.006047
0.008460
0.009294
0.008548
0.006218
0.004015
0.003787
0.004822
0.005009
0.004491
0.002683
0.002394
0.003586
0.005156
0.008872
0.009764
0.007296
0.007315
0.008282
0.007645
0.006488
0.004233
0.002027
-0.000304
-0.001706
0.002556
0.010569
0.013131
0.008227
0.003250
0.003257
0.005971
0.005034
0.001323
0.000770
0.004986
0.009163
0.009412
0.007036
0.006038
0.006246
0.005616
0.005509
0.006716
0.010191
0.010639
0.003888
-0.003120
-0.005084
0.000683
0.010473
0.014430
0.012336
0.007973
0.004179
0.003914
0.007370
0.008687
0.006869
0.004332
0.003010
0.004568
0.005556
0.003378
0.001798
0.005484
0.010157
0.010552
0.006053
0.001525
0.000271
0.001844
0.004166
0.006000
0.006542
0.005262
0.004215
0.004364
0.006434
0.008237
0.006686
0.004288
0.003627
0.004550
0.004379
0.001776
-0.000499
-0.000711
0.002502
0.005225
0.007184
0.009106
0.007104
0.004975
0.005953
0.007193
0.004918
0.001889
0.001210
0.002483
0.003931
0.003361
0.003735
0.004522
0.003246
0.000141
-0.000619
0.003530
0.007933
0.007567
0.001247
-0.004713
-0.003575
0.002920
0.008064
0.007819
0.003428
-0.000569
-0.001943
-0.000257
0.003427
0.005462
0.004008
-0.000218
-0.003388
-0.003422
-0.001804
-0.001018
-0.001093
-0.002367
-0.002543
0.000907
0.002544
0.001316
0.001491
0.000892
-0.002054
-0.004340
-0.005651
-0.005172
-0.004572
-0.005118
-0.004599
-0.002030
-0.000496
-0.003216
-0.006323
-0.005903
-0.003660
-0.004239
-0.007962
-0.010213
-0.006912
-0.001158
-0.000117
-0.004145
-0.008283
-0.008599
-0.006653
-0.005656
-0.006513
-0.007146
-0.006508
-0.005618
-0.006121
-0.008882
-0.011296
-0.010862
-0.008914
-0.006845
-0.008124
-0.011628
-0.009805
-0.005935
-0.002856
-0.000997
-0.004034
-0.010781
-0.013757
-0.010590
-0.006447
-0.006745
-0.012540
-0.017039
-0.012990
-0.004400
-0.001051
-0.004429
-0.009112
-0.009917
-0.009786
-0.011130
-0.012970
-0.012968
-0.008515
-0.004578
-0.004120
-0.007075
-0.011364
-0.014480
-0.014918
-0.010180
-0.004516
-0.002298
-0.006195
-0.013015
-0.016159
-0.013044
-0.007673
-0.005599
-0.008630
-0.013020
-0.013155
-0.011174
-0.006791
-0.004726
-0.009522
-0.012694
-0.009937
-0.006172
-0.004131
-0.004613
-0.007413
-0.009167
-0.008625
-0.010018
-0.013467
-0.015301
-0.014094
-0.008733
-0.001098
0.004737
0.003508
-0.007509
-0.020683
-0.024440
-0.014727
-0.000481
0.004335
-0.000783
-0.008275
-0.013389
-0.014818
-0.013845
-0.009432
-0.002956
-0.000748
-0.005749
-0.014172
-0.018886
-0.014676
-0.005336
-0.001738
-0.006399
-0.014159
-0.017370
-0.013198
-0.006095
-0.005308
-0.011315
-0.013898
-0.012871
-0.008836
-0.001337
-0.000937
-0.010285
-0.016499
-0.013448
-0.006712
-0.004770
-0.009286
-0.014153
-0.012738
-0.008453
-0.006120
-0.003947
-0.002584
-0.003912
-0.007939
-0.012308
-0.014066
-0.010758
-0.004093
0.000898
0.000302
-0.004683
-0.010048
-0.011890
-0.008749
-0.003140
0.001006
-0.000532
-0.005721
-0.009505
-0.007884
-0.002727
0.000953
0.001232
-0.001797
-0.004976
-0.004702
-0.003534
-0.000877
0.003636
0.003211
-0.000268
0.000151
0.001484
-0.001634
-0.000214
0.005960
0.007577
0.005263
0.003313
0.000815
-0.003446
-0.007265
-0.005612
0.003587
0.012029
0.014470
0.011379
0.002976
-0.007952
-0.012667
-0.004474
0.010267
0.017812
0.013026
0.002022
-0.005537
-0.005075
0.001137
0.007627
0.009705
0.007125
0.002305
-0.001641
-0.001092
0.002896
0.006728
0.007274
0.005625
0.004564
0.003549
0.005247
0.008537
0.006891
0.006447
0.009448
0.007445
0.004179
0.006884
0.007805
0.002476
0.005662
0.013715
0.018599
0.019725
0.013511
0.005955
0.003479
-0.001727
-0.007554
0.003711
0.021211
0.025594
0.014029
0.004811
0.007712
0.013445
0.012095
0.004119
0.008896
0.014593
0.015188
0.020905
0.021343
0.008834
-0.006601
-0.008305
0.001435
0.016165
0.025609
0.031469
0.025591
0.007915
-0.004123
-0.002953
0.013619
0.029998
0.031243
0.012932
-0.009887
-0.018064
-0.004241
0.017202
0.033316
0.039022
0.026779
-0.002151
-0.020581
-0.022614
0.002881
0.044949
0.055418
0.044421
0.018874
-0.013359
-0.035599
-0.028397
0.003751
0.033251
0.042426
0.033880
0.024269
0.010880
-0.012435
-0.025179
-0.012863
0.016689
0.049155
0.042569
0.014341
-0.001865
-0.011197
-0.010929
0.000749
0.016044
0.028433
0.028256
0.016350
0.003485
-0.005804
-0.004405
0.007918
0.030184
0.028191
0.014910
0.011732
0.002575
-0.003839
-0.004492
0.000815
0.007221
0.016404
0.030930
0.034003
0.011488
-0.022232
-0.031226
-0.009021
0.025400
0.061620
0.048934
0.003677
-0.015850
-0.019007
-0.017486
-0.007376
0.007194
0.022670
0.029467
0.024639
0.014448
-0.001427
-0.023314
-0.038438
0.003899
0.039298
0.038109
0.028448
-0.000731
-0.023602
-0.033897
-0.019252
0.007411
0.025498
0.027200
0.023360
0.013460
-0.013534
-0.029071
-0.021470
-0.002138
0.015716
0.025564
0.019371
0.001779
-0.018781
-0.021839
-0.007477
0.001625
0.024057
0.023981
0.006436
-0.001691
-0.013744
-0.019994
-0.016078
-0.007457
-0.001464
-0.000972
-0.000707
0.008642
0.024891
0.006266
-0.027130
-0.005097
0.007348
0.005169
0.011948
0.001420
-0.021163
-0.036596
-0.025226
0.006209
0.027040
0.012896
-0.004043
-0.012400
-0.021815
-0.023175
-0.013853
-0.002824
0.007074
0.006897
-0.005412
-0.021048
-0.020912
-0.007069
0.005010
-0.002084
-0.016784
-0.015571
-0.008721
-0.004826
-0.012598
-0.026914
-0.027567
-0.011393
-0.000059
0.010861
-0.001582
-0.025145
-0.021498
-0.012433
-0.011655
-0.017666
-0.029717
-0.026839
-0.009696
0.001390
0.000360
-0.011046
-0.031946
-0.045762
-0.019627
0.004808
0.006479
0.006489
0.001353
-0.023020
-0.048686
-0.046673
-0.026439
-0.008844
-0.005324
0.003383
0.021932
0.004045
-0.045316
-0.067459
-0.037184
0.003189
0.013174
0.003256
-0.023084
-0.030270
-0.020666
-0.019271
-0.016499
-0.005667
-0.005605
-0.010628
-0.019933
-0.027521
-0.028078
-0.020336
0.005764
0.000700
-0.011332
-0.017510
-0.021192
-0.013676
-0.022244
-0.037999
-0.031046
-0.003065
0.016920
0.016836
-0.008013
-0.043292
-0.048252
-0.029789
-0.006858
0.014141
0.004612
-0.014750
-0.023134
-0.027298
-0.013948
0.005159
0.006496
-0.012531
-0.033244
-0.039273
-0.022117
0.018873
0.015396
-0.005753
-0.011716
-0.029512
-0.027908
-0.014273
-0.005432
-0.007872
-0.015693
-0.013384
0.006829
0.012118
-0.010876
-0.027926
-0.024814
-0.012612
0.001502
0.006267
-0.004446
-0.016309
-0.026409
-0.009373
0.007917
0.001250
0.005091
0.001790
-0.014801
-0.030076
-0.033322
-0.016646
0.003913
0.011834
0.010730
-0.000864
-0.010853
-0.014287
-0.007546
0.005888
0.009920
-0.000215
-0.021673
-0.013780
-0.018989
0.000446
0.023546
0.007262
0.023472
0.020257
-0.013446
-0.042809
-0.035751
-0.003832
0.018985
0.020247
0.017651
0.021352
0.001160
-0.025535
-0.022099
-0.000707
0.015295
0.019573
0.008809
-0.000987
-0.002817
0.005898
0.012811
0.007377
0.000349
0.003916
0.012504
0.009262
-0.000420
-0.004539
0.005430
0.018284
0.024097
0.016057
-0.000730
-0.011861
-0.003041
0.018223
0.024940
0.017506
-0.002281
-0.006466
-0.002028
0.020798
0.012732
-0.000129
0.018521
0.013539
0.025982
0.037093
0.027516
-0.001191
-0.024491
-0.030922
-0.002676
0.032512
0.034916
0.032890
0.035757
0.022362
-0.008842
-0.027726
-0.024763
0.009661
0.040937
0.041095
0.024899
0.002189
-0.011375
-0.006402
0.010042
0.027657
0.029809
0.016690
-0.004571
-0.010654
0.003423
0.021724
0.031411
0.019919
-0.000716
-0.007227
0.005724
0.027161
0.030099
0.010130
0.000232
-0.004044
0.003481
0.021540
0.025355
0.014216
0.002290
0.003290
0.012119
0.024390
0.017350
-0.004637
-0.002438
0.012417
0.019120
0.012627
0.008115
0.010733
0.019602
0.036842
0.026794
-0.001846
-0.008847
0.006258
0.018781
0.023218
0.022435
0.005658
-0.010335
-0.000758
0.029573
0.048240
0.030055
0.001679
-0.018835
-0.022342
0.004372
0.034157
0.049697
0.044526
0.007668
-0.028203
-0.021079
0.003155
0.034090
0.055764
0.031406
-0.011938
-0.029128
-0.009431
0.026068
0.047912
0.031971
0.005328
-0.016148
-0.017361
0.008091
0.028183
0.030916
0.016308
-0.001672
-0.010756
-0.004347
0.011799
0.026995
0.031151
0.015848
-0.007795
-0.013828
-0.009724
0.004733
0.023884
0.026110
0.021476
0.003375
-0.014021
-0.004458
0.009544
0.010266
0.009422
0.009410
0.011229
0.014701
0.011797
-0.005007
-0.015277
-0.007573
0.008371
0.021387
0.013528
-0.002776
-0.008224
0.001235
0.016196
0.021081
0.007732
-0.017250
-0.027221
-0.007625
0.024833
0.038174
0.014047
-0.020270
-0.030011
-0.006169
0.025833
0.031870
0.005543
-0.028280
-0.030231
-0.000720
0.028828
0.027925
-0.000928
-0.028527
-0.029263
-0.005049
0.019310
0.022892
-0.004608
-0.025384
-0.013181
0.018256
0.031415
0.011756
-0.013227
-0.027696
-0.022401
-0.008319
0.005582
0.007416
-0.002289
-0.011398
-0.002202
0.018254
0.006039
-0.022475
-0.032680
-0.017777
0.008353
0.015093
0.003240
-0.011925
-0.021846
-0.017603
-0.000616
0.012556
0.005388
-0.018219
-0.029032
-0.018708
0.004510
0.017273
-0.005595
-0.028643
-0.027653
-0.000439
0.018992
-0.002285
-0.031417
-0.037949
-0.009692
0.021832
0.011028
-0.031837
-0.054691
-0.024055
0.015896
0.017390
-0.019503
-0.052259
-0.031763
0.017210
0.027141
-0.014680
-0.051063
-0.039943
-0.003192
0.011291
-0.003281
-0.030670
-0.031633
-0.014826
-0.007182
-0.007970
-0.018982
-0.021976
-0.014307
-0.001863
-0.008603
-0.022740
-0.032862
-0.032886
-0.015343
0.010265
0.020452
-0.007548
-0.038294
-0.035819
-0.016750
-0.018889
-0.029599
-0.026997
-0.004358
-0.013256
-0.020841
0.005673
0.005241
0.001620
-0.010316
-0.028796
-0.043478
-0.027893
0.006318
0.011226
-0.003914
-0.029957
-0.005663
0.026199
-0.002687
-0.047557
-0.069069
-0.039966
0.008324
0.016509
-0.004351
-0.024650
-0.023636
-0.022559
0.000976
-0.005907
-0.018131
-0.048761
-0.032311
0.036380
0.010170
0.007407
-0.039432
0.000346
-0.079574
-0.063415
0.020491
-0.046035
0.057244
0.098116
0.093410
-0.003094
-0.121851
-0.161320
-0.110237
-0.023809
0.034238
0.135422
0.110778
-0.004806
-0.077846
-0.117440
-0.075648
-0.045009
0.104409
0.121474
0.045998
-0.124838
-0.188685
-0.112682
-0.094341
0.217741
0.216100
0.248552
0.140400
-0.197794
-0.341266
-0.319534
-0.089805
0.074222
0.248395
0.237464
0.219003
-0.010131
-0.403808
-0.363412
-0.114119
0.066932
0.324913
0.402234
0.196726
-0.044998
-0.362021
-0.369758
-0.199963
0.025727
0.201466
0.276160
0.253814
-0.013676
-0.202848
-0.194173
-0.139235
-0.007175
0.185730
0.145649
0.145406
-0.062715
-0.215136
-0.163580
-0.073790
0.134548
0.225577
0.240804
0.000792
-0.211790
-0.271508
-0.092948
0.178443
0.232284
0.047754
-0.114498
-0.162876
-0.049322
0.109407
0.126313
0.058264
-0.044606
0.035483
0.005829
-0.029395
-0.152447
-0.086335
0.134646
0.122573
0.157963
-0.017344
-0.080925
-0.090034
-0.083483
-0.029115
-0.012268
0.153037
0.180168
0.174406
-0.008089
-0.208096
-0.222253
-0.120172
0.086210
0.280167
0.167465
-0.016175
-0.086360
-0.094886
0.037383
0.013358
0.067314
-0.062912
-0.028105
0.041415
0.057782
0.123122
0.066172
0.019032
-0.070953
-0.175617
-0.181106
0.002856
0.061271
0.189827
0.172242
0.134590
-0.035132
-0.139486
-0.156621
-0.108567
0.099751
0.134426
0.126844
0.137597
-0.018715
-0.253340
-0.106459
0.121271
0.231990
0.093634
-0.096358
-0.115537
-0.072422
-0.069490
0.013300
0.129532
0.060234
0.077569
0.126547
0.012736
-0.106292
-0.173816
-0.033992
0.098337
0.032453
0.028383
0.116895
0.184992
-0.033285
-0.242046
-0.159816
0.051508
0.178903
0.037218
-0.042477
0.069105
0.120567
0.007893
-0.181261
-0.138035
0.036959
0.168774
0.099808
0.053493
0.017977
0.022285
-0.053867
-0.243621
-0.126597
0.091133
0.300221
0.163351
-0.016111
-0.136722
0.022166
0.121382
-0.068105
-0.204851
-0.218347
0.130939
0.272869
0.263514
0.036653
-0.250650
-0.136378
-0.108575
-0.092754
0.164613
0.224139
0.182832
0.001714
-0.125206
-0.039133
-0.203626
-0.282362
0.096632
0.521225
0.404695
-0.032830
-0.278041
-0.299997
-0.243174
-0.106465
0.174514
0.331760
0.209239
-0.014185
-0.076886
-0.112407
-0.036739
0.011465
-0.211288
-0.104476
0.223484
0.324984
0.083551
-0.127244
-0.226959
-0.016642
0.211552
0.170245
0.088605
-0.193326
-0.261280
-0.255804
-0.055698
0.079400
0.150710
0.430852
0.235919
-0.247569
-0.290015
-0.009345
0.188526
0.179611
0.022813
-0.117454
-0.202861
-0.158634
-0.128912
0.211262
0.295184
0.174339
-0.170604
-0.537687
-0.194291
0.214248
0.501231
0.207522
-0.073267
-0.124425
-0.183633
-0.283292
-0.257707
0.168128
0.416341
0.259117
-0.119543
-0.192368
-0.099259
0.022221
-0.030439
-0.194166
-0.092936
0.118280
0.261122
0.173133
0.000349
-0.182247
-0.175715
-0.052674
-0.040530
0.004957
0.137815
0.171209
0.096766
-0.046579
-0.153657
-0.233082
-0.169455
0.041052
0.038018
0.128338
0.007297
-0.039349
0.108256
0.115010
-0.071411
-0.233136
-0.092599
0.028590
0.120201
-0.023520
-0.071122
0.101780
0.134530
-0.084306
-0.205628
-0.130727
0.011566
0.094158
0.107003
0.069154
0.003197
-0.033900
-0.194285
-0.226545
0.005674
0.165462
0.142322
0.023694
-0.043929
0.042067
0.082914
-0.187213
-0.364257
-0.108107
-0.072220
0.139251
0.252738
0.249113
-0.085527
-0.228801
0.012188
-0.123865
0.060285
-0.048574
0.003280
0.037028
0.056360
-0.033894
-0.155707
-0.288872
-0.291838
0.440255
0.310287
0.093642
-0.044043
-0.276923
-0.101095
-0.118780
0.017921
0.091044
0.166650
-0.034542
-0.084717
-0.062464
-0.102336
0.141083
-0.258599
-0.242088
0.152709
0.386724
0.360432
-0.097568
-0.359040
-0.216182
-0.074609
-0.099775
0.076037
0.209750
0.023195
-0.162784
-0.122180
0.148177
0.314417
0.007485
-0.366234
-0.417318
-0.115074
0.326467
0.513066
0.044296
-0.324229
-0.156967
0.164958
0.141049
-0.225888
-0.277861
-0.159510
0.180292
0.347932
0.295544
0.115323
-0.314215
-0.472075
-0.249538
0.050616
0.131620
0.182179
0.126139
0.158521
0.193782
-0.088635
-0.372246
-0.286744
-0.099528
0.188611
0.412623
0.130832
-0.051952
-0.232008
-0.093159
-0.092611
-0.152652
-0.080289
0.144344
0.558519
0.265077
-0.173376
-0.543930
-0.437992
0.003442
0.497727
0.427774
0.040248
-0.189139
-0.272678
0.000735
-0.083812
-0.210397
-0.026735
0.366216
0.412818
0.142575
-0.309148
-0.386675
-0.133159
-0.058603
0.125306
0.233493
0.252228
0.131491
-0.176185
-0.335696
-0.131736
0.054828
0.245723
0.139410
-0.069043
-0.014238
0.061971
0.070872
-0.176854
-0.243829
-0.065292
0.196572
0.251043
0.197369
0.119949
-0.260385
-0.241705
-0.050560
-0.067740
0.125131
0.162037
0.109974
-0.011559
-0.287263
-0.121021
0.184957
0.335431
0.224236
-0.045773
-0.244949
-0.102632
-0.192867
-0.320230
0.147262
0.341381
0.341922
0.153717
-0.157862
-0.267750
-0.170583
-0.095077
0.163337
0.298488
0.125188
-0.086724
-0.194931
-0.100801
-0.034720
0.060944
0.156161
0.217196
0.019462
-0.050238
-0.153355
-0.175702
-0.174325
-0.063677
0.332444
0.330786
0.106447
-0.122524
-0.123886
-0.181165
-0.112782
0.117427
0.139759
0.141331
0.090693
-0.096848
-0.268342
-0.136481
0.134553
0.128235
0.059852
0.116918
0.177714
0.111542
-0.167538
-0.371444
-0.295400
0.096614
0.261007
0.288999
0.224644
-0.000219
-0.123209
-0.125995
-0.130707
-0.103333
-0.019880
0.074693
0.158949
0.086452
0.070264
-0.135984
-0.070335
0.082437
0.233280
0.277653
-0.074250
-0.303486
-0.279683
-0.099932
0.021250
0.222894
0.232629
0.123615
0.038873
-0.054307
-0.184081
-0.149577
0.058709
0.152066
0.102849
-0.000523
-0.118590
-0.000337
0.039362
-0.073207
0.160932
0.187633
0.059047
-0.025736
-0.110396
-0.218749
-0.141613
-0.122572
-0.006470
0.328930
0.229828
0.184729
0.169739
-0.220386
-0.482509
-0.320159
0.027350
0.382091
0.274618
-0.001422
0.129433
0.103772
-0.336127
-0.303630
0.192735
0.135566
0.132779
0.029522
-0.193154
0.029927
-0.024456
-0.034915
0.060363
0.083331
0.065393
-0.079357
-0.152853
-0.217740
0.050509
0.360801
0.308930
0.158314
-0.170355
-0.404541
-0.309999
-0.069685
0.142204
0.203216
0.182283
0.284897
0.210871
-0.119553
-0.515371
-0.563085
-0.052419
0.487776
0.551094
0.205423
-0.091165
-0.348632
-0.253676
-0.125453
-0.055924
0.231307
0.308309
0.224769
-0.047838
-0.315752
-0.358762
-0.193935
0.125639
0.164585
0.265630
0.327752
0.102356
0.028917
-0.249942
-0.500591
-0.393018
-0.021723
0.290009
0.327025
0.475627
0.250119
-0.159846
-0.430547
-0.405250
-0.081470
0.063945
0.041715
0.065194
0.201788
0.170658
0.082733
-0.146902
-0.204853
-0.125672
0.061785
0.098004
0.061968
0.052170
-0.112016
-0.192595
-0.014192
0.193431
0.034807
0.011328
-0.162271
-0.108107
0.141903
0.128412
-0.030926
-0.182936
-0.137649
0.099635
0.162670
-0.098245
0.015621
0.153725
0.030926
-0.267167
-0.323560
0.028548
0.296782
0.341822
0.181511
-0.057848
-0.402685
-0.415059
-0.316439
-0.057823
0.290321
0.356122
0.456458
0.138954
-0.213175
-0.284346
-0.340028
-0.267727
-0.049905
0.141741
0.334722
0.160991
-0.218542
-0.053284
-0.090231
-0.039100
0.203243
0.136811
0.074433
-0.061510
-0.182515
-0.233496
-0.206916
-0.096785
0.112878
0.111718
0.040179
0.271842
0.234165
-0.052090
-0.173928
-0.256670
-0.115275
-0.088771
-0.181085
0.120129
0.387338
0.235227
-0.107535
-0.305568
-0.278112
-0.121896
-0.010402
0.157582
0.410201
0.346144
-0.008387
-0.387717
-0.507548
-0.252489
0.017739
0.261837
0.448992
0.456860
0.080672
-0.518935
-0.680025
-0.292831
0.147721
0.386570
0.427994
0.221434
-0.079571
-0.317477
-0.442758
-0.301168
0.005205
0.299090
0.500364
0.416524
0.009889
-0.541166
-0.632802
-0.225456
0.308446
0.441397
0.194740
-0.062374
-0.178227
-0.155944
-0.158506
0.003276
0.104259
0.182749
0.097148
-0.035644
-0.159588
-0.213071
-0.089392
0.065334
0.340382
0.339050
0.027135
-0.395764
-0.521885
-0.229209
0.149855
0.358538
0.291147
0.175375
0.068187
-0.152893
-0.318876
-0.371753
-0.145055
0.287766
0.496675
0.297313
-0.059842
-0.291988
-0.346729
-0.226569
-0.132189
0.130182
0.437343
0.492415
0.215292
-0.302143
-0.643009
-0.494224
0.016214
0.459643
0.486673
0.299964
0.085094
-0.174763
-0.446620
-0.485761
-0.208713
0.162402
0.493581
0.493894
0.248732
-0.171430
-0.481722
-0.516615
-0.163678
0.305396
0.443972
0.337414
0.062779
-0.082756
-0.193345
-0.343193
-0.364084
-0.131493
0.319730
0.541848
0.320061
-0.097952
-0.378251
-0.360696
-0.111656
0.166452
0.276442
0.268170
0.078253
-0.197919
-0.249144
-0.169421
0.053337
0.245230
0.213065
0.018829
-0.137478
-0.185518
-0.135853
0.039451
0.087544
0.171571
0.264345
0.094872
-0.244998
-0.398231
-0.201728
0.148666
0.366534
0.271566
0.125172
-0.084701
-0.320079
-0.222211
0.090277
0.222760
0.026936
-0.130770
-0.071103
0.092726
0.170629
0.032705
-0.004490
-0.065266
-0.108365
-0.031962
-0.014945
0.082131
0.111822
0.136062
0.105450
-0.049512
-0.173989
-0.244537
-0.153610
0.168198
0.369217
0.145509
-0.076209
-0.135327
-0.093987
-0.036858
0.019215
0.108699
0.139169
0.023597
-0.154483
-0.226580
-0.085547
0.258168
0.310628
0.128307
-0.047902
-0.113720
-0.026497
-0.052915
-0.188169
-0.118674
0.106154
0.209547
0.291483
0.166239
-0.141659
-0.379959
-0.318525
0.064121
0.422163
0.333112
0.002593
-0.126085
-0.200687
-0.197000
-0.191446
0.064471
0.426855
0.474747
0.191022
-0.197189
-0.366054
-0.404884
-0.295175
0.042138
0.349446
0.419509
0.292396
0.020108
-0.142263
-0.257531
-0.276552
-0.111399
0.148085
0.317280
0.229668
0.004745
-0.191055
-0.151484
0.012733
0.093737
0.015671
-0.057540
-0.000999
0.030812
-0.090540
-0.166096
-0.060001
0.160855
0.273681
0.198973
0.105449
-0.074140
-0.212976
-0.164674
-0.060116
-0.023806
0.104167
0.300750
0.231317
-0.060479
-0.312798
-0.338281
-0.064425
0.151096
0.109141
0.092649
0.145129
0.141363
-0.065477
-0.308249
-0.208489
0.135546
0.347178
0.237655
-0.050177
-0.219955
-0.166440
-0.024339
0.010671
-0.039820
0.003799
0.068566
0.040094
0.044092
0.044797
-0.007105
-0.171718
-0.172920
-0.008862
0.155818
0.299684
0.127976
-0.060457
-0.042699
0.050782
-0.083697
-0.220693
-0.119297
0.047815
0.128282
0.052619
0.076583
0.097345
-0.069872
-0.208506
-0.105987
0.080825
0.146345
0.086575
-0.032897
-0.050909
-0.020174
-0.059525
-0.080991
-0.018052
0.079982
0.084053
0.064242
0.047406
-0.061712
-0.183048
-0.154063
-0.018995
0.135784
0.182139
0.045070
-0.058011
-0.073656
-0.095835
-0.092882
-0.035815
0.104163
0.208061
0.155434
-0.075269
-0.248047
-0.244661
-0.182674
0.097749
0.264237
0.181219
-0.019436
-0.108030
0.007825
0.038523
-0.077606
-0.210381
0.001785
0.164564
0.121149
-0.020619
-0.178251
-0.086671
0.142946
0.109816
-0.151799
-0.172008
-0.126020
0.016952
0.094383
0.044935
0.138526
0.178600
-0.040785
-0.311612
-0.294052
0.032397
0.277136
0.177625
-0.033962
-0.162780
-0.086965
0.058006
-0.031833
-0.155151
-0.106772
0.047330
0.144729
-0.050006
-0.080390
0.075780
0.083533
0.064848
0.035017
-0.046928
-0.158918
-0.137109
-0.077281
0.035341
0.147557
0.093548
-0.003688
-0.101310
-0.103807
-0.133299
-0.167816
-0.015931
0.152386
0.163950
0.083790
0.020185
-0.058264
-0.066411
-0.055363
-0.073329
-0.063286
0.092531
0.201938
0.047940
-0.181703
-0.289517
-0.178909
-0.009459
0.132124
0.190365
0.182298
-0.029962
-0.143481
-0.030319
-0.026262
-0.050772
0.003725
0.126441
0.171871
0.035310
-0.218524
-0.229803
-0.105850
0.044651
0.153286
0.073261
0.042265
0.019004
-0.123942
-0.226839
-0.118806
0.039397
0.150078
0.203723
0.142743
0.039498
-0.158130
-0.293288
-0.215921
-0.042202
0.210816
0.332092
0.176564
0.022073
-0.138955
-0.307518
-0.301145
-0.162581
0.113484
0.291612
0.275862
0.179253
0.059597
-0.140023
-0.293002
-0.230200
-0.087903
0.064073
0.177038
0.151892
0.127165
0.081331
-0.118208
-0.226462
-0.210026
-0.023451
0.168550
0.225587
0.150248
0.024829
-0.098513
-0.230684
-0.224590
-0.119506
0.101181
0.290499
0.334999
0.183564
-0.102010
-0.379731
-0.465481
-0.148608
0.284592
0.415918
0.212643
-0.095620
-0.183994
-0.119352
-0.079729
-0.060321
-0.059485
0.181589
0.465073
0.229289
-0.221731
-0.301871
-0.204266
-0.127849
-0.033260
0.143154
0.316743
0.263781
-0.000006
-0.256065
-0.307387
-0.156368
0.061544
0.158728
0.169397
0.180672
0.127011
-0.028956
-0.211086
-0.313038
-0.137920
0.170228
0.317801
0.215317
-0.015533
-0.114626
-0.132559
-0.133195
-0.100593
0.040781
0.218498
0.238649
0.001413
-0.260693
-0.118460
0.120686
0.103798
0.023536
-0.064637
0.007118
0.157238
0.096102
-0.163089
-0.281161
-0.087998
0.177720
0.315839
0.192840
-0.033034
-0.213661
-0.239634
-0.084952
0.118333
0.225726
0.170806
0.048499
-0.086070
-0.102837
-0.039284
-0.123163
-0.107680
0.129737
0.365284
0.265987
-0.156745
-0.456651
-0.277556
0.146873
0.257354
0.234009
0.101334
-0.052913
-0.023252
-0.033075
-0.154629
-0.214790
-0.036054
0.240071
0.306455
0.107526
-0.056339
-0.103729
-0.164295
-0.171630
-0.048203
0.126806
0.238558
0.178550
0.039193
-0.066798
-0.188661
-0.186799
-0.020291
0.163958
0.213807
0.131224
-0.013981
-0.096874
-0.090379
-0.075162
-0.020918
0.088024
0.152929
0.040858
-0.055944
-0.059312
-0.010727
0.046695
0.025469
-0.054877
0.001935
0.147851
0.077439
-0.078368
-0.183384
-0.085034
0.141054
0.199843
0.069235
-0.077581
-0.058236
-0.022067
-0.028104
-0.044999
0.039630
0.098373
0.067512
0.035925
-0.030394
-0.104458
-0.127416
0.039314
0.148976
0.110065
0.023440
-0.060834
-0.120674
-0.076700
0.058634
0.099241
0.050127
-0.017401
-0.069909
-0.043080
0.019702
0.058481
0.071088
0.029203
-0.020877
-0.075425
-0.039325
0.026665
-0.062726
-0.044514
0.070371
0.102266
0.138463
0.064870
-0.120277
-0.236728
-0.098053
0.097841
0.224679
0.200371
-0.047110
-0.243503
-0.196478
0.011742
0.102091
0.041687
-0.002495
0.084012
0.170137
0.044660
-0.239120
-0.261542
0.010064
0.188843
0.188260
0.072862
-0.121627
-0.144546
-0.032236
-0.033167
-0.022887
0.052788
0.109889
0.166407
0.112308
-0.221229
-0.388902
-0.209945
0.105225
0.343620
0.299986
0.092759
-0.126058
-0.281462
-0.268641
-0.095679
0.038650
0.139181
0.229570
0.227604
0.070410
-0.183355
-0.355419
-0.258272
-0.058737
0.091870
0.210124
0.182637
0.156866
0.080672
-0.105440
-0.271545
-0.311038
-0.108895
0.154106
0.212029
0.099182
-0.002240
-0.021612
-0.060599
-0.031028
0.018037
-0.075142
-0.076797
-0.048231
-0.010942
0.054520
-0.012165
-0.051031
0.082853
0.077944
-0.024263
-0.039384
-0.084785
-0.009309
0.075516
-0.083845
-0.097575
-0.034997
-0.080217
0.084057
0.136961
0.115094
0.036526
-0.071065
-0.166820
-0.121883
-0.073382
-0.066521
0.081368
0.073100
0.094968
-0.030801
-0.019483
0.048031
0.002114
-0.002951
-0.043478
-0.038731
-0.050105
-0.201398
-0.216594
-0.043300
0.199539
0.221186
0.072354
0.118554
-0.056922
-0.095115
-0.083902
-0.090768
-0.058485
-0.017816
0.077433
0.037894
-0.008793
-0.150764
-0.089189
0.134209
0.165739
0.009156
-0.174506
-0.153838
0.070470
0.165312
-0.033684
-0.046195
-0.002308
-0.058481
-0.144785
-0.050219
0.028108
0.090195
0.072601
-0.105990
0.127355
0.128804
0.053711
-0.009518
-0.120854
-0.198367
-0.253113
-0.158231
0.005339
0.221201
0.251311
0.185258
0.019398
-0.136253
-0.244829
-0.230564
0.023112
0.286047
0.261674
0.034323
-0.163595
-0.266425
-0.331182
-0.204605
0.172371
0.512578
0.451683
-0.028758
-0.377564
-0.427731
-0.214812
0.071998
0.210961
0.237043
0.172362
0.031185
-0.147976
-0.207750
-0.174825
-0.032519
0.152859
0.176119
0.094297
-0.032102
-0.079256
-0.120208
-0.114748
-0.006892
0.056085
0.186907
0.183119
0.000369
-0.185759
-0.268353
-0.165420
0.156019
0.312940
0.119147
-0.036337
-0.070537
-0.113410
-0.184625
-0.083422
0.074323
0.215941
0.191162
0.095592
-0.091765
-0.280859
-0.237999
-0.024164
0.246257
0.251567
0.132572
-0.040491
-0.173981
-0.221662
-0.072815
0.098545
0.124200
0.095986
0.012019
0.006439
-0.017060
-0.058476
-0.046645
0.038570
0.081257
0.074542
0.000792
-0.125388
-0.160158
-0.037317
0.109564
0.188057
0.129740
-0.042645
-0.125649
-0.137664
-0.064093
0.037790
0.128368
0.169718
0.115706
-0.049654
-0.173659
-0.126566
-0.023490
0.032641
0.082060
0.184989
0.175796
-0.020905
-0.261406
-0.280600
-0.041721
0.239295
0.297182
0.132911
-0.042546
-0.165854
-0.151778
-0.079893
-0.026078
0.056202
0.195631
0.201327
0.075382
0.005892
-0.116082
-0.232338
-0.172083
0.054267
0.224113
0.217462
0.064418
-0.064706
-0.089130
-0.100409
-0.078668
-0.024047
0.020407
0.085258
0.150937
0.159161
0.050273
-0.117085
-0.178095
-0.082697
0.066460
0.129258
0.118687
0.033688
-0.009486
-0.043251
-0.066216
-0.053507
-0.047052
-0.022398
0.064128
0.120007
0.157684
0.109495
-0.115959
-0.270826
-0.211508
0.053802
0.267853
0.268612
0.066058
-0.029876
-0.020785
-0.068026
-0.149278
-0.186938
-0.023181
0.195686
0.230564
0.118149
-0.017517
-0.132333
-0.175915
-0.133113
0.007473
0.189010
0.235821
0.134443
0.029565
-0.066641
-0.164135
-0.251955
-0.183499
0.065845
0.311531
0.327767
0.141860
-0.077361
-0.252392
-0.248950
-0.167844
-0.007455
0.210134
0.281330
0.242959
0.078843
-0.160031
-0.304947
-0.255949
-0.040461
0.210129
0.284123
0.206466
0.048836
-0.138105
-0.195993
-0.166749
-0.105605
-0.033500
0.129112
0.229493
0.231391
0.096890
-0.129399
-0.219058
-0.208049
-0.080381
0.058008
0.092109
0.065370
0.175806
0.186488
0.015511
-0.097259
-0.175927
-0.158617
-0.110889
-0.016689
0.121638
0.168920
0.113403
0.072390
0.049376
-0.084375
-0.214746
-0.211580
-0.028630
0.256072
0.294589
0.035816
-0.230502
-0.230837
-0.013208
0.094994
0.029329
0.012572
0.113847
0.137374
-0.007449
-0.191041
-0.228466
-0.096876
0.069891
0.206682
0.213287
0.035914
-0.140415
-0.149677
-0.014349
0.012928
-0.063216
-0.033062
0.093939
0.117732
-0.051883
-0.162961
-0.087618
0.081040
0.149684
0.089125
0.008997
-0.095149
-0.149274
-0.125134
-0.065186
-0.028072
-0.026116
0.117215
0.298253
0.262052
0.033729
-0.256569
-0.397909
-0.289034
0.009217
0.250825
0.246140
0.135406
0.064853
0.030899
-0.054313
-0.239888
-0.389350
-0.241811
0.111845
0.367183
0.372683
0.165784
-0.081543
-0.268846
-0.399750
-0.308914
-0.026646
0.251620
0.429621
0.300145
-0.035200
-0.241415
-0.262516
-0.231460
-0.084003
0.110589
0.210471
0.202941
0.088330
-0.098384
-0.256624
-0.286463
-0.101010
0.199763
0.318111
0.170778
-0.046846
-0.187415
-0.267902
-0.229275
-0.094962
0.109470
0.288997
0.306116
0.160292
-0.062627
-0.245016
-0.360492
-0.284515
-0.019618
0.197383
0.267191
0.201592
0.043335
-0.108852
-0.218089
-0.230300
-0.038161
0.173951
0.211278
