0.002271
0.001746
0.001470
0.001574
0.001987
0.002614
0.002847
0.003364
0.003230
0.002775
0.002473
0.003070
0.003679
0.004349
0.004429
0.005111
0.003688
0.004417
0.003189
0.000964
0.004816
0.002054
0.008666
0.007918
0.005732
0.011651
-0.000333
0.004710
0.011098
-0.006177
0.011659
0.002289
-0.002834
0.003566
-0.003888
0.002176
0.009500
0.016984
0.003776
0.013421
-0.000103
-0.001102
-0.010294
0.005445
0.010247
0.013318
-0.002149
0.017257
-0.010400
-0.009228
0.022209
-0.017163
0.062087
0.002119
0.016578
0.001726
-0.017054
-0.017564
-0.039821
0.002751
0.003974
0.053005
0.023040
0.020633
0.000804
-0.032699
-0.025558
-0.013413
0.020278
0.021207
0.035191
0.004314
-0.002242
-0.019741
-0.018131
0.008415
-0.010234
0.016201
-0.052506
0.043172
0.008313
0.008600
0.108863
0.023325
0.047181
-0.027119
-0.047329
-0.054347
-0.072827
-0.010762
0.057798
0.108883
0.054313
0.017264
-0.048581
-0.093751
-0.052351
-0.003243
0.063209
0.076395
0.021606
-0.032693
-0.047525
-0.031459
0.070058
0.072247
0.038647
-0.066730
-0.072651
-0.090449
-0.026752
0.152796
0.056445
0.091791
0.008890
-0.019099
-0.051575
-0.085596
-0.014608
-0.005951
0.036314
0.005807
0.092941
0.078480
0.000564
-0.056459
-0.093533
-0.030929
0.044365
0.089003
0.030192
-0.040345
-0.105513
-0.052900
0.022102
0.089622
0.092013
0.013480
0.023879
-0.013638
-0.019553
-0.032172
-0.012811
0.002399
-0.030527
-0.006899
0.020532
0.085437
0.039303
-0.013088
-0.118546
-0.094253
-0.009803
0.013795
0.135386
-0.007425
-0.010232
-0.047053
-0.013560
0.110794
0.103019
0.043399
-0.118575
-0.133014
-0.093394
0.017519
0.061594
0.118489
0.094334
-0.039862
-0.173526
-0.166839
-0.034486
0.149673
0.205690
0.068884
-0.024504
-0.088787
-0.132054
-0.115488
-0.026194
0.060014
0.146972
0.087066
0.004772
-0.068638
-0.124184
-0.123615
-0.053641
0.060068
0.085866
0.076864
0.013160
-0.036554
-0.024320
-0.040983
-0.056410
0.015876
0.068798
0.060787
-0.023997
-0.111579
-0.119507
0.003359
0.139679
0.137466
0.001867
-0.164254
-0.201890
-0.069247
0.139253
0.208800
0.114584
-0.095009
-0.210230
-0.140192
0.048164
0.134990
0.078005
-0.002693
-0.094465
-0.059138
0.001976
0.049728
0.102874
0.010277
-0.072935
-0.064490
-0.045046
0.013709
0.014696
0.024007
-0.023863
0.005587
0.013515
0.007894
0.076247
-0.081377
-0.086430
-0.024733
0.021337
0.106247
0.004458
-0.067352
-0.068159
0.032005
0.087821
0.054178
0.000358
-0.054248
-0.109174
-0.066771
0.043243
0.076411
0.105998
-0.041065
-0.091207
-0.049830
0.006108
0.034563
0.045372
0.032419
-0.028009
-0.042944
-0.060766
0.014164
0.101546
0.076565
-0.054333
-0.054883
-0.123746
-0.038231
0.013239
-0.030730
0.144921
0.145985
0.001146
-0.176190
-0.063029
0.006201
0.006573
0.065278
0.039802
0.081593
-0.055294
-0.065967
-0.071785
-0.003040
-0.007716
-0.096897
-0.018032
0.087367
0.192814
0.004462
-0.139699
-0.171672
-0.084917
0.003223
0.101721
0.181310
0.139343
0.005864
-0.226294
-0.237254
0.129513
0.272842
-0.010518
-0.255882
-0.251551
0.101313
0.340309
0.310073
-0.068801
-0.395107
-0.315974
-0.083245
0.229010
0.151072
0.035748
0.115040
0.012527
-0.037912
-0.101256
-0.241595
-0.241277
0.163696
0.373250
0.206110
-0.096012
-0.268806
-0.198942
-0.020418
0.162203
0.244195
0.162036
-0.383362
-0.377964
0.045206
0.361031
0.290262
-0.058255
-0.283467
-0.218192
0.077083
0.101002
-0.059899
-0.072716
0.173686
0.160041
-0.010829
-0.163300
-0.131396
-0.078343
0.103281
0.109749
-0.020899
0.036623
0.023466
-0.022445
-0.162492
-0.120513
0.127561
0.404486
0.180020
-0.289485
-0.530961
-0.292758
0.277075
0.569627
0.266842
-0.216993
-0.332644
-0.132344
0.143107
0.172584
0.002378
-0.125621
-0.120091
-0.025299
0.079886
0.069111
0.067308
-0.093287
-0.004155
0.197422
0.136177
-0.045747
-0.096931
-0.131753
-0.187192
-0.029898
0.020599
0.081703
0.023833
0.068197
0.101369
0.085924
-0.093088
-0.140660
0.076391
0.117027
0.216671
0.015103
-0.176854
-0.168626
-0.109644
0.030415
0.057765
0.173457
0.303296
0.131489
-0.241271
-0.346776
-0.303241
0.028964
0.370746
0.153925
-0.113106
-0.122142
0.027052
0.033382
0.146369
0.039448
-0.138047
-0.052155
0.158799
0.296441
0.035072
-0.310659
-0.387337
-0.158128
0.111602
0.304839
0.264953
0.207040
-0.094862
-0.315252
-0.247207
-0.071770
0.069755
0.114975
0.271392
0.217170
0.057756
-0.285041
-0.304523
0.009518
0.168066
0.053521
-0.156893
-0.105725
0.301465
0.533253
0.049390
-0.376898
-0.430621
-0.190821
0.081168
0.199942
0.124828
0.015493
0.004991
0.129184
0.221965
-0.028944
-0.346684
-0.363494
-0.037812
0.303727
0.334293
0.065112
-0.039030
-0.046634
-0.003696
-0.066526
-0.265280
-0.232376
-0.053093
0.198789
0.393199
0.365243
0.030973
-0.179294
-0.262311
-0.205379
-0.070469
-0.037831
0.253178
0.209675
-0.024304
-0.110599
0.078486
0.159462
0.023734
-0.130675
-0.248934
-0.057241
0.034679
0.135200
0.135846
-0.000885
-0.027377
-0.046612
-0.241190
-0.066447
0.033900
0.059059
0.368759
0.326720
0.107528
0.031303
-0.031152
-0.348645
-0.349504
-0.085834
0.217173
0.363831
0.161753
0.016862
0.041815
0.033556
-0.229889
-0.392084
-0.222190
0.299118
0.498760
0.118022
-0.185602
-0.306990
-0.169855
0.083336
0.157707
0.178136
0.130537
-0.032849
-0.224167
-0.272420
-0.060777
0.213784
0.268975
-0.034444
-0.258827
-0.131180
0.168759
0.294257
0.033997
-0.322207
-0.320567
0.065172
0.345420
0.252061
-0.146735
-0.365164
-0.143665
0.177917
0.279493
0.050670
-0.073201
-0.090781
-0.035364
0.108093
0.157469
-0.013524
-0.371041
-0.347655
0.040552
0.392597
0.254593
-0.077070
-0.190118
-0.095174
-0.004367
-0.040458
0.053034
0.160202
0.122161
-0.009884
-0.055184
-0.036115
-0.005735
-0.076392
-0.161676
-0.060953
0.149483
0.208252
-0.007362
-0.170807
-0.193263
-0.018912
0.144816
0.070305
-0.059565
-0.116286
0.061942
0.233691
0.157891
-0.061578
-0.132278
0.060310
0.208068
0.081125
-0.234535
-0.405964
-0.292934
0.031003
0.432970
0.468307
0.097572
-0.293275
-0.519698
-0.282096
0.302043
0.560699
0.190481
-0.267796
-0.295636
0.002439
0.267908
0.131832
-0.109722
-0.168041
-0.137289
-0.074892
-0.003260
0.051750
0.137353
0.153446
0.017334
0.003194
0.017348
-0.016477
-0.137632
-0.223363
-0.170496
-0.054807
0.108407
0.243254
0.303839
0.112840
-0.246810
-0.473385
-0.261222
0.271023
0.445283
0.151498
-0.137799
-0.264580
-0.099771
0.151500
0.236215
0.047508
-0.212994
-0.242036
-0.183466
-0.012986
0.070894
0.098492
0.186133
0.146426
-0.117740
-0.260811
-0.093464
0.121696
0.146494
0.047335
-0.028220
0.094950
0.243932
0.002646
-0.445684
-0.616289
-0.156090
0.427441
0.661509
0.205568
-0.304118
-0.510203
-0.290497
0.214904
0.278410
0.189041
0.081636
0.115443
-0.023769
-0.249964
-0.364022
-0.137987
0.196083
0.172432
0.014614
-0.009070
0.000537
-0.093921
-0.078453
-0.090263
0.062359
0.197606
0.108614
-0.110624
-0.085136
0.260508
0.304785
-0.181035
-0.607473
-0.326880
0.284829
0.425673
0.183450
-0.095077
-0.217266
-0.092851
-0.045600
-0.108750
-0.072858
0.132589
0.220879
0.128675
0.002840
-0.051326
-0.156555
-0.165420
-0.035373
0.045264
0.143149
0.117912
0.087579
-0.027669
-0.162293
-0.075508
0.046562
0.089706
-0.067678
-0.130374
0.060624
0.145295
0.046070
-0.199357
-0.112179
0.078021
0.054028
-0.040755
-0.024908
0.166813
0.199189
0.072753
-0.140242
-0.191886
-0.208685
-0.147242
-0.017303
0.021013
0.192189
0.275649
0.053126
0.012028
0.027281
-0.149223
-0.118023
0.000397
-0.018046
-0.043881
0.020087
-0.011857
-0.009816
0.080082
0.157106
0.280858
0.013972
-0.388719
-0.474470
-0.220176
0.209090
0.380323
0.357010
0.029871
-0.209870
-0.241681
-0.110621
0.191415
0.298324
0.114506
-0.241880
-0.344867
-0.215314
0.160245
0.502396
0.229910
-0.196220
-0.267082
-0.085561
0.102533
0.122196
0.002049
-0.128714
-0.196992
-0.113118
0.147013
0.230979
0.288389
0.222327
-0.034373
-0.207938
-0.250901
-0.274221
-0.144406
0.256310
0.345314
0.077738
-0.226810
-0.258924
0.032869
0.219980
0.104439
-0.053755
-0.117601
-0.068116
0.050684
0.173331
0.166685
0.022863
-0.252804
-0.349182
0.019922
0.320034
0.411877
0.082899
-0.417201
-0.470244
-0.108161
0.325802
0.411782
0.078981
-0.357412
-0.305771
0.099741
0.391824
0.229013
-0.257443
-0.460632
-0.160336
0.369671
0.574258
0.319754
-0.103429
-0.425901
-0.392090
-0.120574
-0.102589
-0.010938
0.227556
0.235560
0.169393
0.062182
-0.077224
-0.215552
-0.105003
0.137165
0.122730
0.025750
0.088380
0.257545
0.038667
-0.343807
-0.377471
-0.112541
0.265314
0.389596
0.152321
-0.186523
-0.344380
-0.316021
-0.095554
0.148476
0.299172
0.310235
0.169581
-0.031712
-0.181420
-0.219511
-0.062024
0.146892
0.178868
0.064632
-0.159948
-0.295680
-0.209713
0.090851
0.343183
0.227770
-0.105852
-0.258505
-0.135525
0.171757
0.211201
-0.014722
-0.230466
-0.161951
0.109368
0.300197
0.218168
-0.185815
-0.385351
-0.132850
0.179429
0.207655
0.098799
-0.049838
-0.031718
-0.071550
-0.052835
0.039047
0.109438
-0.004857
-0.159213
-0.090672
0.039378
0.162120
0.021188
-0.112817
-0.160365
-0.003972
0.060321
0.039449
0.052442
0.064288
0.174464
0.151773
0.033802
-0.218340
-0.318724
-0.177915
0.043245
0.295612
0.319319
0.173277
-0.046225
-0.275853
-0.339012
-0.136925
0.179841
0.248418
0.001704
-0.215690
-0.144368
0.021672
0.090463
0.083044
0.038559
-0.020582
0.072886
-0.002554
-0.116156
0.080389
0.252374
0.216325
0.063533
-0.191959
-0.336766
-0.195931
-0.066905
0.014425
0.137104
0.202785
0.190690
0.092324
-0.144222
-0.396847
-0.383538
-0.005568
0.418144
0.444201
0.032881
-0.189465
-0.120795
0.120965
0.110022
-0.199015
-0.222647
0.021352
0.184978
0.077915
-0.054123
-0.088489
-0.015242
-0.071762
-0.179894
-0.091845
0.184876
0.287002
0.133607
-0.086511
-0.226246
-0.067004
0.065958
0.100139
-0.013103
-0.116857
-0.122183
-0.005722
0.144907
0.120415
0.017273
-0.133295
-0.125147
0.017383
0.188117
0.091638
-0.116783
-0.137907
-0.007373
0.096553
0.002826
-0.102592
-0.026183
0.116641
0.096981
0.002148
-0.065159
-0.115031
-0.080173
-0.015810
0.054058
0.184555
0.125864
-0.048418
-0.191625
-0.193939
0.035902
0.199717
0.119648
-0.094170
-0.170543
-0.071730
0.082537
0.163107
0.072040
-0.132145
-0.234814
-0.069082
0.156654
0.265617
0.152329
-0.083752
-0.269962
-0.207042
0.038126
0.248787
0.312582
0.086213
-0.220739
-0.401699
-0.363100
-0.015258
0.341125
0.450376
0.253299
-0.126598
-0.440612
-0.442449
-0.096978
0.176704
0.367672
0.329602
0.093220
-0.091849
-0.148379
-0.167508
-0.179876
-0.113605
-0.003281
0.111919
0.179929
0.121694
0.006841
0.021085
-0.099305
-0.198686
-0.169693
-0.040307
0.069703
0.138420
0.042179
-0.096636
0.070917
0.072266
0.002996
0.066502
0.137122
-0.032757
-0.126974
-0.041951
-0.024065
-0.013689
-0.145629
-0.119445
0.119867
0.289493
0.172794
-0.094976
-0.273987
-0.206466
-0.023424
0.048394
0.124604
0.191789
0.135869
-0.058361
-0.187463
-0.094885
0.130239
0.231841
0.024045
-0.239759
-0.274351
-0.112033
0.028034
0.083079
0.108715
0.175842
0.225356
0.092925
-0.129052
-0.307424
-0.278187
-0.063217
0.229142
0.325240
0.168106
-0.055366
-0.179822
-0.128588
-0.067062
-0.038866
-0.000013
0.055195
0.070365
0.019285
-0.048839
-0.032316
0.006304
0.043697
0.084084
0.074722
0.000647
-0.073746
-0.129232
-0.104910
0.064002
0.191707
0.196785
0.038252
-0.173345
-0.249290
-0.153663
0.016558
0.203675
0.230582
0.063622
-0.075919
-0.178880
-0.055845
0.100495
0.093565
0.031972
-0.016259
-0.036834
-0.049188
0.020800
0.052224
0.008711
-0.032078
-0.011996
0.019931
0.014852
-0.031414
-0.013996
0.052134
0.058948
0.011113
-0.065631
-0.023313
0.053470
-0.011784
-0.072823
0.033692
0.128755
0.138091
0.063560
-0.103571
-0.263626
-0.265795
-0.118410
0.154672
0.367044
0.256856
0.087425
-0.135313
-0.304228
-0.339555
-0.129268
0.183687
0.301435
0.221403
0.002368
-0.029811
-0.000948
-0.096410
-0.244155
-0.168389
0.106714
0.243070
0.178538
-0.020435
-0.148982
-0.073386
-0.006027
0.045832
0.055432
-0.037342
-0.098655
-0.003861
0.092357
0.079938
0.067224
0.010356
-0.029606
-0.061603
-0.091169
-0.056932
0.020419
0.057135
0.055039
0.064926
0.032962
0.002614
-0.045745
-0.143389
-0.008332
0.151718
0.221829
0.074051
-0.174620
-0.228122
-0.134487
0.059272
0.090696
0.186887
0.108150
-0.078043
-0.183338
-0.176472
0.007136
0.169989
0.280071
0.119818
-0.091538
-0.225667
-0.183180
-0.004860
0.097082
0.116296
0.048549
0.010231
0.006034
-0.018603
-0.080871
-0.110744
-0.026024
0.033829
0.053254
0.079561
0.000486
-0.120008
-0.033069
0.087114
0.097895
0.063488
-0.037011
-0.008668
-0.022491
-0.089172
-0.115611
-0.045395
0.114388
0.168016
0.082583
-0.136269
-0.206565
-0.106046
0.049794
0.153974
0.152855
0.086663
-0.031251
-0.129126
-0.139684
-0.085205
0.008066
0.133941
0.148645
0.147443
0.030816
-0.151840
-0.239478
-0.195738
-0.035012
0.160321
0.299255
0.167169
-0.027984
-0.203364
-0.260071
-0.116046
0.088616
0.195670
0.119074
0.040259
0.001473
-0.038583
-0.101452
-0.067211
0.070054
0.075693
-0.003326
-0.108435
-0.109263
-0.028407
0.055969
0.147464
0.129485
0.013202
-0.162434
-0.221937
-0.151116
0.061635
0.209975
0.200645
0.055809
-0.068264
-0.081985
-0.123115
-0.089976
0.042829
0.171905
0.093534
-0.074353
-0.169618
-0.127627
-0.006543
0.128394
0.147849
0.056019
-0.082498
-0.172046
-0.155596
-0.017770
0.177049
0.216742
0.120541
-0.109909
-0.240668
-0.238328
-0.036363
0.210097
0.295376
0.175158
-0.155309
-0.349659
-0.278653
0.052283
0.356089
0.349629
0.080324
-0.251145
-0.382353
-0.198091
0.078246
0.233823
0.217549
0.164647
0.061550
-0.169832
-0.343631
-0.290814
0.067186
0.318109
0.271161
0.081273
-0.055164
-0.157939
-0.291094
-0.267128
-0.008050
0.315994
0.350606
0.182155
-0.075614
-0.219517
-0.228152
-0.215271
-0.084307
0.145012
0.323004
0.237508
-0.030456
-0.213591
-0.181685
-0.097520
-0.066644
0.053595
0.195832
0.177500
-0.002828
-0.154526
-0.117088
0.025742
0.113353
0.022992
-0.056324
-0.050894
0.019420
0.053104
-0.003376
-0.013911
-0.024966
-0.042499
-0.048057
-0.030617
0.006130
0.035555
0.050974
0.050462
0.021069
-0.003613
-0.026333
-0.021803
-0.014750
0.003200
0.018393
-0.046763
-0.085743
-0.061027
0.072371
0.146710
0.064719
-0.058341
-0.114690
-0.019237
0.010958
-0.022265
-0.043990
0.029133
0.107544
0.052720
-0.067419
-0.067926
0.056698
0.094704
0.014636
-0.120114
-0.100703
-0.022833
0.049555
0.098594
0.062929
-0.046817
-0.149529
-0.100426
0.034302
0.153263
0.095425
-0.039482
-0.037920
0.004981
-0.001997
-0.088651
-0.134861
0.006684
0.189880
0.186453
-0.014387
-0.173659
-0.167303
-0.058379
0.115151
0.180801
0.083957
-0.081878
-0.154200
-0.056082
0.010564
0.015374
0.021742
0.081769
0.137578
0.086954
-0.050569
-0.219412
-0.234531
-0.031778
0.231161
0.330964
0.133957
-0.154529
-0.280405
-0.201574
-0.036810
0.101122
0.143195
0.168224
0.156933
0.026351
-0.127849
-0.227175
-0.157855
0.035264
0.196163
0.206780
0.073735
-0.127215
-0.248674
-0.163193
0.030826
0.207706
0.233171
0.105469
-0.052327
-0.185806
-0.199575
-0.078166
0.057985
0.158109
0.195041
0.101591
-0.050311
-0.171129
-0.173143
-0.098174
0.021720
0.150186
0.171378
0.063183
-0.120918
-0.188686
-0.086228
0.050357
0.130631
0.149304
0.091282
-0.005067
-0.093772
-0.157575
-0.125667
-0.014638
0.090963
0.170719
0.148222
0.014611
-0.145279
-0.183430
-0.116159
0.022048
0.127365
0.125002
0.081863
-0.008698
-0.077901
-0.108647
-0.074650
0.038955
0.129565
0.084472
0.011896
-0.024378
-0.064813
-0.089070
-0.082550
0.016946
0.149186
0.115762
-0.028217
-0.147803
-0.084159
0.067982
0.097847
0.056977
-0.007811
-0.000453
0.004316
-0.042633
-0.086867
-0.052560
0.047413
0.074662
0.065747
0.037047
-0.037451
-0.078623
-0.036758
0.040738
0.092795
0.029804
-0.074321
-0.093733
-0.009894
0.092992
0.066870
-0.010610
-0.044235
-0.016714
0.012579
-0.032811
-0.062478
0.003885
0.064762
0.078254
0.019089
-0.027452
-0.038881
-0.053779
-0.004873
0.030646
0.077400
0.058756
-0.039402
-0.101035
-0.068731
-0.006011
0.025761
0.062743
0.063823
0.042349
-0.003215
-0.044918
-0.063813
-0.044940
-0.011847
0.014512
0.035161
0.031839
0.037285
-0.012454
-0.027989
-0.003063
-0.011022
-0.031673
-0.030924
-0.011526
0.017658
0.034823
0.019614
0.079400
0.059787
-0.043558
-0.139173
-0.126051
-0.031451
0.096679
0.154569
0.094106
0.070923
0.005037
-0.164103
-0.324275
-0.207044
0.062143
0.321299
0.292343
0.026790
-0.113015
-0.091019
-0.073184
-0.119166
-0.054678
0.073902
0.216524
0.114235
-0.100060
-0.166306
-0.101556
0.008112
0.053382
0.074352
0.101353
0.105475
-0.043701
-0.229471
-0.218751
0.045239
0.227044
0.176669
0.028992
-0.108822
-0.110122
-0.084193
-0.071059
0.036464
0.133774
0.137385
0.081458
-0.031042
-0.144608
-0.186451
-0.127904
0.005178
0.245455
0.285081
0.064647
-0.094893
-0.167183
-0.170846
-0.113294
-0.019471
0.086879
0.173856
0.176250
0.058818
-0.082819
-0.156806
-0.160189
-0.069737
0.027403
0.080146
0.128445
0.120503
0.026289
-0.041975
-0.108179
-0.137503
-0.056802
0.054318
0.086937
0.047648
0.034575
0.030421
0.021830
-0.048989
-0.132049
-0.140971
-0.002594
0.159130
0.210647
0.097171
-0.090083
-0.160746
-0.108612
-0.011658
0.047065
0.045717
0.045676
0.066569
0.064521
0.008404
-0.135347
-0.170046
-0.046483
0.121174
0.143451
0.039965
-0.066406
-0.073093
0.024180
0.024533
-0.024564
-0.092898
-0.062866
0.016426
0.069440
0.094554
0.071831
0.044392
-0.042712
-0.131449
-0.202465
-0.087251
0.082567
0.119563
0.147198
0.149892
0.028906
-0.180546
-0.272557
-0.193950
0.037263
0.288604
0.262979
0.094589
-0.038197
-0.177043
-0.223192
-0.240836
-0.106900
0.142290
0.326796
0.325791
0.170896
-0.085828
-0.400191
-0.461299
-0.202938
0.156371
0.308850
0.304426
0.203713
0.095468
-0.037309
-0.307788
-0.484231
-0.304109
0.180385
0.490697
0.394162
0.055998
-0.190073
-0.182713
-0.165920
-0.224556
-0.181298
0.067328
0.365303
0.410669
0.192914
-0.127640
-0.372327
-0.422860
-0.240571
0.094548
0.333895
0.385387
0.255994
0.027005
-0.176515
-0.330799
-0.381403
-0.155711
0.200285
0.414203
0.303232
0.032272
-0.160198
-0.231620
-0.185182
-0.133561
-0.023398
0.151339
0.326966
0.234380
-0.022623
-0.213921
-0.253755
-0.159186
-0.065161
0.073049
0.256697
0.299600
0.112930
-0.114389
-0.275196
-0.254450
-0.125208
0.053227
0.185857
0.243470
0.187178
0.014980
-0.121344
-0.217919
-0.221160
-0.133282
0.075503
0.297112
0.344265
0.148585
-0.122828
-0.308338
-0.300525
-0.123809
0.079692
0.205644
0.199994
0.193522
0.107567
-0.103976
-0.354776
-0.376205
-0.071106
0.291290
0.402527
0.242195
0.005283
-0.166562
-0.247828
-0.294103
-0.173071
0.073845
0.280011
0.322999
0.211292
-0.029241
-0.287211
-0.405682
-0.239284
0.137057
0.361470
0.304130
0.108986
-0.039733
-0.159899
-0.309707
-0.334782
-0.111137
0.271088
0.460369
0.318081
0.036430
-0.251846
-0.398187
-0.355283
-0.115559
0.188980
0.423651
0.373687
0.080578
-0.105643
-0.203556
-0.304481
-0.286585
-0.067510
0.256585
0.434251
0.280924
-0.021615
-0.202377
-0.271716
-0.260010
-0.150117
0.046089
0.281333
0.372531
0.222610
-0.036101
-0.180115
-0.275263
-0.295051
-0.156425
0.109751
0.329178
0.273342
0.050536
-0.082139
-0.050929
-0.069984
-0.171807
-0.188739
-0.019753
0.210858
0.274764
0.084127
-0.104419
-0.108023
-0.032046
-0.016892
-0.105834
-0.092512
0.026317
0.138458
0.162452
0.079759
-0.029406
-0.052214
-0.084264
-0.151901
-0.135578
-0.043015
0.124000
0.248980
0.160203
-0.049958
-0.076675
-0.096865
-0.122845
-0.064693
-0.014021
0.093271
0.145595
0.046848
-0.039872
-0.030694
-0.042326
-0.058232
-0.071688
-0.053048
0.043139
0.115457
0.062399
0.010420
-0.011016
-0.037895
-0.048195
-0.093846
-0.111851
-0.005327
0.154451
0.198355
0.126825
-0.042133
-0.171701
-0.164968
-0.108501
-0.010969
0.097153
0.136467
0.121716
0.130909
0.023962
-0.227085
-0.341098
-0.171294
0.155912
0.339113
0.204253
-0.058092
-0.123600
-0.059441
-0.094093
-0.182334
-0.116785
0.180213
0.358064
0.236255
0.002421
-0.181716
-0.306811
-0.305721
-0.113948
0.156038
0.345223
0.251445
0.044323
-0.086498
-0.147555
-0.205876
-0.202060
0.001914
0.264786
0.305554
0.071432
-0.166840
