-0.000054
0.000177
0.000361
0.000538
0.000946
0.000629
0.000917
0.001057
0.001258
0.001513
0.001810
0.001954
0.001970
0.001884
0.001736
0.001549
0.001713
0.001886
0.002140
0.002306
0.002199
0.002613
0.002724
0.002915
0.002931
0.002787
0.002709
0.002650
0.002834
0.003135
0.003258
0.003369
0.003304
0.003312
0.003304
0.003491
0.003498
0.003160
0.003175
0.003238
0.003369
0.003593
0.003930
0.003717
0.003436
0.003327
0.003496
0.003635
0.003976
0.003975
0.003983
0.004211
0.004262
0.004460
0.004255
0.004451
0.004546
0.004663
0.004553
0.004493
0.004378
0.004301
0.004564
0.004579
0.004605
0.004784
0.004840
0.004634
0.004857
0.004624
0.004378
0.004250
0.004476
0.004894
0.004713
0.004509
0.004200
0.004467
0.004724
0.005074
0.005148
0.005212
0.005473
0.005434
0.005696
0.005639
0.005785
0.005528
0.005703
0.005804
0.005698
0.005446
0.005172
0.005540
0.005333
0.005262
0.005039
0.005178
0.005319
0.005349
0.005447
0.005438
0.005556
0.005510
0.005531
0.005573
0.005634
0.005329
0.005188
0.005088
0.004892
0.004835
0.004702
0.004801
0.004763
0.004494
0.004465
0.004481
0.004685
0.004969
0.004762
0.004921
0.004832
0.005040
0.005272
0.005243
0.004924
0.004490
0.004495
0.004492
0.004928
0.005088
0.004963
0.004594
0.004614
0.004457
0.004444
0.004125
0.003727
0.003593
0.003481
0.004077
0.004002
0.003767
0.003478
0.003152
0.003083
0.003416
0.003550
0.003432
0.003391
0.003222
0.003055
0.003046
0.003101
0.002822
0.002834
0.002399
0.002155
0.002316
0.002264
0.002398
0.002063
0.001568
0.001577
0.001536
0.001710
0.001964
0.001631
0.001544
0.001697
0.002018
0.002084
0.001992
0.001902
0.001725
0.001935
0.002031
0.001714
0.001277
0.001122
0.001340
0.001498
0.001557
0.001402
0.001047
0.000821
0.000748
0.000777
0.000576
0.000710
0.000559
0.000523
0.000589
0.000136
-0.000203
-0.000399
-0.000272
-0.000272
-0.000451
-0.000726
-0.000655
-0.000289
-0.000015
0.000027
0.000068
-0.000062
-0.000050
0.000207
0.000078
-0.000267
-0.000623
-0.000874
-0.000917
-0.000612
-0.000636
-0.000350
-0.000527
-0.001158
-0.001416
-0.001754
-0.001637
-0.001956
-0.002122
-0.002281
-0.002616
-0.002569
-0.002591
-0.002317
-0.002183
-0.002176
-0.002570
-0.002883
-0.003032
-0.003220
-0.003111
-0.003120
-0.003050
-0.003293
-0.003390
-0.003492
-0.003729
-0.003856
-0.003798
-0.003836
-0.004069
-0.004037
-0.004509
-0.004542
-0.004546
-0.004526
-0.004386
-0.004507
-0.004289
-0.004682
-0.004929
-0.005147
-0.005060
-0.004972
-0.004721
-0.004674
-0.005164
-0.005245
-0.005867
-0.005835
-0.005762
-0.005768
-0.005758
-0.005874
-0.005843
-0.006093
-0.005984
-0.006099
-0.005831
-0.005906
-0.006312
-0.006347
-0.006468
-0.006595
-0.006565
-0.006555
-0.006487
-0.006517
-0.006899
-0.007108
-0.007125
-0.007043
-0.007483
-0.007805
-0.007754
-0.007774
-0.007858
-0.008109
-0.008443
-0.008490
-0.008464
-0.008374
-0.008671
-0.009134
-0.009661
-0.010031
-0.009687
-0.009372
-0.009320
-0.009563
-0.009636
-0.009312
-0.009198
-0.009047
-0.009160
-0.009347
-0.009114
-0.009017
-0.009171
-0.009074
-0.009056
-0.009510
-0.009470
-0.009512
-0.009570
-0.009648
-0.009768
-0.009723
-0.009751
-0.010008
-0.009939
-0.009913
-0.009967
-0.010014
-0.010141
-0.010186
-0.010334
-0.010090
-0.009823
-0.009738
-0.009789
-0.009572
-0.009736
-0.009621
-0.009313
-0.009417
-0.009555
-0.009535
-0.009478
-0.009625
-0.009776
-0.009825
-0.009714
-0.009400
-0.009229
-0.009316
-0.009538
-0.009684
-0.009249
-0.009015
-0.009000
-0.008942
-0.009091
-0.009106
-0.009305
-0.009306
-0.009255
-0.009413
-0.009119
-0.009086
-0.008902
-0.008925
-0.008982
-0.008805
-0.008761
-0.008424
-0.008080
-0.007955
-0.007970
-0.008171
-0.008127
-0.007530
-0.007066
-0.007219
-0.007394
-0.007131
-0.006794
-0.006302
-0.006116
-0.005804
-0.005392
-0.004985
-0.004732
-0.004390
-0.003869
-0.003753
-0.003653
-0.003613
-0.003308
-0.002845
-0.002131
-0.001818
-0.001793
-0.001603
-0.001309
-0.000786
-0.000278
-0.000096
-0.000019
0.000435
0.001223
0.002178
0.002330
0.002335
0.002276
0.002529
0.003009
0.003142
0.003519
0.003661
0.003916
0.004334
0.004765
0.004797
0.004715
0.004919
0.005208
0.005537
0.005647
0.005713
0.005583
0.005575
0.005627
0.005375
0.005490
0.005504
0.005546
0.005839
0.005872
0.006151
0.006004
0.005676
0.005642
0.005690
0.005595
0.005473
0.006096
0.006659
0.006675
0.006207
0.005613
0.005656
0.006106
0.006641
0.006646
0.006496
0.006554
0.006317
0.006378
0.006530
0.006609
0.006985
0.006992
0.007000
0.007168
0.007250
0.007477
0.007430
0.007627
0.007890
0.008006
0.008250
0.008631
0.008866
0.008881
0.009175
0.009215
0.009528
0.009840
0.010333
0.010522
0.010508
0.010758
0.010979
0.011192
0.011172
0.011817
0.012045
0.012225
0.012215
0.012474
0.012763
0.012877
0.013034
0.013304
0.013415
0.013151
0.013682
0.013777
0.013875
0.014036
0.014574
0.015057
0.014903
0.014991
0.014977
0.014756
0.014344
0.014509
0.015076
0.015538
0.015483
0.014971
0.014855
0.014619
0.014613
0.014373
0.014396
0.014498
0.014160
0.013707
0.013395
0.013204
0.012916
0.012844
0.012403
0.012295
0.012003
0.011995
0.011899
0.011581
0.011311
0.011037
0.010957
0.010874
0.010981
0.010946
0.010554
0.010006
0.009920
0.009844
0.010023
0.009990
0.009594
0.008947
0.008722
0.008748
0.008692
0.008604
0.008184
0.007962
0.007874
0.007860
0.007674
0.007540
0.007251
0.007035
0.007070
0.006847
0.006729
0.006550
0.006285
0.006386
0.006374
0.006447
0.006552
0.006111
0.005705
0.005256
0.005041
0.005003
0.004687
0.004510
0.004867
0.005068
0.005001
0.004777
0.004241
0.004415
0.004540
0.005074
0.005524
0.005220
0.004829
0.004692
0.004836
0.005093
0.005216
0.004950
0.004719
0.004553
0.004589
0.004579
0.004419
0.004617
0.004483
0.004483
0.004448
0.003798
0.003783
0.003582
0.003608
0.003334
0.003019
0.002834
0.002689
0.002592
0.002121
0.001668
0.001415
0.001469
0.000874
0.000369
-0.000032
-0.000373
-0.000438
-0.000359
-0.000609
-0.000951
-0.001408
-0.001821
-0.002151
-0.002733
-0.002859
-0.003200
-0.003251
-0.003323
-0.003237
-0.003188
-0.003886
-0.004500
-0.005163
-0.005505
-0.005530
-0.005525
-0.006040
-0.006765
-0.007086
-0.006975
-0.006941
-0.007469
-0.008293
-0.009257
-0.009305
-0.009042
-0.009064
-0.009235
-0.009953
-0.010668
-0.011101
-0.011038
-0.010888
-0.011067
-0.011593
-0.011969
-0.012109
-0.012131
-0.012197
-0.012506
-0.012571
-0.012941
-0.013152
-0.013104
-0.012997
-0.012984
-0.013310
-0.013689
-0.014021
-0.014013
-0.013965
-0.013933
-0.014343
-0.014637
-0.015059
-0.015129
-0.014931
-0.014945
-0.014760
-0.014990
-0.015181
-0.015237
-0.015314
-0.015338
-0.015380
-0.015370
-0.015312
-0.015347
-0.015517
-0.015869
-0.016031
-0.016224
-0.016092
-0.015820
-0.015772
-0.015994
-0.016342
-0.016609
-0.016596
-0.016418
-0.016394
-0.016228
-0.016253
-0.016299
-0.016504
-0.016913
-0.016871
-0.016990
-0.017102
-0.017043
-0.017106
-0.016841
-0.017012
-0.017238
-0.017478
-0.017588
-0.017597
-0.017428
-0.017420
-0.017627
-0.017352
-0.017338
-0.016948
-0.016650
-0.016495
-0.016525
-0.016615
-0.016479
-0.016155
-0.015895
-0.015856
-0.015560
-0.015428
-0.015304
-0.015117
-0.014955
-0.014681
-0.014374
-0.014346
-0.014393
-0.014139
-0.014190
-0.013998
-0.013526
-0.013475
-0.013096
-0.012813
-0.012807
-0.012637
-0.012233
-0.011981
-0.011745
-0.011151
-0.010582
-0.010133
-0.009875
-0.009730
-0.009426
-0.009099
-0.008479
-0.008107
-0.007774
-0.007310
-0.006784
-0.006322
-0.006120
-0.005959
-0.005816
-0.004946
-0.004595
-0.004168
-0.003850
-0.003617
-0.003046
-0.002704
-0.002297
-0.002120
-0.002001
-0.001622
-0.000757
-0.000496
-0.000275
-0.000276
-0.000351
-0.000088
0.000322
0.000821
0.000928
0.001078
0.001269
0.001523
0.001697
0.001712
0.001952
0.002503
0.002957
0.003354
0.003393
0.003407
0.003475
0.003586
0.003685
0.003953
0.004190
0.004205
0.004275
0.004211
0.004152
0.004285
0.004780
0.004911
0.005059
0.005076
0.005114
0.005115
0.005460
0.005960
0.006257
0.006654
0.006741
0.006677
0.006359
0.006273
0.006047
0.006521
0.007242
0.007440
0.007748
0.007476
0.006976
0.007227
0.007827
0.008204
0.008408
0.008506
0.008478
0.008562
0.008995
0.010014
0.010715
0.010783
0.010877
0.010771
0.010982
0.011306
0.011928
0.012418
0.012587
0.012596
0.012467
0.012591
0.012311
0.012399
0.012585
0.012968
0.013527
0.013540
0.013545
0.013345
0.013288
0.013643
0.014074
0.014482
0.014767
0.014803
0.014876
0.014654
0.014410
0.014262
0.014313
0.014563
0.014572
0.014516
0.014274
0.014110
0.014035
0.014231
0.014436
0.014636
0.014756
0.014667
0.014804
0.014628
0.014494
0.014585
0.014384
0.014146
0.013878
0.013842
0.014029
0.014143
0.014006
0.013686
0.013503
0.013146
0.012866
0.013026
0.013378
0.013465
0.013311
0.012963
0.012676
0.012982
0.013368
0.013420
0.013176
0.013141
0.013453
0.013673
0.013337
0.012981
0.012976
0.013148
0.013077
0.013020
0.013093
0.012670
0.012598
0.012910
0.012796
0.012498
0.012072
0.011821
0.011953
0.012125
0.012172
0.011831
0.011560
0.011402
0.011446
0.011316
0.011255
0.011171
0.010774
0.010598
0.010344
0.010021
0.009875
0.009640
0.009286
0.009137
0.009045
0.008715
0.008332
0.008038
0.007681
0.007349
0.006990
0.006691
0.006391
0.005849
0.005714
0.005649
0.005348
0.005053
0.004398
0.004379
0.004418
0.004259
0.004367
0.004350
0.004143
0.003884
0.003653
0.003403
0.003029
0.003185
0.002956
0.002392
0.001993
0.001587
0.001623
0.001282
0.000992
0.000489
0.000394
0.000345
0.000365
0.000224
0.000067
-0.000131
-0.000686
-0.000912
-0.001150
-0.001184
-0.001134
-0.001141
-0.001266
-0.001107
-0.001352
-0.001642
-0.001966
-0.002361
-0.002525
-0.002725
-0.002928
-0.003250
-0.003655
-0.003930
-0.004126
-0.004353
-0.004833
-0.005314
-0.005471
-0.005284
-0.005275
-0.005504
-0.005739
-0.006149
-0.006306
-0.006616
-0.007030
-0.007589
-0.007440
-0.007404
-0.007778
-0.008199
-0.008670
-0.008888
-0.008953
-0.009041
-0.009311
-0.009542
-0.010244
-0.010625
-0.010999
-0.011569
-0.011949
-0.012446
-0.012818
-0.012986
-0.013128
-0.013415
-0.013753
-0.014171
-0.014540
-0.014992
-0.015121
-0.015263
-0.015439
-0.015481
-0.016079
-0.016490
-0.016696
-0.016748
-0.016949
-0.017300
-0.017664
-0.017555
-0.017543
-0.017701
-0.017712
-0.018231
-0.018377
-0.018327
-0.018277
-0.018671
-0.018783
-0.018972
-0.019362
-0.019793
-0.020105
-0.020124
-0.020063
-0.020118
-0.020137
-0.019718
-0.019758
-0.019325
-0.019512
-0.019821
-0.020190
-0.020218
-0.019981
-0.019894
-0.019746
-0.020016
-0.020028
-0.020004
-0.019971
-0.019965
-0.019638
-0.019908
-0.019921
-0.019906
-0.019684
-0.019381
-0.019101
-0.018762
-0.018721
-0.018495
-0.018475
-0.018310
-0.018366
-0.017774
-0.017295
-0.017120
-0.016819
-0.017244
-0.017384
-0.017046
-0.016515
-0.015791
-0.015298
-0.015086
-0.015504
-0.015538
-0.015332
-0.015128
-0.014657
-0.014578
-0.014852
-0.015149
-0.014833
-0.014147
-0.013444
-0.012998
-0.013144
-0.013266
-0.013241
-0.013100
-0.012625
-0.012566
-0.011946
-0.011717
-0.011323
-0.010813
-0.010436
-0.009382
-0.009341
-0.009426
-0.009089
-0.008734
-0.008215
-0.007765
-0.007604
-0.007523
-0.007339
-0.006880
-0.006272
-0.005692
-0.005343
-0.004955
-0.004331
-0.003928
-0.003505
-0.003312
-0.003354
-0.003072
-0.002866
-0.002201
-0.001626
-0.001162
-0.000806
-0.000605
-0.000309
0.000443
0.001468
0.001989
0.002176
0.002252
0.002762
0.003175
0.003741
0.004322
0.004308
0.004336
0.004428
0.004773
0.005428
0.005900
0.006364
0.006665
0.007261
0.007730
0.008086
0.008396
0.008670
0.008912
0.008725
0.009011
0.009476
0.009687
0.010134
0.010583
0.011167
0.011815
0.012145
0.012317
0.012181
0.012052
0.012540
0.013024
0.013094
0.012979
0.013055
0.013663
0.014156
0.014338
0.014455
0.014465
0.014269
0.014634
0.015155
0.015700
0.015925
0.015719
0.015135
0.014850
0.015081
0.015272
0.016110
0.016227
0.016247
0.016502
0.016685
0.016702
0.016660
0.016669
0.016567
0.016839
0.016903
0.017052
0.017327
0.017425
0.017537
0.017795
0.018059
0.018133
0.018041
0.018090
0.017648
0.017277
0.017315
0.017587
0.017861
0.017545
0.017296
0.017308
0.017338
0.017159
0.017113
0.016947
0.016806
0.017120
0.017144
0.016976
0.017039
0.016918
0.016875
0.016248
0.015773
0.015299
0.015068
0.015460
0.015453
0.015250
0.015261
0.015418
0.014954
0.014868
0.014963
0.015179
0.014888
0.014323
0.014023
0.014249
0.014484
0.014501
0.014508
0.014360
0.013917
0.013416
0.013494
0.013572
0.013861
0.013758
0.013394
0.013009
0.012433
0.011831
0.011268
0.010917
0.011524
0.013576
0.016307
0.016852
0.015617
0.013730
0.010500
0.006695
0.004397
0.006411
0.011071
0.015706
0.018395
0.018161
0.015285
0.009973
0.005258
0.004329
0.007542
0.011691
0.012787
0.010687
0.007091
0.004029
0.004309
0.010486
0.016753
0.016262
0.014176
0.010688
0.004469
0.001442
0.003551
0.008676
0.010925
0.006359
0.002313
0.005091
0.008215
0.008464
0.009297
0.010204
0.007635
0.000133
-0.005576
-0.002853
0.004307
0.009027
0.009903
0.008869
0.005974
0.001505
-0.001896
-0.000843
0.002869
0.005471
0.004822
0.000899
-0.003475
-0.005674
-0.003172
0.003066
0.008447
0.008005
0.003667
-0.000995
-0.004532
-0.006287
-0.006339
-0.003907
-0.000229
0.003240
0.005633
0.004498
-0.001531
-0.010205
-0.014416
-0.009854
-0.000662
0.005663
0.003845
-0.003105
-0.009758
-0.012511
-0.011567
-0.009030
-0.009444
-0.009485
-0.004815
-0.005049
-0.006472
-0.003822
-0.006263
-0.012410
-0.014525
-0.010429
-0.005961
-0.008103
-0.012627
-0.013107
-0.013628
-0.018379
-0.019488
-0.012862
-0.005517
-0.005300
-0.011439
-0.016563
-0.020908
-0.026099
-0.024742
-0.015681
-0.006641
-0.005865
-0.012609
-0.019548
-0.023148
-0.024002
-0.021638
-0.016189
-0.013642
-0.015957
-0.021254
-0.023674
-0.022358
-0.021769
-0.022254
-0.021744
-0.020789
-0.019359
-0.018668
-0.019854
-0.022296
-0.024848
-0.024708
-0.023131
-0.020459
-0.019907
-0.021341
-0.023063
-0.023401
-0.022358
-0.021266
-0.022024
-0.023578
-0.022618
-0.022292
-0.021580
-0.021957
-0.023386
-0.023549
-0.021731
-0.020019
-0.019367
-0.020179
-0.023345
-0.024142
-0.022580
-0.021149
-0.021220
-0.021703
-0.022323
-0.022398
-0.021890
-0.022030
-0.020227
-0.019169
-0.019994
-0.019794
-0.021821
-0.026977
-0.028552
-0.024130
-0.015435
-0.009408
-0.010423
-0.015602
-0.023910
-0.032986
-0.036536
-0.026336
-0.010426
-0.002151
-0.002186
-0.009398
-0.020608
-0.031565
-0.038628
-0.033902
-0.019274
-0.006032
-0.000110
-0.001580
-0.009401
-0.018642
-0.023378
-0.025760
-0.026863
-0.021310
-0.010123
-0.000634
-0.000628
-0.007525
-0.013515
-0.018944
-0.022858
-0.022128
-0.013291
-0.001434
0.001253
-0.004093
-0.009298
-0.014324
-0.019512
-0.021439
-0.012802
0.000593
0.005816
0.000917
-0.004291
-0.007139
-0.011706
-0.014337
-0.008585
0.003449
0.006446
-0.001124
-0.008580
-0.007234
-0.004641
-0.004447
0.002586
0.012171
0.014009
0.003123
-0.011413
-0.014201
-0.006573
0.002741
0.012479
0.018829
0.015212
0.003261
-0.006103
-0.005443
0.002940
0.010161
0.011760
0.011455
0.008230
0.005670
0.004390
0.002690
0.002457
0.002007
0.008659
0.016378
0.018110
0.015503
0.010260
0.000647
-0.008862
-0.004301
0.010444
0.020182
0.017015
0.015318
0.018159
0.016346
0.006107
-0.002427
0.003717
0.012115
0.011662
0.009965
0.017624
0.023556
0.015928
0.007337
0.011545
0.020177
0.016059
0.004176
0.002965
0.013339
0.022821
0.023264
0.019971
0.014256
0.007870
0.006736
0.011947
0.021251
0.023742
0.019030
0.013532
0.011362
0.012511
0.015915
0.017547
0.017112
0.019491
0.020293
0.015307
0.007788
0.007147
0.015843
0.026832
0.033799
0.033434
0.024796
0.009730
-0.003710
-0.002345
0.014461
0.034299
0.042682
0.037962
0.026321
0.010086
-0.000176
0.000997
0.014145
0.031442
0.040086
0.036564
0.024854
0.012796
0.005387
0.007336
0.017189
0.028862
0.036090
0.035291
0.027123
0.015336
0.007969
0.009874
0.015454
0.022374
0.031748
0.034746
0.025913
0.016309
0.012387
0.011800
0.012611
0.018247
0.025317
0.026150
0.027761
0.021996
0.014733
0.013864
0.013301
0.020869
0.030927
0.027671
0.011850
0.002933
0.004446
0.008838
0.019851
0.036996
0.047203
0.029488
-0.006265
-0.023158
-0.008003
0.017335
0.030873
0.034843
0.031276
0.015697
-0.007362
-0.014974
-0.001702
0.019433
0.027833
0.023180
0.019988
0.012198
0.002382
-0.007936
-0.012088
-0.005753
0.009552
0.024940
0.031449
0.027361
0.010255
-0.010457
-0.025268
-0.020568
0.005005
0.032099
0.036996
0.016680
-0.005866
-0.014204
-0.009779
-0.001098
0.007166
0.013250
0.015593
0.011105
0.003994
-0.003309
-0.010084
-0.009556
0.000769
0.014195
0.020241
0.016023
0.004645
-0.007889
-0.015078
-0.013535
-0.001867
0.011128
0.016878
0.016113
0.006438
-0.008045
-0.016803
-0.012262
-0.000567
0.006308
0.004208
0.001680
0.000648
-0.001300
-0.002087
-0.005829
-0.009548
-0.001798
0.004970
0.003546
-0.009704
-0.020053
-0.011038
-0.007857
0.005616
0.015622
0.003742
-0.017783
-0.039422
-0.030227
-0.003085
0.010669
0.007918
0.000879
-0.003276
-0.017676
-0.029917
-0.038949
-0.015634
0.012967
0.007144
0.011885
0.000773
-0.022353
-0.043523
-0.052616
-0.027991
0.000352
0.013598
0.018665
0.013560
-0.014245
-0.051167
-0.064070
-0.050693
-0.004180
0.019125
0.031698
0.026834
-0.027760
-0.047372
-0.057056
-0.041886
-0.016507
-0.007514
0.006883
0.005986
-0.005748
-0.018617
-0.023338
-0.035027
-0.039630
-0.032327
-0.013895
0.006554
0.000495
-0.015569
-0.029945
-0.033716
-0.027278
-0.019875
-0.013358
-0.012406
-0.009845
-0.005707
-0.013047
-0.032672
-0.041089
-0.034063
-0.032100
-0.012881
0.001600
0.005159
0.004433
-0.027453
-0.049572
-0.052810
-0.045899
-0.028200
-0.000177
0.021478
0.019488
-0.011559
-0.052954
-0.061325
-0.048552
-0.026328
-0.001935
0.010900
0.011299
-0.012009
-0.036954
-0.048209
-0.048402
-0.028742
-0.005615
0.010847
0.007532
-0.023386
-0.052233
-0.047139
-0.024305
-0.003871
0.009979
0.004045
-0.022334
-0.049304
-0.046105
-0.029958
-0.005543
0.010379
0.005466
-0.008549
-0.036851
-0.050388
-0.041625
-0.012256
0.010811
0.016983
-0.004165
-0.034309
-0.052798
-0.041469
-0.012269
0.002883
0.004438
-0.000632
-0.002675
-0.008589
-0.034731
-0.047954
-0.024909
-0.035736
0.024834
0.016105
-0.010108
0.006688
-0.036640
-0.028175
-0.047433
-0.019198
0.014219
0.013129
0.019962
0.003515
-0.024785
-0.052559
-0.046812
-0.008654
0.017137
0.028775
0.024209
-0.005209
-0.032443
-0.053897
-0.031361
0.007817
0.015377
0.010014
0.007966
0.015602
0.002694
-0.040898
-0.045609
-0.014529
0.014473
0.027824
0.029596
0.011291
-0.009399
-0.010020
-0.022599
-0.024261
-0.013333
-0.007057
0.041970
0.053590
0.002142
-0.024748
-0.031780
-0.010597
0.008687
0.026627
0.032423
0.012719
-0.022401
-0.020511
-0.001929
0.008585
0.048239
0.054340
0.028866
-0.017642
-0.050055
-0.038460
-0.010733
0.027219
0.070881
0.055419
0.018381
-0.009806
-0.024564
-0.054689
-0.037901
0.007652
0.014118
0.115168
0.152667
0.088627
-0.036684
-0.126327
-0.104500
-0.059879
-0.003494
0.076294
0.179363
0.170132
0.039190
-0.090253
-0.142974
-0.094927
-0.004675
0.080231
0.165359
0.120479
0.013857
-0.089114
-0.098051
-0.021060
0.011595
0.098769
0.083954
0.094312
0.110826
0.019197
-0.056357
-0.125540
-0.100560
0.020078
0.075000
0.118076
0.128372
0.070721
-0.020216
-0.084223
-0.032925
0.001433
0.072432
0.033254
0.049596
0.039146
-0.011369
-0.014491
-0.022675
0.081310
0.020483
0.033096
0.081540
0.037291
0.004416
-0.047955
-0.006480
0.045075
0.002111
-0.037217
0.031897
0.107023
0.028063
0.029675
-0.011590
-0.029906
0.094124
0.044058
0.079792
0.021691
-0.058723
-0.052024
-0.021801
0.022682
0.054710
0.041497
0.010810
0.141253
0.013613
-0.036731
-0.030534
-0.017528
0.039641
0.031960
0.052583
0.021644
0.036223
-0.020819
0.062766
0.087044
-0.007265
-0.056487
-0.077455
0.023811
0.103739
0.083831
0.044409
-0.028931
-0.002389
-0.025562
-0.047277
0.020075
0.055534
0.108984
0.017807
-0.023100
-0.045665
-0.002156
0.023458
-0.001223
0.039729
0.032676
0.021537
-0.016177
-0.014768
0.001364
0.008784
0.001170
-0.000829
0.002489
0.015774
0.030138
0.016335
0.005125
-0.034538
-0.036440
0.005497
0.036175
0.054436
0.009097
-0.033368
-0.028425
-0.008453
-0.006111
-0.000395
0.020451
0.040230
0.024689
-0.030815
-0.052194
-0.047491
0.007146
0.056747
0.065868
0.004618
-0.026999
-0.027726
-0.024997
-0.014061
-0.017137
0.024754
0.024072
0.007928
-0.020478
0.014296
0.031969
-0.013720
-0.057951
-0.046643
0.014763
0.038634
0.011197
-0.030820
0.006227
0.022486
0.006436
-0.045002
-0.043305
-0.004497
0.025709
0.016217
-0.004793
-0.030426
-0.020830
0.047709
0.023792
-0.023211
-0.079141
-0.063698
-0.007034
0.031687
0.014709
0.015184
0.033412
-0.014135
-0.044522
-0.057755
-0.058786
-0.024220
0.003290
0.025495
0.043567
0.016976
-0.048314
-0.068423
-0.042319
-0.019779
-0.018354
-0.036935
0.013888
0.031849
0.032253
-0.021736
-0.063592
-0.064931
-0.054222
0.009655
-0.002618
-0.013737
-0.023311
0.012797
-0.013935
-0.057087
-0.061773
-0.061869
0.050102
0.079686
0.000160
-0.052635
-0.054566
-0.063679
-0.062388
-0.062991
-0.013656
0.073918
0.088460
0.029171
-0.039191
-0.106285
-0.141307
-0.094890
-0.014925
0.075963
0.084653
0.023863
-0.038929
-0.077645
-0.051542
-0.036834
-0.029147
-0.027645
-0.007762
0.037147
0.030419
-0.027127
-0.094928
-0.091084
-0.069588
0.006422
0.076271
0.075611
0.021454
-0.057093
-0.092556
-0.079035
-0.044379
-0.029941
-0.004424
0.026747
0.075047
0.059048
-0.024269
-0.120262
-0.129093
-0.070701
0.025139
0.049925
0.036932
-0.025822
-0.051997
-0.023340
-0.069608
0.011928
-0.047382
0.022086
0.104957
0.057725
-0.007472
-0.064777
-0.130846
-0.200693
-0.047320
0.053242
0.146297
0.139851
0.013306
-0.060410
-0.111199
-0.203275
-0.150484
0.046399
0.186702
0.145182
-0.023176
-0.106198
-0.023647
0.004132
-0.104037
-0.105021
0.016986
0.172347
0.142932
-0.088693
-0.251876
-0.101935
0.055428
0.104354
0.013477
0.017315
-0.029887
-0.076042
-0.007746
-0.293045
-0.063840
0.400067
0.442166
0.203063
-0.172881
-0.583745
-0.605965
-0.159509
0.245951
0.561986
0.549435
0.177333
-0.134062
-0.346078
-0.563857
-0.468677
-0.070868
0.484450
0.688380
0.349451
-0.125478
-0.355794
-0.282395
-0.245313
-0.160696
0.049211
0.374530
0.585093
0.155424
-0.442868
-0.502273
-0.200364
0.217921
0.429291
0.179402
-0.116381
-0.034406
0.035189
-0.211409
-0.286898
-0.070411
0.337909
0.505350
0.191176
-0.246132
-0.429615
-0.139963
0.165828
0.158335
0.006382
-0.062642
0.101890
0.175296
0.037900
-0.084497
-0.124543
0.045256
0.049318
-0.042565
-0.036494
0.014850
0.181114
0.090509
-0.076341
-0.076829
-0.050110
0.118251
0.183071
0.094098
-0.057653
-0.190528
-0.151883
0.018514
0.150777
0.087783
0.031493
0.152059
0.193648
0.011878
-0.300691
-0.293346
0.081343
0.174343
0.170891
0.172225
0.072954
-0.065263
-0.149437
-0.164000
0.021052
0.251172
0.160852
-0.082140
-0.119898
0.068201
0.232494
0.004425
-0.362092
-0.189565
0.176052
0.506311
0.480644
-0.000069
-0.537381
-0.495846
-0.028502
0.250376
0.265502
0.127411
0.159616
0.108913
-0.035207
-0.182487
-0.244816
-0.187427
0.038472
0.405250
0.495457
0.138840
-0.336918
-0.384068
-0.109852
0.088454
0.113064
0.182459
0.272256
0.033747
-0.219946
-0.137402
0.156391
0.062779
-0.216112
-0.097418
0.179880
0.384120
0.156491
-0.226153
-0.337924
-0.149975
0.088995
0.272221
0.209560
-0.004854
0.062382
0.045695
-0.117545
-0.261287
-0.223064
-0.021379
0.269465
0.380236
0.294685
0.061459
-0.358690
-0.476179
-0.304196
0.127014
0.482775
0.467607
0.108134
-0.289820
-0.318330
-0.076360
0.047108
-0.085799
-0.095796
0.182976
0.538378
0.404640
-0.287945
-0.760655
-0.474726
0.197743
0.570328
0.422832
0.013992
-0.214522
-0.122308
-0.055796
-0.041267
-0.071745
-0.125099
-0.046688
0.271728
0.424862
0.094645
-0.322768
-0.415068
-0.079806
0.155787
0.131377
0.046049
0.049195
0.038376
0.077015
0.037919
-0.101783
-0.158820
-0.101081
0.034153
0.093814
0.113585
0.026384
-0.056122
-0.086900
-0.000381
0.031905
0.023536
-0.021987
-0.124358
-0.040325
-0.021021
-0.007585
0.021709
-0.003054
0.094749
0.162598
0.115381
-0.040666
-0.259216
-0.358076
-0.146343
0.111316
0.243522
0.286577
0.128461
-0.019288
-0.152632
-0.271404
-0.236358
-0.111993
0.038037
0.208580
0.266372
0.149410
-0.079524
-0.265301
-0.168717
0.051064
0.166898
0.110799
-0.047264
-0.151532
-0.103342
-0.043760
-0.073566
0.007064
0.139702
0.227924
0.153070
-0.107752
-0.332096
-0.344645
-0.105709
0.159214
0.197212
0.067844
-0.015910
0.072379
0.065578
-0.109831
-0.193124
-0.018546
0.155917
0.026404
-0.219973
-0.279611
-0.000876
0.106587
0.143441
0.268258
0.211428
-0.144131
-0.527641
-0.517025
-0.070169
0.394129
0.353122
0.198821
0.094550
-0.129050
-0.390084
-0.480511
-0.161453
0.334785
0.477757
0.224504
-0.119966
-0.310546
-0.352063
-0.181025
-0.030156
0.099279
0.266843
0.200617
0.075219
-0.068432
-0.219087
-0.327980
-0.190038
0.114158
0.314044
0.210954
-0.172245
-0.264638
-0.099082
0.000467
0.097964
0.025893
-0.119506
0.038472
0.232491
0.035894
-0.299054
-0.422086
-0.148139
0.212139
0.330740
0.250894
-0.004468
-0.134662
-0.258344
-0.247046
0.017653
0.105883
0.092063
0.029685
0.054219
-0.042204
-0.260564
-0.298375
-0.033058
0.416090
0.374325
0.106258
-0.193845
-0.397901
-0.314528
-0.085058
0.100596
0.219104
0.241501
0.071488
-0.023438
-0.107569
-0.188166
-0.205660
-0.094053
0.010761
0.159259
0.182584
0.073776
-0.018040
-0.159091
-0.155313
-0.091736
0.027029
0.099855
0.162480
0.115909
-0.040959
-0.217708
-0.288437
-0.033738
0.208274
0.164048
0.006957
0.032139
0.142291
-0.035590
-0.423082
-0.364734
0.018870
0.360786
0.463950
0.206753
-0.113756
-0.341199
-0.350576
-0.224348
0.099656
0.311784
0.289595
0.145164
-0.117467
-0.214133
-0.230718
-0.077461
0.147515
0.205406
0.146823
-0.003261
-0.131786
-0.149933
-0.057638
-0.001602
0.039579
0.118655
0.184212
0.151154
-0.099440
-0.309000
-0.255437
0.071823
0.300435
0.311356
0.125394
-0.151036
-0.275561
-0.178221
0.029084
0.115421
0.124814
0.115157
0.091749
-0.074822
-0.125178
-0.005466
0.099464
0.081618
-0.050651
-0.054133
-0.024554
0.052017
0.161967
0.081930
-0.063891
-0.163818
-0.010280
0.173660
0.193064
-0.031415
-0.274789
-0.095276
0.138308
0.262071
0.171412
-0.067449
-0.181372
-0.076671
0.055572
0.119731
0.104623
-0.014671
-0.156474
0.022880
0.159094
0.115444
0.073701
-0.167232
-0.134940
0.126638
0.137260
-0.141935
-0.044555
0.141132
0.127933
0.178528
0.130827
0.004194
-0.150145
-0.267658
-0.201103
0.090510
0.214567
0.156982
0.223793
0.263450
-0.058922
-0.335104
-0.337198
-0.119658
0.176093
0.305982
0.322039
0.168723
-0.083490
-0.282950
-0.230621
-0.031169
0.114615
0.184467
0.149028
0.081623
0.049581
-0.051417
-0.129496
-0.083483
0.003633
0.116192
0.088981
0.033643
0.057383
0.004438
0.008720
0.028833
0.036154
-0.017772
-0.047311
-0.132265
-0.012958
0.127387
0.075132
0.198588
0.158974
0.121753
-0.188428
-0.335367
-0.154487
0.045262
0.125153
0.172921
0.286167
0.145474
0.021430
-0.315243
-0.251512
0.014324
0.104063
0.150710
0.012647
0.033155
0.014196
0.079560
0.104064
-0.072292
-0.102713
-0.055439
0.104495
0.107940
-0.098851
-0.228987
-0.000819
0.341384
0.223635
0.031291
-0.250318
-0.281900
-0.001418
0.118791
0.085347
0.091802
0.076961
0.102627
0.174651
-0.111246
-0.313536
-0.280582
0.003230
0.232884
0.266935
0.157779
-0.011942
-0.123253
-0.194216
-0.096580
-0.009560
0.066036
0.087716
0.157739
0.096831
-0.152538
-0.230575
-0.005286
0.206967
0.189030
-0.106855
-0.292710
-0.099464
0.119021
0.295991
0.236720
-0.075371
-0.335463
-0.183090
0.032095
0.071827
0.007470
-0.032523
0.226489
0.321551
-0.050832
-0.476659
-0.332915
0.009025
0.229568
0.309262
0.114012
-0.147697
-0.274909
-0.150546
0.148659
0.302509
-0.024091
-0.301289
-0.098798
0.213801
0.131696
-0.192552
-0.243897
0.038905
0.302467
0.191733
-0.160745
-0.364914
-0.279439
0.069174
0.292992
0.270120
0.028209
-0.260763
-0.242682
-0.074265
0.114568
0.043802
-0.017945
0.100481
0.096690
-0.005134
-0.095100
-0.186950
-0.287467
-0.076742
0.298878
0.381072
0.108918
-0.378074
-0.479020
-0.100279
0.190895
0.177790
0.105733
0.058333
0.001632
-0.025821
-0.189555
-0.263369
-0.156977
0.065374
0.220318
0.250580
0.111826
-0.074094
-0.172925
-0.271588
-0.308963
-0.146549
0.222419
0.297575
0.169493
-0.061865
-0.119196
-0.081588
-0.151381
-0.196765
-0.153270
0.101508
0.311793
0.326516
-0.074664
-0.468829
-0.432916
0.016303
0.352065
0.260028
-0.057447
-0.194776
-0.064773
-0.032684
-0.148129
-0.185328
0.002420
0.185864
0.289325
0.069890
-0.143228
-0.275657
-0.329898
-0.125740
0.115443
0.291853
0.263558
0.039015
-0.261129
-0.327830
-0.189833
0.017446
0.197887
0.182793
0.124028
-0.047105
-0.227905
-0.222699
-0.164798
0.092172
0.259533
0.167560
-0.035434
-0.194234
-0.202822
-0.097970
-0.002600
0.056761
0.178963
0.076242
-0.014175
-0.068750
-0.140000
-0.134279
-0.086069
0.102966
0.278089
0.120317
-0.213972
-0.276635
-0.154361
0.035995
0.148467
0.147770
0.111752
0.002423
-0.161056
-0.159600
-0.137130
-0.038749
0.115235
0.134776
0.170395
0.081371
-0.078302
-0.203581
-0.167221
-0.034821
-0.024951
0.042687
0.138087
0.118525
0.080863
-0.017905
-0.197890
-0.202571
-0.033449
0.102190
0.149221
0.059877
-0.019843
0.058132
0.065849
-0.141468
-0.171249
-0.110693
0.051156
0.170776
0.093548
0.067150
-0.006488
-0.021345
-0.073912
-0.105634
-0.080071
0.006397
0.116931
0.136826
0.102857
0.049745
-0.076140
-0.241903
-0.155475
0.104740
0.223189
0.140849
0.036080
0.023610
0.015548
-0.134845
-0.261179
-0.202517
0.083897
0.403775
0.396608
0.096680
-0.176771
-0.368359
-0.244376
0.023079
0.104337
0.161750
0.170102
0.182922
0.145007
-0.051892
-0.289112
-0.293301
-0.057046
0.246125
0.377580
0.183488
-0.159191
-0.203193
-0.093386
0.042727
0.089691
0.004810
0.067496
0.165741
0.164988
-0.074775
-0.194681
-0.171089
-0.005146
0.250437
0.273113
0.092695
-0.218314
-0.245117
-0.010163
0.160570
0.150606
0.069658
0.004109
0.063898
0.113525
-0.017711
-0.084822
-0.116428
-0.050550
0.036963
0.140226
0.133566
0.062117
0.058461
-0.027134
-0.045100
-0.058685
-0.027126
-0.005082
0.015259
0.106484
0.147060
0.154873
-0.014464
-0.165030
-0.143414
0.012156
0.165764
0.102864
0.090879
0.078960
-0.005028
-0.087619
-0.104157
-0.053042
0.000684
0.143366
0.136378
0.138328
0.046826
-0.144741
-0.186896
-0.075938
0.095808
0.114804
0.129095
0.122655
0.112446
-0.031838
-0.198081
-0.187090
-0.042232
0.149128
0.280785
0.222138
-0.035046
-0.236767
-0.214740
0.010758
0.178459
0.203020
-0.004307
-0.118627
0.020306
-0.000401
-0.036497
0.050126
0.126008
0.133212
0.045170
-0.174402
-0.252550
0.009327
0.219089
0.229534
0.077115
-0.081940
-0.109085
-0.127210
-0.151110
0.025013
0.300042
0.304555
0.104907
-0.202487
-0.270218
-0.192109
-0.056983
0.200767
0.330859
0.230498
-0.084214
-0.277598
-0.220763
-0.087603
0.049359
0.197888
0.281590
0.196073
-0.009048
-0.177689
-0.362678
-0.353398
-0.085378
0.365297
0.576429
0.328345
-0.198163
-0.474525
-0.287735
-0.059159
0.127185
0.125997
0.166170
0.223645
0.157387
-0.083269
-0.378055
-0.476201
-0.164625
0.372786
0.533404
0.280178
-0.126362
-0.372017
-0.322492
-0.092839
0.091945
0.148969
0.119985
0.112147
0.082050
-0.024423
-0.185925
-0.243398
-0.125924
0.073156
0.245969
0.198448
0.006900
-0.165073
-0.208987
-0.132215
-0.011998
0.048514
0.101151
0.100589
0.068334
0.015248
-0.056260
-0.172479
-0.253843
-0.082806
0.194424
0.291770
0.071362
-0.132480
-0.179203
-0.208311
-0.162529
-0.056049
0.160651
0.247308
0.073748
-0.048319
-0.012206
-0.050565
-0.141905
-0.121627
-0.041195
0.076225
0.038685
-0.025926
-0.081085
-0.072550
-0.023530
0.098500
0.176120
-0.029489
-0.294205
-0.324182
-0.056870
0.210407
0.292955
0.053159
-0.116745
-0.132947
-0.151487
-0.151479
-0.097384
0.081309
0.230192
0.211117
-0.037549
-0.223204
-0.251228
-0.204226
-0.028784
0.129324
0.163436
0.172427
0.058263
-0.122614
-0.291078
-0.294725
-0.089442
0.198462
0.293285
0.158443
-0.041096
-0.280291
-0.284305
-0.152299
0.045686
0.189445
0.229253
0.096636
-0.083706
-0.273247
-0.335094
-0.184998
0.071102
0.340520
0.293412
0.142812
-0.127306
-0.342583
-0.414490
-0.238308
0.124728
0.320148
0.303516
0.157681
-0.088849
-0.312540
-0.360596
-0.255063
0.047542
0.334915
0.373402
0.180568
-0.121409
-0.418756
-0.382601
-0.150801
0.111946
0.340071
0.341710
0.148722
-0.154941
-0.393949
-0.370517
-0.084346
0.202836
0.224166
0.115675
0.045515
0.037960
-0.056055
-0.238737
-0.241835
-0.057242
0.200544
0.271165
0.123829
-0.146330
-0.246600
-0.142227
-0.002704
0.082457
0.051723
0.061415
0.105396
0.071232
-0.117613
-0.186259
-0.135541
0.012689
0.167860
0.178378
0.088670
-0.128194
-0.224981
-0.156849
0.077380
0.220218
0.176363
0.010196
-0.134520
-0.179171
-0.118210
-0.008094
0.025741
0.107562
0.138811
0.185193
0.096246
-0.148525
-0.336481
-0.256394
0.096580
0.310035
0.255224
0.010284
-0.164924
-0.171359
-0.042709
0.094111
0.051402
0.009129
0.064652
0.061286
-0.043146
-0.104227
-0.119201
0.012057
0.139895
0.211792
0.176137
-0.036094
-0.263376
-0.301529
-0.023093
0.213529
0.255254
0.124096
0.020690
-0.059681
-0.183707
-0.185647
-0.040163
0.174422
0.255361
0.126052
0.018848
-0.079237
-0.162011
-0.142504
-0.026904
0.175462
0.246847
0.104910
-0.071236
-0.153023
-0.142603
-0.023902
0.036154
0.105019
0.155010
0.162047
0.095171
0.006671
-0.084894
-0.208323
-0.211079
-0.013857
0.318664
0.292538
0.027329
-0.120250
-0.021641
0.077687
-0.091089
-0.198921
-0.046163
0.174577
0.234171
0.171777
0.045429
-0.106696
-0.193134
-0.163194
0.093912
0.286543
0.161716
-0.028075
-0.189788
-0.091953
0.088779
0.129291
0.101789
-0.017946
-0.026812
0.010634
0.007599
0.049868
0.092997
0.033743
-0.021636
-0.029047
-0.036119
-0.019873
0.027968
0.146961
0.135820
-0.017013
-0.086523
-0.094185
0.002081
0.094935
0.046839
0.010576
0.073434
0.093237
0.011727
-0.054631
-0.071263
-0.002932
0.033281
0.084109
0.125314
-0.001014
-0.095658
0.028601
0.146786
0.054805
-0.150076
-0.195290
0.045639
0.202403
0.147316
0.061187
0.022758
-0.039566
-0.155094
-0.151986
0.062520
0.206386
0.146525
0.082156
0.009509
-0.109149
-0.169694
-0.087538
0.077822
0.143277
0.099819
0.088611
0.069704
-0.064954
-0.222429
-0.161140
0.049857
0.236978
0.275672
0.159367
-0.118766
-0.341941
-0.237399
0.042140
0.243784
0.247737
0.161114
0.012787
-0.207920
-0.334974
-0.196581
0.102913
0.344892
0.314404
0.173225
-0.066953
-0.387138
-0.421736
-0.155311
0.212606
0.431891
0.375240
0.155388
-0.117793
-0.391715
-0.477166
-0.197020
0.250207
0.438911
0.321101
0.086645
-0.124037
-0.337134
-0.390766
-0.153542
0.168882
0.320654
0.323770
0.177005
-0.006824
-0.208025
-0.439712
-0.372159
-0.050196
0.361203
0.498078
0.338592
-0.024392
-0.334982
-0.447300
-0.357983
-0.078221
0.247903
0.468114
0.362282
0.089601
-0.251730
-0.413124
-0.352791
-0.106365
0.129929
0.247955
0.252651
0.184733
0.038128
-0.213290
-0.369975
-0.315918
0.057189
0.340294
0.296208
0.028124
-0.159189
-0.117921
-0.064675
-0.106739
-0.107201
-0.041860
0.114428
0.218926
0.077608
-0.083957
-0.152174
-0.146768
-0.085749
0.013151
0.055717
0.079069
0.035894
0.001151
-0.017552
-0.076604
-0.166460
-0.111071
0.038566
0.126618
0.143790
0.072936
-0.045460
-0.290689
-0.347960
-0.126657
0.170558
0.328080
0.274025
0.083084
-0.163922
-0.374773
-0.356970
-0.124923
0.138519
0.235614
0.181999
0.138131
0.001017
-0.217357
-0.388142
-0.272705
0.031802
0.269493
0.298666
0.151556
-0.044809
-0.210715
-0.263927
-0.197147
-0.039358
0.084579
0.103685
0.117932
0.135394
0.005716
-0.193312
-0.305102
-0.220690
-0.023468
0.148458
0.284185
0.258842
0.015137
-0.280028
-0.404670
-0.219195
0.075806
0.201452
0.186568
0.110177
-0.021543
-0.175362
-0.251088
-0.234816
-0.023522
0.204803
0.276011
0.140222
-0.176384
-0.319275
-0.173116
0.086083
0.186178
0.111063
-0.039751
-0.148768
-0.156541
-0.034611
0.069635
0.042739
0.033630
0.046397
-0.004813
-0.150646
-0.183095
-0.056032
0.097711
0.174881
0.139741
0.003151
-0.193125
-0.285679
-0.168122
0.065408
0.277550
0.295188
0.107016
-0.106141
-0.336022
-0.408622
-0.177961
0.142917
0.331130
0.304504
0.112734
-0.049625
-0.184344
-0.314588
-0.283666
-0.041662
0.258948
0.334208
0.166926
-0.062307
-0.164690
-0.131376
-0.108019
-0.113982
-0.060679
0.114127
0.195934
0.159506
0.020872
-0.127863
-0.079819
-0.012038
-0.048013
-0.075487
-0.001071
0.063715
0.077748
0.043670
-0.000776
0.036699
0.004657
-0.090560
-0.115765
-0.049245
0.047453
0.078796
0.077497
0.070193
0.052436
-0.067828
-0.147425
-0.101842
0.012137
0.149112
0.156155
0.078450
-0.079131
-0.184825
-0.096986
0.053311
0.148614
0.131225
0.010824
-0.122591
-0.143368
-0.057661
0.091832
0.166891
0.133274
0.076141
-0.012471
-0.140681
-0.194371
-0.082945
0.036015
0.194069
0.275464
0.182289
0.026394
-0.162216
-0.334610
-0.298741
-0.010499
0.265609
0.355487
0.228414
0.045977
-0.048156
-0.162676
-0.281193
-0.171670
0.076644
0.244686
0.248999
0.129243
-0.008540
-0.145273
-0.172442
-0.087410
0.078670
0.170710
0.082496
-0.026212
-0.067795
0.010612
0.053102
0.068429
0.040367
0.026564
-0.003183
-0.065094
-0.010558
0.045280
0.083047
0.053480
0.049907
0.071965
0.041327
-0.068465
-0.159165
-0.124552
0.013996
0.194980
0.247606
0.125200
-0.046526
-0.157908
-0.142116
-0.026069
0.082926
0.132718
0.111504
0.055305
0.015468
-0.007134
-0.060537
-0.114911
-0.066521
0.092369
0.185932
0.133679
-0.005492
-0.105399
-0.097595
-0.018537
0.022931
0.056434
0.096376
0.107341
0.071272
-0.019964
-0.068422
-0.078881
-0.041210
0.022065
0.104642
0.133870
0.085830
-0.018241
-0.086157
-0.074946
-0.033753
-0.013214
0.009769
0.133561
0.167823
0.105781
0.002403
-0.116342
-0.160327
-0.093449
0.046643
0.160396
0.183212
0.110759
-0.012915
-0.132326
-0.211954
-0.165695
0.051770
0.238430
0.266838
0.095002
-0.054874
-0.130535
-0.171999
-0.150033
-0.038967
0.143578
0.201018
0.186095
0.075587
-0.059131
-0.147057
-0.202354
-0.152116
0.028666
0.201359
0.236286
0.163872
-0.012569
-0.107572
-0.153744
-0.225805
-0.151293
0.083660
0.296846
0.268446
0.093115
-0.090446
-0.149092
-0.167638
-0.190526
-0.054706
0.132250
0.235145
0.201275
0.068497
-0.077766
-0.157863
-0.181996
-0.083524
0.074302
0.168860
0.135677
-0.017084
-0.120303
-0.116695
-0.036355
0.023982
0.084358
0.099345
0.044333
-0.022072
-0.080927
-0.084072
-0.071787
-0.011628
0.082519
0.117143
0.037703
-0.040404
-0.055422
-0.012405
0.004440
-0.043194
-0.025988
0.007613
0.015005
0.001358
0.008792
-0.018355
-0.034253
0.005295
0.045695
0.078516
0.014099
-0.086229
-0.126076
-0.115372
-0.043861
0.058145
0.143235
0.156738
0.043618
-0.125947
-0.191704
-0.119534
-0.038819
0.047914
0.106835
0.092747
0.052353
-0.000426
-0.077851
-0.131978
-0.135069
-0.070877
0.079655
0.138220
0.071823
-0.016135
-0.074621
-0.091405
-0.111576
-0.087639
-0.015349
0.082173
0.109887
0.087263
0.069739
-0.067522
-0.204864
-0.220872
-0.074462
0.106037
0.173442
0.107581
-0.004711
-0.068320
-0.128850
-0.132078
-0.101793
-0.048051
0.056755
0.138080
0.125925
0.019349
-0.080358
-0.134495
-0.104691
-0.054169
-0.036943
0.000926
0.042706
0.072737
0.034875
-0.018922
-0.105326
-0.131393
-0.047886
0.056781
0.113556
0.035939
-0.079987
-0.098338
-0.030021
0.018369
0.010438
-0.026557
-0.053010
-0.029433
0.003818
-0.002475
0.017199
-0.025696
-0.061135
-0.028220
-0.006778
0.012171
-0.007512
0.003954
-0.002739
-0.011240
-0.009931
-0.020420
-0.029502
-0.045691
-0.039252
-0.041548
0.062562
0.118688
0.032477
-0.061634
-0.127350
-0.135626
-0.103535
0.005476
0.115843
0.136670
0.049468
-0.035726
-0.031800
-0.050146
-0.122287
-0.134360
-0.018252
0.125398
0.142854
0.070997
-0.055329
-0.132282
-0.147531
-0.116172
0.041312
0.157991
0.191965
0.076841
-0.103683
-0.147314
-0.106786
-0.083051
-0.036136
0.061362
0.107613
0.064980
-0.026909
-0.033117
0.017524
-0.003780
-0.113958
-0.120486
0.013127
0.122703
0.124018
0.003816
-0.080955
-0.101838
-0.077030
0.011012
0.077662
0.073025
-0.001727
-0.054705
0.010376
0.054401
0.004610
-0.087870
-0.114251
-0.032575
0.070658
0.100168
0.049804
0.013359
-0.020213
-0.038060
-0.048592
-0.056458
-0.023835
