-0.003346
-0.003374
-0.003649
-0.003803
-0.003402
-0.002681
-0.002390
-0.003337
-0.004633
-0.004868
-0.005115
-0.004987
-0.004419
-0.004580
-0.004939
-0.005656
-0.005693
-0.005641
-0.005652
-0.005395
-0.004841
-0.004483
-0.004800
-0.005195
-0.005378
-0.005515
-0.005896
-0.005887
-0.005620
-0.005856
-0.006330
-0.006753
-0.006937
-0.007182
-0.007546
-0.007612
-0.007623
-0.007093
-0.007347
-0.007810
-0.008025
-0.008151
-0.007693
-0.007972
-0.008376
-0.008655
-0.008546
-0.007952
-0.007917
-0.008370
-0.009051
-0.009375
-0.009147
-0.009148
-0.008929
-0.008799
-0.009272
-0.009404
-0.009510
-0.009583
-0.009457
-0.009448
-0.009369
-0.009384
-0.009189
-0.009178
-0.009191
-0.009513
-0.009850
-0.009818
-0.010193
-0.010575
-0.010570
-0.010043
-0.009290
-0.008554
-0.008472
-0.008443
-0.008562
-0.009017
-0.009360
-0.009343
-0.009158
-0.009312
-0.009503
-0.009734
-0.010373
-0.010730
-0.010526
-0.010762
-0.010877
-0.011009
-0.010981
-0.011067
-0.010977
-0.010865
-0.010999
-0.010965
-0.011191
-0.011503
-0.011826
-0.011940
-0.012385
-0.012644
-0.012882
-0.012930
-0.012847
-0.013027
-0.013573
-0.014021
-0.014214
-0.014419
-0.014224
-0.013864
-0.013730
-0.014075
-0.014032
-0.013610
-0.012819
-0.012263
-0.012138
-0.012119
-0.012145
-0.012471
-0.012896
-0.013188
-0.013133
-0.012873
-0.012765
-0.012594
-0.012686
-0.012310
-0.012267
-0.011980
-0.011415
-0.010913
-0.010483
-0.010064
-0.009201
-0.008871
-0.008263
-0.007733
-0.007217
-0.006743
-0.006199
-0.004995
-0.003958
-0.002741
-0.001233
-0.000150
0.000501
0.001112
0.001425
0.001293
0.002126
0.003034
0.003890
0.004569
0.004633
0.004620
0.004824
0.005523
0.005543
0.005896
0.005906
0.005920
0.006277
0.006087
0.005526
0.004951
0.005055
0.005815
0.006293
0.006700
0.006714
0.006509
0.007195
0.007862
0.008544
0.008353
0.008184
0.008110
0.008291
0.009253
0.010223
0.010804
0.011401
0.011965
0.011394
0.010721
0.010738
0.011510
0.012884
0.014134
0.014806
0.015183
0.014525
0.013536
0.012889
0.012521
0.012932
0.013792
0.014650
0.014727
0.014173
0.013300
0.012747
0.012971
0.013429
0.013976
0.013870
0.013454
0.012778
0.012615
0.013374
0.013983
0.014545
0.014299
0.013245
0.012900
0.013453
0.013592
0.013702
0.013328
0.012834
0.012780
0.012894
0.012926
0.012301
0.011642
0.011383
0.012173
0.013087
0.013292
0.012504
0.011559
0.011476
0.011501
0.011533
0.011746
0.011828
0.011475
0.010769
0.010201
0.009469
0.008942
0.008755
0.008917
0.009217
0.009051
0.008467
0.007791
0.007748
0.007814
0.007865
0.007524
0.007922
0.008285
0.008406
0.008149
0.007244
0.006849
0.006222
0.006366
0.006369
0.006289
0.006133
0.005247
0.005001
0.005360
0.005132
0.004879
0.005030
0.004847
0.004703
0.004556
0.004954
0.004968
0.004812
0.004737
0.004024
0.003650
0.002732
0.002499
0.002821
0.003165
0.003339
0.003099
0.002957
0.003037
0.003131
0.003086
0.002972
0.002871
0.002978
0.002756
0.003008
0.002806
0.002608
0.002934
0.003374
0.003176
0.002680
0.002375
0.002300
0.002650
0.002471
0.002668
0.002806
0.002705
0.002338
0.002121
0.001686
0.001590
0.001999
0.001899
0.002517
0.002835
0.002391
0.001587
0.000913
0.000815
0.001633
0.002404
0.002049
0.001073
0.000153
-0.000090
0.000536
0.001205
0.001589
0.001058
0.000810
0.001173
0.001459
0.002014
0.001422
0.001143
0.001219
0.001267
0.001873
0.002455
0.002449
0.001851
0.000658
-0.000397
-0.001388
-0.002072
-0.001882
-0.000828
0.000659
0.001384
0.001164
-0.000456
-0.002167
-0.002674
-0.002057
-0.000747
0.000495
0.000872
0.000237
-0.001571
-0.002977
-0.003636
-0.003365
-0.002733
-0.002478
-0.002987
-0.004047
-0.004601
-0.004688
-0.003938
-0.004240
-0.004276
-0.004754
-0.004943
-0.005055
-0.005044
-0.004645
-0.004810
-0.004224
-0.004115
-0.004056
-0.004687
-0.005329
-0.005097
-0.004570
-0.004464
-0.004248
-0.004767
-0.005192
-0.005047
-0.005152
-0.004478
-0.004444
-0.004887
-0.005501
-0.006380
-0.006962
-0.006760
-0.005881
-0.005238
-0.004306
-0.003543
-0.003730
-0.005306
-0.006741
-0.007334
-0.007255
-0.006529
-0.005219
-0.003538
-0.002816
-0.003480
-0.005750
-0.006428
-0.005700
-0.005205
-0.004855
-0.005041
-0.007614
-0.007721
-0.005939
-0.007534
-0.006026
-0.002758
-0.004520
-0.009867
-0.013175
-0.013467
-0.012072
-0.011271
-0.007833
-0.002486
-0.004264
-0.011621
-0.015706
-0.013374
-0.009048
-0.007461
-0.007718
-0.008184
-0.009697
-0.012366
-0.012787
-0.010869
-0.009206
-0.009667
-0.012588
-0.015345
-0.015144
-0.013983
-0.013286
-0.008656
-0.013070
-0.018047
-0.011277
-0.007300
-0.009291
-0.009344
-0.008433
-0.011930
-0.016125
-0.016720
-0.010519
-0.009833
-0.017115
-0.017284
-0.007144
0.000867
-0.002577
-0.012467
-0.020235
-0.022988
-0.021960
-0.012469
0.000828
0.005618
-0.001217
-0.012807
-0.020544
-0.020567
-0.014059
-0.005794
-0.000874
-0.004334
-0.012201
-0.016604
-0.014084
-0.007090
-0.002947
-0.004297
-0.009739
-0.015191
-0.014792
-0.009830
-0.004950
-0.001960
-0.002237
-0.007765
-0.014620
-0.017522
-0.013976
-0.005283
0.002277
0.006354
0.003705
-0.010197
-0.027177
-0.029100
-0.012765
0.006872
0.013993
0.008848
-0.003569
-0.020133
-0.031425
-0.025317
-0.003574
0.015065
0.017411
0.007209
-0.007418
-0.021209
-0.024940
-0.013913
0.003414
0.012752
0.009289
-0.001713
-0.010702
-0.014409
-0.011000
-0.001537
0.005053
0.004649
0.001147
-0.003111
-0.007269
-0.007529
-0.002413
0.005831
0.008630
0.002441
-0.004463
-0.005739
-0.002528
0.003079
0.007457
0.006662
0.002460
-0.001935
-0.003472
-0.000079
0.003800
0.005834
0.005982
0.005647
0.005119
0.002867
0.000991
0.000994
0.003627
0.006398
0.008450
0.007747
0.002522
-0.001917
0.000260
0.005646
0.009026
0.010410
0.007623
0.000731
-0.005073
-0.003160
0.004571
0.010699
0.016003
0.018695
0.010092
-0.002315
-0.004144
0.000098
0.004699
0.009204
0.011579
0.011676
0.007275
0.006556
0.013562
0.015875
0.005192
-0.006237
-0.004280
0.006376
0.015800
0.019617
0.018833
0.011483
-0.000112
-0.004958
0.002917
0.014859
0.020792
0.017649
0.008837
0.001189
0.001142
0.009000
0.016607
0.017330
0.011622
0.005204
0.003817
0.009554
0.015986
0.016197
0.011631
0.008158
0.008038
0.010520
0.013623
0.013035
0.010718
0.011878
0.014113
0.012283
0.006250
0.003663
0.005007
0.012136
0.025024
0.027856
0.016581
0.004809
0.000043
-0.001180
0.003939
0.014515
0.023574
0.024689
0.017995
0.011903
0.008990
0.004850
0.002002
0.007090
0.016997
0.022038
0.019084
0.014427
0.011535
0.008685
0.006183
0.007721
0.012301
0.015310
0.014890
0.012067
0.008975
0.008657
0.011139
0.013521
0.012981
0.009163
0.005720
0.006686
0.011878
0.016105
0.016993
0.013177
0.005379
0.002581
0.005210
0.007469
0.009554
0.009843
0.010059
0.012552
0.011466
0.004271
-0.001841
-0.003274
-0.001497
0.006013
0.016658
0.019942
0.011076
-0.002217
-0.010301
-0.011854
-0.006365
0.005403
0.015981
0.017016
0.007982
-0.001645
-0.006011
-0.005301
-0.001315
0.003576
0.006537
0.003992
0.000301
0.000400
0.002630
0.001674
-0.002472
-0.003752
-0.000693
0.003509
0.005509
0.004619
0.001179
-0.000628
0.001447
0.003933
0.003936
0.000307
-0.002564
-0.001808
0.000596
0.002646
0.001802
-0.002163
-0.005839
-0.004049
-0.000177
0.002248
0.001860
-0.000381
-0.000578
-0.000091
-0.000890
-0.002488
-0.003375
-0.002841
0.000033
0.002141
0.000718
-0.003534
-0.006467
-0.005224
-0.001472
0.000771
-0.000655
-0.004335
-0.006521
-0.005216
-0.003564
-0.003140
-0.004394
-0.006371
-0.006438
-0.005071
-0.003701
-0.005031
-0.007477
-0.007774
-0.007250
-0.004715
-0.000496
-0.001137
-0.004068
-0.003288
-0.005484
-0.013334
-0.018674
-0.015251
-0.007566
-0.002268
-0.001820
-0.003385
-0.008312
-0.018169
-0.022772
-0.015198
-0.002822
0.002449
0.000103
-0.004920
-0.010279
-0.016265
-0.018641
-0.014578
-0.008506
-0.005130
-0.007109
-0.011310
-0.014803
-0.014627
-0.011489
-0.009394
-0.009448
-0.010841
-0.011840
-0.010922
-0.008332
-0.007013
-0.007456
-0.009994
-0.011389
-0.011546
-0.011692
-0.012400
-0.014168
-0.014541
-0.013137
-0.009343
-0.006957
-0.008586
-0.012446
-0.014685
-0.013487
-0.010521
-0.009242
-0.010448
-0.011868
-0.011956
-0.012030
-0.012046
-0.011963
-0.012925
-0.012981
-0.013003
-0.012774
-0.012794
-0.012997
-0.013388
-0.013095
-0.011582
-0.011662
-0.012740
-0.013492
-0.012969
-0.012202
-0.011942
-0.012495
-0.012043
-0.010849
-0.010563
-0.010272
-0.010851
-0.011007
-0.011373
-0.011069
-0.009758
-0.011078
-0.009968
-0.004896
-0.005107
-0.009002
-0.007396
-0.009961
-0.021688
-0.023578
-0.011960
-0.001690
0.001629
0.003905
0.007837
0.002939
-0.015193
-0.026398
-0.018646
-0.005695
0.001608
0.005591
0.008373
0.002266
-0.013948
-0.023749
-0.017452
-0.006737
-0.002241
-0.001726
-0.002071
-0.001579
-0.001254
-0.001578
-0.003646
-0.005673
-0.006507
-0.006734
-0.005118
-0.002739
-0.000612
-0.001567
-0.004815
-0.007004
-0.005461
-0.002001
-0.000641
-0.000879
0.000780
0.001619
0.001340
0.000249
-0.001021
-0.002384
-0.002085
-0.000148
0.001481
0.000144
-0.001821
-0.001346
-0.000211
-0.001492
-0.002208
0.003274
0.006064
0.007884
0.008257
0.005878
0.005127
0.002939
-0.002538
0.004274
0.005260
-0.001509
-0.001940
0.004380
0.004949
-0.000054
0.001113
0.006745
0.014342
-0.000429
-0.000476
0.010304
0.007785
-0.000354
-0.003996
0.009253
0.013131
0.003547
-0.001219
0.005756
0.013117
0.006447
-0.002669
0.003283
0.011221
0.012725
0.008550
0.004517
0.005078
0.000493
-0.003770
-0.000544
0.001621
0.004473
0.007111
-0.000492
-0.001618
0.003814
0.006033
0.011224
0.014797
0.008834
0.006579
0.009199
0.007961
0.003447
-0.002940
-0.003628
-0.000824
0.003094
0.012825
0.021713
0.010177
-0.003677
-0.003245
-0.002062
0.000587
0.004855
0.010365
0.024364
0.026781
0.011803
0.008392
0.001222
-0.010156
0.000866
0.011458
0.005773
-0.004707
0.003175
0.024832
0.028261
0.013614
0.008879
0.012548
0.006047
-0.005067
0.003866
0.027887
0.035008
0.030604
0.018341
-0.004054
-0.024252
-0.029621
-0.006865
0.035573
0.044837
0.026527
0.008139
-0.008081
-0.008031
0.004482
0.022602
0.029869
0.024344
0.013868
0.012719
0.010794
0.006467
0.004148
0.000643
0.003119
-0.008149
0.000299
0.025692
0.036412
0.030844
0.007897
-0.013984
-0.022515
-0.005240
0.019559
0.037183
0.037328
0.023477
0.002027
-0.012373
-0.009823
-0.003066
0.007164
0.024405
0.036621
0.024811
0.003387
-0.003949
-0.001699
-0.003783
0.006819
0.023247
0.023074
0.005397
-0.006310
0.010591
0.028175
0.016680
0.001500
0.005273
0.003633
-0.003971
0.000333
0.017120
0.026579
0.010441
-0.007021
-0.003866
0.007293
0.008056
0.000357
-0.003175
0.002686
0.010961
0.017228
0.016583
0.001103
-0.013105
-0.015317
-0.004025
0.011573
0.008906
-0.003683
-0.012872
-0.015800
-0.012037
-0.004644
0.003679
0.012532
0.014529
0.005913
-0.006077
-0.005009
0.002143
-0.006248
-0.003638
0.005595
-0.000007
-0.014823
-0.023529
-0.014203
0.003697
0.003285
-0.017603
-0.016341
0.007641
0.022348
0.014808
-0.006782
-0.022304
-0.017334
-0.003742
0.002974
0.007471
0.006960
-0.003080
-0.017527
-0.024328
-0.017033
-0.007799
-0.010151
-0.014798
-0.003664
0.011732
0.006869
-0.012243
-0.019706
-0.009532
0.000546
0.000419
-0.005232
-0.001004
0.008276
-0.006675
-0.026796
-0.023379
-0.010222
-0.006446
-0.013203
-0.016230
-0.005763
0.000676
-0.004433
-0.000957
0.003584
-0.007011
-0.026315
-0.033216
-0.011626
0.013315
0.008961
-0.012700
-0.026061
-0.025074
-0.019245
-0.005843
-0.004183
-0.002962
0.009205
-0.003040
-0.015134
-0.004775
-0.006955
-0.031218
-0.036109
-0.018320
0.006700
0.011659
-0.006312
-0.012239
-0.012093
-0.021475
-0.031472
-0.023066
-0.004098
0.007454
0.006868
-0.000667
-0.006264
-0.016177
-0.024561
-0.020288
-0.006151
0.010352
0.008128
-0.011553
-0.026582
-0.017706
-0.006010
-0.008967
-0.015029
-0.015007
-0.008530
-0.009244
-0.020257
-0.005949
0.008897
-0.002982
0.001798
-0.010099
-0.018208
-0.006854
-0.005675
-0.016786
-0.026856
-0.021235
-0.001803
0.008578
-0.004214
-0.004410
-0.005915
-0.016380
-0.036668
-0.035678
-0.009499
0.011297
0.012376
-0.003744
-0.014343
-0.022782
-0.026866
-0.016596
0.005358
0.008372
0.003871
-0.009444
-0.022400
-0.024999
-0.018219
-0.010105
-0.005599
0.000385
-0.001052
-0.007545
-0.032910
-0.030779
-0.008592
0.000710
0.003675
0.005690
-0.000401
-0.019478
-0.022367
-0.010017
0.007488
0.014556
0.018369
-0.000788
-0.028228
-0.036930
-0.042398
-0.016921
0.007548
0.029259
0.042279
0.026780
-0.006778
-0.037013
-0.032111
-0.018401
-0.003644
0.012240
0.029199
0.023416
0.001703
-0.021039
-0.026815
-0.012137
-0.007931
0.004708
0.009162
0.011892
0.012940
0.004799
-0.005373
-0.000206
0.006022
-0.004119
0.000026
0.008218
0.013426
0.008923
-0.007362
-0.005232
0.009018
0.002631
-0.002641
-0.003785
-0.001865
0.004824
0.008806
0.014538
-0.004106
-0.027001
-0.007473
0.014303
0.037482
0.050062
0.017378
-0.002845
-0.025301
-0.030405
0.027256
0.022135
0.015736
0.042809
0.021621
-0.016291
-0.049983
-0.039970
0.008905
0.045540
0.031931
0.035533
0.017648
0.003904
-0.022963
-0.013657
0.022949
0.010703
0.070850
0.027100
0.028364
0.007484
-0.059678
-0.012551
0.006218
0.009571
0.021153
0.036832
0.021346
0.045770
-0.010316
-0.009460
0.007562
-0.026734
0.013182
0.036330
0.033350
0.025651
0.009202
0.003196
0.044806
-0.017475
-0.034016
0.033275
0.024345
0.045309
0.007360
-0.034444
0.023390
0.015350
-0.015701
-0.005471
0.004375
0.034393
0.038556
-0.048697
0.010739
0.056795
0.055842
0.032268
-0.039645
-0.017868
-0.007005
-0.005448
0.006261
0.050062
0.003244
-0.016606
-0.055623
0.022984
0.040954
0.027288
0.034576
-0.007977
0.051724
0.012146
-0.011603
-0.044642
-0.025015
-0.014759
-0.014229
-0.009321
0.047302
0.085552
0.076719
-0.030858
-0.113123
-0.002073
0.064093
0.095202
0.021056
-0.053402
-0.068006
-0.034711
0.014850
0.117899
0.118828
0.030990
-0.093265
-0.149520
-0.055841
-0.063384
0.049660
0.062796
0.162475
0.147474
-0.015133
-0.035086
-0.128008
-0.122454
-0.072869
0.031665
0.083603
0.098030
0.060834
0.040504
0.036876
-0.046191
-0.134258
-0.159393
-0.036802
0.115845
0.148279
0.109461
0.008036
-0.064471
-0.076236
-0.087941
-0.032764
0.006243
0.048053
0.058901
0.044508
0.021307
-0.030485
-0.046499
-0.036193
0.023083
0.015790
-0.025297
-0.016439
0.030877
0.073174
0.031283
-0.022931
-0.068512
-0.056985
-0.000109
0.029164
0.042645
0.021167
0.009271
-0.000635
0.000979
-0.028916
-0.051767
0.000421
0.020520
0.048833
-0.007803
-0.013278
0.011566
0.006549
0.014572
-0.032357
-0.020094
0.019002
0.013435
-0.012593
-0.013928
-0.016758
-0.001554
-0.016699
-0.011354
0.012503
0.016204
-0.005414
-0.014606
-0.003494
0.007532
0.019516
-0.043481
-0.032838
-0.029634
-0.015852
0.021412
0.001548
0.019646
-0.003251
-0.029361
-0.035344
-0.029337
0.003831
0.027589
0.015054
-0.016729
-0.025230
-0.028429
-0.008546
-0.011762
-0.012947
0.022775
0.009874
-0.015380
-0.057927
-0.036754
-0.020302
0.011052
0.011209
-0.009122
0.020865
0.000436
-0.031558
-0.033981
-0.013830
-0.030267
-0.017422
-0.010173
0.021408
0.022028
0.028003
-0.020355
-0.012919
-0.042506
-0.076525
-0.004751
0.003337
0.054940
0.041312
0.012950
-0.040045
-0.070614
-0.099870
-0.035900
0.040321
0.068120
0.082083
0.004600
-0.042263
-0.079164
-0.060684
-0.021066
0.008057
0.006252
0.026035
0.031972
0.034842
0.005342
-0.056192
-0.065069
-0.048179
-0.009038
-0.001169
0.026820
0.046234
0.047366
0.008050
-0.073583
-0.093550
-0.048193
0.002334
0.014450
0.025342
0.013065
-0.004828
0.002591
-0.005702
0.016385
-0.012150
-0.033643
-0.022815
-0.033204
-0.037416
-0.025479
-0.007193
0.070648
0.089903
0.053592
-0.040940
-0.129485
-0.059638
-0.005041
-0.002755
-0.022835
0.012985
0.003079
0.059342
0.009981
-0.038037
0.014396
0.005008
-0.002888
-0.033023
-0.062446
-0.054426
-0.009477
-0.009803
0.061899
0.032737
0.046341
0.028031
-0.037075
-0.026569
-0.024262
-0.013577
-0.034030
-0.022365
-0.011008
0.007882
0.037963
0.082771
0.032538
-0.010101
-0.082164
-0.106936
-0.041269
0.020555
0.103546
0.113139
0.057267
-0.053592
-0.083199
-0.076989
-0.083744
-0.017448
0.048718
0.152066
0.157118
0.023402
-0.109977
-0.158962
-0.076536
0.021036
0.039765
0.028751
0.069177
0.083924
0.042251
-0.018555
-0.069198
-0.084801
-0.057877
-0.010536
0.062105
0.067790
0.044334
-0.009273
0.004449
0.066588
0.003136
-0.058563
-0.115019
-0.043208
0.037510
0.051300
0.035620
0.028787
0.085578
-0.009184
-0.070355
-0.075881
-0.008317
0.064804
-0.012840
-0.035242
0.001558
-0.003731
0.009537
0.031576
0.020849
0.093652
0.071951
-0.016277
-0.089734
-0.141878
-0.068680
0.014707
0.078812
0.118793
0.136422
0.062104
-0.047157
-0.153238
-0.145124
-0.063573
0.016632
0.111729
0.168521
0.148324
0.000194
-0.154274
-0.172021
-0.063160
0.040758
0.151632
0.110857
0.045647
0.012323
-0.026281
-0.113820
-0.081857
-0.001331
0.036454
0.075232
0.046331
0.106053
0.059936
-0.065932
-0.165530
-0.092022
0.064386
0.131799
0.085073
-0.010394
-0.035912
0.019057
0.038363
-0.002052
-0.048607
-0.071563
0.013143
0.083958
0.073779
0.038101
-0.057766
-0.059245
0.033469
0.042430
0.017496
-0.077211
-0.044753
0.079516
0.114467
0.038426
-0.054253
-0.048232
-0.000719
0.022295
-0.032169
-0.027988
0.059202
0.086879
0.027780
-0.050758
-0.088562
-0.016192
0.028202
0.041044
0.062800
0.037461
0.015993
0.024349
-0.010298
-0.016618
-0.058657
-0.110063
-0.023105
0.082365
0.148842
0.088339
-0.015809
-0.070679
-0.057183
-0.049918
-0.044400
-0.038973
0.061036
0.143763
0.106436
0.042310
-0.050487
-0.093465
-0.098892
-0.067157
-0.004147
0.064794
0.079421
0.046284
0.057821
0.045588
-0.019537
-0.077942
-0.118736
-0.052245
0.039383
0.055533
0.050222
0.030124
0.033520
0.006768
-0.024077
-0.004018
-0.013486
-0.023321
-0.014524
-0.019879
-0.006244
0.026597
0.005281
0.017354
0.062542
0.073327
-0.055584
-0.119246
-0.030301
0.049719
0.048195
-0.018244
0.003334
0.003499
-0.024990
-0.027120
-0.012227
0.071625
0.112650
0.042746
-0.066339
-0.092541
-0.065295
-0.042780
0.011498
0.023195
0.079887
0.106784
0.071668
-0.027434
-0.142808
-0.103569
-0.051421
0.049173
0.111616
0.083526
0.039745
-0.025251
-0.062618
-0.096935
-0.056034
0.020432
0.038435
0.093357
0.107595
-0.008589
-0.076004
-0.052259
-0.032617
0.007304
0.010247
-0.033031
0.006097
0.046681
0.101937
0.021010
-0.071307
-0.104658
-0.053144
0.061255
0.093694
0.023563
-0.109414
-0.067822
0.051488
0.105091
0.017558
-0.029573
-0.036512
0.016034
0.033548
-0.032796
-0.103528
-0.100015
0.026936
0.160086
0.165480
0.000556
-0.143813
-0.129194
0.012110
0.041028
-0.059180
-0.088339
0.041081
0.142957
0.152551
0.013912
-0.131663
-0.149334
-0.069744
0.000888
0.008720
0.035880
0.053365
0.079816
0.013400
0.008106
-0.004562
-0.109575
-0.146841
-0.098930
0.074093
0.168007
0.091592
-0.026502
-0.122752
-0.122033
-0.026814
0.115541
0.107609
-0.072821
-0.109638
-0.028538
0.010618
-0.036910
-0.067002
-0.001365
0.099169
0.101599
0.039245
-0.081210
-0.200773
-0.103268
0.015054
0.096271
0.074444
-0.019478
-0.070321
-0.067810
0.006093
0.013175
-0.039570
-0.059945
0.023256
0.093394
-0.001403
-0.121460
-0.117532
-0.011599
0.031863
0.031014
0.068573
0.039863
-0.021483
-0.081408
-0.104627
-0.076556
-0.041002
0.062261
0.050935
-0.030407
-0.021963
0.006058
-0.006434
0.013095
0.039139
-0.052689
-0.127625
-0.101433
0.054309
0.080591
0.029139
-0.027927
0.004062
-0.003730
-0.066302
-0.116802
-0.078845
0.105264
0.126524
0.098954
-0.028105
-0.214751
-0.308269
-0.064712
0.223433
0.298246
0.153224
-0.130303
-0.244544
-0.169821
-0.041842
0.059451
0.110285
0.121589
0.102554
-0.026711
-0.100188
-0.104644
-0.068025
-0.055676
-0.024429
0.052206
0.112189
0.122893
0.023187
-0.038172
-0.070595
-0.077451
-0.100649
-0.104716
-0.008123
0.121689
0.177075
0.088550
0.031429
-0.018642
-0.101263
-0.169057
-0.139903
-0.048190
0.005484
0.124505
0.205117
0.247920
0.090814
-0.235444
-0.336521
-0.165608
0.086708
0.135506
0.148118
0.124344
0.013640
-0.065045
-0.118876
-0.108735
-0.058537
0.078992
0.182108
0.127615
-0.045588
-0.161853
-0.151086
0.008157
0.166973
0.165095
0.094246
-0.076909
-0.172210
-0.066957
-0.010755
-0.017875
0.101800
0.211644
0.140062
-0.172347
-0.312507
-0.064335
0.133859
0.227205
0.209331
0.061939
-0.142383
-0.281995
-0.256540
-0.019161
0.260174
0.235929
0.230950
0.173727
-0.068810
-0.321131
-0.345774
-0.064374
0.189525
0.257759
0.156930
0.032956
-0.077297
-0.049253
0.013424
-0.052083
-0.125978
-0.067082
0.065465
0.166537
0.165600
0.132542
0.076097
-0.063624
-0.289784
-0.277826
-0.036516
0.208900
0.312990
0.196559
0.028626
-0.181718
-0.264898
-0.090632
0.148072
0.196268
-0.001857
-0.150363
0.024604
0.186337
0.164739
-0.011981
-0.147767
-0.087147
0.055801
-0.044346
-0.199585
-0.017704
0.216297
0.379820
0.182413
-0.195339
-0.268699
-0.141723
-0.021560
0.059825
0.079974
0.135168
0.150227
0.053270
-0.012854
-0.093634
-0.166535
-0.111624
0.044833
0.208954
0.186532
-0.037720
-0.112450
-0.111655
0.006282
0.119716
0.115485
0.052170
-0.053203
-0.138576
-0.137446
-0.100263
0.162551
0.317012
0.144419
-0.075612
-0.313502
-0.185111
0.051688
0.220725
0.303907
0.207885
-0.138260
-0.366429
-0.352600
-0.091871
0.279516
0.340263
0.203309
0.064999
-0.096919
-0.270120
-0.246761
-0.135375
0.155719
0.295427
0.212420
0.086080
-0.136239
-0.231787
-0.155568
-0.077271
0.097724
0.159664
0.058422
0.015299
-0.106205
-0.040394
-0.035329
0.051135
0.108565
0.022496
0.008077
-0.021172
-0.051443
-0.020995
0.024929
-0.046239
-0.047040
0.084275
0.151033
0.075017
-0.108776
-0.252003
-0.071616
0.131721
0.181280
-0.031776
-0.079699
-0.021680
-0.031833
0.005068
0.031223
-0.006255
-0.042298
0.223873
0.265338
0.000802
-0.312149
-0.342829
-0.069053
0.164004
0.180621
0.098876
0.012262
-0.066877
-0.062052
-0.071917
-0.024355
-0.090796
-0.080594
0.084731
0.190148
0.214619
0.072148
-0.120231
-0.222736
-0.191692
-0.067579
0.096499
0.072292
0.070400
0.053877
0.035622
-0.004400
-0.203578
-0.107073
0.216568
0.252083
-0.058392
-0.193228
-0.156925
0.011433
0.110570
0.004598
-0.031804
0.030914
0.057350
0.052804
-0.046466
-0.155415
-0.142761
-0.052053
0.087438
0.137332
0.164021
0.073075
-0.094347
-0.187904
-0.125682
0.007955
0.088349
0.000355
-0.051301
0.049301
0.115935
-0.008225
-0.186152
-0.157927
-0.020424
0.111555
0.107443
0.073753
0.010576
-0.067554
-0.149371
-0.119184
-0.013726
0.038442
0.043971
0.060713
0.093893
0.034202
-0.154405
-0.234499
-0.031166
0.112754
0.130208
0.049268
-0.063066
-0.032501
0.006420
-0.007004
-0.108846
-0.281630
-0.172296
0.196306
0.388721
0.205052
-0.055565
-0.161431
-0.177046
-0.123367
-0.086389
-0.081900
-0.032641
0.113714
0.280057
0.222211
-0.064997
-0.310331
-0.260369
0.012064
0.144349
-0.026750
-0.121161
0.000483
0.138284
0.217380
0.139978
-0.084926
-0.259636
-0.270959
-0.172715
0.017029
0.194421
0.266524
0.208309
0.087155
-0.133564
-0.336414
-0.327962
-0.187797
0.047978
0.264407
0.329002
0.172684
0.002197
-0.078233
-0.208096
-0.300438
-0.253632
0.045201
0.313879
0.341129
0.142096
-0.086415
-0.180789
-0.257985
-0.209516
-0.096500
0.119570
0.272554
0.258892
0.076980
-0.118584
-0.182229
-0.219892
-0.082090
0.033389
0.106675
0.097614
0.104374
0.071843
-0.104756
-0.157754
-0.007071
0.127357
0.006427
-0.143507
-0.141419
0.013060
0.199827
0.221904
0.068631
-0.041999
-0.153152
-0.315532
-0.289760
0.027565
0.318311
0.396976
0.224108
-0.070864
-0.311179
-0.348903
-0.193706
0.089813
0.288012
0.207223
0.104185
0.006796
-0.101779
-0.173406
-0.124479
-0.028312
0.132768
0.134714
0.004173
-0.098149
-0.097173
0.017545
0.146945
0.126520
-0.053919
-0.163305
-0.083985
0.121229
0.147039
0.027495
-0.092041
-0.052488
0.038200
0.018208
-0.170043
-0.126144
0.165101
0.295387
0.163982
-0.098309
-0.223599
-0.133590
0.004238
0.070854
0.115601
0.043950
-0.000862
0.068543
0.119736
-0.007846
-0.214533
-0.278855
-0.077380
0.305317
0.353867
0.105157
-0.094972
-0.153812
-0.071201
-0.059800
-0.154074
-0.045329
0.158503
0.209770
0.173602
-0.029419
-0.169354
-0.040276
0.072204
0.036985
-0.095392
-0.115753
0.084088
0.144429
0.089791
0.051761
0.048189
-0.095451
-0.123255
-0.076997
-0.041697
-0.014520
0.056260
0.247905
0.173563
-0.032876
-0.177247
-0.122335
-0.010257
0.106461
0.046417
0.057952
0.068299
-0.049271
-0.151378
-0.076755
0.124954
0.159445
0.073930
-0.088214
-0.103025
-0.054021
0.071907
0.133289
0.147582
-0.030497
-0.198580
-0.087719
0.056406
0.027821
-0.023928
0.070201
0.109812
0.202688
0.091302
-0.152027
-0.276062
-0.191454
0.045187
0.178053
0.175822
0.073232
0.061916
0.018587
-0.057816
-0.155063
-0.251225
-0.112934
0.177938
0.326020
0.172903
-0.057181
-0.097135
-0.027570
-0.109463
-0.197408
-0.068184
0.246912
0.285615
0.048111
-0.146121
-0.141952
-0.071403
-0.021856
0.036497
0.058700
0.184351
0.184861
-0.018446
-0.223456
-0.220301
-0.122325
0.117434
0.231642
0.140186
0.047731
-0.079298
-0.101535
-0.094579
-0.072459
-0.035697
0.092393
0.132532
0.110945
0.057717
-0.068785
-0.115374
-0.149738
-0.091415
0.109661
0.187433
0.110509
-0.006301
-0.069977
-0.092085
-0.154781
-0.055714
0.128669
0.232932
0.094588
-0.112112
-0.216624
-0.116203
0.091750
0.162985
0.067724
-0.004059
-0.022159
-0.038492
-0.111670
-0.190878
-0.003351
0.219302
0.324094
0.189747
-0.147394
-0.373357
-0.301094
-0.080179
0.174896
0.201124
0.213499
0.189267
-0.012619
-0.103514
-0.094862
-0.144819
-0.268898
-0.149451
0.090402
0.327111
0.297523
0.071986
-0.053392
-0.219005
-0.320333
-0.207877
0.043502
0.233457
0.301960
0.166382
-0.082914
-0.224398
-0.198458
-0.004601
0.095604
0.040588
0.029360
0.083793
-0.015244
-0.132916
-0.085945
0.041935
0.146353
0.065578
-0.072165
-0.146865
-0.109681
-0.028077
0.074051
0.140884
0.045817
-0.041016
-0.017168
0.072339
-0.013700
-0.222469
-0.177097
0.031316
0.122383
0.146900
0.090534
-0.001053
-0.033951
-0.099829
-0.199987
-0.104514
0.075430
0.072042
0.049476
0.020439
0.025413
0.032404
-0.019213
0.000938
0.013842
-0.122116
-0.246931
-0.175691
0.083132
0.287067
0.346417
0.149067
-0.188812
-0.383303
-0.358364
-0.098065
0.176104
0.236102
0.201327
0.110480
-0.062836
-0.145972
-0.223068
-0.152113
0.014481
0.143298
0.171434
0.064653
-0.125992
-0.184547
-0.104535
0.064335
0.160591
0.059622
-0.036884
-0.045119
0.027998
-0.097132
-0.193475
-0.171914
0.023398
0.250998
0.248592
0.054037
-0.183020
-0.230096
-0.194283
-0.029857
0.170242
0.229506
0.087633
-0.139836
-0.171804
-0.033253
0.039833
0.021959
0.035197
0.057611
-0.014411
-0.170028
-0.230902
-0.052505
0.218368
0.253751
0.123282
-0.089377
-0.297237
-0.226318
0.018138
0.148054
0.182822
0.139852
-0.063032
-0.204654
-0.127449
0.023473
0.077519
0.038967
0.012354
-0.006941
-0.053415
-0.088688
-0.128067
0.014822
0.148208
0.160721
0.123659
0.017612
-0.172684
-0.319175
-0.211822
0.092290
0.352714
0.253016
-0.027842
-0.216618
-0.166528
-0.034078
0.027331
0.016247
-0.014409
0.052796
0.120931
0.075790
-0.057591
-0.150711
-0.109226
0.042044
0.149878
0.050660
-0.061325
-0.094348
-0.056997
0.023830
0.057530
0.032629
0.004256
-0.037056
-0.030994
0.026215
-0.004122
-0.025901
-0.002623
0.026380
0.126502
0.045522
-0.141960
-0.130345
-0.062403
0.091242
0.169958
0.084055
-0.031436
-0.089801
-0.100406
-0.029518
0.041907
0.103152
-0.006834
-0.133976
-0.026413
0.077121
0.071748
-0.015751
0.024758
0.115975
0.101211
-0.060522
-0.170974
-0.095421
-0.020916
0.020687
0.041314
0.117168
0.198175
0.036756
-0.151940
-0.113665
-0.122841
-0.138212
-0.011785
0.123305
0.308243
0.289133
0.041495
-0.189207
-0.332548
-0.260661
-0.038052
0.193979
0.347743
0.292198
0.042503
-0.141845
-0.267864
-0.329271
-0.127355
0.159917
0.379692
0.313250
-0.014530
-0.190080
-0.127675
-0.100735
-0.082586
0.016101
0.077412
0.185826
0.190142
0.038439
-0.045543
-0.114061
-0.187393
-0.033802
0.120725
0.128267
0.075924
0.004138
-0.049894
-0.133114
-0.088775
0.046447
0.193057
0.197255
0.035860
-0.070484
-0.155249
-0.110892
-0.015246
0.081620
0.202379
0.177745
-0.029905
-0.182582
-0.131087
-0.008728
0.080377
0.025561
0.012021
0.061611
0.082037
0.030081
-0.009851
-0.017646
-0.058706
-0.007339
0.089401
0.144130
-0.017963
-0.201083
-0.176862
0.008366
0.199550
0.227708
0.113240
-0.097446
-0.237559
-0.181463
0.041640
0.176685
0.149127
0.086387
0.013964
-0.024779
-0.089541
-0.139977
-0.095198
0.057052
0.153376
0.125934
0.033111
-0.142260
-0.197726
-0.052347
0.168979
0.270520
0.113931
-0.089929
-0.125869
-0.071788
-0.014898
-0.040331
0.005545
0.148880
0.058263
-0.120063
-0.076212
0.010738
0.102169
0.152501
0.105166
0.035185
-0.160915
-0.255634
-0.130435
0.111997
0.263077
0.215502
0.037017
-0.165352
-0.179592
-0.121630
-0.043548
0.040524
0.124209
0.245797
0.184983
-0.089410
-0.270219
-0.270057
-0.101137
0.195238
0.315231
0.206742
-0.029525
-0.238654
-0.236601
-0.063229
0.088944
0.146719
0.153714
0.108624
-0.037074
-0.149243
-0.142897
-0.189747
-0.134944
0.013972
0.298477
0.437491
0.040331
-0.211677
-0.140221
-0.104560
-0.087823
-0.060886
0.042791
0.169149
0.096535
0.024225
0.027777
-0.079175
-0.181199
-0.196045
0.070721
0.194509
0.063447
-0.175713
-0.212331
0.048358
0.147603
0.207512
0.071554
0.046976
0.024345
-0.141887
-0.197723
-0.138946
0.037630
0.173741
0.111752
-0.035920
-0.081677
-0.076915
0.030066
0.134468
0.049705
-0.131143
-0.243581
-0.110222
0.134757
0.241439
0.129563
-0.037913
-0.118141
-0.116571
-0.037510
-0.066867
-0.060093
0.028099
0.174085
0.164210
0.012156
-0.120878
-0.218277
-0.227581
0.031766
0.177662
0.172048
0.177343
0.027027
-0.071921
-0.195208
-0.265041
-0.209524
0.040637
0.194023
0.241164
0.218435
0.066259
-0.118963
-0.286577
-0.263967
-0.127322
0.026343
0.185652
0.304725
0.214390
-0.021117
-0.235906
-0.261826
-0.109089
0.112337
0.146753
0.034352
-0.080875
-0.068593
0.066120
-0.010052
-0.147350
-0.175962
-0.021899
0.067763
0.113747
-0.065089
-0.033236
0.109078
0.042038
0.168245
0.071362
-0.190089
-0.222284
-0.115270
-0.003356
0.202251
0.154159
0.042539
-0.041538
-0.156105
-0.128495
-0.023227
0.036458
0.065971
0.006187
-0.017973
0.060305
-0.035752
-0.090504
-0.056612
-0.008030
0.091418
0.026651
-0.109479
-0.101280
0.003583
0.006996
0.113931
0.140465
-0.027762
-0.254997
-0.377760
-0.004713
0.252216
0.347444
0.294141
0.024911
-0.318748
-0.396714
-0.212040
0.050587
0.182025
0.147724
0.190097
0.165532
0.022553
-0.233921
-0.371227
-0.293458
0.106486
0.311293
0.289179
-0.039636
-0.260232
-0.278153
-0.235365
0.194349
0.281186
0.240309
0.164786
-0.041015
-0.146252
-0.185463
-0.231766
-0.113454
0.023884
0.230875
0.281375
0.071959
-0.089064
-0.135100
-0.173376
-0.192340
-0.059462
0.014337
0.240399
0.192554
0.051300
-0.054946
-0.105096
-0.081860
-0.099762
-0.074384
0.070393
0.244149
0.139405
-0.040215
-0.240983
-0.194891
0.044179
0.218094
0.167788
0.026802
-0.155064
-0.175596
-0.119412
0.041219
0.216552
0.112929
-0.039072
-0.126677
-0.001420
0.054780
0.072928
-0.044935
-0.089876
0.014160
0.034488
0.013906
-0.034620
0.059400
0.005244
0.052084
0.073473
-0.094014
-0.092516
-0.154619
0.001084
0.162361
0.192771
0.170161
-0.007857
-0.228256
-0.190465
-0.062227
-0.007228
0.148538
0.145621
0.146220
0.042069
-0.116600
-0.273533
-0.210456
-0.014487
0.196391
0.227125
0.123774
0.194153
0.026256
-0.149544
-0.210789
-0.118304
0.021616
0.007293
0.023689
0.135767
0.152337
0.038989
-0.021690
-0.077947
-0.059820
-0.019884
-0.059665
-0.044387
0.014390
0.038852
0.000847
0.017879
0.106919
0.137196
0.098764
-0.043811
-0.151059
-0.190802
-0.075698
0.124795
0.119932
0.064228
0.050397
0.068969
-0.011374
-0.096267
-0.083375
-0.029795
-0.041786
-0.044858
0.081375
0.200688
0.125659
-0.029050
-0.086080
-0.060947
-0.032309
-0.065157
0.026922
0.091254
0.089577
0.004983
-0.036646
-0.033486
0.007941
0.016709
-0.055411
0.029507
0.037899
-0.023077
-0.023785
0.025289
0.089547
0.027655
-0.051390
-0.050837
0.030005
0.047872
0.023934
0.004908
0.018010
-0.011074
-0.092343
-0.056596
0.017035
0.112291
0.065352
0.008981
-0.074183
-0.082811
0.023931
0.098844
0.071894
0.036852
-0.004164
-0.044012
-0.065798
-0.059611
0.017418
0.046754
0.112819
0.101674
0.010823
-0.119633
-0.199453
-0.086613
0.105761
0.168737
0.164492
0.069368
-0.045494
-0.169710
-0.161210
-0.072628
0.053069
0.197787
0.223177
0.187863
-0.037104
-0.284653
-0.363491
-0.131294
0.085554
0.240959
0.291710
0.211717
0.048306
-0.237773
-0.302818
-0.162739
-0.014314
0.127827
0.248036
0.169700
0.066531
-0.138363
-0.194212
-0.070441
0.006895
0.074974
0.119731
0.097828
-0.041943
-0.151463
-0.112613
0.092929
0.145564
0.092755
0.015746
-0.044697
-0.090129
-0.135761
-0.088390
0.006099
0.070863
0.130067
0.097737
0.012020
-0.035509
-0.047488
-0.082552
-0.067302
0.043826
0.132540
0.106465
-0.020256
-0.048148
-0.056802
-0.041415
-0.051745
0.012981
0.034265
0.010396
-0.000367
-0.034899
0.009798
0.018571
0.072663
0.020480
-0.049101
-0.059880
-0.036424
0.017527
0.007574
0.016669
0.063155
0.105230
-0.007363
-0.131089
-0.163452
-0.065377
0.101594
0.138586
0.136435
0.046745
-0.057880
-0.224136
-0.254584
0.037461
0.212505
0.228548
0.147268
-0.009403
-0.236119
-0.248917
-0.243575
-0.074738
0.272524
0.263291
0.264002
0.163886
-0.048771
-0.349871
-0.493474
-0.265439
0.194157
0.406730
0.363156
0.161378
-0.205638
-0.317624
-0.351727
-0.191814
0.104190
0.332816
0.347893
0.223956
-0.108405
-0.451334
-0.413022
-0.110402
0.319821
0.494146
0.302615
-0.001002
-0.312221
-0.490422
-0.394061
-0.104006
0.291521
0.469373
0.347538
0.103012
-0.258284
-0.361458
-0.195074
-0.064945
0.065612
0.185750
0.194452
0.069896
-0.065860
-0.204177
-0.187761
-0.028094
0.139230
0.174541
0.013932
-0.085522
-0.146032
-0.083245
-0.020924
0.056568
0.066110
0.084250
-0.011481
-0.140101
0.004070
-0.100429
-0.033590
0.077577
0.149803
0.170565
-0.048868
-0.228555
-0.276250
-0.144205
0.123786
0.278009
0.182212
-0.000397
-0.233293
-0.231723
-0.152934
-0.080252
0.167799
0.285506
0.223915
0.071416
-0.221169
-0.297346
-0.189272
-0.052264
0.133512
0.237027
0.190570
0.077268
-0.160438
-0.296768
-0.165788
-0.090569
0.031968
0.229587
0.201540
0.036374
-0.083530
-0.308826
-0.178975
0.082394
0.208093
0.305023
0.168256
-0.087489
-0.321018
-0.403105
-0.213457
0.192183
0.374936
0.343900
0.059537
-0.241866
-0.239266
-0.270161
-0.226637
0.051888
0.334410
0.443548
0.273701
-0.125050
-0.380896
-0.405328
-0.229121
0.099972
0.345921
0.340959
0.119420
-0.042610
-0.179888
-0.199370
-0.217829
-0.224146
0.037893
0.318925
0.415733
0.134818
-0.206589
-0.319523
-0.189544
0.000094
0.081042
0.141938
0.122742
0.107632
-0.002366
-0.139358
-0.156595
-0.076378
0.001419
0.090622
0.154578
0.067775
-0.069118
-0.120739
-0.030323
0.075886
0.030945
-0.074574
-0.049873
0.077919
0.134129
0.006969
-0.119787
-0.087343
-0.010440
0.076239
0.127651
0.016615
-0.076259
-0.103056
-0.069179
0.011199
0.072884
0.018752
0.037046
0.067511
0.006782
-0.031466
-0.118386
-0.067706
0.046009
0.169108
0.161315
0.020273
-0.145192
-0.173380
-0.089248
-0.018076
0.077008
0.103449
0.085774
0.078496
0.016981
-0.079341
-0.123124
-0.128117
-0.033057
0.073532
0.161344
0.152098
0.054753
-0.075453
-0.154737
-0.106755
0.014074
0.081277
0.028733
0.005603
0.036640
0.048337
0.022207
-0.110077
-0.131264
0.058583
0.169553
0.098854
-0.073164
-0.093063
-0.007173
0.097878
0.063729
-0.069902
-0.101941
-0.041418
0.055595
0.103425
0.057117
-0.029519
-0.027330
0.001789
0.007962
-0.047955
-0.064086
0.021990
0.072819
0.051702
0.029779
0.006669
0.005384
0.001485
-0.024457
-0.017618
-0.004907
-0.012499
-0.013229
0.012810
0.050491
0.086064
0.091344
0.031857
-0.081824
-0.184544
-0.184041
0.048932
0.255312
0.229247
0.090436
-0.058024
-0.093993
-0.128582
-0.157750
-0.094204
0.062224
0.221037
0.231892
0.140150
-0.025235
-0.195670
-0.285786
-0.157014
0.107176
0.231753
0.193756
0.072069
0.003040
-0.097033
-0.198168
-0.154155
0.025577
0.193524
0.165362
0.039929
-0.047411
-0.042453
-0.042680
-0.083549
-0.031002
0.059391
0.102554
0.125851
0.039695
-0.071543
-0.123341
-0.117907
0.017119
0.157064
0.169782
0.057202
-0.067216
-0.107616
-0.073190
-0.046464
-0.037273
0.047354
0.123986
0.143826
0.057123
-0.026153
-0.037072
-0.083055
-0.131240
-0.118675
0.007234
0.187653
0.266616
0.129667
-0.090367
-0.237267
-0.184797
-0.046890
0.048765
0.100990
0.163604
0.133898
0.045593
-0.057837
-0.174098
-0.139271
-0.003291
0.125703
0.114257
0.035007
-0.026974
-0.003281
-0.003544
-0.040678
-0.077318
-0.049406
0.006150
0.075942
0.118884
0.047466
-0.024791
-0.093365
-0.083436
0.013047
0.112477
0.104242
0.097866
0.013804
-0.116068
-0.195173
-0.168452
0.023988
0.227618
0.232054
0.081627
-0.048927
-0.164297
-0.167315
-0.158191
-0.053539
0.113590
0.176846
0.203454
0.102400
-0.106344
-0.128356
-0.090614
-0.118031
-0.050451
0.012116
0.098387
0.150690
0.091465
0.000477
-0.053624
-0.094576
-0.121319
-0.111257
-0.021355
0.163702
0.240875
0.080624
-0.159954
-0.228689
-0.060586
0.122509
0.086939
-0.033389
-0.054402
0.026555
0.050237
-0.021183
-0.078182
-0.023539
0.058994
0.048918
-0.019995
-0.056394
0.011031
0.019716
-0.042968
-0.035223
0.014190
0.049799
0.038298
-0.026954
-0.102801
-0.136313
-0.054315
0.082341
0.170562
0.128435
-0.014451
-0.141183
-0.162270
-0.052618
0.057025
0.062676
0.021306
0.054271
0.053937
-0.042178
-0.152923
-0.193661
-0.041926
0.154376
0.189705
0.098954
-0.058749
-0.173810
-0.137783
-0.013205
0.060143
0.083369
0.082405
0.025013
-0.008217
-0.097628
-0.138443
-0.138792
-0.056077
0.066019
0.103083
0.157570
-0.003534
-0.129666
-0.074626
-0.003134
0.069639
0.087243
-0.008145
-0.062723
-0.111483
-0.136342
-0.061620
0.018722
0.139059
0.145006
0.070612
-0.082832
-0.209955
-0.193060
-0.109487
0.051052
0.195241
0.202769
0.110739
0.046550
-0.030158
-0.149984
-0.244605
-0.228078
-0.040115
0.169098
0.243864
0.196632
0.077501
-0.157922
-0.232509
-0.268336
-0.186021
0.073600
0.159174
0.194379
0.082762
-0.070111
-0.098174
-0.101880
-0.093101
0.065177
0.196746
0.130659
-0.050758
-0.201540
-0.164213
-0.012792
0.068903
0.140561
0.114176
-0.012722
-0.119162
-0.155422
-0.103108
0.000638
0.080234
0.077293
0.076188
0.027913
-0.018752
-0.086724
-0.060409
0.042834
0.119517
0.069529
-0.058531
-0.116005
-0.098357
-0.039569
0.033509
0.085518
0.091431
0.029395
-0.094677
-0.079507
-0.030177
-0.003707
0.032345
0.059734
0.034365
0.023130
-0.013729
-0.086229
-0.096470
-0.026435
0.070820
0.115461
0.096601
0.006262
-0.090978
-0.139292
-0.055921
0.023349
0.038864
0.054781
0.080876
0.076653
0.017221
-0.103212
-0.154597
-0.064653
0.048241
0.100643
0.065311
-0.008126
-0.030903
0.003580
-0.000630
-0.035956
-0.049949
0.025400
0.062542
0.013709
-0.056578
-0.026155
0.067095
0.080706
-0.003672
-0.106513
-0.078993
0.018728
0.104916
0.042308
-0.051715
-0.076950
-0.004991
0.063879
0.042595
-0.032103
-0.055629
0.012988
0.080226
0.070989
-0.050125
-0.134696
-0.101039
0.034439
0.095609
0.079369
-0.006932
-0.010412
0.041042
0.036048
-0.004442
-0.073211
-0.079291
-0.011784
0.077349
0.092394
0.043172
-0.058283
-0.089222
-0.027371
0.061803
0.055229
0.001890
-0.017694
-0.004426
-0.000467
-0.028283
-0.022481
-0.013425
0.020706
0.056075
0.072053
0.056661
0.031067
-0.032522
-0.079381
-0.033852
0.021231
0.028367
0.013218
-0.004091
0.022236
0.051108
0.011543
-0.023097
-0.061350
-0.032058
0.026638
0.049282
0.054812
0.025291
-0.003890
-0.011266
-0.025965
-0.024467
0.022063
0.031306
0.057702
0.079459
0.006613
-0.094589
-0.078609
-0.014706
0.026118
0.019757
0.010014
0.078515
0.089756
-0.007524
-0.147403
-0.146438
0.031839
0.198844
0.172989
0.016915
-0.115895
-0.141947
-0.059062
-0.002138
0.019306
0.045705
0.098971
0.110715
0.027914
-0.055530
-0.087791
-0.085411
-0.053497
0.003022
0.069171
0.103392
0.067604
-0.006693
-0.048225
-0.021422
0.032082
0.044413
-0.013345
-0.079248
-0.074807
0.019213
0.099364
0.071088
-0.001054
-0.035816
-0.007390
0.055042
0.039313
-0.041328
-0.110653
-0.098296
0.021498
0.135479
0.113976
-0.000053
-0.048214
-0.001386
0.044533
0.002342
-0.108287
-0.133279
-0.013754
0.122521
0.178517
0.106109
-0.014310
-0.084917
-0.084397
-0.037258
-0.002204
-0.020940
-0.024594
0.032644
0.105149
0.109467
0.024534
-0.058483
-0.066633
-0.033348
-0.001054
0.005193
-0.015915
-0.017058
0.003894
0.044864
0.080830
0.077095
0.012976
-0.039664
-0.054822
-0.049169
-0.039122
-0.047331
-0.020156
0.056695
0.107533
0.087799
0.025911
-0.025275
-0.048867
-0.054170
-0.049230
-0.033510
-0.004676
0.034354
0.075621
0.098511
0.060711
-0.018276
-0.063489
-0.079085
-0.056328
-0.027841
-0.013021
0.015876
0.036273
0.064034
0.078527
0.020612
-0.048543
-0.057501
-0.025163
0.003686
-0.010858
-0.035999
-0.006647
0.039585
0.056777
0.048803
0.012654
-0.015342
-0.028674
-0.051338
-0.069599
-0.065775
-0.035599
0.021816
0.080082
0.091360
0.061088
-0.001564
-0.053567
-0.071309
-0.061497
-0.036674
-0.001811
0.025236
0.032336
0.028271
0.001326
-0.027468
-0.060254
-0.069537
-0.040967
0.011412
0.059455
0.059941
0.002674
-0.048029
-0.047035
-0.017144
-0.020306
-0.031978
-0.002581
0.039935
0.065455
0.032875
-0.014528
-0.051731
-0.077667
-0.050199
-0.013627
0.000044
-0.005046
-0.024338
-0.004405
0.043433
0.056029
0.023934
-0.013344
-0.035948
-0.032714
-0.029117
-0.039837
-0.045320
-0.034617
-0.000699
0.033472
0.053930
0.043864
-0.000404
-0.044954
-0.064512
-0.058488
-0.031967
-0.010160
0.009567
0.028055
0.023665
0.016035
0.008396
0.007877
-0.003323
-0.031002
-0.042104
-0.034020
-0.009379
-0.000404
-0.015411
-0.016114
-0.004438
0.018675
0.048404
0.050192
0.018876
-0.031101
-0.062171
-0.041137
-0.021155
-0.027332
-0.030227
-0.017869
0.003253
0.017506
0.043531
0.045437
0.008954
-0.030409
-0.032819
-0.004862
-0.001149
-0.047134
-0.070231
-0.012277
0.054777
0.094084
0.080493
0.024506
-0.040992
-0.085264
-0.107247
-0.084909
-0.006537
0.072220
0.100839
0.060998
0.001760
-0.048255
-0.059714
-0.059060
-0.030395
0.028978
0.086775
0.083824
0.013652
-0.060019
-0.092615
-0.047020
-0.007989
0.014340
0.036564
0.053591
0.060309
0.027018
-0.040861
-0.087800
-0.089044
-0.035060
0.027883
0.067415
0.060457
0.026621
0.021106
0.026533
-0.009897
-0.090400
-0.105283
-0.027051
0.082576
0.106467
0.046010
-0.027866
-0.064641
-0.073384
-0.037626
0.017613
0.053543
0.066170
0.043533
0.026332
-0.011278
-0.055667
-0.081069
-0.052687
0.021545
0.079889
0.077571
0.049382
-0.006508
-0.068786
-0.086503
-0.044062
0.029325
0.070281
0.043188
-0.015252
-0.030976
-0.032319
0.004074
0.036113
0.036567
0.032649
0.031684
0.014745
-0.003048
-0.066602
-0.080118
-0.028169
0.023674
0.076014
0.051269
0.008780
-0.038586
-0.049246
-0.039593
0.004463
0.039057
0.048592
0.025419
-0.014952
-0.019294
-0.009130
0.002977
0.016064
0.030410
0.032327
0.024639
-0.008037
-0.037403
-0.056657
-0.054209
-0.026413
0.032937
0.055047
0.043665
0.004763
-0.017176
-0.008259
-0.004704
0.004186
-0.004434
0.006147
0.017667
0.035147
0.015744
-0.031363
-0.064976
-0.038110
0.035585
0.079433
0.060582
0.012508
-0.013658
-0.045532
-0.071193
-0.079363
-0.017577
0.070592
0.127985
0.105709
0.040176
-0.017750
-0.066373
-0.085371
-0.068742
-0.004257
0.041690
0.053568
0.025231
0.000381
0.009477
0.038777
0.034595
-0.014211
-0.059381
-0.043195
0.019015
0.063019
0.041174
-0.010447
-0.022670
0.005754
0.048794
0.037925
-0.012256
-0.045000
-0.010162
0.042113
0.049345
-0.004057
-0.062269
-0.057910
0.009504
0.059558
0.059272
0.032276
0.013575
0.018184
0.009100
-0.009772
-0.035497
-0.042654
-0.012770
0.032191
0.046980
0.040039
0.009220
-0.007454
0.005167
0.014422
0.008263
-0.002095
-0.004314
0.008901
0.018728
0.003561
-0.015695
-0.014051
0.004712
0.025644
0.033011
0.011391
0.008650
0.006547
0.015770
0.011588
-0.004863
-0.007677
-0.001781
0.012304
0.000156
-0.016741
-0.019554
0.016239
0.049434
0.044172
0.007803
-0.017288
-0.004105
0.021285
0.029058
0.007540
-0.019832
-0.034173
-0.011366
0.023380
0.037488
0.022518
-0.004082
-0.001935
0.010155
0.013124
0.012906
-0.010913
-0.023446
-0.005115
0.016344
0.016009
-0.000556
-0.011147
0.005155
0.038325
0.040428
0.000991
-0.043794
-0.031939
-0.000575
0.022015
0.013685
-0.005545
-0.023505
-0.023873
-0.003001
0.003655
0.012819
0.010997
0.021355
0.018809
0.019624
0.034904
0.008946
-0.046967
-0.071482
-0.044772
-0.000635
0.023295
0.032018
0.030423
0.026523
0.002301
-0.052870
-0.074078
-0.034701
0.022027
0.031421
0.011169
-0.009588
-0.016672
-0.028082
-0.039741
-0.013502
0.027215
0.043045
0.009070
-0.042575
-0.052371
-0.015723
0.015871
0.005044
-0.035781
-0.044212
-0.017364
0.012252
0.006706
-0.022890
-0.039426
-0.007968
0.040856
0.024683
-0.030449
-0.074211
-0.053625
0.007237
0.035839
0.004699
-0.048090
-0.065114
-0.025097
0.021820
0.025219
-0.009869
-0.042409
-0.036669
-0.003616
0.018537
0.004542
-0.025977
-0.042911
-0.037474
-0.015374
-0.011442
-0.025360
-0.020270
-0.003109
0.005538
-0.005829
-0.023189
-0.035814
-0.033110
-0.025289
-0.001761
0.016386
0.016959
-0.002181
-0.039123
-0.058024
-0.039098
-0.001599
0.005164
-0.011165
-0.032652
-0.029372
-0.023104
-0.017868
-0.004467
-0.001509
-0.013176
-0.027203
-0.029558
-0.019514
-0.014223
-0.020160
-0.018999
-0.008265
0.010614
0.014772
-0.006491
-0.039755
-0.045508
-0.017911
