-0.064475
-0.069513
0.002897
0.072520
0.073245
0.012285
-0.032317
-0.056399
-0.056498
-0.034548
0.021968
0.142148
0.069452
-0.029283
-0.141735
-0.111432
-0.044815
0.094454
0.201732
0.084755
-0.055958
-0.132479
-0.062479
-0.023798
-0.009184
0.029994
0.102709
0.080105
-0.007927
-0.026061
-0.089543
-0.082002
-0.028962
0.021707
0.086957
0.083460
0.048824
-0.046486
-0.061629
-0.064047
-0.044753
-0.005812
0.105327
0.117486
0.032486
-0.075471
-0.165706
-0.045444
0.076302
0.136269
0.058706
-0.049941
-0.108383
-0.031901
0.019656
0.008663
0.064620
0.056025
0.009209
-0.053700
-0.110923
-0.058332
0.068436
0.119721
0.043358
-0.015866
-0.060398
-0.060033
-0.012517
-0.034132
0.057849
0.055780
0.037064
-0.012244
-0.071992
0.008168
0.035997
0.017952
-0.055785
-0.008538
0.018135
0.022104
-0.047220
-0.062093
0.062753
0.106403
0.031903
-0.081112
-0.104093
-0.019869
0.095004
0.028327
-0.040423
-0.029521
0.058310
0.085772
-0.013449
-0.096367
-0.087517
0.029504
0.061673
0.045182
0.001346
-0.016777
-0.015944
-0.046047
-0.018408
-0.007255
0.048961
0.062886
0.020849
-0.025037
-0.034292
-0.028077
-0.018517
0.009939
0.015240
0.017536
0.013811
0.017696
0.000294
-0.012411
-0.035346
-0.019409
0.003430
0.042126
0.026745
0.001779
-0.040220
-0.033182
-0.043263
-0.003864
0.096706
0.062571
0.071098
-0.036453
-0.098736
-0.078920
-0.009916
0.032159
0.020016
0.027038
0.008622
0.036564
-0.002044
-0.026015
-0.049417
-0.052094
-0.011802
0.071001
0.124233
0.071824
0.006214
-0.084281
-0.123138
-0.121833
-0.050041
0.104490
0.214335
0.180183
-0.025448
-0.214571
-0.255061
-0.107560
0.118718
0.200906
0.152673
0.081645
-0.044525
-0.159236
-0.239677
-0.084281
0.159088
0.229486
0.190156
0.012401
-0.125722
-0.313699
-0.277224
-0.031850
0.237142
0.391237
0.265372
-0.013974
-0.354807
-0.419738
-0.308929
0.074131
0.522793
0.581269
0.256431
-0.279220
-0.620782
-0.540441
-0.123599
0.345236
0.640504
0.462956
-0.067522
-0.401915
-0.490911
-0.333791
0.017013
0.280756
0.453214
0.390568
0.004839
-0.375754
-0.495523
-0.247439
0.166799
0.391273
0.343756
0.100941
-0.098975
-0.318150
-0.333329
-0.126169
0.162009
0.360471
0.198440
-0.071313
-0.176744
-0.163473
-0.138190
0.040989
0.240368
0.275904
0.055827
-0.275407
-0.433829
-0.110374
0.264861
0.408135
0.276079
-0.095576
-0.367434
-0.365293
-0.127492
0.161769
0.391266
0.277408
0.012075
-0.291248
-0.305838
-0.116327
0.054633
0.205984
0.223545
0.129434
-0.056793
-0.229045
-0.260119
-0.019490
0.187157
0.232456
0.151060
-0.033759
-0.235962
-0.293681
-0.098289
0.144251
0.282374
0.239423
-0.061374
-0.247343
-0.199741
-0.029637
0.097077
0.147376
0.117444
-0.014489
-0.105473
-0.113550
-0.011042
0.088957
0.119912
-0.019551
-0.145445
-0.107087
-0.001263
0.107615
0.151126
0.049962
-0.073009
-0.168657
-0.093090
0.001630
0.028988
0.127409
0.118435
0.022957
-0.073711
-0.092482
-0.046821
0.005272
-0.027289
-0.088508
0.030206
0.112988
0.135414
0.103941
-0.084003
-0.190348
-0.223265
-0.077927
0.122259
0.275213
0.219107
-0.010631
-0.144466
-0.195011
-0.167035
-0.067588
0.088922
0.241722
0.213202
-0.002045
-0.203481
-0.225150
-0.083723
0.056367
0.160895
0.099514
0.056607
-0.025699
-0.144133
-0.089613
0.036437
0.121548
0.057170
-0.046349
-0.084789
-0.089783
0.021143
0.069768
0.091206
0.069529
-0.071408
-0.179929
-0.124201
0.067921
0.191877
0.173758
-0.020215
-0.145097
-0.169929
-0.031781
0.067701
0.123562
0.111397
-0.006857
-0.072662
-0.118513
-0.058354
-0.004131
0.109435
0.111038
-0.019441
-0.124015
-0.097363
0.005367
0.101185
0.135130
0.012623
-0.055287
-0.106989
-0.042194
0.021194
0.008735
0.043392
0.066247
0.043952
0.005674
-0.040090
-0.154309
-0.102959
0.012811
0.098093
0.124754
0.086246
0.021357
-0.081663
-0.149899
-0.117647
0.027716
0.094653
0.123043
0.132747
0.025470
-0.115829
-0.237495
-0.170724
0.085326
0.239285
0.185978
-0.027558
-0.114035
-0.133795
-0.095796
-0.038519
0.107159
0.217100
0.103791
-0.057867
-0.224139
-0.142818
-0.018117
0.145303
0.154389
0.075281
-0.027966
-0.159832
-0.134841
-0.055836
0.118372
0.111588
0.083938
0.009239
-0.120569
-0.081874
0.005772
0.117212
0.074918
-0.041202
-0.108613
-0.064808
0.014208
0.077295
0.124653
0.017125
-0.050501
-0.119076
-0.134755
-0.027659
0.158942
0.204347
0.100773
-0.063455
-0.194064
-0.175866
-0.073984
0.130167
0.266831
0.207978
-0.051546
-0.216641
-0.261380
-0.131517
0.110748
0.253661
0.204256
0.043385
-0.111234
-0.210388
-0.157061
-0.041150
0.138665
0.236430
0.157463
-0.018154
-0.182346
-0.221186
-0.079072
0.131529
0.198775
0.109802
-0.051156
-0.162697
-0.159194
-0.012800
0.155141
0.189198
0.027030
-0.144827
-0.155014
-0.060077
0.084269
0.163078
0.160926
-0.023538
-0.148338
-0.181842
-0.091317
0.065804
0.172526
0.159504
0.032072
-0.056539
-0.206551
-0.181007
-0.054983
0.177860
0.276619
0.119221
-0.091923
-0.246183
-0.167057
-0.003709
0.163237
0.178117
0.055930
-0.054962
-0.118324
-0.097657
-0.032515
0.067594
0.100982
0.059459
0.013139
-0.100164
-0.104947
-0.010693
0.092210
0.130138
-0.007213
-0.118931
-0.122784
-0.025693
0.049313
0.135966
0.136566
-0.016043
-0.105606
-0.168313
-0.095157
0.098459
0.196381
0.132093
-0.012789
-0.130690
-0.170564
-0.108242
-0.003134
0.182456
0.201577
0.032304
-0.060308
-0.171458
-0.165785
-0.013048
0.119317
0.166028
0.105213
-0.030188
-0.141038
-0.139324
-0.018877
0.130942
0.130514
0.005694
-0.119512
-0.158601
-0.033933
0.136365
0.163146
0.040712
-0.093600
-0.105405
-0.107002
-0.012172
0.153866
0.203933
0.097155
-0.139196
-0.288980
-0.199516
0.056269
0.184464
0.286811
0.174439
-0.091804
-0.306527
-0.361232
-0.070911
0.261569
0.423070
0.208884
-0.076047
-0.292298
-0.288679
-0.072709
0.085110
0.260039
0.222326
0.008593
-0.240707
-0.282978
-0.097516
0.170839
0.285030
0.120556
-0.078972
-0.162818
-0.119358
-0.047446
0.054841
0.095805
0.100901
0.065819
-0.005952
-0.132249
-0.129852
-0.062983
0.058685
0.113784
0.097206
0.020610
-0.086179
-0.076182
-0.113717
-0.003867
0.048388
0.131381
0.110959
0.032494
-0.117598
-0.235840
-0.034085
0.110089
0.173259
0.126426
0.049813
-0.100993
-0.235832
-0.201750
0.020708
0.223731
0.172688
0.035664
-0.041557
-0.057910
-0.124626
-0.135987
0.002326
0.144684
0.145049
0.066047
-0.075969
-0.117459
-0.061479
-0.007659
0.012384
0.038273
0.101094
0.096763
0.020344
-0.176560
-0.199193
-0.035926
0.129680
0.161777
0.080585
-0.024843
-0.122070
-0.108883
-0.057133
0.071103
0.139330
0.048184
-0.058611
-0.044757
-0.046743
-0.028945
0.025672
0.024634
-0.010397
-0.079273
0.023114
0.103305
0.135517
-0.007014
-0.108609
-0.116953
-0.095917
-0.057255
0.012485
0.188653
0.154015
0.057232
-0.119017
-0.152515
-0.150910
-0.098523
0.028001
0.243000
0.325254
0.072070
-0.172267
-0.337189
-0.180608
0.018070
0.132393
0.171389
0.153652
0.054002
-0.107928
-0.184293
-0.164976
-0.000338
0.161841
0.184978
0.040919
-0.143727
-0.199543
-0.020126
0.137627
0.155986
0.085494
-0.025345
-0.145444
-0.173181
-0.094406
0.054859
0.144799
0.132726
0.107364
-0.033530
-0.083651
-0.149087
-0.214005
-0.041455
0.205182
0.274426
0.113003
-0.114725
-0.236812
-0.144935
-0.047589
0.095094
0.205106
0.159223
0.019511
-0.178698
-0.242538
-0.138973
0.129981
0.225210
0.175497
-0.025967
-0.183693
-0.121557
0.008498
0.095694
0.031988
0.019705
-0.008891
-0.027382
-0.049549
-0.087718
-0.005285
0.096327
0.073891
0.030374
-0.005230
-0.066620
-0.055281
-0.010553
-0.023972
0.033947
0.025222
0.006472
0.049612
0.049270
-0.017986
-0.023281
-0.023876
-0.067565
-0.004860
-0.012664
0.022884
0.025322
0.036897
0.041260
0.016519
-0.016695
-0.100461
-0.043470
0.055576
0.052812
0.048135
-0.016789
-0.096973
-0.095645
0.020462
0.088699
0.101214
0.013663
-0.128744
-0.034192
0.015889
0.070029
0.028891
-0.029786
-0.055291
0.023388
0.076658
0.032428
-0.024595
-0.116630
-0.045975
0.008401
0.042612
0.041039
0.050692
-0.017957
-0.044496
0.025225
-0.019644
0.002691
0.020159
-0.010464
0.023774
0.048415
-0.033751
-0.071454
0.001763
-0.030554
0.086968
0.076969
-0.035495
-0.070087
-0.087259
-0.017728
0.030936
0.137482
0.044679
-0.044736
-0.106049
-0.021344
0.140537
0.126460
0.006455
-0.126579
-0.129688
-0.092440
0.059140
0.144431
0.111550
-0.063068
-0.177178
-0.098265
0.048025
0.174299
0.125105
-0.041404
-0.101768
-0.057819
-0.014878
0.076664
0.087424
-0.038323
-0.098362
-0.075276
0.017309
0.182144
0.139721
-0.099305
-0.267833
-0.171308
0.022737
0.228515
0.184686
0.047116
-0.034048
-0.094661
-0.118440
-0.082252
0.053589
0.091772
0.080703
-0.012321
0.011070
0.024226
-0.022021
-0.115562
-0.153354
-0.017972
0.151025
0.187409
0.058127
-0.063162
-0.182871
-0.144366
0.030506
0.159614
0.203597
0.057647
-0.119171
-0.175439
-0.073146
0.054622
0.132130
0.149146
-0.002820
-0.188901
-0.227960
-0.052138
0.157153
0.246392
0.159859
-0.081220
-0.230585
-0.166656
-0.016814
0.185765
0.220551
0.101784
-0.119746
-0.198634
-0.074976
0.061377
0.078272
-0.060175
-0.026010
0.058502
0.058487
0.023596
-0.042570
-0.098553
0.012717
0.065764
-0.041151
-0.011455
0.103006
0.101866
-0.029353
-0.173864
-0.088539
0.105864
0.155642
0.014470
-0.148878
-0.132209
-0.058005
0.094009
0.185552
0.102627
-0.082221
-0.164089
-0.110006
0.052422
0.158115
0.079916
0.017159
-0.069989
-0.099023
-0.032529
0.013947
0.077921
0.067619
-0.066074
-0.078197
-0.035219
0.049583
0.086159
-0.007208
-0.074403
-0.070783
0.004951
0.054415
0.058127
0.052816
0.048865
-0.033166
-0.108091
-0.076990
-0.013248
0.010795
0.047268
0.115766
0.088578
-0.032833
-0.132352
-0.172324
-0.051313
0.146181
0.164034
0.075120
-0.031710
-0.124744
-0.138738
-0.063576
0.050262
0.180070
0.161953
0.005202
-0.172950
-0.216801
-0.063476
0.131937
0.216510
0.065615
-0.083723
-0.168271
-0.068540
0.075306
0.158949
0.056750
-0.102469
-0.080285
-0.090328
0.006579
0.120499
0.134207
0.036473
-0.098480
-0.164701
-0.107202
0.031643
0.137528
0.197203
0.100030
-0.103164
-0.248914
-0.225034
0.003328
0.251628
0.267057
0.113020
-0.135465
-0.229677
-0.121205
-0.079368
0.065761
0.176594
0.200973
0.103943
-0.115575
-0.288589
-0.272842
0.013346
0.298944
0.348458
0.118431
-0.226580
-0.344814
-0.191147
0.051759
0.204435
0.229201
0.167921
-0.037009
-0.218491
-0.304303
-0.147885
0.171495
0.329035
0.166187
-0.106808
-0.217106
-0.155800
0.014083
0.130352
0.135704
0.019418
-0.102476
-0.091580
-0.000208
0.046578
0.070885
0.016951
-0.076718
-0.138379
-0.084423
0.100722
0.169918
0.093282
-0.010589
-0.114434
-0.185574
-0.124387
0.033572
0.156812
0.232387
0.177840
-0.042008
-0.255531
-0.348572
-0.162657
0.125215
0.347648
0.359179
0.071952
-0.279137
-0.438014
-0.240740
0.094847
0.321369
0.337064
0.136642
-0.188355
-0.357565
-0.234979
0.012841
0.284566
0.288700
0.079520
-0.106694
-0.304279
-0.295550
-0.054846
0.252656
0.378697
0.257332
-0.062452
-0.324178
-0.430944
-0.237229
0.189334
0.450444
0.433756
0.050241
-0.332008
-0.462316
-0.256170
0.081730
0.348260
0.347393
0.118326
-0.159173
-0.367895
-0.256184
0.031390
0.322942
0.312875
0.038407
-0.169321
-0.322423
-0.199123
0.094825
0.264578
0.262052
0.067122
-0.138609
-0.248249
-0.183824
-0.105358
0.104141
0.316635
0.276669
0.049310
-0.288299
-0.374092
-0.143001
0.179533
0.302492
0.176419
-0.038489
-0.210460
-0.223027
-0.069022
0.171121
0.227805
0.102648
-0.048805
-0.164229
-0.156691
-0.079635
0.077543
0.168055
0.135249
-0.024815
-0.174360
-0.198959
-0.009162
0.237082
0.243262
0.044480
-0.255297
-0.304811
-0.082765
0.213208
0.316713
0.142140
-0.127912
-0.271247
-0.232331
-0.020088
0.226381
0.278389
0.124265
-0.117333
-0.274755
-0.249682
0.002829
0.243724
0.281025
0.150617
-0.087764
-0.295660
-0.267005
-0.039271
0.205548
0.303731
0.160438
-0.110154
-0.277371
-0.225328
-0.040956
0.205878
0.299055
0.197554
-0.081367
-0.302672
-0.315957
-0.110371
0.240332
0.323249
0.243433
-0.038771
-0.245933
-0.314964
-0.193359
0.128735
0.360822
0.337984
0.044341
-0.188179
-0.407549
-0.318919
0.040569
0.308634
0.361111
0.175035
-0.074694
-0.272523
-0.337529
-0.197675
0.091349
0.353716
0.393889
0.204239
-0.156908
-0.457191
-0.440701
-0.113072
0.325423
0.523610
0.318619
-0.061487
-0.387792
-0.476520
-0.242047
0.142695
0.446511
0.367218
0.130104
-0.184388
-0.354469
-0.274025
-0.057030
0.228046
0.298822
0.237082
0.007623
-0.208803
-0.320847
-0.223546
0.062452
0.278884
0.260604
-0.006583
-0.155452
-0.096859
-0.044597
-0.021466
-0.010380
0.070861
0.127677
0.076951
0.005664
-0.079186
-0.088864
-0.076634
-0.030415
0.001390
0.049679
0.121945
0.172435
0.082903
-0.180251
-0.344004
-0.231594
0.158210
0.384794
0.276122
0.007005
-0.238179
-0.321892
-0.231365
0.088758
0.341066
0.338606
0.098513
-0.150721
-0.339951
-0.315795
-0.070328
0.220148
0.426361
0.209494
-0.089990
-0.277988
-0.265662
-0.116350
0.061421
0.210780
0.251212
0.152767
-0.120304
-0.221067
-0.158655
-0.073036
0.107783
0.190596
0.107536
0.027809
-0.080967
-0.077286
-0.006574
-0.040950
-0.082967
-0.036604
0.071158
0.158126
0.089593
-0.020903
-0.071797
-0.136022
-0.119419
0.002586
0.138626
0.157091
0.117397
-0.016596
-0.086683
-0.136381
-0.142430
-0.057473
0.102858
0.223037
0.103491
0.010411
-0.086932
-0.147972
-0.196724
-0.073011
0.144382
0.248185
0.142241
-0.044410
-0.078871
-0.131588
-0.124319
-0.082497
0.079536
0.229996
0.166587
0.002136
-0.146006
-0.237680
-0.155495
0.056639
0.245628
0.189807
-0.023097
-0.128552
-0.110676
-0.014464
-0.001198
0.019564
0.055507
0.122728
0.028120
-0.109275
-0.085786
-0.017633
0.012135
-0.020520
0.016088
0.063532
0.069646
0.014834
-0.011775
-0.042656
-0.088751
-0.088232
-0.071487
0.080347
0.189858
0.152778
0.021732
-0.122873
-0.228224
-0.187715
0.012273
0.210808
0.234025
0.037237
-0.064416
-0.083718
-0.104051
-0.143380
-0.056005
0.086008
0.162226
0.103735
-0.067322
-0.055565
-0.002027
-0.015975
-0.056684
-0.065934
0.003678
0.062879
0.044520
0.026956
0.063566
-0.013204
-0.108490
-0.110041
-0.066950
0.049592
0.120334
0.119344
0.051116
-0.032694
-0.134159
-0.214315
-0.132990
0.071507
0.262769
0.198036
0.013116
-0.101253
-0.157632
-0.165130
-0.071930
0.081263
0.176324
0.161261
-0.003864
-0.127361
-0.138701
-0.021045
0.018434
0.025043
0.085300
0.039184
-0.017411
-0.052214
-0.023489
-0.016895
-0.004228
-0.049688
-0.034480
0.072525
0.086187
0.080094
-0.036119
-0.064563
-0.084836
-0.089393
0.004464
0.108771
0.182361
0.042270
-0.113941
-0.181283
-0.117560
0.000985
0.114760
0.201733
0.160187
-0.023379
-0.256221
-0.293213
-0.066534
0.197318
0.286074
0.188420
0.021427
-0.189591
-0.348190
-0.220237
0.118724
0.334694
0.235733
0.003875
-0.142903
-0.220046
-0.198249
-0.027310
0.229228
0.327558
0.129189
-0.146631
-0.305303
-0.217516
-0.026868
0.168851
0.263309
0.200571
-0.009610
-0.253377
-0.282799
-0.116809
0.114610
0.237777
0.259758
0.116168
-0.142910
-0.323770
-0.297214
-0.008825
0.265630
0.294667
0.141268
-0.068326
-0.212790
-0.246247
-0.176503
0.035642
0.285674
0.283727
0.083973
-0.043720
-0.141827
-0.237801
-0.234604
-0.024445
0.248089
0.318965
0.172260
-0.078968
-0.251705
-0.302646
-0.177611
0.079336
0.277549
0.297284
0.136494
-0.116183
-0.239401
-0.221241
-0.138479
0.071461
0.274103
0.267086
0.049223
-0.178426
-0.251408
-0.153222
0.007634
0.170625
0.191071
0.101984
-0.083728
-0.197089
-0.118034
0.028495
0.135909
0.138876
0.047314
-0.096528
-0.144426
-0.095842
0.066049
0.199282
0.147223
-0.069978
-0.196295
-0.182830
-0.049116
0.074110
0.182355
0.264325
0.082646
-0.209635
-0.394059
-0.195976
0.183654
0.439004
0.339809
-0.008613
-0.276444
-0.400034
-0.285332
-0.014584
0.278503
0.418009
0.311004
-0.016287
-0.373793
-0.479830
-0.259436
0.158415
0.451522
0.419518
0.099406
-0.255689
-0.381165
-0.256957
0.014449
0.254799
0.349881
0.212873
-0.114302
-0.368937
-0.320153
-0.075393
0.214433
0.399062
0.240618
-0.118855
-0.383508
-0.321453
-0.048014
0.260534
0.421830
0.282135
-0.040408
-0.408209
-0.443089
-0.164877
0.204211
0.449063
0.343273
0.038035
-0.280652
-0.378944
-0.264942
-0.032615
0.239430
0.390570
0.297066
-0.034190
-0.316533
-0.354192
-0.153726
0.153417
0.358062
0.236826
-0.040163
-0.248906
-0.248756
-0.029610
0.127455
0.195741
0.110751
-0.067021
-0.188141
-0.166951
-0.014141
0.102413
0.234019
0.170899
-0.044960
-0.202271
-0.241197
-0.066609
0.124920
0.269679
0.252874
0.036990
-0.292453
-0.426325
-0.192384
0.170441
0.422762
0.357178
0.050341
-0.261530
-0.403416
-0.311812
0.018798
0.324799
0.410677
0.259729
-0.054336
-0.342309
-0.408043
-0.233118
0.102191
0.374230
0.387553
0.154606
-0.193962
-0.363955
-0.290226
-0.066916
0.166778
0.365142
0.316577
0.032428
-0.294445
-0.396496
-0.169656
0.110957
0.270646
0.278894
0.117507
-0.124215
-0.297917
-0.272449
-0.006056
0.239208
0.261332
0.067972
-0.085764
-0.188223
-0.148132
-0.039961
0.120270
0.236260
0.140187
-0.030934
-0.212336
-0.215446
-0.086003
0.110003
0.199427
0.192694
0.061453
-0.140934
-0.221188
-0.175645
-0.022436
0.105049
0.205166
0.187600
0.051153
-0.131563
-0.243459
-0.136966
0.062955
0.153013
0.115419
0.028564
-0.057888
-0.095388
-0.091424
-0.006221
0.058153
0.110172
0.113375
-0.044309
-0.195646
-0.195999
-0.018709
0.195324
0.306873
0.158497
-0.099887
-0.274085
-0.267456
-0.092579
0.094509
0.276757
0.286382
0.106762
-0.161722
-0.356173
-0.323560
-0.086314
0.220805
0.380984
0.310600
0.017915
-0.260189
-0.346198
-0.266881
-0.019637
0.236287
0.363478
0.267424
-0.000886
-0.268664
-0.380338
-0.236758
0.056899
0.285701
0.300521
0.152980
-0.076307
-0.263486
-0.310370
-0.157869
0.167670
0.342473
0.265057
-0.005258
-0.268403
-0.311803
-0.150484
0.114385
0.296213
0.288766
0.088297
-0.178797
-0.368342
-0.297262
-0.020374
0.258627
0.395285
0.255630
-0.046986
-0.287539
-0.387625
-0.260568
0.069813
0.364131
0.384582
0.183163
-0.107580
-0.316875
-0.333862
-0.205748
0.019634
0.298043
0.396536
0.191723
-0.068775
-0.295965
-0.283077
-0.118840
0.039920
0.150847
0.230223
0.181001
-0.024834
-0.175013
-0.211269
-0.080238
0.078894
0.147048
0.091079
0.002311
-0.075390
-0.073778
-0.011080
0.012601
0.015434
0.021060
-0.010199
-0.008408
0.019329
0.024439
-0.001486
-0.025323
-0.008577
-0.001588
0.023306
0.027505
0.010838
-0.047256
-0.075952
-0.053983
0.048303
0.121104
0.084672
0.001133
-0.063680
-0.099950
-0.088467
-0.033401
0.035204
0.128155
0.127843
0.062552
-0.054269
-0.128928
-0.171401
-0.115166
0.050814
0.196364
0.242944
0.085551
-0.125022
-0.242206
-0.194868
-0.038040
0.127929
0.222856
0.168930
0.018998
-0.164333
-0.220783
-0.112112
0.055061
0.183642
0.168415
0.039241
-0.122793
-0.208480
-0.148884
0.016971
0.182369
0.216650
0.112450
-0.105305
-0.226287
-0.151276
0.013152
0.168837
0.195686
0.098375
-0.097922
-0.216431
-0.201514
-0.039261
0.148329
0.217838
0.167371
-0.007137
-0.157743
-0.237834
-0.175985
0.018593
0.209322
0.285054
0.119841
-0.104516
-0.214605
-0.201224
-0.077232
0.089822
0.221058
0.194551
0.033746
-0.156031
-0.226336
-0.117864
0.051932
0.174206
0.173405
0.019935
-0.138004
-0.207586
-0.071535
0.130953
0.218177
0.117204
-0.097421
-0.198808
-0.178007
0.011906
0.168794
0.226215
0.118028
-0.112387
-0.271255
-0.238724
-0.018494
0.216923
0.320516
0.195685
-0.046656
-0.291832
-0.349787
-0.144562
0.157360
0.336843
0.272810
0.052937
-0.172220
-0.300747
-0.244448
-0.013895
0.234750
0.292553
0.136563
-0.112347
-0.249133
-0.201690
-0.026034
0.136648
0.174844
0.115864
0.008492
-0.084657
-0.094034
-0.023972
0.039974
0.034786
-0.022550
-0.048768
-0.044174
0.010189
0.064169
0.085754
0.018850
-0.046172
-0.109460
-0.117051
-0.016407
0.101476
0.172503
0.110992
-0.029709
-0.134876
-0.118896
-0.077799
0.010959
0.087302
0.138143
0.108382
-0.019809
-0.116325
-0.131557
-0.085701
0.017866
0.112055
0.110791
0.038221
-0.049976
-0.063067
-0.024959
0.047542
0.033249
-0.009924
-0.040511
-0.042878
-0.021208
0.012598
0.070798
0.097848
0.052742
-0.077800
-0.160952
-0.115798
0.042697
0.160114
0.163898
0.062672
-0.063913
-0.149840
-0.147153
-0.060961
0.058401
0.145414
0.165544
0.081752
-0.089117
-0.194765
-0.170336
-0.036901
0.139488
0.216992
0.118211
-0.013000
-0.115221
-0.162265
-0.097567
0.014341
0.107308
0.125335
0.048867
-0.026058
-0.070251
-0.078560
-0.045218
0.021142
0.070743
0.085980
0.038610
-0.019871
-0.073640
-0.095473
-0.020587
0.054354
0.089523
0.067015
-0.000261
-0.067262
-0.044869
-0.038518
-0.030669
-0.011878
0.013168
0.059467
0.063442
0.020191
-0.016940
-0.030028
-0.070177
-0.025793
0.005489
0.037253
0.032379
0.021591
0.025616
-0.002489
-0.023170
-0.045864
-0.032272
-0.031841
-0.006006
0.038773
0.068856
0.047959
0.005733
-0.050343
-0.065184
-0.017554
0.017782
0.045058
0.040207
0.015221
-0.007735
-0.017727
-0.041831
-0.032775
-0.000114
0.024648
0.046195
0.042521
0.013755
-0.036746
-0.042118
-0.012288
0.006774
-0.021326
-0.030104
-0.008778
0.060640
0.082164
0.035786
-0.025489
-0.087545
-0.078656
0.001808
0.061124
0.041667
0.011829
-0.042035
-0.026448
-0.001071
0.015835
0.011493
0.006998
-0.014611
-0.024679
0.025283
0.035362
0.027678
-0.026639
-0.052813
-0.019007
0.030148
0.027470
0.012250
0.000870
-0.005495
-0.001845
-0.020031
-0.027791
-0.009829
0.017579
0.009911
0.005382
0.009004
0.003032
-0.004144
0.010318
0.005213
-0.012052
-0.037857
-0.046249
0.006221
0.047833
0.047866
0.007459
-0.058164
-0.065187
-0.011167
0.044720
0.066340
0.024687
-0.032127
-0.055374
-0.029529
0.012905
0.032845
0.036076
0.017106
-0.003538
-0.030284
-0.053147
-0.040852
0.020930
0.071383
0.053997
0.005047
-0.062099
-0.062104
-0.035671
0.024153
0.071781
0.054483
0.001457
-0.062535
-0.068860
-0.034877
0.018482
0.046631
0.062032
0.022638
-0.029822
-0.064322
-0.068741
-0.010730
0.044740
0.067396
0.055459
0.004730
-0.070107
-0.092631
-0.057437
0.038343
0.097814
0.070316
-0.004659
-0.073668
-0.069761
-0.029585
0.044571
0.070766
0.052934
0.019792
-0.047419
-0.089632
-0.091121
-0.041173
0.045871
0.115501
0.121512
0.047632
-0.070182
-0.141129
-0.110695
-0.018032
0.062079
0.096531
0.060453
0.013675
-0.017935
-0.056094
-0.075658
-0.050138
0.017745
0.055587
0.062330
0.019594
-0.014597
-0.055076
-0.064641
-0.034350
0.011639
0.054724
0.042266
0.018846
-0.014138
-0.029183
-0.045779
-0.042489
-0.012637
0.042351
0.084131
0.056008
-0.015201
-0.080379
-0.089052
-0.048562
0.019668
0.072726
0.079272
0.038388
-0.036184
-0.070216
-0.061619
-0.015821
0.012191
0.046421
0.054739
0.039859
-0.020373
-0.072296
-0.054569
0.003913
0.056075
0.036253
0.012935
-0.033243
-0.041933
-0.025409
0.021864
0.037235
0.013968
-0.023624
-0.040099
-0.012810
0.018282
0.018591
-0.000923
0.002517
-0.005712
0.002474
-0.000282
0.013106
0.021717
0.019766
-0.019965
-0.036518
-0.012548
-0.010082
0.020435
0.022735
0.024815
0.009096
-0.019127
-0.042297
-0.017849
0.014426
0.014300
0.015562
-0.004679
-0.001302
-0.001158
-0.001571
0.005196
0.017984
0.000015
-0.021993
-0.021899
0.003270
0.021706
0.019486
0.010273
-0.001214
-0.012595
-0.031301
-0.010755
0.000443
0.013409
0.006297
-0.004223
-0.003396
0.010476
0.023224
-0.000082
-0.011632
-0.031581
-0.013893
0.017059
0.032281
0.020300
-0.000981
-0.013154
-0.006052
0.002286
-0.014082
-0.018537
-0.007267
0.015961
0.021927
0.021423
-0.010511
-0.027568
-0.017932
-0.000374
0.024398
0.025757
0.005476
-0.021832
-0.019684
-0.006493
0.011650
0.010785
-0.002947
0.001186
0.009687
0.000396
-0.030217
-0.030315
-0.009184
0.021756
0.027648
0.021260
0.005412
-0.023130
-0.024382
-0.011965
0.014876
0.018479
0.013430
-0.005297
-0.017218
-0.012629
-0.005026
0.001718
0.006954
0.016182
0.014885
0.011808
-0.015836
-0.030002
-0.015876
0.005482
0.020233
0.023943
0.000225
-0.009393
-0.013573
-0.017883
-0.004707
0.010459
0.022742
0.010275
-0.006769
-0.017007
0.003149
0.003893
0.001641
0.004230
0.010930
0.000663
-0.017119
-0.014031
-0.002632
0.010186
-0.003769
-0.003562
0.001663
0.008567
0.000029
0.005064
0.013411
0.004803
-0.006982
-0.011612
0.004904
0.005623
-0.001558
-0.002305
0.017231
0.010846
-0.012792
-0.018526
-0.007359
0.006102
-0.004709
-0.007147
0.010311
0.029821
0.028586
-0.002525
-0.018200
-0.021197
-0.018779
0.007294
0.023540
0.031743
0.006437
-0.019291
-0.017289
-0.019386
-0.006932
0.010112
0.028747
0.027832
0.005786
-0.010297
-0.030039
-0.009202
0.002175
0.013311
0.021658
0.011726
0.010310
-0.006624
-0.012262
-0.013371
0.001327
0.015571
0.008370
0.000637
-0.008145
-0.019722
0.001100
-0.002417
0.001497
0.013405
0.011893
-0.006576
0.000077
0.000150
-0.001167
0.007369
-0.017742
0.002449
-0.003569
-0.004583
-0.003847
0.011714
0.007137
-0.003312
-0.002311
-0.008195
-0.010734
-0.023468
-0.012526
0.001299
0.024751
0.018680
0.004657
-0.019179
-0.032117
-0.021468
-0.003792
0.020864
0.025569
0.017664
0.008986
-0.006753
-0.025500
-0.022933
-0.002050
0.026367
0.029232
0.009961
-0.010478
-0.019082
-0.009411
0.000071
0.007836
-0.002692
-0.005656
0.006233
0.010100
0.003872
-0.016123
-0.011540
0.001110
0.014441
0.008501
-0.003770
0.001087
0.005360
0.007409
-0.003737
-0.010355
-0.011654
-0.003524
-0.000246
0.001864
0.001760
-0.000239
-0.001613
