-0.007123
-0.007607
-0.007522
-0.007328
-0.006551
-0.006557
-0.006682
-0.006873
-0.006700
-0.006337
-0.006552
-0.006797
-0.006517
-0.005895
-0.005400
-0.005555
-0.005556
-0.005859
-0.005456
-0.005012
-0.004438
-0.003680
-0.003306
-0.003167
-0.003878
-0.004212
-0.004369
-0.003903
-0.003070
-0.001970
-0.001977
-0.002001
-0.002408
-0.002750
-0.002704
-0.003062
-0.002106
-0.001772
-0.000962
-0.001432
-0.001431
-0.000466
0.000009
0.000976
0.000714
0.000980
0.000943
0.001200
0.001299
0.001671
0.002171
0.001904
0.002094
0.002021
0.001873
0.001604
0.001647
0.001958
0.002242
0.002172
0.002332
0.003211
0.004082
0.004329
0.004128
0.004074
0.004275
0.003907
0.003529
0.003574
0.004356
0.004729
0.004674
0.004477
0.003761
0.003269
0.002581
0.002756
0.002412
0.002490
0.002323
0.002390
0.002374
0.002014
0.002227
0.002117
0.001994
0.001580
0.001963
0.002520
0.002772
0.002691
0.003023
0.002846
0.003008
0.002971
0.003169
0.003167
0.002487
0.002283
0.002040
0.002201
0.001890
0.001652
0.000820
0.000693
0.001518
0.001818
0.001898
0.002424
0.002979
0.002896
0.003566
0.003497
0.003217
0.003591
0.004500
0.005341
0.005830
0.005775
0.005480
0.005254
0.004461
0.004843
0.005360
0.006840
0.007588
0.007556
0.007031
0.006525
0.007631
0.009100
0.009713
0.009039
0.008584
0.007616
0.007294
0.007133
0.008060
0.009697
0.010530
0.010231
0.009079
0.008576
0.008469
0.008926
0.009195
0.009249
0.009913
0.011198
0.012109
0.012144
0.011880
0.011772
0.010972
0.010548
0.009916
0.010330
0.012250
0.014794
0.017665
0.018274
0.016737
0.013070
0.008991
0.005463
0.004354
0.007933
0.014634
0.020194
0.022206
0.019967
0.012935
0.004136
-0.000446
0.002434
0.010412
0.018970
0.022300
0.019480
0.013058
0.006867
0.005268
0.007480
0.011431
0.013664
0.013299
0.011937
0.010854
0.011514
0.011606
0.011029
0.008779
0.006550
0.006643
0.008728
0.011852
0.013555
0.012281
0.008107
0.005242
0.004996
0.006787
0.008791
0.009383
0.007416
0.005514
0.005310
0.006080
0.007548
0.007064
0.005688
0.004086
0.004288
0.006120
0.007361
0.007717
0.006199
0.004432
0.003107
0.002861
0.003058
0.003661
0.004372
0.004038
0.003494
0.002105
0.001119
-0.000207
-0.001087
-0.001117
-0.000952
-0.000479
-0.000970
-0.001947
-0.003192
-0.004110
-0.004126
-0.003450
-0.002850
-0.003092
-0.003628
-0.004137
-0.004299
-0.004225
-0.004233
-0.004353
-0.005067
-0.005197
-0.005715
-0.006277
-0.007163
-0.008112
-0.008486
-0.009411
-0.009603
-0.009743
-0.010066
-0.010091
-0.010682
-0.010884
-0.011074
-0.010767
-0.010693
-0.011911
-0.012617
-0.013918
-0.014327
-0.015120
-0.015870
-0.015760
-0.016548
-0.016954
-0.017892
-0.018249
-0.018810
-0.019756
-0.020073
-0.020844
-0.021099
-0.021377
-0.021980
-0.022399
-0.022933
-0.023118
-0.022927
-0.023215
-0.023393
-0.023579
-0.024185
-0.024790
-0.024361
-0.023754
-0.023207
-0.022968
-0.023571
-0.023288
-0.022476
-0.021535
-0.020809
-0.020124
-0.020230
-0.019936
-0.019594
-0.018831
-0.017970
-0.017370
-0.016739
-0.016805
-0.016497
-0.016610
-0.016272
-0.016385
-0.015882
-0.014972
-0.013802
-0.012579
-0.012163
-0.011421
-0.010946
-0.010861
-0.010379
-0.009776
-0.009366
-0.008477
-0.008030
-0.007323
-0.007151
-0.006583
-0.006159
-0.005806
-0.005288
-0.005206
-0.004340
-0.004351
-0.004669
-0.005313
-0.005500
-0.005025
-0.004856
-0.004938
-0.005060
-0.005383
-0.005531
-0.005794
-0.005641
-0.005813
-0.006144
-0.006254
-0.006330
-0.006081
-0.005806
-0.005765
-0.006138
-0.006232
-0.006576
-0.005916
-0.005211
-0.004742
-0.004789
-0.004906
-0.005324
-0.005624
-0.005658
-0.005646
-0.005222
-0.005094
-0.005246
-0.005320
-0.005348
-0.005668
-0.005733
-0.005436
-0.004953
-0.004372
-0.003565
-0.003082
-0.002669
-0.002859
-0.002483
-0.002284
-0.001802
-0.000554
0.000251
0.000838
0.000699
0.000397
0.000508
0.001043
0.001719
0.002516
0.003144
0.004199
0.004917
0.005364
0.005803
0.005766
0.006039
0.006522
0.007001
0.007485
0.008169
0.008701
0.009404
0.009874
0.010312
0.011132
0.011617
0.011462
0.011393
0.011739
0.011811
0.011585
0.011252
0.010598
0.010302
0.010352
0.009817
0.009956
0.009691
0.009845
0.010675
0.011122
0.011526
0.011319
0.011342
0.011575
0.011926
0.011966
0.012121
0.012207
0.012168
0.012370
0.011924
0.011880
0.011877
0.012083
0.012263
0.012269
0.012437
0.011950
0.011818
0.011630
0.011693
0.011489
0.010819
0.010095
0.009645
0.009847
0.009880
0.009375
0.009291
0.009742
0.009936
0.009939
0.009145
0.008852
0.008663
0.009202
0.009857
0.010085
0.010053
0.009679
0.009881
0.009847
0.010386
0.010500
0.010840
0.011181
0.011182
0.011557
0.011290
0.011523
0.011878
0.011625
0.011246
0.010898
0.011266
0.011819
0.011703
0.011163
0.010987
0.011261
0.011752
0.012388
0.012769
0.012732
0.012425
0.011841
0.010957
0.010250
0.009814
0.009483
0.009245
0.008972
0.008272
0.007759
0.006716
0.005830
0.004771
0.004313
0.004490
0.004048
0.003945
0.002809
0.001879
0.001170
0.000767
0.000619
0.000112
-0.000432
-0.000835
-0.000667
-0.000893
-0.001967
-0.002684
-0.003187
-0.003055
-0.002947
-0.003057
-0.002971
-0.003051
-0.003082
-0.003362
-0.003251
-0.002777
-0.002649
-0.002440
-0.002500
-0.002676
-0.002006
-0.001929
-0.001652
-0.001475
-0.001375
-0.000982
-0.000870
-0.000787
-0.000733
-0.000784
-0.000405
0.000214
0.000893
0.001542
0.002146
0.002297
0.001860
0.001797
0.001756
0.002440
0.002733
0.002667
0.002434
0.001903
0.001611
0.001117
0.001506
0.001510
0.001030
0.000581
-0.000214
-0.000830
-0.001300
-0.001385
-0.001417
-0.001908
-0.002621
-0.003429
-0.004233
-0.005083
-0.006400
-0.006452
-0.006779
-0.007173
-0.007301
-0.008435
-0.009611
-0.010786
-0.011077
-0.011091
-0.011114
-0.011420
-0.012064
-0.012724
-0.012985
-0.012932
-0.012939
-0.013047
-0.013145
-0.013036
-0.012585
-0.011740
-0.011703
-0.011803
-0.012234
-0.012999
-0.012860
-0.011872
-0.010999
-0.010710
-0.010429
-0.010431
-0.009906
-0.008918
-0.007499
-0.006316
-0.005277
-0.004530
-0.004582
-0.004222
-0.003369
-0.002433
-0.001408
-0.000051
0.001458
0.002961
0.004384
0.005199
0.005637
0.006358
0.006319
0.006658
0.007707
0.008489
0.009109
0.009698
0.010277
0.011213
0.011824
0.011968
0.012347
0.012514
0.013154
0.013528
0.014011
0.014629
0.015177
0.014919
0.014615
0.014334
0.013976
0.014208
0.013962
0.013381
0.012029
0.010894
0.009334
0.007820
0.006006
0.004504
0.003516
0.002128
0.001078
-0.000274
-0.001977
-0.003139
-0.003440
-0.004021
-0.004614
-0.005202
-0.006421
-0.007758
-0.008972
-0.010155
-0.010364
-0.010072
-0.009703
-0.009616
-0.009984
-0.010313
-0.010458
-0.010413
-0.010512
-0.010324
-0.009536
-0.008117
-0.007075
-0.007255
-0.008252
-0.008386
-0.007846
-0.007639
-0.007211
-0.006876
-0.006963
-0.007495
-0.007827
-0.007906
-0.007731
-0.006890
-0.006467
-0.007047
-0.007235
-0.006606
-0.005617
-0.004225
-0.003979
-0.003660
-0.003762
-0.003807
-0.003450
-0.003561
-0.002584
-0.001611
-0.000016
0.001580
0.002760
0.003256
0.002936
0.002623
0.002026
0.001774
0.002278
0.002476
0.002471
0.002158
0.001813
0.002011
0.002558
0.002899
0.002901
0.002934
0.003247
0.003061
0.002264
0.002131
0.001679
0.001929
0.002223
0.002392
0.002185
0.001675
0.001070
-0.000377
-0.000974
-0.001722
-0.002179
-0.002427
-0.002770
-0.003358
-0.004383
-0.004915
-0.005160
-0.005305
-0.005296
-0.005590
-0.006207
-0.006464
-0.006584
-0.006601
-0.006934
-0.006684
-0.006572
-0.006380
-0.006534
-0.007176
-0.006890
-0.006719
-0.006394
-0.005936
-0.005584
-0.005574
-0.005777
-0.006524
-0.007176
-0.007162
-0.007096
-0.007126
-0.006726
-0.006545
-0.006927
-0.007205
-0.007363
-0.007632
-0.007903
-0.007861
-0.007584
-0.007289
-0.007348
-0.007478
-0.007527
-0.007069
-0.007047
-0.007250
-0.007152
-0.007200
-0.007273
-0.007696
-0.008117
-0.008112
-0.007937
-0.007862
-0.007712
-0.008077
-0.008356
-0.008773
-0.008531
-0.007885
-0.008472
-0.009251
-0.010755
-0.011406
-0.011928
-0.012764
-0.013409
-0.014058
-0.014115
-0.014476
-0.014792
-0.015458
-0.016271
-0.016715
-0.017098
-0.017229
-0.017474
-0.017505
-0.016906
-0.016723
-0.017281
-0.018211
-0.018374
-0.017645
-0.016053
-0.014524
-0.014187
-0.013795
-0.013505
-0.013224
-0.011859
-0.010396
-0.009317
-0.009011
-0.008358
-0.006641
-0.005402
-0.004715
-0.004063
-0.003145
-0.002600
-0.002432
-0.002187
-0.001687
-0.001163
-0.000554
-0.000142
-0.000063
-0.000029
0.000633
0.001324
0.001169
0.000816
0.001011
0.002106
0.003184
0.003608
0.003448
0.003777
0.004451
0.004910
0.006071
0.006632
0.005256
0.005917
0.006386
0.003945
0.003795
0.007901
0.011541
0.010889
0.007335
0.004784
0.003837
0.002200
0.002692
0.007594
0.013156
0.012565
0.006595
0.001073
-0.000396
0.003001
0.008112
0.011077
0.009960
0.005801
0.001538
0.001084
0.004533
0.008483
0.010357
0.008142
0.003949
0.000992
0.001618
0.003911
0.005125
0.004960
0.002951
0.001159
0.000681
0.002692
0.004414
0.003790
0.001776
0.000715
0.001929
0.003801
0.004131
0.002133
0.000840
0.002124
0.005762
0.010292
0.011697
0.009607
0.007221
0.006386
0.009371
0.012122
0.013082
0.012845
0.012109
0.012353
0.011424
0.010689
0.012912
0.011957
0.008072
0.008833
0.009861
0.008378
0.008269
0.010699
0.012684
0.010033
0.003976
0.002428
0.004943
0.005975
0.007279
0.012350
0.016269
0.012605
0.003851
-0.000822
0.003696
0.013273
0.020403
0.019349
0.013046
0.007019
0.006655
0.012109
0.018853
0.022136
0.019640
0.014006
0.009839
0.011501
0.016555
0.020365
0.018883
0.014203
0.010687
0.011116
0.014787
0.017444
0.016170
0.011445
0.008145
0.009802
0.014821
0.017138
0.014180
0.008674
0.007344
0.012452
0.018875
0.019790
0.014736
0.010773
0.012942
0.019388
0.024914
0.025435
0.022761
0.021895
0.025122
0.028880
0.028776
0.026022
0.024945
0.030262
0.036323
0.038173
0.035655
0.031320
0.030137
0.032407
0.036013
0.037730
0.036373
0.033624
0.032088
0.031587
0.030689
0.028536
0.027030
0.026805
0.025973
0.023258
0.018947
0.016323
0.016690
0.018053
0.016230
0.011641
0.007423
0.005677
0.006285
0.006243
0.003990
0.000788
-0.000125
0.000936
0.001952
-0.000428
-0.005340
-0.008977
-0.008686
-0.006173
-0.005390
-0.007673
-0.011025
-0.011597
-0.009400
-0.006889
-0.007841
-0.011257
-0.014048
-0.013773
-0.011027
-0.010239
-0.013511
-0.017226
-0.017762
-0.014503
-0.011024
-0.011128
-0.013865
-0.016402
-0.015760
-0.012458
-0.009163
-0.009425
-0.011541
-0.011967
-0.009500
-0.005604
-0.004054
-0.005897
-0.007631
-0.006920
-0.004114
-0.001936
-0.002292
-0.004078
-0.005030
-0.003328
-0.001481
-0.000861
-0.003156
-0.004598
-0.003844
-0.001977
-0.000848
-0.001840
-0.003725
-0.005700
-0.006084
-0.006389
-0.007278
-0.009811
-0.010871
-0.009421
-0.007072
-0.006638
-0.009831
-0.013699
-0.015571
-0.014853
-0.013250
-0.012971
-0.014614
-0.016677
-0.017784
-0.017826
-0.018160
-0.019120
-0.019978
-0.020164
-0.019397
-0.019588
-0.021460
-0.023495
-0.024346
-0.023019
-0.021750
-0.021793
-0.023305
-0.025039
-0.025616
-0.025626
-0.024771
-0.025226
-0.026216
-0.026721
-0.025975
-0.024594
-0.024074
-0.025288
-0.027177
-0.026766
-0.025316
-0.022603
-0.021188
-0.020226
-0.020020
-0.018922
-0.016760
-0.015797
-0.014575
-0.013866
-0.012060
-0.010810
-0.010223
-0.010678
-0.016067
-0.019328
-0.017612
-0.016276
-0.011782
-0.006026
-0.005111
-0.009303
-0.015237
-0.017485
-0.018865
-0.021043
-0.016215
-0.013757
-0.012388
-0.012336
-0.015614
-0.015617
-0.014869
-0.012368
-0.013648
-0.016747
-0.016723
-0.012856
-0.009731
-0.009849
-0.012049
-0.012988
-0.011511
-0.010585
-0.010446
-0.010570
-0.009316
-0.008352
-0.010325
-0.013535
-0.014351
-0.011329
-0.008181
-0.009264
-0.013058
-0.015321
-0.013193
-0.010161
-0.009934
-0.012416
-0.014788
-0.013037
-0.009479
-0.008493
-0.010773
-0.014350
-0.015099
-0.012888
-0.012127
-0.015138
-0.020609
-0.024126
-0.023583
-0.022279
-0.022576
-0.024771
-0.026590
-0.025664
-0.024092
-0.023798
-0.024996
-0.026304
-0.026500
-0.024981
-0.023623
-0.022130
-0.021144
-0.019486
-0.017703
-0.016387
-0.015352
-0.018354
-0.022582
-0.027503
-0.031318
-0.031952
-0.028695
-0.023470
-0.017066
-0.019698
-0.022985
-0.031493
-0.039561
-0.036574
-0.034370
-0.026533
-0.014654
-0.011822
-0.019646
-0.023428
-0.026371
-0.027640
-0.028283
-0.014764
-0.006736
-0.011709
-0.019588
-0.019274
-0.017514
-0.016874
-0.009008
0.002128
0.009715
0.000440
-0.014074
-0.024702
-0.015990
-0.012334
0.004729
-0.002879
0.010982
0.019722
-0.000378
-0.012312
-0.028754
0.002425
0.029830
0.041732
0.026821
0.012429
0.005534
0.009795
0.028851
0.033117
0.043147
0.062587
0.060363
0.045951
0.033194
0.037602
0.038057
0.039249
0.045359
0.049146
0.050893
0.055912
0.060756
0.058421
0.061123
0.028535
0.027207
0.044769
0.066408
0.080744
0.066867
0.064578
0.049817
0.033942
0.050509
0.062862
0.070402
0.082448
0.089823
0.073005
0.036709
0.006897
0.042223
0.094147
0.099937
0.077297
0.051058
0.050152
0.044514
0.033710
0.007428
0.034633
0.074479
0.107900
0.077657
0.027594
-0.002774
-0.015452
0.017939
0.042710
0.082320
0.057901
0.019439
0.003185
-0.000192
0.012772
-0.005006
0.001741
0.027871
0.053646
0.051638
-0.005514
-0.037632
-0.016292
0.029733
0.030254
-0.001867
-0.018883
-0.006291
0.005106
0.007120
-0.012173
-0.010326
-0.000756
-0.019809
-0.036099
-0.049540
-0.006963
0.006066
-0.017210
-0.035661
-0.030822
-0.015005
-0.030807
-0.051873
-0.063991
-0.026429
0.015136
-0.000713
-0.032813
-0.058918
-0.047807
-0.031752
-0.041809
-0.045633
-0.032216
-0.012223
-0.017481
-0.034920
-0.054489
-0.066722
-0.047931
-0.022627
0.004901
0.028225
-0.003493
-0.053582
-0.086452
-0.055392
0.016663
0.052453
0.023227
-0.044292
-0.058321
-0.033919
-0.012638
-0.017584
-0.015319
0.007797
0.048675
0.035062
-0.046226
-0.089150
-0.057830
0.034964
0.074328
0.033676
-0.014917
-0.023567
-0.000921
-0.003061
-0.015235
-0.017768
0.015113
0.052644
0.032823
0.000218
-0.023381
0.004398
0.022378
0.004222
-0.001915
0.016575
0.045282
0.042497
0.021605
-0.015195
-0.013291
0.026901
0.067068
0.089431
0.059532
0.014309
-0.040830
-0.063313
-0.010095
0.042471
0.049943
0.012972
0.000368
-0.004961
0.063676
0.051277
-0.042197
-0.052410
-0.087874
0.022078
0.143859
0.027622
0.115375
0.250724
0.165624
0.044134
-0.199676
-0.190694
-0.103308
-0.077008
0.101086
0.283325
0.319952
0.080775
-0.203919
-0.284823
-0.161024
0.014261
0.155086
0.226559
0.162466
-0.010751
-0.218367
-0.236204
-0.059541
0.125010
0.225259
0.177139
0.048921
-0.124523
-0.203027
-0.131900
0.027400
0.145593
0.077686
0.006780
-0.035920
-0.015514
-0.048840
-0.168580
-0.116484
0.021780
0.174576
0.146736
-0.012965
-0.149561
-0.177597
-0.084585
-0.003757
0.027233
0.012702
0.055587
0.056415
-0.002264
-0.082494
-0.108832
-0.055416
0.008392
0.042220
0.044088
0.035109
-0.043791
-0.058447
-0.047912
0.012881
0.030585
0.005382
0.007914
-0.019464
-0.041589
-0.019143
0.042496
0.018240
0.038719
0.001423
-0.075556
-0.071950
0.013816
0.062465
0.101229
0.001522
-0.081681
-0.115441
-0.100888
0.067415
0.134468
0.095868
-0.097223
-0.187618
-0.096633
0.205079
0.347509
0.329480
0.082094
-0.308930
-0.388479
-0.213157
0.139014
0.259180
0.171371
0.010835
0.016244
-0.117047
-0.125749
0.095350
0.046559
0.093825
-0.064813
-0.013952
0.055670
0.008343
0.085192
-0.023627
-0.037755
-0.084565
0.035130
0.252354
0.187212
-0.110066
-0.321686
-0.295798
0.088716
0.286276
0.210324
0.010631
-0.157303
-0.082705
0.010995
0.148399
0.217236
0.111728
-0.122492
-0.300900
-0.315706
-0.135875
0.117448
0.255734
0.198370
0.151291
-0.059204
-0.275288
-0.339078
-0.087583
0.233307
0.225029
0.144449
0.031042
-0.085595
-0.322874
-0.461838
-0.092258
0.148534
0.161970
0.030138
-0.150029
-0.033690
0.002621
-0.028802
-0.108705
-0.174418
-0.190009
-0.084610
-0.030651
0.012820
0.025637
-0.124365
-0.146979
-0.256908
-0.137349
-0.064103
0.038520
0.195025
0.035799
0.017795
0.037905
-0.036697
-0.167462
-0.169456
-0.086622
-0.044995
-0.026550
0.030210
0.086747
0.142621
0.058843
-0.091468
-0.223059
-0.254015
-0.080177
0.089858
0.182692
0.158609
0.072093
-0.102224
-0.218151
-0.123891
0.052482
0.080664
0.003539
-0.059696
-0.043940
0.035529
0.019260
-0.034741
-0.074535
-0.113004
-0.032583
0.027541
0.071116
0.039793
-0.134209
-0.158513
-0.047702
0.084270
0.142857
0.078416
-0.025964
-0.008899
-0.044442
-0.000780
0.048254
-0.047030
-0.059289
-0.003227
0.091679
0.075659
-0.007934
0.007116
0.020626
0.048412
0.007208
-0.028046
0.050818
0.022084
0.049123
-0.006300
-0.016802
-0.068868
-0.034246
0.111658
0.101189
0.058928
-0.088265
-0.087927
-0.075962
-0.017911
0.023988
0.016090
-0.045953
-0.002993
-0.002420
0.065837
0.049909
0.009292
0.135449
-0.105301
-0.090769
-0.084272
0.045500
0.165261
0.078667
-0.022143
-0.119401
-0.164652
-0.164705
0.012084
0.208636
0.312385
0.100738
-0.097682
-0.147202
-0.113430
-0.066974
0.025347
0.135995
0.215303
0.064855
-0.056673
-0.134224
-0.007243
0.096647
0.079656
0.061294
-0.021742
-0.004507
-0.017108
0.111182
0.073788
-0.024763
-0.120718
-0.020953
0.191106
0.183142
0.022390
-0.237532
-0.231587
0.046048
0.248182
0.365574
0.101291
-0.281048
-0.401019
-0.149352
0.185633
0.425869
0.306941
-0.098137
-0.312069
-0.214175
0.141272
0.235612
0.206251
-0.033651
-0.108555
0.018417
0.175996
0.342269
0.217083
0.051973
-0.194767
-0.324144
-0.069441
0.151210
0.324763
0.264172
0.066931
-0.026616
-0.142408
-0.159134
-0.075495
0.165445
0.235916
0.175656
0.062072
0.084351
0.086334
-0.002723
0.234966
0.147592
0.042268
-0.081874
-0.153356
0.038236
0.041389
0.046375
-0.023773
0.090381
0.159440
-0.027851
-0.074668
0.115474
0.194096
0.136319
0.025323
-0.168921
-0.181870
-0.129782
-0.068225
0.002748
0.019960
0.087840
0.205655
0.032114
-0.165657
-0.223338
0.004343
0.119588
0.007681
-0.072985
-0.304020
-0.052447
0.176626
0.365364
0.348335
0.021346
-0.208270
-0.345181
-0.249757
-0.088274
0.128989
0.181240
0.100182
0.091217
-0.006584
-0.038507
-0.132099
-0.141163
-0.145443
-0.075445
0.111030
0.113612
0.068664
0.021560
0.048655
0.002867
0.035317
-0.003880
0.085005
0.010880
-0.203446
-0.227698
-0.030368
0.240783
0.309578
0.141906
-0.180577
-0.300458
0.002941
0.158133
0.182757
0.170882
-0.028135
0.096094
-0.080401
-0.065668
-0.005072
0.010612
0.069154
-0.009760
0.058313
-0.009043
-0.043736
-0.176433
-0.124816
-0.188446
-0.044238
0.124712
0.065278
-0.018048
-0.128915
-0.123938
-0.063192
-0.001775
-0.124823
-0.013931
-0.073326
0.016724
-0.031551
-0.001675
-0.099457
-0.166884
-0.084625
-0.124471
0.126194
0.031522
0.087729
-0.036355
0.163387
0.103769
-0.200237
-0.266100
-0.213602
0.013304
0.063986
0.064723
0.050228
0.038790
0.022026
0.013296
-0.094030
-0.018832
-0.032083
0.074567
-0.110203
0.004654
0.202425
0.132878
-0.005893
-0.081762
-0.169981
-0.148044
0.190289
0.137928
0.074254
-0.116204
0.105823
0.067873
-0.084143
-0.082426
-0.010995
0.038117
-0.116962
-0.110086
0.049980
0.278333
0.154298
-0.101646
-0.242150
-0.122188
0.050873
0.250659
0.016663
-0.241560
-0.098213
0.099304
0.132879
-0.200470
-0.322117
-0.143493
-0.076675
-0.009753
-0.024642
0.005223
-0.031376
-0.086039
-0.089120
-0.124142
0.001911
0.067468
0.052387
-0.037261
-0.111057
-0.228257
-0.326953
-0.260218
-0.011078
0.169871
0.078364
-0.138352
-0.260537
-0.245552
-0.193372
-0.109248
0.012986
0.105029
0.054856
-0.031403
-0.164653
-0.304516
-0.368832
-0.312069
-0.242789
-0.200256
-0.122834
-0.043245
-0.064980
-0.312861
-0.500897
-0.307646
-0.005834
0.181379
0.295410
0.203624
-0.093479
-0.397668
-0.381837
-0.284095
-0.248526
-0.158431
-0.031497
0.156284
0.188177
-0.003405
-0.238934
-0.249791
-0.093401
0.013144
0.031172
0.023697
0.157784
0.096857
-0.049744
-0.100683
-0.040954
0.092145
0.239187
0.257228
-0.063301
-0.085193
0.065571
0.165206
0.146108
0.098094
0.152177
0.202439
0.108614
0.013908
0.043786
0.184554
0.318554
0.302588
0.265657
0.044029
-0.005139
0.186778
0.321832
0.345855
0.282833
0.104159
0.079720
0.040605
0.056235
0.107638
0.093755
0.132801
0.152551
0.206281
0.130770
0.149329
0.105891
0.133767
0.234584
0.295746
0.353781
0.451749
0.352648
0.153835
-0.000017
-0.156384
-0.055586
0.029277
0.106441
0.154565
0.102542
0.056081
0.108659
0.203389
0.302272
0.323319
0.207823
0.163373
0.172777
0.124149
0.056907
-0.052579
-0.135663
-0.121197
0.069096
0.151611
0.024285
-0.189755
-0.294420
-0.046472
0.172709
0.146287
-0.051810
-0.197645
-0.057419
0.219362
0.302842
0.133593
-0.193804
-0.360603
-0.338689
-0.231569
-0.121948
-0.120025
-0.009160
0.085158
0.133834
-0.118150
-0.459741
-0.565687
-0.341581
0.113295
0.214320
-0.014124
-0.271382
-0.291063
-0.163371
0.101508
0.233779
0.117426
-0.077011
-0.217644
-0.176738
-0.258241
-0.381782
-0.353231
-0.107449
0.204254
0.227239
0.074936
-0.168166
-0.169406
-0.077103
-0.163790
-0.164792
0.011033
0.280426
0.310481
-0.000457
-0.355672
-0.227755
0.038858
0.235694
0.226761
0.048006
-0.007370
-0.067539
0.056341
0.125992
0.020610
-0.041883
0.083545
0.208353
0.168497
0.081569
0.090023
0.156408
0.124604
-0.052519
-0.142809
-0.042956
0.216625
0.368652
0.266044
0.055725
-0.218718
-0.218512
0.066560
0.413919
0.400431
0.227661
-0.011690
-0.130775
0.066693
0.215131
0.254296
0.015950
-0.138147
-0.026332
0.131230
0.234662
0.087845
-0.065317
-0.052900
0.026974
0.064106
0.071300
0.015229
-0.086955
-0.101453
-0.045779
0.042373
-0.032754
-0.020810
-0.058499
-0.149543
-0.064670
0.037515
0.039131
-0.108976
-0.279334
-0.343489
-0.219747
-0.122294
-0.109504
-0.096920
-0.102937
-0.038165
-0.077570
-0.121871
-0.095569
-0.104786
-0.080802
-0.100486
-0.115926
-0.157861
-0.192044
-0.243485
-0.159291
-0.132990
-0.137518
-0.132074
-0.203487
-0.154390
-0.095351
-0.029751
-0.142021
-0.278920
-0.246667
-0.102509
0.098940
0.140029
0.017915
-0.172329
-0.307470
-0.305331
-0.216522
-0.115230
-0.037436
-0.038081
-0.153391
-0.160313
-0.054183
-0.040118
-0.134518
-0.162968
-0.083228
0.124428
0.235596
0.107443
-0.035332
-0.126475
-0.021356
0.124693
0.089014
-0.049680
-0.102039
0.006052
0.071462
0.089746
0.070719
-0.001800
-0.014760
-0.023335
0.103686
0.198843
0.097588
0.010389
-0.167538
-0.170951
0.091571
0.146975
0.011676
-0.065117
-0.199678
-0.100062
0.062671
-0.014736
-0.008708
-0.109296
-0.153148
0.017053
0.156655
0.175202
0.079440
-0.140293
-0.195504
-0.177313
0.006837
0.133841
0.091438
-0.054640
-0.193990
0.055326
-0.017986
-0.110137
-0.059173
0.031758
0.133132
0.330685
0.386786
0.114433
-0.037914
-0.118468
0.052650
0.216583
0.135977
-0.066808
-0.132232
-0.049601
0.186148
0.235150
0.165984
0.100467
0.125155
0.288707
0.263155
0.193452
0.069878
0.138317
0.265094
0.443676
0.455152
0.067294
-0.184884
-0.211526
-0.089894
0.157303
0.216404
0.213200
0.268104
0.231344
0.112053
0.031929
0.010355
0.075390
0.164780
0.173610
0.271147
0.239664
0.188119
0.147777
0.079817
0.096713
0.050295
-0.095892
0.001307
0.353052
0.431928
0.235338
-0.151092
-0.262785
-0.035825
0.224214
0.282871
0.180208
0.042844
-0.101781
-0.116779
-0.133696
0.118699
0.301740
0.197109
-0.005840
-0.211558
-0.238279
-0.133335
0.129379
0.224735
0.103301
-0.087790
-0.175020
-0.038222
0.000388
0.022411
-0.161783
-0.163963
-0.031775
0.093419
0.104781
-0.228199
-0.342205
-0.191510
0.013973
-0.029557
-0.047840
-0.087703
-0.053804
-0.059560
-0.169418
-0.071592
-0.059575
-0.151255
-0.292786
-0.291259
-0.029076
0.170997
0.124231
-0.173974
-0.403204
-0.282285
-0.155710
0.022617
0.039886
-0.194357
-0.209825
-0.238882
-0.224119
-0.096074
-0.170188
-0.121706
-0.135954
-0.211338
-0.204097
-0.259485
-0.141657
-0.057861
-0.047199
-0.192583
-0.329643
-0.290276
-0.132387
0.031128
0.090121
-0.032341
-0.073795
0.055600
0.132719
0.083046
-0.193939
-0.405384
-0.587828
-0.430320
-0.025975
0.217194
0.277663
0.138348
-0.142994
-0.391633
-0.504375
-0.355988
-0.020692
0.126816
0.179719
-0.019078
-0.140041
-0.167944
-0.259979
-0.143387
0.014547
0.045029
0.043729
0.033311
0.018934
-0.004862
-0.047423
0.024429
-0.049566
-0.171343
-0.167799
0.026081
0.239025
0.225704
0.043831
-0.147749
-0.182768
-0.024487
0.241506
0.268125
0.328128
0.314302
0.219708
0.147887
-0.057912
-0.142062
-0.169432
-0.097210
0.045548
0.175422
0.308546
0.305105
0.114253
-0.093063
-0.122273
-0.010218
0.006514
0.104366
0.169643
0.213826
0.325336
0.275781
0.190624
0.137741
0.048602
0.001315
0.111525
0.221835
0.115258
-0.025513
0.010071
0.131852
0.249233
0.126675
-0.016303
0.004780
0.101726
0.274009
0.315865
0.212075
0.047750
0.096431
0.265202
0.284386
0.200952
0.099133
0.175169
0.230255
0.281250
0.184490
-0.047543
-0.163262
-0.118091
0.119341
0.247828
0.256044
0.206470
0.123889
-0.066209
-0.042971
0.157052
0.214563
0.383214
0.465917
0.399782
0.083330
-0.177699
-0.171371
-0.051493
0.006810
-0.031195
0.085307
0.264030
0.298750
0.002665
-0.176759
-0.220076
0.075708
0.271615
0.199089
-0.008421
-0.283100
-0.150852
0.019729
0.034604
-0.011149
0.093983
0.059204
-0.148196
-0.373586
-0.399854
-0.176970
-0.023168
0.048013
0.053137
-0.102685
-0.189547
-0.260995
-0.226534
-0.055994
0.013449
0.087669
0.006040
-0.093528
-0.169614
-0.187225
-0.178037
-0.113642
-0.142031
-0.195115
-0.056046
-0.127582
-0.140081
-0.236452
-0.200763
-0.013445
-0.037905
0.032353
-0.037851
-0.126455
-0.080807
-0.057456
-0.117124
-0.114767
0.050158
0.028788
-0.144743
-0.440132
-0.324474
0.082223
0.229156
0.223562
-0.144666
-0.320103
-0.261629
-0.033914
0.145353
0.036429
-0.067470
-0.085239
-0.047186
-0.064363
0.005914
0.015062
-0.002631
0.039660
-0.108450
-0.019957
0.115795
0.090500
-0.036124
-0.326123
-0.394319
-0.272356
0.036188
0.329088
0.326701
0.045787
-0.224148
-0.291680
-0.187765
0.052242
0.222924
0.098541
-0.097411
-0.125751
-0.003822
0.175551
0.270751
0.231184
0.221228
0.248770
0.162331
-0.069815
-0.293783
-0.365813
-0.195751
0.027159
0.122743
0.197518
0.205787
0.163697
-0.042320
-0.140165
-0.238782
-0.004967
0.217275
-0.027581
-0.017886
-0.008099
-0.029124
-0.149374
-0.076115
0.063065
0.001048
-0.151359
-0.309569
-0.254034
-0.079869
0.095830
0.193009
0.198079
-0.071977
-0.305797
-0.298285
-0.052503
0.176869
0.108594
-0.092157
-0.121799
-0.030367
-0.006879
-0.138309
-0.210977
-0.117209
0.076908
0.290387
0.301296
0.158454
-0.135555
-0.307855
-0.293217
-0.273817
-0.229922
-0.227585
-0.030026
0.242292
0.317934
0.080382
-0.420672
-0.571577
-0.333971
0.074770
0.201932
0.091839
-0.069495
-0.105723
0.042789
0.059058
0.025418
-0.043357
-0.137542
-0.197226
-0.218994
-0.051549
0.217357
0.366919
0.151783
-0.270037
-0.408758
-0.194135
0.208368
0.401188
0.240422
-0.103846
-0.095426
0.013485
0.259107
0.498279
0.395471
0.160266
-0.277536
-0.519784
-0.326297
0.034715
0.301665
0.312476
0.224707
0.103350
0.103654
0.064258
-0.162824
-0.187762
0.031018
0.443016
0.523723
0.308816
-0.073033
-0.209750
-0.138250
0.016366
0.188864
0.273709
0.265903
0.016777
-0.100451
-0.096139
0.194946
0.352109
0.282370
0.103985
-0.051281
0.043070
0.155170
0.214381
0.105087
0.003479
-0.023297
-0.043818
-0.033597
-0.010315
0.076119
0.118189
0.220255
0.102167
-0.053159
-0.048255
-0.022888
0.190760
0.256837
0.320590
0.245886
0.005785
-0.117397
-0.196441
-0.243586
-0.191481
-0.052482
0.002411
0.136033
0.088296
-0.004339
-0.014635
-0.199205
-0.229560
-0.318439
-0.082315
0.168536
0.236999
0.123263
-0.175412
-0.240052
-0.192723
0.068155
-0.051217
-0.248463
-0.213114
-0.095836
0.030800
-0.050565
-0.159987
-0.132121
-0.152791
-0.074764
0.102738
0.115378
0.013067
-0.212156
-0.287362
-0.059931
0.073352
0.178339
0.192157
-0.019520
-0.177989
-0.379254
-0.437359
-0.138817
0.143258
0.307928
0.221862
-0.085035
-0.243778
-0.400518
-0.333889
-0.113096
0.093475
0.265418
0.240046
0.066463
-0.135845
-0.151938
-0.104085
0.028437
0.083555
0.112788
0.170159
0.143805
0.072043
-0.135455
-0.049228
-0.051054
0.069430
0.203826
0.144925
0.054479
-0.143495
-0.080467
0.102555
0.271045
0.189010
0.058045
-0.081920
-0.132534
-0.071635
0.010092
0.020222
0.048582
0.028529
0.024898
0.086768
-0.025141
0.026449
-0.063751
-0.126055
-0.032636
0.020696
0.058021
-0.014352
-0.046014
-0.073189
-0.031920
-0.025684
-0.123037
-0.229796
-0.296218
-0.313381
-0.269403
0.115895
0.375011
0.382415
0.026563
-0.426874
-0.423166
-0.198589
0.218672
0.306922
0.143407
-0.086742
-0.240685
-0.262170
-0.329347
-0.182921
0.052756
0.208909
0.097785
-0.101236
-0.206071
-0.126507
0.030125
-0.001881
-0.031386
-0.155342
-0.037504
0.201876
0.158642
0.069402
-0.013241
-0.007288
0.131689
0.153476
0.036991
-0.117965
-0.167095
-0.035025
0.048888
0.005819
-0.062069
-0.008876
0.152495
0.341619
0.254697
-0.002203
-0.161977
-0.116071
0.271519
0.605815
0.470490
0.023730
-0.252651
-0.139038
0.137717
0.340831
0.253944
0.120502
-0.038450
-0.111175
0.006072
0.098103
0.190625
0.209365
0.195285
0.062674
-0.027891
-0.171664
-0.000953
0.239666
0.197613
0.013263
-0.254077
-0.256153
-0.067111
0.082926
-0.031649
-0.083215
-0.323128
-0.301589
-0.190000
0.089362
0.275334
0.036928
-0.001038
-0.297357
-0.335943
-0.264257
-0.066327
0.021902
-0.116501
-0.238716
-0.339388
-0.125105
0.071546
0.157577
-0.018463
-0.315738
-0.340962
-0.255175
0.003689
0.049766
0.123129
0.102738
-0.200301
-0.260238
-0.259220
0.061141
0.120730
-0.034476
-0.165287
-0.144043
-0.014940
0.182932
0.307988
0.113278
-0.188210
-0.364985
0.000754
0.411076
0.514649
0.314676
0.108133
0.003881
0.032065
0.034880
0.090674
0.211791
0.228101
0.276211
0.154334
0.006625
-0.017954
0.080183
0.285259
0.336796
0.196270
-0.044117
-0.121496
0.023845
0.246072
0.379743
0.148960
-0.118506
-0.211933
-0.079869
0.226172
0.415357
0.278259
0.173794
0.126399
0.106113
0.073506
-0.092445
-0.044203
0.086595
0.352495
0.494795
0.240989
-0.059926
-0.275438
-0.192050
0.263290
0.535489
0.419050
-0.009085
-0.474919
-0.359257
0.117800
0.440577
0.470637
0.297673
-0.028924
-0.224083
-0.245408
-0.113263
0.143705
0.109167
0.191975
0.136178
0.036628
-0.099997
-0.245190
-0.115878
0.066302
0.316615
0.247618
0.032870
-0.105689
-0.119242
0.021722
0.080967
-0.006237
-0.190711
-0.180416
-0.015421
0.047575
0.180805
-0.028237
-0.349412
-0.281326
-0.115263
0.121092
0.098064
-0.216136
-0.360043
-0.355610
-0.054953
0.286106
0.361853
0.070911
-0.086727
-0.004132
-0.005482
0.014038
-0.103184
-0.117031
-0.302234
-0.237793
-0.030095
-0.140457
-0.130835
-0.099506
0.031611
0.057177
-0.341698
-0.605500
-0.339348
0.027746
0.398556
0.403807
0.027200
-0.416649
-0.602200
-0.293264
0.046414
0.227538
0.202751
-0.051941
-0.262813
-0.389809
-0.358165
-0.037068
0.135239
0.257504
0.128035
-0.216089
-0.317190
-0.243510
0.037731
0.285954
0.360961
0.194396
-0.223268
-0.267870
-0.000357
0.255926
0.213034
0.073678
0.102240
0.080330
0.044222
-0.154591
-0.167002
-0.048541
0.044683
0.045948
0.185091
0.133574
0.017591
0.075739
0.082548
0.176791
-0.042807
-0.045247
0.094705
0.219439
0.229977
0.103022
-0.040246
-0.060660
0.141018
0.229967
0.235637
0.085486
-0.051261
-0.100518
-0.030851
0.100959
0.175610
0.130891
0.037863
-0.097531
-0.014640
0.067619
0.139577
0.073595
-0.116826
-0.093484
-0.035943
0.125715
0.195435
0.167385
-0.067767
-0.314926
-0.393634
-0.311327
-0.080666
0.161476
0.314601
0.296184
0.066882
-0.217782
-0.259129
-0.092368
0.193191
0.329430
0.159746
-0.070189
-0.120206
-0.008212
-0.002989
-0.162042
-0.380574
-0.358467
-0.151324
0.096138
0.154005
-0.003115
-0.229613
-0.371941
-0.297764
-0.065002
0.100953
0.118218
0.063924
-0.119075
-0.159167
-0.020737
0.096502
-0.066461
-0.355461
-0.466169
-0.232522
0.032856
0.231033
0.295864
0.116031
-0.167719
-0.429617
-0.461777
-0.158897
0.108584
0.244358
0.243720
0.076199
-0.024390
-0.184417
-0.195936
-0.190768
-0.195352
-0.076739
0.008671
-0.006953
-0.047560
-0.035691
0.099183
0.185707
0.034522
-0.204639
-0.381114
-0.241310
0.086256
0.174388
0.033218
-0.149009
-0.207124
-0.174618
-0.199132
-0.239826
-0.247055
-0.139958
0.008241
-0.010792
-0.012972
-0.116407
-0.207431
-0.163777
-0.222224
-0.225747
-0.093600
0.123931
0.184382
-0.096566
-0.456249
-0.589702
-0.520373
-0.231208
0.040883
0.143141
0.059143
-0.218245
-0.484061
-0.493413
-0.275172
0.026299
0.264073
0.291462
0.120959
-0.154663
-0.330771
-0.270296
-0.038853
0.161634
0.197668
0.041202
-0.087370
-0.120050
0.016841
0.183925
0.171638
0.111828
0.083172
0.099751
0.068569
0.008331
-0.036028
0.143582
0.265722
0.284216
0.290300
0.145516
0.005077
-0.181918
-0.162431
0.126181
0.400170
0.468984
0.370195
0.221533
0.028546
-0.059122
-0.043713
0.126003
0.389238
0.515682
0.384862
0.107718
-0.153467
-0.159938
0.093028
0.215990
0.329603
0.214935
0.052224
-0.028432
-0.042209
0.079633
0.185452
0.274614
0.284666
0.128969
-0.186061
-0.282604
-0.184678
0.048108
0.205341
0.299853
0.237998
0.019865
-0.207146
-0.259698
-0.153085
-0.013064
0.127102
0.037174
0.039122
0.111291
0.049555
-0.121201
-0.349631
-0.233868
0.116560
0.218248
0.219102
0.032879
-0.126924
-0.278393
-0.238984
-0.087633
0.033225
-0.030937
-0.097005
-0.174856
-0.192381
-0.004062
-0.054423
0.171580
0.077649
0.048247
0.171063
0.213980
0.051484
-0.156433
-0.104450
-0.066041
0.056721
0.130042
0.081553
-0.105562
-0.151691
-0.068793
-0.022095
-0.008876
0.096004
0.240264
0.340160
0.201943
-0.036320
-0.137674
0.023831
0.312647
0.374812
0.229320
0.068405
0.000597
0.041529
0.050279
0.013832
0.012805
0.087679
0.182318
0.166763
0.068896
0.017605
0.134480
0.306121
0.268110
0.181136
0.202892
0.214109
0.203596
0.156349
0.141685
0.195014
0.172499
0.087206
0.000910
-0.025040
0.185105
0.472260
0.580589
0.271447
-0.040059
-0.217488
-0.141437
0.110895
0.375066
0.491651
0.283679
0.039202
-0.084070
-0.100504
0.028443
0.130878
0.073599
0.171247
0.064442
0.176532
0.270399
0.389485
0.439630
0.219504
-0.005931
-0.250690
-0.205331
-0.230884
-0.109005
0.052892
0.158862
0.114443
-0.154685
-0.328835
-0.297872
-0.102449
0.095113
0.211589
0.181202
-0.038842
-0.364234
-0.344114
-0.039231
0.192027
0.387791
0.261041
-0.019658
-0.309710
-0.445443
-0.198581
-0.027968
0.042295
0.034784
-0.105982
-0.210105
-0.284706
-0.247842
-0.086340
-0.041394
-0.127795
-0.204696
-0.224054
-0.268960
-0.149078
-0.293687
-0.338580
-0.202696
-0.254760
-0.133961
-0.075347
-0.070942
-0.230895
-0.369272
-0.359192
-0.186513
-0.084820
-0.096901
-0.031446
0.045075
0.017204
-0.306878
-0.486373
-0.443322
-0.074074
0.326676
0.206761
-0.028556
-0.132572
-0.048669
-0.090619
0.038082
0.224973
0.168936
-0.065108
-0.388235
-0.288266
-0.165873
0.006059
0.145430
0.115743
-0.008472
-0.160429
-0.186011
-0.084019
0.078195
0.199673
0.292943
0.174516
-0.006126
-0.154663
-0.212881
-0.074096
0.082038
0.201055
0.252010
0.092598
-0.113130
-0.253976
-0.306774
-0.126645
0.181736
0.208674
-0.045033
-0.206532
-0.163579
0.018040
0.063271
-0.044862
-0.085070
-0.069431
-0.012255
0.059679
0.100625
-0.027301
-0.230972
-0.275667
-0.058619
0.123716
0.189968
0.017971
-0.126666
-0.185115
-0.106533
0.068832
0.015331
0.054025
-0.113705
-0.051718
0.126413
0.212538
0.096163
-0.149389
-0.210692
-0.099712
0.123862
0.134320
0.057768
-0.010843
-0.030743
-0.087498
-0.114338
-0.027483
0.088232
0.155541
0.060341
-0.050350
-0.050106
0.004508
0.053514
0.089738
0.029941
-0.037889
-0.012134
0.033914
0.149853
0.149010
0.111821
-0.101747
-0.212827
-0.053394
0.106637
0.103163
0.229451
0.174460
-0.068341
-0.127005
0.041890
0.269249
0.049678
-0.176035
-0.402678
-0.414933
-0.329456
-0.225250
-0.029201
0.129973
0.140539
-0.021988
-0.133546
-0.163931
-0.118482
-0.022575
0.028069
0.073964
0.096955
0.046610
-0.008309
-0.057349
0.001794
-0.027145
-0.043747
-0.074089
-0.033837
0.101120
0.084160
-0.099734
-0.301891
-0.324799
-0.161569
0.110446
0.368593
0.400737
0.116723
-0.326160
-0.590553
-0.339685
0.135152
0.422892
0.307071
0.014557
-0.174958
-0.113438
-0.024738
0.022871
0.070431
0.072245
0.199361
0.213940
0.114758
-0.044328
-0.196929
-0.199577
-0.025859
0.141058
0.199134
0.173730
0.055405
-0.142250
-0.248357
-0.122116
0.102265
0.242146
0.233614
0.133692
-0.082453
-0.122445
-0.045959
0.158756
0.344269
0.197106
0.000138
-0.216508
-0.026091
0.252569
0.293507
0.009162
-0.408519
-0.349707
0.096883
0.500755
0.357266
0.004178
-0.296751
-0.304449
-0.154403
-0.084654
0.112329
0.327955
0.330881
0.033259
-0.247764
-0.343552
-0.107486
0.216033
0.283408
0.159236
-0.024895
0.008382
0.114204
0.079484
-0.122544
-0.185295
-0.029349
0.169474
0.205012
-0.006402
-0.199629
-0.290242
-0.083808
0.187330
0.246752
0.208782
0.073069
-0.122491
-0.321830
-0.211211
0.098047
0.362771
0.248483
-0.113735
-0.189576
-0.113085
0.023564
0.019428
-0.125676
-0.102879
0.081925
0.236577
0.132762
-0.111382
-0.167386
-0.103799
0.018486
0.060252
0.047909
0.062208
0.006689
-0.032786
0.062506
0.142247
0.102896
-0.144995
-0.357908
-0.083482
0.418774
0.477695
0.213866
-0.077220
-0.234079
-0.215515
-0.028097
0.119439
0.200331
0.243722
0.172614
0.089083
-0.159114
-0.174285
-0.117322
0.147233
0.182771
0.113129
0.158091
0.012601
-0.022924
-0.168484
-0.217197
0.002624
0.251865
0.233168
0.127020
-0.012988
-0.067017
-0.099045
-0.257786
-0.167060
0.141411
0.435027
0.430614
-0.043694
-0.436507
-0.443003
-0.118476
0.238768
0.263564
0.108227
-0.125114
-0.199632
-0.115965
-0.004033
0.031683
-0.109498
-0.298682
-0.323947
0.028076
0.361450
0.294247
-0.063020
-0.418203
-0.399592
-0.100538
0.110761
0.069890
-0.053832
-0.170956
-0.064571
0.089131
-0.025613
-0.133971
-0.269648
-0.241042
-0.057406
0.081302
0.102185
-0.037041
-0.225541
-0.232831
-0.132819
-0.132960
-0.186564
-0.288429
-0.244520
-0.073920
0.008222
0.017331
-0.169442
-0.318821
-0.256686
-0.016980
0.082757
-0.012174
-0.063958
-0.090047
0.040095
0.048873
0.028875
-0.040485
-0.048935
-0.000164
0.089014
0.158432
0.113762
0.018726
-0.120618
-0.251265
-0.157139
0.111541
0.349020
0.307508
0.206229
0.088558
-0.172131
-0.033152
0.056240
0.140956
0.324670
0.510904
0.472329
0.145688
-0.176026
-0.306924
-0.205674
-0.030795
0.174063
0.302918
0.313773
0.194534
-0.055901
-0.165568
-0.273735
-0.084793
0.131100
0.180906
0.245898
0.037559
-0.003024
-0.129182
-0.211415
-0.077074
0.125628
0.240626
0.098880
-0.059046
-0.096955
0.019957
0.148930
0.204058
0.129622
-0.009805
-0.076540
-0.016888
0.174508
0.242353
0.237603
0.134584
-0.007884
-0.066689
0.067821
0.134291
0.145903
0.117508
0.026779
0.145162
0.103801
0.053246
-0.063064
-0.105640
0.075079
0.221996
0.281216
0.189018
0.068534
0.032618
0.105872
0.082183
-0.044013
-0.140563
-0.091807
0.198603
0.349549
0.298729
-0.008818
-0.244222
-0.191977
-0.045517
0.109915
0.026134
0.023364
0.119269
0.226229
0.237727
-0.029287
-0.310707
-0.363373
-0.154900
0.148050
0.340549
0.250317
-0.142043
-0.378799
-0.385028
-0.145777
0.058687
0.088419
0.074220
-0.113196
-0.156847
-0.146485
-0.074505
-0.045860
-0.149277
-0.186326
-0.169657
-0.007721
0.198331
0.217623
0.071372
-0.096291
-0.147212
-0.167908
-0.157174
-0.007789
0.193609
0.278180
0.457565
0.413134
0.212486
-0.165020
-0.501697
-0.360909
-0.117076
0.152789
0.139932
0.010391
-0.076297
-0.075825
-0.069747
0.106736
0.280872
0.242388
-0.007773
-0.251321
-0.020760
0.280267
0.425706
0.295316
-0.059478
-0.042226
-0.053483
0.023194
0.050449
0.019515
0.086300
-0.089889
-0.164879
-0.228224
-0.109459
0.052321
0.133192
-0.027349
-0.181200
-0.242721
0.043380
0.339293
0.241801
-0.118903
-0.421081
-0.290930
0.083573
0.376040
0.252007
-0.116495
-0.298810
-0.162588
-0.025739
0.296215
-0.126295
-0.203364
-0.075484
-0.002956
0.224123
0.208723
0.399619
0.127645
-0.089320
-0.133386
-0.157034
-0.322015
-0.345868
-0.115013
0.213352
0.168476
-0.225575
-0.477619
-0.277483
0.226324
0.365377
-0.076037
-0.536811
-0.585862
-0.175655
0.247081
0.167848
0.035450
-0.037666
-0.136331
-0.323442
-0.330149
-0.120731
0.149896
0.201038
-0.011261
-0.110728
-0.000960
0.183530
0.060183
-0.279000
-0.510858
-0.269560
0.240328
0.448221
0.210476
-0.138017
-0.210281
-0.065438
0.028749
-0.110613
-0.218619
-0.256387
0.015155
0.355884
0.446192
0.234868
-0.100016
-0.266126
-0.114274
0.109091
0.219771
0.192112
-0.131529
-0.182563
-0.125079
0.134062
0.321065
0.259452
0.120107
-0.098654
-0.210466
-0.165247
-0.017092
0.101490
0.259402
0.248255
0.098294
