0.006715
0.007949
0.009253
0.009813
0.010061
0.009479
0.009499
0.010001
0.010518
0.010931
0.011339
0.012204
0.012402
0.012113
0.012380
0.013584
0.014132
0.014630
0.015659
0.015278
0.014783
0.015199
0.015435
0.015117
0.014864
0.015545
0.017323
0.018592
0.018509
0.018201
0.018425
0.019427
0.020783
0.021315
0.021975
0.022215
0.021823
0.023216
0.024556
0.025559
0.025309
0.024721
0.024897
0.025235
0.025859
0.026704
0.027619
0.028808
0.029859
0.029745
0.029613
0.029488
0.029733
0.030020
0.030960
0.031658
0.031138
0.030410
0.030796
0.031985
0.032422
0.032003
0.031494
0.031681
0.032375
0.033178
0.033574
0.033559
0.033852
0.033405
0.033164
0.034048
0.034614
0.034414
0.034149
0.034245
0.034507
0.034663
0.034220
0.034030
0.033066
0.032093
0.031502
0.031607
0.031973
0.031411
0.031003
0.031044
0.031667
0.031375
0.030756
0.031076
0.031961
0.032089
0.031636
0.031630
0.031843
0.032402
0.032135
0.030945
0.030040
0.030773
0.032113
0.032936
0.031992
0.030291
0.029658
0.029989
0.031009
0.031675
0.031394
0.029890
0.029343
0.029465
0.030172
0.030105
0.028997
0.028429
0.027776
0.027955
0.028236
0.028699
0.028525
0.028178
0.028595
0.028741
0.028612
0.027506
0.026372
0.025146
0.024328
0.023793
0.022952
0.022445
0.022440
0.022788
0.022538
0.021941
0.021859
0.021421
0.020418
0.019514
0.018899
0.018766
0.018418
0.017798
0.016722
0.016259
0.015787
0.014868
0.013732
0.012945
0.013148
0.013185
0.012743
0.012073
0.011792
0.011800
0.010836
0.009703
0.009568
0.010353
0.011062
0.010220
0.008340
0.006765
0.006041
0.005871
0.006073
0.005482
0.005010
0.004549
0.004573
0.004883
0.005122
0.005022
0.004340
0.003269
0.002006
0.001281
0.000092
-0.000100
-0.000489
-0.000610
-0.000481
-0.000810
-0.000411
-0.000422
-0.000678
-0.002142
-0.003331
-0.003452
-0.004005
-0.003829
-0.004074
-0.004637
-0.005593
-0.006332
-0.006751
-0.007252
-0.008122
-0.008692
-0.008836
-0.009973
-0.011335
-0.012746
-0.013399
-0.013842
-0.014051
-0.014321
-0.014642
-0.015696
-0.016708
-0.017080
-0.017194
-0.017064
-0.017459
-0.017918
-0.018685
-0.019172
-0.019384
-0.019276
-0.019422
-0.020695
-0.021534
-0.021855
-0.022152
-0.022508
-0.023534
-0.024301
-0.024358
-0.023591
-0.022590
-0.022785
-0.024269
-0.025599
-0.025816
-0.026114
-0.025632
-0.025437
-0.026500
-0.027578
-0.028876
-0.030015
-0.030994
-0.031856
-0.032301
-0.032080
-0.032153
-0.031854
-0.032075
-0.033187
-0.033973
-0.034003
-0.033058
-0.032914
-0.033109
-0.033838
-0.034651
-0.034862
-0.035287
-0.035021
-0.035123
-0.035919
-0.036952
-0.037730
-0.038040
-0.038328
-0.038167
-0.038576
-0.039550
-0.040440
-0.040437
-0.040402
-0.040866
-0.041718
-0.042740
-0.042280
-0.041349
-0.040805
-0.041492
-0.043472
-0.044291
-0.043646
-0.042166
-0.041001
-0.041940
-0.043243
-0.043837
-0.043195
-0.041328
-0.040507
-0.041523
-0.042948
-0.043140
-0.042042
-0.040108
-0.039303
-0.040024
-0.039940
-0.039570
-0.039531
-0.038955
-0.038209
-0.037451
-0.037414
-0.037544
-0.037077
-0.036260
-0.034983
-0.034409
-0.034612
-0.034791
-0.034421
-0.033370
-0.032861
-0.033225
-0.033356
-0.032593
-0.031178
-0.030312
-0.029865
-0.029670
-0.029322
-0.028532
-0.027007
-0.026096
-0.027302
-0.027088
-0.027480
-0.027775
-0.026998
-0.024636
-0.023099
-0.023176
-0.023376
-0.023851
-0.022831
-0.022088
-0.020966
-0.019770
-0.017327
-0.016798
-0.017019
-0.018033
-0.016583
-0.015525
-0.013524
-0.013670
-0.012236
-0.012518
-0.011885
-0.012563
-0.017642
-0.012702
-0.012191
-0.011307
-0.008135
-0.003242
-0.000995
0.000127
-0.009059
0.000782
-0.009674
-0.014697
-0.003577
-0.016153
0.009427
0.002242
-0.005276
0.000593
0.001271
0.011205
-0.001664
-0.002499
0.000192
0.007774
0.008219
-0.001805
0.001791
0.006109
0.014481
0.009535
0.003053
0.007265
0.007896
0.012710
0.008416
0.005476
0.009371
0.012211
0.014878
0.011567
0.008122
0.011402
0.016177
0.018032
0.015156
0.012212
0.013364
0.016246
0.020610
0.018774
0.016627
0.016635
0.019652
0.023639
0.022172
0.021100
0.019922
0.021255
0.024265
0.024216
0.023382
0.023697
0.024725
0.026276
0.029472
0.028398
0.026276
0.027704
0.026423
0.030033
0.031122
0.027558
0.030866
0.029334
0.030399
0.032661
0.028897
0.031719
0.031235
0.032940
0.037096
0.032872
0.034007
0.032875
0.033086
0.036920
0.034600
0.035480
0.035404
0.035677
0.038442
0.037991
0.037182
0.036915
0.035861
0.038395
0.039307
0.038637
0.037496
0.036821
0.037720
0.039759
0.040038
0.038631
0.039263
0.037933
0.039045
0.038810
0.038478
0.039110
0.038666
0.039375
0.039095
0.037237
0.037332
0.036760
0.035734
0.037357
0.037208
0.037360
0.038220
0.036842
0.038266
0.038150
0.037351
0.038247
0.037335
0.039861
0.039382
0.039580
0.040267
0.039395
0.040286
0.039616
0.039751
0.039485
0.039427
0.038716
0.037891
0.037958
0.037520
0.036577
0.035815
0.036464
0.037284
0.037404
0.036725
0.035716
0.035871
0.035804
0.035411
0.034301
0.033084
0.033003
0.032267
0.032807
0.032380
0.032245
0.031590
0.029700
0.029275
0.028733
0.029299
0.028697
0.027275
0.025552
0.024604
0.025378
0.025042
0.024208
0.022307
0.020543
0.020136
0.019350
0.018566
0.017761
0.017713
0.018134
0.017864
0.016941
0.016426
0.015908
0.015835
0.015775
0.015027
0.014274
0.012861
0.012555
0.012173
0.011493
0.011000
0.010615
0.010708
0.010979
0.010476
0.008678
0.006615
0.005141
0.005010
0.005301
0.005716
0.006085
0.005360
0.004538
0.004499
0.003467
0.002677
0.001476
0.000782
0.001184
0.000274
-0.000253
-0.001225
-0.000945
-0.000085
-0.000590
-0.001120
-0.003056
-0.004089
-0.004527
-0.004816
-0.004059
-0.004425
-0.005652
-0.007817
-0.009288
-0.008883
-0.007977
-0.007843
-0.008572
-0.010154
-0.011260
-0.011372
-0.010919
-0.011101
-0.012032
-0.013065
-0.014297
-0.014988
-0.016954
-0.017540
-0.018556
-0.019975
-0.020299
-0.020393
-0.020283
-0.021093
-0.022368
-0.024308
-0.024908
-0.025463
-0.024283
-0.023572
-0.025016
-0.026635
-0.027329
-0.026285
-0.026288
-0.027857
-0.029856
-0.030281
-0.029978
-0.029284
-0.029258
-0.031232
-0.032144
-0.032112
-0.031758
-0.031575
-0.032156
-0.033037
-0.033011
-0.033242
-0.034611
-0.036178
-0.037682
-0.037643
-0.037843
-0.036687
-0.035755
-0.035776
-0.036535
-0.037823
-0.038474
-0.038792
-0.038507
-0.038870
-0.039002
-0.039476
-0.040028
-0.040654
-0.041429
-0.042340
-0.042242
-0.042976
-0.043627
-0.043923
-0.045059
-0.044692
-0.044054
-0.042868
-0.043246
-0.044730
-0.045489
-0.044992
-0.044487
-0.044268
-0.044405
-0.045767
-0.044470
-0.044199
-0.044676
-0.044821
-0.045767
-0.046257
-0.046501
-0.045149
-0.043725
-0.042801
-0.042840
-0.042485
-0.043890
-0.045057
-0.045878
-0.045006
-0.042889
-0.042948
-0.042859
-0.043564
-0.041375
-0.040309
-0.040350
-0.040040
-0.039503
-0.038429
-0.039348
-0.039810
-0.040290
-0.039853
-0.038944
-0.038744
-0.038698
-0.038611
-0.037261
-0.035709
-0.035161
-0.035204
-0.036077
-0.036289
-0.034980
-0.033032
-0.031990
-0.032630
-0.032486
-0.031438
-0.029819
-0.028049
-0.028700
-0.030955
-0.031615
-0.030258
-0.028604
-0.028995
-0.029758
-0.028736
-0.027487
-0.026909
-0.027452
-0.026505
-0.024994
-0.024803
-0.025175
-0.024678
-0.022647
-0.020566
-0.020282
-0.021874
-0.022275
-0.019647
-0.016601
-0.016321
-0.017741
-0.017639
-0.014893
-0.013349
-0.014088
-0.015251
-0.014887
-0.013907
-0.011563
-0.008281
-0.006000
-0.005482
-0.005817
-0.006004
-0.006042
-0.005822
-0.005125
-0.002321
-0.000523
0.000530
-0.000003
0.000548
0.002374
0.003118
0.003772
0.003749
0.004501
0.006516
0.007841
0.007888
0.008066
0.008422
0.009348
0.010699
0.012188
0.012795
0.013038
0.013379
0.014732
0.015535
0.015551
0.015370
0.016510
0.018428
0.019644
0.020219
0.019243
0.019442
0.021280
0.023629
0.022299
0.021227
0.023059
0.024204
0.024818
0.025152
0.025079
0.024280
0.025299
0.029839
0.031700
0.027647
0.026311
0.029010
0.030677
0.030842
0.030937
0.032254
0.031673
0.031710
0.035436
0.037245
0.035239
0.033521
0.034673
0.037329
0.036916
0.035791
0.036821
0.035413
0.035695
0.040343
0.044065
0.039551
0.037645
0.042251
0.042873
0.041612
0.042280
0.044466
0.042763
0.041904
0.042581
0.043386
0.044727
0.043924
0.043416
0.042854
0.042789
0.042900
0.045025
0.047295
0.045090
0.042878
0.046507
0.049432
0.046032
0.042704
0.044241
0.046988
0.045620
0.044713
0.044009
0.043700
0.044136
0.043850
0.043774
0.042983
0.043296
0.044606
0.044167
0.043064
0.041564
0.041662
0.044059
0.045832
0.045084
0.042621
0.041945
0.043119
0.044268
0.043929
0.041447
0.040140
0.041208
0.039524
0.040910
0.037606
0.038700
0.038146
0.039765
0.039783
0.040607
0.041532
0.041371
0.037357
0.033386
0.031395
0.028215
0.028860
0.025407
0.031922
0.022172
0.034218
0.016479
0.054902
0.017559
0.033124
0.041503
-0.018646
0.018260
-0.003045
0.025353
0.022584
0.095058
0.040449
0.023787
0.053714
0.022733
-0.010190
-0.008039
0.090482
0.064390
-0.001362
-0.039386
0.033807
0.057647
-0.006216
0.045888
0.043552
0.043031
-0.005677
0.014942
0.005420
-0.023312
0.129595
0.011133
-0.080396
-0.113651
0.073339
0.057123
0.068411
-0.101636
-0.011452
-0.086448
0.099323
0.244289
-0.245908
0.040757
-0.002535
0.079151
-0.327332
0.009197
0.391898
0.377881
0.031304
-0.648207
-0.240637
0.116473
0.255483
-0.144859
-0.041329
0.258804
0.061034
-0.271163
-0.287027
0.081661
0.297977
0.154226
-0.181269
-0.259654
-0.002737
0.345312
0.198849
-0.101263
-0.294566
0.095466
0.273846
0.306817
-0.144090
-0.451546
-0.128006
-0.023761
0.284655
-0.125924
-0.322455
-0.093988
0.460311
0.367716
-0.236410
-0.455126
-0.089279
0.459597
0.185788
-0.278555
-0.328000
0.172114
0.426377
0.024349
-0.509456
-0.475053
-0.019374
0.488159
0.576439
0.113943
-0.484362
-0.687468
-0.375407
0.191454
0.552887
0.245787
-0.302291
-0.554612
-0.116060
0.349834
0.114583
-0.255172
-0.251611
0.258410
0.510569
0.200456
-0.354659
-0.538178
-0.230664
0.175730
0.420906
0.290659
0.033611
-0.411365
-0.580363
-0.343636
0.195766
0.472418
0.222016
-0.244100
-0.450764
-0.077681
0.309957
0.341247
-0.193763
-0.528003
-0.132412
0.470479
0.507856
0.020115
-0.607701
-0.498645
0.112980
0.326184
-0.143546
-0.609927
-0.209433
0.165418
0.341941
0.077497
-0.228332
-0.327516
-0.255682
-0.029900
0.063302
0.243208
0.139747
-0.180775
-0.406745
-0.087218
0.317908
0.248373
-0.075450
-0.524554
-0.304651
0.268854
0.234549
-0.099422
-0.197752
-0.166163
-0.132530
0.024450
0.015033
-0.048370
0.006151
0.010502
-0.005041
-0.246897
-0.364808
-0.204347
0.120890
0.382027
0.160638
-0.159880
-0.272900
-0.113472
0.086185
0.027710
-0.183794
-0.206981
0.228904
0.522555
0.186221
-0.411364
-0.544364
-0.018401
0.374757
0.173752
-0.293317
-0.311879
0.162623
0.453066
0.149479
-0.370555
-0.440072
0.071704
0.491614
0.253335
-0.354026
-0.543400
0.018337
0.595727
0.493150
-0.224962
-0.650338
-0.346715
0.298171
0.527625
0.090331
-0.482794
-0.514116
0.066107
0.560434
0.354692
-0.360707
-0.639676
-0.222848
0.425827
0.519111
0.001388
-0.443207
-0.320851
0.171151
0.487190
0.133086
-0.465952
-0.577367
-0.136308
0.385863
0.383708
0.023258
-0.320345
-0.183515
0.227959
0.299297
-0.085930
-0.462984
-0.374289
0.138345
0.539647
0.297243
-0.213181
-0.419178
-0.159209
0.277810
0.352562
-0.029700
-0.444563
-0.309458
0.225887
0.448074
0.066229
-0.394204
-0.328153
0.059763
0.354971
0.224598
-0.062195
-0.241241
-0.269230
-0.001767
0.228360
0.287778
0.037732
-0.258010
-0.201628
0.096125
0.314730
0.180961
-0.050069
-0.127046
-0.007091
0.136107
0.128813
-0.024936
-0.154803
-0.041825
0.173037
0.316296
0.168018
-0.226306
-0.329153
-0.060205
0.286248
0.242131
-0.108627
-0.300702
-0.178309
0.086394
0.103366
-0.028121
-0.101519
-0.058326
0.103000
0.268567
0.254498
-0.041218
-0.314820
-0.129868
0.321189
0.499428
0.189979
-0.204630
-0.257778
0.016999
0.190857
0.040040
-0.126771
-0.149535
0.016112
0.183331
0.204045
0.009426
-0.226030
-0.190395
0.099607
0.339325
0.211193
-0.092475
-0.192519
0.045387
0.290560
0.220814
-0.064418
-0.227432
-0.068187
0.192050
0.282649
0.057269
-0.235177
-0.231593
0.116026
0.448369
0.340652
-0.136476
-0.451707
-0.187075
0.312513
0.513129
0.142553
-0.359784
-0.350543
0.093512
0.474866
0.349201
-0.133365
-0.431587
-0.219472
0.279869
0.523874
0.221306
-0.285406
-0.411698
0.000932
0.465286
0.396904
-0.100670
-0.405252
-0.151804
0.340082
0.482720
0.132265
-0.323516
-0.354844
0.028952
0.347356
0.313976
-0.060147
-0.281332
-0.106884
0.222290
0.321245
0.054407
-0.188387
-0.150290
0.130510
0.297050
0.152378
-0.094673
-0.189125
-0.032824
0.196863
0.269145
0.096921
-0.169928
-0.237317
-0.027708
0.239239
0.213147
-0.067429
-0.242666
-0.086251
0.183801
0.205114
0.051767
-0.105196
-0.069869
0.097458
0.187422
0.163780
0.070938
-0.039450
-0.085462
0.034106
0.169558
0.128555
-0.045896
-0.144020
-0.064042
0.066495
0.076561
-0.022435
-0.073190
0.011500
0.105343
0.079233
-0.017152
-0.088754
-0.043414
0.069134
0.140095
0.096897
0.000063
-0.049735
-0.000946
0.080426
0.059887
-0.023628
-0.090475
-0.032164
0.062143
0.083516
0.008187
-0.032268
0.011209
0.035831
0.027553
0.006088
0.010541
0.010208
-0.021715
-0.037079
0.022820
0.064018
0.050534
-0.046360
-0.086881
-0.016185
0.031722
0.033088
-0.004443
-0.034964
-0.007364
0.020416
0.006981
0.000856
-0.024966
-0.015874
0.003190
0.012526
0.007086
-0.057431
-0.055937
-0.026458
0.005981
0.013509
-0.044553
-0.071777
-0.043837
0.021383
0.028220
-0.005052
-0.053872
-0.075526
-0.043276
0.031313
0.054701
-0.013173
-0.079522
-0.080885
-0.015957
0.047778
0.037671
-0.045176
-0.105574
-0.081636
-0.006116
0.015004
-0.020147
-0.079809
-0.077617
-0.039801
0.001691
-0.005433
-0.040269
-0.050187
-0.042678
-0.028414
-0.030418
-0.029946
-0.045242
-0.036661
-0.027820
-0.029305
-0.026806
-0.033425
-0.039380
-0.038951
-0.038902
-0.048306
-0.091265
-0.063485
-0.035748
-0.039782
-0.063827
-0.086674
-0.039685
-0.030436
-0.035903
-0.058178
-0.060518
-0.032575
-0.022124
-0.031084
-0.053974
-0.062627
-0.046847
-0.022810
-0.027292
-0.076730
-0.099954
-0.061870
-0.020910
-0.001068
-0.052474
-0.113181
-0.117878
-0.073471
-0.015925
-0.021174
-0.058177
-0.081960
-0.060382
-0.035044
-0.024502
-0.048414
-0.060122
-0.074378
-0.078453
-0.046961
-0.031095
-0.019823
-0.041439
-0.053812
-0.064176
-0.062157
-0.054785
-0.036590
-0.011973
-0.012090
-0.051813
-0.084847
-0.096005
-0.061953
-0.013083
0.007172
-0.027464
-0.093665
-0.076724
-0.017990
0.005317
-0.022995
-0.072784
-0.083562
-0.012014
0.027183
-0.003867
-0.070354
-0.087320
-0.042252
0.012296
0.020075
-0.047646
-0.089299
-0.049038
-0.015212
-0.013671
-0.022771
-0.051186
-0.052101
-0.046748
-0.012108
-0.006271
-0.027787
-0.042142
-0.050769
-0.026750
0.011725
0.017213
-0.025945
-0.073432
-0.068504
-0.001276
0.030558
0.012901
-0.031339
-0.039635
-0.008192
0.010318
0.018583
-0.004893
-0.040178
-0.048007
-0.019303
0.023608
0.027922
-0.029349
-0.071024
-0.067927
0.007471
0.071942
0.044433
-0.026029
-0.074896
-0.052694
0.005833
0.051463
0.052892
0.030551
0.012927
-0.001629
-0.027466
-0.013290
0.004811
0.009125
0.020234
0.023005
0.014736
0.003898
-0.001468
-0.001974
-0.001409
0.025834
0.042837
0.010506
-0.005935
-0.013386
0.015616
0.037471
0.024600
0.013554
0.017086
0.060893
0.032575
-0.018531
-0.009957
0.007610
0.062661
0.071347
0.041454
0.023766
0.018226
0.029361
0.004618
0.002153
0.011934
0.008080
0.011124
0.025492
0.051690
0.053018
0.014087
-0.034442
-0.005054
0.047841
0.050158
0.032668
0.026954
0.053249
0.053627
0.034153
0.041699
0.050379
0.070838
0.027435
-0.009125
0.020274
0.050674
0.074087
0.036033
0.026711
0.015359
0.027251
0.051508
0.019171
0.014522
0.026344
0.058832
0.082705
0.060855
0.022593
0.006524
0.030940
0.061311
0.060702
0.044765
0.032922
0.040879
0.045895
0.027783
0.026168
0.053509
0.070188
0.061451
0.037803
0.020820
0.027022
0.039730
0.064506
0.076354
0.060616
0.031232
0.024595
0.046796
0.063908
0.047159
0.037930
0.041460
0.046067
0.053109
0.033791
0.044196
0.054374
0.065188
0.053272
0.027526
0.033679
0.041407
0.065123
0.072943
0.042067
0.028999
0.041902
0.054549
0.059064
0.038053
0.025932
0.016971
0.036775
0.067416
0.057115
0.036975
0.010061
0.021786
0.061377
0.082862
0.053580
0.024992
0.018528
0.031387
0.053596
0.064140
0.052646
0.022450
0.030865
0.030857
0.038578
0.038358
0.028235
0.029178
0.029034
0.040342
0.049230
0.050483
0.045456
0.019871
0.009569
0.028614
0.042593
0.051898
0.028802
0.010876
0.022430
0.030405
0.037408
0.021060
0.008306
0.016247
0.027950
0.040031
0.034708
0.020349
0.012016
0.020918
0.034535
0.035810
0.014957
0.001491
0.020753
0.038993
0.035395
-0.007778
-0.020138
0.009197
0.032760
0.025565
-0.013707
-0.001839
0.019452
0.026246
0.011522
0.004011
0.027704
0.034713
0.015688
-0.012283
-0.012339
0.014865
0.037099
0.026709
-0.002203
-0.019328
-0.023665
-0.017626
-0.001883
0.018206
0.012508
-0.024234
-0.036075
-0.020014
-0.006814
0.008152
0.026924
0.016721
-0.007791
-0.035550
-0.036798
-0.006432
0.014014
0.005854
-0.025307
-0.017461
0.002471
-0.004124
-0.029546
-0.055746
-0.036229
0.004732
0.018789
-0.014900
-0.064049
-0.068037
-0.026470
0.017284
0.000242
-0.043476
-0.053142
-0.027887
0.005803
-0.007428
-0.037023
-0.057566
-0.032614
-0.004081
-0.021156
-0.053350
-0.068549
-0.040002
-0.009240
-0.017069
-0.063656
-0.091954
-0.066741
-0.024187
-0.000138
-0.013611
-0.068414
-0.093403
-0.078578
-0.033788
-0.010508
-0.021321
-0.051711
-0.063270
-0.051933
-0.051111
-0.032204
-0.033407
-0.040084
-0.058176
-0.062719
-0.052843
-0.050980
-0.045001
-0.049136
-0.056273
-0.055548
-0.044419
-0.057713
-0.067580
-0.065686
-0.054415
-0.047075
-0.052554
-0.053703
-0.059398
-0.055646
-0.066113
-0.074128
-0.064624
-0.036069
-0.039982
-0.061278
-0.075789
-0.074403
-0.049228
-0.035817
-0.015473
-0.037332
-0.063903
-0.080055
-0.074041
-0.049832
-0.046858
-0.047378
-0.060277
-0.050450
-0.054882
-0.062253
-0.069919
-0.077511
-0.061159
-0.055474
-0.044831
-0.048436
-0.059369
-0.052844
-0.038879
-0.035841
-0.052849
-0.055120
-0.055900
-0.052830
-0.052101
-0.059877
-0.053020
-0.047093
-0.039075
-0.060397
-0.077294
-0.067196
-0.045169
-0.018850
-0.032443
-0.063704
-0.081047
-0.058424
-0.010699
0.003328
-0.025469
-0.059578
-0.057810
-0.034907
-0.025722
-0.038102
-0.046506
-0.043071
-0.033239
-0.019099
-0.025611
-0.045316
-0.050165
-0.043862
-0.037975
-0.039930
-0.026465
-0.008959
-0.006590
-0.016345
-0.033814
-0.031636
-0.028083
-0.031852
-0.030578
-0.005052
0.013288
0.009663
-0.012859
-0.030638
-0.025490
-0.011567
0.001838
-0.011241
-0.020062
-0.019928
-0.006273
-0.000941
-0.010250
-0.012350
-0.005919
-0.005750
-0.019249
-0.007670
0.020710
0.030231
0.008590
-0.010892
-0.016029
0.005800
0.027124
0.031233
0.017705
-0.019078
-0.034330
-0.003262
0.037674
0.034496
0.002737
-0.007408
0.019141
0.025124
0.016150
-0.007021
-0.026794
0.007696
0.051018
0.050494
0.012863
-0.007636
0.015257
0.036386
0.030450
0.008044
-0.016743
0.008800
0.045176
0.060045
0.042533
0.000507
-0.000037
0.020534
0.047832
0.020927
-0.008863
0.015782
0.058512
0.068242
0.033359
0.011031
0.008270
0.044683
0.049653
0.023530
0.012593
0.040286
0.077559
0.056713
0.012380
-0.005400
0.031459
0.076237
0.073268
0.043670
0.007163
0.006877
0.035533
0.061434
0.074074
0.046341
0.016322
0.009074
0.045338
0.082019
0.070314
0.029520
0.005566
0.032413
0.080507
0.094524
0.066828
0.024130
0.023164
0.051313
0.054301
0.048757
0.037659
0.050826
0.063218
0.072679
0.066379
0.038982
0.028036
0.044349
0.062401
0.058582
0.048527
0.069618
0.102253
0.071244
0.018878
0.005185
0.049449
0.087137
0.086673
0.051716
0.027549
0.042494
0.055194
0.054849
0.046459
0.064051
0.073993
0.066638
0.042895
0.024761
0.038402
0.066980
0.088273
0.078855
0.063827
0.027284
0.004574
0.044558
0.094757
0.088247
0.037749
0.009566
0.039821
0.086400
0.087571
0.043577
0.011557
0.034724
0.064125
0.078241
0.058694
0.043834
0.042604
0.032914
0.031732
0.040840
0.062004
0.060370
0.035407
0.014837
0.033033
0.059624
0.059769
0.041724
0.028865
0.033603
0.042715
0.043194
0.042051
0.031967
0.035262
0.050428
0.052266
0.040341
0.018768
0.027525
0.048329
0.061362
0.034456
0.004693
0.014771
0.041637
0.053387
0.036142
0.011843
-0.002667
0.024468
0.052368
0.046017
0.026024
0.019218
0.012468
0.015945
0.029893
0.041857
0.047490
0.027970
0.000898
-0.016140
0.007251
0.019347
0.020458
0.020146
0.014957
0.014285
0.001379
0.000354
-0.002776
0.012674
0.028181
0.021460
0.013579
0.014920
0.015639
-0.000833
-0.015500
-0.009599
0.007316
0.015362
0.002008
-0.014244
-0.018165
-0.019705
-0.008211
0.005750
0.016708
0.010650
-0.011535
-0.032275
-0.038034
-0.009561
0.023395
0.032642
-0.004497
-0.048542
-0.042678
-0.001665
0.012652
-0.026895
-0.056985
-0.040941
0.000778
-0.001182
-0.034791
-0.052799
-0.033697
-0.014089
-0.028028
-0.053968
-0.044764
-0.001395
0.000951
-0.029531
-0.070432
-0.063360
-0.020891
0.004318
-0.020649
-0.061633
-0.074849
-0.051681
-0.017350
-0.014066
-0.041897
-0.077198
-0.063924
-0.033738
-0.023909
-0.041820
-0.060063
-0.055253
-0.040734
-0.045252
-0.058090
-0.067220
-0.049385
-0.028640
-0.044489
-0.071648
-0.088640
-0.060591
-0.031947
-0.030735
-0.063931
-0.087859
-0.075392
-0.049272
-0.028772
-0.045429
-0.078905
-0.095517
-0.072130
-0.043567
-0.038099
-0.057176
-0.062109
-0.056616
-0.057910
-0.072843
-0.080553
-0.057614
-0.031440
-0.036021
-0.068401
-0.087812
-0.087752
-0.060656
-0.040917
-0.046062
-0.071134
-0.081855
-0.067424
-0.046240
-0.048344
-0.072126
-0.088052
-0.082073
-0.050617
-0.031590
-0.044513
-0.079244
-0.094762
-0.071233
-0.034837
-0.030677
-0.057167
-0.085415
-0.096250
-0.068519
-0.043197
-0.047493
-0.076379
-0.091134
-0.061142
-0.045636
-0.047408
-0.068507
-0.073441
-0.052741
-0.040299
-0.050357
-0.071443
-0.068821
-0.062603
-0.045551
-0.045604
-0.060075
-0.060810
-0.044919
-0.037310
-0.054696
-0.062923
-0.058940
-0.054079
-0.045237
-0.037123
-0.039494
-0.043371
-0.047269
-0.051185
-0.050622
-0.042023
-0.038087
-0.038599
-0.035901
-0.036774
-0.045788
-0.049161
-0.043899
-0.034562
-0.017036
-0.010944
-0.036205
-0.059646
-0.042786
-0.017879
-0.006664
-0.016745
-0.038211
-0.041504
-0.028132
-0.013225
-0.013651
-0.022658
-0.030444
-0.030898
-0.013922
0.001196
-0.004322
-0.025242
-0.030899
-0.021105
0.005360
0.018445
-0.008307
-0.033718
-0.031299
0.010778
0.025905
0.000922
-0.025301
-0.032502
-0.005597
0.014210
0.008609
-0.012489
-0.022563
-0.001764
0.027507
0.031416
-0.004555
-0.033030
-0.009528
0.035275
0.051514
0.010961
-0.023098
-0.012011
0.030909
0.051129
