-0.000756
-0.001172
-0.001347
-0.001167
-0.000835
-0.000836
-0.001132
-0.001387
-0.001594
-0.001441
-0.001171
-0.001234
-0.001094
-0.000991
-0.001240
-0.000742
-0.000577
-0.000880
-0.000952
-0.001220
-0.001339
-0.001539
-0.001617
-0.001621
-0.001495
-0.001571
-0.001822
-0.001957
-0.002142
-0.002097
-0.002370
-0.001939
-0.001668
-0.001797
-0.001710
-0.002147
-0.002077
-0.001919
-0.001880
-0.001542
-0.001471
-0.001100
-0.000951
-0.001152
-0.001337
-0.001626
-0.001575
-0.001467
-0.001055
-0.000903
-0.000858
-0.001415
-0.001912
-0.001767
-0.001746
-0.001450
-0.001675
-0.001741
-0.001842
-0.001780
-0.001403
-0.001280
-0.001484
-0.002148
-0.002374
-0.002221
-0.002062
-0.001509
-0.001263
-0.001376
-0.001229
-0.001360
-0.001167
-0.001043
-0.000953
-0.001352
-0.001877
-0.001990
-0.002304
-0.002027
-0.001725
-0.001830
-0.002378
-0.002533
-0.002189
-0.001867
-0.001256
-0.000753
-0.000784
-0.001028
-0.001026
-0.000528
-0.000553
-0.000712
-0.000571
-0.000045
0.000642
0.000815
0.000751
0.000438
0.000816
0.000746
0.000425
0.000539
0.000728
0.001127
0.001721
0.001935
0.002303
0.002627
0.002266
0.001617
0.001417
0.001899
0.002178
0.002836
0.003430
0.003849
0.003268
0.002737
0.002706
0.002103
0.002230
0.002516
0.002870
0.003122
0.002853
0.003224
0.003627
0.003585
0.003493
0.003059
0.002803
0.003300
0.004281
0.004885
0.004523
0.003701
0.003014
0.002723
0.003174
0.003441
0.002818
0.002100
0.001814
0.002551
0.002949
0.002441
0.001977
0.001816
0.001937
0.001608
0.001512
0.002223
0.001724
0.000475
-0.000166
0.000559
0.001966
0.002204
0.002630
0.001962
0.001704
0.001979
0.001508
0.001790
0.001402
0.000692
0.000080
-0.000095
0.000706
0.001217
0.000761
-0.000219
-0.000426
0.000393
0.000541
0.000875
0.001383
0.000884
0.000536
0.000247
0.000059
0.000288
-0.000026
0.000164
0.000201
-0.000123
0.000487
0.000945
0.000919
0.000629
0.000149
0.000349
0.001661
0.002421
0.002379
0.001104
0.000334
0.000883
0.001936
0.002211
0.001313
0.000583
-0.000276
0.000209
0.000420
0.000538
0.000548
0.000507
0.000744
0.000888
0.001413
0.001660
0.001924
0.001408
0.001366
0.001704
0.001840
0.002302
0.001471
0.001082
0.001018
0.001356
0.002279
0.001945
0.001529
0.001363
0.001782
0.002322
0.002392
0.001484
0.001136
0.001504
0.001899
0.002165
0.002035
0.002173
0.001785
0.001448
0.002033
0.002401
0.002474
0.001656
0.001002
0.001275
0.001819
0.002367
0.001606
0.000577
0.000261
0.000178
-0.000154
-0.000608
-0.000777
0.000067
0.000114
0.000170
0.000457
0.000413
0.000211
-0.000756
0.000325
0.001052
0.001126
0.000892
0.000119
-0.000308
-0.000569
-0.000343
0.000660
0.000790
0.000395
-0.000582
-0.001526
-0.001878
-0.001709
-0.000688
-0.000586
-0.000831
-0.000984
0.000559
0.000059
0.000733
-0.000064
0.000498
-0.001889
-0.002202
-0.004020
-0.003995
-0.005865
-0.006922
-0.008702
-0.011090
-0.010083
-0.010869
-0.005016
-0.015822
-0.000238
-0.014000
-0.020692
-0.014091
-0.009927
-0.002613
0.001042
0.045836
0.023204
0.038231
0.008357
-0.052889
-0.046500
-0.033518
-0.024464
-0.012927
0.066812
0.099734
0.041683
-0.036638
-0.049549
-0.083088
-0.057782
-0.023399
0.029611
0.089565
0.035439
0.001920
-0.049387
-0.030879
-0.041895
0.034855
0.068779
0.010596
-0.046883
-0.081550
0.018376
0.041352
0.035725
0.002083
-0.019173
-0.137217
-0.057916
0.015733
0.066998
0.094993
0.034965
0.056864
-0.052855
-0.043831
-0.122165
-0.050103
0.040617
0.111642
0.106185
0.090543
0.067684
-0.078290
-0.162695
-0.222490
-0.050226
0.074226
0.195963
0.139590
0.087013
-0.121222
-0.246776
-0.115885
0.079037
0.092079
0.024321
0.097113
0.024909
0.115851
-0.046911
-0.164592
-0.252206
-0.127943
0.164568
0.268015
0.131194
-0.216474
-0.280540
-0.158813
0.088832
0.291118
0.298968
0.117202
-0.205593
-0.355480
-0.191060
0.078712
0.275812
0.172653
-0.154477
-0.228271
-0.035948
0.189404
0.249665
0.062196
-0.180185
-0.264851
-0.067294
0.080575
0.253476
0.239936
-0.020761
-0.250594
-0.197083
-0.008443
0.135895
0.178443
-0.048735
-0.192757
-0.104596
0.129943
0.357496
0.171025
-0.247405
-0.335796
-0.313894
0.207025
0.426813
-0.005292
-0.339353
-0.331992
0.111724
0.309500
0.198263
-0.017563
-0.230259
-0.164404
-0.027561
0.067042
0.107689
0.098432
0.023599
-0.084840
-0.094320
-0.070600
0.030990
0.105408
0.011357
-0.086177
0.009351
0.048063
-0.017081
-0.073900
-0.017776
-0.001169
-0.003179
-0.039117
-0.137254
-0.012351
0.183588
0.215865
-0.081921
-0.360743
-0.226522
0.229912
0.454629
0.136706
-0.361146
-0.443547
0.018888
0.453223
0.476609
-0.026842
-0.444208
-0.378406
0.048596
0.365357
0.270355
0.122583
-0.041220
-0.160784
-0.135245
0.000508
0.058259
-0.060131
-0.099190
-0.072230
-0.002417
0.080830
0.299148
0.341859
-0.010337
-0.297754
-0.332499
0.062218
0.273646
0.160799
-0.122076
-0.234475
-0.105673
0.249416
0.580152
0.280536
-0.328561
-0.752509
-0.389516
0.202540
0.360067
0.215576
-0.179874
-0.459483
-0.305842
0.109074
0.382892
-0.003335
-0.319456
-0.080179
0.373926
0.569795
0.036987
-0.381511
-0.273921
0.054210
0.278597
0.270951
0.143735
-0.289514
-0.667348
-0.432308
0.022541
0.199441
0.167036
0.256348
0.305715
-0.110900
-0.533253
-0.359554
0.244481
0.470045
0.128089
-0.029345
0.131150
0.319602
0.062423
-0.416971
-0.413906
-0.008616
0.467287
0.490449
0.014450
-0.628762
-0.721528
-0.111203
0.386499
0.321272
-0.026775
-0.130578
0.151546
0.503682
0.291266
-0.343826
-0.755445
-0.460175
0.338104
0.752462
0.445739
-0.132215
-0.388552
-0.197559
0.062609
0.145625
0.096902
-0.005805
-0.024498
0.089633
0.100172
-0.125428
-0.473660
-0.373404
0.314815
0.717317
0.373322
-0.335028
-0.650124
-0.324837
0.193270
0.408037
0.365855
0.096970
-0.257163
-0.398881
-0.189259
0.277437
0.285336
-0.069444
-0.241119
-0.087151
0.305910
0.384124
0.003217
-0.411598
-0.443034
-0.001238
0.377488
0.272177
-0.119899
-0.463708
-0.528846
-0.184496
0.214661
0.280258
-0.066353
-0.384246
-0.119296
0.465579
0.774492
0.364402
-0.264351
-0.480979
-0.200172
0.060104
0.099340
0.151920
0.122254
0.187679
0.092557
-0.092275
-0.330425
-0.482653
-0.255731
0.117017
0.443152
0.267365
-0.167373
-0.259194
0.036128
0.420707
0.497329
0.124734
-0.369849
-0.516661
-0.209887
0.165755
0.209397
-0.110980
-0.412738
-0.274336
0.187646
0.491536
0.283591
-0.180639
-0.424368
-0.227072
0.230439
0.476188
0.263756
-0.149292
-0.296676
-0.027520
0.305296
0.188562
-0.245023
-0.493907
-0.196075
0.345704
0.461533
0.115993
-0.338055
-0.405314
-0.104340
0.275162
0.385255
0.084532
-0.216432
-0.212047
0.086321
0.265247
0.136258
-0.151803
-0.250818
-0.051997
0.143871
0.151344
-0.091261
-0.292443
-0.228085
0.023645
0.254165
0.234003
-0.033626
-0.289329
-0.248280
0.070069
0.288946
0.117173
-0.251280
-0.342891
0.023860
0.356026
0.286778
-0.085364
-0.283447
-0.044738
0.290662
0.379197
0.083260
-0.205085
-0.214163
-0.012958
0.117976
-0.011394
-0.163577
-0.093946
0.125826
0.146726
-0.004132
-0.128398
-0.147343
-0.092194
0.029950
0.154037
0.173076
0.021193
-0.202189
-0.198918
0.028641
0.181991
0.084999
-0.092546
-0.087354
0.079246
0.143470
0.011352
-0.181447
-0.202232
-0.030220
0.150322
0.130874
-0.026766
-0.131417
-0.081054
0.085373
0.135330
0.059954
-0.105597
-0.173782
-0.078848
0.089837
0.176112
0.029249
-0.112336
-0.118316
0.019398
0.099498
0.077880
0.024359
-0.026166
-0.030088
-0.028482
0.041968
0.061294
0.032197
-0.062868
-0.113020
-0.029628
0.049335
0.054826
-0.049602
-0.092415
-0.061338
0.048090
0.108433
0.046459
-0.044475
-0.073247
0.010251
0.010216
0.007997
-0.022730
0.004066
0.025930
-0.009138
-0.022090
-0.075318
-0.018311
0.033068
0.052934
0.006999
-0.063678
-0.052378
0.003226
0.081242
0.081899
0.058768
-0.019747
-0.080649
-0.006629
0.098735
0.146003
-0.000095
-0.145000
-0.151324
0.024611
0.148156
0.046323
-0.073035
-0.112557
-0.044133
-0.006659
0.051493
0.061119
0.008276
-0.032487
-0.031638
0.014055
0.008756
-0.004994
-0.024805
-0.042978
-0.031095
-0.008124
0.028197
0.046029
0.001040
-0.056457
-0.063070
0.017729
0.095382
0.056116
-0.023670
-0.044266
0.001824
0.022205
-0.022970
-0.036982
0.023087
0.058098
0.005590
-0.048241
-0.031556
0.031099
0.057233
0.017562
-0.051535
-0.065029
-0.020327
0.048236
0.057238
0.002010
-0.038726
-0.016167
0.033943
0.019602
-0.007317
-0.011595
0.011476
0.020761
-0.024778
-0.058083
-0.019564
0.026491
0.032512
-0.003277
-0.028129
-0.023941
-0.001080
0.026157
0.019446
-0.004857
-0.021820
-0.030994
-0.007353
0.026581
0.041133
0.019265
-0.018989
-0.012383
0.016494
0.047856
0.043806
0.017589
-0.003716
-0.017041
-0.034450
-0.015984
0.029792
0.021131
-0.046715
-0.073793
0.005474
0.083980
0.072260
-0.015931
-0.070701
-0.048476
0.029165
0.077334
0.039319
-0.041196
-0.080218
-0.018285
0.049933
0.034238
-0.032961
-0.062461
-0.039673
-0.001147
0.026790
0.040739
0.033436
0.020971
-0.000925
-0.019303
-0.030899
-0.019210
0.018315
0.037668
0.034338
0.015606
-0.000641
-0.027755
-0.039246
-0.022090
0.005167
0.009288
-0.011005
-0.010901
0.023685
0.032586
0.021300
-0.011899
-0.041350
-0.005639
0.050193
0.077260
0.035676
-0.035495
-0.051435
-0.011488
0.016430
0.025991
0.015573
-0.004114
-0.027087
-0.022392
0.010115
0.039430
0.026219
-0.016653
-0.050114
-0.044465
-0.001616
0.010905
-0.028856
-0.100147
-0.080745
0.017652
0.071915
0.066658
0.035824
0.004476
-0.009781
-0.015494
0.026924
0.082717
0.077472
0.002751
-0.087338
-0.066818
0.020689
0.048536
0.011311
-0.024050
-0.014520
0.005612
0.011010
-0.004361
-0.018474
-0.004478
0.003444
-0.001379
-0.004078
0.004953
0.008838
-0.009565
-0.046680
-0.049795
0.002903
0.056896
0.042862
-0.022129
-0.077262
-0.069762
-0.003079
0.045487
0.045574
0.007197
-0.010788
-0.004441
0.022025
0.040739
0.035728
0.019473
0.011956
-0.007731
-0.023568
-0.030154
-0.028613
-0.002907
0.008505
0.008816
-0.002142
0.004621
0.018291
0.022323
-0.021081
-0.056753
-0.043750
0.026819
0.062456
0.023077
0.001580
-0.020834
-0.031692
-0.023776
-0.003068
0.024587
0.022135
-0.013631
-0.009783
0.002543
0.016292
-0.010819
-0.031167
-0.001253
0.019182
0.023244
-0.001471
-0.011712
-0.011481
-0.002860
-0.006108
0.008336
0.024687
0.021287
-0.004759
-0.030068
-0.037076
-0.033106
0.007491
0.046250
0.051858
0.007885
-0.033409
-0.041451
-0.013764
0.003822
0.010327
0.032132
0.033743
0.001488
-0.042764
-0.038697
0.002368
0.024403
0.017050
0.000717
-0.009407
-0.018427
-0.034335
-0.014900
0.005045
0.033564
0.049342
0.021739
-0.019892
-0.056494
-0.018280
0.033943
0.048623
0.022131
-0.006339
0.001032
0.009752
-0.003319
-0.040771
-0.056679
-0.037598
-0.002533
0.034465
0.029411
-0.029540
-0.055971
-0.015121
0.048796
0.063046
0.007982
-0.030981
-0.016952
0.024739
0.036028
0.001974
-0.024696
-0.028710
-0.019340
0.012178
0.016719
-0.009344
-0.048117
-0.068258
-0.032195
0.016417
0.044524
0.034254
0.007093
-0.013156
-0.004275
0.012195
0.010026
0.000615
0.010025
0.019724
-0.005463
-0.023077
-0.025806
-0.018897
-0.007940
-0.006863
0.000175
0.001801
-0.005299
-0.026094
-0.018938
0.005724
0.023828
0.048371
0.026530
-0.014037
-0.033297
-0.017965
0.021050
0.016895
-0.018413
-0.026081
-0.003087
0.024226
0.002583
-0.038831
-0.034846
0.000781
0.034077
0.024586
-0.017586
-0.033794
-0.013238
0.019805
0.032326
0.027802
0.001734
-0.025540
-0.019083
-0.004403
0.001146
-0.007346
-0.008981
-0.013506
-0.017107
0.001717
0.016297
0.012945
-0.008915
-0.026676
-0.017784
-0.001880
0.011012
0.007503
0.003487
0.005049
-0.003492
-0.010379
-0.031775
-0.031831
-0.003875
0.020776
0.028124
0.002126
-0.015867
-0.027382
-0.020675
0.011966
0.023643
0.013585
0.003139
-0.022813
-0.025334
-0.009876
-0.009614
-0.000426
0.010238
0.012683
-0.005759
-0.032829
-0.034826
-0.019069
0.004566
0.036367
0.035021
0.017057
-0.010558
-0.023457
-0.006236
0.028858
0.034624
-0.002065
-0.015858
-0.010581
-0.003430
0.005085
0.011743
0.002493
-0.031444
-0.059051
-0.034641
0.006664
0.031000
0.027668
0.008720
-0.006739
-0.017989
-0.013944
-0.011552
0.001868
0.031616
0.027956
0.012176
-0.009326
-0.026835
-0.016216
-0.001683
0.007241
0.002205
0.000172
-0.004173
-0.018335
-0.024071
0.001949
0.020699
0.025752
0.011853
-0.006099
-0.010088
-0.018727
-0.017458
0.002036
0.033065
0.032485
0.014399
-0.002430
-0.007632
-0.015276
-0.010861
-0.005655
-0.003906
-0.010072
-0.026822
-0.009931
0.014508
0.008062
-0.008108
-0.014356
-0.012366
0.003067
0.016541
0.022799
0.012027
-0.002504
0.000090
0.025461
0.030802
0.021383
-0.007877
-0.028305
-0.024713
-0.007363
0.029623
0.032257
0.021769
-0.007797
-0.035166
-0.035290
-0.002906
0.024687
0.020772
0.009218
-0.000627
0.000191
-0.001191
-0.000159
-0.002238
0.011864
0.023326
0.014344
-0.008813
-0.021174
-0.003181
0.010625
0.015137
0.008407
-0.001689
-0.001434
-0.002174
-0.003680
-0.012889
-0.007449
0.000570
0.000045
0.009606
0.015591
0.015009
0.002862
-0.006598
-0.011760
-0.006055
0.016783
0.027590
0.014773
-0.002928
-0.017357
-0.004829
-0.001271
0.001837
0.012916
0.005813
0.002965
0.013533
0.011742
-0.005518
-0.012262
-0.004442
0.012354
0.012550
-0.002649
-0.020661
-0.016923
-0.000083
0.016424
0.023249
0.016142
-0.011109
-0.019848
-0.016151
-0.009610
0.005499
0.015495
0.027754
0.022812
0.001900
-0.017968
-0.007742
0.003462
0.008925
0.000477
-0.011097
-0.021521
-0.016680
-0.001836
0.004510
0.000117
-0.009918
-0.006559
0.000881
0.021659
0.007208
-0.015742
-0.016121
0.002949
0.028284
0.032428
0.006280
-0.019557
-0.034881
-0.009726
0.033858
0.037576
0.003497
-0.048208
-0.041168
-0.001193
0.040281
0.037467
-0.008454
-0.031662
-0.019386
0.008302
0.029347
0.020181
0.002662
-0.003893
-0.004182
0.003115
0.006512
0.019683
0.020732
-0.003560
-0.022225
-0.011395
0.012829
0.028234
0.003562
-0.024355
-0.026657
-0.010735
0.029384
0.039285
0.010435
-0.016708
-0.024565
0.009015
0.037808
0.031254
0.007819
-0.011132
-0.013326
-0.001460
0.013432
0.020640
0.007003
-0.016037
-0.016389
-0.016114
0.003139
0.014602
0.012423
0.008358
-0.014429
-0.023339
-0.017115
0.005579
0.024328
0.013617
-0.002358
-0.013603
-0.018959
-0.004651
0.016022
0.013973
-0.003546
-0.027153
-0.021180
0.011132
0.021038
0.010205
-0.018304
-0.042188
-0.025033
0.011343
0.041598
0.028841
-0.024261
-0.038513
-0.019940
0.007258
0.025859
0.019682
0.001363
-0.023095
-0.034924
-0.012300
0.010538
0.015721
0.014001
-0.011074
-0.025554
-0.025023
-0.003421
0.019319
0.008799
-0.022185
-0.034985
-0.011077
0.020548
0.039300
0.020578
-0.010173
-0.039652
-0.041310
-0.008078
0.017343
0.024572
0.004428
-0.020123
-0.032609
-0.019889
0.018026
0.036941
0.027271
-0.008862
-0.033602
-0.020673
0.011824
0.023481
0.007632
-0.012424
-0.030142
-0.016566
0.003852
0.012902
-0.001774
-0.031024
-0.032796
-0.004175
0.028117
0.028180
0.003756
-0.016818
-0.016204
-0.001486
0.019808
0.025416
0.016586
-0.003167
-0.029854
-0.028336
-0.014411
0.002636
0.017831
0.011501
-0.012907
-0.040046
-0.042376
-0.004796
0.025772
0.028997
0.010057
-0.011965
-0.012561
-0.000310
0.000940
-0.004799
0.000020
0.001688
0.008396
0.002335
-0.013486
-0.025644
-0.031088
-0.018773
0.013830
0.027037
0.008609
-0.019821
-0.033059
-0.014888
-0.001049
0.007399
0.007226
0.005905
0.002867
-0.002097
-0.012520
-0.019927
0.001236
0.016994
0.009291
-0.008581
-0.011007
0.000795
0.008369
-0.002438
-0.017495
-0.014639
0.002258
0.024390
0.022139
-0.007024
-0.032144
-0.036765
-0.007322
0.020917
0.018630
0.004624
-0.005408
-0.003810
-0.007900
-0.012587
-0.013266
-0.009372
0.003526
0.020492
0.020713
0.007399
-0.015655
-0.029403
-0.010564
0.016203
0.026794
0.011427
-0.007518
-0.017475
-0.020082
-0.018398
-0.003170
0.018138
0.031899
0.023467
-0.013467
-0.038849
-0.031357
-0.000432
0.027267
0.029953
0.009883
-0.003081
-0.005907
-0.007909
-0.012234
-0.010459
0.007511
0.015209
0.004476
-0.017472
-0.028506
-0.014266
0.014274
0.021825
0.008810
-0.013675
-0.020367
-0.003996
0.004153
0.006785
0.004739
0.002511
0.002246
0.001443
0.000945
-0.005996
-0.009621
0.000006
0.007416
0.008889
0.000987
-0.013152
-0.023124
-0.010643
0.005127
0.015292
0.009755
-0.002373
-0.002770
0.000182
-0.001175
-0.008307
0.003278
0.018277
0.017261
0.000397
-0.005837
0.000693
0.008506
0.006255
-0.006935
-0.018692
-0.014611
0.011673
0.020963
-0.002712
-0.034458
-0.029076
0.012232
0.044447
0.034075
-0.004251
-0.029046
-0.031778
-0.005884
0.022456
0.028083
0.001888
-0.025480
-0.012532
0.013629
0.027629
0.014270
-0.018065
-0.033405
-0.015589
0.020172
0.027190
0.002105
-0.020900
-0.018101
0.011135
0.023922
0.009369
-0.012161
-0.015660
-0.001459
0.005188
0.008158
0.002462
-0.001002
0.004934
0.013055
0.018636
0.007571
-0.005773
-0.013933
-0.012701
0.005212
0.013507
0.007850
-0.007427
-0.024336
-0.010239
0.008952
0.019186
0.011074
-0.012785
-0.016939
-0.005759
0.011200
0.022616
0.022426
0.001236
-0.012274
0.000633
0.012785
0.009186
-0.004704
-0.010197
-0.011410
-0.001593
0.008045
0.001176
-0.008053
-0.007370
0.012775
0.028144
0.021540
-0.008468
-0.025260
-0.015479
0.002815
0.021168
0.015698
-0.000703
-0.017885
-0.006763
0.010650
0.010804
-0.002649
-0.014225
-0.000637
0.006504
0.006225
-0.001265
-0.009192
-0.014934
-0.000352
0.016937
0.010590
-0.006895
-0.021504
-0.004446
0.007834
0.002412
-0.001193
-0.002455
0.004736
0.003146
0.002026
0.008444
0.006888
-0.003367
-0.008145
0.000808
0.002866
0.008246
0.006988
-0.000789
-0.006748
-0.005894
-0.003815
-0.002069
-0.000418
0.000510
0.001963
-0.003239
0.001251
0.003839
0.015785
0.012203
0.008033
0.006917
-0.000056
0.004745
-0.006155
-0.006552
