-0.000008
-0.000364
0.000119
0.000308
0.000296
0.000513
0.001038
0.001209
0.000892
0.001226
0.001178
0.001247
0.001357
0.000957
0.000545
-0.000622
-0.000922
-0.001385
-0.000795
-0.000579
-0.001307
-0.001646
-0.000462
-0.000236
0.000544
-0.000214
0.001265
0.001861
0.000474
0.000153
-0.000388
0.002535
0.000246
0.001566
0.001513
0.002743
0.001294
-0.000209
0.004060
0.005029
0.003556
-0.000171
0.003234
0.006007
0.005164
0.002258
0.002645
0.005577
0.005050
0.002524
0.000257
0.001604
0.002351
0.001859
0.001726
0.001955
0.002445
0.000958
0.000909
-0.000021
-0.000790
-0.002467
0.000171
0.000305
-0.000721
-0.004890
-0.006257
-0.008173
-0.009410
-0.009715
-0.011200
-0.008268
-0.006763
0.005382
0.006587
0.009518
-0.000972
0.004486
-0.004321
-0.010156
-0.000031
0.013873
0.013498
0.003437
0.046327
0.018606
-0.036133
-0.035121
-0.029940
-0.050514
-0.027590
0.055920
0.115236
0.068789
-0.032029
-0.084943
-0.096967
-0.074693
0.005851
0.104135
0.147363
0.072360
-0.101218
-0.210969
-0.100213
0.091659
0.107744
0.077697
0.014344
-0.039817
-0.054001
-0.045292
0.044118
0.066081
0.063992
-0.005878
-0.039607
-0.041783
0.020384
0.047489
-0.065559
-0.047535
-0.046721
-0.001422
0.096721
0.145782
0.032697
-0.136084
-0.132395
0.025074
0.119167
0.070801
-0.012841
-0.106248
-0.072079
0.024340
0.139438
0.147414
-0.007027
-0.153939
-0.100786
0.036368
0.066192
0.098576
-0.086173
-0.162314
-0.001836
0.194996
0.233628
-0.104164
-0.311994
-0.229990
0.042994
0.076161
0.116930
0.082827
-0.138401
-0.182117
-0.010732
0.210505
0.060307
-0.115940
-0.201054
-0.061821
0.130871
0.134295
0.016934
-0.072734
-0.079312
-0.037882
0.118455
0.013244
-0.029960
-0.145789
-0.072824
0.086354
-0.049916
0.123053
0.090605
-0.046176
-0.177711
-0.054164
0.186591
0.140526
-0.040458
-0.145017
-0.031351
0.119096
0.095813
-0.008396
-0.016264
-0.072157
0.172239
-0.016210
0.008474
0.027493
-0.122234
0.017459
-0.116099
0.117320
0.024052
0.176956
0.138062
-0.000632
-0.077717
-0.385916
-0.287251
-0.177774
0.225013
0.393735
0.358317
-0.107541
-0.364009
-0.266916
-0.172174
-0.149519
-0.040259
0.376528
0.488825
0.223306
-0.402940
-0.552632
-0.409249
0.025504
0.163162
0.296074
0.349346
0.093856
0.025547
-0.304551
-0.227218
-0.176681
0.159948
0.429705
0.175803
-0.091667
-0.183367
0.055789
0.140883
-0.020079
-0.213553
-0.323218
-0.250023
0.092322
0.379786
0.390892
-0.015301
-0.398209
-0.302259
0.153994
0.531721
0.395370
-0.161715
-0.639777
-0.584668
0.026594
0.573175
0.526250
0.027544
-0.570652
-0.356209
0.208637
0.363372
0.120359
-0.168272
-0.046076
0.143202
0.066363
-0.062501
0.051167
0.220278
0.179568
-0.191157
-0.247158
-0.186639
-0.124436
-0.010419
0.079744
0.113578
-0.133088
-0.022644
0.398566
0.315270
-0.364882
-0.631573
-0.095466
0.588937
0.442406
-0.182271
-0.272768
0.025074
0.157355
-0.169679
-0.333891
-0.069883
0.248637
0.327445
0.193724
-0.133871
-0.359620
-0.290068
0.017998
0.381149
0.227766
-0.000257
-0.253847
-0.008937
0.383499
0.174181
-0.285933
-0.644999
-0.234099
0.380959
0.436370
-0.045777
-0.382664
-0.180070
0.222287
0.187528
0.004114
-0.097673
-0.212519
-0.055072
0.126786
0.317407
0.110831
-0.337073
-0.269780
0.200611
0.575196
0.217686
-0.405825
-0.569153
-0.211716
0.171657
0.274432
0.199819
0.090232
0.023416
-0.175485
-0.153758
0.055745
0.287310
0.199215
-0.151091
-0.328888
-0.108770
0.260977
0.241225
-0.033114
-0.279096
-0.283267
-0.064194
0.141791
0.215229
0.055430
-0.278885
-0.230950
0.053103
0.355174
0.306682
-0.127874
-0.303293
-0.244561
0.036793
0.243643
0.227000
0.139357
0.036245
0.077991
0.181752
0.033911
-0.276564
-0.406874
-0.210727
0.211031
0.281967
0.100963
-0.032685
-0.063182
-0.100215
-0.190213
-0.143409
0.009361
0.210547
0.141765
0.051417
-0.096626
-0.111349
0.019369
0.061797
0.151058
0.041398
-0.107817
-0.157181
0.041727
0.242161
0.224124
0.026360
-0.218227
-0.220908
0.014099
0.220349
0.143219
-0.101826
-0.218170
-0.043839
0.172166
0.203981
0.021005
-0.219086
-0.199630
0.034311
0.184127
0.084657
-0.146557
-0.260679
-0.051517
0.232881
0.203068
-0.013188
-0.188420
-0.120183
0.060820
0.158260
0.102469
-0.090350
-0.180814
-0.058160
0.177919
0.228122
0.043052
-0.190428
-0.205828
0.030005
0.166350
0.082395
-0.075199
-0.119216
-0.044636
0.025497
0.030795
0.023822
0.007886
0.010692
0.006547
-0.058649
0.002242
0.049654
0.028165
-0.068893
-0.087150
-0.008118
-0.009857
-0.000308
0.029250
0.107238
0.075978
-0.012609
-0.099760
-0.062637
0.035047
0.049746
0.023684
-0.058843
-0.060219
-0.004062
0.065251
0.050862
-0.025558
-0.065125
-0.029808
0.023102
0.054511
0.031354
-0.021905
-0.037580
-0.026111
0.025708
0.031880
0.065322
0.009042
-0.035159
-0.066697
-0.066888
0.010535
0.043969
0.073244
-0.025214
-0.042179
-0.019692
0.034147
0.027254
-0.061383
-0.058998
-0.026114
0.034663
0.000719
-0.007860
0.005832
0.027028
0.034302
-0.041387
-0.082369
-0.011094
0.102827
0.070304
-0.053913
-0.072091
0.030808
0.092839
0.019353
-0.073399
-0.065808
-0.015844
0.011263
-0.003100
0.009396
0.028229
0.031115
-0.020651
-0.127991
-0.089147
0.038138
0.094365
0.010840
-0.104053
-0.052122
0.086039
0.102032
-0.019609
-0.135489
-0.099822
0.025656
0.098542
0.085656
0.002177
-0.075101
-0.085138
0.001504
0.058051
0.056993
0.017445
-0.049807
-0.066851
-0.027650
0.058735
0.055147
-0.033696
-0.097012
-0.059243
0.072899
0.118966
-0.001964
-0.109457
-0.064495
0.043787
0.081833
0.022083
-0.032569
-0.059328
0.001182
0.042491
0.013563
-0.002556
-0.019373
-0.013125
-0.024960
-0.020335
-0.016385
0.027189
0.054122
0.015543
-0.029808
-0.021795
0.026662
0.034591
0.022068
-0.003007
0.002243
0.010003
0.010343
-0.032827
-0.038353
-0.000911
0.033804
0.035834
-0.004449
-0.020759
-0.016354
0.014008
0.020148
0.005643
-0.019394
-0.009423
-0.003529
0.012685
0.030754
-0.006033
-0.036367
-0.053911
-0.012048
0.026304
0.001786
0.000782
-0.003026
0.023035
0.020686
-0.009212
0.005446
0.016924
0.024695
-0.014534
-0.029021
-0.009384
0.009553
0.020272
0.008829
0.009451
-0.003363
-0.008909
0.023795
0.033846
0.019198
-0.024009
-0.033453
0.011383
0.044226
0.044053
-0.017722
-0.051785
-0.024045
0.016877
0.027790
0.009479
-0.016991
-0.048476
-0.031513
0.012387
0.048134
0.037346
-0.047613
-0.055710
0.012766
0.074197
0.057263
0.011107
-0.012904
-0.026416
0.003211
0.037041
0.050392
-0.000192
-0.030636
-0.022137
0.029602
0.051262
0.026037
-0.016547
-0.030561
0.004062
-0.008584
-0.030718
-0.038604
0.025598
0.062756
0.033015
-0.036467
-0.079547
-0.063347
-0.037506
0.013646
0.043414
0.061472
0.005028
-0.052104
-0.076098
-0.015452
0.057719
0.061975
0.004706
-0.067629
-0.028027
0.053801
0.085345
-0.007637
-0.054829
-0.037954
0.049454
0.078361
0.006243
-0.059139
-0.088292
-0.016925
0.023016
0.019633
-0.000236
0.005809
0.019495
-0.019788
-0.059213
-0.023188
0.039535
0.051460
-0.028042
-0.073948
-0.041896
0.007501
0.019490
-0.018365
-0.027642
-0.008253
0.047054
0.054818
0.032964
-0.012774
-0.037039
0.001963
0.037126
0.055827
0.038862
0.010195
-0.012988
-0.040642
-0.043786
-0.017391
0.032895
0.062992
0.022146
-0.026965
-0.072564
-0.027688
0.011346
0.013449
-0.003451
-0.022545
0.036139
0.023149
-0.002487
-0.049033
-0.047973
0.008893
0.040937
0.057113
0.025120
-0.004463
-0.026571
-0.021257
0.003121
0.047078
0.054856
0.012679
-0.032855
-0.035953
0.003278
0.021221
0.002415
-0.019942
-0.005965
0.001632
-0.008221
-0.037827
-0.015052
0.015734
0.014822
-0.002908
-0.021529
0.010406
0.023003
0.028370
-0.028352
-0.063206
-0.026107
0.026563
0.051853
-0.007555
-0.051482
-0.041819
0.002836
0.032663
0.006028
-0.010661
0.007037
0.024495
0.011167
-0.023426
-0.017629
0.008078
0.015681
0.005920
-0.006739
-0.024746
-0.029679
-0.011548
-0.007890
-0.019846
-0.033548
-0.021856
0.020201
0.033612
-0.003222
-0.054460
-0.043377
0.015620
0.047358
0.036018
-0.005544
-0.027029
-0.029940
-0.019621
-0.001838
0.012048
0.019749
0.004692
-0.020785
-0.028722
-0.009176
0.022915
0.026733
-0.002375
-0.016049
-0.016724
0.008620
0.027208
0.012518
0.002597
-0.002673
0.004852
0.001170
-0.013061
-0.009796
0.003721
0.002504
-0.016975
-0.038536
-0.019977
0.009898
0.016674
0.021728
0.010533
-0.006760
-0.018416
-0.015765
0.007959
0.024406
0.020953
0.007355
0.006590
0.012677
0.006363
-0.004975
-0.012273
-0.008391
-0.001610
0.010523
0.005705
0.002289
-0.012825
0.000897
0.010594
-0.010359
-0.013894
-0.008232
0.024846
0.014198
-0.003919
-0.015143
-0.021075
-0.008789
-0.015388
0.004355
0.027159
0.011767
-0.008284
-0.028083
-0.014715
0.023184
0.029479
0.008664
-0.012576
-0.015851
-0.004340
-0.004879
-0.003955
-0.007601
-0.000138
0.005704
-0.003709
-0.011819
-0.003892
0.001234
-0.006840
0.002087
0.012652
0.028858
-0.004931
-0.031060
-0.019470
-0.000059
0.031684
0.028436
-0.007335
-0.031421
-0.039459
-0.005968
0.012608
0.028970
0.022321
-0.027056
-0.031964
-0.037967
0.010656
0.038930
0.020151
-0.018093
-0.043479
-0.001895
0.025324
0.038042
0.004035
-0.022594
-0.031605
-0.012695
0.020956
0.022099
0.023152
-0.002089
-0.010855
-0.027611
-0.015478
-0.000268
0.008497
0.021942
0.009832
-0.001065
-0.016011
-0.018039
-0.007917
0.010060
0.014321
0.011323
-0.006186
-0.006358
-0.018245
-0.019484
-0.001475
0.013740
0.034443
0.020612
-0.010723
-0.034520
-0.025090
0.011857
0.043704
0.036126
-0.000726
-0.034649
-0.023484
-0.005808
0.013002
0.022712
-0.001629
-0.014195
-0.021223
0.005592
0.017067
0.013467
0.005735
-0.010261
-0.017039
-0.003883
0.017214
0.023350
0.015223
-0.006828
-0.010404
-0.024357
-0.005938
-0.004892
0.003444
0.016406
0.014627
-0.007409
-0.030443
-0.001722
0.021041
0.036597
0.006513
-0.012802
-0.023862
-0.001725
0.018588
0.006874
0.006662
-0.009470
-0.018582
-0.012489
-0.000216
0.000321
-0.005680
-0.008007
0.002158
-0.005223
0.006200
0.017454
0.020064
0.010397
-0.017187
-0.008477
-0.006254
0.002460
0.007542
0.013266
0.009928
-0.011557
-0.016280
-0.008488
-0.008607
0.001215
0.001362
-0.004684
0.005199
-0.008835
0.002647
0.012194
0.032516
0.032940
-0.013061
-0.038394
-0.036929
0.005954
0.031307
0.033652
0.008095
-0.023985
-0.040729
-0.015912
0.029120
0.035887
0.021673
-0.025576
-0.030227
-0.000767
0.013485
0.029347
0.011210
-0.012832
-0.018706
-0.019797
0.004258
0.020252
0.019410
-0.003525
-0.031382
-0.028101
-0.001500
0.030124
0.028647
0.002051
-0.022001
-0.017380
0.001972
0.006248
0.019615
0.020265
0.000556
-0.019796
-0.020836
-0.005847
-0.000014
-0.003625
-0.016856
-0.001884
0.014470
0.019716
0.006393
-0.007520
-0.007610
-0.019878
-0.012859
0.000346
0.016597
0.021358
0.017575
0.008976
-0.012220
-0.034819
-0.033244
-0.008477
0.024355
0.038029
0.008910
-0.005495
-0.015651
-0.018631
-0.014248
0.005063
0.023325
0.022945
0.009554
-0.020167
-0.018509
0.000149
0.031130
0.028692
0.001438
-0.019078
-0.019890
0.001957
0.012133
0.017591
-0.003775
-0.018924
-0.009049
0.012711
0.032108
0.020313
-0.011921
-0.028515
-0.025614
-0.000360
0.005430
0.002799
0.020043
0.019591
0.015311
-0.018443
-0.024406
-0.002996
0.011379
0.004764
-0.020216
-0.010970
0.014263
0.033148
0.021945
-0.015392
-0.033047
-0.021828
-0.003922
0.016387
0.024599
0.007233
-0.013078
-0.009909
-0.001666
0.012980
0.016474
0.003816
-0.012023
-0.025505
-0.017455
-0.002279
0.014240
0.010490
-0.019113
-0.034084
-0.027216
0.002413
0.025152
0.015955
-0.000661
-0.017551
-0.014526
0.003302
0.016362
0.024443
0.002685
-0.024259
-0.038954
-0.008046
0.031492
0.030090
-0.000495
-0.040413
-0.029886
0.007114
0.040430
0.022034
-0.005476
-0.016614
-0.010777
0.005711
0.007524
0.011430
0.003123
0.005085
-0.000447
-0.023100
-0.031580
-0.026102
0.002762
0.029432
0.024075
0.002408
-0.021949
-0.014207
0.010540
0.018729
0.007155
-0.003608
-0.001177
0.008132
0.016626
0.021284
0.014687
-0.016095
-0.037752
-0.027690
0.002687
0.034202
0.037807
0.018196
-0.025030
-0.044218
-0.023982
0.012770
0.050377
0.030816
-0.011937
-0.050518
-0.050535
-0.003123
0.037449
0.043877
0.013616
-0.014312
-0.035872
-0.037544
-0.014680
0.013459
0.022907
0.006474
-0.009616
-0.006700
0.000032
0.004636
0.004402
-0.010503
-0.027127
-0.033801
0.000627
0.032018
0.036242
0.003738
-0.038150
-0.046537
-0.015305
0.030262
0.028414
0.010851
-0.024915
-0.035204
-0.021040
-0.011396
0.011813
0.010375
-0.001249
-0.021775
-0.028159
-0.012345
-0.004773
0.000013
0.002355
0.009784
-0.000222
-0.011259
-0.012607
0.000160
0.010174
-0.008001
-0.012041
-0.007034
0.020729
0.023137
-0.006437
-0.020817
-0.021325
-0.003518
0.003926
-0.002312
0.009117
0.010957
-0.000059
-0.013718
-0.017153
-0.004292
-0.003441
0.011960
0.020602
0.011196
-0.016502
-0.032451
-0.020563
0.001339
0.025019
0.022092
-0.006074
-0.033390
-0.029400
-0.000392
0.021886
0.016178
0.000340
-0.003634
-0.002497
-0.000730
0.008170
0.005536
-0.000195
-0.003347
-0.003212
-0.004833
-0.017419
0.000780
0.020940
0.015103
-0.018098
-0.043831
-0.021148
0.019685
0.036775
0.010670
-0.024976
-0.037281
-0.020703
0.008469
0.031467
0.016689
-0.020698
-0.037807
-0.031517
0.003711
0.032108
0.031490
0.004483
-0.012094
-0.015959
-0.017942
0.004047
0.033049
0.042512
0.007154
-0.034365
-0.034249
0.003052
0.029569
0.022249
-0.011682
-0.028708
-0.019513
0.003183
0.025288
0.019260
-0.003257
-0.027591
-0.019139
-0.000228
0.010243
0.022603
0.011705
-0.000288
-0.006845
-0.008134
-0.007640
-0.009374
0.008027
0.019673
0.020510
-0.003652
-0.020177
-0.007359
0.011512
0.031394
0.014519
-0.002626
-0.018020
-0.018657
0.010509
0.021918
0.019121
-0.000377
-0.008113
-0.011879
-0.004314
0.013500
0.016585
0.010259
-0.002360
-0.018312
-0.025117
-0.006837
0.024959
0.039413
0.021053
-0.006166
-0.019983
-0.001838
0.009397
0.012215
0.000169
0.002853
0.010596
0.007539
0.009742
-0.000873
0.002148
0.004621
0.012937
0.009643
-0.001314
0.001552
0.005701
0.013594
0.016114
0.004421
-0.007209
-0.008185
0.008549
0.008452
0.000053
-0.007744
-0.007205
0.001789
-0.001333
0.000739
-0.006165
-0.003161
-0.005684
0.012643
0.032130
0.013542
-0.015869
-0.031360
-0.002917
0.015661
0.009592
-0.006124
-0.021444
-0.008662
0.008680
0.008765
0.003988
-0.004822
-0.005423
-0.007675
-0.008928
0.005300
0.011349
0.013682
-0.006052
-0.009994
-0.004276
-0.004280
0.005329
-0.000399
0.005513
-0.009733
-0.017668
-0.009010
0.005017
0.016901
0.004539
-0.010621
-0.015325
0.001277
0.004087
0.008099
0.007071
0.000344
-0.009226
-0.015768
-0.005432
-0.002986
-0.000139
0.000181
0.001397
0.003563
0.001211
-0.008992
-0.014167
-0.010082
0.014144
0.021123
0.001561
-0.005454
-0.011241
-0.003640
0.000167
0.000648
-0.005325
-0.010369
-0.011269
-0.007495
0.003558
-0.002243
-0.005270
-0.011563
-0.000367
0.012685
0.002426
-0.002415
-0.012736
0.002129
0.009295
-0.001815
-0.005522
-0.006259
0.011372
0.002459
-0.014622
-0.020899
-0.008950
0.013226
0.011456
0.002674
-0.006099
-0.007365
0.000326
0.008887
0.013143
0.006154
-0.013916
-0.012136
0.001755
0.013380
0.013376
-0.004681
-0.008842
-0.012473
-0.006332
-0.001919
0.007685
0.019021
0.003965
-0.013811
