0.000855
0.000835
0.000144
0.000348
0.000483
0.000414
0.001023
0.001544
0.002622
0.003813
0.004477
0.004283
0.004697
0.005488
0.005932
0.005561
0.006303
0.007188
0.007230
0.007200
0.007916
0.009222
0.009492
0.009473
0.009122
0.009258
0.009691
0.010092
0.010587
0.010350
0.010538
0.010834
0.011400
0.012277
0.013075
0.013310
0.012554
0.012996
0.013699
0.014808
0.015325
0.015191
0.015278
0.014685
0.014407
0.014567
0.014613
0.014924
0.015419
0.015775
0.015993
0.015953
0.016035
0.016258
0.016969
0.017330
0.017254
0.017564
0.017831
0.018127
0.018567
0.019037
0.019734
0.019976
0.019932
0.019819
0.019501
0.019552
0.020036
0.020472
0.020176
0.019001
0.018656
0.018730
0.019061
0.019190
0.018287
0.017869
0.018306
0.019342
0.020167
0.020057
0.019762
0.019423
0.019782
0.020605
0.020720
0.020920
0.019571
0.018878
0.018440
0.018789
0.018424
0.018183
0.017406
0.017050
0.016809
0.017716
0.018037
0.019724
0.019981
0.016622
0.019472
0.018524
0.015293
0.012045
0.018956
0.018383
0.017002
0.023216
0.027884
0.022495
0.015578
0.018189
0.011796
0.017222
0.024708
0.023788
0.012933
0.017258
0.026326
0.006510
0.002016
0.024351
0.030659
0.015560
0.008559
0.007300
0.010953
0.023151
0.027419
0.016897
0.008708
0.006923
0.005547
0.014739
0.012444
0.012275
0.025109
0.028187
0.001495
-0.008885
0.018180
0.020473
-0.002276
-0.010066
0.015023
0.009362
0.003841
0.026961
0.037061
0.004127
-0.029420
-0.002049
0.013736
-0.000389
-0.006768
0.009768
0.024089
0.019784
0.022406
0.011721
-0.033989
-0.028793
0.015687
0.040683
0.023873
0.030919
0.023023
-0.004882
-0.023114
-0.037319
0.038500
0.005236
0.012459
-0.018266
-0.060970
-0.042612
0.026483
0.130115
0.065863
-0.054746
-0.144060
-0.071773
0.027376
0.097293
0.053656
0.001272
-0.033415
-0.010479
-0.016730
-0.012024
0.023636
0.046221
0.009266
-0.105928
-0.051119
0.109545
0.147243
0.077014
-0.062658
-0.308370
-0.035135
0.073106
-0.011895
0.001668
-0.014708
0.012531
-0.044112
0.037050
0.027297
-0.021256
-0.170264
-0.127154
0.118192
0.244368
0.099585
-0.177841
-0.190162
-0.008649
0.115017
0.063979
-0.066030
-0.127246
-0.007277
0.072674
0.070169
-0.040207
-0.089896
0.059011
0.109945
-0.007170
-0.164690
-0.128758
-0.029312
0.092004
0.017329
-0.145261
-0.151859
-0.001663
0.183565
0.118304
-0.040803
-0.089116
-0.025368
0.000690
0.020880
0.052953
0.015586
-0.049873
0.072151
0.076323
-0.077754
-0.207935
-0.276249
-0.108125
0.189293
0.322005
0.128667
-0.121527
-0.251871
-0.285795
-0.039627
0.158450
0.097595
-0.045042
-0.018979
0.129174
0.031083
-0.105844
-0.041887
0.121638
0.119716
-0.065918
-0.225029
-0.131138
0.041694
0.146226
0.107831
-0.003515
-0.149804
-0.049996
-0.146560
-0.243562
-0.101019
0.021718
0.181147
0.136985
0.156518
0.056902
-0.140093
-0.287640
-0.126630
0.149499
0.394271
0.234467
-0.086106
-0.126327
-0.151466
-0.038632
0.090713
-0.008188
-0.034449
-0.065477
-0.087937
-0.086395
-0.069675
0.161637
0.149118
0.031944
-0.144553
-0.116718
-0.182380
-0.164879
0.038603
0.330159
0.369643
-0.040649
-0.330688
-0.418081
-0.054175
0.170165
0.240851
0.077011
-0.300776
-0.221369
0.053119
0.192493
0.143244
-0.164238
-0.133597
-0.003806
-0.069833
-0.018771
0.016989
0.105692
0.073353
-0.039444
-0.201265
-0.248950
0.020421
0.263376
0.388034
-0.035499
-0.387216
-0.188050
-0.002388
0.126412
0.033981
-0.013752
0.071925
0.158107
0.012487
-0.197326
-0.305370
-0.175229
0.190633
0.368702
0.102168
-0.290357
-0.273321
0.055904
0.271719
0.156500
-0.084943
-0.180287
-0.023498
0.189608
0.289403
0.127312
-0.128592
-0.280330
-0.197097
0.057620
0.203976
0.170865
-0.072561
-0.162555
-0.120374
0.195087
0.489156
0.207756
-0.334670
-0.702178
-0.157084
0.319430
0.454298
0.197543
-0.297001
-0.262581
0.000619
0.454803
0.293252
-0.297112
-0.585741
-0.265307
0.404086
0.624265
0.288310
-0.149074
-0.404850
-0.312899
-0.081691
0.199392
0.347499
0.092960
-0.227431
-0.335499
-0.099830
0.198901
0.252501
0.041246
-0.162930
-0.209473
0.060195
0.340093
0.289577
-0.101350
-0.506959
-0.331627
0.269746
0.658799
0.418075
-0.202212
-0.617313
-0.459347
0.122899
0.591010
0.547733
0.009053
-0.515628
-0.508605
-0.034885
0.398524
0.385329
-0.027193
-0.388402
-0.323486
0.223480
0.557761
0.339347
-0.232260
-0.593032
-0.236286
0.178183
0.494736
0.266594
-0.233391
-0.539548
-0.382132
0.274802
0.491750
0.265421
-0.066329
-0.138886
-0.034365
0.006301
-0.024951
-0.003222
-0.002046
-0.009649
0.043760
0.117014
0.070804
-0.169595
-0.194174
-0.035791
0.089414
0.015090
-0.132571
-0.071061
0.034989
0.044746
0.094805
0.038338
-0.032224
0.045287
0.138018
0.132451
-0.142805
-0.109193
0.150519
0.275965
0.177911
-0.114411
-0.281354
-0.327498
-0.245050
0.073050
0.384336
0.243052
-0.159079
-0.353471
-0.124877
0.055039
0.037137
0.075795
0.215933
0.201188
-0.002186
-0.116474
-0.004778
0.057145
-0.042803
-0.029674
0.055143
0.118339
0.021185
-0.069509
-0.075021
-0.081811
-0.145675
-0.108282
0.023672
0.114736
0.042503
-0.164191
-0.205459
0.021793
0.281425
0.235424
-0.071054
-0.275549
-0.139679
0.090482
0.235762
0.140173
0.015799
-0.009720
0.019593
0.084502
0.043879
-0.015722
-0.061564
0.024791
0.088568
0.046117
-0.065070
-0.128371
-0.015396
0.047139
0.004498
-0.072866
-0.102564
-0.034217
0.061899
0.145644
0.146358
-0.031801
-0.184452
-0.148859
0.005008
0.162844
0.158538
0.031947
-0.100840
-0.134627
-0.026385
0.140691
0.141239
-0.004491
-0.169242
-0.148967
0.027367
0.132750
0.069873
-0.101900
-0.121791
-0.028316
0.124099
0.104298
-0.073709
-0.240132
-0.184513
-0.007556
0.108663
0.035909
-0.169917
-0.253715
-0.194097
0.039480
0.159422
0.158568
0.044991
-0.040943
0.001541
0.054663
0.072215
0.060676
0.032089
-0.017513
0.010668
0.098618
0.133901
-0.001262
-0.192056
-0.200378
0.012950
0.148343
0.045348
-0.120502
-0.140976
-0.028020
0.014958
0.008817
-0.024345
-0.033138
-0.015009
0.036358
0.102765
0.061002
-0.046274
-0.100725
-0.004217
0.099287
0.096018
0.018532
-0.056851
-0.034254
0.049592
0.083329
0.037483
-0.101705
-0.155392
-0.048476
0.107882
0.125548
-0.008478
-0.091528
-0.069790
-0.003579
0.048286
0.036274
-0.040642
-0.055477
-0.037936
0.029426
0.004676
-0.007613
0.024502
0.007299
0.006798
-0.057679
-0.051560
-0.047544
-0.015575
0.017777
0.019939
0.005738
-0.041537
-0.033240
-0.023400
0.001359
-0.005656
0.019176
-0.009899
-0.049803
-0.043797
0.026846
0.065541
-0.019942
-0.054532
-0.065805
-0.002425
0.050702
0.050812
-0.013261
-0.046600
-0.037248
0.012691
0.056084
0.024012
-0.022135
-0.064741
-0.029639
0.000735
0.026993
0.029552
0.017884
-0.028157
-0.083685
-0.052231
0.039628
0.111686
0.071391
-0.043148
-0.103161
-0.042359
0.059676
0.109307
0.022210
-0.092260
-0.095155
0.007129
0.086306
0.029850
-0.062197
-0.087194
-0.029510
0.047505
0.057642
0.001947
-0.030240
-0.046699
-0.007616
0.056618
0.084253
0.023469
-0.039174
-0.045120
-0.009527
0.045371
0.049500
0.009996
-0.084616
-0.085197
-0.008540
0.077785
0.045021
-0.069454
-0.079741
-0.001400
0.061409
0.043805
-0.017873
-0.031394
0.004030
0.047728
0.073641
0.031456
-0.018711
-0.058203
-0.031279
0.030838
0.060921
0.037944
-0.004972
-0.029404
-0.026278
0.009330
0.016903
-0.019591
-0.021515
0.010869
0.035064
-0.000246
-0.045870
-0.019010
0.022451
0.038168
0.017587
-0.009340
-0.004258
0.008425
0.002527
0.015037
0.028978
0.057371
0.045362
0.005101
-0.046302
-0.070033
0.026900
0.101137
0.063469
-0.028721
-0.080893
-0.019387
0.037665
0.024761
-0.006292
-0.015977
0.019552
0.039709
0.033556
0.009413
-0.001967
-0.015478
-0.011717
-0.005961
0.008844
0.042638
0.024117
0.000249
-0.038623
-0.021291
0.032445
0.058647
0.040277
-0.016977
-0.007253
0.034511
0.030726
-0.017132
-0.050697
-0.028464
0.060967
0.055805
0.007972
-0.016168
-0.027667
0.002373
-0.012936
0.002518
0.029344
0.042613
0.013600
-0.040862
-0.026183
0.042725
0.069136
0.030385
-0.030154
-0.010455
0.048959
0.052906
0.004134
-0.046425
-0.016906
0.035548
0.050871
-0.006469
-0.044590
-0.051536
0.003470
0.036649
0.032779
0.012495
-0.012857
0.008781
-0.002175
-0.007133
-0.012943
0.013644
0.036897
0.029985
0.012948
0.020952
0.021658
0.009349
-0.012303
-0.029622
0.002587
0.046932
0.059797
0.019540
-0.031645
-0.026020
0.024617
0.059671
0.028270
-0.057718
-0.069617
-0.029589
0.042418
0.063264
0.009383
-0.050237
-0.069686
0.001259
0.080989
0.062875
-0.020809
-0.086693
-0.060607
0.016564
0.078245
0.099315
0.028393
-0.046154
-0.098325
-0.052057
0.037422
0.060977
0.041192
-0.024509
-0.044533
-0.022162
-0.004412
0.012816
-0.015789
-0.039460
-0.026974
0.020735
0.047317
0.012859
-0.036879
-0.060379
-0.031796
0.005509
0.045954
0.026131
-0.013590
-0.059646
-0.081723
-0.016550
0.045064
0.073230
0.016243
-0.059431
-0.078815
-0.029741
0.049235
0.044236
-0.025136
-0.076424
-0.059273
0.006131
0.043442
0.027341
-0.001904
-0.028229
-0.043230
-0.052460
-0.016185
0.055581
0.072655
0.006850
-0.066270
-0.073250
-0.006469
0.078264
0.063922
-0.018443
-0.110317
-0.109148
-0.033902
0.011509
0.003918
-0.036828
-0.017094
0.007668
0.011582
0.001369
-0.000449
0.004389
-0.009150
-0.014242
0.034580
0.078370
0.044103
-0.042531
-0.096240
-0.041314
0.048397
0.091143
0.038628
-0.042729
-0.078095
-0.043944
-0.010097
0.005169
0.017451
-0.000646
-0.026309
-0.063556
-0.044819
0.008497
0.051529
0.032174
-0.027045
-0.034737
0.000305
0.027774
-0.000960
-0.046153
-0.065047
-0.024972
0.042291
0.050996
-0.002306
-0.060498
-0.059601
0.001074
0.027396
0.020583
-0.000534
-0.004627
0.004747
-0.016956
-0.024192
-0.017171
0.018563
0.035468
0.002314
-0.035907
-0.052351
-0.023788
0.009547
0.010136
-0.028610
-0.050048
-0.024784
0.006980
0.011917
-0.018866
-0.028019
-0.011225
0.007436
0.003498
-0.025084
-0.012778
0.021667
0.040173
0.009698
-0.041146
-0.044729
-0.003476
0.044560
0.049625
0.010626
-0.029247
-0.038853
-0.023584
0.006573
0.024306
0.017972
-0.006061
-0.018422
-0.026834
-0.028830
-0.017184
0.014381
0.039565
0.017946
-0.011878
-0.029234
-0.019658
-0.003019
0.005698
0.021156
0.031814
0.033910
0.011697
-0.023753
-0.024302
-0.006306
0.027507
0.049163
0.013376
-0.026062
-0.040707
-0.020936
0.022698
0.030488
0.026204
0.009848
-0.022083
-0.030260
-0.019522
0.010989
0.035563
0.030670
0.002923
-0.040681
-0.050171
-0.010016
0.027536
0.043323
0.009306
-0.032910
-0.037367
-0.016433
0.010901
0.022243
0.028737
0.009305
-0.011711
-0.020264
0.004184
0.032612
0.037346
0.029183
-0.004651
-0.028927
-0.027083
0.001726
0.025090
0.014090
-0.013984
-0.032735
-0.021267
0.021177
0.038428
0.020801
-0.009633
-0.026663
-0.008554
0.022431
0.034124
0.011030
-0.025691
-0.032343
-0.001402
0.033420
0.041048
0.016924
-0.018837
-0.037979
-0.024440
0.015256
0.048817
0.040224
0.001118
-0.032074
-0.021256
0.006270
0.014674
0.012978
0.008441
0.005883
-0.008869
-0.022597
-0.015888
0.000580
0.025978
0.017438
-0.016567
-0.034431
-0.013821
0.028150
0.046678
0.031191
0.012230
-0.001389
-0.010049
-0.003470
-0.010896
0.004785
0.010990
0.008130
-0.000271
-0.012746
-0.012892
-0.013745
0.004917
0.022325
0.024511
0.000929
-0.030691
-0.040517
-0.012417
0.038658
0.065611
0.048694
-0.002058
-0.033062
-0.017755
0.016985
0.044686
0.036738
0.008548
-0.024364
-0.034872
-0.005518
0.032118
0.036664
0.003819
-0.025279
-0.019971
0.001280
0.025513
0.026913
0.008938
-0.005675
-0.007836
0.024293
0.029714
0.005169
-0.018594
-0.027695
-0.002181
0.021708
0.049500
0.043960
0.003811
-0.041769
-0.060025
-0.013940
0.046210
0.062548
0.010640
-0.043896
-0.049302
0.000494
0.042952
0.035677
-0.007854
-0.041759
-0.010527
0.032408
0.035908
0.000965
-0.035981
-0.014773
0.017384
0.034575
0.021862
-0.021544
-0.046576
-0.042871
0.005880
0.039444
0.040489
-0.008867
-0.040764
-0.037352
0.007303
0.059552
0.044811
-0.000362
-0.068955
-0.050486
0.017989
0.066370
0.054265
-0.011791
-0.060033
-0.062396
-0.009168
0.045562
0.045882
0.010087
-0.031805
-0.051503
-0.010300
0.027211
0.028411
-0.003729
-0.039754
-0.021686
0.015436
0.040401
0.025906
-0.020324
-0.036749
-0.015028
0.029962
0.033069
-0.001913
-0.041512
-0.047154
-0.016132
0.032600
0.053425
0.012780
-0.038851
-0.069949
-0.024978
0.035829
0.053974
0.018862
-0.035167
-0.043069
-0.010310
0.028012
0.043479
0.018735
-0.024972
-0.046888
-0.032813
0.004165
0.027963
0.023646
-0.004902
-0.034848
-0.028580
0.001554
0.014691
0.004145
-0.022728
-0.023439
-0.003090
0.016490
0.011117
-0.001317
-0.002931
-0.006444
0.000682
0.005365
0.009047
-0.004634
-0.010233
-0.005720
-0.003879
-0.000918
-0.004149
0.002889
-0.011874
-0.025361
-0.022227
-0.003272
0.016649
0.009770
0.008312
0.014632
0.011001
-0.015171
-0.039664
-0.036290
0.003375
0.037525
0.029333
-0.006820
-0.042674
-0.034603
-0.002667
0.021472
0.018445
-0.003346
-0.008590
-0.020093
-0.013411
0.004468
0.018815
0.022368
-0.004038
-0.013377
-0.007477
0.006682
0.005755
0.001378
-0.003568
-0.009319
-0.009484
-0.019494
-0.011593
-0.006721
0.002472
0.008602
-0.000879
-0.014103
-0.026626
-0.019024
0.011119
0.030511
0.030133
0.005438
-0.032988
-0.033540
-0.013861
0.025284
0.038673
0.013468
-0.024317
-0.046730
-0.024279
0.003740
0.019448
0.005889
-0.011580
-0.029178
-0.021856
-0.004449
-0.002033
0.004337
0.002969
0.007742
-0.002347
-0.017263
0.002110
0.013604
0.010114
-0.008688
-0.013978
0.010344
0.021392
0.016399
-0.010965
-0.019727
-0.018595
-0.004246
0.008954
0.010425
0.004076
-0.009404
-0.005243
-0.005010
0.000168
0.004612
0.008378
0.015805
0.003685
-0.004336
-0.008686
-0.004597
0.007233
0.010784
0.009560
-0.000153
-0.009838
-0.021250
-0.008155
0.012534
0.032035
0.026762
-0.006584
-0.029880
-0.015681
0.018301
0.035989
0.022183
-0.015941
-0.035098
-0.010520
0.023970
0.042901
0.028012
-0.022929
-0.051539
-0.060082
0.001269
0.062826
0.056939
-0.000812
-0.071515
-0.071639
-0.027397
0.028492
0.053832
0.030723
-0.010347
-0.040581
-0.037482
-0.008707
0.031237
0.052786
0.016062
-0.041285
-0.055184
-0.009262
0.032388
0.030944
-0.010748
-0.050070
-0.044658
-0.003760
0.031213
0.026752
-0.000177
-0.030613
-0.032554
-0.009770
0.016338
0.033072
0.014443
-0.016662
-0.031575
-0.020742
0.010905
0.021256
0.013657
-0.000163
-0.002443
0.000022
-0.006087
-0.015345
-0.008559
0.011363
0.019594
-0.001615
-0.029721
-0.023105
-0.003659
0.015206
0.011048
0.005068
0.007522
0.001991
-0.002572
-0.004809
0.003082
0.013703
0.012083
-0.002762
-0.013030
-0.013778
-0.000805
0.014789
0.013392
-0.001058
-0.011471
-0.010791
-0.002871
0.012592
0.026087
0.023637
-0.002492
-0.027724
-0.025642
-0.001172
0.028832
0.037466
0.007412
-0.027881
-0.037714
-0.008578
0.035242
0.052841
0.027650
-0.011511
-0.027336
-0.018317
0.001958
0.024133
0.039305
0.017802
-0.014584
-0.035863
-0.014444
0.022561
0.035592
0.026019
-0.001520
-0.016190
-0.016188
-0.002740
0.010364
0.013782
0.007628
-0.002128
-0.009809
-0.011118
0.003454
0.014559
0.014534
0.016941
0.005935
0.001456
-0.003761
0.000111
0.009377
0.021561
0.018439
-0.009070
-0.011189
-0.003106
0.017215
0.017152
-0.000634
-0.014627
-0.018660
-0.001611
0.021194
0.023364
0.006754
-0.006060
-0.007104
0.001477
0.005778
-0.000125
-0.001668
0.000352
0.008282
0.000840
-0.013892
-0.008229
0.000177
0.014865
0.013169
0.013277
0.011936
0.000985
-0.005153
-0.004441
0.009137
0.020946
0.013357
-0.000539
-0.009499
-0.000778
0.010242
0.007379
0.006547
-0.000619
-0.003443
0.000744
0.005960
0.004861
-0.004479
-0.008261
-0.000820
0.011626
0.020223
0.011808
-0.004392
-0.021414
-0.009642
0.014605
0.022417
0.009667
-0.016772
-0.020195
-0.006175
0.019610
0.026855
0.014503
-0.006487
-0.015413
-0.006187
0.005202
0.014997
0.007966
-0.011617
-0.032089
-0.026724
0.001398
0.018738
0.010477
-0.018252
-0.025810
-0.014514
0.006090
0.019478
0.005535
-0.006704
-0.012408
-0.000021
0.005035
0.002002
-0.003251
-0.004198
-0.001756
-0.006857
-0.010192
-0.010201
-0.002709
-0.004856
-0.009129
-0.009031
-0.003765
-0.003192
-0.005864
-0.003100
0.000859
0.009440
0.014215
0.006415
-0.010788
-0.018345
-0.017818
-0.004552
0.010355
0.004650
-0.004481
-0.027371
-0.022559
0.005992
0.010412
0.002970
-0.020116
-0.029226
-0.014707
-0.002798
0.009578
0.010897
0.001084
-0.006217
-0.014878
-0.011521
-0.004193
-0.002909
-0.005339
-0.014606
-0.018548
-0.012321
-0.005034
0.001282
-0.008014
-0.022207
-0.024178
-0.013622
0.001732
0.001512
-0.006047
-0.013013
-0.016356
-0.014032
-0.012812
-0.009325
-0.000244
0.002740
-0.005707
-0.008829
-0.003816
-0.001584
-0.003467
-0.008785
-0.007668
-0.003658
-0.003706
-0.001831
-0.006966
-0.007082
-0.002665
-0.003796
-0.000669
-0.002297
-0.001016
-0.005036
-0.006592
0.005970
0.005925
0.000899
-0.005156
-0.008249
-0.002096
-0.004113
-0.000493
-0.000270
0.001604
0.002634
-0.004156
-0.009310
-0.013520
0.005218
0.013691
0.004546
-0.014805
-0.023529
-0.005244
0.016916
0.021256
-0.001523
-0.028998
-0.032734
-0.009044
0.020924
0.034080
0.013024
-0.013368
-0.028142
-0.021481
0.004911
0.025695
0.011192
-0.018226
-0.032024
-0.019396
0.008433
0.016152
0.004821
-0.014221
-0.013459
-0.012010
0.007340
0.018736
0.003000
-0.009273
-0.020187
-0.005995
0.006158
0.006341
-0.000130
-0.012710
-0.006086
0.007803
0.010526
0.003533
-0.016634
-0.021008
-0.007409
0.008887
0.009131
0.001847
-0.003670
-0.006873
0.002933
0.011157
0.011645
-0.000474
-0.007189
-0.008904
-0.006030
-0.001989
0.003207
0.012743
0.006424
-0.005519
-0.015970
-0.013908
0.006594
0.019306
0.024975
0.009482
-0.006607
-0.006633
-0.001689
0.008209
0.006152
0.003346
-0.001577
