0.003945
0.004253
0.004077
0.003767
0.003275
0.003582
0.003825
0.003852
0.003877
0.003664
0.003434
0.003285
0.003460
0.003480
0.003616
0.003460
0.003154
0.003012
0.003317
0.003941
0.003991
0.003872
0.004007
0.004069
0.003822
0.003540
0.003257
0.003285
0.003153
0.003428
0.004052
0.004121
0.004161
0.003771
0.003532
0.003640
0.003937
0.004099
0.003612
0.003138
0.003248
0.003731
0.003924
0.003751
0.003755
0.003581
0.003222
0.003184
0.002959
0.002862
0.002796
0.002915
0.003021
0.003018
0.002625
0.002484
0.002684
0.002630
0.002365
0.002221
0.002326
0.002314
0.002408
0.002519
0.002486
0.002113
0.002297
0.002454
0.002305
0.002144
0.001978
0.002127
0.002167
0.002203
0.002211
0.001969
0.001780
0.001650
0.001822
0.002131
0.002686
0.002784
0.002666
0.002462
0.001904
0.001970
0.001990
0.002298
0.002496
0.002708
0.002679
0.002814
0.002725
0.002561
0.003030
0.003408
0.003424
0.003271
0.003343
0.003281
0.003384
0.003369
0.003801
0.004005
0.004203
0.004234
0.004308
0.004468
0.004424
0.004591
0.005110
0.005179
0.005370
0.005701
0.005533
0.005485
0.005323
0.005758
0.005890
0.005973
0.005527
0.005583
0.005624
0.005213
0.005396
0.005460
0.005638
0.005516
0.005042
0.004996
0.004565
0.004131
0.004190
0.003369
0.003430
0.003365
0.003184
0.003201
0.002743
0.002439
0.001985
0.001591
0.001414
0.001375
0.001460
0.001340
0.001351
0.001166
0.000662
0.000619
0.000356
0.000481
0.000538
0.000337
0.000040
0.000027
-0.000252
0.000292
0.000573
0.000552
0.000405
-0.000189
-0.000166
-0.000298
0.000145
-0.000296
-0.000555
-0.000333
0.000148
0.000289
0.000128
0.000278
-0.000222
-0.000473
-0.000844
-0.001266
-0.001185
-0.000923
-0.000509
-0.000980
-0.001320
-0.001308
-0.001302
-0.001368
-0.001583
-0.001767
-0.001941
-0.001662
-0.001473
-0.001395
-0.001701
-0.001876
-0.002099
-0.002108
-0.002267
-0.002373
-0.002656
-0.003112
-0.003275
-0.003586
-0.003475
-0.003739
-0.003367
-0.003497
-0.003553
-0.003400
-0.003765
-0.003884
-0.004053
-0.003787
-0.004228
-0.004266
-0.004410
-0.004405
-0.004385
-0.004268
-0.004086
-0.004812
-0.004922
-0.004969
-0.005277
-0.005190
-0.005031
-0.004933
-0.004894
-0.005177
-0.005192
-0.004852
-0.004497
-0.004573
-0.004577
-0.005020
-0.005296
-0.005208
-0.005197
-0.004906
-0.005309
-0.005615
-0.006276
-0.006676
-0.006409
-0.006620
-0.006589
-0.006718
-0.006832
-0.006808
-0.006829
-0.006960
-0.007097
-0.007206
-0.007605
-0.007868
-0.008116
-0.008419
-0.008540
-0.008703
-0.009111
-0.009297
-0.009350
-0.009600
-0.009713
-0.009496
-0.009359
-0.009359
-0.009099
-0.009085
-0.009452
-0.009022
-0.008816
-0.008946
-0.008634
-0.008780
-0.008410
-0.008164
-0.007928
-0.008017
-0.008081
-0.007968
-0.008552
-0.008684
-0.008906
-0.008996
-0.009083
-0.009023
-0.008778
-0.008747
-0.008461
-0.008445
-0.008457
-0.008472
-0.008513
-0.007919
-0.007581
-0.007555
-0.007713
-0.007516
-0.007741
-0.007911
-0.007748
-0.007696
-0.007585
-0.007034
-0.006513
-0.006416
-0.006284
-0.006694
-0.006485
-0.006371
-0.005847
-0.005689
-0.005868
-0.005654
-0.005552
-0.005381
-0.005497
-0.005567
-0.005745
-0.005769
-0.006038
-0.006146
-0.005822
-0.005697
-0.005600
-0.005507
-0.005438
-0.005637
-0.005950
-0.005934
-0.005745
-0.005870
-0.005980
-0.005869
-0.005793
-0.005974
-0.005669
-0.005156
-0.005349
-0.005277
-0.005377
-0.005215
-0.005159
-0.004919
-0.004670
-0.004639
-0.004376
-0.004027
-0.003325
-0.003071
-0.003127
-0.003077
-0.002197
-0.002009
-0.001251
-0.000985
-0.001351
-0.001132
-0.000826
0.000235
0.000469
0.000415
0.000294
0.000912
0.001452
0.001928
0.001851
0.001493
0.001893
0.002434
0.003093
0.003436
0.003762
0.003584
0.003634
0.003845
0.004228
0.004909
0.004885
0.004836
0.005172
0.004788
0.004819
0.005011
0.005008
0.005206
0.005449
0.006115
0.006425
0.006729
0.007066
0.006959
0.006902
0.006983
0.007001
0.007116
0.007116
0.007162
0.007031
0.007215
0.007529
0.007605
0.007828
0.007752
0.007571
0.007426
0.007767
0.007955
0.007577
0.007601
0.008078
0.008766
0.009386
0.009479
0.009558
0.009970
0.010140
0.010344
0.009936
0.009706
0.009507
0.009252
0.009886
0.010268
0.009985
0.008885
0.007890
0.007892
0.008403
0.008665
0.008757
0.008371
0.008121
0.008242
0.008494
0.008663
0.008847
0.008584
0.008200
0.008558
0.009072
0.009560
0.009797
0.010061
0.010007
0.010681
0.011172
0.011216
0.010877
0.010314
0.009764
0.009181
0.009174
0.008737
0.008347
0.008212
0.008897
0.009594
0.009686
0.009398
0.008946
0.008352
0.008275
0.008740
0.008659
0.008419
0.008609
0.008711
0.008498
0.008741
0.009010
0.009205
0.008502
0.007816
0.007823
0.007984
0.008576
0.008639
0.008500
0.008131
0.008244
0.009107
0.008956
0.008662
0.008597
0.008388
0.008890
0.009625
0.009334
0.008955
0.009122
0.009965
0.009158
0.007780
0.008666
0.009371
0.009509
0.008776
0.009328
0.009913
0.009050
0.008290
0.007538
0.006857
0.006360
0.007489
0.007093
0.004930
0.004333
0.005753
0.006805
0.005338
0.004392
0.005540
0.006936
0.007193
0.006087
0.005169
0.005381
0.005325
0.004441
0.003139
0.002379
0.002475
0.002849
0.001484
-0.001155
-0.001735
-0.000596
0.001396
0.002067
0.001096
0.000198
0.000170
0.000951
0.000655
-0.000664
-0.001858
-0.001933
-0.000557
0.000622
-0.000008
-0.002331
-0.004023
-0.004155
-0.003678
-0.003081
-0.002688
-0.003278
-0.004830
-0.005471
-0.005268
-0.005158
-0.006245
-0.007345
-0.006644
-0.005819
-0.005874
-0.006814
-0.007378
-0.007648
-0.008108
-0.009515
-0.010132
-0.008081
-0.006882
-0.006470
-0.007670
-0.009406
-0.009982
-0.008401
-0.005886
-0.005933
-0.008022
-0.009616
-0.009629
-0.011224
-0.012391
-0.011817
-0.011213
-0.011372
-0.011955
-0.010989
-0.010566
-0.013650
-0.016683
-0.014502
-0.010650
-0.010292
-0.012889
-0.014519
-0.013969
-0.013488
-0.013093
-0.012675
-0.012803
-0.013500
-0.012624
-0.010102
-0.008676
-0.010298
-0.012915
-0.015081
-0.015767
-0.013731
-0.010437
-0.007950
-0.008557
-0.010495
-0.011229
-0.010171
-0.009220
-0.009017
-0.010007
-0.010871
-0.010706
-0.010868
-0.011567
-0.012034
-0.011180
-0.009563
-0.007480
-0.007119
-0.008177
-0.009221
-0.009984
-0.010485
-0.010438
-0.009438
-0.008948
-0.009397
-0.009858
-0.009145
-0.008393
-0.007415
-0.006726
-0.006265
-0.006506
-0.007233
-0.007685
-0.006241
-0.005481
-0.006487
-0.008359
-0.009368
-0.009007
-0.006158
-0.002593
-0.002989
-0.005528
-0.009404
-0.009815
-0.010135
-0.007168
-0.011232
-0.015112
-0.017929
-0.016318
-0.015523
-0.014674
-0.015920
-0.010119
0.002273
0.012853
0.039628
0.036910
0.023535
0.012464
-0.001276
-0.021995
-0.035670
-0.015642
0.001962
-0.000039
-0.002639
0.014866
0.014393
-0.017873
-0.028027
-0.022510
-0.027202
-0.024080
-0.001040
0.031886
0.037815
0.037448
0.032117
0.020166
-0.013766
-0.037277
-0.009550
-0.005099
0.006190
-0.004651
-0.011001
0.004727
0.011290
0.002611
0.013989
-0.032129
-0.042131
-0.045475
-0.006440
0.048696
0.013763
0.086994
-0.022104
-0.057836
-0.032183
-0.023255
0.040136
0.012069
0.005564
0.013099
0.016658
-0.012806
-0.028925
-0.035111
-0.008322
0.155765
0.151673
-0.045846
-0.019585
0.011351
-0.034452
-0.108801
-0.064860
0.101863
0.136635
-0.015946
-0.088164
-0.039816
0.026824
0.094260
0.121761
0.070179
-0.114323
-0.148457
-0.065125
0.041796
0.058166
0.058721
0.048758
0.000755
-0.003733
0.003387
0.002384
-0.039886
-0.026623
0.031439
0.078341
0.051504
-0.020669
-0.113897
-0.081758
0.049463
0.159223
0.076927
-0.038566
-0.055164
-0.065611
0.007035
0.096547
0.059094
-0.077001
-0.096707
-0.009903
0.183034
0.211414
-0.020209
-0.256503
-0.282189
-0.027499
0.271686
0.211810
-0.085231
-0.248720
-0.113360
0.132303
0.291503
0.266986
-0.052852
-0.346354
-0.202686
0.111500
0.110217
0.048178
0.056994
0.089102
0.023891
-0.099490
-0.195272
-0.159522
-0.063522
0.092681
0.247465
-0.028411
-0.145378
0.107227
0.046233
-0.000561
-0.017773
-0.142635
-0.032790
0.068642
0.030664
0.169192
0.301756
-0.045574
-0.310647
-0.328962
-0.203952
0.005186
0.311033
0.451607
0.245261
-0.191885
-0.525127
-0.287083
0.094451
0.262661
0.064836
-0.129520
-0.277642
-0.061913
0.156924
0.120754
-0.006661
0.051608
0.332253
-0.093732
-0.308366
-0.244143
0.084231
0.390484
0.079754
-0.057529
-0.050190
0.200820
0.151431
-0.257435
-0.379777
-0.218893
0.288937
0.495934
0.155985
-0.284293
-0.359269
0.030013
0.183147
-0.081956
-0.080149
0.163885
0.128958
0.118038
0.152132
-0.120608
-0.205880
-0.179064
0.009209
0.239077
0.141518
0.045443
-0.106151
0.057915
0.036355
-0.061520
-0.030240
-0.089571
-0.132566
-0.039791
0.189484
0.133775
0.076825
-0.012502
-0.174685
-0.324906
-0.168808
0.065901
0.211414
0.248873
0.070621
-0.113445
-0.259198
-0.204035
0.101450
0.248668
0.194079
-0.034295
-0.213233
-0.034353
0.072279
0.067679
-0.039726
-0.108151
-0.035240
0.067361
0.213599
0.164121
-0.187672
-0.335950
-0.149753
0.266741
0.318903
0.124731
-0.089433
-0.213064
-0.039442
-0.026287
0.023651
-0.046244
0.157675
0.192660
0.030744
-0.265939
-0.393627
0.042886
0.212814
0.244324
-0.059946
-0.223943
-0.023105
0.179921
0.224446
-0.007202
-0.200442
-0.150609
0.086501
0.285546
0.141250
-0.077806
-0.213311
-0.036067
0.261288
0.156600
-0.006029
-0.136563
-0.144211
-0.276091
-0.163333
0.224428
0.462917
0.300850
-0.151858
-0.334395
-0.286242
-0.009132
0.134344
0.089715
0.056131
-0.055067
-0.072037
0.023833
0.049430
-0.023345
-0.209775
-0.229133
-0.055614
0.322992
0.437117
0.100005
-0.329685
-0.524915
-0.045603
0.352201
0.377577
0.000007
-0.345077
-0.140596
0.158668
0.286865
-0.078307
-0.414343
-0.318497
0.048254
0.367124
0.222690
-0.068556
-0.268978
-0.075820
0.224543
0.316573
0.012918
-0.476755
-0.416089
0.171959
0.696700
0.348936
-0.276478
-0.542542
-0.232002
0.176071
0.198553
-0.002341
-0.162812
-0.064778
0.084060
0.240624
0.124444
-0.172425
-0.373208
-0.260428
0.150844
0.371514
0.216370
0.063813
-0.174231
-0.307298
-0.333469
-0.099826
0.252812
0.392404
0.398648
-0.041343
-0.414874
-0.533145
-0.165886
0.183757
0.320878
0.219817
-0.234947
-0.438395
-0.275659
0.132056
0.268189
0.070326
-0.137557
-0.043201
0.181758
0.267410
-0.014461
-0.307450
-0.278929
0.089013
0.460375
0.502704
0.193697
-0.449704
-0.744873
-0.452072
0.168894
0.481990
0.178119
-0.315126
-0.393404
-0.128873
0.148510
0.284363
0.201272
-0.009659
-0.196418
-0.096639
0.080376
0.101065
-0.025396
-0.111397
0.024797
0.279315
0.332302
0.005957
-0.384742
-0.518050
-0.418163
-0.282787
-0.114138
0.012808
0.258231
0.484212
0.488971
0.294651
-0.107549
-0.530648
-0.715718
-0.207293
0.598866
0.812076
0.046661
-0.730685
-0.747989
-0.231513
0.242249
0.296917
0.211254
0.116773
0.016990
-0.023516
0.121295
0.126880
-0.123152
-0.280990
-0.059081
0.413433
0.550202
0.180732
-0.316450
-0.464576
-0.203610
0.145120
0.292853
0.068148
-0.181866
-0.264043
-0.136937
0.133693
0.242308
0.166997
-0.040376
-0.149329
-0.025069
0.145867
0.167308
0.086765
-0.029569
-0.023092
-0.006672
-0.027783
-0.055635
-0.010979
0.100563
-0.032768
-0.318919
-0.510757
-0.283452
0.080698
0.244886
0.149538
0.007896
0.040384
0.198999
0.377218
0.181197
-0.182082
-0.402764
-0.191157
0.320291
0.568911
0.329344
-0.264765
-0.560520
-0.281785
0.231231
0.439899
0.133497
-0.307843
-0.450454
-0.132673
0.282001
0.347590
0.102735
-0.168857
-0.163281
0.026357
0.159460
0.085766
-0.088630
-0.097320
0.017388
0.092851
-0.003088
-0.107749
-0.055444
0.071802
0.153503
0.073271
-0.015355
0.024152
0.085918
0.105036
0.048326
-0.059603
-0.123216
-0.006811
0.162731
0.217638
0.054106
-0.121542
-0.151531
-0.066473
0.119749
0.143702
0.022670
-0.150038
-0.153812
0.018568
0.181214
0.192488
-0.005839
-0.148787
-0.120181
0.047652
0.211176
0.180765
0.003808
-0.207566
-0.195294
0.050066
0.229918
0.159539
-0.117636
-0.196734
-0.039422
0.151027
0.124243
-0.019613
-0.076175
-0.052707
0.045442
0.133566
0.145654
-0.000240
-0.116335
-0.090706
0.070291
0.151962
0.087582
-0.055231
-0.128341
-0.053539
0.073903
0.130009
0.064164
-0.053833
-0.079429
0.057763
0.112637
-0.000495
-0.153035
-0.074203
0.111624
0.171697
0.041855
-0.104709
-0.088541
0.008654
0.087970
0.063186
-0.006190
-0.014952
0.000103
-0.040131
-0.033199
0.024698
0.057824
0.036455
-0.049886
-0.086261
0.005863
0.100920
0.085027
0.007906
-0.070341
-0.092569
-0.063074
0.014053
0.109964
0.104049
0.039281
-0.036970
-0.080325
-0.059665
0.009859
0.069111
0.028030
-0.011052
-0.035465
-0.007315
0.055436
0.021519
-0.040196
-0.059888
-0.016503
0.047486
0.072331
0.036490
-0.032418
-0.044161
0.023954
0.066467
0.015374
-0.036074
-0.053752
-0.036989
0.027375
0.058838
0.053812
-0.001479
-0.048276
-0.061164
-0.021604
0.041128
0.035056
-0.031922
-0.097332
-0.043869
0.056312
0.090231
-0.010010
-0.109147
-0.085313
0.023718
0.098084
0.042032
-0.059351
-0.078593
-0.016346
0.015690
0.019881
0.027789
0.017073
-0.003330
-0.037642
-0.045963
0.006121
0.032503
0.023140
-0.038367
-0.069322
-0.035277
0.009423
0.020191
-0.041699
-0.037202
-0.013723
-0.011541
-0.002004
-0.042144
-0.064316
-0.041597
0.010336
0.030257
-0.018106
-0.050388
-0.053768
-0.030465
-0.019868
0.004471
0.039721
0.041645
0.031234
-0.026745
-0.058409
-0.054536
-0.003860
0.037078
0.054017
0.009838
-0.068673
-0.057612
-0.010753
0.039686
0.021613
-0.025248
-0.053332
-0.054611
-0.004838
0.029615
0.007126
-0.013982
-0.042676
-0.030502
0.014947
0.044877
0.013489
-0.045085
-0.078040
-0.054847
0.032457
0.067500
0.034396
-0.072075
-0.083357
-0.053138
0.005921
0.045082
0.002457
-0.024460
-0.059003
-0.020018
0.017981
0.006686
-0.019206
-0.018127
0.007983
0.012076
-0.024892
-0.029610
-0.001952
0.015613
-0.000698
-0.019877
0.022372
0.012565
-0.030015
-0.063132
-0.027604
0.029956
0.041945
0.004051
-0.035609
-0.027204
-0.033113
-0.029812
-0.017299
-0.000407
-0.013478
0.005521
0.025252
-0.004468
-0.027084
-0.011506
0.013251
0.025252
-0.013806
-0.035063
-0.023969
-0.003785
0.024327
0.006359
-0.003984
-0.024940
0.004329
0.018489
0.031703
0.019415
-0.010874
-0.033238
-0.026549
0.037564
0.059294
0.040058
-0.047721
-0.082923
-0.032481
0.049327
0.043414
-0.025452
-0.041542
-0.024387
0.007711
0.000064
-0.028067
-0.008811
0.022519
0.045448
0.042535
0.019206
-0.001276
-0.034885
-0.009684
-0.004765
0.018988
0.043380
0.039441
0.008459
-0.043512
-0.045965
-0.026078
0.010599
0.009719
0.002159
-0.010366
0.012806
0.029729
0.001667
-0.030818
-0.046481
-0.010553
0.058028
0.052653
0.001332
-0.069180
-0.076116
-0.007190
0.033288
0.077807
0.043332
0.003317
-0.045095
-0.057607
-0.044276
-0.010380
0.056779
0.063953
0.039512
-0.045790
-0.082201
-0.038720
0.008269
-0.002150
-0.038211
-0.040312
-0.031907
-0.012637
0.007792
0.014309
0.012761
0.017931
0.046685
0.038293
-0.014556
-0.026333
0.004397
0.060698
0.062773
0.024012
-0.012449
-0.023052
-0.012536
-0.008600
0.010782
0.041266
0.048840
0.012653
-0.034902
-0.064054
-0.018669
0.037442
0.036183
-0.040522
-0.086893
-0.029296
0.034367
0.073494
0.039448
-0.030250
-0.054210
-0.008909
0.030535
0.018956
0.016945
0.021193
0.041057
0.036997
-0.007221
-0.019220
0.004220
0.035776
0.029915
-0.012304
-0.033275
-0.021613
-0.000918
0.011233
0.001654
-0.011907
-0.021692
-0.006719
0.016478
-0.003700
-0.012173
-0.006325
0.020014
0.024376
0.004246
0.001063
0.003571
0.007361
-0.002320
-0.002426
-0.015392
-0.004480
0.021409
0.038954
0.015411
-0.038320
-0.056459
-0.026604
0.035091
0.062601
0.037835
-0.007268
-0.033205
-0.020829
0.010286
0.039013
0.054909
0.021318
-0.029503
-0.057262
-0.032389
0.006573
0.025836
0.012773
0.002674
-0.002535
-0.006712
0.020176
0.026239
0.044592
0.033107
0.017274
0.000303
-0.013243
0.018118
0.030827
0.025046
0.008683
-0.005861
-0.017774
-0.017479
-0.007629
0.023266
0.024372
0.010144
-0.001494
-0.030377
-0.008534
0.027471
0.044639
0.037494
0.003920
-0.020369
-0.020211
-0.007418
0.030529
0.038393
0.029181
0.007371
-0.035731
-0.044538
-0.020079
0.036241
0.051646
0.023026
-0.005735
-0.017380
0.010458
0.040128
0.030076
0.005056
-0.001869
0.007863
0.005596
0.009690
0.012147
0.022977
0.013066
-0.012096
-0.027641
-0.019797
0.014998
0.019999
0.024075
-0.003846
-0.018010
-0.011776
0.013167
0.046132
0.041930
0.017113
-0.022099
-0.029337
-0.007767
0.010844
0.015377
-0.005150
-0.031478
-0.033255
-0.016500
0.017434
0.043758
0.033855
-0.011195
-0.036468
-0.021135
0.016509
0.058175
0.047429
-0.003325
-0.036890
-0.026094
0.004337
0.038621
0.038340
0.008929
-0.034741
-0.054004
-0.019994
0.014059
0.038713
0.022897
-0.018714
-0.043445
-0.024423
0.012466
0.033835
0.023433
0.003855
-0.011024
-0.012947
-0.017845
-0.015765
0.010466
0.019106
0.007328
-0.012451
-0.001319
-0.000182
-0.011287
-0.015547
-0.007555
0.011375
0.032260
0.028593
-0.007204
-0.026558
-0.039172
-0.021457
0.017768
0.037937
0.039283
0.002184
-0.041918
-0.048846
-0.004286
0.034407
0.036630
0.010899
-0.028335
-0.029933
-0.028396
0.004808
0.017127
0.008043
-0.006980
-0.037648
-0.025931
-0.007371
0.028490
0.023691
-0.005493
-0.031062
-0.054088
-0.028371
0.004705
0.034678
0.022599
-0.000849
-0.016048
-0.033335
-0.016135
-0.010881
0.000557
-0.007542
0.007073
0.019845
-0.016622
-0.038993
-0.043254
-0.005998
0.028198
0.034657
0.001494
-0.030123
-0.025673
-0.004854
0.011108
0.003474
-0.011459
-0.015296
0.006293
0.025690
0.003358
-0.036820
-0.050291
-0.035627
0.004467
0.028431
0.015179
-0.022595
-0.045569
-0.029761
-0.023654
-0.004673
0.017580
0.026916
-0.000657
-0.043697
-0.045346
-0.026785
0.016324
0.034390
0.013302
-0.033364
-0.057130
-0.049128
-0.004508
0.041307
0.034068
-0.003030
-0.050801
-0.054245
-0.024631
0.022778
0.029477
-0.016125
-0.038506
-0.030087
-0.010930
0.006717
-0.014573
-0.023115
-0.023176
-0.017083
0.004674
-0.000170
-0.005350
-0.022069
-0.015959
-0.010504
-0.011136
-0.018475
-0.016032
0.006606
0.013348
-0.008895
-0.046718
-0.048031
-0.032814
0.003826
0.030434
0.020180
0.002598
-0.011978
-0.017589
-0.022685
-0.013946
0.002954
0.015357
0.009054
-0.017888
-0.034291
-0.029265
0.002819
0.013742
0.002762
-0.020704
-0.027249
-0.008778
0.017835
0.025321
-0.010894
-0.028961
-0.023718
0.010073
0.029678
0.019989
-0.010585
-0.034654
-0.026147
0.000020
0.021908
0.027818
0.005693
-0.035876
-0.058383
-0.036179
0.014308
0.037695
0.036201
-0.019243
-0.054079
-0.043126
0.003564
0.047957
0.046663
0.018596
-0.023352
-0.026367
-0.008163
0.014744
0.030302
0.035179
0.005184
-0.030948
-0.044037
-0.024662
0.012757
0.038800
0.020374
-0.011800
-0.022706
-0.008836
0.010437
0.020343
0.020010
0.002294
0.001376
0.000636
0.009602
0.005194
-0.002138
-0.007033
-0.009838
-0.000107
0.015342
0.006268
0.005137
0.001137
-0.023027
-0.025211
-0.009516
0.015849
0.034798
0.036632
0.007617
-0.020263
-0.035894
0.002267
0.026205
0.038425
0.027291
-0.008397
-0.008215
-0.003365
0.017311
0.002231
-0.009751
-0.008986
-0.008368
0.017539
0.020980
0.001579
-0.003342
0.007127
0.032460
0.023825
0.018469
0.005592
-0.010717
0.008215
0.024693
0.033486
0.002563
-0.010867
-0.015382
0.013183
0.041163
0.025005
0.002871
-0.018630
-0.003802
0.016462
0.049423
0.045236
0.017637
0.013646
-0.004530
-0.006713
0.011503
0.061737
0.087020
0.036166
-0.025220
-0.060741
-0.033868
0.043162
0.078155
0.051337
-0.002040
-0.052304
-0.039678
0.012196
0.053773
0.065899
0.036533
0.004639
-0.022432
-0.015822
0.021628
0.051865
0.055167
0.016034
-0.021313
-0.024667
-0.000775
0.030791
0.026118
0.011331
-0.013227
-0.031349
-0.007539
0.037394
0.055713
0.024924
-0.007647
-0.031757
-0.012646
0.028441
0.056665
0.028817
-0.014140
-0.024719
-0.003473
0.020603
0.025027
0.030195
0.013586
0.001140
-0.008805
-0.019228
-0.006924
0.015392
0.026419
0.023711
-0.003050
-0.020075
-0.011686
0.024647
0.033796
0.025882
0.013495
0.005272
0.008900
-0.002909
0.002205
-0.005072
-0.010081
-0.003916
0.017073
0.020008
0.002365
-0.020487
-0.032338
-0.011872
0.011133
0.022058
-0.000391
-0.024531
-0.006682
0.012486
0.015397
-0.001000
-0.006594
0.010430
0.014534
0.013632
-0.016921
-0.029373
-0.012792
-0.001585
-0.000633
-0.004683
-0.012795
-0.010028
-0.003512
-0.009040
-0.021832
-0.029534
-0.001522
0.011826
0.005784
-0.002998
-0.019213
-0.032480
-0.024703
-0.005111
0.018304
0.015168
-0.010161
-0.033040
-0.047552
-0.031548
-0.006776
0.025331
0.027675
-0.004162
-0.028460
-0.037477
-0.030591
-0.014538
0.012815
0.034333
-0.000702
-0.031225
-0.034312
-0.014098
0.018602
0.002688
-0.029520
-0.041468
-0.013393
0.017811
0.026704
-0.001120
-0.022643
-0.024358
-0.023737
-0.007292
-0.007212
0.002693
0.016885
-0.007040
-0.033647
-0.029772
-0.014784
-0.012393
-0.010324
-0.005877
-0.008135
-0.007150
-0.006820
-0.003517
-0.004304
-0.008513
-0.015568
-0.016205
-0.013167
-0.003618
0.009122
0.000725
-0.017596
-0.029563
-0.015307
0.008870
0.005094
-0.018930
-0.027367
-0.026033
-0.000031
0.021821
0.000869
-0.007441
-0.018683
-0.019674
-0.009761
0.001149
0.011734
-0.001593
-0.015669
-0.018485
-0.015430
-0.015229
0.000425
-0.000084
-0.019706
-0.034205
-0.013804
0.011909
0.019244
0.011160
-0.028033
-0.042393
-0.021524
0.008572
0.033118
0.015486
-0.024362
-0.036975
-0.032085
0.002858
0.014520
-0.008282
-0.029040
-0.024881
-0.000564
0.005771
0.002927
-0.003693
-0.006569
-0.002878
-0.001201
-0.008319
-0.008391
-0.003650
0.000072
-0.008338
-0.010706
-0.009913
-0.006776
-0.008205
-0.003430
0.006811
0.001257
-0.007969
-0.010940
0.002897
0.004979
0.005628
-0.005719
-0.014876
-0.001390
0.012086
0.009428
0.003731
-0.001063
-0.005444
0.000210
-0.005674
-0.007565
-0.003485
0.003359
0.021207
0.017419
-0.004501
-0.015503
-0.011818
0.005738
0.022917
0.019866
0.000918
-0.014889
-0.009767
0.017251
0.027757
0.018909
0.002857
-0.014809
-0.016961
-0.005064
0.007467
0.005979
0.009009
0.007843
-0.002461
0.003344
0.002274
-0.004021
0.005773
0.009841
0.002326
-0.006730
-0.011317
-0.004188
-0.002300
0.003079
0.005515
-0.007414
-0.010510
-0.003310
0.005001
0.007093
0.007085
0.002831
-0.000191
-0.000162
-0.010925
-0.015048
-0.004756
0.006059
0.013487
0.016510
-0.002655
-0.011883
-0.009727
-0.003767
0.008437
-0.000054
0.002461
0.016546
0.021210
0.006710
-0.001365
-0.007692
-0.001534
0.002863
-0.007401
-0.000795
0.005218
0.005306
-0.006009
-0.004212
-0.004581
0.000791
0.013910
0.006421
-0.005703
-0.010309
-0.000538
0.009532
0.008373
0.010016
0.005461
-0.006576
-0.007195
0.005015
0.014504
0.011586
-0.000098
-0.009788
-0.006262
-0.000991
0.005738
0.006772
0.006928
0.005303
-0.002551
0.005596
0.007804
0.006364
0.001750
0.001750
0.006993
0.005974
0.003535
-0.016352
-0.011473
-0.007813
0.003251
0.011819
-0.001748
-0.010735
-0.013170
0.004047
0.011413
0.013644
