0.001300
0.001485
0.001460
0.001565
0.001617
0.001792
0.002235
0.001699
0.001544
0.002050
0.001976
0.001542
0.001630
0.002853
0.002987
0.002346
0.002115
0.002229
0.002067
0.001941
0.002976
0.003261
0.003046
0.002548
0.003478
0.004390
0.004547
0.005085
0.005205
0.005518
0.005515
0.005548
0.005362
0.005134
0.004755
0.004100
0.003278
0.003141
0.003541
0.004326
0.004830
0.004986
0.004779
0.004742
0.005284
0.005039
0.004969
0.004437
0.004642
0.005089
0.005563
0.006207
0.006785
0.007336
0.007519
0.008023
0.007914
0.008055
0.008109
0.007819
0.007366
0.007327
0.007102
0.006778
0.006232
0.006039
0.005856
0.004878
0.004917
0.004995
0.004686
0.004661
0.005095
0.005827
0.005764
0.005243
0.005360
0.005637
0.006169
0.006390
0.006816
0.006487
0.005275
0.005280
0.005265
0.004954
0.003850
0.002868
0.003272
0.003796
0.004559
0.004680
0.004985
0.004954
0.004392
0.004593
0.004351
0.004353
0.004356
0.004431
0.004293
0.004365
0.005351
0.005950
0.006524
0.006103
0.005311
0.005287
0.005763
0.007052
0.007326
0.006745
0.005581
0.003569
0.003440
0.004401
0.005264
0.005222
0.003634
0.002708
0.003390
0.004102
0.003746
0.003109
0.002810
0.003939
0.005813
0.006154
0.005841
0.004879
0.002864
0.002182
0.002364
0.003617
0.004277
0.003976
0.003105
0.001765
0.001062
0.000836
0.001086
0.000848
0.000365
0.000560
0.002366
0.003776
0.003771
0.002497
0.000924
-0.000101
-0.000788
-0.000562
0.002193
0.004300
0.005427
0.003365
0.001007
-0.002207
-0.001105
-0.000311
0.001494
0.000473
0.000268
-0.000383
0.002184
0.004165
0.001041
-0.000323
-0.006712
-0.003320
-0.005414
0.001525
-0.005096
-0.001921
-0.014863
-0.004801
-0.025704
-0.002860
-0.007919
-0.038535
0.007405
-0.014279
-0.025535
-0.017565
0.021549
-0.018490
-0.022343
-0.026376
0.022612
-0.053592
-0.065990
0.053304
0.029098
-0.004657
-0.010851
0.093837
0.055673
0.025260
-0.002527
0.012333
0.030076
-0.102492
-0.098509
-0.008868
0.014130
-0.009732
-0.029172
0.027463
0.070583
0.057889
-0.036953
0.021543
-0.024323
-0.131384
-0.094388
-0.083468
0.025372
0.008425
0.076808
0.104117
-0.018450
-0.145701
-0.117238
0.038826
0.092330
0.055664
0.043423
0.082087
0.007982
-0.141233
-0.167864
0.019991
0.153637
0.081678
-0.074128
-0.113872
-0.055491
0.017880
0.100470
0.080929
-0.032754
-0.135728
-0.092282
0.027317
0.147643
0.134779
0.026666
-0.086754
-0.155992
-0.048424
0.022649
0.049496
0.047782
-0.002420
-0.077777
-0.074321
-0.009458
0.047983
0.017944
-0.066474
-0.121163
-0.018271
0.090046
0.186248
0.042225
-0.183155
-0.180683
-0.195958
0.004054
0.068680
0.068022
0.037061
0.152527
0.249107
0.066991
-0.204042
-0.340878
-0.141683
0.089847
0.267869
0.248587
0.002299
-0.238882
-0.210594
0.010215
0.250435
0.189376
-0.017606
-0.215754
-0.244603
-0.037149
0.134086
0.181438
0.082050
-0.037935
-0.153309
-0.171127
-0.065014
0.140557
0.143881
0.040878
-0.078867
-0.165429
-0.044365
0.168018
0.238443
0.053503
-0.196776
-0.239868
-0.087583
0.075540
0.133240
0.074841
0.077060
-0.108730
-0.220127
-0.172353
-0.128499
0.024773
0.008696
0.045839
0.148742
0.140500
0.205690
0.053272
-0.272046
-0.349824
-0.125118
0.108663
0.168110
0.158925
0.126851
-0.100811
-0.220394
-0.171127
-0.169120
0.025121
0.199413
0.261699
0.112540
-0.042830
-0.013127
-0.000111
-0.034222
-0.059311
-0.088188
0.007002
-0.004889
-0.056085
0.121433
0.302169
0.199725
-0.216313
-0.385218
-0.195467
0.152909
0.235912
0.013689
-0.175821
0.015175
0.264115
0.202106
-0.122450
-0.369697
-0.099105
0.052162
0.098201
0.091141
0.059744
-0.063012
-0.261393
-0.060391
0.115818
0.180700
0.088131
-0.041657
-0.137902
-0.179106
-0.029941
0.211729
0.100036
-0.216673
-0.153848
0.095276
0.240022
0.121588
0.027727
0.035753
-0.088967
-0.180292
-0.055722
0.042832
0.035994
-0.128718
-0.196081
-0.011919
0.192043
0.236238
0.084563
-0.045988
-0.164130
-0.290429
-0.224081
0.089568
0.349788
0.289161
0.052939
-0.274981
-0.364624
-0.044048
0.259552
0.316062
0.100768
-0.103603
-0.231904
-0.159623
0.097178
0.286858
0.228931
-0.078972
-0.265943
-0.138567
0.153077
0.278622
0.152445
-0.088033
-0.182091
-0.094353
0.022968
0.063407
0.122137
0.106948
-0.013070
0.001454
-0.008773
-0.094232
-0.196873
-0.035954
0.129764
0.130440
0.187785
0.141683
0.016075
-0.267614
-0.425771
-0.226243
0.260164
0.546208
0.335266
-0.146113
-0.521545
-0.452407
-0.027794
0.449973
0.548892
0.209239
-0.253767
-0.417833
-0.151150
0.255761
0.298810
0.009128
-0.292158
-0.383640
-0.086408
0.330384
0.476868
0.191879
-0.277858
-0.534681
-0.371762
0.220961
0.617041
0.418468
-0.089765
-0.446060
-0.377422
-0.021145
0.420317
0.504510
0.199581
-0.284432
-0.324809
-0.009520
0.321430
0.263858
-0.153953
-0.305314
-0.290748
0.057831
0.339332
0.392722
0.052893
-0.371144
-0.270697
0.234304
0.474445
0.096204
-0.369398
-0.430470
-0.018750
0.377296
0.382526
-0.059955
-0.405014
-0.247980
0.313648
0.658446
0.357837
-0.319290
-0.648481
-0.395756
0.171829
0.567139
0.445738
0.161391
-0.427170
-0.559880
-0.117966
0.325194
0.305630
-0.149764
-0.273773
-0.104845
0.139213
0.249279
0.208246
0.041663
-0.211544
-0.415406
-0.298009
0.076462
0.425354
0.328703
0.003605
-0.215883
-0.292848
-0.196348
0.144685
0.445332
0.312144
-0.114336
-0.416549
-0.308066
-0.009933
0.237971
0.300469
0.149518
-0.260032
-0.444077
-0.193289
0.363136
0.465643
0.039137
-0.299715
-0.287453
-0.019056
0.102626
0.212390
0.206833
0.061822
-0.057428
0.051522
0.136548
-0.054768
-0.234641
-0.168085
0.210863
0.404262
0.088081
-0.391029
-0.590241
-0.188916
0.213973
0.247044
0.008494
-0.322635
-0.387142
-0.305436
-0.023501
0.289797
0.373730
0.313404
0.076172
-0.045181
-0.005899
0.106710
0.066135
-0.007635
0.012888
0.147299
0.338398
0.158372
0.016014
-0.448152
-0.667062
-0.467289
-0.276010
-0.032202
-0.109423
-0.042860
0.084242
0.226053
0.338280
0.193078
-0.141054
-0.481283
-0.576491
-0.144842
0.459870
0.716586
0.378621
-0.322165
-0.598464
-0.327754
0.238301
0.584685
0.352411
-0.247223
-0.644533
-0.487382
0.116586
0.582178
0.520596
0.066973
-0.451698
-0.490503
-0.120638
0.388302
0.622996
0.234063
-0.332649
-0.649773
-0.305480
0.317461
0.582494
0.273129
-0.447458
-0.699961
-0.310972
0.355023
0.636123
0.242928
-0.315883
-0.437168
-0.115509
0.260980
0.445809
0.256527
-0.126063
-0.407521
-0.311644
0.019122
0.136696
0.094540
0.052940
0.029883
-0.030631
-0.057327
0.141093
0.241260
0.025294
-0.259679
-0.367130
-0.055003
0.376117
0.452266
0.170416
-0.305794
-0.453264
-0.247202
0.101194
0.322608
0.094800
-0.200242
-0.224821
-0.022085
0.228022
0.113792
-0.328777
-0.512860
-0.322722
0.141572
0.448104
0.337545
0.119743
-0.052091
-0.063978
-0.073450
-0.128345
-0.139383
-0.073649
0.135467
0.222264
0.173404
-0.082022
-0.289237
-0.139658
0.072807
0.144070
0.047923
-0.097421
-0.113774
0.086777
0.232921
0.110714
-0.289063
-0.429269
-0.108908
0.250722
0.367820
0.175974
-0.038768
0.018477
0.146787
0.075066
-0.110620
-0.326820
-0.423683
-0.290306
0.107367
0.259940
0.145826
-0.001987
-0.063451
0.016694
0.178824
0.192293
-0.118157
-0.249998
-0.108947
0.065405
0.139955
0.166674
-0.066350
-0.182012
0.011731
-0.027449
-0.376049
-0.472116
-0.002670
0.577592
0.621688
0.170306
-0.197411
-0.377231
-0.397414
-0.375744
0.051530
0.615527
0.517146
-0.119623
-0.572652
-0.313082
0.174463
0.334706
0.152483
-0.048099
-0.192387
-0.283261
-0.190137
0.120083
0.405750
0.327100
-0.103558
-0.509235
-0.260979
0.334601
0.595569
0.199007
-0.394150
-0.517232
-0.077553
0.448666
0.441050
-0.011522
-0.490237
-0.456456
-0.055485
0.394881
0.544736
0.224571
-0.261651
-0.583123
-0.370079
0.222786
0.642087
0.361676
-0.298741
-0.495314
-0.032289
0.558638
0.596981
0.046993
-0.505468
-0.517282
-0.025244
0.470367
0.491532
0.064305
-0.375704
-0.424907
-0.056538
0.334123
0.391145
0.062221
-0.319444
-0.388162
-0.016123
0.389377
0.357781
-0.050300
-0.377123
-0.252804
0.086853
0.307200
0.237050
-0.039048
-0.270005
-0.263920
-0.020039
0.188575
0.168068
0.003048
-0.123734
-0.130677
-0.029312
0.072016
0.128026
0.146098
0.040669
-0.111232
-0.184037
-0.067516
0.135822
0.224995
0.166866
0.019315
-0.148423
-0.181841
-0.012427
0.181239
0.167389
-0.033321
-0.187314
-0.128313
0.094415
0.207149
0.091592
-0.111803
-0.213951
-0.162517
0.047409
0.186759
0.153147
-0.007971
-0.089756
-0.064284
0.035213
0.105316
0.055775
-0.010547
-0.045747
0.043637
0.124179
0.118329
0.017891
-0.078088
-0.030170
0.035768
0.016376
-0.070774
-0.100444
0.009626
0.091802
0.151278
0.086249
-0.044939
-0.109158
-0.030701
0.094161
0.100865
-0.030050
-0.089540
0.035169
0.147931
0.086143
-0.122937
-0.178908
-0.067366
0.098376
0.128408
0.021990
-0.091600
-0.165062
-0.133270
0.038274
0.177438
0.148426
-0.025900
-0.183993
-0.138313
0.053941
0.200955
0.151799
-0.026638
-0.168667
-0.131884
0.028722
0.124174
0.035959
-0.067623
-0.035690
0.065933
0.083941
0.004654
-0.053583
-0.007359
0.040029
0.002359
-0.035650
-0.038016
0.042222
0.054835
0.040948
0.019498
-0.045641
-0.111064
-0.126218
-0.038795
0.084122
0.142214
0.050835
-0.109996
-0.145777
0.013793
0.135037
0.144891
-0.015906
-0.117344
-0.077161
0.037203
0.121989
0.044726
-0.032811
-0.087249
-0.060539
-0.001843
0.039753
0.033235
0.005125
-0.020171
-0.018905
-0.020950
-0.002732
0.024346
0.011116
-0.005309
-0.056701
-0.090648
-0.032685
0.058142
0.076270
0.005873
-0.032601
-0.002749
0.041530
0.060569
0.004052
-0.066502
-0.086482
-0.041527
0.031302
0.059431
0.017089
-0.017666
-0.011202
-0.003124
-0.035222
-0.044062
-0.001595
0.030298
0.005448
-0.055723
-0.068083
-0.013211
0.055397
0.040048
-0.031806
-0.073743
-0.043741
0.042272
0.048595
-0.025185
-0.088619
-0.021379
0.098186
0.123201
0.062311
-0.035514
-0.059105
-0.045484
-0.029032
-0.096524
-0.142221
-0.095103
-0.041472
-0.025078
-0.021989
0.022297
0.012509
-0.031517
-0.039213
0.042228
0.115598
0.094128
0.001344
-0.025221
0.046735
0.075913
0.001725
-0.051846
-0.005871
0.016904
-0.023859
-0.110965
-0.080358
0.026268
0.068131
-0.003219
-0.102099
-0.057702
0.028378
0.029896
-0.047472
-0.094377
-0.034888
0.040508
0.013005
-0.066854
-0.063405
0.032416
0.113802
0.068422
-0.057768
-0.116602
-0.069843
0.051962
0.093477
0.049660
0.005626
-0.016445
-0.002037
-0.005856
-0.029306
-0.038099
-0.032522
-0.009944
0.003769
-0.021550
-0.038093
-0.040353
-0.024396
-0.033960
-0.049366
-0.026181
0.020804
0.059390
0.028495
-0.038146
-0.077990
-0.037863
0.050572
0.103983
0.043056
-0.071998
-0.112974
-0.038019
0.072028
0.084748
0.000881
-0.097235
-0.121058
-0.038578
0.054710
0.078874
0.026098
-0.057499
-0.077009
-0.055625
0.012146
0.077327
0.088134
0.049219
-0.036832
-0.095231
-0.084252
-0.009465
0.050020
0.036403
-0.005748
-0.029829
-0.034286
-0.016580
0.000187
0.002273
-0.003592
-0.019091
-0.014959
0.012340
0.019424
0.007770
-0.025842
-0.056038
-0.033493
0.015726
0.047220
0.033052
-0.010700
-0.038393
-0.032458
0.001449
0.037419
0.043730
0.017443
-0.004158
-0.015858
-0.008793
0.018270
0.017890
-0.013027
-0.058686
-0.057539
-0.006898
0.045018
0.044788
-0.015834
-0.052803
-0.037772
0.003383
0.029804
0.031745
0.022071
0.004676
-0.005624
-0.005013
-0.012663
-0.003692
0.030627
0.019805
0.002597
0.009297
0.024987
0.025068
-0.021766
-0.041173
-0.017359
0.017434
0.039193
0.016448
-0.006451
-0.002321
0.004228
0.012971
0.022347
0.025122
0.010440
-0.010977
-0.013876
0.009403
0.026939
0.015214
-0.021306
-0.030580
-0.007531
0.026861
0.036688
-0.002451
-0.023464
-0.034718
-0.022510
0.011977
0.038232
0.044891
0.022173
-0.005735
-0.005217
0.007693
0.005310
-0.013866
-0.037949
-0.023152
0.014397
0.058922
0.065822
0.022840
-0.030226
-0.064736
-0.049673
0.003702
0.063180
0.080838
0.029093
-0.022340
-0.020307
0.030837
0.072106
0.050883
-0.003445
-0.051184
-0.050846
-0.003376
0.059291
0.076231
0.044380
-0.039043
-0.090707
-0.060188
0.024460
0.097536
0.073249
0.007357
-0.045472
-0.041053
-0.001289
0.043758
0.073435
0.049496
0.005936
-0.016076
-0.012304
0.000213
0.001556
0.024182
0.041743
0.035517
0.016399
-0.006395
-0.019407
-0.013130
-0.000862
0.027928
0.049128
0.024807
-0.007472
-0.036205
-0.018489
0.024640
0.056569
0.054847
0.013526
-0.032813
-0.025981
0.017012
0.058287
0.042496
-0.017499
-0.061138
-0.059051
-0.002784
0.037459
0.066344
0.051600
0.014897
-0.044396
-0.074924
-0.041382
0.022034
0.070738
0.055121
0.016135
-0.028720
-0.028901
-0.008019
0.019875
0.033124
0.016232
0.002347
0.005701
0.009155
0.003359
-0.020836
-0.028034
-0.000876
0.024830
0.045125
0.019526
-0.009029
-0.015517
-0.020664
-0.000309
0.004262
-0.012394
-0.025621
-0.005619
0.044554
0.068743
0.038318
-0.027788
-0.060504
-0.058191
0.001430
0.047495
0.056375
0.030918
-0.018699
-0.034471
-0.030063
-0.004057
0.027109
0.026639
0.000626
-0.029549
-0.040389
-0.002436
0.015115
0.022678
0.002558
-0.031648
-0.032046
-0.028659
0.005245
0.044592
0.046961
0.028822
-0.005757
-0.029589
-0.025713
-0.023726
0.005739
0.027575
0.021284
0.015401
-0.031089
-0.059895
-0.043234
0.008294
0.065735
0.052779
0.002891
-0.044532
-0.062655
-0.025404
0.030967
0.064365
0.043472
-0.000021
-0.041698
-0.053165
-0.014227
0.029346
0.038850
0.003560
-0.038171
-0.052539
-0.029866
0.014933
0.049417
0.033601
0.007976
-0.008212
-0.014604
-0.004688
0.006351
0.016000
0.019164
-0.005623
-0.036966
-0.031436
-0.000283
0.036867
0.033919
0.010525
-0.012972
-0.033700
-0.043562
-0.032239
-0.001038
0.026227
0.029580
-0.003536
-0.030987
-0.031794
-0.013494
-0.001651
0.002337
-0.007211
-0.022789
-0.038588
-0.029563
0.014303
0.027709
0.017825
-0.020386
-0.038784
-0.028250
-0.006308
0.017882
0.022760
-0.003984
-0.045545
-0.050798
-0.018434
0.029607
0.033678
0.010480
-0.025655
-0.051965
-0.047902
-0.011138
0.020375
0.010152
-0.014262
-0.026547
-0.016138
-0.011027
-0.022193
-0.022637
-0.009476
0.008720
0.015680
0.006176
-0.011465
-0.031288
-0.032922
-0.014190
0.016143
0.032759
0.017499
-0.029456
-0.047337
-0.032520
0.010357
0.025136
0.003687
-0.021928
-0.040918
-0.017423
0.004383
0.015198
0.008162
-0.006165
-0.031476
-0.029268
-0.012582
0.021074
0.034725
0.013664
-0.013701
-0.030151
-0.013800
-0.015183
-0.015868
-0.021655
-0.014022
0.000010
0.008237
0.010707
0.005070
-0.003983
-0.026156
-0.035965
-0.030794
-0.006761
0.007509
0.012254
-0.007105
-0.016891
0.003749
0.011886
0.008587
-0.015951
-0.018970
-0.020323
-0.010966
-0.007277
-0.013787
-0.024380
-0.021248
-0.004460
0.014235
0.021217
-0.005296
-0.021899
-0.041156
-0.022072
0.012631
0.042152
0.050634
-0.001696
-0.047461
-0.049922
-0.019652
0.018717
0.027382
0.010474
-0.022171
-0.045285
-0.040368
0.005267
0.054442
0.054718
-0.005076
-0.058062
-0.042523
0.007062
0.055983
0.048989
0.010397
-0.032325
-0.054329
-0.025594
0.015606
0.046912
0.030660
-0.027097
-0.058830
-0.050307
0.003700
0.049771
0.042157
0.010424
-0.025470
-0.029509
-0.009402
0.015181
0.021103
0.012293
0.007457
0.007058
0.003617
-0.002365
0.015157
0.026404
0.025677
-0.002236
-0.025784
-0.026104
-0.011194
0.014572
0.017070
0.013776
-0.003736
-0.008975
-0.007526
-0.006822
-0.011223
-0.016493
-0.005659
0.015198
0.027593
0.018080
-0.006673
-0.021468
-0.006960
0.014636
0.039448
0.032682
0.007212
-0.024802
-0.034582
-0.018132
0.014135
0.040380
0.033309
0.014942
-0.007628
-0.008816
0.001873
0.027458
0.044105
0.028288
0.000469
-0.030435
-0.034740
-0.013445
0.025568
0.046319
0.033517
0.006005
-0.023476
-0.020493
-0.003398
0.026432
0.028371
0.005668
-0.015966
-0.016726
0.003640
0.021287
0.038625
0.035491
0.009571
-0.021707
-0.024387
-0.006947
0.030665
0.048143
0.037158
0.009713
-0.025641
-0.030879
-0.011774
0.023321
0.036150
0.012046
-0.015216
-0.018288
0.005453
0.041129
0.037802
0.003246
-0.014831
-0.014690
-0.001612
0.001512
0.005723
0.023882
0.026722
0.008718
-0.015589
-0.034969
-0.031777
-0.009977
0.029500
0.042722
0.014865
-0.012358
-0.020859
-0.004282
0.008575
0.024814
0.024532
-0.002363
-0.018137
-0.023702
-0.002681
0.020713
0.032271
0.030987
0.003560
-0.018758
-0.032265
-0.006770
0.029150
0.039011
0.015767
-0.016110
-0.025343
-0.021518
0.006577
0.028921
0.034774
0.006491
-0.024462
-0.030253
-0.012215
0.027162
0.041483
0.031041
0.007339
-0.009623
-0.008578
0.004906
0.025203
0.022687
-0.005602
-0.036924
-0.027640
0.005898
0.030941
0.034429
0.010679
-0.015863
-0.024453
0.004236
0.035542
0.036364
0.007484
-0.027042
-0.037759
-0.012192
0.020027
0.039745
0.024484
-0.011322
-0.030044
-0.028544
-0.003773
0.015762
0.023661
0.022263
0.007647
-0.009879
-0.009064
-0.005864
0.009862
0.013975
0.001864
-0.009464
-0.020002
-0.004376
0.011806
0.022760
0.007437
-0.010568
-0.020283
-0.005505
0.014932
0.022364
0.006177
-0.023629
-0.019973
-0.004663
0.023743
0.011424
-0.011493
-0.024420
-0.015307
0.015528
0.023360
0.009559
-0.016364
-0.024416
-0.016003
0.003262
0.021934
0.031643
0.014279
-0.017206
-0.031370
-0.020224
-0.000934
0.019077
0.016757
-0.005212
-0.022684
-0.026551
-0.006529
0.012143
0.024668
0.017952
-0.006927
-0.027669
-0.032077
-0.017889
0.006276
0.021718
0.012659
-0.005567
-0.019001
-0.020073
-0.006561
0.006299
0.014240
0.000088
-0.018637
-0.029328
-0.019023
0.006964
0.022727
0.011075
-0.017923
-0.024878
-0.030835
-0.018823
0.002435
0.027057
0.023857
-0.007869
-0.039029
-0.043050
-0.010743
0.027063
0.045741
0.013906
-0.035020
-0.063539
-0.044845
-0.001853
0.027928
0.023261
-0.005945
-0.025282
-0.023960
-0.000888
0.021110
0.017154
-0.012580
-0.035761
-0.027207
-0.001081
