-0.010722
-0.010658
-0.010308
-0.009598
-0.009223
-0.008935
-0.008292
-0.007979
-0.008011
-0.007817
-0.007699
-0.007454
-0.007305
-0.007550
-0.007808
-0.007926
-0.008202
-0.008068
-0.007438
-0.007552
-0.007832
-0.008496
-0.008443
-0.008036
-0.007646
-0.007352
-0.007761
-0.007755
-0.007754
-0.007369
-0.006779
-0.006325
-0.006145
-0.006392
-0.006455
-0.006381
-0.006202
-0.005815
-0.005490
-0.005396
-0.005632
-0.005755
-0.005652
-0.005578
-0.005651
-0.005812
-0.006121
-0.005959
-0.005834
-0.005483
-0.005022
-0.004897
-0.004499
-0.004373
-0.003981
-0.003468
-0.003275
-0.003399
-0.003295
-0.003324
-0.003483
-0.003047
-0.002367
-0.002258
-0.002162
-0.002366
-0.002525
-0.001915
-0.001546
-0.001854
-0.002287
-0.002218
-0.002138
-0.001863
-0.001800
-0.001687
-0.001456
-0.001654
-0.001729
-0.001525
-0.001428
-0.001089
-0.001322
-0.001097
-0.000960
-0.001038
-0.000650
-0.000501
-0.000422
-0.000587
-0.000451
-0.000763
-0.000590
-0.000967
-0.000745
-0.001095
-0.001822
-0.000983
-0.000723
-0.000583
-0.000403
-0.000309
-0.000829
-0.000883
-0.000625
-0.000531
-0.000412
-0.000654
-0.000396
-0.000116
0.000111
0.000727
0.001087
0.001019
0.000818
0.000935
0.000864
0.001010
0.001256
0.001089
0.001417
0.001341
0.001872
0.002714
0.002530
0.002424
0.002353
0.002728
0.003461
0.003546
0.003633
0.004080
0.004158
0.004622
0.005436
0.005799
0.005718
0.005700
0.006649
0.007513
0.005325
0.006009
0.008356
0.006144
0.005729
0.008447
0.009018
0.006809
0.007388
0.010269
0.009595
0.006413
0.007458
0.009850
0.008058
0.006057
0.007366
0.008455
0.006913
0.006622
0.008328
0.008866
0.006435
0.005768
0.007696
0.007706
0.006688
0.006988
0.007676
0.007241
0.006730
0.007102
0.007322
0.006983
0.006935
0.006811
0.006316
0.006360
0.006371
0.006842
0.006928
0.006399
0.007295
0.007872
0.008404
0.008317
0.008348
0.008492
0.007769
0.008033
0.008751
0.008695
0.007617
0.008010
0.008658
0.008330
0.008453
0.008765
0.008357
0.007941
0.008012
0.007995
0.008210
0.008009
0.008518
0.008869
0.008627
0.008902
0.009396
0.009608
0.009660
0.009790
0.009412
0.008909
0.008967
0.010051
0.010047
0.009149
0.008806
0.008872
0.009390
0.009395
0.009066
0.008539
0.008058
0.007788
0.007895
0.007903
0.007487
0.007108
0.007139
0.007550
0.007545
0.006969
0.006529
0.006916
0.006686
0.006147
0.005936
0.005803
0.005753
0.005529
0.006063
0.006422
0.005933
0.005905
0.006201
0.005888
0.005511
0.004895
0.004735
0.004967
0.004858
0.005068
0.004754
0.003987
0.003218
0.003087
0.002980
0.002696
0.002527
0.002143
0.002014
0.001803
0.001975
0.001482
0.001358
0.001290
0.000812
0.000529
0.000584
0.001405
0.001064
0.000646
-0.000285
-0.000230
0.000052
-0.000037
0.000074
-0.000307
-0.000575
-0.000854
-0.000952
-0.001291
-0.001871
-0.002657
-0.002820
-0.003440
-0.003309
-0.003247
-0.003231
-0.003066
-0.003503
-0.003989
-0.004306
-0.004644
-0.005244
-0.005255
-0.005371
-0.005272
-0.004792
-0.004813
-0.005125
-0.005189
-0.005534
-0.005871
-0.006202
-0.005674
-0.005433
-0.005574
-0.005872
-0.006728
-0.006386
-0.006108
-0.005970
-0.005875
-0.005967
-0.006048
-0.005973
-0.005273
-0.005048
-0.005372
-0.006134
-0.005929
-0.005518
-0.005314
-0.005911
-0.006574
-0.006472
-0.006908
-0.007459
-0.007914
-0.007612
-0.007753
-0.008155
-0.008467
-0.008514
-0.008518
-0.008648
-0.008237
-0.008112
-0.008341
-0.008544
-0.008481
-0.008631
-0.008843
-0.009281
-0.009456
-0.009230
-0.009073
-0.009181
-0.009802
-0.010193
-0.010330
-0.010234
-0.010422
-0.010526
-0.010671
-0.010513
-0.010245
-0.009485
-0.009251
-0.009090
-0.008776
-0.008151
-0.007823
-0.008473
-0.008569
-0.008719
-0.007776
-0.007518
-0.007524
-0.007725
-0.007494
-0.007421
-0.007424
-0.006846
-0.007139
-0.007160
-0.007167
-0.006610
-0.006330
-0.006428
-0.006143
-0.005752
-0.005908
-0.006102
-0.005590
-0.004930
-0.005011
-0.005407
-0.005063
-0.004552
-0.004367
-0.004417
-0.004676
-0.004718
-0.005084
-0.005377
-0.005010
-0.005018
-0.004807
-0.004897
-0.004828
-0.004957
-0.005360
-0.005732
-0.006126
-0.005828
-0.005708
-0.006205
-0.006517
-0.006373
-0.006677
-0.007020
-0.007130
-0.007029
-0.006924
-0.006633
-0.006823
-0.007217
-0.007369
-0.007310
-0.006947
-0.006966
-0.007002
-0.007916
-0.008387
-0.008131
-0.008179
-0.007977
-0.007925
-0.007551
-0.007422
-0.007542
-0.007738
-0.007927
-0.007590
-0.007391
-0.007319
-0.006882
-0.006743
-0.006566
-0.006323
-0.005881
-0.005578
-0.005583
-0.005101
-0.004819
-0.004835
-0.005227
-0.005405
-0.005454
-0.004796
-0.004613
-0.004834
-0.004295
-0.004219
-0.003642
-0.003857
-0.004219
-0.004315
-0.004675
-0.004159
-0.004047
-0.003829
-0.003749
-0.003076
-0.002272
-0.002286
-0.002847
-0.002777
-0.002045
-0.002273
-0.002566
-0.002685
-0.002506
-0.002301
-0.001533
-0.001091
-0.000997
-0.001270
-0.001152
-0.000726
-0.000797
-0.000975
-0.000993
-0.000453
0.000243
0.000390
0.000771
0.001287
0.001139
0.001781
0.001892
0.002095
0.002282
0.002375
0.002465
0.002649
0.003122
0.003224
0.003506
0.004138
0.004039
0.004008
0.004057
0.004267
0.004791
0.004703
0.005066
0.005144
0.006031
0.006138
0.006493
0.007307
0.007176
0.007196
0.007240
0.007455
0.007671
0.007615
0.007612
0.008163
0.008128
0.007966
0.007748
0.007582
0.008087
0.008229
0.008137
0.008790
0.009103
0.009001
0.008702
0.008883
0.009174
0.009547
0.009644
0.009400
0.009479
0.009649
0.010227
0.010165
0.010495
0.010635
0.010066
0.010219
0.010862
0.010997
0.011491
0.011667
0.011554
0.011926
0.012248
0.012739
0.012817
0.013206
0.013040
0.012671
0.012938
0.013209
0.013376
0.013511
0.013503
0.013190
0.013271
0.013075
0.012395
0.012333
0.013069
0.013268
0.012966
0.012481
0.012486
0.012854
0.012960
0.012887
0.012516
0.012190
0.011755
0.011765
0.011933
0.011876
0.011843
0.011850
0.011796
0.011626
0.011126
0.010675
0.010546
0.010233
0.009934
0.009618
0.009551
0.009583
0.008961
0.008789
0.008338
0.007966
0.007712
0.007639
0.007395
0.007001
0.007086
0.006281
0.005960
0.005569
0.005152
0.005015
0.004895
0.004842
0.004734
0.004588
0.004565
0.004400
0.003762
0.003213
0.003086
0.003196
0.003224
0.002869
0.002621
0.002401
0.002365
0.002668
0.002536
0.002191
0.001454
0.001213
0.000834
0.001131
0.000882
0.000590
0.000832
0.000386
0.000376
-0.000268
-0.000023
0.000231
0.000390
0.000251
0.000079
-0.000013
0.000206
0.000200
-0.000429
-0.000622
-0.001018
-0.000783
-0.000729
-0.000542
-0.001388
-0.001933
-0.002286
-0.002640
-0.002436
-0.002671
-0.002716
-0.003157
-0.003236
-0.003693
-0.004204
-0.004294
-0.004436
-0.004354
-0.004460
-0.004653
-0.004810
-0.004671
-0.004830
-0.005614
-0.006022
-0.005974
-0.006018
-0.005745
-0.005799
-0.006486
-0.007193
-0.007526
-0.007144
-0.007068
-0.006790
-0.006885
-0.007602
-0.007713
-0.007352
-0.007035
-0.007312
-0.007671
-0.007703
-0.007735
-0.007899
-0.007686
-0.007843
-0.008377
-0.008651
-0.008794
-0.008955
-0.008958
-0.009081
-0.009466
-0.009827
-0.009803
-0.009516
-0.009357
-0.008664
-0.008165
-0.008366
-0.008268
-0.007870
-0.008020
-0.007710
-0.007541
-0.007259
-0.007432
-0.007708
-0.007186
-0.007053
-0.007084
-0.007512
-0.007346
-0.008057
-0.008704
-0.008601
-0.008921
-0.009132
-0.009339
-0.008975
-0.008758
-0.008788
-0.008657
-0.008625
-0.008625
-0.008820
-0.008772
-0.008435
-0.008485
-0.008218
-0.008202
-0.008772
-0.008833
-0.009101
-0.008918
-0.008984
-0.009291
-0.008821
-0.008539
-0.008477
-0.009005
-0.009226
-0.009657
-0.010209
-0.010215
-0.010482
-0.010706
-0.010558
-0.010234
-0.010097
-0.010241
-0.010641
-0.010519
-0.010248
-0.010486
-0.010791
-0.010861
-0.010631
-0.010173
-0.010041
-0.010238
-0.010014
-0.010201
-0.010704
-0.010841
-0.010675
-0.009949
-0.008886
-0.008710
-0.009022
-0.009276
-0.009192
-0.008335
-0.007694
-0.006763
-0.007111
-0.006965
-0.006042
-0.006031
-0.006228
-0.006813
-0.006283
-0.005666
-0.005506
-0.005653
-0.006370
-0.006534
-0.005944
-0.005675
-0.005435
-0.005696
-0.005879
-0.006068
-0.005996
-0.005389
-0.005577
-0.005291
-0.005241
-0.004790
-0.004326
-0.004474
-0.004715
-0.005080
-0.004313
-0.004032
-0.004315
-0.004381
-0.004530
-0.004370
-0.004091
-0.004034
-0.004077
-0.004081
-0.003514
-0.003029
-0.003409
-0.004057
-0.004426
-0.003488
-0.002740
-0.002641
-0.003241
-0.003789
-0.003225
-0.002302
-0.001539
-0.001677
-0.001927
-0.001900
-0.001394
-0.001246
-0.000920
-0.000465
-0.000121
0.000091
-0.000442
-0.000592
0.000003
0.000920
0.001212
0.000863
0.000655
0.001206
0.002074
0.002908
0.002906
0.002584
0.002586
0.002524
0.002740
0.003241
0.003608
0.003821
0.003788
0.003386
0.003912
0.004631
0.005039
0.005688
0.005901
0.005935
0.005861
0.005504
0.006316
0.006575
0.006713
0.006866
0.007132
0.007340
0.006765
0.007277
0.007579
0.007754
0.007208
0.007324
0.007269
0.007201
0.006819
0.006148
0.005899
0.006130
0.007591
0.007521
0.006440
0.005771
0.006068
0.006876
0.007603
0.007263
0.006722
0.006918
0.006444
0.005789
0.005967
0.006750
0.007630
0.007391
0.007591
0.008172
0.009048
0.010317
0.010082
0.010104
0.010037
0.010053
0.010420
0.010296
0.010750
0.011227
0.011423
0.011576
0.011131
0.010856
0.011572
0.012292
0.012316
0.012066
0.011712
0.011678
0.012165
0.012501
0.011830
0.011718
0.012069
0.012611
0.012778
0.011616
0.011174
0.010744
0.010847
0.011248
0.011371
0.011845
0.012092
0.011647
0.011358
0.011038
0.010945
0.010370
0.009296
0.009035
0.009198
0.009649
0.008885
0.008178
0.007729
0.007832
0.008029
0.007996
0.008802
0.008917
0.008256
0.006851
0.005849
0.006574
0.008303
0.008898
0.008804
0.007156
0.004940
0.004760
0.004922
0.005010
0.004910
0.004632
0.004052
0.003829
0.003719
0.004265
0.004394
0.004109
0.003577
0.002435
0.002247
0.002686
0.003478
0.002862
0.001145
0.000184
0.001044
0.003179
0.004415
0.004287
0.003100
0.001035
0.000036
0.000378
0.001848
0.003548
0.002894
0.001161
0.000416
0.001237
0.002649
0.002599
0.001633
0.000821
0.000123
0.000721
0.001894
0.002406
0.001977
0.000253
-0.001206
-0.000627
0.001275
0.001266
0.000047
-0.002171
-0.003904
-0.003658
-0.002062
-0.000446
0.000181
-0.001315
-0.004994
-0.006599
-0.005515
0.000515
-0.000792
-0.003533
0.002744
-0.005800
-0.009559
-0.002332
-0.003667
0.000849
-0.006137
-0.004779
0.011828
-0.004205
-0.026877
-0.021093
0.016533
0.019927
-0.008972
-0.006370
0.012841
-0.006838
-0.042286
-0.018037
0.025540
0.034684
-0.000258
-0.023175
-0.045208
-0.031793
-0.022746
0.008532
0.027686
-0.011926
-0.062953
-0.080815
-0.002819
0.045824
0.034084
-0.040063
-0.054242
-0.032036
-0.015426
-0.017067
0.015994
0.050942
0.033351
-0.040776
-0.044661
0.029818
0.106026
0.111125
-0.015864
-0.058623
-0.074716
-0.025955
-0.037628
-0.009815
-0.012526
-0.059743
0.007344
0.099355
0.128452
-0.025901
-0.188089
-0.126935
0.046414
0.132393
0.069113
0.020692
0.042146
-0.024901
-0.056375
-0.059282
0.033143
0.107976
0.077054
-0.112039
-0.176231
-0.026185
0.108299
0.145378
0.030453
-0.105360
-0.119282
-0.071133
-0.052722
0.048812
0.135777
0.108548
-0.063536
-0.165018
-0.085708
0.063282
0.114101
0.046744
-0.016201
-0.122347
-0.132384
-0.000981
0.115657
0.075153
-0.049865
-0.088465
-0.038579
0.022237
-0.006422
0.070022
0.027287
-0.104616
-0.102502
-0.037759
0.055287
0.035143
-0.021791
-0.049152
-0.038294
-0.024455
0.051386
0.115665
0.043711
-0.151540
-0.196231
0.027266
0.179053
0.143034
-0.044293
-0.159650
-0.133959
0.001875
0.216979
0.210171
-0.051611
-0.281020
-0.225895
0.086549
0.319007
0.285714
0.035795
-0.283262
-0.311697
-0.083446
0.221110
0.271306
0.083541
-0.130251
-0.222967
-0.054848
0.098593
0.150716
0.029837
-0.166419
-0.225170
-0.079785
0.177494
0.251556
0.065885
-0.126426
-0.250582
-0.059215
0.076304
0.093704
0.054005
-0.036705
0.001719
-0.048993
-0.002915
0.014093
0.038684
0.020544
-0.028669
-0.003683
0.063310
-0.038893
-0.168851
-0.066479
0.068972
0.024716
-0.119428
-0.020076
0.101897
0.084757
-0.042635
-0.038916
0.038464
-0.029991
-0.016209
0.137726
0.182790
-0.041090
-0.370491
-0.489761
-0.160848
0.318558
0.476636
0.095415
-0.244200
-0.262167
-0.024923
0.232222
0.185759
0.075566
-0.123936
-0.238154
-0.210742
0.025574
0.336138
0.350924
0.006569
-0.381559
-0.179878
0.079178
0.168081
0.167134
-0.099232
-0.245441
-0.167289
0.173699
0.329566
0.178029
-0.076163
-0.282579
-0.302777
-0.133920
0.231017
0.444073
0.182219
-0.241402
-0.393873
-0.223561
0.160381
0.282801
0.167745
-0.051958
-0.179519
-0.155851
-0.025682
0.132340
0.130880
0.034377
-0.077311
-0.055675
-0.071423
0.004966
0.067840
0.004764
-0.034147
-0.121575
-0.037697
0.151251
0.150819
0.069732
-0.089793
-0.203774
-0.139101
0.056728
0.200478
0.155442
-0.026963
-0.202595
-0.159500
0.001271
0.191725
0.270893
0.088293
-0.184138
-0.210110
-0.006093
0.159269
0.145857
0.028419
-0.064216
-0.125625
-0.054857
0.056742
0.115233
0.072295
-0.032014
-0.014358
0.049668
0.070306
-0.069547
-0.129362
-0.041304
0.095344
0.140667
0.078027
0.021817
0.002067
-0.019919
-0.088601
-0.039694
0.017784
0.074978
0.048935
-0.041326
-0.194209
-0.200210
0.075932
0.369560
0.322359
-0.151475
-0.340185
-0.154086
0.094878
0.199186
0.113718
-0.033605
-0.143416
-0.072705
0.174730
0.274364
0.110701
-0.104357
-0.209942
-0.099859
0.026031
0.132563
0.104335
0.000102
-0.039434
0.038874
0.062911
0.092857
-0.059828
-0.267805
-0.216264
0.034400
0.218489
0.224664
0.167724
-0.006919
-0.118794
-0.228952
-0.157460
0.032635
0.260869
0.201973
-0.001735
-0.071868
-0.066129
0.043711
0.095101
0.011996
-0.161021
-0.171491
-0.009900
0.158616
0.140567
-0.029390
-0.191442
-0.194610
-0.067412
0.077842
0.157342
0.104713
-0.064425
-0.244989
-0.196025
0.039593
0.167484
0.210653
0.122730
-0.057646
-0.225014
-0.282792
-0.066636
0.185994
0.265307
0.085504
-0.078130
-0.070143
-0.027182
0.008397
-0.035824
-0.069581
-0.016688
0.075917
0.142439
0.058567
-0.157069
-0.231383
-0.063915
0.194349
0.256103
0.065476
-0.187037
-0.186387
0.049250
0.227266
0.178523
-0.047270
-0.201286
-0.097882
0.212701
0.387015
0.212456
-0.220333
-0.469843
-0.292644
0.257994
0.589189
0.345353
-0.188449
-0.462139
-0.248850
0.136220
0.332893
0.159756
-0.167194
-0.298454
-0.022390
0.425226
0.330247
-0.324470
-0.617089
-0.352426
0.186743
0.446806
0.193445
-0.074131
-0.043062
0.049165
-0.013772
-0.063287
-0.114892
-0.216359
-0.136450
0.138891
0.351774
0.152421
-0.205699
-0.295064
-0.110804
0.126119
0.161423
0.037878
-0.141084
-0.158045
0.076504
0.336194
0.280553
-0.103046
-0.463141
-0.314742
0.246482
0.466415
0.129228
-0.329228
-0.353960
-0.014456
0.189367
0.147104
-0.120415
-0.200255
-0.106709
0.086310
0.182923
0.155551
-0.027273
-0.161779
-0.091339
0.147826
0.306519
0.079340
-0.118053
-0.173594
0.012265
-0.192140
-0.314067
-0.327428
-0.340640
-0.186921
0.022339
0.399000
0.475949
0.229737
-0.167968
-0.368280
-0.300683
-0.217385
-0.088896
0.113047
0.236527
0.237539
-0.058897
-0.274421
-0.186016
0.067369
0.273795
0.179046
-0.069113
-0.245763
-0.225975
-0.116379
0.082617
0.209242
0.147754
0.048159
-0.071363
-0.074753
-0.024148
0.020796
0.059879
0.013982
-0.057115
-0.093121
-0.088765
-0.103668
-0.096547
-0.013537
0.061399
0.116284
0.132107
0.019273
-0.056609
-0.033138
0.026312
-0.036554
-0.208985
-0.139334
0.142206
0.310955
0.207426
-0.027456
-0.234115
-0.274218
-0.024026
0.201780
0.176227
-0.037634
-0.191494
-0.019530
0.216371
0.226455
0.042846
-0.184974
-0.241832
-0.135492
0.068347
0.247597
0.193862
-0.049631
-0.280025
-0.209047
0.049468
0.193961
0.055682
-0.191018
-0.284455
-0.095923
0.258012
0.335866
0.122932
-0.262450
-0.452585
-0.417193
-0.144169
0.156640
0.055928
-0.175062
-0.146411
0.247956
0.399559
0.241294
-0.055840
-0.350232
-0.417451
-0.167267
0.358822
0.672805
0.435563
-0.227370
-0.654163
-0.440087
0.173663
0.553794
0.391808
-0.112171
-0.505561
-0.327842
0.198040
0.382254
0.193224
-0.152534
-0.289972
-0.122356
0.069125
0.225955
0.201716
-0.006912
-0.282752
-0.299558
0.035602
0.318159
0.371304
0.099193
-0.274474
-0.235909
0.098380
0.405381
0.298342
-0.092436
-0.408400
-0.503668
-0.238525
0.152719
0.308894
0.128704
-0.142879
-0.100175
0.130052
0.319563
0.205077
-0.166866
-0.378535
-0.188483
0.284574
0.582706
0.323521
-0.301203
-0.525794
-0.169608
0.396362
0.479552
0.072971
-0.281198
-0.269268
-0.015595
0.145105
0.165483
0.035221
-0.030733
-0.042974
-0.007855
0.030875
0.017089
-0.050935
-0.181905
-0.207967
-0.131237
0.103714
0.340876
0.388926
0.085658
-0.249473
-0.353656
-0.190741
0.132639
0.302100
0.217687
-0.104371
-0.247825
-0.076885
0.224630
0.363231
0.150642
-0.214105
-0.378635
-0.119619
0.289605
0.362894
0.027301
-0.255842
-0.142688
0.186138
0.346391
0.132653
-0.154063
-0.252362
-0.096931
0.151083
0.197433
0.083871
-0.073090
-0.119994
-0.046546
0.058146
0.137673
0.042643
-0.111414
-0.168254
-0.046156
0.130254
0.131846
-0.020176
-0.139779
-0.072901
0.092198
0.179882
0.084208
-0.071778
-0.125818
-0.010025
0.061315
0.027505
-0.055307
-0.044160
0.055055
0.042910
-0.033061
-0.084924
0.000909
0.098725
0.135202
0.074974
-0.029126
-0.081448
-0.074102
-0.000730
0.062297
0.105401
0.046056
-0.048795
-0.065468
-0.032722
0.076783
0.090496
0.015801
-0.076927
-0.063961
0.048152
0.113850
0.060942
-0.076564
-0.095267
0.001947
0.107356
0.079892
-0.027408
-0.099525
-0.065819
-0.000903
0.024160
0.014333
0.031405
0.019428
0.009563
0.021820
0.018272
0.008699
-0.044281
-0.064882
-0.035284
0.037659
0.075824
0.053425
0.005641
-0.009149
0.010075
0.022374
-0.020316
-0.016847
0.012300
0.040343
0.033613
-0.005978
-0.010939
-0.019824
0.024941
0.031968
0.006484
-0.061168
-0.103578
-0.050431
0.036038
0.073746
0.016533
-0.047212
-0.060085
-0.000056
0.046478
0.029799
-0.043116
-0.083704
-0.038920
0.035649
0.046001
-0.016323
-0.037824
-0.006963
0.001365
-0.057220
-0.079333
-0.023524
0.049854
0.071746
0.030115
-0.009785
-0.026607
-0.034106
-0.021428
0.030551
0.038987
0.005641
-0.045852
-0.061619
-0.009288
0.061020
0.078778
-0.011631
-0.117157
-0.120983
-0.031081
0.100693
0.133929
-0.010082
-0.148532
-0.151728
0.001809
0.142178
0.115918
-0.013199
-0.115753
-0.097060
-0.007667
0.098299
0.126516
0.062491
-0.047707
-0.139897
-0.118355
-0.082926
-0.024994
0.014014
-0.020883
-0.107702
-0.115285
0.053731
0.129646
0.060540
-0.043488
-0.063546
-0.001469
-0.000538
0.015222
0.074098
0.121690
0.043469
-0.099272
-0.085407
0.060147
0.119988
-0.003611
-0.144329
-0.120428
0.026213
0.099361
0.014005
-0.092328
-0.078763
0.006831
0.036224
0.004852
-0.052747
-0.080116
-0.038623
-0.009476
0.022375
0.036356
0.011449
-0.022854
-0.047950
-0.020650
0.033146
0.025174
-0.002166
-0.026097
-0.034551
-0.013317
0.003537
0.040208
0.036862
0.004068
-0.018633
-0.027497
-0.038731
-0.043714
-0.013072
0.025313
0.063118
0.043078
-0.017799
-0.067138
-0.077802
-0.045705
0.019359
0.042216
0.005322
-0.022217
-0.017813
0.026521
0.032484
-0.004379
-0.057740
-0.060586
-0.022276
0.012251
0.018568
-0.008291
-0.023669
-0.009803
0.006498
0.014394
-0.001843
-0.037808
-0.039692
-0.020754
0.025978
0.051408
0.013102
-0.018075
-0.016004
0.002883
0.015327
-0.010182
-0.046359
-0.048625
-0.005201
0.014376
0.029223
0.016118
0.002544
0.001250
0.000835
0.029323
0.001988
-0.033316
-0.046999
-0.025816
0.010166
0.018917
0.011106
-0.011714
-0.036664
-0.053578
-0.035731
0.014715
0.037314
0.039897
0.020121
-0.010003
-0.020014
0.002545
0.022774
0.007178
-0.000888
-0.021692
-0.024562
-0.032010
-0.021866
-0.003763
0.014525
0.015103
-0.008059
-0.015734
-0.022311
-0.005045
-0.004910
0.014107
0.003413
-0.002436
0.016270
0.027984
0.034703
0.013588
-0.025525
-0.056385
-0.034650
-0.002937
0.044210
0.055020
0.013114
-0.038104
-0.050266
-0.019314
0.009832
0.028843
0.004445
-0.000692
0.014670
0.026748
0.022280
-0.006107
-0.012106
0.002985
0.034825
0.031630
-0.005425
-0.026768
-0.008352
0.023533
0.051298
0.028868
-0.006545
-0.036342
-0.042371
-0.007568
0.024432
0.032420
0.012880
-0.006375
-0.011460
0.016622
0.026544
0.021820
0.002665
-0.008603
-0.025129
-0.030675
-0.024320
0.008832
0.059861
0.081489
0.036137
-0.047423
-0.061167
-0.021859
0.056717
0.064329
0.029396
-0.016276
-0.038459
-0.002486
0.028155
0.030596
-0.001224
-0.018006
-0.023107
-0.007127
0.009365
0.036000
0.032502
-0.000759
-0.021621
-0.015051
0.010051
0.017735
0.023766
0.023847
0.024529
0.018246
0.004032
-0.002242
-0.014521
-0.034472
-0.009454
0.017967
0.031090
0.009602
-0.005099
0.007804
0.014979
0.023324
0.009594
-0.002133
-0.015894
-0.004981
0.017172
0.013328
-0.005179
-0.031977
-0.024206
0.010025
0.036052
0.036731
-0.004312
-0.026580
-0.020649
0.007562
0.017646
0.011143
-0.014963
-0.035279
-0.009185
0.034527
0.055456
0.023432
-0.031108
-0.040636
-0.009234
0.024112
0.047831
0.016630
-0.031890
-0.061327
-0.047536
0.005180
0.056569
0.043740
-0.012274
-0.048388
-0.037863
0.000155
0.026998
0.034406
0.006997
-0.023812
-0.026788
-0.001456
0.020502
0.031682
0.030940
0.010239
-0.024414
-0.034181
0.001949
0.036547
0.041873
0.001486
-0.035756
-0.038844
-0.009877
0.030653
0.034387
0.022437
0.008523
-0.014613
-0.038642
-0.019910
0.014852
0.035868
0.029227
0.020564
0.011008
-0.009907
-0.021619
-0.021281
0.005326
0.023868
0.025495
0.001468
-0.027502
-0.032273
-0.005618
0.018863
0.015994
-0.007562
-0.039296
-0.053201
-0.034197
0.018074
0.043464
0.033903
0.004465
-0.023164
-0.026258
-0.006555
0.026420
0.038201
0.029843
-0.015917
-0.044232
-0.031647
0.010327
0.050440
0.044122
0.002414
-0.047146
-0.051905
-0.012550
0.034423
0.042326
0.009083
-0.015600
-0.015556
0.011295
0.038141
0.023677
-0.011200
-0.048775
-0.031060
0.019632
0.059483
0.048067
-0.011618
-0.041630
-0.032048
0.005265
0.028148
0.024721
0.003350
-0.011718
-0.013484
0.001708
0.019413
0.019856
0.011747
-0.011668
-0.033531
-0.028050
0.008098
0.037316
0.039371
0.012616
-0.002054
-0.001274
0.000847
-0.007257
-0.030294
-0.021447
-0.009207
0.004797
0.007190
0.018533
0.017910
-0.014611
-0.043088
-0.037658
0.000627
0.022157
0.021776
0.002541
-0.011078
-0.009241
0.003803
0.010286
0.002210
0.002611
-0.005827
-0.033316
-0.048919
-0.038042
0.006713
0.035311
0.031498
-0.007731
-0.041042
-0.034554
0.003833
0.041553
0.026962
-0.010101
-0.034903
-0.020180
0.009193
0.027518
0.012025
-0.010005
-0.023859
-0.026684
-0.006081
0.008708
0.021114
0.009883
-0.004608
-0.009261
-0.005218
-0.019396
-0.030807
-0.019812
0.007592
0.022946
0.000451
-0.019178
-0.016214
0.017347
0.028572
0.016814
-0.007995
-0.029819
-0.040383
-0.027887
-0.006937
0.014260
0.023761
0.017710
-0.004029
-0.048249
-0.056178
-0.033076
0.013037
0.041066
0.028190
-0.016394
-0.048910
-0.043650
-0.001476
0.040007
0.036420
-0.004719
-0.068251
-0.062216
-0.009137
0.040612
0.043662
-0.000165
-0.029310
-0.032282
-0.014463
0.009455
0.014299
-0.021341
-0.029315
-0.003859
0.020724
0.014908
-0.020497
-0.043480
-0.033652
-0.003324
0.018762
0.027820
0.014880
-0.001425
-0.012147
-0.011154
0.003462
-0.001195
-0.011001
-0.020469
-0.021267
-0.022250
-0.024709
-0.009615
0.006964
0.026412
0.029437
0.011953
-0.021615
-0.032152
-0.007179
0.020946
0.023569
-0.004053
-0.041055
-0.041280
-0.010276
0.014264
0.014707
-0.006477
-0.029964
-0.036302
-0.014758
0.010178
0.034502
0.018449
-0.017151
-0.040970
-0.025285
0.008484
0.031382
0.032715
0.000956
-0.029899
-0.039480
-0.011977
0.020093
0.032859
0.002249
-0.035241
-0.036385
-0.012059
0.019403
0.033638
0.024982
0.000960
-0.018233
-0.016067
-0.000416
0.002988
0.002004
0.006440
0.001089
0.008811
0.005539
-0.007529
-0.008459
-0.003116
0.022932
0.028464
0.007416
-0.021553
-0.029896
-0.011781
0.019909
0.027941
0.017817
0.011123
0.008530
0.014425
-0.000774
-0.006141
-0.014078
-0.010802
0.007578
0.026900
0.024647
-0.002197
-0.021767
-0.021863
0.000346
0.014304
0.024084
0.018083
0.007172
-0.001808
-0.008699
-0.011935
-0.005796
0.010232
0.026975
0.038137
0.020099
-0.014027
-0.031075
-0.016864
0.027744
0.060499
0.042124
-0.004258
-0.044398
-0.041372
-0.008688
0.030185
0.034171
0.017601
0.000332
-0.009709
-0.000550
0.009107
0.016886
0.005876
-0.000417
-0.007775
0.000924
0.013650
0.024053
0.028379
0.023098
0.014942
0.001218
-0.013187
-0.014791
-0.002047
0.018400
0.038521
0.023364
0.005342
-0.004296
-0.003588
0.005835
-0.000526
0.002686
0.012213
0.009733
0.000390
-0.007036
0.002852
0.005923
0.006446
-0.003001
0.004234
0.012638
0.007422
0.000489
-0.010384
0.000291
0.012208
0.017599
0.006523
-0.008232
-0.019534
-0.003909
0.022555
0.029212
0.006879
-0.009085
-0.006640
-0.000034
0.006374
0.000142
0.000085
-0.002225
0.000549
0.007476
0.009918
0.008855
0.019700
0.007912
-0.000475
0.005894
0.007522
0.004851
-0.003405
-0.000721
0.008537
0.010051
-0.003645
-0.008366
-0.018216
-0.004226
0.029642
0.045737
0.020876
-0.017819
-0.038085
-0.019461
0.018870
0.042065
0.035782
0.002916
-0.031071
-0.048196
-0.016102
0.028828
0.051198
0.022529
-0.021998
-0.035866
-0.009255
0.026388
0.030914
0.012511
-0.005084
-0.014629
-0.013939
-0.002848
0.010916
0.020813
0.015066
-0.011379
-0.028723
-0.028883
-0.014359
0.015274
0.025357
0.006786
-0.021728
-0.023638
-0.005953
0.021911
0.022185
-0.003227
-0.029838
-0.032202
-0.004971
0.021266
0.017128
-0.013610
-0.024898
-0.004562
0.028551
0.013404
-0.016608
-0.034720
-0.018992
0.019371
0.024292
0.010581
-0.012617
-0.025152
-0.022220
0.002189
0.007652
-0.003865
-0.019031
-0.013166
0.016039
0.021908
-0.008001
-0.048132
-0.049736
-0.013784
0.031079
0.032699
0.005554
-0.022665
-0.025674
-0.002800
0.019654
0.018837
-0.019095
-0.047806
-0.030798
0.004237
0.029337
0.020337
-0.014016
-0.035592
-0.030781
-0.004129
0.007826
-0.004774
-0.023900
-0.030562
-0.013432
-0.000284
-0.001444
-0.009885
-0.021873
-0.016749
0.010183
0.025311
0.003552
-0.035934
-0.051494
-0.024497
0.010773
0.029224
0.004873
-0.030931
-0.046325
-0.024952
0.020242
0.035655
0.015389
-0.024812
-0.036154
-0.025662
-0.005570
0.005946
0.000378
-0.002885
-0.006829
-0.009908
-0.006765
-0.010701
-0.019689
-0.014284
-0.001635
0.010684
0.003910
-0.011682
-0.022967
-0.015757
0.000018
-0.000703
-0.006369
-0.017536
-0.022111
-0.004036
0.016003
0.013281
-0.003305
-0.021422
-0.026047
-0.016230
-0.016915
-0.009886
0.014867
0.024947
0.019724
-0.001809
-0.021784
-0.015989
-0.013370
-0.001310
0.002773
-0.010693
-0.024424
-0.035435
-0.010702
0.023979
0.028160
0.015082
-0.010855
-0.034331
-0.027821
0.007418
0.026048
0.009959
-0.012278
-0.026458
-0.012858
-0.004025
-0.003576
-0.001103
0.004425
0.013685
0.001009
-0.016378
-0.019578
-0.002452
0.014602
0.010067
-0.002112
-0.019462
-0.020552
-0.006235
0.016135
0.030157
0.016787
-0.011505
-0.030746
-0.018822
0.007493
0.022055
0.013803
-0.003896
-0.020731
-0.020006
-0.000967
0.022365
0.023899
0.008226
-0.010888
-0.015205
-0.000118
0.005617
0.011457
-0.000889
-0.009773
-0.005949
-0.004805
-0.000954
-0.001707
0.002386
0.012194
0.008946
-0.006052
-0.013472
-0.016117
-0.009471
0.004651
0.019196
0.027480
0.021068
-0.003899
-0.015399
-0.013728
-0.003637
0.011391
0.017274
0.009566
-0.010749
-0.020699
-0.010603
0.016731
0.027922
0.017952
-0.005863
-0.008379
0.007995
0.032016
0.039086
0.015795
-0.010583
-0.028838
-0.021075
-0.006341
0.011654
0.019749
0.020408
0.007540
0.006524
0.007563
0.006030
0.016618
0.009643
0.004275
0.000870
0.001611
0.000896
-0.001318
0.010581
0.031441
0.035564
0.008386
-0.009464
-0.002118
0.007595
0.011529
-0.001792
0.004909
0.023541
0.024931
0.015720
0.003074
-0.004961
-0.007831
-0.010405
-0.007826
0.016815
0.022770
0.016177
0.002016
-0.006409
0.001446
0.016522
0.031661
0.035488
0.020007
-0.013234
-0.020022
-0.008934
0.008802
0.012971
0.007671
0.007573
