-0.019074
-0.189550
-0.102827
0.170930
0.250442
0.108916
-0.098995
-0.147102
-0.095611
0.002872
0.123700
-0.106026
-0.200251
-0.005175
0.333239
0.346721
-0.079113
-0.289884
-0.261009
-0.056007
0.085153
0.225222
0.290597
0.088114
-0.198621
-0.272664
-0.174286
0.022240
0.250086
0.151794
-0.051093
-0.167794
-0.084663
0.048623
0.129607
0.003175
-0.039388
0.053204
-0.078621
-0.014251
0.096851
0.069218
-0.024238
-0.156003
-0.074320
0.106233
0.136127
0.060760
0.040242
-0.061610
-0.197971
-0.171621
0.126577
0.288111
0.100906
-0.207718
-0.285435
0.081179
0.208793
0.157117
-0.084076
-0.310892
-0.205891
0.122698
0.309190
0.176483
-0.064094
-0.144290
-0.102563
-0.143107
-0.079483
0.093957
0.299162
0.138556
-0.206661
-0.277893
-0.016426
0.312436
0.244006
-0.146827
-0.320265
-0.109191
0.250442
0.360924
0.076930
-0.271730
-0.342866
-0.117179
0.152581
0.292074
0.174256
-0.019851
-0.205785
-0.199213
0.021615
0.230169
0.158292
-0.083523
-0.174410
-0.040898
0.178887
0.098188
-0.056724
-0.140724
0.009649
0.097388
0.016819
-0.077857
-0.123479
0.046453
0.183780
0.104897
-0.073119
-0.193878
0.052740
0.397288
0.168965
-0.178066
-0.372234
-0.401781
-0.224444
0.005839
0.206200
0.291327
0.056485
-0.019661
0.165900
0.169348
-0.215552
-0.406183
-0.103440
0.190195
0.196029
-0.025203
-0.068767
0.137041
0.131418
-0.057581
-0.066229
0.006102
0.152600
0.073560
-0.205992
-0.437440
-0.269142
0.125922
0.341817
0.245362
0.048578
0.005143
-0.109895
-0.286973
-0.186053
0.163638
0.393124
0.256543
-0.155788
-0.380173
-0.220543
0.173254
0.477209
0.372806
-0.096286
-0.519946
-0.413111
0.045174
0.285516
0.165571
-0.120753
-0.056588
0.210163
0.231923
0.056516
-0.310492
-0.616339
-0.335299
0.429818
0.834650
0.546195
-0.178329
-0.713609
-0.647981
-0.048384
0.605541
0.601257
0.102084
-0.373942
-0.272814
-0.009889
-0.077500
-0.114092
0.032492
0.276255
0.218494
0.073427
-0.035385
-0.159995
-0.173055
-0.084507
-0.120275
-0.101938
0.131607
0.285478
0.164146
-0.292956
-0.433982
-0.113084
0.371948
0.450721
0.077314
-0.284594
-0.261333
0.070304
0.268185
0.098805
-0.220839
-0.352272
-0.078444
0.407345
0.405421
-0.034050
-0.617353
-0.593874
0.046916
0.573834
0.506221
0.021093
-0.212992
-0.109099
0.005790
0.114872
0.016969
-0.112251
-0.102951
0.112601
0.562284
0.451235
-0.126337
-0.724951
-0.671708
-0.117122
0.236784
0.332319
0.064717
-0.216161
-0.146045
0.166606
0.401513
0.236853
-0.293467
-0.612952
-0.466545
0.119067
0.663129
0.597266
0.091998
-0.397438
-0.425044
-0.145218
0.182799
0.258904
0.165750
0.065012
-0.042499
-0.076636
-0.078038
-0.063536
-0.055278
-0.040112
-0.045014
0.028619
0.069579
0.043664
0.089004
-0.024128
-0.220467
-0.346079
-0.143817
0.394014
0.593280
0.272658
-0.377191
-0.682594
-0.330381
0.321162
0.656195
0.339070
-0.322012
-0.605532
-0.253201
0.328550
0.588920
0.181473
-0.398698
-0.615033
-0.118647
0.467751
0.478764
0.057969
-0.371209
-0.353672
-0.062286
0.237814
0.309702
0.138828
-0.124680
-0.276877
-0.179212
0.139994
0.362039
0.267583
-0.060679
-0.343843
-0.288378
0.011026
0.318843
0.288576
-0.004332
-0.310132
-0.349940
-0.024424
0.268087
0.217564
-0.092945
-0.281519
-0.152956
0.184648
0.284648
-0.005474
-0.269576
-0.214915
0.026531
0.230343
0.198930
-0.043031
-0.283099
-0.227700
0.139801
0.261270
0.097019
-0.177140
-0.179979
0.094529
0.214010
0.111817
-0.094896
-0.127657
-0.047192
0.087798
0.156716
0.064875
-0.132416
-0.264723
-0.073403
0.257643
0.261829
-0.018892
-0.258596
-0.175309
0.074906
0.133763
0.025951
-0.078383
-0.031321
0.058362
0.089268
0.030670
0.000186
0.013709
0.004523
-0.052244
-0.053428
-0.068626
-0.045926
0.019105
0.033408
0.012108
-0.161500
-0.192064
-0.038073
0.166654
0.221224
0.034501
-0.096016
-0.041800
0.112851
0.192137
0.055100
-0.148116
-0.177576
-0.033330
0.172789
0.173330
-0.034852
-0.209690
-0.200680
0.022709
0.152647
0.077279
-0.069803
-0.139149
-0.029279
0.053396
0.044776
0.041574
0.061075
0.044940
-0.052816
-0.066755
0.058153
0.128832
0.058099
-0.067883
-0.109022
-0.049046
-0.034268
-0.019547
0.018368
0.030465
-0.026284
-0.056127
0.015545
0.067035
0.042807
-0.053604
-0.094813
-0.024097
0.050888
0.062000
0.023756
-0.031449
-0.022769
0.021274
0.031267
-0.006562
-0.002748
0.028868
0.012809
0.002545
-0.005818
-0.019055
-0.024971
-0.008222
0.030656
0.051355
0.020070
-0.015324
-0.035074
-0.012660
0.025325
0.027101
0.020005
-0.038267
-0.074811
-0.041909
0.039545
0.105058
0.040052
-0.049980
-0.108971
-0.072604
0.067559
0.125106
0.032113
-0.090592
-0.098235
0.013832
0.074978
0.013869
-0.019535
-0.007748
0.010801
-0.004549
-0.014508
0.024402
0.030454
-0.008230
-0.058045
-0.039083
0.027967
0.070386
0.027624
-0.055997
-0.068431
-0.010486
0.040071
0.056143
0.050879
0.047774
0.010849
-0.080234
-0.096206
-0.013544
0.075797
0.045655
-0.068695
-0.120161
-0.031606
0.081869
0.075890
-0.000225
-0.058228
-0.035229
0.013054
0.032421
0.006401
0.010480
0.037754
0.017840
-0.005738
-0.032524
-0.010697
0.029559
0.010725
-0.020006
-0.008464
0.006498
0.021245
0.005594
-0.017903
-0.014419
0.009499
0.025992
0.026432
0.026192
0.014070
0.011332
-0.016989
-0.064655
-0.039700
0.033797
0.074296
0.047262
-0.035673
-0.079074
-0.048436
0.020169
0.034820
0.023801
-0.002600
-0.004445
0.014095
-0.006752
-0.029498
-0.010466
0.031464
0.042518
0.008232
-0.067851
-0.063527
0.010204
0.054433
0.055983
0.007673
-0.033592
-0.027877
-0.015808
-0.005275
0.001408
-0.010182
-0.033040
-0.015739
0.027839
0.051092
0.034117
-0.028940
-0.067555
-0.048973
0.025277
0.063218
0.022206
-0.039562
-0.057244
-0.016506
0.037719
0.084905
0.059751
-0.009996
-0.095304
-0.099874
-0.020545
0.072375
0.084850
0.008010
-0.050768
-0.048705
0.004557
0.043344
0.046989
-0.012007
-0.051558
-0.055685
-0.024212
0.027599
0.055740
0.050281
0.002699
-0.060097
-0.063507
-0.002651
0.055893
0.063047
0.004942
-0.059514
-0.070258
-0.009056
0.051644
0.061092
0.021158
-0.046241
-0.041113
0.000340
0.015627
0.023005
-0.007735
-0.022051
-0.004295
0.012044
0.043382
0.049498
-0.001318
-0.077052
-0.094679
-0.017332
0.056406
0.086305
0.027818
-0.040590
-0.051975
-0.044569
0.002210
0.023899
0.033768
0.021908
0.012347
-0.010295
-0.040032
-0.030364
-0.001164
0.049792
0.058350
0.017128
-0.046517
-0.056056
-0.030473
0.019962
0.032273
0.012271
0.000798
-0.027966
-0.017482
-0.002497
0.012648
0.010313
0.003762
-0.009256
-0.002626
0.035753
0.031222
-0.000572
-0.061876
-0.066776
0.003416
0.063072
0.073464
0.025668
-0.046181
-0.081688
-0.043540
0.014815
0.048957
0.030691
-0.021477
-0.042029
-0.025785
0.012467
0.054576
0.039018
-0.010082
-0.055445
-0.040727
0.005890
0.026447
0.022640
-0.002480
-0.014100
-0.014973
0.001288
0.039956
0.052700
0.006411
-0.045935
-0.058649
-0.011118
0.040083
0.060383
0.039164
-0.016857
-0.056694
-0.049723
0.006194
0.053566
0.048141
-0.003660
-0.059145
-0.063471
-0.013386
0.037697
0.064389
0.016160
-0.048672
-0.046791
0.002125
0.062661
0.067333
0.005262
-0.047359
-0.060964
-0.011221
0.052119
0.038867
-0.019310
-0.069873
-0.046166
0.012494
0.052177
0.045545
0.006923
-0.035955
-0.055042
-0.028903
0.022850
0.050428
0.024294
-0.016890
-0.043866
-0.019613
0.010674
0.025188
0.005178
-0.008915
-0.013141
-0.013658
-0.009908
-0.013860
0.004455
0.009433
0.002690
0.013759
0.019006
0.011715
-0.006784
-0.044148
-0.047283
-0.018384
0.031404
0.062213
0.030329
-0.011728
-0.033657
-0.010893
0.025978
0.024594
0.005198
-0.014613
-0.022298
-0.014317
0.008684
0.005907
0.005396
0.010749
0.021062
0.013616
-0.013702
-0.024855
-0.042605
-0.028132
0.002898
0.035129
0.042996
0.006770
-0.037652
-0.043261
-0.013139
0.030844
0.061315
0.029338
-0.018979
-0.047937
-0.027980
0.009868
0.020510
0.010154
-0.022902
-0.029723
0.000739
0.041392
0.026146
-0.018885
-0.039034
-0.025262
0.007789
0.022258
0.022563
-0.006926
-0.026057
-0.018131
0.004809
0.033999
0.032713
0.001801
-0.025049
-0.039729
-0.032764
0.001071
0.024001
0.030932
0.012290
-0.023272
-0.023697
-0.001260
0.019613
0.019518
-0.017644
-0.032403
-0.014603
0.012877
0.046242
0.032051
0.000604
-0.024386
-0.022624
0.011827
0.012714
0.004456
-0.009735
-0.012518
-0.006739
-0.010442
-0.001633
0.013350
0.014954
0.010940
0.006400
-0.003638
0.004349
0.003237
0.003824
0.000256
-0.002668
0.003107
0.010008
0.001228
-0.008552
0.002161
-0.007444
-0.011090
-0.011967
-0.000171
0.009944
-0.000855
-0.007565
-0.017822
-0.009256
0.002219
0.003519
0.007319
0.008100
0.005332
-0.004111
-0.018698
-0.013961
0.009778
0.015052
0.004344
-0.029914
-0.046757
-0.011073
0.030933
0.041454
0.018055
-0.019778
-0.032374
-0.026858
-0.005455
0.014430
0.011493
0.008810
-0.005586
-0.006944
0.002220
0.002216
0.003073
-0.006858
-0.011262
-0.007932
-0.000183
0.012439
0.010966
-0.002068
-0.010239
-0.027866
-0.013785
0.011696
0.031800
0.028116
-0.015328
-0.045611
-0.036415
0.016746
0.041596
0.030519
-0.011734
-0.031634
-0.036381
-0.012743
0.015123
0.020162
0.008691
-0.008655
-0.003150
0.016565
0.024438
-0.002176
-0.025633
-0.035092
-0.008311
0.026525
0.026928
0.007357
-0.018154
-0.027181
-0.018376
-0.008920
0.006117
0.011488
0.000573
-0.010846
-0.013680
-0.011439
0.002016
0.002801
-0.000248
0.004186
0.004145
-0.004860
-0.015526
-0.009716
0.014671
0.016685
0.004974
-0.029113
-0.037660
-0.021248
0.012053
0.054960
0.029066
-0.017150
-0.048980
-0.034984
0.007229
0.028491
0.022894
0.005780
-0.019136
-0.014328
0.014792
0.034844
0.019662
-0.018717
-0.028281
-0.007412
0.016402
0.004983
-0.024417
-0.029988
-0.019398
0.011136
0.031661
0.036365
0.018235
-0.017527
-0.036753
-0.034479
-0.002876
0.020790
0.023686
0.005683
-0.020481
-0.025727
0.000522
0.025227
0.024239
0.007485
-0.008229
-0.023525
-0.019280
-0.005411
0.007269
0.017251
0.017830
0.002172
-0.025179
-0.020941
0.003364
0.020505
0.014785
-0.007225
-0.008624
-0.008150
-0.002895
0.008804
0.029502
0.035793
-0.003731
-0.041100
-0.032818
0.001599
0.023644
0.022860
-0.000385
-0.003744
-0.007473
0.003019
0.002070
-0.003040
-0.004112
-0.012224
-0.000610
0.015116
0.033771
0.018189
-0.020744
-0.037064
0.000110
0.029715
0.029258
0.004866
-0.014814
-0.016091
-0.002341
0.010796
0.009436
0.009995
0.004548
-0.004267
-0.019337
-0.019865
-0.005042
0.016577
0.020292
0.016544
0.002929
-0.009238
-0.014923
-0.005451
0.013168
0.017944
-0.002137
-0.027983
-0.026562
0.001056
0.029559
0.028053
0.001162
-0.019419
-0.015374
-0.004706
-0.002001
-0.010611
0.001104
0.012272
0.016791
0.001570
-0.006270
-0.001689
0.006723
0.006886
0.003629
0.005929
-0.003057
0.003730
-0.012782
-0.017912
-0.019071
-0.008567
0.014665
0.025761
0.031294
0.019003
-0.000203
-0.016320
-0.017361
0.002896
0.017098
0.009367
-0.002158
-0.013954
0.005320
0.023184
0.017179
0.011647
-0.010121
-0.021239
-0.020687
-0.014110
0.014508
0.027918
0.020114
-0.010169
-0.035269
-0.020065
0.018206
0.042048
0.023102
-0.023227
-0.048836
-0.029674
0.006812
0.027475
0.021057
0.002256
-0.018182
-0.026567
-0.004662
0.015440
0.010315
-0.014519
-0.026461
-0.001801
0.025829
0.022031
0.001478
-0.017473
-0.018880
-0.002782
0.007488
0.006275
-0.005815
-0.008429
-0.003894
0.002931
0.013534
0.019753
0.003362
-0.021269
-0.032164
-0.010856
0.010379
0.012398
0.001098
-0.010756
-0.004496
0.002916
0.009930
0.003334
0.008546
0.001913
-0.007493
-0.008380
-0.020420
-0.015461
-0.001110
0.021841
0.034645
0.009302
-0.024291
-0.031689
-0.005809
0.023010
0.023711
0.007994
-0.012299
-0.027065
-0.009162
0.013852
0.024750
0.014051
-0.006250
-0.005834
-0.013330
-0.001718
0.003901
-0.000411
0.000761
0.008554
0.012839
-0.000442
-0.016907
-0.029304
-0.008202
0.014466
0.024991
0.014249
0.002613
-0.004615
-0.013631
-0.016434
-0.011572
-0.001098
0.011994
0.029971
0.023978
-0.002666
-0.033612
-0.029705
-0.003096
0.026589
0.028517
0.008380
-0.012189
-0.022197
-0.014504
-0.004831
0.013850
0.014428
-0.001365
-0.011000
-0.003521
0.004636
0.004002
-0.007475
-0.010697
-0.013224
-0.005237
0.017874
0.025533
0.017507
-0.008406
-0.022234
-0.015115
-0.001332
0.012529
0.006059
-0.007757
-0.023630
-0.024554
-0.008508
0.005906
0.020833
0.009007
0.000603
-0.011804
-0.021547
-0.015962
0.002568
0.014413
0.010002
0.000726
-0.011897
-0.007200
-0.004115
0.011249
0.004715
-0.024527
-0.035859
-0.017685
0.009454
0.013537
0.008990
-0.005786
-0.011569
-0.008090
0.013026
0.017099
-0.012766
-0.025356
-0.016495
0.024570
0.033798
0.009058
-0.020790
-0.022565
-0.002506
-0.004413
-0.011928
-0.013613
0.002818
0.019580
0.018299
-0.004857
-0.026830
-0.022944
0.012829
0.039953
0.028809
-0.011623
-0.029693
-0.017855
0.007871
0.018592
0.003979
-0.005693
-0.006756
0.016656
0.026054
-0.001286
-0.034963
-0.038062
-0.001672
0.024133
0.018228
-0.009849
-0.021627
-0.008563
0.015174
0.023987
0.011388
-0.010270
-0.018988
-0.006614
-0.008676
-0.008691
-0.008959
0.005119
0.016125
0.020876
-0.003820
-0.035702
-0.031262
-0.009597
0.018772
0.016250
0.001659
-0.018756
-0.017717
-0.000272
0.010922
0.014340
0.002012
-0.005517
-0.008732
-0.011493
-0.012498
0.004439
0.017527
0.018434
-0.007014
-0.024635
-0.016773
-0.006436
0.015027
0.012957
0.001699
-0.009239
-0.007339
-0.000035
0.001189
-0.001715
-0.000595
0.010888
0.002836
-0.010532
-0.012184
-0.009671
0.001183
0.009887
0.011137
0.006205
-0.012527
-0.022025
-0.011428
0.009292
0.018342
0.006398
0.000108
-0.004131
-0.005243
-0.008567
-0.003141
0.012823
0.013393
-0.003758
-0.015387
-0.012849
-0.001920
0.011365
0.001880
-0.009289
-0.014580
0.006082
0.030891
0.026605
-0.000705
-0.035165
-0.038736
-0.002169
0.035698
0.027223
-0.010009
-0.038618
-0.028913
0.015997
0.033703
0.007428
-0.032351
-0.032380
0.010544
0.038549
0.020981
-0.019049
-0.035705
-0.022974
0.009544
0.024432
0.013420
-0.002355
-0.007105
-0.005298
0.004161
0.010015
0.008308
-0.003085
-0.014300
-0.013855
-0.000892
0.020273
0.022322
0.001239
-0.016231
-0.017983
-0.003872
0.013073
0.020656
0.018472
-0.004020
-0.013478
-0.012164
0.006519
0.024777
0.016540
-0.008871
-0.024479
-0.012751
0.013801
0.017623
-0.008017
-0.020733
-0.007353
0.026247
0.032463
0.004709
-0.021104
-0.028657
-0.011436
0.009488
0.016722
0.010497
-0.004660
-0.022844
-0.013571
0.012983
0.022021
0.017901
-0.003976
-0.013037
-0.004212
-0.000088
0.002305
0.001671
0.000383
0.009744
0.012922
0.009751
-0.002519
-0.012981
-0.011506
-0.001427
0.009487
0.007177
0.000144
-0.011694
-0.015336
-0.008681
0.003595
0.015153
0.019339
0.011881
-0.002104
-0.014924
-0.015508
-0.000749
0.020575
0.028984
0.004225
-0.030002
-0.034603
-0.003730
0.023318
0.021651
-0.007443
-0.032808
-0.018834
0.009872
0.026143
0.009289
-0.018119
-0.024189
-0.009947
0.008552
0.030551
0.026676
-0.002745
-0.030510
-0.030383
0.010551
0.032479
0.012974
-0.030040
-0.039374
-0.005015
0.037127
0.035697
-0.004706
-0.037700
-0.037223
-0.000970
0.038555
0.035813
0.002616
-0.016768
-0.016342
0.002388
0.013652
0.019845
0.010354
-0.008319
-0.016725
-0.003313
0.011819
0.006764
0.002355
-0.003967
-0.002558
0.007740
0.009696
