0.001088
0.001483
0.001696
0.001985
0.001931
0.001972
0.001829
0.001862
0.002022
0.001455
0.001741
0.002104
0.002358
0.002629
0.002445
0.002265
0.002271
0.002146
0.002368
0.002080
0.001596
0.001169
0.001107
0.001005
0.000500
0.000445
0.000260
-0.000023
-0.000667
-0.000946
-0.001197
-0.001377
-0.001377
-0.001606
-0.001722
-0.001982
-0.002180
-0.002192
-0.002266
-0.001969
-0.002171
-0.002724
-0.003011
-0.003734
-0.004189
-0.004254
-0.004079
-0.003915
-0.003736
-0.004056
-0.004560
-0.004674
-0.004874
-0.004992
-0.005086
-0.005098
-0.005388
-0.006009
-0.006402
-0.006509
-0.006168
-0.005778
-0.005524
-0.005321
-0.005304
-0.005483
-0.006010
-0.005523
-0.004926
-0.004927
-0.005521
-0.006038
-0.005998
-0.006185
-0.006134
-0.005995
-0.005819
-0.005719
-0.005487
-0.005493
-0.005401
-0.005173
-0.005259
-0.005238
-0.004946
-0.005246
-0.006037
-0.006899
-0.007349
-0.007425
-0.007276
-0.007111
-0.007429
-0.007308
-0.007203
-0.007601
-0.007839
-0.008023
-0.008073
-0.007709
-0.006826
-0.005791
-0.005462
-0.005163
-0.005300
-0.005577
-0.006218
-0.006765
-0.006493
-0.006641
-0.006927
-0.006806
-0.006338
-0.006885
-0.007313
-0.007018
-0.006446
-0.006178
-0.006631
-0.006342
-0.006321
-0.006662
-0.007383
-0.007079
-0.005966
-0.005667
-0.006236
-0.006951
-0.006763
-0.006610
-0.006105
-0.005975
-0.006056
-0.006045
-0.005896
-0.005723
-0.005615
-0.005944
-0.006784
-0.006863
-0.006078
-0.004987
-0.003867
-0.003336
-0.003638
-0.004485
-0.005326
-0.005760
-0.005057
-0.004358
-0.004390
-0.005091
-0.006594
-0.006847
-0.006460
-0.005544
-0.005518
-0.006049
-0.006497
-0.006673
-0.006043
-0.005853
-0.006230
-0.006473
-0.006042
-0.005611
-0.006172
-0.006342
-0.005315
-0.004487
-0.003591
-0.003314
-0.003618
-0.004216
-0.003813
-0.002958
-0.002769
-0.002143
-0.002421
-0.002451
-0.002299
-0.002608
-0.002460
-0.002394
-0.001266
-0.000035
0.000203
-0.000154
-0.000538
0.000168
0.001275
0.002197
0.003013
0.002776
0.002242
0.002024
0.001423
0.001441
0.002079
0.001969
0.001595
0.000660
0.000404
0.000883
0.000747
0.000494
0.000965
0.001798
0.001941
0.001906
0.001647
0.001879
0.001587
0.001661
0.001724
0.001579
0.001880
0.001570
0.001556
0.001328
0.001525
0.002010
0.002405
0.002384
0.001688
0.001970
0.001798
0.001386
0.001008
0.000601
0.000818
0.001443
0.002578
0.003090
0.003042
0.002507
0.002742
0.003165
0.003231
0.003178
0.003098
0.003282
0.003529
0.003580
0.003394
0.003414
0.002924
0.002420
0.002768
0.003819
0.004668
0.005441
0.005711
0.005205
0.004732
0.004138
0.004235
0.004891
0.005756
0.006001
0.005409
0.004235
0.003722
0.005222
0.006142
0.006546
0.006210
0.005778
0.005570
0.006061
0.006621
0.006816
0.006590
0.005775
0.005607
0.005059
0.004907
0.005258
0.005307
0.004993
0.004983
0.004146
0.003810
0.003357
0.003808
0.004357
0.005348
0.004551
0.003519
0.001458
0.002264
0.003208
0.004817
0.005200
0.004964
0.005828
0.005172
0.006682
0.004764
0.006881
0.004510
0.007234
0.002403
0.006673
0.002316
0.005861
-0.001671
0.001740
-0.004684
0.000973
-0.001816
-0.003401
-0.007331
-0.003194
0.006239
-0.030319
0.038493
0.009448
-0.021995
-0.069968
0.019199
-0.093203
-0.133974
0.037069
0.105421
0.182863
0.011198
0.079733
0.090573
-0.148153
-0.285151
-0.034153
0.256916
0.213320
-0.021859
-0.119494
-0.051470
-0.061072
-0.113207
0.037035
0.335106
0.328472
-0.045106
-0.439542
-0.362060
0.098880
0.365043
0.247664
-0.025938
-0.224738
-0.179631
0.010175
0.175838
0.193567
0.102335
-0.064708
-0.179521
-0.249248
0.032797
0.268647
0.270443
0.054223
-0.241031
-0.407245
-0.246751
0.279747
0.260452
0.160055
-0.108092
-0.258875
-0.036025
0.062547
-0.012771
-0.136007
-0.023793
0.196595
0.242593
-0.042179
-0.264307
-0.209724
-0.030861
0.109798
0.140931
0.065574
-0.007265
-0.044165
-0.001094
0.049887
0.043176
-0.010562
0.000539
0.017247
-0.033632
-0.052665
-0.016673
0.121758
0.055909
-0.149291
-0.116930
0.049098
0.112262
0.020273
-0.129322
-0.140217
-0.005613
0.056448
0.141127
0.035197
-0.250601
-0.231314
-0.011975
0.246996
0.251234
0.104288
-0.112558
-0.213724
-0.106201
-0.011991
0.188822
0.202744
-0.135231
-0.269828
-0.048141
0.159681
0.133725
-0.041171
-0.020077
0.101939
0.046409
-0.111524
-0.199788
-0.133722
0.100633
0.257815
0.255739
0.044890
-0.182745
-0.256381
-0.207942
-0.057988
0.188569
0.373959
0.285946
-0.023782
-0.337770
-0.447809
-0.146130
0.283037
0.395167
0.142422
-0.202175
-0.254140
-0.101207
0.011454
-0.073602
-0.036913
0.097596
0.090420
-0.013308
-0.050375
0.041009
0.097029
0.021352
-0.113967
-0.065773
0.051025
0.168076
0.090688
-0.093143
-0.220205
-0.136295
0.027675
0.148573
0.188160
-0.022716
-0.133888
-0.079333
0.024930
-0.056101
-0.130209
-0.097592
0.077331
0.225833
0.201880
-0.030064
-0.282045
-0.332743
-0.096337
0.305401
0.397328
0.157249
-0.237790
-0.416972
-0.290143
0.125447
0.360139
0.196901
-0.087993
-0.261962
-0.042330
0.074842
0.061681
0.020539
-0.006122
0.019659
0.007509
0.022060
0.002767
0.023400
-0.010443
-0.036373
-0.048912
-0.037598
0.022859
0.144472
0.203904
0.029357
-0.184446
-0.226980
-0.000427
0.205904
0.221752
0.081006
-0.025445
-0.002306
-0.011262
-0.022250
-0.027959
-0.076620
-0.264661
-0.348756
-0.183098
0.088878
0.248454
0.253652
0.034546
-0.311012
-0.414233
0.020384
0.526525
0.506047
-0.063410
-0.622029
-0.530138
-0.006359
0.567209
0.636819
0.196446
-0.398127
-0.624943
-0.198887
0.332064
0.428760
0.019967
-0.510573
-0.502276
0.008116
0.391080
0.338647
0.032634
-0.013754
0.047648
-0.008886
-0.207147
-0.258708
0.017637
0.354522
0.389448
0.020145
-0.298429
-0.275134
0.025950
0.317606
0.225506
-0.181186
-0.336103
-0.108204
0.245732
0.260105
-0.110731
-0.366030
-0.188923
0.332799
0.542424
0.112389
-0.419950
-0.465072
0.009539
0.454846
0.358554
-0.180603
-0.490672
-0.236207
0.341713
0.526042
0.098489
-0.385257
-0.439880
-0.001652
0.393741
0.408211
0.018401
-0.315655
-0.283122
0.041362
0.361964
0.313306
-0.121077
-0.411968
-0.171118
0.313922
0.413890
0.009769
-0.347763
-0.396710
-0.059069
0.272105
0.326866
0.088597
-0.315700
-0.398583
-0.070884
0.272155
0.237615
-0.172205
-0.379822
-0.171229
0.064166
0.159138
0.104257
-0.004613
-0.104760
-0.058086
0.089097
0.107787
-0.038381
-0.176769
-0.103786
0.106202
0.182595
0.102693
-0.045323
-0.076384
0.011054
0.056313
0.027987
-0.076023
-0.058687
0.038943
0.116181
0.109808
-0.005203
-0.140372
-0.054059
0.152991
0.220593
0.052566
-0.263779
-0.333326
-0.142224
0.188359
0.327078
0.115358
-0.187128
-0.305506
-0.023697
0.338132
0.291448
-0.126842
-0.437268
-0.245882
0.229343
0.515095
0.274101
-0.253196
-0.499519
-0.280648
0.165612
0.360231
0.222395
-0.027461
-0.163864
-0.125302
0.014241
0.080166
0.025638
-0.073498
-0.055784
0.096633
0.169263
0.080619
-0.089469
-0.185120
-0.100903
0.067856
0.160871
0.126843
-0.014221
-0.091018
-0.090040
-0.025975
0.067321
0.104423
0.038554
-0.092906
-0.153992
-0.075723
0.065581
0.124422
0.041275
-0.078487
-0.156289
-0.111782
0.066884
0.148850
0.088810
-0.062570
-0.180740
-0.151314
0.020763
0.169169
0.130064
-0.063541
-0.171273
-0.091468
0.053852
0.127908
0.028587
-0.065578
-0.060524
0.055831
0.126087
0.057238
-0.042801
-0.080208
-0.039815
0.041903
0.092236
0.075012
-0.004772
-0.118666
-0.059634
0.058453
0.130061
0.090664
-0.061348
-0.111679
-0.037448
0.071037
0.098834
0.039114
-0.018538
-0.018109
-0.014430
-0.017388
-0.050661
-0.033780
0.008171
0.014042
-0.000297
-0.029577
-0.012614
-0.012491
-0.005572
-0.001986
0.001624
0.010262
0.022719
0.061301
0.093565
0.049263
-0.011044
-0.061604
-0.038060
0.084084
0.135877
0.060755
-0.075705
-0.123326
-0.107685
-0.022077
0.087012
0.115848
0.036695
-0.069112
-0.110241
-0.077135
0.004366
0.079687
0.075288
-0.015103
-0.071652
-0.055853
0.026447
0.067316
0.033032
-0.047424
-0.091982
-0.041345
0.036720
0.076840
0.030203
-0.034923
-0.033920
0.010017
0.027475
-0.006056
-0.059084
-0.066250
-0.005015
0.082009
0.137663
0.066350
-0.102094
-0.150379
-0.027621
0.125714
0.166204
0.047010
-0.090672
-0.112872
-0.027278
0.045091
0.057213
0.025031
-0.011083
-0.063310
-0.082623
-0.018020
0.049470
0.061725
0.005090
-0.038552
-0.028805
0.020885
0.041037
0.029002
0.004936
-0.004924
-0.010060
-0.006192
0.005992
-0.000236
-0.010533
-0.036267
-0.024925
0.005388
0.020310
0.009549
-0.012239
-0.013095
-0.003220
0.023564
0.032030
-0.012172
-0.068649
-0.056315
0.024396
0.067915
0.029657
-0.054873
-0.057499
0.000004
0.047294
0.031226
-0.003040
-0.016619
-0.032376
-0.034093
-0.008201
0.032068
0.017840
-0.024456
-0.038300
0.012777
0.065290
0.061740
-0.015854
-0.070588
-0.066329
-0.023876
0.012201
0.000144
-0.007087
-0.002273
-0.002916
-0.025104
-0.040715
-0.000764
0.044106
0.021829
-0.030503
-0.024284
0.008184
0.043624
0.032080
-0.009596
-0.000855
0.000342
-0.003371
0.005511
-0.002751
0.005430
-0.008756
-0.024869
-0.005039
0.006344
0.004472
-0.023559
-0.029375
-0.005952
0.059092
0.067975
0.019839
-0.045451
-0.067783
-0.014633
0.047010
0.054765
0.013025
-0.018897
-0.021872
0.001109
0.009365
0.017176
0.011018
-0.000076
-0.013923
-0.013834
-0.003111
0.016407
0.034713
0.034513
-0.024368
-0.076460
-0.054289
0.006310
0.078151
0.051438
-0.041519
-0.081863
-0.053468
0.028792
0.087506
0.048562
-0.023599
-0.072148
-0.077373
-0.003844
0.057220
0.049355
0.001914
-0.054468
-0.041693
0.010200
0.033516
0.012562
-0.029828
-0.047988
-0.001187
0.054231
0.053987
0.014246
-0.031633
-0.031581
0.002302
0.020558
0.007365
0.009738
0.014481
-0.012306
-0.043400
-0.035405
0.015451
0.046459
0.028908
-0.006223
-0.027260
-0.027636
-0.017919
0.005270
0.030639
0.022143
0.007985
-0.012301
-0.007260
0.026521
0.022500
0.012732
-0.007593
-0.017222
0.000897
0.008501
0.013928
0.008809
-0.008679
-0.021509
-0.007071
-0.000776
0.014883
0.013682
0.010109
0.009236
-0.020144
-0.015240
-0.009320
0.018385
0.032359
0.020110
-0.019071
-0.042533
-0.038082
-0.004714
0.025883
0.012672
0.004236
-0.032975
-0.038707
-0.029758
0.002965
0.022686
0.004114
-0.012563
-0.013637
-0.000116
0.016051
0.025071
0.004870
-0.015441
-0.032282
-0.025388
-0.010193
-0.005034
-0.016143
-0.028101
-0.019952
0.003826
0.015762
0.008988
-0.008981
-0.036860
-0.040964
-0.003216
0.039436
0.050507
0.014660
-0.038559
-0.057838
-0.022715
0.020425
0.056313
0.047017
0.002757
-0.044971
-0.058457
-0.011430
0.041604
0.060248
0.024411
-0.021008
-0.051523
-0.022264
0.024021
0.063911
0.036816
-0.030983
-0.067666
-0.043592
0.037823
0.065228
0.026107
-0.045817
-0.080743
-0.042767
0.033159
0.068647
0.052765
0.003923
-0.045015
-0.052024
-0.027359
0.015503
0.048318
0.039481
0.002470
-0.041198
-0.046068
0.003476
0.054825
0.058237
0.005150
-0.043578
-0.041326
0.005504
0.041310
0.030103
0.003327
-0.011892
-0.011034
0.010568
0.021891
0.017956
-0.004571
-0.029856
-0.031014
-0.011226
0.021676
0.035307
0.014412
-0.025373
-0.036193
-0.018908
0.022960
0.051661
0.024384
-0.026512
-0.051497
-0.028998
0.024717
0.062742
0.034716
-0.024955
-0.057961
-0.033055
0.015833
0.038333
0.019578
-0.014741
-0.038403
-0.016712
0.010304
0.023431
0.008770
-0.014902
-0.002153
0.004627
0.016385
0.015388
0.008433
-0.001394
-0.011712
-0.005741
0.006588
0.003989
-0.012812
-0.017600
-0.004638
0.013208
0.022506
-0.002105
-0.020579
-0.019531
0.009359
0.030765
0.009009
-0.013750
-0.028473
-0.019704
0.013452
0.033486
0.029625
0.009083
-0.022607
-0.023955
-0.015918
0.009540
0.013535
0.020295
0.031804
0.013800
-0.012641
-0.028858
-0.020380
0.011281
0.035526
0.007907
-0.021173
-0.031086
0.008208
0.039002
0.025149
-0.010920
-0.032390
-0.007778
0.031140
0.039042
0.001665
-0.039179
-0.053706
-0.013770
0.033188
0.052044
0.014810
-0.032481
-0.035165
0.000717
0.027987
0.006222
-0.029444
-0.034712
-0.001949
0.029509
0.025492
-0.016285
-0.049249
-0.050324
-0.001226
0.034592
0.031573
0.007249
-0.023099
-0.033415
-0.023246
-0.002913
0.022365
0.034886
0.022464
-0.008357
-0.046078
-0.033444
0.002888
0.032825
0.037873
0.002982
-0.036218
-0.038091
-0.001265
0.039317
0.042032
0.016623
-0.017221
-0.029788
-0.011648
0.009311
0.023892
0.018485
-0.000813
-0.024441
-0.031564
-0.016783
0.008398
0.027408
0.036612
0.014360
-0.014885
-0.045586
-0.043575
-0.000975
0.026485
0.030301
0.007497
-0.016314
-0.019320
-0.009359
0.009920
0.027153
0.008809
-0.014142
-0.022320
-0.019422
-0.008709
-0.005270
0.003177
0.018868
0.009347
-0.014413
-0.028633
-0.023623
0.012194
0.030333
0.013482
-0.016405
-0.035196
-0.014454
0.015534
0.027191
0.016784
-0.009841
-0.016964
-0.005269
-0.001578
-0.007952
-0.023564
-0.019184
-0.003876
0.012741
0.021224
0.008413
-0.017955
-0.032744
-0.001208
0.033954
0.038058
0.006213
-0.029939
-0.033616
-0.004466
0.018228
0.030483
0.016286
-0.000651
-0.002667
-0.008633
-0.000025
0.004222
0.009311
0.011356
0.009099
-0.008153
-0.023847
-0.016023
0.016297
0.041364
0.026656
-0.008978
-0.036592
-0.017903
0.015847
0.026258
0.016366
-0.015643
-0.028745
-0.007351
0.005179
0.010270
0.011278
0.001197
0.007118
-0.002400
-0.016455
-0.018122
-0.025482
-0.005608
0.015673
0.023170
0.009721
-0.023431
-0.038866
-0.021454
0.009182
0.030700
0.021777
-0.010874
-0.028741
-0.026325
0.005518
0.023625
0.016986
-0.003294
-0.024712
-0.025614
-0.011012
0.007985
0.024496
0.018281
-0.009561
-0.026022
-0.023038
0.006866
0.032373
0.026454
-0.008312
-0.031955
-0.029640
0.003859
0.032713
0.025674
0.000211
-0.029217
-0.038035
-0.014690
0.010621
0.022456
0.011945
-0.018829
-0.030707
-0.012206
0.019201
0.040784
0.026923
-0.017105
-0.034502
-0.023229
0.013782
0.036012
0.017213
-0.009563
-0.034196
-0.045331
-0.012697
0.031779
0.041118
0.012392
-0.036580
-0.049898
-0.028386
0.005604
0.023898
0.010242
-0.007721
-0.004093
-0.000746
0.004002
0.008092
-0.005192
-0.008810
-0.010552
0.007784
0.016650
-0.011919
-0.032703
-0.019187
0.000599
0.011706
0.003408
-0.009520
-0.001299
0.002930
-0.001260
-0.014218
-0.007569
0.019619
0.035036
0.017141
-0.011440
-0.030126
-0.015483
0.013819
0.026425
0.022593
-0.010835
-0.030710
-0.022255
0.003491
0.027479
0.024483
0.007371
-0.016211
-0.018063
-0.001030
0.010196
0.020854
0.016265
0.010726
0.001567
-0.015953
-0.019687
-0.007665
0.018149
0.031063
0.022863
-0.012457
-0.043421
-0.039387
-0.003271
0.045323
0.044632
0.007731
-0.036865
-0.045798
-0.010717
0.024696
0.047119
0.028890
-0.002356
-0.027324
-0.022947
-0.003665
0.018126
0.030719
0.014729
-0.009613
-0.036500
-0.029650
-0.000985
0.033374
0.034444
0.000997
-0.030959
-0.032091
-0.006640
0.022148
0.041470
0.029931
-0.001361
-0.021726
-0.014730
0.010507
0.031585
0.023922
0.002583
-0.012860
-0.012833
-0.005043
-0.000103
0.003084
0.009104
0.011329
0.006507
0.004883
-0.009353
-0.020362
-0.012135
0.013333
0.025009
0.015280
0.007061
-0.007087
-0.017570
-0.012391
0.002520
0.016473
0.023868
0.008802
-0.008630
-0.020777
-0.019925
-0.004628
0.014185
0.025115
0.009741
-0.018454
-0.023114
-0.002088
0.024647
0.016295
-0.008303
-0.017492
-0.015861
0.007257
0.012595
0.012471
0.011752
-0.001239
-0.012997
-0.017119
-0.002632
0.020419
0.022033
0.000114
-0.014590
-0.021206
-0.008065
0.017773
0.036091
0.024455
-0.008460
-0.031019
-0.023811
0.002455
0.023860
0.028639
0.008285
-0.008880
-0.020195
-0.011125
0.006130
0.026019
0.017923
-0.002487
-0.015731
-0.029535
-0.016464
0.013431
0.035999
0.022699
-0.011337
-0.038336
-0.037602
-0.002288
0.031894
0.029113
-0.002585
-0.033523
-0.028188
-0.003845
0.014451
0.021403
0.007083
-0.009595
-0.011666
-0.009745
-0.006290
-0.007990
-0.006382
0.001884
-0.002781
-0.017586
-0.021730
-0.017189
-0.000386
0.012057
0.005828
-0.008574
-0.023078
-0.022953
-0.006524
0.011664
0.009611
-0.007563
-0.033828
-0.025448
0.002408
0.013024
0.000678
-0.014393
-0.019230
-0.012411
-0.000046
0.001025
0.000101
-0.009795
-0.011206
-0.000039
0.017459
0.012360
-0.004235
-0.011305
-0.001336
0.012506
0.008079
-0.005576
-0.015813
-0.017157
-0.005005
0.018384
0.024626
0.018856
-0.006893
-0.029133
-0.019512
0.006435
0.022590
0.009486
-0.020856
-0.031002
-0.016550
0.014185
0.027840
0.010207
-0.008596
-0.015889
-0.009770
-0.008503
-0.003217
0.002219
0.008029
0.004480
-0.008944
-0.022545
-0.021420
-0.003245
0.016921
0.019725
-0.002031
-0.029430
-0.031852
-0.000794
0.025906
0.024345
-0.007969
-0.037732
-0.031980
0.001340
0.025874
0.015110
-0.021509
-0.035823
-0.018340
0.018142
0.031836
0.008524
-0.018489
-0.028268
-0.010735
0.009887
0.016344
0.002468
-0.012762
-0.009061
0.008168
0.017765
-0.001215
-0.019302
-0.008463
0.007736
0.015314
-0.001178
-0.018679
-0.018144
-0.003582
0.015627
0.023362
0.006514
-0.019369
-0.031335
-0.015203
0.019515
0.028856
0.009725
-0.027204
-0.032841
-0.003857
0.032412
0.039807
0.011588
-0.020465
-0.028674
-0.009857
0.006546
0.012565
0.002939
-0.002114
0.000205
-0.001406
0.000413
0.000748
-0.002287
0.009515
0.015148
0.010834
-0.004940
-0.025785
-0.019269
-0.001512
0.012095
0.015148
0.002028
-0.016491
-0.014915
-0.001643
0.003310
0.004656
0.000509
-0.000889
0.004135
-0.000821
-0.009769
-0.012180
-0.007833
0.013784
0.028313
0.016061
-0.009112
-0.026610
-0.015995
0.016238
0.037780
0.025443
-0.011935
-0.031843
-0.011860
0.023604
0.029057
0.015610
-0.000556
-0.008000
-0.007128
-0.007880
-0.000342
0.005301
0.012555
0.009307
0.004011
-0.009384
-0.015453
-0.006016
0.009767
0.019342
0.016034
-0.005603
-0.021569
-0.022270
-0.008041
0.022276
0.030115
0.012282
-0.018350
-0.028809
-0.015297
0.012422
0.026154
0.017955
-0.003012
-0.020483
-0.015826
-0.002617
0.009492
0.017727
0.013844
0.000505
-0.011733
