-0.000213
-0.000071
0.000268
0.000314
0.000684
0.001135
0.001197
0.001376
0.001642
0.001482
0.001694
0.001712
0.001624
0.001697
0.001657
0.002191
0.002222
0.002190
0.002234
0.002277
0.002485
0.002812
0.002846
0.002587
0.002648
0.002892
0.003035
0.003063
0.002949
0.003267
0.003401
0.003382
0.003507
0.003242
0.003462
0.003531
0.003604
0.003879
0.003968
0.004070
0.004268
0.004514
0.004317
0.003982
0.004422
0.004286
0.004239
0.004179
0.004447
0.005077
0.005077
0.005434
0.005050
0.005127
0.005539
0.006183
0.006537
0.006134
0.005944
0.006210
0.006547
0.006804
0.006814
0.006274
0.005986
0.005846
0.005881
0.005826
0.005516
0.005437
0.005849
0.005893
0.005752
0.005923
0.006221
0.006450
0.006578
0.006374
0.006481
0.006370
0.006449
0.006737
0.006543
0.006635
0.006567
0.006409
0.006476
0.006347
0.005770
0.005547
0.005160
0.005170
0.005235
0.005006
0.005029
0.005307
0.005345
0.005505
0.005749
0.005590
0.005445
0.005380
0.005101
0.004701
0.004921
0.005139
0.005150
0.004906
0.004405
0.004447
0.004893
0.004737
0.004458
0.004328
0.004649
0.004839
0.004651
0.004573
0.004720
0.004725
0.004894
0.005262
0.005412
0.005677
0.005839
0.005757
0.005737
0.005883
0.005566
0.005738
0.005295
0.004740
0.004733
0.004778
0.005347
0.005381
0.005103
0.004776
0.004823
0.005244
0.005392
0.005102
0.005285
0.005275
0.005200
0.005577
0.005428
0.005650
0.005495
0.005089
0.004944
0.004827
0.004650
0.004275
0.004119
0.004221
0.004309
0.004588
0.005120
0.005295
0.005117
0.004984
0.005233
0.004992
0.005177
0.005352
0.005184
0.005099
0.004790
0.004851
0.004676
0.004222
0.004336
0.004026
0.003161
0.002884
0.002631
0.002644
0.002700
0.002641
0.002079
0.002130
0.002149
0.001943
0.002112
0.001921
0.001986
0.001779
0.001492
0.001157
0.001201
0.001092
0.000971
0.000558
0.000112
-0.000208
-0.000858
-0.001000
-0.001390
-0.001758
-0.001974
-0.002336
-0.002344
-0.002225
-0.002394
-0.002465
-0.002412
-0.002469
-0.002229
-0.002390
-0.002493
-0.002569
-0.002600
-0.002515
-0.002918
-0.002961
-0.003320
-0.003753
-0.003929
-0.004252
-0.004867
-0.005160
-0.005644
-0.006006
-0.005904
-0.005867
-0.005834
-0.005877
-0.005636
-0.005697
-0.005774
-0.005726
-0.005237
-0.004934
-0.004758
-0.004750
-0.005131
-0.005261
-0.005854
-0.006328
-0.006376
-0.006722
-0.006632
-0.006779
-0.007380
-0.007493
-0.007216
-0.007034
-0.007568
-0.007999
-0.008112
-0.008008
-0.007862
-0.007952
-0.007774
-0.007039
-0.006660
-0.006743
-0.007043
-0.007329
-0.006784
-0.006773
-0.007138
-0.007187
-0.007417
-0.007855
-0.008031
-0.007695
-0.007308
-0.007242
-0.007925
-0.008630
-0.008574
-0.007910
-0.007881
-0.008231
-0.008267
-0.007460
-0.007044
-0.007371
-0.007528
-0.007593
-0.007453
-0.007654
-0.008311
-0.009399
-0.009778
-0.010083
-0.010431
-0.011223
-0.011518
-0.011145
-0.011177
-0.010897
-0.010935
-0.010961
-0.011190
-0.011271
-0.011172
-0.011072
-0.010976
-0.010446
-0.010395
-0.011017
-0.011358
-0.011713
-0.011304
-0.010629
-0.010533
-0.010871
-0.010730
-0.010907
-0.010529
-0.009918
-0.009766
-0.009357
-0.009480
-0.009404
-0.009572
-0.009358
-0.008967
-0.008678
-0.008571
-0.007693
-0.006655
-0.006607
-0.006923
-0.007405
-0.007261
-0.006788
-0.006080
-0.005782
-0.006096
-0.006478
-0.006561
-0.006418
-0.005781
-0.005142
-0.004302
-0.004080
-0.003699
-0.003861
-0.004021
-0.003424
-0.002991
-0.002367
-0.002867
-0.002805
-0.002830
-0.002723
-0.002546
-0.002495
-0.001772
-0.001007
-0.000939
-0.001393
-0.001162
-0.000915
-0.000827
-0.000669
-0.000252
0.000001
0.000664
0.001127
0.000912
0.000982
0.000676
0.000597
0.000828
0.000503
-0.000041
-0.000306
-0.000305
-0.000217
-0.000355
-0.000674
-0.000564
-0.000180
0.000564
0.001422
0.001278
0.000998
0.001404
0.002171
0.002778
0.002253
0.001653
0.001446
0.001779
0.002808
0.002999
0.002464
0.002111
0.002377
0.002628
0.002708
0.002344
0.002382
0.002730
0.003197
0.003815
0.003580
0.004006
0.004348
0.004653
0.004903
0.004718
0.004814
0.004795
0.005273
0.005686
0.006160
0.006100
0.005895
0.005741
0.005022
0.005171
0.005475
0.006097
0.006352
0.006188
0.006552
0.006302
0.006197
0.006407
0.006291
0.006363
0.006067
0.005805
0.005452
0.005725
0.005982
0.005309
0.005260
0.005550
0.005301
0.005121
0.005212
0.004878
0.004984
0.004828
0.004714
0.004270
0.003875
0.004698
0.006146
0.007058
0.006530
0.005724
0.005667
0.006947
0.008495
0.009341
0.008981
0.007445
0.006229
0.006760
0.008729
0.010767
0.011671
0.009831
0.006624
0.005219
0.005818
0.008155
0.010661
0.011678
0.011073
0.008835
0.007040
0.007651
0.010471
0.012451
0.010907
0.007526
0.005024
0.005217
0.007312
0.009988
0.011723
0.011431
0.009479
0.007499
0.007835
0.009856
0.012316
0.012701
0.010652
0.008730
0.008290
0.010576
0.013935
0.014408
0.012348
0.009510
0.006643
0.006832
0.008796
0.011783
0.012473
0.010341
0.007781
0.006665
0.007781
0.011286
0.014613
0.013204
0.009380
0.003828
0.001876
0.002225
0.008360
0.010387
0.011112
0.005943
0.003477
-0.000466
0.001688
-0.000441
0.000572
-0.003565
-0.009876
-0.024444
-0.034879
-0.027045
-0.042147
-0.038984
0.014771
0.013496
-0.041411
0.027703
0.040450
0.016980
-0.042491
0.051409
0.117817
-0.015116
-0.083774
-0.088137
-0.010892
0.006902
-0.002790
0.107661
0.205226
0.068016
-0.140465
-0.253670
-0.063566
0.075820
0.100543
0.134595
0.004759
-0.068176
-0.110482
0.003107
0.096040
0.083644
0.054919
-0.185990
-0.171436
-0.017040
0.134905
0.280336
0.170470
-0.147149
-0.366201
-0.227975
0.130022
0.419191
0.311422
-0.050619
-0.305214
-0.331815
-0.148106
0.170043
0.383326
0.340811
-0.052059
-0.404542
-0.370024
-0.004163
0.339050
0.323087
-0.017186
-0.323946
-0.248516
0.083085
0.285927
0.179725
-0.053239
-0.132345
-0.047138
0.012050
0.143546
0.073512
-0.131315
-0.170134
-0.184806
-0.184269
-0.041525
0.222874
0.390098
0.306194
-0.144481
-0.446954
-0.297479
-0.068916
0.010959
0.043998
0.316745
0.461068
0.139808
-0.402446
-0.598740
-0.237408
0.215783
0.436659
0.278873
0.003982
-0.198318
-0.305565
-0.248320
-0.000285
0.323396
0.377271
0.074718
-0.377664
-0.387563
0.078759
0.436822
0.232180
-0.312843
-0.449643
-0.080393
0.406292
0.475774
0.018945
-0.410584
-0.377308
0.074288
0.418634
0.288959
-0.129040
-0.379653
-0.208162
0.099373
0.231909
0.140458
-0.110592
-0.270760
-0.195413
0.022035
0.178497
0.088773
-0.000572
-0.034639
-0.040827
-0.137355
-0.160112
0.032996
0.214960
0.295922
0.130584
-0.126842
-0.391355
-0.389732
-0.010208
0.316853
0.359571
0.209386
-0.085587
-0.327241
-0.316839
-0.190058
0.036720
0.152206
0.159786
0.172661
0.156798
0.065732
-0.239321
-0.369006
-0.282611
-0.070928
0.160116
0.218889
0.196978
0.091682
-0.113622
-0.313412
-0.303718
-0.010537
0.289485
0.355315
0.099698
-0.253304
-0.301342
-0.067246
0.193101
0.183879
-0.000152
-0.122839
-0.133610
0.053467
0.130860
0.024814
-0.080260
-0.232512
-0.042018
0.254108
0.251026
-0.016952
-0.293759
-0.207079
0.044728
0.169446
0.076976
-0.099896
-0.159933
-0.102133
0.071647
0.254170
0.157437
-0.091234
-0.269034
-0.217450
0.016107
0.206585
0.232751
0.132143
0.012304
-0.085795
-0.159865
-0.181370
-0.048789
0.209853
0.350918
0.247960
-0.004886
-0.312889
-0.293885
-0.051113
-0.016762
-0.275648
-0.259218
0.245740
0.626821
0.527481
0.014973
-0.465292
-0.730829
-0.657165
-0.061870
0.773063
0.996082
0.392269
-0.487472
-0.787206
-0.375940
0.209187
0.531431
0.288347
-0.168055
-0.344845
-0.040303
0.182161
0.023286
-0.201709
-0.117998
0.120844
0.128208
-0.002732
-0.012252
0.128041
0.067765
-0.249569
-0.384424
-0.066870
0.434735
0.520786
0.028230
-0.508280
-0.555089
-0.032850
0.525774
0.590973
0.115548
-0.442295
-0.517072
-0.064175
0.440695
0.471306
0.072354
-0.259772
-0.245339
0.024258
0.156699
0.128953
0.041778
0.002218
0.046426
0.049207
0.059482
0.076795
0.097431
0.055432
-0.128051
-0.371074
-0.355660
-0.139883
0.044814
0.077352
0.126346
0.248340
0.308739
0.217908
-0.087917
-0.407489
-0.541924
-0.170059
0.527893
0.885104
0.446945
-0.482218
-0.991640
-0.612370
0.227537
0.686282
0.398708
-0.224792
-0.494843
-0.210682
0.234710
0.356346
0.102603
-0.137246
-0.063213
0.150182
0.220220
0.082373
-0.069060
-0.022007
0.124789
0.092530
-0.186807
-0.346519
-0.127849
0.234908
0.314049
0.006723
-0.276146
-0.215298
0.079356
0.291181
0.253869
0.018736
-0.247426
-0.196546
0.122861
0.238152
-0.056817
-0.433647
-0.374390
0.098615
0.473241
0.362681
-0.121863
-0.441168
-0.219709
0.268290
0.527837
0.288253
-0.181283
-0.370283
-0.196403
0.164936
0.339502
0.191078
-0.096848
-0.301488
-0.137439
0.169669
0.217182
0.006889
-0.212497
-0.162454
0.021119
0.138770
0.101768
-0.028681
-0.050416
0.013247
0.055473
0.044459
-0.043604
-0.084943
0.007206
0.099977
0.099585
-0.042240
-0.134022
-0.097110
0.026560
0.121831
0.036494
-0.079650
-0.100468
-0.004280
0.102871
0.075325
-0.053597
-0.160483
-0.120304
0.038586
0.136857
0.076308
-0.029849
-0.051218
0.008946
0.080165
0.085425
0.050534
-0.001988
-0.039328
-0.013163
0.032628
0.031490
-0.016246
-0.074632
-0.031290
0.090606
0.102346
-0.043874
-0.167150
-0.098895
0.087189
0.154425
0.016851
-0.148868
-0.153926
0.023717
0.181159
0.155627
-0.010658
-0.153043
-0.142908
-0.031983
0.076394
0.118381
0.037166
-0.083860
-0.099115
-0.019173
0.091558
0.077264
-0.047143
-0.109862
-0.041603
0.094412
0.086096
-0.031957
-0.112915
-0.038158
0.095613
0.077319
-0.042508
-0.112420
-0.049977
0.041334
0.039478
-0.030327
-0.045952
0.019941
0.080979
0.061600
-0.023426
-0.087159
-0.073003
0.000365
0.042698
0.043209
0.008262
-0.049051
-0.079699
-0.033932
0.031294
0.031038
-0.018273
-0.050786
-0.021549
0.034048
0.055191
0.013464
-0.072898
-0.109581
-0.066933
0.015055
0.068791
0.049918
0.018368
-0.047923
-0.073307
-0.051179
0.011392
0.046526
0.007944
-0.027435
-0.023628
0.032201
0.049779
0.027737
-0.016557
-0.051258
-0.039134
0.010626
0.057629
0.059895
0.008706
-0.058254
-0.073573
-0.026570
0.039117
0.055140
0.011492
-0.042301
-0.060940
-0.028652
-0.003619
0.007627
0.006599
-0.004944
-0.004304
-0.005161
-0.019402
-0.028920
-0.029078
-0.029221
-0.018894
0.002667
0.030960
0.022494
-0.014310
-0.035015
-0.030296
0.000694
0.011457
0.006439
0.011099
0.013168
0.007780
-0.020266
-0.026761
-0.014977
0.001816
0.013493
0.006207
-0.015236
-0.035945
-0.030208
-0.014334
-0.001249
-0.010613
-0.029277
-0.027198
0.003620
0.025239
0.009732
-0.018312
-0.042030
-0.039082
-0.023993
-0.004283
0.010619
0.018371
0.018718
0.008234
-0.005143
-0.024653
-0.027963
-0.005977
0.018801
0.015651
-0.004729
-0.015201
-0.005606
0.003580
0.003172
-0.012448
-0.023076
-0.026720
-0.020551
0.004093
0.025062
0.025839
0.006101
-0.010932
-0.017333
-0.007387
0.007243
0.015596
0.005258
-0.006944
-0.016013
-0.015842
-0.018593
-0.020030
0.010677
0.034150
0.030660
0.000807
-0.021816
-0.015438
0.013552
0.012322
0.006888
-0.002697
-0.010916
0.005354
0.003400
-0.001237
-0.010741
-0.018973
-0.033362
-0.030317
0.002016
0.047860
0.056965
0.016284
-0.036368
-0.040076
-0.005165
0.037791
0.052186
0.017761
-0.027719
-0.064019
-0.051208
-0.004449
0.045514
0.043009
0.000689
-0.034407
-0.023819
0.036349
0.075781
0.053213
-0.007630
-0.047709
-0.025896
0.033474
0.057936
0.033000
-0.013184
-0.035162
-0.021731
0.006065
0.021950
0.009265
-0.004727
-0.007311
0.000505
0.013620
0.030062
0.042402
0.042069
0.014187
-0.028575
-0.044059
-0.013134
0.038677
0.058168
0.019322
-0.038429
-0.055718
-0.017697
0.045822
0.077795
0.057812
0.004083
-0.038715
-0.046090
-0.014350
0.039900
0.065044
0.032436
-0.020164
-0.038982
-0.000085
0.044203
0.035790
-0.009640
-0.038425
-0.011693
0.027787
0.045062
0.031699
0.000830
-0.021058
-0.033930
-0.043048
-0.019698
0.022905
0.051595
0.026667
-0.026369
-0.046087
-0.016602
0.037746
0.047498
0.018761
-0.016153
-0.012869
0.012286
0.031057
0.014959
-0.020497
-0.029682
-0.004971
0.032317
0.036332
-0.010305
-0.063362
-0.067174
-0.022027
0.054973
0.082348
0.045471
-0.027471
-0.070804
-0.042193
0.014765
0.053267
0.042083
-0.000018
-0.024123
-0.014567
0.006607
0.019847
0.018374
0.012889
0.011059
0.015001
0.003043
-0.011077
-0.012815
0.002834
0.009862
0.011910
0.001626
-0.001636
0.016544
0.016858
-0.001011
-0.029179
-0.026940
0.001393
0.028959
0.030744
0.006616
-0.017419
-0.025734
-0.004924
0.039667
0.062433
0.038912
-0.021934
-0.071589
-0.065433
-0.012726
0.049700
0.065449
0.029138
-0.027683
-0.054376
-0.035750
0.000937
0.034778
0.044095
0.023999
-0.005743
-0.021168
-0.007332
0.022799
0.035598
0.017833
-0.015101
-0.027241
-0.007668
0.018131
0.021138
-0.001379
-0.018997
-0.019888
-0.004074
0.008811
0.006294
-0.002730
-0.018278
-0.021639
-0.010670
0.007648
0.016231
0.013941
0.002845
-0.015970
-0.027529
-0.018165
0.006440
0.024775
0.019635
-0.009726
-0.026737
-0.037247
-0.021096
0.009155
0.021555
0.012987
-0.018265
-0.023146
-0.004796
0.013014
0.017399
-0.000658
-0.020014
-0.023523
-0.013241
-0.002117
-0.005651
-0.010366
-0.009681
-0.003624
-0.007669
-0.016987
-0.025474
-0.014985
0.005300
0.017787
0.008267
-0.021316
-0.029408
-0.022402
-0.002216
0.010764
0.004713
-0.016148
-0.030527
-0.034301
-0.015485
0.005957
0.009011
-0.004368
-0.012221
-0.012391
-0.010609
0.001418
0.008465
0.013883
0.005370
-0.008898
-0.023562
-0.021384
-0.003692
0.017017
0.018930
-0.008625
-0.042699
-0.052862
-0.035593
0.000736
0.030241
0.040971
0.018856
-0.034106
-0.058782
-0.036722
0.011226
0.037372
0.018972
-0.011812
-0.034763
-0.031206
-0.000369
0.020186
0.018646
-0.018034
-0.046314
-0.039914
-0.001252
0.035570
0.028516
-0.009660
-0.051340
-0.054848
-0.007582
0.045078
0.053689
0.005117
-0.059721
-0.079377
-0.041005
0.018539
0.041388
0.017627
-0.018216
-0.036474
-0.022397
0.003157
0.012624
0.003943
-0.011493
-0.008721
0.001461
0.010057
0.003877
-0.014326
-0.023151
-0.017383
-0.003700
0.016664
0.019832
0.009878
-0.009731
-0.027563
-0.028871
-0.015737
0.006834
0.020526
0.020691
0.004010
-0.009289
-0.017082
-0.003611
0.005239
0.003068
-0.015178
-0.032387
-0.019832
0.010808
0.033687
0.027835
-0.009196
-0.042170
-0.033938
0.005091
0.041550
0.036260
0.002650
-0.030849
-0.030111
-0.003073
0.024593
0.017181
-0.009605
-0.024655
-0.013992
0.009798
0.016194
-0.003094
-0.018989
-0.012562
0.004617
0.013735
-0.001043
-0.002400
0.008716
0.024393
0.008396
-0.018460
-0.025625
-0.009805
0.019358
0.028169
0.017232
-0.008747
-0.021379
-0.009775
0.012693
0.017776
0.008921
-0.001584
-0.002338
-0.000789
-0.004271
-0.003267
0.003761
0.013460
0.021814
0.025957
0.008948
-0.017791
-0.023708
0.000998
0.029774
0.035220
0.013217
-0.004541
-0.001158
0.020944
0.035446
0.019093
-0.011203
-0.024471
-0.005155
0.022490
0.035329
0.024766
0.007531
-0.006234
-0.014604
-0.010253
0.006298
0.019929
0.030522
0.020567
-0.006358
-0.025927
-0.024668
0.008201
0.032648
0.035944
0.018941
-0.011286
-0.023914
-0.008929
0.012656
0.016408
-0.003288
-0.014177
0.000374
0.025066
0.033261
0.012909
-0.009009
-0.018377
-0.011167
0.004645
0.021827
0.026207
0.010178
-0.007560
-0.007990
0.002336
0.010996
0.010439
0.004227
-0.001553
-0.001811
0.009010
0.019937
0.021205
0.006295
-0.012319
-0.016440
-0.001528
0.027940
0.044332
0.029602
-0.013211
-0.051294
-0.038168
0.011952
0.054120
0.054845
0.014216
-0.019394
-0.022813
0.007430
0.040215
0.035002
0.008031
-0.025848
-0.026476
0.002971
0.037525
0.051610
0.025039
-0.015052
-0.040737
-0.028524
0.003478
0.028015
0.027914
0.006803
-0.009717
-0.011667
-0.004321
0.009201
0.024644
0.024569
0.006648
-0.014042
-0.018422
-0.002088
0.013589
0.012315
-0.006808
-0.017760
-0.012641
0.012068
0.025881
0.017332
-0.008008
-0.028397
-0.012733
0.013719
0.030909
0.021355
-0.002351
-0.015768
-0.008932
0.008806
0.014000
-0.001481
-0.012291
-0.006681
0.005378
0.011822
0.006427
-0.003576
-0.015985
-0.021024
-0.002066
0.024755
0.040470
0.015231
-0.028588
-0.042915
-0.023738
0.013903
0.029266
0.023723
0.006540
-0.011429
-0.024622
-0.023478
-0.001977
0.016507
0.018573
-0.001134
-0.025095
-0.025434
-0.000637
0.024619
0.033312
0.011062
-0.023079
-0.034802
-0.024669
0.001829
0.020122
0.022397
0.005078
-0.020508
-0.027997
-0.017110
0.005706
0.018072
0.011920
-0.002496
-0.011075
-0.010544
-0.018024
-0.028136
-0.015701
0.008649
0.029345
0.020927
-0.013821
-0.036989
-0.038614
-0.018607
0.018777
0.043483
0.027307
-0.018050
-0.048389
-0.029263
0.011881
0.033430
0.017238
-0.008107
-0.021712
-0.022727
-0.012619
0.000049
0.016226
0.014038
-0.010528
-0.038781
-0.042353
-0.015737
0.019158
0.031577
0.015354
-0.014142
-0.038587
-0.025436
0.011778
0.037830
0.027514
-0.005301
-0.039243
-0.045880
-0.018173
0.016488
0.035739
0.007626
-0.035686
-0.046624
-0.015329
0.020238
0.019841
-0.002330
-0.022651
-0.026495
-0.013699
-0.005140
-0.004494
-0.003766
-0.004173
-0.001307
-0.005527
-0.016680
-0.025763
-0.024464
-0.003417
0.010194
-0.002627
-0.023945
-0.032783
-0.014470
0.016312
0.025758
0.005031
-0.021315
-0.030904
-0.020456
-0.000578
0.013849
0.013493
-0.005819
-0.026676
-0.031405
-0.018979
-0.000342
0.012338
0.016058
0.004493
-0.017686
-0.033041
-0.027479
-0.004960
0.016321
0.015041
-0.007455
-0.035994
-0.042252
-0.016326
0.017745
0.028367
-0.003009
-0.038033
-0.038479
-0.009328
0.014565
0.015716
-0.005367
-0.026665
-0.032662
-0.019451
0.008255
0.027816
0.018198
-0.023576
-0.050796
-0.040100
-0.004784
0.030358
0.034907
0.010302
-0.022194
-0.039129
-0.031767
-0.007756
0.014819
0.018888
0.000739
-0.020671
-0.024961
-0.015122
0.005556
0.010924
-0.003378
-0.021191
-0.024502
-0.011991
0.003059
0.012659
0.011801
0.005459
-0.012598
-0.024737
-0.016189
-0.000548
0.016413
0.016638
0.003435
-0.010413
-0.020239
-0.012067
0.000448
0.008112
0.007055
0.000498
-0.007800
-0.009198
-0.000027
0.018918
0.021170
0.004659
-0.014818
-0.026136
-0.015570
-0.000251
0.016250
0.019293
-0.003520
-0.027689
-0.021730
0.005326
0.026986
0.019852
-0.000814
-0.015092
-0.013300
0.000428
0.015750
0.027784
0.022496
-0.002273
-0.028341
-0.025502
-0.002141
0.018236
0.025055
0.017297
-0.001037
-0.018129
-0.018882
-0.003879
0.010354
0.009967
-0.002278
-0.005702
0.003263
0.013093
0.017149
0.011549
-0.004960
-0.015382
-0.007411
0.013317
0.021905
0.005000
-0.009253
-0.005472
0.014756
0.024970
0.011020
-0.005945
-0.007111
0.006515
0.020167
0.026465
0.023980
0.008873
-0.009200
-0.014923
-0.002388
0.016506
0.013553
0.002853
0.006872
0.020711
0.027519
0.010914
-0.010580
-0.016350
-0.000082
0.023691
0.037417
0.028134
0.004529
-0.008820
-0.005507
0.013498
0.026889
0.017018
-0.003048
-0.017166
-0.008701
0.018751
0.038232
0.036508
0.006693
-0.019353
-0.017662
0.005955
0.031558
0.036486
0.015412
-0.011491
-0.016816
-0.000797
0.022199
0.035708
0.033365
0.012232
-0.014423
-0.029391
-0.015372
0.015313
0.042226
0.038700
0.004590
-0.027723
-0.033150
0.002477
0.036727
0.042339
0.017521
-0.012791
-0.015735
0.005719
0.027630
0.030393
0.010193
-0.010088
-0.009992
0.001262
0.012782
0.014452
0.010841
0.005888
-0.000710
-0.002735
-0.004381
-0.005780
0.006447
0.026917
0.035233
0.017178
-0.016191
-0.034424
-0.018728
0.016548
0.035190
0.023857
-0.004971
-0.025937
-0.017258
0.008823
0.025710
0.014184
-0.012324
-0.021552
-0.011263
0.011903
0.025221
0.015493
-0.004337
-0.014527
-0.006215
0.007988
0.012180
0.003874
-0.005022
-0.006750
-0.002255
0.003318
0.009048
0.006252
-0.004362
-0.008335
0.002589
0.015075
0.013426
0.001266
-0.012137
-0.005517
0.007931
0.016973
0.012648
-0.008928
-0.018364
-0.010437
0.008242
0.021462
0.016181
0.000825
-0.009961
-0.008691
0.005212
0.015076
0.016469
0.004472
-0.006736
-0.012792
-0.010317
0.006996
0.019578
0.020416
-0.001079
-0.021977
-0.020340
-0.000074
0.017305
0.018971
0.004834
-0.008654
-0.008828
-0.000542
0.006246
0.004296
0.002176
-0.002158
-0.004000
-0.006875
-0.008966
-0.005199
0.002225
0.005356
0.002724
-0.005378
-0.016405
-0.021665
-0.019235
-0.003118
0.011215
0.010830
-0.001390
-0.022505
-0.029256
-0.010889
0.008097
0.013663
0.002607
-0.014331
