0.212998
0.384529
0.200786
-0.058192
-0.048603
-0.112140
-0.056458
0.121011
0.377005
0.542505
0.230186
-0.366074
-0.555679
-0.018518
0.575523
0.546561
0.110982
-0.343985
-0.203421
0.132171
0.372855
0.034916
-0.114270
-0.198529
-0.240690
-0.001267
0.342382
0.588282
0.304839
-0.201335
-0.592774
-0.136303
0.441245
0.511805
0.154564
-0.187766
-0.300895
-0.010555
0.283210
0.305819
0.218994
-0.086831
-0.294156
-0.177663
0.250819
0.586573
0.449537
-0.229851
-0.625357
-0.213924
0.649723
0.928413
0.279131
-0.512833
-0.535378
0.104452
0.640881
0.675235
0.133913
-0.275535
-0.318013
0.059184
0.507151
0.605562
0.295008
-0.079241
-0.180787
0.064113
0.378467
0.555668
0.413545
-0.030988
-0.220094
-0.127785
0.294071
0.654542
0.387606
-0.182914
-0.367493
-0.067681
0.512347
0.737336
0.466521
-0.185835
-0.448672
-0.260666
0.230771
0.793897
0.546382
-0.078501
-0.528022
-0.300565
0.264129
0.630001
0.529322
0.147799
-0.169637
-0.274812
-0.051606
0.288818
0.466274
0.360724
0.051655
-0.282260
-0.303275
0.093516
0.496723
0.540056
0.116859
-0.322006
-0.331435
0.011851
0.450024
0.526113
0.285608
-0.021509
-0.280895
-0.271168
0.039277
0.532979
0.733238
0.387391
-0.149973
-0.303361
0.125809
0.373085
0.174624
0.013397
-0.040971
-0.047648
0.207605
0.539553
0.670317
0.344876
-0.044191
-0.114050
0.047669
0.186209
0.266150
0.570734
0.724344
0.450477
-0.048166
-0.141886
0.071572
0.199627
0.058233
-0.154461
-0.268385
-0.255556
0.096102
0.686388
0.942204
0.520938
-0.111056
-0.421940
-0.357457
-0.153711
0.174685
0.580502
0.730217
0.350972
-0.279597
-0.594491
-0.346505
0.159478
0.518337
0.436529
-0.000573
-0.467026
-0.456730
0.069673
0.603928
0.478544
-0.235646
-0.813711
-0.573866
0.231410
0.646486
0.337289
-0.372654
-0.659065
-0.530478
-0.190299
0.173491
0.325540
0.177070
-0.293818
-0.752148
-0.691485
-0.200417
0.237493
0.313254
0.028805
-0.236212
-0.450135
-0.417637
-0.178855
-0.075949
-0.214136
-0.535398
-0.624254
-0.251074
0.289475
0.488008
0.115177
-0.522358
-0.801630
-0.623646
-0.190570
0.193438
0.194884
-0.127338
-0.388169
-0.288447
0.042480
0.181680
-0.124751
-0.510480
-0.618538
-0.333225
0.017037
0.109569
-0.110566
-0.359434
-0.359845
-0.118455
-0.032006
-0.255171
-0.468565
-0.437455
-0.050879
0.319182
0.317423
-0.191687
-0.722786
-0.669064
0.026024
0.581071
0.353445
-0.410527
-0.889780
-0.562670
0.235975
0.623140
0.207874
-0.570833
-0.943869
-0.507438
0.202534
0.439413
0.048913
-0.448071
-0.441735
0.016152
0.322182
0.198147
-0.303858
-0.562739
-0.345997
0.101363
0.289443
0.038207
-0.271310
-0.308965
-0.109301
0.062086
0.023015
-0.175819
-0.269842
-0.156592
0.085472
0.134031
-0.066188
-0.319544
-0.271500
0.030088
0.184039
-0.014200
-0.328877
-0.332303
0.014738
0.303887
0.182211
-0.251961
-0.530606
-0.333688
0.134122
0.367293
0.134840
-0.250174
-0.420778
-0.146288
0.284659
0.408916
0.082762
-0.357427
-0.412200
-0.025609
0.349170
0.275697
-0.129532
-0.372946
-0.188696
0.133181
0.256712
0.036405
-0.178378
-0.153999
0.037336
0.224849
0.188063
-0.030322
-0.200953
-0.140024
0.107203
0.273210
0.153689
-0.097395
-0.218316
-0.054740
0.156928
0.191617
0.023829
-0.118579
-0.053107
0.110931
0.194088
0.142078
0.028985
-0.039990
0.023738
0.099094
0.077701
0.045372
0.041871
0.108294
0.162963
0.105295
0.046650
0.007003
0.035258
0.117534
0.185668
0.163882
0.061204
-0.024719
0.032032
0.174275
0.234017
0.138998
0.006248
0.022450
0.151705
0.280022
0.225694
0.040229
-0.060058
0.000927
0.138504
0.220239
0.177336
0.107996
0.057290
0.037866
0.057508
0.114250
0.174874
0.155872
0.080805
0.045510
0.109817
0.164684
0.144288
0.075170
0.064589
0.114353
0.170034
0.126060
0.087837
0.078995
0.104703
0.125373
0.103621
0.120878
0.088662
0.114839
0.096137
0.039554
0.024118
0.041737
0.125553
0.163861
0.129599
0.051126
-0.006508
0.016598
0.076467
0.101389
0.085118
0.044397
0.044240
0.065034
0.069160
0.056358
0.048878
0.040292
0.036434
0.040651
0.048750
0.041808
0.018430
-0.004394
-0.000108
0.064206
0.082154
0.038913
-0.036984
-0.059457
-0.037935
-0.007777
-0.009627
-0.000333
0.014207
0.014414
0.000785
-0.030607
-0.032035
-0.019866
0.010407
0.005401
-0.018860
-0.043244
-0.053339
-0.059682
-0.039009
-0.032763
-0.034811
-0.083752
-0.107374
-0.066345
-0.025115
-0.002610
-0.093792
-0.147193
-0.113653
-0.054416
0.009532
0.004045
-0.066506
-0.128324
-0.170357
-0.120377
-0.018173
0.028756
-0.060892
-0.201913
-0.229280
-0.114571
0.017044
-0.006221
-0.134378
-0.245609
-0.168976
-0.051706
0.008507
-0.031166
-0.135164
-0.192017
-0.182480
-0.114983
-0.050076
-0.018033
-0.072153
-0.171954
-0.196798
-0.132710
-0.065994
-0.038420
-0.096464
-0.147383
-0.147643
-0.085052
-0.033210
-0.038216
-0.128981
-0.177095
-0.189539
-0.137304
-0.098167
-0.145433
-0.169643
-0.206083
-0.210863
-0.181296
-0.046593
0.040998
0.009421
-0.107047
-0.147070
-0.091052
-0.020711
-0.008211
-0.034285
-0.076227
-0.158790
-0.176481
-0.100419
0.029970
0.015002
-0.141137
-0.239018
-0.141763
0.043959
0.093523
-0.036113
-0.158683
-0.155803
-0.044680
0.016323
0.005212
-0.057947
-0.126910
-0.119155
-0.074207
0.025609
0.060514
0.029413
-0.036319
-0.093197
-0.098978
-0.027441
0.039074
0.048694
0.014849
-0.061319
-0.061968
-0.005533
0.042200
0.015549
-0.058820
-0.099666
-0.046414
0.054513
0.089191
0.024641
-0.064809
-0.054533
0.004190
0.050909
0.070148
0.034512
0.003010
-0.024152
-0.018250
0.013357
0.051243
0.058293
0.023768
-0.011768
-0.033380
0.015818
0.060745
0.059386
0.003085
-0.056583
-0.036220
0.021382
0.051175
0.062582
0.040547
-0.005966
-0.047394
-0.048618
0.010423
0.049532
0.039521
0.019784
-0.003480
-0.004819
0.029810
0.045525
0.032002
-0.015777
-0.057890
-0.033474
0.020165
0.032560
0.012674
-0.030205
-0.053157
-0.047710
-0.055240
-0.064475
-0.087788
-0.106506
-0.093994
-0.038016
0.000053
-0.030117
-0.061927
-0.087308
-0.111252
-0.134745
-0.153699
-0.152414
-0.123034
-0.102740
-0.102847
-0.108399
-0.136021
-0.131090
-0.114866
-0.111474
-0.094657
-0.091187
-0.061544
-0.040466
-0.009133
0.031081
0.043819
0.045052
0.034558
0.056020
0.077140
0.096030
0.079453
0.099463
0.144512
0.168918
0.175091
0.146629
0.157769
0.189466
0.235605
0.223549
0.198748
0.177423
0.175707
0.234641
0.274351
0.305623
0.263130
0.192651
0.162861
0.174333
0.234811
0.294267
0.306344
0.274138
0.206920
0.179885
0.221042
0.307373
0.343788
0.272279
0.193920
0.168734
0.234025
0.314203
0.349488
0.319010
0.230376
0.153135
0.144796
0.206859
0.277974
0.269804
0.218572
0.162552
0.168813
0.219575
0.267073
0.260662
0.206857
0.167275
0.156084
0.190867
0.205402
0.199026
0.146098
0.112379
0.106037
0.134139
0.159357
0.161967
0.149859
0.118887
0.088231
0.096105
0.125114
0.130820
0.107394
0.068657
0.096920
0.116083
0.105783
0.060817
0.026585
0.028267
0.027532
0.048122
0.083233
0.080686
0.047246
-0.005888
-0.025353
0.007550
0.060051
0.060085
0.031561
0.013376
-0.003401
0.036121
0.029765
0.018524
-0.040547
-0.051640
-0.014657
0.012208
0.009823
-0.036068
-0.050838
-0.057246
-0.025285
-0.022996
-0.030691
-0.064572
-0.099620
-0.116967
-0.075999
-0.012441
-0.004445
-0.050407
-0.097765
-0.113856
-0.086244
-0.058962
-0.060167
-0.082496
-0.112383
-0.105969
-0.101215
-0.080327
-0.081079
-0.106220
-0.139412
-0.133755
-0.097893
-0.049001
-0.024650
-0.065442
-0.117438
-0.135230
-0.101168
-0.055109
-0.040515
-0.058527
-0.092052
-0.125316
-0.096342
-0.031543
0.011097
-0.008073
-0.059961
-0.086152
-0.071489
-0.027326
-0.000968
-0.004264
-0.025066
-0.018272
-0.011019
-0.011911
-0.042141
-0.090627
-0.107819
-0.093697
-0.070267
-0.082872
-0.111922
-0.144492
-0.149203
-0.136721
-0.128332
-0.144367
-0.157199
-0.167850
-0.158580
-0.144254
-0.144192
-0.154770
-0.191815
-0.231219
-0.235097
-0.171840
-0.124461
-0.133394
-0.208409
-0.275447
-0.274736
-0.230710
-0.189624
-0.201477
-0.235428
-0.266198
-0.304862
-0.282551
-0.238631
-0.212741
-0.244421
-0.290306
-0.310101
-0.273114
-0.220900
-0.245367
-0.290158
-0.315369
-0.270568
-0.230337
-0.208592
-0.226274
-0.245796
-0.254851
-0.243264
-0.227573
-0.205866
-0.170752
-0.187081
-0.225563
-0.238303
-0.191494
-0.129044
-0.109448
-0.139273
-0.167195
-0.175802
-0.141545
-0.097531
-0.082800
-0.092503
-0.112689
-0.116867
-0.089165
-0.032399
0.008589
0.011796
-0.000487
-0.019243
-0.014779
0.035931
0.060068
0.058154
0.042810
0.053986
0.082472
0.093481
0.095010
0.084903
0.112471
0.162304
0.189707
0.177341
0.167260
0.143630
0.153992
0.161862
0.187273
0.217885
0.229749
0.211921
0.183756
0.183689
0.202980
0.255026
0.263132
0.255845
0.212856
0.208079
0.228126
0.235270
0.237652
0.249397
0.255246
0.266292
0.230506
0.193474
0.216834
0.259846
0.310581
0.295144
0.250495
0.213672
0.213698
0.256816
0.306106
0.332909
0.303768
0.241700
0.197112
0.202626
0.250787
0.263102
0.256084
0.208890
0.177945
0.168150
0.208123
0.259892
0.252720
0.210417
0.146838
0.117013
0.129587
0.181000
0.204027
0.198810
0.119174
0.063847
0.068947
0.117879
0.171544
0.145238
0.093749
0.032962
0.000307
0.046649
0.089990
0.098163
0.074477
0.030029
0.023137
0.006394
-0.002246
-0.016437
-0.014663
0.011310
0.018258
-0.012546
-0.033793
-0.060318
-0.048597
-0.043320
-0.050231
-0.053323
-0.068460
-0.056103
-0.066594
-0.061123
-0.076205
-0.083180
-0.083504
-0.073182
-0.086504
-0.099645
-0.112701
-0.126323
-0.122108
-0.107886
-0.072606
-0.068256
-0.094833
-0.135868
-0.153302
-0.156656
-0.126280
-0.082335
-0.062713
-0.083450
-0.154166
-0.193158
-0.167588
-0.122552
-0.072389
-0.065895
-0.095320
-0.152704
-0.190283
-0.166165
-0.117373
-0.082964
-0.095152
-0.113968
-0.139533
-0.153693
-0.163050
-0.147397
-0.123291
-0.090476
-0.087530
-0.116391
-0.148532
-0.171378
-0.147938
-0.118692
-0.085207
-0.089909
-0.096974
-0.120830
-0.140584
-0.139500
-0.133298
-0.108122
-0.106461
-0.123003
-0.133215
-0.134453
-0.111740
-0.094844
-0.091222
-0.117932
-0.145705
-0.145834
-0.129985
-0.104509
-0.098934
-0.092006
-0.092368
-0.089250
-0.111282
-0.122113
-0.126654
-0.105553
-0.102741
-0.106559
-0.100269
-0.106819
-0.111556
-0.129210
-0.117413
-0.097205
-0.082258
-0.099024
-0.111287
-0.110209
-0.081539
-0.052812
-0.056099
-0.080435
-0.108238
-0.103727
-0.072773
-0.057376
-0.069035
-0.105291
-0.125052
-0.111943
-0.078825
-0.045814
-0.042973
-0.065731
-0.097446
-0.110280
-0.091074
-0.035877
-0.019598
-0.044096
-0.090969
-0.102208
-0.072895
-0.037579
-0.020380
-0.044090
-0.081492
-0.100387
-0.082750
-0.043006
-0.003887
-0.013971
-0.044292
-0.070094
-0.066273
-0.033957
-0.009061
-0.003589
-0.027629
-0.064825
-0.074641
-0.045742
-0.003424
0.019778
-0.000381
-0.043825
-0.055973
-0.028989
0.002927
0.007006
-0.020667
-0.029048
-0.020659
-0.002301
0.013821
-0.004517
-0.015711
-0.004345
0.002761
0.002257
-0.009673
-0.006651
0.013551
0.028763
0.033545
0.019599
0.009998
0.010564
0.021195
0.024888
0.028367
0.034604
0.040264
0.042137
0.029299
0.021969
0.018891
0.026590
0.047554
0.060751
0.056990
0.051214
0.048227
0.044988
0.046373
0.048989
0.050062
0.063476
0.079952
0.062658
0.029074
0.013932
0.044037
0.087228
0.099450
0.081961
0.038300
0.023115
0.044074
0.088218
0.116138
0.109937
0.082060
0.060700
0.070964
0.088873
0.092763
0.079569
0.081393
0.086318
0.085657
0.079285
0.088317
0.101970
0.103046
0.108122
0.108113
0.097364
0.090098
0.081547
0.088629
0.115086
0.125031
0.116753
0.095056
0.085203
0.083835
0.092425
0.104186
0.119828
0.128173
0.120263
0.096225
0.070802
0.073225
0.103221
0.141593
0.135154
0.096158
0.061622
0.072905
0.111636
0.132591
0.118432
0.083483
0.069332
0.079081
0.103657
0.108612
0.094799
0.079850
0.064332
0.071383
0.089196
0.090273
0.077287
0.063396
0.057366
0.064115
0.080134
0.082142
0.069794
0.060016
0.054698
0.045119
0.039542
0.043006
0.057159
0.060228
0.046009
0.025371
0.021768
0.053250
0.091173
0.089860
0.048053
-0.005783
-0.017867
0.025030
0.065685
0.069818
0.027481
-0.017975
-0.029637
0.006518
0.038837
0.057006
0.044453
0.009326
-0.030394
-0.035307
0.004860
0.051064
0.073097
0.046172
0.002118
-0.037663
-0.028230
0.000956
0.032699
0.037297
0.006245
-0.024612
-0.032815
-0.004556
0.034257
0.037262
0.005241
-0.022304
-0.035240
-0.011205
0.014031
0.018005
0.010728
0.000026
-0.006623
-0.015843
-0.021195
-0.005512
0.013137
0.019846
0.002976
-0.031141
-0.025554
0.001580
0.033271
0.029788
-0.008712
-0.023747
-0.013875
-0.003196
0.016912
0.016309
0.015080
0.009511
-0.007252
-0.010150
0.009700
0.044078
0.056439
0.042582
-0.007085
-0.040179
