-0.006855
-0.006830
-0.006531
-0.006675
-0.006915
-0.006726
-0.006834
-0.006879
-0.007179
-0.007114
-0.007097
-0.007133
-0.007154
-0.007482
-0.007563
-0.007445
-0.007448
-0.007411
-0.007310
-0.007290
-0.007309
-0.007453
-0.007693
-0.007346
-0.007289
-0.007368
-0.007321
-0.007024
-0.006889
-0.007179
-0.007057
-0.006860
-0.006767
-0.006851
-0.006978
-0.007155
-0.006699
-0.006279
-0.005990
-0.005996
-0.005911
-0.005936
-0.006106
-0.006105
-0.006446
-0.005984
-0.005701
-0.005665
-0.005334
-0.005311
-0.005139
-0.004895
-0.005041
-0.004956
-0.004734
-0.004675
-0.004465
-0.004232
-0.004585
-0.004354
-0.004097
-0.004024
-0.004231
-0.004147
-0.003732
-0.003765
-0.003274
-0.003485
-0.003443
-0.003471
-0.003939
-0.003976
-0.003521
-0.003165
-0.002712
-0.002509
-0.002718
-0.002613
-0.002713
-0.002428
-0.002051
-0.001981
-0.002023
-0.002037
-0.002135
-0.002385
-0.002365
-0.002347
-0.002205
-0.002205
-0.002165
-0.002251
-0.002141
-0.001738
-0.001314
-0.001104
-0.001126
-0.000801
-0.001064
-0.001029
-0.000954
-0.000570
-0.000484
-0.000739
-0.000475
-0.000488
-0.000092
-0.000013
0.000007
-0.000143
-0.000236
-0.000128
0.000183
0.000668
0.000959
0.001102
0.001035
0.001405
0.001014
0.001090
0.001350
0.001553
0.001597
0.001262
0.001378
0.001507
0.001459
0.001210
0.001498
0.001674
0.001895
0.002072
0.002024
0.001729
0.001703
0.001900
0.002159
0.002486
0.002671
0.002982
0.003069
0.002912
0.002797
0.002792
0.002814
0.003102
0.003159
0.003127
0.002918
0.002611
0.002855
0.003152
0.003226
0.003300
0.003574
0.003622
0.003608
0.003910
0.004009
0.004012
0.004073
0.003988
0.004203
0.004312
0.004158
0.004006
0.003900
0.003962
0.003765
0.003948
0.004183
0.004214
0.004277
0.004338
0.004530
0.004203
0.004220
0.004673
0.004715
0.004922
0.004965
0.004800
0.005053
0.004987
0.005052
0.005133
0.004978
0.005031
0.004982
0.005223
0.005290
0.005338
0.005208
0.005052
0.005323
0.005328
0.005095
0.005150
0.005282
0.005500
0.005981
0.005902
0.006075
0.006049
0.005942
0.006072
0.006037
0.006109
0.006221
0.006180
0.006007
0.005964
0.006178
0.006261
0.006041
0.006097
0.005811
0.005986
0.005820
0.005682
0.005724
0.005649
0.006164
0.006049
0.006004
0.005810
0.005853
0.006063
0.006041
0.005994
0.005841
0.005772
0.005819
0.006045
0.006077
0.005979
0.005680
0.005739
0.005599
0.005761
0.005864
0.005793
0.005869
0.005510
0.005545
0.005602
0.005425
0.005584
0.005676
0.005741
0.005905
0.005808
0.005811
0.005593
0.005349
0.005215
0.005378
0.005518
0.005431
0.005408
0.005519
0.005559
0.005395
0.005503
0.005638
0.005430
0.005093
0.004529
0.004495
0.004642
0.004607
0.004610
0.004345
0.004210
0.004044
0.004074
0.004098
0.003881
0.003952
0.004087
0.003900
0.003641
0.003434
0.003255
0.003125
0.003063
0.003145
0.002904
0.002729
0.002740
0.002788
0.002787
0.002517
0.002192
0.002010
0.001905
0.001448
0.001397
0.001184
0.001135
0.001300
0.001492
0.001331
0.000924
0.000474
0.000333
0.000306
0.000228
0.000426
0.000179
0.000261
0.000067
-0.000285
-0.000336
-0.000538
-0.000716
-0.000835
-0.001007
-0.001113
-0.001347
-0.001253
-0.001299
-0.001453
-0.001544
-0.001790
-0.002134
-0.002024
-0.002243
-0.002672
-0.003093
-0.003599
-0.003730
-0.003903
-0.003918
-0.004347
-0.004153
-0.004308
-0.004613
-0.004906
-0.004988
-0.005275
-0.005566
-0.005186
-0.005436
-0.005584
-0.005466
-0.005213
-0.005371
-0.005712
-0.006083
-0.006256
-0.006192
-0.006287
-0.006343
-0.006365
-0.006683
-0.006848
-0.006635
-0.006686
-0.006694
-0.006809
-0.007683
-0.008112
-0.008034
-0.008121
-0.008246
-0.008405
-0.008694
-0.008615
-0.008485
-0.008721
-0.008928
-0.009176
-0.009283
-0.009365
-0.009223
-0.008973
-0.009100
-0.009016
-0.008794
-0.008642
-0.008334
-0.008444
-0.008782
-0.008993
-0.009097
-0.009142
-0.009202
-0.009064
-0.009166
-0.009135
-0.008875
-0.008791
-0.008525
-0.008688
-0.008733
-0.008821
-0.008736
-0.008680
-0.008576
-0.008795
-0.008879
-0.008763
-0.008828
-0.008771
-0.009107
-0.008675
-0.008346
-0.008050
-0.007750
-0.007991
-0.007973
-0.007864
-0.007613
-0.007418
-0.007371
-0.007096
-0.006925
-0.006880
-0.007371
-0.007286
-0.007267
-0.007141
-0.006724
-0.006546
-0.006054
-0.005879
-0.005598
-0.005227
-0.005178
-0.005487
-0.005367
-0.005474
-0.005418
-0.005190
-0.005350
-0.005575
-0.005681
-0.005710
-0.005679
-0.005313
-0.005476
-0.005798
-0.005471
-0.005244
-0.005183
-0.005096
-0.005480
-0.005672
-0.006000
-0.005740
-0.005204
-0.004938
-0.004986
-0.005023
-0.004945
-0.005154
-0.004873
-0.004715
-0.004753
-0.004653
-0.004576
-0.004758
-0.004567
-0.004221
-0.003849
-0.004127
-0.004065
-0.003775
-0.003555
-0.003227
-0.003134
-0.003136
-0.003646
-0.003445
-0.003591
-0.003797
-0.003512
-0.003135
-0.002735
-0.002638
-0.003162
-0.003481
-0.003306
-0.002646
-0.001526
-0.001036
-0.001075
-0.001534
-0.001877
-0.002727
-0.002420
-0.001413
-0.000549
-0.000247
-0.000987
-0.001216
-0.001555
-0.001444
-0.001307
-0.001147
-0.001149
-0.001187
-0.001052
-0.000427
0.000021
0.000175
0.000184
0.000273
0.000475
0.000589
0.001286
0.001388
0.001509
0.001541
0.001769
0.001868
0.001615
0.002103
0.002469
0.002822
0.003110
0.002572
0.002476
0.002041
0.002305
0.002875
0.002925
0.002797
0.002139
0.002062
0.002567
0.003108
0.003065
0.003016
0.001987
0.001095
0.001487
0.002212
0.002151
0.002040
0.001873
0.002071
0.002336
0.002305
0.002279
0.002609
0.003043
0.003095
0.003482
0.003881
0.004816
0.004673
0.004366
0.004292
0.005088
0.005763
0.005730
0.005434
0.005141
0.005317
0.005499
0.005453
0.005333
0.005478
0.005047
0.004867
0.005076
0.005788
0.005348
0.004704
0.004121
0.004486
0.005458
0.005467
0.005180
0.004882
0.005293
0.005212
0.005081
0.005733
0.005858
0.005571
0.005790
0.006315
0.006543
0.006055
0.005976
0.005427
0.005162
0.005407
0.005858
0.006583
0.006380
0.006264
0.006330
0.006240
0.006896
0.007523
0.008127
0.008294
0.008736
0.009475
0.009076
0.009182
0.008878
0.008928
0.008712
0.008576
0.009120
0.008711
0.008123
0.008040
0.009151
0.010161
0.009933
0.008431
0.007016
0.006607
0.006843
0.007757
0.007827
0.007295
0.007220
0.007522
0.007989
0.008348
0.009195
0.009641
0.010019
0.010015
0.009462
0.008573
0.008333
0.008875
0.008661
0.008332
0.007721
0.007365
0.006904
0.006984
0.007400
0.006911
0.006285
0.004803
0.004309
0.003707
0.004422
0.004854
0.004504
0.003867
0.002976
0.003563
0.002127
0.001510
0.000637
-0.001949
-0.005746
-0.007260
-0.010533
-0.011765
-0.015221
-0.015819
-0.015887
-0.017397
-0.011934
-0.007799
0.015921
0.030773
0.018792
0.020214
0.038890
0.021153
-0.009393
-0.001242
0.032612
0.051479
0.002692
-0.046962
-0.015843
0.028704
-0.019707
0.006143
0.118702
0.134905
0.004919
-0.132550
-0.131958
-0.075641
0.009418
0.069852
0.100699
0.084378
-0.010699
-0.146422
-0.118268
0.028687
0.160882
0.168678
0.014620
-0.100234
-0.125947
-0.058819
0.051236
0.151095
0.137490
0.022852
-0.156142
-0.193421
-0.042286
0.128005
0.168641
0.047969
-0.117482
-0.160363
-0.070335
0.036883
0.131547
0.137574
-0.072937
-0.190423
-0.096789
0.019100
0.135927
0.151478
0.043758
-0.211688
-0.145818
-0.161035
0.073320
0.278245
-0.010205
-0.147631
-0.162230
0.026290
0.131845
0.135337
0.027669
-0.016349
-0.120331
-0.209394
-0.059378
0.147233
0.182714
-0.021738
-0.161720
-0.099929
0.027938
0.140554
0.054998
-0.048245
-0.059582
-0.009788
0.036041
-0.032520
-0.076636
-0.086017
0.013535
0.050466
0.056484
0.032086
0.127440
0.107008
-0.085697
-0.209219
-0.249196
-0.105341
0.111704
0.234963
0.178630
0.069281
-0.122667
-0.235930
-0.156962
-0.099406
0.056169
0.251230
0.193706
-0.011599
-0.229858
-0.114761
0.054958
0.270010
0.150921
-0.095238
-0.260843
-0.267496
0.048336
0.157144
0.208251
0.012522
-0.034716
-0.202523
-0.208058
-0.033648
0.235353
0.227946
-0.096295
-0.221880
-0.039327
0.238365
0.089367
-0.108601
-0.173373
-0.096246
-0.074938
-0.059340
0.084850
0.262875
0.156967
-0.080661
-0.323332
-0.016210
0.102075
0.282993
0.022309
-0.276823
-0.107660
0.033459
0.011595
-0.330372
-0.197058
0.086865
0.423525
0.163068
0.023802
-0.172240
-0.092698
-0.277418
0.006826
0.171415
0.174399
0.274987
-0.165778
-0.166825
-0.287995
0.061724
0.213653
0.138522
-0.105244
-0.087601
-0.012464
-0.020412
-0.065451
-0.054411
0.184123
0.238398
0.008689
-0.246485
-0.175983
0.058135
0.267189
0.165730
-0.048210
-0.261909
-0.209805
-0.066742
0.209294
0.138529
-0.008159
0.064797
-0.045899
-0.103164
-0.172169
0.021680
0.183817
0.144552
-0.145117
-0.307256
-0.138299
0.185838
0.237528
0.070194
-0.070228
-0.225320
-0.148834
0.062214
0.234919
0.091366
-0.179106
-0.368312
-0.142709
0.198782
0.396527
0.245947
-0.103376
-0.353199
-0.294088
0.131282
0.284872
0.151682
-0.077436
-0.144175
-0.032938
-0.113193
-0.264644
-0.171047
0.187938
0.433631
0.172114
-0.122844
-0.339421
-0.126660
0.208512
0.270886
0.100826
-0.252509
-0.316073
-0.056555
0.305431
0.361014
0.232683
-0.148138
-0.338487
-0.305610
-0.172627
0.045899
0.295330
0.401879
0.169751
-0.195431
-0.355972
0.004869
0.364495
0.373193
0.003398
-0.374318
-0.456610
0.023862
0.523902
0.590315
0.097797
-0.527570
-0.516960
0.018547
0.397920
0.231913
-0.102645
-0.248997
0.031050
0.237103
0.182248
-0.121712
-0.359381
-0.256462
0.072427
0.255695
0.293186
0.116494
-0.089858
-0.095436
-0.017458
0.151794
-0.023110
-0.147111
-0.203799
0.002511
0.234465
0.100053
-0.215185
-0.449889
-0.189229
0.373897
0.685085
0.439813
-0.245131
-0.701855
-0.554239
-0.050049
0.545529
0.572720
0.149131
-0.479111
-0.605563
-0.074863
0.472481
0.549672
0.097054
-0.355717
-0.432026
-0.211588
0.065368
0.403277
0.458782
0.174593
-0.314426
-0.526783
-0.270454
0.256913
0.517504
0.332901
-0.089752
-0.374101
-0.253343
0.060511
0.361872
0.326555
0.117501
-0.281007
-0.254606
0.058596
0.117406
0.098920
-0.068254
-0.241794
-0.387574
-0.052702
0.551690
0.767143
0.247820
-0.507666
-0.615839
-0.264241
0.102745
0.339385
0.482917
0.289845
-0.175975
-0.486996
-0.404036
-0.012139
0.201664
0.011282
-0.188169
-0.056841
0.333761
0.486066
0.211297
-0.190905
-0.409383
-0.429849
-0.396229
-0.116374
0.325687
0.630398
0.392832
-0.024878
-0.313110
-0.381934
-0.190082
0.088437
0.376515
0.287236
-0.159287
-0.462904
-0.139539
0.509726
0.603948
0.010600
-0.599788
-0.617165
0.000821
0.544083
0.536742
0.076649
-0.306570
-0.339023
-0.077084
0.266863
0.333234
0.001428
-0.382267
-0.394958
0.077707
0.509913
0.284431
-0.326851
-0.687966
-0.308510
0.375426
0.643093
0.211879
-0.456094
-0.608860
-0.072651
0.583768
0.761393
0.261943
-0.460891
-0.620968
-0.211689
0.345142
0.502929
0.146514
-0.316926
-0.392842
-0.080091
0.298207
0.399025
0.122803
-0.256926
-0.383951
-0.096640
0.214376
0.258113
0.032259
-0.208746
-0.240104
-0.102453
0.115064
0.246841
0.092412
-0.203995
-0.320192
-0.176462
0.048300
0.224947
0.279905
0.191677
-0.021272
-0.241643
-0.299217
-0.184467
0.015395
0.136565
0.187714
0.068860
-0.116295
-0.129410
0.067551
0.232227
0.096138
-0.213633
-0.343378
-0.104837
0.270822
0.332315
0.032610
-0.232989
-0.205103
0.042364
0.191791
0.115938
-0.086485
-0.156001
-0.064719
0.058900
0.124405
0.029905
-0.106985
-0.182238
-0.090381
0.088801
0.144992
-0.004831
-0.181247
-0.131702
0.046828
0.174228
0.085272
-0.160063
-0.269870
-0.105046
0.136441
0.231315
0.086284
-0.096464
-0.127562
-0.043714
0.018870
-0.013845
-0.024506
0.037780
0.078120
0.029369
-0.044179
-0.088545
-0.079358
-0.042893
0.045497
0.082409
0.058693
-0.050487
-0.117807
-0.019757
0.128243
0.131896
-0.044009
-0.181015
-0.151384
0.025236
0.146873
0.090904
-0.050635
-0.152752
-0.107039
0.031065
0.091466
0.049686
-0.039354
-0.065331
-0.028566
0.058086
0.081705
0.017422
-0.072830
-0.108400
-0.038656
0.041695
0.061425
0.000979
-0.057813
-0.068204
-0.019209
0.027397
0.017458
-0.014536
-0.038840
-0.017391
0.017847
0.039067
0.043958
0.005127
-0.028196
-0.029150
-0.017877
0.002339
0.007226
0.009031
-0.024650
-0.059536
-0.049222
-0.014143
0.050431
0.052487
0.013095
-0.023727
-0.040717
-0.027081
-0.002487
0.006066
0.023589
0.004067
-0.020968
-0.018913
-0.028435
-0.036569
-0.031552
0.027173
0.046967
0.018946
-0.049616
-0.060644
-0.012299
0.020615
0.022167
0.023561
0.013217
-0.013229
-0.020881
-0.007922
0.047125
0.045678
0.004449
-0.042740
-0.058782
0.004084
0.059924
0.064949
0.018705
-0.050570
-0.054796
-0.013429
0.070772
0.096302
0.022526
-0.075936
-0.106849
-0.026448
0.069457
0.085839
0.033335
-0.014461
-0.069511
-0.050588
0.019921
0.094530
0.100490
0.008739
-0.069949
-0.088061
-0.043146
-0.010246
-0.038569
-0.073186
-0.046610
0.028363
0.080073
0.056049
0.013397
0.011270
0.031639
0.012494
-0.014594
0.007836
0.053485
0.058312
0.024904
-0.027605
-0.049234
-0.034514
0.009889
0.064589
0.041983
-0.018234
-0.065189
-0.051750
0.006640
0.069495
0.042378
-0.014921
-0.069115
-0.051932
0.034155
0.107546
0.101430
-0.020071
-0.092216
-0.084367
0.026076
0.096508
0.048118
-0.029591
-0.062981
-0.017348
0.059450
0.067641
0.032486
-0.038618
-0.051958
0.015823
0.065776
0.070482
0.010104
-0.031771
-0.043362
-0.014092
0.027620
0.072869
0.072096
0.014986
-0.060578
-0.070522
-0.002099
0.088629
0.108737
0.042862
-0.060277
-0.091897
-0.001143
0.077177
0.096854
0.000924
-0.051631
-0.038266
0.038212
0.073943
0.031585
-0.011581
-0.032712
0.008454
0.007937
0.009905
-0.002241
0.015633
0.037827
0.060735
0.042894
0.002610
-0.007856
-0.018161
-0.002153
0.018913
0.043269
0.006577
-0.041001
-0.042856
0.012404
0.067137
0.071203
0.032737
-0.023007
-0.058496
-0.050254
0.007037
0.056589
0.075462
0.030583
-0.002844
-0.012232
-0.008180
0.017758
0.024356
0.040103
0.018842
-0.023526
-0.031494
-0.016218
0.023319
0.052231
0.025890
-0.020988
-0.022015
0.010375
0.027052
0.019115
-0.005185
-0.008812
0.011851
0.031621
0.029218
0.014679
-0.012982
-0.026719
-0.027887
-0.017945
0.016606
0.024561
0.035071
0.045137
0.019185
-0.011750
-0.044755
-0.043548
-0.013722
0.019307
0.046309
0.049381
0.038438
-0.008703
-0.042906
-0.036638
-0.004240
0.021792
0.025666
0.004214
-0.037999
-0.062820
-0.029512
0.037752
0.082475
0.051172
-0.026887
-0.074946
-0.065234
-0.005094
0.029206
0.021480
-0.017643
-0.049907
-0.067969
-0.037272
0.036203
0.080379
0.060370
-0.005772
-0.067265
-0.065197
-0.013725
0.021379
0.013172
-0.029856
-0.030883
-0.021789
0.000720
0.017627
-0.000370
-0.023686
-0.033134
-0.018614
0.006440
0.022828
0.010674
-0.007896
-0.012703
-0.012391
-0.027076
-0.055544
-0.057110
-0.012684
0.021511
0.041498
0.015011
-0.031474
-0.063834
-0.051085
-0.016309
0.013872
0.024443
-0.012936
-0.027737
-0.030863
-0.000268
0.007810
-0.025796
-0.046158
-0.031768
-0.006822
0.010884
0.005604
-0.022322
-0.028110
0.000971
0.028112
0.034768
0.008852
-0.047018
-0.066185
-0.046962
0.004657
0.000536
-0.038945
-0.064873
-0.037735
0.011390
0.032477
0.020221
-0.032577
-0.046721
-0.036718
0.003567
0.017137
-0.007447
-0.053946
-0.085164
-0.048237
0.014499
0.041422
0.013245
-0.030744
-0.061344
-0.051393
-0.018118
0.029689
0.038528
0.015089
-0.043988
-0.081208
-0.057262
0.007554
0.055925
0.034520
-0.005945
-0.051220
-0.045046
-0.000752
0.031679
0.004448
-0.037540
-0.049272
-0.020512
0.014112
0.023643
-0.017807
-0.055712
-0.043530
-0.002504
0.041045
0.029534
-0.019085
-0.067867
-0.052978
-0.008076
0.031273
0.032968
0.005725
-0.027777
-0.027996
0.001438
0.030099
0.019742
-0.013029
-0.032634
-0.029706
0.006032
0.020499
0.032194
0.018329
-0.003687
-0.021809
-0.010781
0.014561
0.018857
-0.002472
-0.025797
-0.019754
0.004667
0.047076
0.041255
0.018390
-0.014139
-0.014808
0.018542
0.027572
0.022906
0.006775
-0.002824
-0.002682
0.006825
0.014619
0.008288
-0.010989
-0.012382
-0.002089
0.034245
0.041893
0.031753
0.018509
0.003250
0.007950
0.012215
0.003446
-0.007489
0.009800
0.029570
0.024585
0.016928
0.009990
0.004060
0.007918
0.012020
0.035377
0.019882
0.002547
-0.017172
0.000533
0.038659
0.057776
0.046140
-0.018452
-0.044422
-0.033710
0.015444
0.043150
0.049935
0.032020
0.001820
-0.017520
-0.013148
0.021836
0.032819
0.025539
0.000741
-0.007793
-0.007368
0.019074
0.052525
0.041834
-0.015532
-0.069630
-0.052458
0.019728
0.077448
0.074515
0.020281
-0.024497
-0.023718
0.006801
0.042151
0.033239
0.006749
-0.016539
-0.020935
0.001904
0.025063
0.037046
0.036758
0.014254
-0.003748
-0.014218
-0.012371
0.008885
0.040072
0.057558
0.032332
-0.001358
-0.032236
-0.023869
0.006987
0.039138
0.035976
0.012640
-0.012760
-0.014765
0.015182
0.027247
0.035209
0.016805
-0.003604
-0.017262
-0.003595
0.027700
0.043143
0.023775
-0.009221
-0.013752
-0.001140
0.018268
0.036292
0.039420
0.017525
-0.021900
-0.040505
-0.005903
0.046107
0.072005
0.044034
-0.013491
-0.046251
-0.028262
0.015194
0.047098
0.046700
0.014610
-0.018525
-0.024032
-0.000770
0.026857
0.041462
0.032294
0.010961
-0.027382
-0.041205
-0.029739
0.002068
0.046760
0.053289
0.026960
-0.029599
-0.056519
-0.036907
0.030304
0.062804
0.038650
-0.012896
-0.056820
-0.053094
-0.007626
0.033910
0.043801
0.024387
-0.038915
-0.068415
-0.049155
0.013486
0.057364
0.052882
0.006808
-0.043973
-0.078459
-0.057622
0.012984
0.070023
0.058275
-0.025320
-0.096236
-0.090777
-0.022151
0.036434
0.051631
0.010066
-0.034443
-0.064333
-0.036553
0.006851
0.027733
0.007779
-0.034472
-0.048888
-0.038373
-0.008434
0.000710
-0.005458
-0.015003
-0.024540
-0.023214
-0.019888
-0.015046
-0.001242
-0.009627
-0.013152
-0.026956
-0.029528
-0.016744
0.003580
0.009075
-0.005310
-0.031054
-0.042865
-0.026975
-0.022841
-0.000747
0.011273
0.010776
-0.026703
-0.063055
-0.053427
-0.014676
0.032939
0.035104
-0.010677
-0.064466
-0.075016
-0.038127
0.018083
0.035631
0.012238
-0.028099
-0.050118
-0.043981
-0.024347
-0.002838
0.003969
0.000607
-0.006943
-0.018339
-0.025504
-0.044090
-0.051425
-0.025977
0.002619
0.035505
0.014095
-0.025946
-0.060925
-0.049533
-0.006148
0.025067
0.021054
-0.012612
-0.043294
-0.046280
-0.014827
0.008129
0.013369
-0.017713
-0.042020
-0.042265
-0.005072
0.018513
0.004055
-0.029457
-0.047010
-0.035723
-0.006364
0.018651
0.017336
-0.015492
-0.047143
-0.045451
-0.017296
0.016036
0.024063
0.002062
-0.029621
-0.032820
-0.042876
-0.030220
-0.021295
-0.000445
0.010367
-0.008456
-0.039411
-0.062644
-0.038668
-0.003418
0.017418
-0.011187
-0.029862
-0.036562
-0.024242
-0.021219
-0.017296
-0.013581
-0.021840
-0.039553
-0.061008
-0.040967
-0.018876
-0.007753
-0.027074
-0.049616
-0.042053
-0.018642
-0.015558
-0.024932
-0.042149
-0.048734
-0.036255
-0.014700
0.003182
-0.011276
-0.046131
-0.067098
-0.054492
-0.022739
0.004157
-0.003392
-0.025432
-0.052690
-0.051573
-0.029405
-0.004796
0.003156
-0.011724
-0.028274
-0.042696
-0.032444
-0.030348
-0.017197
0.002042
0.007069
-0.004075
-0.028288
-0.032118
-0.007195
0.016410
0.020931
-0.009054
-0.037540
-0.029370
0.001070
0.030926
0.023649
-0.005949
-0.026784
-0.010758
0.012351
0.025991
0.020251
0.022005
0.023791
0.011965
0.000131
0.013236
0.035891
0.039661
0.032464
0.011351
0.015475
0.034730
0.056910
0.049747
0.027733
0.012381
0.019857
0.057871
0.074039
0.061485
0.038452
0.017070
0.022939
0.040824
0.063967
0.078044
0.073455
0.063986
0.042217
0.028697
0.027901
0.056329
0.092520
0.110380
0.090665
0.035723
-0.000381
0.018580
0.072208
0.123166
0.111101
0.053827
0.022349
0.037809
0.091577
0.115648
0.094722
0.065324
0.053306
0.066307
0.075526
0.067430
0.066022
0.068266
0.080192
0.082372
0.073752
0.064423
0.055997
0.065060
0.086808
0.091438
0.082359
0.058763
0.054029
0.067315
0.088807
0.092968
0.059327
0.040453
0.030504
0.059722
0.073733
0.072358
0.058084
0.043225
0.045514
0.053730
0.069289
0.071192
0.065147
0.034056
0.017805
0.018663
0.040238
0.072451
0.074938
0.046116
0.004635
-0.007193
0.027714
0.073130
0.077574
0.043401
0.004335
-0.012012
0.015816
0.040579
0.049615
0.037136
0.011070
0.004238
-0.001664
0.008386
0.024313
0.047359
0.038288
0.003044
-0.024123
-0.032293
-0.003983
0.023984
0.039416
0.027340
-0.007387
-0.035205
-0.033995
-0.009967
0.026703
0.031459
0.004689
-0.032451
-0.043787
-0.013255
0.023258
0.038886
0.007340
-0.030702
-0.048751
-0.034616
-0.005660
0.012874
0.010687
-0.000333
-0.020700
-0.033128
-0.035155
-0.016804
0.004971
0.003758
-0.016915
-0.034058
-0.018450
-0.008651
-0.010809
-0.041499
-0.059331
-0.050082
-0.018838
0.003857
0.005634
-0.009129
-0.036935
-0.045724
-0.042019
-0.021760
-0.013004
-0.011623
-0.023102
-0.040631
-0.045589
-0.041064
-0.032678
-0.024460
-0.026093
-0.043112
-0.059360
-0.058496
-0.042948
-0.021731
-0.016304
-0.043268
-0.069776
-0.074803
-0.053238
-0.029270
-0.021634
-0.045909
-0.070125
-0.079149
-0.079100
-0.066964
-0.055159
-0.044917
-0.050265
-0.066582
-0.086378
-0.083451
-0.071237
-0.051896
-0.055908
-0.079282
-0.101498
-0.102904
-0.080571
-0.059513
-0.047197
-0.071754
-0.099230
-0.123510
-0.112246
-0.073000
-0.040438
-0.043292
-0.087313
-0.125451
-0.129977
-0.112743
-0.081726
-0.060338
-0.077077
-0.114335
-0.128972
-0.109376
-0.079677
-0.061622
-0.080818
-0.103420
-0.118180
-0.100080
-0.073692
-0.074735
-0.094212
-0.117471
-0.110805
-0.087371
-0.066605
-0.078143
-0.105028
-0.111918
-0.097255
-0.076522
-0.074869
-0.096012
-0.106693
-0.099074
-0.076757
-0.063183
-0.075298
-0.080346
-0.089648
-0.085346
-0.080567
-0.079753
-0.080250
-0.080832
-0.068579
-0.061813
-0.054902
-0.053271
-0.065666
-0.078095
-0.075809
-0.068848
-0.062417
-0.059438
-0.050930
-0.046451
-0.049876
-0.060853
-0.063731
-0.059916
-0.042612
-0.028547
-0.036535
-0.044143
-0.047806
-0.030168
-0.030188
-0.032977
-0.036512
-0.034377
-0.030418
-0.044569
-0.043139
-0.030443
-0.008053
-0.002429
-0.020627
-0.037517
-0.033273
-0.009424
0.006772
0.001010
-0.009259
-0.008085
0.005550
0.011938
0.004158
0.004607
0.015376
0.019062
0.017473
0.017162
0.025447
0.036003
0.033021
0.025840
0.030157
0.046281
0.067600
0.067211
0.047201
0.031065
0.026011
0.063148
0.098772
0.108004
0.088917
0.064455
0.066581
0.087968
0.124588
0.138945
0.121702
0.095045
0.089287
0.113956
0.147294
0.157266
0.156328
0.139544
0.129916
0.141063
0.168530
0.195292
0.198929
0.179671
0.158492
0.163332
0.188613
0.213463
0.218396
0.210676
0.180700
0.177782
0.194000
0.223897
0.238405
0.223226
0.201392
0.181809
0.188893
0.218091
0.234388
0.217179
0.193674
0.169799
0.172527
0.185646
0.195827
0.191309
0.176745
0.154254
0.136969
0.126399
0.131653
0.157006
0.164447
0.143083
0.103035
0.080390
0.083006
0.102570
0.112916
0.095039
0.065240
0.041709
0.039917
0.058647
0.059143
0.050146
0.032063
0.019117
0.012966
