0.117239
0.066392
-0.030476
-0.120203
-0.077704
0.048282
0.180807
0.152359
-0.039620
-0.176188
-0.134457
0.028958
0.182840
0.190522
0.052592
-0.097297
-0.188452
-0.079090
0.075833
0.297947
0.275272
-0.041767
-0.251143
-0.214465
-0.053850
0.155273
0.255289
0.127533
-0.028496
-0.144544
-0.079347
0.084962
0.108295
-0.079563
-0.180904
-0.039424
0.189296
0.241489
0.018186
-0.281828
-0.212458
0.123507
0.377417
0.283593
-0.109910
-0.377248
-0.353023
-0.042221
0.374159
0.534497
0.274367
-0.216934
-0.527476
-0.308004
0.157610
0.449092
0.268750
-0.160992
-0.375728
-0.199163
0.176315
0.402305
0.222517
-0.170763
-0.372916
-0.250782
0.081490
0.340724
0.317387
-0.018763
-0.308299
-0.281278
0.076644
0.322233
0.251115
-0.031201
-0.173708
-0.051649
0.088505
0.149763
-0.022598
-0.178901
-0.244383
-0.111188
0.080160
0.264761
0.161212
-0.013380
-0.217597
-0.179646
-0.029428
0.043425
0.088396
0.032862
0.198848
0.015348
0.042206
-0.083510
-0.160277
-0.093816
0.006442
-0.014867
0.112296
0.224015
-0.198892
-0.231066
-0.090044
0.224061
0.250695
-0.097824
-0.168386
-0.045976
-0.084480
-0.131975
0.078197
0.317573
0.356160
-0.175944
-0.436168
-0.370376
0.100882
0.347530
0.107665
0.126298
-0.100903
-0.293651
-0.297939
-0.047740
0.225374
0.364894
0.089845
-0.173254
-0.363074
-0.156113
0.145171
0.451040
0.303320
-0.040148
-0.278415
-0.398318
-0.021404
0.257397
0.324010
-0.048597
-0.381539
-0.386635
0.074121
0.261610
0.201212
0.058811
-0.099211
-0.080222
-0.015403
0.006512
0.005786
0.003360
-0.055023
0.060419
0.202449
0.092988
0.007884
-0.167261
-0.148627
-0.119344
-0.122625
0.211156
0.266099
0.214560
-0.159876
-0.331317
-0.208292
-0.092364
0.161691
0.248807
0.126466
-0.142115
-0.299012
-0.119411
0.216728
0.324663
0.051996
-0.347114
-0.346867
-0.001790
0.364646
0.317508
-0.256771
-0.547225
-0.286153
0.289568
0.462287
0.076831
-0.124617
-0.150985
-0.070211
-0.048841
-0.071563
0.070506
0.283465
0.105489
-0.145145
-0.250905
-0.173132
0.208886
0.277987
0.081627
-0.309161
-0.433065
-0.240340
0.241683
0.581387
0.323755
-0.108295
-0.540399
-0.356659
0.123102
0.362163
0.175237
-0.150535
-0.125540
0.085676
0.145744
-0.074468
-0.135437
0.016455
0.187607
0.222062
-0.092254
-0.376201
-0.258252
0.134568
0.409762
0.288806
-0.091171
-0.352312
-0.271560
0.087153
0.285310
0.268851
-0.039923
-0.358100
-0.338137
0.053684
0.625814
0.520023
-0.119591
-0.792208
-0.539425
0.295692
0.682768
0.506046
-0.104183
-0.580112
-0.502906
0.055175
0.587029
0.531566
-0.183112
-0.612746
-0.339375
0.150721
0.310516
0.065979
-0.221219
-0.170835
0.042658
0.260424
0.217732
-0.068548
-0.312841
-0.217140
0.036716
0.082437
0.010027
-0.013888
0.251114
0.338704
0.074124
-0.324654
-0.392723
-0.117046
0.235980
0.305553
0.126117
-0.200368
-0.290058
0.034287
0.220871
0.163511
-0.136100
-0.200656
-0.010079
0.205584
0.220336
-0.009517
-0.120537
-0.085383
0.136029
0.337750
0.018119
-0.305155
-0.357135
-0.228057
0.019777
0.120902
0.156817
0.035760
-0.007208
0.097742
0.136953
0.060083
-0.332950
-0.484390
-0.055692
0.366466
0.526393
0.163102
-0.262813
-0.362874
-0.218730
0.006255
0.141526
0.177180
0.023491
-0.071668
-0.124235
-0.004088
-0.069846
-0.155204
-0.064574
0.062353
0.153500
-0.061242
-0.008427
0.107098
0.132811
0.046767
-0.202708
-0.213217
-0.021505
0.200558
0.312175
0.091000
-0.347298
-0.584236
-0.348043
0.220953
0.440455
0.271575
-0.120741
-0.193711
0.172213
0.323043
0.066718
-0.419035
-0.540707
-0.165830
0.507184
0.709353
0.170024
-0.600957
-0.954276
-0.360477
0.353244
0.520120
0.228453
-0.022743
0.072108
0.032978
-0.100235
-0.290731
-0.320311
-0.099828
0.226906
0.548938
0.568185
-0.028103
-0.754029
-0.696530
-0.048205
0.584852
0.448886
-0.092199
-0.383073
-0.228701
0.053547
0.203709
0.237599
0.122711
-0.093555
-0.281421
-0.167416
0.176954
0.381488
0.186263
-0.072769
-0.178441
-0.026307
0.048935
-0.071712
-0.105886
0.029723
0.135519
-0.025524
-0.265207
-0.235601
0.075895
0.226088
0.135540
-0.056979
-0.067249
0.053464
0.054260
0.014227
-0.095985
-0.133131
-0.075157
-0.009907
0.040233
0.126352
0.030695
-0.268340
-0.285677
0.117820
0.431884
0.327696
-0.083888
-0.374475
-0.266929
0.079358
0.231621
0.078527
-0.117560
-0.098603
0.207930
0.310654
0.120448
-0.262479
-0.433723
-0.217037
0.216958
0.513316
0.300795
-0.172852
-0.444327
-0.246904
0.180997
0.398769
0.186471
-0.195589
-0.312918
-0.040228
0.262413
0.251410
-0.037587
-0.278443
-0.253075
0.020999
0.210967
0.158064
-0.027056
-0.166733
-0.052569
0.080072
0.136398
0.033230
-0.089244
-0.041205
0.089622
0.152347
0.048972
-0.078948
-0.087683
0.072407
0.132659
0.032623
-0.148044
-0.214754
-0.012231
0.185026
0.185217
0.054329
-0.107932
-0.165832
-0.075368
0.098690
0.170597
0.067523
-0.105132
-0.143948
-0.032374
0.040130
0.038736
-0.020420
0.031905
0.085975
0.067220
-0.009212
-0.063024
-0.089762
-0.072439
0.016238
0.032677
0.017429
-0.011008
-0.023011
0.041302
0.025807
-0.065171
-0.072617
-0.056759
0.000159
0.021370
0.067552
0.075410
0.035047
-0.001797
-0.037972
0.015893
0.045845
0.026495
-0.041618
-0.082479
-0.005704
0.118669
0.162537
0.121146
0.000931
-0.131131
-0.181024
-0.076413
0.078267
0.122203
0.054439
-0.052072
-0.068887
-0.012403
0.078471
0.063703
-0.022159
-0.043189
0.021139
0.088827
0.031192
-0.016550
-0.011223
-0.011155
-0.009140
0.014618
0.033199
0.044874
-0.012030
-0.072131
-0.052304
0.042460
0.133606
0.087902
-0.031311
-0.123363
-0.102498
-0.011354
0.052257
0.065405
0.073310
0.024542
-0.031585
-0.068454
-0.009960
0.107245
0.143524
0.035502
-0.114080
-0.104038
0.026586
0.121643
0.076108
-0.035051
-0.097430
-0.026752
0.066352
0.095864
0.047291
-0.034109
-0.074996
-0.058948
-0.019462
0.059200
0.084190
0.011867
-0.062930
-0.079757
-0.002598
0.090653
0.095527
0.020257
-0.068294
-0.080416
0.019741
0.101652
0.103812
-0.004604
-0.082796
-0.032541
0.071281
0.113153
0.065748
0.017781
-0.003152
-0.085175
-0.148845
-0.132963
-0.031209
0.065591
0.065731
0.055038
-0.005031
-0.001196
0.043095
0.097317
0.026536
-0.120819
-0.141666
0.031739
0.182186
0.138115
-0.025673
-0.116160
-0.049083
-0.025282
0.003349
0.012632
0.037647
-0.003547
-0.105375
-0.145362
-0.016918
0.168712
0.195963
0.017987
-0.155851
-0.129421
0.044837
0.146543
0.024328
-0.127397
-0.126891
0.037942
0.123766
0.048575
-0.093666
-0.123288
-0.041078
0.040235
0.056873
-0.000949
-0.023238
-0.020177
-0.011111
0.011609
0.031129
0.058390
0.018584
-0.080022
-0.136070
-0.086199
0.065292
0.137374
0.050263
-0.065373
-0.120717
-0.032307
0.063137
0.058928
0.021913
-0.057252
-0.060473
-0.038036
0.001743
0.050450
0.038049
-0.035849
-0.076911
-0.022730
0.047901
0.055299
-0.034833
-0.092307
-0.085055
0.032857
0.105123
0.049637
-0.068550
-0.128275
-0.035556
0.074889
0.079299
-0.004955
-0.081876
-0.050046
0.045280
0.098294
0.086885
-0.041493
-0.122647
-0.104477
0.009462
0.087951
0.053272
-0.020961
-0.076851
-0.052093
0.006881
0.059604
0.062584
0.018168
-0.052761
-0.100966
-0.047142
0.039939
0.086975
0.040263
-0.069084
-0.113146
-0.085551
0.016032
0.101589
0.059625
-0.043409
-0.090924
-0.048982
0.030559
0.090081
0.081020
0.007270
-0.061425
-0.080558
-0.020801
0.029703
0.044602
0.022406
-0.043775
-0.077338
-0.052263
0.008400
0.062049
0.027988
-0.018724
-0.020923
-0.018372
-0.013049
-0.020363
0.002560
-0.006884
0.013848
0.051879
0.030540
-0.020542
-0.075862
-0.073788
-0.007973
0.042238
0.055449
0.009051
-0.056060
-0.062473
-0.060932
0.005301
0.048513
0.040684
0.011973
-0.060368
-0.047320
0.002471
0.023523
0.022365
0.003841
0.003140
0.013880
0.007695
-0.009997
-0.032486
-0.053936
-0.027556
0.019467
0.042704
0.030427
-0.013189
-0.065892
-0.067465
0.005513
0.054307
0.028983
-0.034284
-0.048138
-0.002066
0.028069
0.027612
-0.006390
-0.043287
-0.041029
-0.004224
0.031465
0.060847
0.022641
-0.041944
-0.071757
-0.033671
0.043577
0.058294
0.007049
-0.063264
-0.083001
-0.026009
0.049457
0.092796
0.067222
-0.035667
-0.093145
-0.058079
0.019277
0.046285
0.021350
0.004471
-0.017357
-0.023340
-0.017493
-0.026437
-0.015436
0.011978
0.051986
0.042079
-0.015459
-0.041264
-0.032349
0.009454
0.048607
0.039459
0.011999
-0.030984
-0.061055
-0.037428
0.002152
0.041481
0.032129
-0.008873
-0.025754
-0.033096
-0.021466
-0.003858
0.023941
0.065962
0.044611
-0.011902
-0.070045
-0.050531
0.023973
0.049815
0.049324
0.012006
-0.019194
-0.015459
-0.027908
-0.014741
-0.011407
0.006439
0.020037
-0.009934
-0.012186
-0.017627
0.013149
0.026905
0.021019
-0.000453
-0.015609
-0.010023
0.006617
0.030588
0.028452
0.019897
-0.029918
-0.047849
-0.031870
-0.020900
0.026912
0.037895
0.020235
0.001507
-0.017516
-0.007165
0.003484
0.033425
0.051258
0.025849
-0.006356
-0.022816
-0.015108
0.002128
0.020962
-0.003346
-0.031454
-0.022801
0.012298
0.039768
0.020285
-0.006275
-0.015419
0.003006
0.030112
0.033434
0.015443
0.012126
0.008307
0.010295
-0.001774
0.002569
0.020884
0.012472
0.012741
0.015806
0.007147
-0.010619
-0.031386
-0.014200
0.012369
0.025102
0.024440
0.004500
0.001819
-0.002878
0.007858
0.027515
0.038783
0.027261
0.009660
-0.008643
0.003922
0.036556
0.045180
0.014702
-0.049809
-0.068770
-0.017633
0.053341
0.073365
0.028406
-0.018054
-0.031904
0.012286
0.028718
0.018697
0.010219
-0.011872
0.020565
0.022750
0.015775
-0.013584
-0.038780
-0.021852
0.017812
0.045463
0.030938
-0.000755
-0.035438
-0.027682
0.003096
0.038273
0.050489
0.039140
-0.007322
-0.042664
-0.043042
-0.010276
0.036288
0.044030
0.022249
-0.020679
-0.031330
-0.004318
0.031806
0.042903
0.014876
-0.019401
-0.044817
-0.007508
0.024737
0.028137
0.004900
-0.024241
-0.009817
0.014683
0.021791
-0.004895
-0.023176
-0.015177
0.007439
0.013823
0.004392
0.005129
-0.003549
-0.017633
-0.016734
-0.010635
0.018982
0.000011
-0.015437
0.008501
0.021163
0.024635
-0.005559
-0.039568
-0.034700
0.022820
0.055302
0.031179
-0.018192
-0.052882
-0.019943
0.020229
0.025889
0.031374
-0.004626
-0.022872
-0.036803
-0.029352
0.017341
0.043066
0.032275
-0.025091
-0.063205
-0.050641
-0.000369
0.035181
0.048074
0.030342
-0.012322
-0.047835
-0.056645
-0.027728
0.023890
0.043105
0.015578
-0.025895
-0.051868
-0.035692
0.013960
0.032320
0.017005
-0.020145
-0.046973
-0.021172
0.015992
0.027081
0.005946
-0.033441
-0.029812
0.005586
0.021865
0.017216
-0.018358
-0.039544
-0.021436
-0.003663
0.016562
0.022427
-0.003695
-0.017849
-0.025165
-0.019971
-0.012757
-0.008502
-0.017683
-0.016710
-0.003533
0.013876
0.003004
-0.019159
-0.025789
-0.011575
0.017729
0.021806
0.001858
-0.039247
-0.038039
-0.013232
0.011798
0.018471
-0.000118
-0.023042
-0.023200
-0.018510
0.000112
0.002359
-0.004175
-0.005595
-0.014701
-0.003591
-0.008754
-0.019434
-0.019642
-0.008676
0.009695
0.023612
-0.002331
-0.040403
-0.047703
-0.007572
0.039414
0.045243
0.002146
-0.042393
-0.048842
-0.027290
0.012496
0.036101
0.021851
-0.006729
-0.036069
-0.039769
-0.015741
0.002095
0.029988
0.030941
-0.000526
-0.033176
-0.041608
-0.021065
0.007687
0.020910
0.006009
-0.004012
-0.011286
-0.010788
-0.001487
0.011796
0.000807
-0.015824
-0.011525
0.008014
0.020616
0.010219
-0.016095
-0.022437
-0.011710
-0.004700
0.012572
0.021323
0.012402
-0.010056
-0.030675
-0.037179
-0.003251
0.026376
0.045915
0.029323
-0.008239
-0.047440
-0.050849
-0.018813
0.028558
0.049658
0.009616
-0.026005
-0.038226
-0.010757
0.029838
0.044039
0.006408
-0.018917
-0.044680
-0.033194
-0.008011
0.012870
0.041566
0.030583
0.018753
-0.024031
-0.056035
-0.039266
0.005225
0.050381
0.040348
0.010651
-0.012178
-0.028734
-0.027067
-0.024232
0.000526
0.019739
0.031916
0.032376
0.003747
-0.022732
-0.040388
-0.028864
0.020425
0.052372
0.058236
0.022169
-0.037444
-0.058096
-0.038236
0.013034
0.048380
0.035810
-0.003003
-0.017509
-0.017900
-0.004632
0.003689
-0.005568
0.013012
0.037956
0.028714
0.000467
-0.029376
-0.039649
0.001171
0.044067
0.041048
0.011661
-0.025243
-0.025935
0.004601
0.029085
0.037116
0.008345
-0.016563
-0.021408
-0.000160
0.019207
0.016749
0.007959
0.003898
0.023661
0.014112
-0.016443
-0.027114
-0.012817
0.042014
0.050493
0.012767
-0.021100
-0.050201
-0.025736
0.010359
0.032751
0.033732
0.009751
-0.007694
-0.000330
0.008068
0.006698
-0.000344
0.004401
0.010855
0.025304
0.011365
-0.004824
-0.004488
-0.018275
-0.008101
-0.014816
-0.005059
0.020349
0.027416
0.011038
-0.014311
-0.035225
-0.020142
0.021021
0.041121
0.026382
-0.000024
-0.032348
-0.035159
-0.003902
0.015636
0.020573
-0.006604
-0.029631
-0.021690
0.001244
0.025316
0.015112
-0.008566
-0.023608
-0.037876
-0.020337
0.014958
0.038101
0.033343
-0.006232
-0.048836
-0.043118
-0.008031
0.044250
0.050389
0.000430
-0.041430
-0.044896
-0.007575
0.031344
0.026738
-0.010956
-0.028255
-0.028745
-0.009456
0.012257
0.011352
0.007652
-0.000405
-0.011002
-0.017723
-0.011129
0.007696
0.029533
0.026358
-0.018304
-0.055069
-0.047454
0.008349
0.064443
0.063924
0.003065
-0.051575
-0.073649
-0.025040
0.037663
0.059444
0.036486
-0.020765
-0.040184
-0.029945
-0.003334
0.021807
0.033232
0.022570
-0.009729
-0.033178
-0.027966
-0.004076
0.020029
0.021958
0.005201
-0.011836
-0.023960
-0.009818
0.012716
0.019719
0.002116
-0.021775
-0.016973
0.003039
0.029202
0.029493
-0.001510
-0.027810
-0.028402
-0.002491
0.026078
0.023414
0.004461
-0.014235
-0.023455
-0.009574
0.013650
0.019734
0.016431
-0.001498
-0.019110
-0.012633
-0.006602
0.007595
0.022912
0.026284
0.010506
-0.021197
-0.043133
-0.020216
0.025340
0.051531
0.040612
-0.002527
-0.033057
-0.029304
0.001638
0.018504
0.012053
0.005891
0.000160
-0.001398
-0.010713
-0.018357
-0.009280
0.011472
0.035049
0.033382
0.002984
-0.035284
-0.040413
-0.010648
0.017016
0.038349
0.020864
-0.005369
-0.017795
-0.017199
-0.003433
0.009915
0.009259
-0.000774
0.004115
0.006259
0.016733
-0.001821
-0.020513
-0.024243
-0.008553
0.017145
0.015601
-0.000658
-0.027731
-0.025450
-0.015782
0.013163
0.031689
0.016169
0.000798
-0.019990
-0.026761
-0.008461
0.020668
0.026447
0.015481
-0.025207
-0.040028
-0.017096
0.006973
0.043174
0.043863
0.013721
-0.031241
-0.063905
-0.032474
0.032998
0.071751
0.047660
-0.020736
-0.056556
-0.041560
0.012017
0.051248
0.034050
-0.013769
-0.041470
-0.028570
0.012090
0.045128
0.038547
-0.002782
-0.035214
-0.024489
0.007875
0.032086
0.023148
-0.004155
-0.019940
-0.015461
0.012092
0.019135
0.014851
0.008708
0.001947
-0.003798
-0.015516
-0.010055
0.002071
0.016269
0.020727
0.007377
-0.007231
-0.013058
-0.000440
0.019621
0.017347
0.006706
-0.010206
-0.010965
0.000984
0.014308
0.014337
0.006044
0.001300
0.000409
-0.001332
-0.013872
-0.011027
0.011593
0.029859
0.024988
0.000311
-0.021287
-0.019413
0.010262
0.037521
0.031137
-0.006367
-0.040679
-0.034985
-0.007966
0.037171
0.047512
0.007041
-0.032189
-0.046916
-0.010706
0.042430
0.038336
0.003642
-0.028637
-0.029745
0.007780
0.021729
0.011790
-0.011747
-0.024727
-0.011228
0.008272
0.011679
-0.002092
-0.012585
-0.010641
-0.000164
0.012296
0.007870
-0.007525
