-0.030658
-0.056833
-0.015127
0.008774
0.034095
0.046474
0.047395
0.017584
0.008452
-0.017440
-0.055943
-0.075998
0.038405
0.115613
0.112387
0.001750
-0.114626
0.032110
0.003442
-0.000983
0.049761
-0.036033
-0.063259
-0.039872
0.088163
0.159178
0.031383
-0.107935
-0.121837
-0.064109
-0.079822
-0.003107
0.248058
0.316350
-0.002757
-0.293647
-0.277532
0.038382
0.233187
0.284153
0.169059
-0.176957
-0.331883
-0.179466
0.026399
0.078681
0.033071
0.079708
0.016038
-0.186145
-0.110140
-0.030651
-0.014357
-0.086245
-0.019393
0.242159
0.296982
0.221070
-0.066682
-0.373560
-0.227534
-0.088563
0.060615
0.208617
0.176775
0.137172
-0.074251
-0.155374
-0.137844
-0.103380
0.027588
0.087703
0.086985
-0.007277
0.010922
0.058706
-0.050935
-0.226697
-0.043551
0.087333
0.080935
-0.029120
-0.263290
-0.055922
0.200874
0.296414
0.214840
-0.069776
-0.298679
-0.229504
-0.100476
0.193747
0.232371
0.096032
-0.132114
-0.244987
-0.034221
0.116125
0.270646
0.105252
-0.107129
-0.317204
-0.156261
0.135455
0.225875
0.123823
-0.172533
-0.280243
-0.224516
0.083497
0.265702
0.266284
0.025883
-0.221699
-0.289607
-0.194957
0.062288
0.146713
0.128932
-0.013120
-0.119383
-0.202128
-0.152190
-0.049825
0.044142
0.079008
-0.131550
-0.144586
0.028422
0.194259
0.232423
0.094911
-0.022142
-0.223160
-0.293213
-0.166975
0.028963
0.228942
0.045827
-0.133992
-0.176283
-0.054777
0.206137
0.338869
0.162557
-0.282806
-0.437728
-0.271573
0.139076
0.413998
0.350028
0.075996
-0.249296
-0.397002
-0.149367
0.142273
0.359966
0.140789
-0.152074
-0.204756
-0.236873
0.144413
0.170755
0.224165
0.000251
-0.336176
-0.282383
0.081339
0.476194
0.318315
-0.078883
-0.488472
-0.317141
0.132947
0.362905
0.256935
-0.070438
-0.231801
-0.150817
0.041383
0.063572
-0.013397
-0.029076
0.063882
0.114049
-0.225583
-0.465046
-0.285284
0.295059
0.694080
0.287679
-0.249904
-0.485066
-0.357002
-0.092153
0.114730
0.273287
0.254951
-0.000865
-0.343650
-0.467762
-0.115321
0.347370
0.506530
0.236363
-0.362672
-0.499077
-0.163185
0.293150
0.352909
-0.016997
-0.301048
-0.309387
0.113762
0.422380
0.317847
-0.040468
-0.458181
-0.533056
-0.173941
0.340504
0.679072
0.557965
-0.002809
-0.527625
-0.512778
0.126471
0.649494
0.346814
-0.345896
-0.613434
-0.232586
0.363235
0.593660
0.291509
-0.254709
-0.474467
-0.115920
0.419690
0.516780
0.146542
-0.359603
-0.474409
-0.085283
0.394157
0.457621
-0.011705
-0.303810
-0.374426
-0.044624
0.318955
0.415992
0.161036
-0.248510
-0.292496
-0.075978
0.118385
-0.055911
-0.138050
0.021760
0.220760
0.230686
0.106251
-0.085556
-0.200805
-0.199407
0.019548
0.181324
0.332409
0.090870
-0.439591
-0.352136
-0.065303
0.117284
-0.065009
-0.089579
0.102452
0.295371
0.231908
-0.064910
-0.232502
-0.245516
-0.143300
0.064242
0.334489
0.460693
0.124086
-0.545443
-0.639561
-0.130909
0.279715
0.303594
0.215584
0.097718
-0.105075
-0.301452
-0.025190
0.351894
0.284031
-0.114056
-0.425468
-0.292697
-0.007864
0.221785
0.379299
0.343076
-0.046358
-0.500996
-0.437670
0.217430
0.705658
0.393996
-0.398727
-0.760139
-0.237000
0.588108
0.745756
0.186395
-0.466373
-0.544562
-0.041566
0.399183
0.369771
-0.069471
-0.449428
-0.378534
0.081381
0.525315
0.538469
0.095699
-0.366980
-0.405866
-0.155038
0.061016
0.037789
-0.193663
-0.179715
0.130430
0.473515
0.272336
-0.188059
-0.373533
-0.125032
0.273413
0.214303
0.028394
-0.067507
-0.071203
-0.144963
-0.174781
0.017254
0.180006
0.083323
-0.150452
-0.023737
0.293010
0.236673
-0.184568
-0.414015
-0.111119
0.275240
0.326256
0.204397
0.065556
-0.060761
-0.179257
-0.177098
-0.058328
-0.043232
-0.083075
-0.115181
0.055226
0.161799
0.006635
-0.291798
-0.376015
-0.007817
0.347552
0.329657
0.003384
-0.221715
-0.123510
0.268391
0.508006
0.163480
-0.461030
-0.674145
-0.238059
0.336879
0.448592
0.122359
-0.275186
-0.296912
0.039040
0.408699
0.334024
-0.166637
-0.498751
-0.311132
0.229876
0.587272
0.389388
-0.135170
-0.472275
-0.304234
0.172450
0.360964
0.195975
-0.159161
-0.324099
-0.194175
0.121770
0.297368
0.169968
-0.050641
-0.152209
-0.110975
-0.022487
0.049965
0.048086
0.008770
-0.093003
-0.081622
0.020247
0.164243
0.203154
0.037632
-0.213270
-0.304355
-0.136946
0.088537
0.216515
0.137855
-0.054632
-0.168295
-0.107513
0.049275
0.162724
0.086981
-0.081952
-0.169761
-0.094923
0.021210
0.070180
0.065686
0.049475
0.062106
0.056594
0.067527
0.003066
-0.068820
-0.084309
-0.036300
0.089979
0.092192
-0.020965
-0.069621
-0.035386
0.008828
-0.001156
-0.010883
0.003060
0.009852
0.001160
-0.036275
-0.056648
-0.025857
0.022852
0.042648
0.001495
-0.112204
-0.179028
-0.080796
0.153789
0.279099
0.133337
-0.128407
-0.255006
-0.129157
0.045590
0.098898
-0.002136
-0.125141
-0.104372
0.039136
0.202950
0.195236
-0.004888
-0.239384
-0.265571
-0.017228
0.242627
0.259211
-0.000061
-0.260324
-0.245675
0.043301
0.256997
0.137097
-0.166198
-0.299011
-0.076945
0.232202
0.264785
0.004864
-0.207890
-0.174016
-0.024973
0.073709
0.021637
-0.087667
-0.094857
-0.014470
0.075250
0.071731
-0.016124
-0.088420
-0.099675
-0.044196
0.066297
0.147621
0.088505
-0.089095
-0.178294
-0.080196
0.116165
0.160190
0.012971
-0.128293
-0.119697
0.001348
0.023385
-0.015734
-0.055611
0.009247
0.061004
0.040610
-0.037511
-0.070322
0.042866
0.067864
0.014744
-0.119019
-0.160934
-0.054928
0.102019
0.164583
0.056389
-0.087326
-0.154572
-0.083037
0.034460
0.076968
0.025241
-0.035050
-0.062240
0.006882
0.066807
0.088694
0.011660
-0.105228
-0.133902
-0.080081
0.031006
0.086874
0.043479
-0.009260
-0.021265
0.014372
0.086370
0.030364
-0.033717
-0.095417
-0.104859
-0.037270
-0.044981
-0.096426
-0.142486
-0.046243
0.080862
0.068099
0.005405
-0.050548
-0.062241
-0.078512
-0.014066
0.148200
0.201094
0.086476
-0.061959
-0.016862
0.092692
0.089751
-0.023256
-0.082554
-0.015122
0.028136
-0.007685
-0.057584
-0.010676
0.064141
0.018936
-0.123153
-0.192884
-0.043937
0.157591
0.176209
0.031025
-0.120377
-0.068959
0.048011
0.071156
0.011851
-0.045245
0.018300
0.081097
0.072179
0.009044
-0.042974
-0.007772
0.041533
0.032797
-0.034196
-0.049052
0.025006
0.079076
0.049721
-0.050542
-0.061887
0.015997
0.106177
0.091122
-0.037284
-0.093194
-0.017145
0.087434
0.096479
0.012585
-0.042788
0.012323
0.072574
0.058728
-0.039291
-0.088509
-0.035423
0.038959
0.061056
0.018028
-0.027920
-0.017683
0.001759
0.011516
0.022661
0.047126
0.083849
0.043171
-0.050285
-0.098067
-0.028155
0.085944
0.123076
0.037294
-0.071885
-0.100483
-0.033429
0.038244
0.069965
0.045272
0.021738
0.030365
0.019442
0.008141
0.000368
0.033989
0.033475
-0.008263
-0.052872
-0.027097
0.040715
0.092339
0.050452
-0.051030
-0.094154
-0.047407
0.081458
0.118147
0.059407
-0.058207
-0.086587
0.007239
0.094931
0.119317
0.028809
-0.070371
-0.058326
0.004158
0.049662
0.026024
-0.031737
-0.049172
-0.013699
0.067756
0.062447
0.006996
-0.063594
-0.069172
0.005422
0.060353
0.084669
0.050284
0.009878
-0.023918
-0.022682
0.010933
0.039030
0.030249
-0.006566
-0.025851
-0.019689
0.015930
0.005882
-0.004030
-0.001125
0.015320
0.052158
0.040375
0.008255
-0.041901
-0.054461
-0.022534
0.051825
0.103057
0.090358
0.013562
-0.083385
-0.102192
-0.030595
0.058705
0.074593
0.007027
-0.055774
-0.033071
0.024222
0.077144
0.059920
-0.012883
-0.054155
-0.035608
0.005836
0.019216
0.002912
-0.005591
-0.001420
-0.019080
-0.028848
0.011567
0.074789
0.067600
-0.031366
-0.103643
-0.075816
0.048008
0.130331
0.077839
-0.040195
-0.110834
-0.071548
0.024916
0.090194
0.058900
-0.017296
-0.057397
-0.030187
0.012140
0.030168
0.014425
-0.012696
-0.016331
-0.014133
-0.004534
0.003840
-0.012551
-0.045893
-0.050900
-0.017609
0.049139
0.068547
0.029276
-0.044541
-0.091361
-0.055668
-0.006702
0.052756
0.040659
-0.013155
-0.038792
-0.042244
-0.013453
0.009433
0.025777
0.034085
0.002759
-0.012982
-0.011789
-0.021685
-0.036134
-0.037286
0.001059
0.031137
0.012962
-0.017439
-0.029876
-0.037350
-0.014858
0.003511
0.004900
-0.021158
-0.035912
-0.010438
0.025029
0.025865
-0.011721
-0.032174
-0.031380
-0.007812
0.001172
0.003731
-0.011701
-0.042948
-0.060300
-0.042400
0.009237
0.024695
0.025387
-0.007621
-0.031335
-0.043622
-0.035997
0.001481
0.020197
0.014464
-0.007255
-0.046857
-0.061986
-0.005353
0.024544
0.042474
-0.002630
-0.041579
-0.031787
-0.000662
0.025538
0.006461
-0.023948
-0.056626
-0.043305
-0.031875
0.014194
0.055859
0.025216
-0.038366
-0.093303
-0.041003
0.056248
0.070448
0.023455
-0.053586
-0.079208
-0.048834
-0.005374
0.041082
0.050629
0.015448
-0.044603
-0.077092
-0.056975
-0.003968
0.027882
0.024077
0.009705
0.003087
-0.036052
-0.034698
0.004724
0.036976
0.026579
-0.035800
-0.053187
-0.039996
0.000989
0.010891
0.001166
-0.022321
-0.031004
-0.028338
-0.011779
0.039000
0.047432
0.005460
-0.063281
-0.085846
-0.031000
0.031594
0.057855
0.024276
-0.043118
-0.084033
-0.048609
0.035825
0.059219
0.020052
-0.045298
-0.055856
-0.030520
-0.004483
0.004994
0.013633
0.014283
-0.000954
-0.028311
-0.049549
-0.027793
-0.001642
0.020832
0.018208
0.003152
-0.041173
-0.046343
-0.017888
0.034821
0.050874
-0.007306
-0.044952
-0.054264
-0.009710
0.035115
0.050240
0.014463
-0.029984
-0.056156
-0.041677
0.014393
0.058780
0.059044
0.011475
-0.043041
-0.058457
-0.031452
0.007594
0.048571
0.031944
-0.002214
-0.037879
-0.036923
-0.001084
0.033111
0.047832
0.020440
-0.017689
-0.038001
-0.027947
0.005045
0.035653
0.034924
-0.005840
-0.039222
-0.021068
0.017728
0.030001
-0.014510
-0.029605
-0.007012
0.032177
0.040582
0.021422
0.006137
-0.006930
-0.005129
-0.013969
-0.000325
0.025442
0.025009
-0.004525
-0.024432
-0.004452
0.034382
0.046486
0.027043
-0.012370
-0.028576
-0.001225
0.016633
0.006067
-0.022969
-0.024001
0.013192
0.052049
0.045244
0.006807
-0.025261
-0.036992
0.003561
0.026121
0.019267
0.014105
0.030683
0.034778
0.006118
-0.012334
-0.011063
0.017161
0.010066
0.002170
0.033467
0.034958
0.006511
-0.040029
-0.040440
0.022108
0.065513
0.057434
-0.000789
-0.035027
-0.021372
-0.001560
0.016509
0.031792
0.018661
0.008792
-0.007613
-0.016121
0.004379
0.033696
0.040813
0.015371
-0.003224
-0.016476
0.006870
0.025968
0.018312
-0.003417
-0.028864
-0.018922
0.007006
0.032783
0.034225
0.028564
0.013646
-0.011289
-0.009297
0.001940
0.033127
0.025837
-0.000467
-0.016665
-0.006064
0.021815
0.027370
0.002931
-0.013462
-0.007355
-0.005087
0.012187
0.006718
0.002567
0.012253
0.014214
0.010673
0.000638
-0.013574
-0.000266
0.021126
0.039556
0.044472
0.013028
-0.027557
-0.045755
-0.005384
0.044691
0.064180
0.030179
-0.027279
-0.052918
-0.033171
0.037442
0.081811
0.048591
-0.027813
-0.077530
-0.054879
0.024455
0.075739
0.074834
0.027363
-0.031343
-0.058097
-0.039955
0.016470
0.066643
0.056227
0.002326
-0.038160
-0.036290
0.002022
0.016939
0.034252
0.035588
0.025932
0.000363
-0.027973
-0.022321
0.002385
0.017712
0.010625
0.010529
0.010269
0.009151
-0.004353
-0.009115
-0.003852
0.006486
0.014475
0.020658
0.009809
-0.008702
-0.018932
-0.014308
0.014762
0.015718
0.020700
0.011249
-0.011322
-0.026170
-0.032598
-0.009236
0.023293
0.032638
0.023697
0.005631
-0.005710
-0.003031
-0.009704
-0.000888
0.009329
0.019239
0.007795
-0.014294
-0.024581
-0.008154
0.013664
0.019855
0.012493
-0.003021
-0.023849
-0.033137
0.002136
0.028463
0.031977
0.010124
-0.018025
-0.015792
0.002580
0.020012
0.020586
-0.004951
-0.022834
-0.019879
0.000010
0.030453
0.021948
0.002379
-0.007463
-0.002843
0.008921
0.008653
0.010049
-0.003419
-0.001795
0.018037
0.017244
-0.004977
-0.029497
-0.030611
0.000063
0.027850
0.034698
0.011626
-0.017845
-0.037139
-0.027142
0.002063
0.020335
0.025818
-0.000028
-0.029713
-0.034151
-0.013182
0.009481
0.013700
0.011411
0.008144
-0.008198
-0.027875
-0.023722
0.003898
0.012121
0.005370
-0.004648
-0.010637
-0.014461
-0.012242
-0.009718
-0.002784
-0.004419
-0.010598
-0.008106
-0.021028
-0.017542
-0.014922
0.004889
0.011188
0.000367
-0.013497
-0.014446
-0.009250
-0.021635
-0.032007
-0.033503
-0.002912
0.003990
0.007700
-0.006209
-0.023765
-0.021510
-0.013362
-0.007436
-0.018744
-0.016596
-0.007613
-0.000396
-0.015257
-0.017378
-0.013181
-0.005977
0.015825
-0.000419
-0.020713
-0.031717
-0.025254
0.003252
0.002557
-0.011381
-0.035183
-0.037351
-0.011949
0.005068
0.003667
-0.012152
-0.022682
-0.024848
-0.011729
0.002033
0.003380
-0.004327
-0.015741
-0.032152
-0.022420
-0.010494
-0.001268
0.007570
-0.014233
-0.029370
-0.035880
-0.031474
-0.028435
-0.020974
-0.003365
0.011937
0.013103
0.000040
-0.015784
-0.025900
-0.018143
-0.017242
-0.010894
-0.008479
-0.022910
-0.030858
-0.028845
-0.012469
0.003649
0.005759
-0.006988
-0.006315
0.005436
-0.006722
-0.035999
-0.051671
-0.029759
0.008504
0.024095
0.011735
-0.021307
-0.055023
-0.043061
-0.010125
0.017011
0.030613
0.011301
-0.026917
-0.064023
-0.045348
0.014564
0.051203
0.045379
-0.010089
-0.069536
-0.077681
-0.034880
0.021064
0.033205
0.005337
-0.023622
-0.034443
-0.012667
0.017019
0.035400
0.017756
-0.024607
-0.057234
-0.047014
0.004829
0.046175
0.031592
-0.016188
-0.051067
-0.033429
0.018595
0.031279
0.012044
-0.020335
-0.038297
-0.016759
0.012048
0.011355
0.007716
0.003975
-0.001115
-0.012619
-0.013281
0.004081
0.020217
0.017038
-0.011826
-0.026667
-0.018331
0.013700
0.026221
0.012468
-0.002575
-0.009484
0.001426
0.001817
0.003890
0.010051
0.011400
0.005081
-0.011747
-0.015700
0.001504
0.026490
0.043597
0.026890
-0.009963
-0.030823
-0.033319
0.007735
0.042162
0.040524
0.005243
-0.036078
-0.037805
-0.003890
0.042479
0.060225
0.039638
-0.002607
-0.028503
-0.020824
0.009513
0.035652
0.032768
0.004409
-0.034441
-0.020896
0.028182
0.045490
0.033889
-0.001332
-0.019829
-0.010802
0.019744
0.046500
0.043637
0.001774
-0.037691
-0.028734
0.019585
0.058130
0.046136
0.017175
-0.016297
-0.024844
-0.013391
0.007051
0.034017
0.049064
0.040138
-0.003683
-0.021196
-0.003228
0.027283
0.035634
0.013142
0.001470
0.008105
0.009508
0.007171
0.008719
0.019045
0.030978
0.012212
-0.002048
0.002434
0.024120
0.039279
0.020963
-0.007586
-0.019773
0.003299
0.032003
0.035245
0.004769
-0.018627
0.005563
0.032699
0.033554
0.008874
-0.001037
0.003802
0.017092
0.011217
-0.002991
0.010097
0.018949
0.017992
0.000294
-0.008941
0.000820
0.013698
0.019182
0.026670
0.023161
0.013049
0.001969
-0.004491
-0.004615
0.010518
0.017972
0.020365
0.012892
-0.005878
-0.008126
0.005241
0.033204
0.029527
-0.000903
-0.021304
-0.012394
0.009455
0.029881
0.017730
0.000882
-0.003764
0.004063
0.017357
0.021136
0.006589
-0.015944
-0.007800
0.015402
0.028500
0.015886
0.002849
-0.006246
-0.002564
0.012047
0.025898
0.023367
0.009894
0.002407
-0.010425
-0.003670
-0.003991
0.008056
0.027330
0.018424
0.000847
-0.020193
-0.009072
0.021385
0.038699
0.026249
-0.001698
-0.018294
-0.008630
0.008542
0.018937
0.017619
0.006431
-0.002001
-0.007558
-0.006143
0.008814
0.022091
0.006853
-0.017884
-0.022852
0.002597
0.021822
0.019813
0.001581
-0.003494
0.008888
0.005066
-0.006311
