0.016355
0.016891
0.017219
0.017503
0.016988
0.016341
0.016376
0.016756
0.016789
0.016769
0.016727
0.017049
0.017403
0.017165
0.016494
0.016109
0.016465
0.017506
0.018211
0.018223
0.017499
0.016605
0.016641
0.017148
0.017710
0.017373
0.016508
0.015502
0.015227
0.015669
0.016201
0.016455
0.016066
0.015584
0.015607
0.015999
0.015859
0.015780
0.015151
0.015316
0.015470
0.014812
0.013890
0.012797
0.012623
0.012062
0.012005
0.011762
0.011754
0.011343
0.010838
0.011089
0.011511
0.011980
0.011564
0.010851
0.010204
0.010328
0.009901
0.009771
0.009759
0.009376
0.009373
0.008870
0.007821
0.006748
0.006088
0.005691
0.005777
0.006917
0.007893
0.007245
0.006218
0.005450
0.005377
0.005794
0.005634
0.004863
0.004698
0.004443
0.004142
0.003781
0.003134
0.003208
0.002983
0.002661
0.002170
0.001911
0.001647
0.002189
0.002411
0.001700
0.001742
0.001833
0.001572
0.000743
0.000180
0.000356
0.000449
0.000247
0.000210
-0.000254
-0.000716
-0.001567
-0.001629
-0.001422
-0.002193
-0.002588
-0.002844
-0.003434
-0.004032
-0.003802
-0.003146
-0.002757
-0.003787
-0.005084
-0.005642
-0.005676
-0.005265
-0.004843
-0.004480
-0.004590
-0.004552
-0.004693
-0.005661
-0.006000
-0.005823
-0.005320
-0.004579
-0.004643
-0.005204
-0.005959
-0.005619
-0.005203
-0.005572
-0.006056
-0.006426
-0.005902
-0.005555
-0.005438
-0.005615
-0.005131
-0.004632
-0.005107
-0.005515
-0.005815
-0.005620
-0.005407
-0.005417
-0.005567
-0.005029
-0.004569
-0.004558
-0.004406
-0.004771
-0.005622
-0.006499
-0.007327
-0.007114
-0.006636
-0.006759
-0.007634
-0.008100
-0.007376
-0.007081
-0.007179
-0.008953
-0.009828
-0.010627
-0.010748
-0.012387
-0.012697
-0.013991
-0.014844
-0.017402
-0.021198
-0.023064
-0.028639
-0.034148
-0.037024
-0.055777
-0.062055
-0.053645
-0.047277
-0.029131
0.025086
0.127409
0.094520
0.084365
0.105119
-0.072334
-0.183051
-0.128340
-0.090680
-0.017316
0.188707
0.218229
0.015701
-0.175168
-0.227749
-0.158475
-0.064656
0.088705
0.232665
0.203751
-0.049585
-0.315356
-0.279838
0.011956
0.253273
0.204309
-0.054197
-0.219705
-0.170512
-0.018573
0.096195
0.179348
0.066686
-0.096679
-0.212145
-0.184328
0.076376
0.203335
0.179214
-0.057126
-0.336360
-0.291665
0.077587
0.413702
0.368135
-0.175654
-0.618366
-0.458704
-0.015226
0.461673
0.445421
0.079855
-0.312205
-0.514694
-0.177238
0.221916
0.342606
0.091411
-0.125894
-0.044887
-0.035663
-0.054879
-0.177439
-0.096360
-0.022198
-0.089167
0.032505
0.218401
0.169038
-0.091934
-0.165404
-0.013429
-0.025366
-0.090895
0.022202
0.122926
0.191605
0.029361
-0.156377
-0.245738
0.021359
0.136912
0.189825
-0.035691
-0.280426
-0.161283
0.033592
0.192986
0.048898
-0.009642
-0.069633
0.014477
0.036477
0.048561
-0.026603
0.017938
0.042148
0.049090
-0.130073
-0.232710
-0.017267
0.136892
0.222403
-0.077515
-0.098875
-0.118107
0.087667
0.234221
0.056957
-0.075557
-0.232072
-0.131483
-0.042935
0.098993
0.138141
0.134945
-0.014104
-0.061731
-0.064038
-0.094900
0.071469
-0.006618
-0.030555
-0.075095
0.014945
0.133447
0.165222
0.084712
-0.196172
-0.138168
-0.200198
-0.110764
0.053235
0.126864
0.142163
0.080711
0.076331
-0.002945
0.000368
-0.028580
0.015897
0.020770
0.094756
0.052187
0.046709
-0.122925
-0.333036
-0.260745
-0.013264
0.313964
0.382693
0.336379
0.071402
-0.271395
-0.416485
-0.233144
0.088435
0.412084
0.357128
0.072704
-0.230032
-0.323894
-0.215681
0.047038
0.298836
0.167641
-0.028369
-0.305281
-0.226392
0.118045
0.301271
0.195557
-0.013698
-0.170323
-0.206988
0.025069
0.108814
0.097990
0.017770
0.039901
0.080316
-0.021258
0.050893
-0.077844
0.013114
0.029095
-0.075526
-0.084695
0.036403
0.229004
0.181956
-0.029696
-0.236434
-0.060865
0.097918
0.248024
0.107030
-0.104792
-0.231292
-0.132472
0.139000
0.267386
0.166474
0.063381
0.007552
-0.138578
-0.158197
-0.126624
0.102651
0.242745
0.220914
-0.014711
-0.244872
-0.154789
0.111003
0.162400
0.034393
-0.073125
0.041888
0.066258
-0.094750
-0.101978
0.021730
0.389265
0.340278
-0.001874
-0.458093
-0.549008
-0.108314
0.317128
0.644435
0.368195
-0.196028
-0.560206
-0.326460
0.237950
0.412167
0.255816
0.030772
0.012537
-0.073060
-0.176570
-0.186900
-0.046438
0.186696
0.153122
0.116671
-0.122313
-0.267458
-0.207238
0.004974
0.167779
0.077054
0.081707
0.180730
0.219899
-0.037745
-0.137671
-0.112491
0.028703
0.046227
-0.003827
0.015333
0.080992
0.141121
-0.018116
0.024806
-0.166920
-0.200274
-0.025648
0.153629
0.157615
-0.117866
-0.121740
0.110944
0.386004
0.292795
-0.137351
-0.472864
-0.501954
-0.106171
0.485180
0.737787
0.392355
-0.361767
-0.712572
-0.351735
0.241041
0.461507
0.241567
-0.100831
-0.161806
-0.105241
0.043300
0.104496
0.038614
0.088019
0.020695
-0.012862
-0.139186
-0.233374
-0.094926
0.169234
0.361574
0.061887
-0.394807
-0.364727
0.064097
0.366038
0.060623
-0.352424
-0.322450
0.142171
0.483512
0.313636
-0.177602
-0.577330
-0.462718
0.114385
0.701501
0.598944
-0.096025
-0.778506
-0.682627
0.097240
0.762066
0.603021
-0.159033
-0.668514
-0.563680
0.043183
0.453852
0.402198
-0.071018
-0.439018
-0.348545
0.068786
0.419352
0.356626
-0.023902
-0.234699
-0.129008
-0.076865
0.004614
0.022402
0.024300
-0.002725
-0.045506
-0.005252
0.013964
-0.022307
-0.204375
-0.369739
-0.202285
0.113074
0.176793
0.129907
0.089248
0.065917
-0.076610
-0.050305
0.039127
-0.127695
-0.175960
-0.156858
0.181375
0.478192
0.331885
-0.049815
-0.463841
-0.433328
-0.172112
0.105670
0.285838
0.173651
-0.113001
-0.404677
-0.451383
-0.151907
0.222267
0.350320
0.196046
-0.031812
-0.112890
-0.054184
0.005521
-0.056394
-0.141872
-0.064853
0.143267
0.218763
0.081921
-0.170029
-0.201479
0.044953
0.155499
0.112419
-0.089639
-0.258058
-0.244681
-0.133808
-0.011363
0.022782
0.044243
0.064297
0.121987
0.201304
0.110750
-0.105703
-0.247013
-0.140953
0.056597
0.311020
0.268970
-0.094818
-0.319900
-0.389116
-0.249769
-0.164747
-0.059047
-0.088465
-0.097946
-0.042487
0.103438
0.246965
0.192046
0.035830
-0.109261
-0.040452
0.001004
0.066487
0.154198
0.212414
0.010838
-0.272286
-0.276424
-0.000605
0.229429
0.176508
-0.121476
-0.281677
-0.120104
0.106245
0.188070
0.054767
-0.117740
-0.194760
-0.084461
0.099554
0.205380
0.144057
-0.017294
-0.197052
-0.184493
0.045469
0.229610
0.140770
-0.129622
-0.263629
-0.089124
0.173193
0.242412
-0.007861
-0.302770
-0.270465
-0.020896
0.262811
0.269259
0.065427
-0.133972
-0.215236
-0.104461
0.112877
0.255876
0.138829
-0.151137
-0.254031
-0.097082
0.099503
0.163024
0.052291
-0.058863
-0.087461
-0.059211
0.002985
0.017048
-0.010608
0.047051
0.080534
0.112734
0.051853
-0.104812
-0.136289
-0.016328
0.166148
0.194038
0.076013
-0.052194
-0.091992
-0.044906
0.009390
0.012637
0.012216
0.033331
0.040352
0.016495
-0.009282
-0.039512
-0.078640
-0.100098
-0.030486
0.111413
0.163199
0.063583
-0.042080
-0.049960
0.028688
0.108804
0.057786
-0.009749
-0.045466
-0.031536
0.007411
0.008695
0.052459
0.074879
0.027322
-0.027842
-0.019756
0.039389
0.067638
0.068907
0.063493
0.064702
0.038368
-0.050204
-0.066581
0.002147
0.049120
0.000278
-0.077127
-0.039171
0.062163
0.115019
0.035666
-0.053980
-0.055960
-0.013028
0.031011
0.080660
0.076888
0.031101
-0.023999
-0.056284
0.000883
0.050405
0.067329
0.013833
-0.032520
-0.008597
0.035779
0.037449
-0.011259
-0.018785
0.022347
0.068096
0.060332
-0.008694
-0.046977
-0.002350
0.085820
0.101784
0.018503
-0.058748
-0.051678
0.058992
0.129244
0.062959
-0.067559
-0.117839
-0.038955
0.093815
0.116501
0.020920
-0.048360
-0.044409
0.006666
0.010554
0.015531
0.014367
-0.022276
-0.015149
0.030832
0.059442
0.020940
-0.050490
-0.056942
0.020590
0.111648
0.101511
0.029074
-0.029263
-0.060065
-0.030131
0.027195
0.079825
0.063706
-0.014295
-0.034510
0.018584
0.086365
0.089173
0.012988
-0.019763
0.017283
0.042683
0.063623
0.021401
-0.053063
-0.076112
-0.092080
-0.053540
-0.028779
0.005685
0.052894
0.002647
-0.042225
-0.013751
0.090127
0.117191
0.021547
-0.027294
0.020547
0.071892
0.039124
0.023171
0.061332
0.077792
-0.025786
-0.129362
-0.072275
0.049854
0.064910
-0.026181
-0.064250
0.000560
0.060681
0.004785
-0.092156
-0.069024
0.060240
0.123116
0.017602
-0.101083
-0.075423
0.024090
0.099787
0.038606
-0.039063
-0.017495
0.065482
0.083989
-0.004066
-0.098570
-0.090417
0.002945
0.056691
0.024853
-0.040979
-0.015032
0.025613
0.027145
-0.032846
-0.080465
-0.052358
0.020143
0.053618
-0.001738
-0.046440
-0.050484
0.009336
0.044620
-0.002355
-0.041099
-0.023119
0.012500
0.025750
0.001447
-0.008563
0.020717
0.010888
-0.026889
-0.062513
-0.046382
0.005009
0.003567
-0.011687
-0.032070
-0.031155
-0.001513
0.011763
0.012033
-0.006184
-0.025679
-0.015561
-0.002389
-0.004379
-0.020834
-0.042453
-0.024554
0.002901
0.022586
-0.002541
-0.038673
-0.050087
-0.039897
-0.011010
-0.000262
0.022346
0.025230
-0.002326
-0.039009
-0.060266
-0.033191
0.011014
0.015127
-0.017746
-0.065759
-0.082501
-0.032768
0.015902
0.043700
0.030551
-0.008291
-0.028648
-0.034543
-0.011649
0.003566
0.023438
0.034676
0.009781
-0.055652
-0.088010
-0.040130
0.033180
0.066430
-0.000721
-0.072787
-0.093603
-0.044389
0.007792
0.030544
0.012004
0.008336
0.009359
-0.025529
-0.052269
-0.061135
-0.008856
0.005254
0.015033
0.008159
-0.018714
-0.032207
-0.048413
-0.046784
-0.032462
-0.013579
0.006708
0.002943
-0.009853
-0.017063
-0.032154
-0.033199
-0.022951
0.011504
0.008025
-0.012284
-0.038271
-0.059947
-0.042596
-0.004883
0.044714
0.042067
-0.004970
-0.068938
-0.091835
-0.042893
0.012704
0.021218
-0.016071
-0.030416
-0.028515
-0.041218
-0.042126
-0.026235
0.001905
0.007192
-0.022173
-0.030420
-0.019000
-0.013500
-0.020725
-0.033069
-0.024195
0.004506
0.021852
-0.008432
-0.049836
-0.061795
-0.029664
0.036903
0.058733
0.015426
-0.065453
-0.075893
-0.019964
0.032905
0.063554
0.015195
-0.027371
-0.046559
-0.045957
-0.015815
0.009223
0.024476
0.022861
-0.010927
-0.039920
-0.040097
-0.021327
0.019852
0.023349
-0.002729
-0.035304
-0.030133
0.000890
0.015004
0.001360
-0.019718
-0.025364
-0.012515
0.013531
0.025569
0.022934
0.010089
-0.005915
-0.019711
-0.000578
0.029217
0.030139
-0.000560
-0.028460
-0.025884
0.005442
0.036073
0.038230
-0.001017
-0.031442
-0.028662
-0.002435
0.018838
0.016009
0.007580
0.011882
0.008743
-0.009133
-0.020922
-0.016759
0.024140
0.050524
0.033750
0.007637
-0.004317
-0.003803
0.014995
0.019639
0.019879
-0.000793
-0.015890
-0.011216
-0.014846
0.012929
0.028815
0.031781
0.021998
0.003271
-0.008028
-0.000247
0.023261
0.029359
0.033114
0.027969
0.032116
0.028239
0.010238
-0.016381
-0.018459
0.005688
0.027264
0.031849
0.009542
-0.018754
-0.033737
0.000775
0.043434
0.063195
0.039929
0.001151
-0.024478
-0.009210
0.020313
0.044085
0.042200
0.028312
0.025948
0.011070
0.014024
0.000741
0.001402
0.011618
0.017964
0.031957
0.024251
0.006931
-0.000688
-0.003617
0.005917
0.002380
0.010527
0.029547
0.032274
0.038572
0.014276
-0.003677
0.000463
0.017800
0.044291
0.035281
0.018675
-0.005492
-0.021255
0.011214
0.039899
0.046945
0.027429
0.002626
-0.004910
0.020219
0.040368
0.026296
0.013770
-0.001767
0.002811
0.006343
0.009046
0.025480
0.032913
0.039375
0.020166
-0.008237
-0.024272
-0.022567
0.010563
0.042267
0.046903
0.015309
-0.013822
-0.019149
-0.009576
0.010511
0.020028
0.026752
0.023430
0.000550
-0.014946
-0.005691
0.031420
0.056325
0.031476
-0.009690
-0.025966
-0.000077
0.022947
0.028014
0.033158
0.013257
-0.008111
-0.015147
-0.003109
0.026968
0.037781
0.029324
0.003573
-0.011906
-0.019341
-0.011468
0.020360
0.043577
0.022578
-0.028213
-0.034537
-0.012313
0.026584
0.038258
0.017845
0.011838
-0.001279
-0.003838
-0.003754
0.015198
0.021563
-0.006108
-0.024106
-0.026677
0.015428
0.047879
0.045464
0.011723
-0.018269
-0.036720
-0.027653
0.017964
0.050986
0.046304
0.001725
-0.027671
-0.033433
-0.010335
0.006474
0.015544
0.023225
0.007582
-0.021536
-0.033359
-0.013392
0.009897
0.020007
0.004804
-0.004676
-0.002669
-0.011150
-0.025677
-0.035647
-0.018515
0.010333
0.026733
0.020696
-0.000643
-0.034389
-0.042862
-0.009815
0.040090
0.058067
0.028043
-0.017115
-0.055767
-0.056307
-0.008200
0.051202
0.049656
0.005104
-0.059336
-0.078680
-0.053148
-0.013178
0.030485
0.049878
0.023924
-0.023553
-0.051668
-0.064886
-0.032273
0.016075
0.048548
0.042926
-0.000550
-0.043542
-0.064696
-0.034967
0.003621
0.023572
0.039820
0.003850
-0.039771
-0.067824
-0.052833
-0.015615
0.018647
0.025481
0.008405
-0.013678
-0.038657
-0.042516
-0.029842
-0.001060
0.006193
0.015966
0.011252
-0.005408
-0.020635
-0.043017
-0.056241
-0.026135
0.018027
0.035181
0.004746
-0.043311
-0.077059
-0.066758
-0.023366
0.019836
0.043103
0.022657
-0.032961
-0.078814
-0.051828
-0.007353
0.031633
0.036167
0.015068
-0.021065
-0.055111
-0.060140
-0.036209
0.014059
0.022427
0.002550
-0.037788
-0.055122
-0.040964
-0.028512
-0.002561
-0.002040
-0.005394
-0.015613
-0.015673
-0.007514
-0.021855
-0.030368
-0.028508
-0.002350
0.008413
-0.000229
-0.030175
-0.046106
-0.035741
-0.013315
0.016346
0.009505
-0.008072
-0.030375
-0.028267
-0.013260
-0.011583
-0.020991
-0.019408
-0.003478
0.004543
-0.001910
-0.023467
-0.032136
-0.029665
-0.018141
-0.005822
0.007378
0.009873
-0.006191
-0.024628
-0.026214
-0.014760
-0.000930
0.008043
0.004545
-0.018256
-0.028172
-0.011955
-0.005077
0.008731
0.002710
-0.007906
-0.010791
-0.005220
0.002638
0.004171
-0.012500
-0.032041
-0.018553
0.002437
0.028785
0.014161
-0.009114
-0.029728
-0.030988
-0.008596
0.006318
0.023243
0.019530
-0.000401
-0.026616
-0.028739
-0.016456
-0.000937
0.010404
0.013236
0.009587
0.000256
-0.016528
-0.024973
-0.014551
0.011734
0.032683
0.030912
-0.006241
-0.040893
-0.038990
-0.017040
0.024539
0.040344
0.032907
-0.019463
-0.050224
-0.028766
0.015294
0.058370
0.051973
0.010701
-0.043560
-0.044307
-0.007042
0.037700
0.045586
0.016004
-0.025665
-0.047187
-0.023552
0.016941
0.047141
0.043191
0.015625
-0.010242
-0.004391
0.000335
0.010840
0.020591
0.013392
0.000701
-0.005309
-0.000533
0.023508
0.027002
0.010007
-0.015706
-0.022160
0.016075
0.033333
0.034299
0.004827
-0.027015
-0.018538
0.019473
0.057116
0.054345
0.010972
-0.021241
-0.031359
-0.014874
0.017469
0.038834
0.040788
0.032513
0.009627
-0.012964
-0.016831
0.003473
0.035727
0.040987
0.013836
-0.026298
-0.031996
0.000960
0.043991
0.034691
0.011210
-0.006110
-0.004651
0.007285
0.015537
0.024740
0.023496
0.030886
0.016548
0.006971
-0.003545
0.004061
0.015676
0.018862
0.021080
0.011136
0.009141
0.010503
0.007975
0.002947
0.001982
0.005524
0.033367
0.042983
0.031428
0.009058
-0.010866
0.000579
0.026337
0.042572
0.028624
0.002418
-0.013070
-0.016273
-0.007785
0.019929
0.042779
0.035372
0.007825
-0.016779
-0.013296
0.004313
0.019877
0.029511
0.021713
0.011540
-0.003731
-0.002793
0.011513
0.019796
0.016982
0.010967
0.009319
0.010225
0.008941
0.000383
-0.001093
0.002627
0.011964
0.016225
0.018081
0.009936
0.001741
-0.004223
0.010674
0.018918
0.007891
-0.011301
-0.015639
0.011216
0.033659
0.041402
0.013689
-0.013153
-0.015699
-0.004263
0.005419
0.017708
0.016881
0.022305
0.014445
-0.006203
-0.012674
-0.009957
0.005982
0.021481
0.025464
0.016087
0.008787
0.006796
0.011048
0.011322
0.013509
0.008994
0.002319
0.005580
0.006637
-0.001219
-0.004394
-0.007895
0.005150
0.015124
0.011138
0.004011
-0.000071
-0.010065
-0.014583
0.001257
0.021628
0.034589
0.017268
-0.008438
-0.030521
-0.025606
-0.000875
0.027857
0.029939
0.012827
-0.021142
-0.050584
-0.033811
0.005487
0.041960
0.032519
-0.003917
-0.032028
-0.028376
-0.004229
0.021854
0.027467
0.004691
-0.014651
-0.021036
-0.017157
-0.007776
0.000441
0.000443
-0.003599
-0.003012
-0.002052
-0.007376
-0.011576
-0.015202
-0.008993
-0.002664
0.006788
0.009765
-0.003968
-0.010835
-0.014255
-0.018237
-0.019704
-0.014768
0.008568
0.027814
0.011492
-0.020624
-0.047814
-0.031003
0.008002
0.026471
0.022349
-0.003268
-0.025888
-0.033208
-0.033229
-0.014638
0.012178
0.015530
-0.001945
-0.037685
-0.041827
-0.016919
0.008102
0.018112
0.006539
-0.013321
-0.025261
-0.026844
-0.022270
-0.010869
-0.004520
0.007060
0.000095
-0.017850
-0.037101
-0.028170
-0.004361
0.014450
0.003937
-0.029463
-0.038425
-0.028716
0.010048
0.029001
0.009939
-0.035542
-0.058118
-0.028102
0.021718
0.034551
-0.001822
-0.040996
-0.055779
-0.036269
-0.009782
0.006572
0.007713
-0.009033
-0.033753
-0.037007
-0.028701
-0.004472
0.016451
0.013617
-0.008080
-0.043215
-0.049575
-0.022553
0.012669
0.028095
0.016027
-0.019780
-0.045420
-0.047269
-0.028520
0.001168
0.016251
0.007475
-0.014007
-0.030994
-0.029899
-0.016225
-0.006328
0.001396
-0.007132
-0.024389
-0.031628
-0.026770
-0.009663
0.003249
0.003728
-0.009377
-0.024765
-0.025128
-0.015283
0.000135
0.005532
-0.004830
-0.027700
-0.041282
-0.027901
-0.002629
0.003629
-0.017136
-0.034338
-0.024341
-0.003285
0.002772
-0.007499
-0.018287
-0.016675
-0.021473
-0.009717
0.012200
0.015620
-0.006150
-0.028635
-0.032796
-0.017959
-0.004513
0.003040
0.002714
-0.012148
-0.022492
-0.033851
-0.015505
0.004599
0.012307
0.007505
-0.009421
-0.022343
-0.022742
-0.004172
0.005750
0.003045
-0.007825
-0.012535
-0.001822
0.002559
-0.008986
-0.018910
-0.015050
0.000981
0.016879
0.010998
0.002749
-0.009831
-0.015420
-0.009642
-0.002900
0.006218
0.005461
0.003646
-0.001925
-0.006149
-0.009479
-0.002735
0.008444
0.016668
0.012206
0.006875
-0.002805
-0.008027
-0.003610
-0.000781
0.004919
0.006661
0.009778
-0.001481
-0.005700
0.005924
0.023851
0.021823
