-0.002963
-0.002523
-0.002406
-0.001994
-0.001655
-0.001882
-0.002589
-0.003674
-0.003374
-0.002413
-0.001492
-0.001083
-0.001719
-0.001782
-0.001319
-0.001442
-0.001232
-0.001232
-0.001000
-0.000525
0.000198
0.000581
0.000185
-0.000481
-0.000041
0.001352
0.003011
0.003378
0.001908
0.001176
0.001075
0.002553
0.003961
0.004708
0.004822
0.004540
0.004802
0.005808
0.006495
0.006155
0.006311
0.006761
0.006774
0.006595
0.006751
0.007300
0.007895
0.007973
0.007812
0.007565
0.008512
0.008772
0.007791
0.007139
0.007458
0.008495
0.008559
0.007955
0.007522
0.008446
0.009444
0.010209
0.010804
0.011208
0.012050
0.012429
0.012627
0.012748
0.012681
0.013445
0.014335
0.014937
0.014982
0.014819
0.015023
0.015002
0.014816
0.015574
0.016609
0.016558
0.015712
0.014439
0.014735
0.016520
0.017045
0.016743
0.016511
0.015317
0.013388
0.015032
0.016739
0.014673
0.015176
0.016876
0.017172
0.015194
0.014530
0.016548
0.017974
0.017137
0.014972
0.014504
0.015401
0.014231
0.011319
0.011682
0.014481
0.015686
0.013050
0.010049
0.008948
0.010111
0.011500
0.011240
0.010654
0.009634
0.009283
0.008760
0.007944
0.007479
0.007925
0.008638
0.007832
0.005877
0.004917
0.006786
0.009180
0.008294
0.004463
0.002080
0.003538
0.007191
0.007337
0.003065
-0.000509
0.000385
0.004398
0.007237
0.005209
0.001133
-0.000634
0.000188
0.002760
0.003783
0.002274
-0.000329
-0.000787
0.000348
0.001478
0.000992
-0.000824
-0.001800
-0.000447
0.001619
0.001878
0.001193
-0.000547
-0.000665
0.000756
0.002162
0.002248
0.001662
0.001951
0.002461
0.002484
0.001934
0.001784
0.002116
0.002295
0.001895
0.001533
0.000814
-0.000233
-0.000697
0.000258
0.000870
0.000276
-0.001139
-0.002073
-0.001539
-0.000737
0.000071
0.000366
0.000316
-0.001138
-0.001850
-0.001508
-0.001289
-0.000345
-0.000182
0.000530
0.000420
-0.000191
-0.000565
-0.000721
-0.000248
0.000460
0.001012
0.000230
-0.000190
-0.000744
-0.000202
0.000201
0.000194
0.000259
0.000097
0.000507
-0.000294
-0.001281
-0.001847
-0.001248
-0.000200
-0.000180
-0.001059
-0.002194
-0.002782
-0.002633
-0.001768
-0.001105
-0.001763
-0.003016
-0.003493
-0.003368
-0.003426
-0.003560
-0.003290
-0.003165
-0.003328
-0.003418
-0.003818
-0.004244
-0.004463
-0.004448
-0.004272
-0.004313
-0.004394
-0.005212
-0.006116
-0.006562
-0.006146
-0.004908
-0.004572
-0.005066
-0.006145
-0.006911
-0.006540
-0.006394
-0.006351
-0.006254
-0.005706
-0.004781
-0.004568
-0.004835
-0.005045
-0.005383
-0.005231
-0.004832
-0.005016
-0.005950
-0.006673
-0.006658
-0.006738
-0.007292
-0.007766
-0.007269
-0.007091
-0.006888
-0.008044
-0.009046
-0.009272
-0.009306
-0.008597
-0.008418
-0.008414
-0.008539
-0.008470
-0.008952
-0.009229
-0.008702
-0.008032
-0.007954
-0.008819
-0.009612
-0.009717
-0.009056
-0.008400
-0.008479
-0.008577
-0.008593
-0.008732
-0.009325
-0.009450
-0.009042
-0.008586
-0.008435
-0.009374
-0.009731
-0.009521
-0.009674
-0.010444
-0.011643
-0.011854
-0.011540
-0.011354
-0.011510
-0.012175
-0.011867
-0.010948
-0.010366
-0.011265
-0.012404
-0.012831
-0.013196
-0.012138
-0.011487
-0.012072
-0.012721
-0.012233
-0.011825
-0.012646
-0.013087
-0.013055
-0.012811
-0.013223
-0.013482
-0.012540
-0.011670
-0.011548
-0.013014
-0.013544
-0.012070
-0.010684
-0.010293
-0.011262
-0.010976
-0.010226
-0.009472
-0.008773
-0.009000
-0.008904
-0.009484
-0.009138
-0.008819
-0.008362
-0.007270
-0.007244
-0.007455
-0.008493
-0.008649
-0.008075
-0.006883
-0.007270
-0.008479
-0.009356
-0.009136
-0.007054
-0.006154
-0.006127
-0.007580
-0.008048
-0.007237
-0.006405
-0.006161
-0.006742
-0.006743
-0.005972
-0.004911
-0.003957
-0.003786
-0.004614
-0.004987
-0.005020
-0.004559
-0.003491
-0.003032
-0.002919
-0.003768
-0.004401
-0.003752
-0.002515
-0.001383
-0.001809
-0.002029
-0.002438
-0.002332
-0.002006
-0.001972
-0.000998
-0.000426
-0.000677
-0.001099
-0.001413
-0.001270
-0.000187
0.000438
0.000504
0.000425
0.000701
0.000516
-0.000210
-0.000859
-0.000534
0.001838
0.004109
0.004748
0.003402
0.002349
0.003071
0.004225
0.004843
0.004686
0.004391
0.004264
0.004725
0.004984
0.004715
0.004852
0.005517
0.005697
0.005693
0.005984
0.006023
0.005341
0.004620
0.004929
0.006296
0.008281
0.008307
0.007282
0.006653
0.007047
0.007937
0.008231
0.008343
0.007435
0.007013
0.007867
0.008179
0.008287
0.008067
0.007831
0.007559
0.007390
0.008049
0.008694
0.008870
0.008015
0.007686
0.007379
0.007627
0.008317
0.008238
0.007967
0.008193
0.008718
0.009161
0.009524
0.009311
0.009266
0.009468
0.009560
0.009599
0.010174
0.010877
0.010563
0.010420
0.011601
0.012852
0.013778
0.013762
0.013980
0.013404
0.013044
0.014086
0.014698
0.015386
0.014896
0.014036
0.012427
0.011565
0.012123
0.012373
0.012770
0.012910
0.012175
0.011198
0.010629
0.010880
0.011918
0.012367
0.012499
0.012287
0.011544
0.010879
0.011164
0.011225
0.011569
0.011748
0.011306
0.011658
0.012030
0.012566
0.011350
0.009688
0.009801
0.011105
0.012347
0.010786
0.009660
0.009554
0.008416
0.007054
0.007285
0.009177
0.010249
0.008973
0.007053
0.007170
0.007823
0.008917
0.009201
0.007510
0.005584
0.004799
0.005033
0.006373
0.006816
0.006582
0.007303
0.006585
0.004871
0.004673
0.006470
0.007361
0.007076
0.005529
0.003959
0.004184
0.005928
0.007758
0.006773
0.006799
0.006321
0.004604
0.004867
0.005817
0.006975
0.005443
0.004187
0.003247
0.002743
0.004271
0.004913
0.005612
0.004269
0.002719
0.003940
0.005693
0.005940
0.003909
0.002260
0.002778
0.004112
0.005942
0.005904
0.004492
0.002105
0.001312
0.003537
0.005191
0.005306
0.003849
0.001255
-0.000698
-0.001155
0.001857
0.003047
0.002846
0.002287
0.002209
0.001916
-0.002252
0.005050
0.004479
-0.006118
-0.010376
-0.006660
0.001312
-0.007439
0.012037
0.023634
-0.009331
0.002181
0.000288
-0.011665
-0.006423
-0.003161
0.007788
0.015219
0.008814
-0.028835
-0.037260
-0.027395
-0.035387
-0.036929
0.021961
0.037939
-0.012427
-0.000644
0.028794
0.004143
-0.038554
-0.037541
-0.012043
-0.034093
-0.055183
0.047254
0.146112
0.096235
-0.011592
-0.042184
-0.048518
-0.103804
-0.070121
0.051006
0.119564
0.040065
-0.115927
-0.163038
-0.042609
0.083488
0.087019
0.029305
-0.053964
-0.078887
-0.020423
0.025884
0.039847
0.060496
0.025483
-0.076804
-0.171789
-0.114878
0.057928
0.163352
0.108270
-0.085939
-0.223596
-0.146726
0.032689
0.167060
0.099521
-0.094404
-0.172149
-0.061194
0.096124
0.092520
0.064813
-0.091095
-0.113906
-0.088927
-0.074970
0.035305
-0.019318
0.045634
0.023646
-0.085817
-0.110290
-0.079556
0.022145
-0.075948
-0.046047
-0.029270
-0.003674
0.018204
-0.099982
0.028514
0.121082
0.213412
0.132062
-0.000739
-0.123617
-0.224956
-0.077585
-0.077295
-0.037326
0.074102
0.149851
-0.012827
-0.179097
-0.083477
-0.020009
0.168691
0.049166
-0.017274
-0.123344
-0.096319
-0.003989
0.117870
0.165024
-0.015742
0.128003
-0.130600
-0.105416
-0.027949
-0.080077
-0.108992
-0.090254
0.054947
0.127411
0.066813
-0.061565
-0.025345
-0.102332
-0.228034
-0.164943
0.187481
0.407409
0.199885
-0.183542
-0.397284
-0.250193
0.121466
0.294702
0.191557
-0.059669
-0.292485
-0.390336
0.034611
0.337766
0.318080
0.187897
-0.069264
-0.172233
-0.404766
-0.412657
0.067900
0.522698
0.531093
0.056874
-0.584000
-0.539188
-0.096184
0.266036
0.371658
0.157155
-0.134495
-0.285699
-0.085207
0.055742
0.045394
-0.077594
-0.115658
0.065527
0.247886
0.280853
0.052587
-0.208947
-0.146777
-0.140311
0.008394
0.230112
0.131936
0.035175
-0.215855
-0.229578
-0.138821
-0.040760
0.256974
0.221804
0.005853
-0.263081
-0.194039
0.140274
0.276460
0.197440
-0.177415
-0.307828
-0.227225
0.111413
0.351450
0.237369
0.080557
-0.265652
-0.293156
-0.079203
0.209212
0.331771
0.163523
-0.066680
-0.218403
-0.068380
0.028633
0.058519
0.014284
0.057038
0.139631
0.028802
-0.088476
-0.167650
0.005244
0.194605
0.084785
-0.173779
-0.208549
0.012183
0.314913
0.200431
-0.116473
-0.211266
-0.023371
0.218735
0.114910
-0.027948
-0.256497
-0.085658
-0.025106
0.030532
0.122688
0.001910
0.056375
-0.005731
0.115808
0.019800
-0.090408
-0.111271
-0.005755
0.171450
0.134496
0.027248
0.002369
0.083154
0.062112
0.027212
-0.140772
-0.133674
-0.115239
0.077636
0.294506
0.189880
-0.026441
-0.242658
-0.099227
0.029617
0.141439
0.107559
0.069291
0.026265
-0.006266
0.029893
0.053791
0.002958
-0.160767
-0.082133
0.000180
0.157317
0.106060
0.045777
-0.050300
-0.192267
-0.096940
-0.158113
0.019371
0.156872
0.266137
0.169489
-0.022590
0.140455
0.082715
-0.094156
-0.351668
-0.223500
0.103425
0.429926
0.457107
0.169879
-0.189482
-0.357988
-0.099358
0.132843
0.249875
0.057493
-0.009376
0.006403
0.184128
0.132636
0.048544
-0.257369
-0.294808
-0.003541
-0.094410
0.147075
-0.036865
-0.271519
-0.565733
-0.340530
0.320325
0.541023
0.490049
-0.000427
-0.276618
-0.352037
-0.383420
-0.048527
0.461206
0.694262
0.311815
-0.365983
-0.584410
-0.293590
0.241865
0.517041
0.284706
-0.162152
-0.514214
-0.326537
0.211737
0.479402
0.237233
-0.140731
-0.246130
-0.112949
0.052191
0.152009
0.263502
0.204649
-0.100825
-0.458273
-0.412063
0.138490
0.610670
0.437146
-0.244899
-0.698122
-0.370508
0.302326
0.703635
0.403140
-0.308930
-0.713887
-0.490811
0.316843
0.779329
0.387221
-0.440267
-0.687356
-0.162415
0.534178
0.628453
0.089227
-0.396878
-0.432262
-0.153233
0.216167
0.388892
0.268164
-0.047274
-0.327048
-0.155726
0.065746
0.221251
0.010143
-0.230279
-0.203452
0.006169
0.193599
0.180377
0.030030
-0.130704
-0.131861
-0.000238
0.225167
0.203078
0.145304
0.044042
0.028267
-0.037272
-0.244138
-0.549682
-0.745386
-0.440660
-0.010972
0.352680
0.464964
0.311817
0.054839
-0.111135
-0.113376
-0.043156
-0.154556
-0.335903
-0.094714
0.456224
0.636792
0.069465
-0.581378
-0.618280
-0.042849
0.514771
0.523767
0.104754
-0.305464
-0.396759
-0.113209
0.303544
0.399404
-0.062637
-0.528390
-0.339779
0.257252
0.597398
0.302334
-0.240922
-0.454795
-0.194443
0.223121
0.308725
0.016878
-0.320260
-0.435217
-0.153700
0.218843
0.402394
0.196679
-0.170282
-0.330373
-0.274517
-0.049349
0.113476
0.121555
-0.051838
-0.133472
-0.052147
0.080674
0.167138
0.132156
0.049329
-0.044613
-0.199498
-0.313021
-0.144519
0.180170
0.207849
-0.041068
-0.286312
-0.220733
-0.007960
0.137982
0.219543
0.095563
-0.175791
-0.304639
-0.012140
0.382057
0.396924
-0.043679
-0.461187
-0.415169
0.087767
0.438903
0.237610
-0.194484
-0.413624
-0.207204
0.130649
0.221756
0.049276
-0.150434
-0.160455
-0.071288
0.002027
0.065080
0.112921
0.044732
-0.128801
-0.163253
0.008882
0.154631
0.098003
-0.130531
-0.210869
-0.024148
0.131674
0.119165
-0.027819
-0.039873
0.047846
0.056375
-0.051761
-0.108287
-0.004925
0.134151
0.137656
-0.060049
-0.183537
-0.146272
0.013891
0.110370
0.093892
-0.033796
-0.166005
-0.183769
-0.069483
0.143289
0.169807
0.037241
-0.155543
-0.185089
0.017212
0.153080
0.126307
-0.041803
-0.194778
-0.124147
0.028120
0.120967
0.056385
-0.075964
-0.109437
-0.065746
0.030016
0.051735
0.009229
-0.064359
-0.079600
-0.026703
0.023663
0.060208
0.013664
-0.039203
-0.056970
-0.029614
0.036275
0.048721
0.027713
-0.029519
-0.015981
0.022882
0.033488
0.013808
-0.033324
-0.012914
-0.006333
-0.018243
-0.036780
-0.031869
0.030008
0.039486
-0.006924
-0.025373
-0.012663
0.064004
0.070405
0.005852
-0.047434
-0.070008
-0.020333
0.063576
0.102060
0.052712
-0.031508
-0.111057
-0.076766
0.024173
0.089152
0.061473
-0.051467
-0.110556
-0.038785
0.082898
0.151772
0.078677
-0.042467
-0.067981
0.007589
0.083318
0.067439
-0.012481
-0.051558
-0.018755
-0.003919
0.031023
0.017513
-0.005051
-0.017208
-0.036234
0.009310
0.084287
0.122713
0.073046
-0.004659
-0.056600
-0.025588
0.021586
0.015407
0.040567
0.048552
0.075826
0.039716
-0.046139
-0.042307
-0.007939
0.047586
0.016555
-0.034559
-0.019798
0.047145
0.082752
0.029844
-0.042479
-0.078752
-0.023085
0.075691
0.139877
0.118530
0.035989
-0.039701
-0.053060
-0.016052
0.038748
0.087464
0.050985
0.015306
-0.019347
-0.010928
0.052333
0.052072
0.068296
0.019989
-0.023787
-0.013272
-0.026076
0.008433
0.030525
0.071204
0.069535
0.016504
-0.017921
-0.024493
0.025140
0.051260
0.055026
0.022609
0.002031
0.008513
0.013510
0.021496
0.011715
0.012195
0.033904
0.044365
0.046142
0.006711
-0.033941
-0.020211
0.031242
0.072030
0.055270
0.026912
-0.000889
-0.003906
-0.003783
0.010925
0.057974
0.076931
0.042018
0.011815
-0.024479
-0.033875
-0.027456
-0.021412
0.018122
0.043804
0.070114
0.045226
0.017476
0.004579
0.014015
0.045057
0.064634
0.040030
-0.031731
-0.027009
-0.001116
-0.013061
-0.041445
-0.069683
-0.055579
-0.028918
0.006291
0.044845
0.045589
0.015102
0.022908
0.061007
0.058827
0.032203
0.002786
0.051930
0.073646
0.023367
0.013227
0.047512
0.077978
-0.011111
-0.099162
-0.044275
0.064344
0.102114
-0.009901
-0.118041
-0.095225
0.022537
0.100886
0.039057
-0.024545
-0.044011
-0.002369
0.012193
-0.026548
-0.033421
0.023403
0.090206
0.059898
-0.034374
-0.063755
0.017708
0.088819
0.062815
-0.017082
-0.049506
-0.006194
0.061946
0.044807
-0.003440
-0.054685
-0.038101
0.007629
0.000932
-0.012053
-0.045034
-0.012139
0.033394
0.029472
-0.015126
-0.046196
-0.005581
0.040578
0.027003
-0.043396
-0.063905
0.005323
0.064486
0.059110
-0.041310
-0.095576
-0.075250
-0.013446
0.030823
-0.000301
-0.007371
0.000402
0.016195
-0.011209
-0.029788
-0.016863
0.010312
0.016273
-0.000422
-0.033148
-0.052574
-0.037679
-0.005234
0.027530
-0.023499
-0.042419
-0.041786
-0.013480
0.012076
0.003724
-0.007008
-0.018514
-0.016515
0.007297
0.034165
0.027794
0.001803
-0.061256
-0.069818
-0.054035
-0.004913
0.037597
0.032474
-0.007502
-0.083124
-0.098094
-0.061889
0.008880
0.031820
0.006143
-0.022765
-0.042345
-0.037483
-0.018162
-0.013948
-0.015161
-0.030090
-0.034969
-0.015280
-0.016843
-0.000517
-0.041397
-0.042704
-0.027042
-0.001986
0.025976
-0.010983
-0.017061
-0.026920
-0.015104
-0.024682
-0.031362
-0.015914
-0.009357
-0.009354
-0.033783
-0.043461
-0.047244
-0.040144
-0.012248
0.003411
-0.006763
-0.035843
-0.042802
-0.031402
-0.027204
-0.043675
-0.044556
-0.003911
0.013651
0.000303
-0.037018
-0.061440
-0.039203
-0.011444
-0.002603
-0.000508
-0.023889
-0.030616
-0.041568
-0.026262
0.001713
0.016749
0.029676
0.001666
-0.024164
-0.070044
-0.062122
-0.019836
0.016031
0.009055
-0.032446
-0.047183
-0.034185
-0.015425
-0.008234
-0.020181
-0.026045
-0.002949
0.010951
0.014838
-0.023873
-0.046217
-0.054311
-0.033211
0.007690
0.039450
0.037717
-0.014839
-0.053136
-0.070181
-0.028828
0.006449
0.023513
0.013500
-0.025216
-0.062912
-0.069309
-0.018479
0.027077
0.042415
0.014912
-0.003447
-0.021896
-0.027267
-0.019188
0.001883
0.019875
0.013370
-0.004452
-0.022871
-0.015202
-0.016709
0.003270
0.004702
-0.003767
-0.013956
-0.018351
-0.003145
0.001730
0.009599
-0.013448
-0.022556
-0.017734
0.010711
0.027278
0.005939
-0.023439
-0.034844
-0.024696
-0.003363
0.022332
0.013256
0.004256
-0.031956
-0.024188
0.012670
0.043328
0.029971
-0.023279
-0.041914
-0.018395
0.027472
0.040117
0.029774
-0.003723
-0.013542
-0.026145
-0.018888
0.002255
0.030090
0.035638
0.023047
-0.006783
-0.023514
0.003536
0.031080
0.043504
-0.003993
-0.037464
-0.045995
-0.002020
0.054346
0.075366
0.037993
-0.036570
-0.062048
-0.033988
0.028078
0.056875
0.028802
-0.008572
-0.046286
-0.023890
0.036080
0.067298
0.075309
0.030040
-0.023613
-0.044262
-0.028727
0.022783
0.061928
0.065379
0.031295
-0.023406
-0.036989
-0.007396
0.042648
0.052796
0.041726
-0.000296
-0.031321
-0.027407
-0.007956
0.048564
0.067324
0.048708
-0.002495
-0.028071
-0.005068
0.037619
0.052926
0.045529
0.020244
0.000515
-0.007231
-0.024556
-0.015431
0.000795
0.020943
0.035348
0.027353
0.000638
-0.023059
-0.015268
0.014127
0.044046
0.059763
0.039027
0.004101
-0.029969
-0.009774
0.038046
0.069169
0.061525
0.001776
-0.039793
-0.025209
0.018406
0.066450
0.057122
0.003816
-0.041681
-0.042905
0.013650
0.053422
0.072072
0.029743
-0.014027
-0.034944
-0.016675
0.026662
0.038406
0.039139
0.011308
-0.010947
-0.018897
-0.000841
0.033042
0.059176
0.040960
0.001750
-0.019846
-0.008536
0.026326
0.043715
0.022601
-0.032588
-0.065182
-0.026770
0.050691
0.086883
0.073820
0.020819
-0.028697
-0.028228
-0.003526
0.035843
0.054359
0.043912
0.020962
-0.019424
-0.024313
-0.007177
0.037029
0.045722
0.027122
0.007033
-0.007957
0.010787
0.004716
0.005494
-0.010658
-0.011102
0.013737
0.038459
0.056694
0.042121
-0.000153
-0.041226
-0.019795
0.017944
0.057060
0.061184
0.016470
-0.034062
-0.069309
-0.026947
0.048698
0.088105
0.057171
-0.023096
-0.065007
-0.027595
0.038479
0.070300
0.045238
-0.005033
-0.041845
-0.046458
-0.009216
0.045382
0.068115
0.028503
-0.018273
-0.038137
-0.026305
0.022493
0.052056
0.046920
0.002734
-0.044116
-0.039235
-0.006319
0.026012
0.031320
0.003482
-0.033107
-0.033275
-0.001212
0.051584
0.060961
0.017295
-0.037983
-0.056002
-0.013082
0.035634
0.054869
0.020976
-0.026165
-0.059144
-0.042154
0.003541
0.033389
0.027637
-0.012641
-0.046562
-0.026222
0.018415
0.045317
0.024557
-0.030711
-0.043811
-0.027968
0.011479
0.027869
0.008762
-0.026160
-0.051349
-0.037164
-0.007058
0.011837
0.011856
0.001910
-0.009427
-0.019618
-0.039486
-0.045691
-0.027608
-0.006208
0.026247
0.031772
-0.001951
-0.034414
-0.052888
-0.040476
-0.021620
0.004420
0.012739
0.004066
-0.014164
-0.040612
-0.056785
-0.041767
-0.006800
0.015198
0.010403
-0.017696
-0.033548
-0.026135
-0.003685
0.004491
-0.001004
-0.023201
-0.038233
-0.036650
-0.012097
0.014187
0.012783
-0.024479
-0.057214
-0.059598
-0.031924
0.001916
0.017703
0.001536
-0.039668
-0.043665
-0.030009
0.007212
0.013682
0.000077
-0.017165
-0.029542
-0.019632
-0.013824
-0.005392
-0.020013
-0.037618
-0.032551
-0.007598
0.014118
0.013753
-0.015160
-0.046801
-0.052859
-0.039530
-0.001543
0.021159
0.017800
-0.005182
-0.048001
-0.058100
-0.046175
0.005519
0.041801
0.030688
-0.020335
-0.074752
-0.068992
-0.014938
0.037650
0.033820
-0.010314
-0.065245
-0.072492
-0.035605
0.020455
0.043915
0.024642
-0.033844
-0.070408
-0.057137
-0.012454
0.032368
0.033219
0.002086
-0.045747
-0.045592
-0.022496
0.031017
0.039141
0.004119
-0.036851
-0.053939
-0.024293
0.007421
0.030012
0.000203
-0.025399
-0.035333
-0.027426
-0.007638
0.004703
0.012807
-0.010917
-0.036422
-0.031669
-0.009250
0.020859
0.021797
-0.000797
-0.013403
-0.028011
-0.024654
-0.008763
-0.002773
0.006257
-0.005424
-0.011797
-0.015636
-0.013203
0.000677
0.003318
-0.001202
-0.026731
-0.034432
-0.020361
0.021233
0.048320
0.026031
-0.020720
-0.051778
-0.041270
-0.010034
0.035579
0.045279
0.025003
-0.014803
-0.044796
-0.031704
-0.011911
0.005053
0.010791
0.009502
-0.005212
-0.015524
-0.019856
-0.015873
0.006884
0.020992
0.025358
0.016681
0.000402
-0.018489
-0.024489
-0.007829
0.008459
0.013814
0.012879
0.003350
0.000008
-0.005469
-0.008232
-0.007381
0.002373
0.023368
0.029324
0.013549
-0.018002
-0.031039
-0.011108
0.018599
0.040339
0.035544
0.008000
-0.009655
-0.013922
0.001494
0.015549
0.025646
0.018358
0.002375
-0.008155
-0.010220
0.009721
0.034393
0.043768
0.020802
-0.000301
-0.006791
0.003891
0.024185
0.025822
0.018423
-0.005091
-0.028232
-0.019966
0.007560
0.044914
0.042537
0.014605
-0.009404
-0.018229
-0.006744
0.012345
0.027250
0.032573
0.024827
0.010367
0.009588
0.005111
0.007990
0.021502
0.037299
0.025305
0.007134
-0.006597
-0.002120
0.005513
0.011847
0.021448
0.029522
0.032935
0.006887
-0.004618
0.002433
0.026633
0.044002
0.043682
0.034561
0.012497
-0.007107
-0.023014
-0.023127
0.009481
0.037920
0.060158
0.040306
-0.008170
-0.024979
-0.014253
0.035893
0.060184
0.051447
0.022288
-0.016768
-0.018977
-0.000153
0.033508
0.050960
0.035152
0.018884
-0.002287
0.001418
0.008847
0.021079
0.031045
0.030655
0.034944
0.011634
-0.005779
-0.013084
0.009584
0.035899
0.042762
0.022244
0.003821
-0.001377
0.003722
0.013981
0.015585
0.029416
0.023267
0.015517
0.003786
-0.001800
0.001773
0.009938
0.030227
0.044370
0.034404
-0.000208
-0.020654
-0.013381
0.011477
0.030915
0.028280
0.010448
-0.006048
-0.011438
-0.000460
0.012430
0.017787
0.018311
0.013467
0.010134
0.002494
-0.010172
-0.001115
0.019379
0.033248
0.023460
-0.004896
-0.009112
-0.008093
0.007298
0.015928
0.016505
0.012868
-0.005314
-0.012939
-0.020594
-0.006526
0.014512
0.034198
0.038912
0.017005
-0.003055
-0.020283
-0.019308
0.002775
0.034557
0.036339
0.007068
-0.021638
-0.027161
-0.007751
0.003500
0.020747
0.021309
0.002081
-0.022301
-0.039756
-0.025009
0.010677
0.032111
0.027913
-0.004856
-0.023795
-0.013828
0.002363
0.010252
-0.001722
0.001451
0.001160
0.008172
0.000193
-0.013771
-0.024349
-0.024227
-0.004059
0.006967
0.005288
-0.003549
-0.019139
-0.027802
-0.019796
-0.006598
0.016551
0.018487
-0.000112
-0.028668
-0.045492
-0.038091
0.001719
0.029670
0.029202
-0.004775
-0.052999
-0.064817
-0.034763
0.021291
0.047386
0.022790
-0.028204
-0.065461
-0.062697
-0.024036
0.025074
0.042752
0.011492
-0.038074
-0.075140
-0.056908
-0.017021
0.021611
0.022597
-0.015347
-0.030496
-0.038945
-0.033103
-0.021580
0.000206
0.021172
0.006763
-0.024375
-0.046666
-0.043846
-0.021787
0.001966
0.001651
-0.014577
-0.023577
-0.027004
-0.021162
-0.016829
-0.015251
-0.017936
-0.022194
-0.021793
-0.010828
-0.006882
-0.025106
-0.038723
-0.032205
-0.005273
0.014385
0.006434
-0.018075
-0.052474
-0.064965
-0.040768
-0.004656
0.026515
0.012223
-0.029965
-0.062460
-0.058365
-0.019119
0.022682
0.028535
0.001030
-0.038657
-0.054437
-0.035321
-0.005926
0.011528
0.002652
-0.020384
-0.046032
-0.035527
-0.017996
0.009291
0.010553
-0.009085
-0.030988
-0.042521
-0.022329
-0.002311
0.002306
-0.022318
-0.033658
-0.027005
-0.000716
0.010459
-0.003696
-0.016054
-0.029176
-0.027317
-0.011722
0.006643
0.004154
-0.023371
-0.028295
-0.015785
0.002771
0.010821
-0.002635
-0.008394
-0.025100
-0.027100
-0.016823
-0.002451
0.014897
-0.003261
-0.016773
-0.021844
-0.023758
-0.013728
-0.007042
0.015284
0.017758
0.002176
-0.016091
-0.029543
-0.027631
-0.016327
0.007095
0.016431
0.021708
0.009601
-0.016824
-0.034144
-0.028354
-0.001916
0.017634
0.019480
-0.004955
-0.032685
-0.044651
-0.030025
0.005589
0.038464
0.027962
-0.011290
-0.044770
-0.041798
-0.009118
0.020657
0.043077
0.026498
0.002274
-0.027418
-0.032387
-0.015875
0.002477
0.022869
0.014764
-0.003517
-0.029899
-0.040144
-0.016286
0.021565
0.044128
0.031612
-0.003281
-0.029906
-0.027728
0.000365
0.026342
0.031663
0.009180
-0.010245
-0.019016
-0.007335
0.004349
0.001931
0.005432
0.007334
0.013548
0.002525
-0.000937
