0.004986
0.003939
0.003350
0.004176
0.004425
0.004373
0.003970
0.002874
0.002893
0.002771
0.003697
0.003590
0.002287
0.001362
0.001177
0.001956
0.002883
0.003634
0.003003
0.001231
0.000004
-0.000983
-0.001154
-0.000396
0.000357
0.000909
0.000506
-0.001491
-0.003739
-0.004428
-0.003544
-0.002277
-0.001918
-0.002983
-0.004617
-0.003802
-0.001356
0.000138
-0.001328
-0.004332
-0.006924
-0.006839
-0.005621
-0.006667
-0.009431
-0.012152
-0.012969
-0.014811
-0.016447
-0.020432
-0.024595
-0.023976
-0.020072
-0.016708
0.003100
0.020456
0.027473
0.038333
0.047460
0.012882
-0.035968
-0.048849
-0.063983
-0.064490
-0.034541
0.026430
0.070100
0.057007
-0.007596
-0.038751
-0.065242
-0.058982
-0.019567
-0.011761
0.015622
0.035175
0.011353
-0.062619
-0.043764
0.055002
0.097774
0.023706
-0.102371
-0.124304
-0.067563
0.015131
0.057554
0.074320
0.045311
-0.026324
-0.110751
-0.114757
-0.009879
0.064661
0.114711
-0.082886
-0.160360
-0.043825
0.017133
0.052117
0.027460
-0.023458
-0.148258
-0.196779
-0.060601
0.126006
0.227150
0.257200
0.093286
-0.156320
-0.280435
-0.226311
-0.091477
-0.007993
0.081272
0.277256
0.248848
-0.044929
-0.335449
-0.407038
-0.095395
0.325139
0.450022
0.110247
-0.336313
-0.387951
-0.143275
0.184087
0.212120
0.054283
0.015009
-0.118377
-0.223096
-0.216307
0.151958
0.422668
0.184212
-0.332486
-0.478568
-0.043927
0.445192
0.330471
-0.211747
-0.432752
-0.150472
0.307429
0.400089
0.046021
-0.334911
-0.349526
-0.020504
0.366092
0.189632
-0.134293
-0.442408
-0.279209
0.028015
0.307951
0.142946
-0.204195
-0.057092
-0.001751
0.138555
-0.030484
-0.112896
-0.105817
0.116266
0.174693
0.037059
-0.062053
-0.149012
-0.140909
-0.000079
0.203314
0.221758
0.033406
-0.295987
-0.273293
-0.052556
0.185383
0.202205
-0.112747
-0.325063
-0.070548
0.300322
0.343047
-0.051047
-0.199923
-0.228658
-0.199368
0.035517
0.067878
0.121881
0.209083
0.182671
-0.020150
-0.197871
-0.193017
0.067031
0.200522
0.032161
-0.262462
-0.132728
0.289280
0.311113
-0.095213
-0.662184
-0.467592
0.274808
0.699601
0.452608
-0.312645
-0.447027
-0.088545
0.306787
0.272731
-0.095305
-0.036914
0.104908
0.102158
-0.224242
-0.287395
0.098882
0.309579
0.105737
-0.393940
-0.391876
0.306950
0.588006
0.174716
-0.425011
-0.443822
0.062353
0.411259
0.175020
-0.304406
-0.222565
0.171018
0.224129
0.084740
-0.112063
-0.113025
0.016457
0.015749
-0.101523
-0.074999
0.139986
0.229646
0.370179
0.013709
-0.254681
-0.291480
-0.076877
0.042763
0.235197
0.257074
-0.048218
-0.159751
-0.173610
0.214782
0.240276
-0.058293
-0.376254
-0.200548
0.225148
0.406265
0.183301
-0.278334
-0.401840
-0.067708
0.315903
0.336794
-0.066711
-0.341704
-0.075693
0.267931
0.343701
-0.038989
-0.168781
-0.120749
0.217458
0.244467
-0.144745
-0.180486
-0.019474
0.219731
0.113088
-0.161702
-0.258085
0.100461
0.364472
0.283306
-0.209549
-0.562153
-0.315357
0.399766
0.808235
0.342104
-0.371947
-0.605828
-0.077786
0.382055
0.301841
-0.076642
-0.344596
-0.133042
0.275306
0.315457
0.083832
-0.183876
-0.132456
0.012950
0.097964
0.037756
-0.082611
0.023592
0.243253
0.238222
-0.004089
-0.283713
-0.439943
-0.087578
0.405681
0.548263
0.034821
-0.528721
-0.427787
0.183495
0.528944
0.115014
-0.481096
-0.465181
0.148907
0.718926
0.519190
-0.000107
-0.438686
-0.405928
0.119342
0.292096
0.204358
-0.141224
-0.370233
-0.421693
-0.014485
0.426783
0.232924
-0.295255
-0.397483
0.090740
0.451516
0.334112
-0.064466
-0.282266
-0.307563
-0.056990
0.157328
0.366743
0.304673
0.053773
-0.036111
-0.128067
-0.152651
-0.181841
-0.012391
0.186576
0.203597
0.048003
-0.093914
-0.111156
-0.037947
0.135264
0.180338
0.059663
-0.285096
-0.334271
0.123355
0.357332
0.174128
-0.405311
-0.632365
-0.206940
0.506261
0.767638
0.138274
-0.513307
-0.540422
-0.002097
0.323835
0.213488
-0.036256
-0.057928
0.072837
0.066488
-0.139607
-0.234256
-0.059508
0.045395
0.058325
0.090918
0.128436
-0.007488
-0.193975
-0.251024
-0.077625
0.212510
0.233758
0.073933
-0.063835
-0.034660
0.082762
0.005010
0.032804
-0.117835
-0.247180
-0.128301
-0.052946
-0.261514
-0.634238
-0.143194
0.653837
0.718908
0.083636
-0.532492
-0.484577
-0.159431
0.003054
0.091393
0.218692
0.288324
0.140325
-0.135098
-0.199634
-0.159824
-0.128287
-0.026979
0.147951
0.267113
0.069281
-0.251907
-0.278673
0.088480
0.344438
0.075060
-0.380595
-0.438422
-0.034468
0.380926
0.331300
-0.020665
-0.293071
-0.289748
0.037346
0.335574
0.334284
-0.111960
-0.574739
-0.382074
0.278574
0.742843
0.371585
-0.433471
-0.629839
-0.064768
0.531595
0.444526
-0.214975
-0.687157
-0.432806
0.138134
0.500686
0.190551
-0.375290
-0.548577
-0.166369
0.407831
0.458722
0.043714
-0.354407
-0.270077
-0.007229
0.189570
0.121056
-0.051619
-0.086896
0.000059
0.153364
0.098361
-0.023776
-0.151099
-0.271367
-0.230101
-0.142486
0.003140
0.175253
0.159141
0.136860
0.038638
-0.024580
-0.017469
-0.038972
-0.098338
-0.169847
-0.033060
0.188882
0.280895
0.045967
-0.229869
-0.276065
-0.091056
0.109715
0.088147
-0.035775
-0.061070
-0.000039
-0.006222
-0.107664
-0.165841
-0.106167
0.094598
0.242426
0.110144
-0.058220
-0.115401
-0.019180
0.086990
0.087834
0.017975
-0.098718
-0.134563
-0.012690
0.089380
0.079619
-0.028944
-0.139180
-0.094041
0.017994
0.057658
-0.017354
-0.069675
-0.023443
0.045228
0.090624
0.033156
-0.007521
-0.036162
-0.089900
-0.062322
0.023353
0.110659
0.046615
-0.015804
-0.043725
0.009255
0.074550
-0.046344
-0.130760
-0.120157
-0.008720
0.096768
0.064408
-0.060988
-0.115118
-0.019919
0.048698
0.087783
0.029795
-0.083634
-0.103926
-0.003625
0.118283
0.082489
-0.044767
-0.138170
-0.084079
0.041554
0.083663
0.063802
0.008042
-0.044914
-0.037248
0.092939
0.191760
0.119090
-0.014073
-0.106737
-0.037976
0.095186
0.150452
0.097492
-0.058590
-0.164369
-0.127198
0.014022
0.129116
0.098680
-0.014321
-0.065124
-0.022202
0.030329
0.055419
0.051719
-0.007337
-0.062675
-0.011691
0.072424
0.075762
0.001587
-0.073950
-0.023750
0.076917
0.123922
0.051104
-0.081441
-0.097344
-0.000208
0.104358
0.091053
-0.019865
-0.109469
-0.062720
0.081214
0.172564
0.096134
-0.073081
-0.123037
0.011802
0.176451
0.148731
-0.087031
-0.182266
-0.060650
0.142480
0.236120
0.082862
-0.092859
-0.157568
-0.033719
0.098984
0.103538
-0.018709
-0.104577
-0.041338
0.044534
0.063223
0.004843
-0.027262
-0.016943
0.020228
0.037084
0.013585
0.010431
0.029131
0.038957
0.019273
-0.021808
-0.002798
-0.004451
-0.028375
0.027802
0.048666
0.018615
0.035501
0.031958
0.020693
0.019963
0.051922
-0.001596
-0.079843
-0.031537
0.059564
0.129089
0.052832
-0.071848
-0.065174
0.088406
0.164908
0.049391
-0.098605
-0.050146
0.058400
0.061672
-0.024911
-0.056400
0.040769
0.104248
0.050050
-0.031478
-0.029787
0.002512
-0.018309
-0.030247
0.077203
0.140495
0.044165
-0.136684
-0.142936
0.064025
0.227451
0.100153
-0.162579
-0.202502
0.018992
0.244033
0.152493
-0.089871
-0.200404
-0.045346
0.133812
0.110476
-0.015171
-0.085710
-0.018058
0.045878
0.062356
0.048743
0.028184
-0.002672
-0.023403
-0.016997
0.022480
0.016186
-0.023032
-0.081542
-0.037588
0.076663
0.095638
0.050057
-0.035796
-0.061011
-0.046953
0.013801
0.029813
-0.006268
-0.002122
0.011552
0.016041
-0.010700
-0.037678
-0.025715
-0.000245
-0.011831
-0.026673
0.021394
0.071216
0.012959
-0.060924
-0.058307
0.013000
0.075768
0.044432
-0.010536
-0.032817
0.013731
0.053176
0.042889
-0.032441
-0.068034
-0.024723
0.049282
0.046086
-0.032702
-0.043973
-0.029816
0.030396
0.014143
-0.029683
-0.007204
0.036275
0.047408
-0.007740
-0.049868
-0.007049
0.055302
0.067188
-0.017241
-0.117083
-0.113328
-0.048897
0.002190
-0.024541
-0.102364
-0.118387
-0.038513
-0.001223
-0.034418
-0.052447
0.027931
0.066945
0.047525
0.034745
0.059809
0.069537
0.001742
-0.021007
-0.005860
0.038947
0.046141
-0.016681
-0.064153
-0.067819
-0.033986
-0.004439
-0.045471
-0.083034
-0.051755
0.006682
-0.016584
-0.081247
-0.088975
-0.023495
0.014946
-0.001576
-0.007230
0.018210
0.051227
0.026375
-0.024477
-0.046766
-0.006183
-0.005271
-0.016272
-0.026884
-0.005175
0.043185
0.014325
-0.041432
-0.074044
-0.024251
0.038078
0.033748
-0.037244
-0.080572
-0.044228
0.005457
0.013105
-0.006925
-0.015113
-0.012201
-0.007846
-0.028922
-0.021118
-0.005299
-0.012378
-0.035590
0.001326
0.054766
0.031620
-0.032801
-0.064518
-0.020274
0.024570
0.040413
-0.002072
-0.025726
-0.010372
0.020861
0.037450
-0.022110
-0.082021
-0.068215
0.013956
0.026824
-0.033885
-0.072947
-0.029964
0.003064
-0.004060
-0.009913
-0.007628
0.043412
0.029649
-0.027434
-0.064227
-0.034785
0.027014
0.081938
0.056326
-0.019998
-0.060012
-0.029869
0.016220
-0.003155
-0.037639
-0.058747
-0.017839
0.037395
0.038373
-0.014550
-0.054952
-0.053209
0.019455
0.060556
0.040294
-0.033097
-0.084929
-0.043669
0.018102
0.070371
0.041650
-0.013295
-0.037221
-0.016901
0.013178
0.019764
0.007283
0.000178
-0.001474
0.008735
0.010333
0.010943
-0.009392
-0.028898
-0.031550
-0.017555
-0.001278
0.018952
0.066215
0.041723
-0.015410
-0.078358
-0.072103
0.006061
0.067093
0.039871
-0.024596
-0.046529
0.004115
0.053968
0.061313
0.013460
-0.040110
-0.023785
0.014360
0.034733
0.000685
-0.025684
-0.026156
0.029476
0.059441
0.053354
0.019908
-0.007117
-0.032812
-0.027716
0.020472
0.059675
0.061043
0.019815
-0.040795
-0.081233
-0.020372
0.053649
0.078562
0.014592
-0.047354
-0.048521
0.004586
0.046829
0.030219
0.001114
-0.012431
0.013096
0.035762
0.037899
0.018073
-0.002397
-0.006993
-0.002748
0.020703
0.022308
0.017203
0.008540
-0.008873
-0.004292
-0.004109
0.010305
0.017094
0.004607
-0.001361
0.007691
0.020406
0.010631
0.000871
0.011001
0.017264
0.026144
-0.001079
-0.039619
-0.017836
0.015554
0.034733
0.006647
-0.016778
0.000023
0.021337
0.019011
-0.013033
-0.046975
-0.020668
0.046019
0.068201
0.043192
-0.008415
-0.013993
0.006635
0.022401
0.012810
-0.021748
-0.020135
-0.000688
0.005508
0.005388
-0.001862
-0.008527
-0.001655
0.016909
0.035015
0.033977
0.019667
-0.005996
-0.024106
-0.004122
0.031158
0.041361
0.012208
-0.029245
-0.027482
0.013435
0.054250
0.033471
-0.005419
-0.017546
-0.002138
0.015615
0.001453
-0.025528
-0.038791
-0.004125
0.034758
0.055403
0.027500
-0.017850
-0.028248
0.002749
0.024633
0.014086
-0.005815
-0.023299
-0.007434
0.017632
0.036962
0.035279
0.013183
-0.002988
-0.021474
-0.022801
0.004831
0.023507
0.018008
-0.024493
-0.042868
-0.012178
0.016530
0.013184
-0.019416
-0.039549
-0.022572
0.021799
0.032907
-0.006479
-0.034094
-0.022477
0.020761
0.030233
0.017016
0.003105
-0.002043
0.009647
-0.009025
-0.031080
-0.013881
0.025823
0.017761
-0.022588
-0.054859
-0.029611
0.006460
0.016202
-0.003841
-0.008896
0.003270
0.006384
-0.003123
-0.013484
0.001622
-0.004076
-0.010770
-0.039588
-0.039878
-0.005297
0.021193
0.017202
0.000968
-0.005766
0.000927
0.001135
-0.030735
-0.032072
-0.019278
0.003915
0.026454
0.024749
-0.007763
-0.019182
-0.013775
-0.013617
-0.002787
-0.010545
-0.011186
-0.027709
-0.025316
-0.012229
-0.001162
0.001267
-0.008023
-0.028127
-0.039983
-0.026746
-0.003454
0.028858
0.022852
-0.016598
-0.050035
-0.038028
-0.006354
0.008081
-0.012626
-0.029015
-0.020868
0.010297
0.001771
-0.049015
-0.059055
0.010587
0.072750
0.053636
-0.023671
-0.102092
-0.070347
0.002676
0.049649
0.035993
-0.016077
-0.051602
-0.048831
-0.015868
0.009249
0.009132
-0.023571
-0.042764
-0.028270
0.001588
0.019952
0.028627
0.016363
-0.001949
-0.017725
-0.036238
-0.026029
0.000713
0.014748
0.012683
-0.000619
-0.010631
-0.018236
-0.004421
0.009075
0.003042
0.001545
-0.012945
-0.006442
0.010835
0.013215
-0.016578
-0.045506
-0.031172
0.022842
0.058569
0.026574
-0.015632
-0.022360
0.013027
0.020455
0.016255
-0.002383
-0.011736
-0.003378
0.011805
0.032451
0.004604
-0.017181
-0.024385
-0.015421
0.012268
0.031816
0.012875
-0.003209
-0.007139
-0.005321
-0.012814
-0.001326
0.027521
0.032314
0.013403
-0.001406
0.017662
0.021971
0.024652
-0.000115
-0.012248
-0.011901
0.003697
0.011457
0.010693
0.012192
-0.006750
-0.005355
0.001731
0.004330
-0.014318
-0.001248
0.016694
0.030611
0.023441
-0.005201
0.002651
0.011360
0.020720
0.016129
0.000420
-0.005691
0.001311
0.003994
-0.006201
0.001030
0.011894
0.006341
-0.002169
0.008575
0.023348
0.023294
0.008415
-0.003556
-0.004099
-0.001018
0.016047
0.025977
0.016813
-0.009024
-0.030503
-0.022999
0.006127
0.029935
0.021329
0.015406
0.003802
-0.011781
-0.008044
0.011125
0.022234
0.004174
-0.013260
-0.014286
0.014101
0.043481
0.037301
-0.005679
-0.036154
-0.017737
0.016200
0.015311
-0.003533
-0.001018
0.016339
0.014638
-0.004324
0.002345
0.026530
0.035172
0.009508
-0.032669
-0.033304
0.010283
0.047961
0.044541
-0.005063
-0.032575
-0.027908
0.002050
0.036409
0.027735
0.008026
-0.016943
-0.006054
0.012141
0.024511
0.021974
-0.004333
-0.012504
-0.013740
-0.000126
0.014064
0.021852
-0.006279
-0.032043
-0.015084
0.021695
0.033921
0.020265
-0.005153
-0.023747
-0.010952
0.002522
0.014492
0.012731
-0.001022
-0.010891
-0.015853
-0.000298
0.017033
0.005382
-0.003909
-0.010245
-0.006626
0.002264
0.002270
0.002822
0.003984
0.016867
0.010380
-0.015544
-0.029859
-0.017372
0.019176
0.035896
0.007184
-0.035399
-0.050133
-0.003314
0.034818
0.030137
0.000560
-0.036727
-0.028629
0.011297
0.028006
0.004849
-0.030384
-0.030074
-0.005250
0.016426
0.032814
0.013815
-0.013783
-0.017606
0.001599
0.015818
0.004180
-0.015062
-0.022016
-0.001411
0.004988
-0.018427
-0.024329
-0.007290
0.016728
0.022518
-0.005937
-0.041830
-0.024447
0.017432
0.033106
0.001735
-0.041163
-0.048664
-0.013546
0.033775
0.029504
-0.017387
-0.053233
-0.051706
-0.003146
0.042827
0.018853
-0.024274
-0.049122
-0.030313
0.006608
0.011194
-0.000166
-0.017769
-0.028876
-0.025839
-0.015107
-0.005370
0.011697
0.020068
0.007077
-0.021910
-0.047117
-0.038370
-0.011491
0.016738
0.021403
0.002436
-0.028876
-0.060576
-0.040146
0.003134
0.014861
0.004757
-0.029037
-0.025195
-0.008450
-0.007811
-0.001964
-0.013499
-0.010830
0.000189
0.007821
-0.004265
-0.038075
-0.043556
-0.024893
-0.002825
0.008764
-0.005912
-0.009170
0.000881
-0.005910
-0.023110
-0.028737
-0.028424
-0.011016
0.015053
0.013055
-0.014823
-0.031589
-0.031131
-0.009436
0.002422
-0.002802
-0.015376
-0.033573
-0.020876
-0.002667
0.001827
-0.010390
-0.022833
-0.025682
-0.007823
-0.000318
-0.004600
-0.005605
-0.009460
-0.017292
-0.013162
0.007309
0.004188
-0.014496
-0.026068
-0.023653
-0.014229
-0.002593
0.008939
0.016828
-0.003886
-0.027565
-0.039569
-0.016803
0.013963
0.022965
0.006855
-0.027732
-0.032404
-0.016369
0.009610
0.008209
-0.009763
-0.033381
-0.028954
0.007681
0.033319
0.024608
-0.006872
-0.027924
-0.023992
0.002356
0.019293
0.019937
0.007931
-0.010516
-0.022061
-0.011068
0.009144
0.019115
0.010138
0.001928
-0.005543
-0.011671
-0.010108
0.000235
0.017766
0.026093
0.008101
-0.019949
-0.008257
0.012348
0.017356
0.010975
-0.001602
-0.009960
0.001294
0.010791
0.006773
-0.002357
0.001857
0.029928
0.034389
0.027141
0.002055
-0.008704
0.008192
0.024043
0.032640
