-0.011674
-0.011615
-0.011607
-0.011824
-0.011836
-0.011985
-0.011650
-0.011336
-0.011688
-0.011925
-0.012326
-0.012261
-0.012197
-0.011810
-0.011591
-0.011507
-0.011220
-0.011396
-0.011460
-0.011785
-0.012090
-0.011826
-0.011459
-0.011434
-0.011273
-0.011459
-0.011490
-0.011292
-0.011243
-0.010754
-0.010696
-0.010649
-0.010442
-0.010237
-0.010149
-0.010171
-0.010144
-0.009930
-0.009904
-0.009804
-0.009040
-0.009011
-0.009254
-0.009028
-0.008568
-0.008607
-0.008467
-0.007958
-0.007998
-0.007884
-0.007619
-0.007054
-0.006543
-0.006203
-0.006070
-0.005842
-0.005700
-0.005405
-0.005073
-0.005090
-0.004960
-0.004848
-0.004627
-0.004015
-0.003528
-0.003282
-0.003214
-0.003453
-0.003610
-0.003246
-0.002682
-0.002544
-0.001998
-0.001671
-0.001618
-0.001381
-0.001306
-0.001092
-0.000647
-0.000888
-0.000900
-0.000433
-0.000459
0.000025
0.000376
0.000571
0.000889
0.001174
0.001364
0.001733
0.001998
0.002353
0.003036
0.003159
0.003546
0.003492
0.003561
0.003884
0.004007
0.004397
0.004398
0.004726
0.004905
0.005262
0.005368
0.005325
0.005563
0.005490
0.005732
0.005976
0.006290
0.006360
0.006665
0.006843
0.006449
0.006148
0.006118
0.006125
0.006050
0.006419
0.006391
0.006604
0.006874
0.006877
0.006826
0.006412
0.006345
0.006151
0.006362
0.006556
0.006949
0.007240
0.007199
0.007004
0.006988
0.007096
0.007072
0.007386
0.007106
0.007369
0.007473
0.007643
0.007616
0.007421
0.007380
0.007276
0.007364
0.007557
0.007968
0.008111
0.008106
0.007794
0.007961
0.008101
0.008357
0.008175
0.007726
0.007994
0.008515
0.008681
0.008679
0.008903
0.008895
0.008565
0.008838
0.008746
0.008531
0.008574
0.008268
0.008887
0.009054
0.009088
0.009144
0.008650
0.008422
0.008567
0.009138
0.009197
0.009137
0.008934
0.008506
0.008350
0.008090
0.008189
0.008255
0.008218
0.007798
0.007737
0.007689
0.007547
0.007535
0.007396
0.007437
0.007407
0.007174
0.007077
0.007202
0.006979
0.007353
0.007198
0.007142
0.007234
0.007102
0.006938
0.006469
0.006749
0.006855
0.006906
0.006756
0.006197
0.005838
0.005719
0.005827
0.005842
0.005489
0.004824
0.004711
0.004862
0.005083
0.005323
0.004998
0.004816
0.004907
0.004947
0.004988
0.005160
0.004605
0.004235
0.004205
0.004069
0.004249
0.004089
0.004000
0.003702
0.003293
0.003150
0.003406
0.003489
0.003241
0.002800
0.002805
0.002653
0.002226
0.002204
0.001855
0.001644
0.001794
0.002073
0.002157
0.002305
0.002080
0.001578
0.001445
0.001607
0.001671
0.001610
0.001183
0.000580
0.000290
-0.000138
-0.000229
-0.000498
-0.000720
-0.000850
-0.001068
-0.000868
-0.000863
-0.000706
-0.000549
-0.000906
-0.001610
-0.001393
-0.001264
-0.000984
-0.000831
-0.000890
-0.000926
-0.001214
-0.001161
-0.001455
-0.001088
-0.001251
-0.001198
-0.000987
-0.001112
-0.001373
-0.001571
-0.001538
-0.001646
-0.001730
-0.001811
-0.002001
-0.002242
-0.002226
-0.002726
-0.003009
-0.003196
-0.003531
-0.003648
-0.003885
-0.004147
-0.004148
-0.004354
-0.004804
-0.005198
-0.005331
-0.005645
-0.005651
-0.005477
-0.005852
-0.005948
-0.006027
-0.005856
-0.005906
-0.005982
-0.006396
-0.006884
-0.007020
-0.007148
-0.006921
-0.007060
-0.007106
-0.007662
-0.008167
-0.008396
-0.008546
-0.008639
-0.008499
-0.008106
-0.008072
-0.007963
-0.007859
-0.007939
-0.008052
-0.007707
-0.007406
-0.007139
-0.007479
-0.007680
-0.007741
-0.007980
-0.007850
-0.007905
-0.007786
-0.007870
-0.007770
-0.008032
-0.007989
-0.007749
-0.008258
-0.008086
-0.007877
-0.008005
-0.007547
-0.007213
-0.006964
-0.006542
-0.006444
-0.006296
-0.006054
-0.006112
-0.005900
-0.005637
-0.005875
-0.005595
-0.005536
-0.005402
-0.005842
-0.006050
-0.005747
-0.005959
-0.005797
-0.005976
-0.005894
-0.005836
-0.005584
-0.005740
-0.005587
-0.005031
-0.005026
-0.004982
-0.005224
-0.005591
-0.005567
-0.005032
-0.004724
-0.004678
-0.004757
-0.004879
-0.005157
-0.005184
-0.005021
-0.004898
-0.004726
-0.004540
-0.004875
-0.004534
-0.004271
-0.004207
-0.004002
-0.004343
-0.004170
-0.003967
-0.003608
-0.003625
-0.003579
-0.003270
-0.003337
-0.003334
-0.003302
-0.003335
-0.003245
-0.002958
-0.002644
-0.002511
-0.002544
-0.002374
-0.002083
-0.001840
-0.001677
-0.001680
-0.001461
-0.001496
-0.001161
-0.001021
-0.001059
-0.000933
-0.001150
-0.001391
-0.001682
-0.001256
-0.001310
-0.001238
-0.001135
-0.001251
-0.001153
-0.001355
-0.001248
-0.001268
-0.000942
-0.000587
-0.000534
-0.000520
-0.000839
-0.000775
-0.000462
-0.000252
-0.000050
-0.000035
0.000338
0.000569
0.000498
0.000440
0.000883
0.001018
0.000893
0.001070
0.000824
0.000888
0.000988
0.001165
0.001460
0.001966
0.002191
0.002391
0.002813
0.002632
0.002561
0.002858
0.003140
0.003224
0.003055
0.003028
0.003022
0.003061
0.003038
0.002753
0.002694
0.002771
0.002792
0.002617
0.002853
0.003014
0.002824
0.002996
0.003055
0.003270
0.003507
0.003588
0.003783
0.003750
0.004133
0.004544
0.004511
0.004387
0.003992
0.004003
0.004486
0.004825
0.004979
0.004948
0.004546
0.004312
0.004409
0.004385
0.004331
0.004777
0.004941
0.004825
0.004916
0.004608
0.004242
0.004145
0.004203
0.004152
0.004376
0.004506
0.004358
0.004077
0.003629
0.003666
0.003876
0.003797
0.003596
0.003473
0.003679
0.003947
0.003926
0.003926
0.004299
0.004382
0.004355
0.004315
0.004154
0.004419
0.004183
0.003827
0.003812
0.003839
0.004152
0.004401
0.004751
0.004789
0.004588
0.004583
0.004838
0.005312
0.004978
0.004661
0.004839
0.004541
0.004509
0.004467
0.004378
0.004226
0.003655
0.003628
0.003881
0.003667
0.003612
0.003575
0.003330
0.003448
0.003526
0.003560
0.002899
0.002769
0.002646
0.002466
0.002495
0.002105
0.001999
0.001964
0.002171
0.002442
0.002449
0.002129
0.002078
0.001840
0.001848
0.001716
0.001754
0.001993
0.001711
0.001518
0.001348
0.001300
0.001747
0.001457
0.001566
0.001884
0.001564
0.001405
0.001284
0.001651
0.001506
0.001802
0.001571
0.001384
0.001230
0.001020
0.001137
0.001131
0.000965
0.000658
0.000532
0.000469
0.000341
-0.000212
0.000093
0.000167
0.000403
0.000245
0.000160
0.000038
-0.000304
-0.000442
-0.000535
-0.000202
-0.000553
-0.000490
-0.000634
-0.000997
-0.001032
-0.001112
-0.001156
-0.001349
-0.001331
-0.001232
-0.001234
-0.001003
-0.001214
-0.001526
-0.001863
-0.002224
-0.002595
-0.002841
-0.002740
-0.002797
-0.002752
-0.002905
-0.003155
-0.003429
-0.003578
-0.003806
-0.003648
-0.003856
-0.003640
-0.002982
-0.003042
-0.003067
-0.003203
-0.003351
-0.003910
-0.003888
-0.003614
-0.003329
-0.003264
-0.003034
-0.003039
-0.003328
-0.003508
-0.003754
-0.003862
-0.003747
-0.003267
-0.003278
-0.003244
-0.003506
-0.003906
-0.004164
-0.004035
-0.004231
-0.004040
-0.003890
-0.004258
-0.004421
-0.004745
-0.004677
-0.004466
-0.004583
-0.004679
-0.004748
-0.005050
-0.005143
-0.005217
-0.005194
-0.005232
-0.005020
-0.004902
-0.005237
-0.005595
-0.006031
-0.006122
-0.006018
-0.006059
-0.006065
-0.006023
-0.006074
-0.006049
-0.006012
-0.006227
-0.006346
-0.006288
-0.006210
-0.006257
-0.006019
-0.006093
-0.006239
-0.006360
-0.006252
-0.006039
-0.005840
-0.005646
-0.005702
-0.005455
-0.005670
-0.005615
-0.006080
-0.006135
-0.005891
-0.005820
-0.005441
-0.005333
-0.005326
-0.004980
-0.004805
-0.005141
-0.004908
-0.004748
-0.004073
-0.003367
-0.003227
-0.003587
-0.003944
-0.003718
-0.003483
-0.003535
-0.003780
-0.003722
-0.003095
-0.002525
-0.002809
-0.003026
-0.002799
-0.002133
-0.001724
-0.001971
-0.001825
-0.001303
-0.000970
-0.001700
-0.002394
-0.002585
-0.002401
-0.002049
-0.002266
-0.002383
-0.002286
-0.001911
-0.001889
-0.001787
-0.001905
-0.002564
-0.002604
-0.002709
-0.002455
-0.002209
-0.001919
-0.001954
-0.002305
-0.002074
-0.001372
-0.000598
-0.000902
-0.001403
-0.001870
-0.001556
-0.000753
-0.000436
-0.000163
0.000341
0.000739
0.000594
0.000616
0.000979
0.001366
0.001759
0.001492
0.000889
0.000388
0.000444
0.000592
0.000789
0.000863
0.000582
0.000599
0.000053
0.000239
0.000435
0.000457
0.000633
0.000398
0.000197
0.000126
0.000065
-0.000355
-0.000498
-0.000138
0.000781
0.001480
0.001809
0.001970
0.001516
0.001208
0.001437
0.002040
0.002887
0.003480
0.003181
0.002199
0.001582
0.001350
0.001830
0.002289
0.002725
0.003191
0.002897
0.001818
0.000505
0.000581
0.001386
0.001868
0.002233
0.002574
0.002386
0.002132
0.001947
0.002182
0.001623
0.000882
0.000833
0.001377
0.003049
0.004300
0.004866
0.003808
0.001921
-0.000111
-0.000866
-0.000523
0.000882
0.002674
0.003207
0.002361
-0.000247
-0.002194
-0.002582
-0.000596
0.001122
0.001494
0.000457
-0.001688
-0.002031
-0.001725
0.000539
0.001815
0.001801
0.000749
-0.001116
-0.001801
-0.001130
0.001563
0.002513
0.001736
-0.000442
-0.001530
-0.000842
0.000932
0.002390
0.001876
0.000620
-0.000679
-0.000177
0.001337
0.002428
0.002123
0.000704
-0.000696
-0.001191
0.000603
0.002072
0.002301
0.001276
0.000004
-0.000139
0.000553
0.001624
0.001540
0.000593
-0.000220
0.000049
0.001016
0.002380
0.002552
0.001654
0.000466
0.000230
0.000646
0.000800
0.000959
0.001177
0.001519
0.001891
0.002064
0.002352
0.002597
0.002313
0.001984
0.001560
0.001958
0.002526
0.003277
0.003499
0.003322
0.002784
0.002337
0.002564
0.002635
0.003107
0.003013
0.002504
0.001551
0.000832
0.001747
0.002693
0.002479
0.001609
0.000475
0.000207
0.001177
0.001791
0.000782
-0.000515
-0.001534
-0.001800
-0.001360
-0.001340
-0.001354
-0.001464
-0.001001
-0.000438
0.000307
0.000716
0.000896
0.000548
0.000437
0.001085
0.001414
0.002319
0.001147
-0.000201
-0.000480
0.000172
0.001287
0.001139
0.000844
0.001063
0.001311
0.001541
0.002320
0.002838
0.002184
0.000760
0.000845
0.002020
0.002518
0.002068
0.002246
0.001562
0.001387
0.002102
0.003333
0.002112
-0.000013
-0.003128
-0.005030
-0.007389
-0.009813
-0.011390
-0.008548
0.013660
0.018122
0.030242
0.037502
0.007070
-0.003840
-0.038417
-0.052051
-0.038328
-0.010738
0.054131
0.078938
0.091294
0.049045
-0.021617
-0.064752
-0.071050
-0.027003
-0.016527
0.035634
0.071991
0.015902
-0.015359
-0.001778
0.047661
0.047256
0.010678
-0.050144
-0.086741
-0.015071
0.044505
0.068322
0.061575
-0.002903
-0.082430
-0.066308
0.056747
0.124647
0.083656
-0.038244
-0.123066
-0.133523
-0.071242
0.058857
0.156743
0.135470
-0.019007
-0.136141
-0.125606
0.077704
0.183399
0.086780
-0.075718
-0.199991
-0.114148
-0.011096
0.105355
0.136975
0.037645
-0.057935
-0.131288
-0.027565
0.086232
0.076775
-0.046700
-0.178797
-0.062192
0.140147
0.205402
0.092817
-0.103904
-0.210189
-0.166823
-0.014571
0.158326
0.204366
0.085136
-0.064586
-0.160606
-0.161679
-0.034121
0.149445
0.185736
0.012893
-0.147743
-0.116833
0.052253
0.133837
0.042213
-0.076120
-0.095911
-0.058683
0.015889
0.047646
0.016051
-0.016692
-0.016269
-0.009803
-0.027806
-0.039561
0.016134
0.069792
0.008028
-0.024106
-0.032170
0.059833
0.036063
-0.077587
-0.087232
-0.034197
0.039585
0.107254
0.111329
-0.012160
-0.072604
-0.099283
-0.060205
0.018410
0.118570
0.071630
-0.012111
-0.100985
-0.200485
-0.058231
0.184893
0.236468
-0.008307
-0.244083
-0.181354
-0.046161
-0.064791
0.026228
0.109452
0.235255
-0.008513
-0.183731
-0.131511
-0.124642
0.113155
0.106895
0.073250
-0.113089
-0.058578
-0.131072
0.005065
0.242134
0.015948
0.028000
-0.181709
-0.165988
-0.069746
0.073668
0.253818
0.196501
0.014667
-0.193276
-0.216832
-0.171833
0.044996
0.248382
0.126345
0.003554
-0.165864
-0.118698
0.100943
0.037254
0.114392
-0.069836
-0.193352
-0.238334
-0.149827
0.210064
0.213408
0.221669
0.040213
-0.124313
-0.183605
-0.260145
-0.007712
0.231550
0.313723
0.075863
-0.148327
-0.241817
-0.120962
0.039217
0.053616
0.162983
0.003227
0.104951
0.031584
0.050224
0.040969
-0.133496
-0.165808
-0.251082
0.096799
0.149878
0.276410
0.027450
-0.185911
-0.074517
-0.055697
0.000455
0.005981
0.130396
0.148633
-0.048324
-0.138629
-0.163417
-0.045468
0.070701
-0.011387
0.079116
-0.021893
0.072061
-0.126468
0.012978
0.042032
0.041262
0.118017
-0.100235
-0.059765
-0.195872
-0.158121
0.014915
0.230187
0.173866
0.104707
-0.110353
-0.174105
-0.150260
-0.074935
0.080209
0.126404
0.145056
-0.099696
-0.119543
0.033603
0.137145
0.093458
-0.067745
-0.180732
-0.124695
-0.016430
0.182698
0.140754
0.076991
0.028821
-0.176667
-0.086241
-0.075911
-0.012418
0.134628
0.175699
0.038176
-0.073553
-0.075150
-0.032845
-0.068222
-0.024477
-0.009251
-0.019159
0.107214
0.229856
0.246454
-0.097294
-0.340291
-0.327393
0.085058
0.428979
0.244204
-0.120920
-0.295423
-0.202762
0.064772
0.353956
0.340682
-0.039185
-0.332182
-0.415312
-0.076474
0.374069
0.448834
0.203275
-0.330968
-0.532377
-0.283942
0.243830
0.588882
0.426386
-0.087924
-0.538908
-0.382451
0.075863
0.266777
0.157637
-0.056353
-0.092778
0.016888
0.204038
0.203680
-0.087627
-0.307245
-0.341832
-0.126330
0.142984
0.375208
0.183292
-0.119233
-0.238054
-0.146170
0.208506
0.279633
0.056275
-0.319162
-0.284238
0.020116
0.331407
0.358191
0.177244
-0.082813
-0.268332
-0.007069
0.079111
0.106552
-0.028387
-0.096816
-0.046036
-0.011936
0.179398
0.262425
0.203025
-0.333363
-0.590879
-0.051243
0.378525
0.407766
0.189779
-0.069100
-0.129002
-0.242331
-0.303597
-0.228247
0.129688
0.300400
0.011879
-0.049777
-0.031301
0.156359
0.084372
-0.016631
0.080654
0.115023
0.005770
-0.329508
-0.237398
0.057548
0.439208
0.463600
0.077190
-0.362769
-0.612218
-0.292890
0.209283
0.567772
0.430350
-0.062506
-0.471502
-0.477423
-0.127467
0.223134
0.432443
0.229727
-0.151364
-0.290803
-0.055880
0.390855
0.285049
-0.273084
-0.653905
-0.378294
0.392157
0.590984
0.209135
-0.298703
-0.446518
-0.151054
0.244220
0.313388
0.043993
-0.148985
-0.153717
0.098356
0.208024
0.095839
-0.145900
-0.233898
-0.224060
0.147601
0.609114
0.221232
-0.336955
-0.626638
-0.597132
-0.267739
0.181579
0.698533
0.595006
0.183025
-0.192959
-0.468118
-0.480869
-0.505655
-0.088405
0.562392
0.797492
0.305399
-0.466866
-0.629840
-0.219370
0.240706
0.434925
0.236761
-0.127479
-0.359805
-0.270501
0.129950
0.394796
0.216541
-0.222542
-0.409175
-0.138609
0.274556
0.439306
0.185831
-0.215701
-0.447149
-0.443984
0.006417
0.534179
0.542107
-0.111670
-0.814857
-0.748084
0.005499
0.861226
0.937002
0.230093
-0.534644
-0.692590
-0.288270
0.141303
0.315976
0.192458
0.120606
0.096190
-0.000417
-0.086672
-0.069407
-0.058889
-0.010138
0.065138
0.199500
0.279126
0.196721
-0.037570
-0.232770
-0.073831
-0.221386
-0.541344
-0.520005
-0.156908
0.215260
0.332572
0.278488
0.255568
0.259291
0.020667
-0.317906
-0.354931
-0.117564
0.018045
-0.015342
0.016745
0.242244
0.387567
0.202046
-0.239489
-0.522726
-0.431216
0.023566
0.327589
0.389140
0.192799
-0.251879
-0.504068
-0.277121
0.354124
0.603776
0.195133
-0.407855
-0.538042
-0.058554
0.440541
0.434017
0.027012
-0.404789
-0.493363
-0.138130
0.348386
0.588759
0.366352
-0.216771
-0.595848
-0.383024
0.194919
0.487501
0.188721
-0.221578
-0.349752
-0.048149
0.234371
0.267269
0.114852
-0.153783
-0.240509
-0.111280
0.081474
0.216024
0.228149
0.073045
-0.104425
-0.169813
-0.033548
0.114974
0.140042
0.084555
-0.057169
-0.133083
-0.134729
-0.075628
0.091787
0.145367
0.059655
-0.091409
-0.164248
-0.016416
0.090760
0.083606
-0.014839
-0.059803
0.033097
0.038246
-0.079450
-0.179979
-0.081383
0.112448
0.160224
0.053838
-0.069364
-0.095307
-0.031307
0.046956
0.039556
0.014366
-0.012415
-0.004894
0.023133
0.037200
0.018457
-0.093569
-0.119256
-0.009631
0.151496
0.166403
0.018540
-0.164491
-0.213243
-0.035264
0.197979
0.211016
0.020020
-0.144472
-0.180012
-0.039991
0.064925
0.082993
0.035813
-0.035474
-0.109839
-0.120849
0.003552
0.107323
0.106481
0.001358
-0.039714
-0.004600
0.004022
0.002143
-0.023386
-0.011496
0.023508
-0.015477
-0.018450
0.026234
0.061689
0.068851
0.001459
-0.035893
-0.033379
-0.027871
-0.011026
0.030543
0.069570
0.048796
-0.040941
-0.106301
-0.057787
0.069604
0.131713
0.091283
0.001660
-0.091636
-0.118130
-0.067011
0.032948
0.074473
0.040305
-0.028794
-0.062946
-0.034720
-0.012503
0.024773
0.075963
0.105138
0.059507
-0.015490
-0.047987
-0.044413
0.005036
0.054210
0.041655
-0.008542
-0.051178
-0.059323
-0.019848
0.036048
0.047959
-0.001149
-0.032502
-0.038996
-0.006444
0.047843
0.058628
-0.003479
-0.078849
-0.062981
0.033717
0.117652
0.090057
-0.013558
-0.081098
-0.042565
0.028910
0.044442
0.014348
-0.038090
-0.053829
0.007274
0.080351
0.070839
-0.014764
-0.076746
-0.064883
-0.020632
0.023130
0.039039
0.016272
-0.016978
-0.024701
0.003248
0.036920
0.036459
0.014901
-0.021826
-0.029281
-0.021068
-0.028386
-0.024284
-0.017208
0.016288
0.023550
-0.019667
-0.072166
-0.056930
0.017161
0.077447
0.063597
0.010355
-0.035983
-0.018959
0.039256
0.064894
0.040648
-0.008314
0.000558
-0.010702
-0.003698
-0.053331
-0.114271
-0.117180
-0.027548
0.142875
0.179176
0.099265
-0.044451
-0.133115
-0.118767
-0.016703
0.055742
0.082671
0.073518
-0.016504
-0.051371
-0.018529
0.033088
0.023565
-0.037786
-0.074412
-0.015899
0.042771
0.023720
-0.033473
-0.039172
0.015351
0.053668
0.032969
-0.019866
-0.012516
0.013544
0.038117
-0.002570
-0.044357
-0.020459
0.034397
0.051651
-0.013173
-0.067872
-0.052037
-0.001494
0.042670
0.071936
0.057829
-0.010783
-0.082061
-0.085018
0.002049
0.089627
0.085153
-0.014274
-0.109728
-0.103641
-0.020241
0.057797
0.057345
-0.006436
-0.030465
-0.009273
0.029241
0.036935
0.021127
-0.028063
-0.074862
-0.037523
0.046228
0.101575
0.040087
-0.052263
-0.080773
-0.037947
0.017343
0.031591
0.011092
-0.003142
-0.012435
-0.000323
-0.012370
-0.015618
-0.010058
0.011626
0.014585
-0.021134
-0.016810
-0.004271
0.011254
-0.004195
-0.019158
-0.008099
0.001648
-0.027451
-0.036341
-0.018638
0.034417
0.047873
0.022678
-0.025968
-0.056151
-0.013964
0.020454
0.035884
0.003204
-0.036801
-0.061428
-0.020660
0.027649
0.040761
0.004907
-0.007286
0.003133
-0.033917
-0.056491
-0.040030
0.023417
0.046250
0.027236
-0.043666
-0.055802
-0.029338
0.016142
0.027899
-0.007492
-0.025278
-0.028684
0.012518
0.014644
-0.000303
-0.055436
-0.043336
0.012196
0.059594
0.064894
0.017471
-0.053336
-0.070589
-0.039706
0.013119
0.055138
0.041890
-0.015082
-0.088934
-0.096318
-0.039632
0.052634
0.085801
0.063641
-0.016526
-0.051611
-0.060679
-0.042568
0.006152
0.047800
0.058354
-0.000073
-0.039828
-0.071618
-0.049723
0.008317
0.052575
0.044467
0.002919
-0.038589
-0.041412
0.000686
0.047511
0.042589
-0.002423
-0.040352
-0.054897
-0.007555
0.028255
0.061486
0.005253
-0.046017
-0.066289
-0.021498
0.040169
0.057941
0.010888
-0.064496
-0.057008
-0.021387
0.057051
0.070195
0.060158
-0.003278
-0.047998
-0.063466
-0.033390
0.002020
0.044609
0.064401
0.017290
-0.016093
-0.041537
-0.017544
-0.002727
0.013597
0.010411
0.025414
0.017286
0.020241
-0.011108
-0.043774
-0.024865
0.007581
0.031849
0.023348
0.022774
-0.019605
-0.026026
-0.030681
0.011912
0.042497
0.043685
0.023361
-0.028333
-0.048740
-0.032981
0.017481
0.050334
0.053161
0.004348
-0.026035
-0.040816
-0.009594
0.021768
0.033888
-0.001574
-0.043522
-0.038447
0.023488
0.086040
0.075565
0.029365
-0.028912
-0.057799
-0.065916
-0.011353
0.045169
0.093186
0.060588
-0.008716
-0.078798
-0.082068
-0.007287
0.073009
0.094288
0.027047
-0.036282
-0.075239
-0.014095
0.040301
0.066278
0.032519
0.009054
-0.011560
-0.039351
-0.029076
0.008871
0.056591
0.050122
0.017271
-0.014131
-0.021377
-0.023509
0.000813
0.016933
0.029258
0.029328
0.031851
0.000325
-0.030375
-0.038147
0.004252
0.049328
0.043534
0.011558
-0.032607
-0.026819
-0.011077
0.030300
0.046913
0.028502
-0.024099
-0.036936
-0.023527
0.000204
0.036836
0.040353
0.036571
-0.006753
-0.041774
-0.032671
0.003320
0.024324
0.025572
-0.008033
-0.023729
-0.024262
0.001362
0.037579
0.047714
0.030167
-0.012618
-0.051835
-0.050592
0.022972
0.068717
0.068952
0.023076
-0.035973
-0.089925
-0.082002
-0.014494
0.067536
0.084410
0.028165
-0.030427
-0.063505
-0.036703
0.008172
0.049661
0.045213
0.021526
-0.026320
-0.034874
-0.027392
0.000779
0.035552
0.039473
0.012313
-0.024675
-0.016494
0.001608
0.027682
0.004587
-0.008024
-0.023001
-0.027707
-0.022486
-0.002624
0.013600
0.008643
0.011246
0.020094
0.032337
0.004546
-0.024125
-0.053244
-0.036961
-0.001813
0.050679
0.064894
-0.000639
-0.070669
-0.100285
-0.020928
0.076178
0.107812
0.035011
-0.071432
-0.119582
-0.065906
0.038020
0.109368
0.076339
-0.027631
-0.097418
-0.090939
0.002633
0.068985
0.089119
0.026165
-0.054332
-0.089576
-0.058256
0.010381
0.061630
0.047624
-0.005903
-0.053423
-0.053994
-0.001810
0.023751
0.031993
-0.001915
-0.031106
-0.041891
-0.017815
0.010727
0.032373
0.040748
0.030617
0.004795
-0.032472
-0.060628
-0.048394
0.003856
0.028068
0.029329
-0.010554
-0.026343
-0.032402
-0.022363
0.008396
0.034451
0.038622
0.003074
-0.030254
-0.054944
-0.031976
0.012009
0.045120
0.036950
-0.009676
-0.051643
-0.053276
-0.018867
0.030048
0.044345
0.020978
-0.017143
-0.039621
-0.034786
-0.006088
0.010118
0.006585
-0.002000
-0.023904
-0.019776
-0.019501
0.003495
0.004159
0.010207
0.037884
0.023172
-0.011157
-0.066802
-0.078522
-0.033182
0.045627
0.095528
0.045449
-0.039097
-0.072809
-0.047754
0.009607
0.050544
0.021048
-0.025949
-0.062813
-0.034485
0.028923
0.049934
0.023791
-0.034360
-0.048781
-0.022111
0.015297
0.042863
0.042463
0.010316
-0.032326
-0.059109
-0.025016
0.004069
0.013709
0.011479
-0.008762
-0.016834
-0.026673
-0.005035
0.005578
0.000967
0.012385
0.013104
-0.002962
-0.025272
-0.032302
-0.003392
0.030209
0.023486
-0.008794
-0.032413
-0.038664
-0.020394
0.011832
0.020481
0.008220
-0.017042
-0.032270
-0.011674
0.007539
0.021671
0.009267
-0.027395
-0.046466
-0.039851
-0.004187
0.016353
0.008267
-0.013295
-0.013501
0.002188
0.005995
0.006623
-0.013806
-0.032036
-0.028579
0.003600
0.031345
0.027892
-0.001515
-0.034074
-0.045758
-0.033875
-0.003754
0.018853
0.024692
0.006859
-0.025452
-0.037888
0.002591
0.035135
0.030856
-0.005833
-0.030108
-0.018490
-0.008319
0.001631
0.005734
0.002936
-0.009567
-0.015195
-0.011032
0.007629
0.012403
-0.001068
-0.015945
-0.013846
-0.007134
-0.013026
0.015327
0.017395
0.009833
-0.015566
-0.028599
-0.005591
0.000356
0.010748
0.010675
0.007200
-0.003744
-0.006579
0.007928
0.014164
-0.007066
-0.025630
-0.043395
-0.003000
0.026616
0.045630
0.039980
0.005760
-0.030145
-0.068853
-0.029473
0.027524
0.065383
0.046383
-0.000446
-0.059957
-0.058718
-0.013016
0.039971
0.050903
0.012545
-0.019785
-0.033055
0.000334
0.033176
0.041836
0.007395
-0.034150
-0.038632
-0.007514
0.039054
0.066159
0.024895
-0.029238
-0.061612
-0.026813
0.037048
0.062016
0.048820
-0.013601
-0.045972
-0.035381
0.005811
0.021583
0.012553
0.001101
-0.000122
0.016758
0.032222
0.015342
-0.007162
-0.012052
-0.018565
-0.002359
0.020809
0.040138
0.027798
0.001659
-0.027087
-0.029224
-0.009504
0.025408
0.024091
0.013645
0.011015
0.004917
0.013197
-0.004137
-0.002957
0.005794
0.022214
0.000871
-0.017224
-0.010804
0.007848
0.034927
0.033786
0.016751
-0.006078
-0.028104
-0.022778
0.008550
0.029546
0.030547
-0.003040
-0.026616
-0.024377
0.011014
0.041395
0.031823
-0.006625
-0.039931
-0.022780
0.018540
0.059487
0.060212
0.015002
-0.039638
-0.059137
-0.013729
0.046277
0.060761
0.016153
-0.026457
-0.041668
-0.021421
0.026648
0.041280
0.039952
0.012638
-0.023201
-0.041066
-0.025901
0.013420
0.028908
0.026470
0.008594
-0.009790
-0.025885
-0.013556
0.016695
0.017319
0.003766
-0.004249
-0.000245
0.023408
0.016403
-0.015760
-0.025040
-0.010994
0.010292
0.032292
0.042137
0.038683
0.017623
-0.028911
-0.039522
-0.019748
0.018299
0.045044
0.044569
0.019366
-0.013989
-0.030882
-0.031155
0.008369
0.028205
0.033302
0.028607
-0.002118
-0.024637
-0.029065
-0.004088
0.020189
0.024854
0.009650
0.008646
0.012980
0.014427
0.006831
-0.013968
-0.001844
0.015535
0.024030
0.020111
0.016195
0.002223
-0.009985
-0.006110
0.014991
0.037105
0.034392
0.008982
-0.025878
-0.031951
-0.002195
0.025271
0.028897
0.027988
-0.001211
-0.023302
-0.021547
-0.002650
0.018984
0.026911
0.012431
-0.018026
-0.016280
0.019650
0.033148
0.018980
-0.004705
-0.021432
-0.007658
0.013811
0.030829
0.012626
-0.008665
-0.013758
-0.014003
-0.006321
0.001299
0.011977
0.019026
0.011025
-0.001601
-0.011821
-0.011244
-0.005688
-0.007456
0.013620
0.023890
0.021764
0.003840
-0.016565
-0.019709
-0.021553
-0.000951
0.017302
0.020133
-0.000149
-0.021902
-0.023770
-0.013881
0.009496
0.020430
0.017942
0.012447
-0.017606
-0.033596
-0.025037
0.006325
0.029061
0.020539
-0.001544
-0.019524
-0.029469
-0.021490
0.005164
0.028345
0.029911
-0.016031
-0.040041
-0.023993
0.012435
0.024714
0.009377
-0.014847
-0.039345
-0.034118
-0.003571
0.023352
0.036764
0.012235
-0.026643
-0.043218
-0.034532
0.008925
0.036409
0.033122
-0.013438
-0.054802
-0.048333
-0.006666
0.032916
0.036946
0.010067
-0.024410
-0.037460
-0.023126
0.007546
0.016511
0.009770
-0.013609
-0.031613
-0.032326
-0.018002
0.011309
0.018522
-0.005919
-0.030741
-0.034885
-0.005213
0.025355
0.015591
-0.015290
-0.050476
-0.040276
-0.004499
0.035836
0.026953
-0.009880
-0.045414
-0.060831
-0.031126
-0.004842
0.021578
0.015140
-0.009711
-0.032411
-0.034896
-0.006990
