-0.006443
-0.006176
-0.007776
-0.008420
-0.009867
-0.011433
-0.014657
-0.022414
-0.028406
-0.021650
-0.021941
-0.032168
0.017440
0.027642
-0.024905
0.001361
0.023050
-0.070669
-0.115424
-0.024686
0.027991
0.020635
0.024947
0.107122
0.102138
-0.069375
-0.140818
-0.083194
-0.019090
-0.035148
0.021694
0.126092
0.060578
-0.073141
-0.106008
0.014161
-0.003456
-0.070054
0.023244
0.107166
0.020722
-0.148499
-0.086858
0.116867
0.132975
-0.080141
-0.205159
-0.136554
-0.003222
0.091479
0.169635
0.188713
0.059901
-0.193759
-0.254149
-0.195848
0.002420
0.359651
0.218316
-0.039716
-0.201622
-0.365913
-0.233442
0.119234
0.435230
0.317652
-0.204381
-0.458180
-0.199803
0.096040
0.095469
-0.000626
0.041479
0.097462
-0.019925
-0.213075
-0.095412
0.161085
0.195560
0.049678
-0.170264
-0.252677
-0.152787
0.063141
0.119384
0.044195
0.021861
-0.045114
-0.117974
-0.081659
0.190032
0.281263
-0.007304
-0.297455
-0.298242
-0.051827
0.183981
0.191272
0.055834
-0.074164
-0.135488
-0.068188
0.049559
0.140207
0.097023
-0.038021
-0.108427
-0.051156
0.067935
0.069345
0.087937
0.086051
-0.206200
-0.228665
-0.049529
0.082510
0.237406
0.175040
0.038377
-0.056585
-0.271208
-0.262003
0.021768
0.300348
0.253057
0.067934
-0.153725
-0.266927
-0.092057
-0.135295
0.224987
0.367477
0.042803
-0.254086
-0.481531
-0.436786
-0.022842
0.467741
0.677349
0.405953
-0.075699
-0.268503
-0.413789
-0.250301
-0.030200
0.334481
0.431183
0.192782
-0.116952
-0.230574
-0.155237
-0.010925
0.256362
0.018585
0.065096
-0.020715
-0.206366
-0.086913
-0.064781
0.107368
0.243956
0.130780
-0.043919
-0.078138
-0.191057
-0.205145
-0.018662
0.091812
0.297211
0.267074
-0.068266
-0.034417
-0.021034
-0.203888
-0.106503
0.024953
0.125469
0.336036
0.206157
-0.036367
-0.193279
-0.336068
-0.092854
0.181267
0.262001
0.124972
-0.018085
-0.140347
-0.171223
0.161305
0.166091
0.079260
-0.015610
-0.172548
-0.156164
-0.092905
0.012117
0.207447
0.345570
0.038584
-0.266243
-0.351743
-0.151412
0.209450
0.286837
0.231133
-0.095441
-0.315717
-0.288887
-0.024298
0.210468
0.261979
0.162486
-0.164574
-0.165773
-0.133688
0.031501
0.025051
0.111092
0.097655
-0.074888
-0.134152
-0.146531
0.032917
0.089464
0.282667
0.136406
-0.033244
-0.130174
-0.181623
-0.100801
-0.045671
0.037285
0.202660
0.296200
0.097105
-0.084481
-0.170729
-0.184677
-0.214958
0.056026
0.397377
0.443222
0.027117
-0.479045
-0.434962
0.027970
0.436980
0.280055
0.121650
-0.053232
-0.277312
-0.189853
-0.102775
-0.036864
0.020713
0.030671
0.158543
0.272706
0.145419
0.055620
-0.127527
-0.321188
-0.340334
-0.135878
0.301110
0.670180
0.359416
-0.318301
-0.621233
-0.355880
0.232570
0.434126
0.402552
-0.053303
-0.404020
-0.352054
-0.008499
0.404789
0.299346
-0.119994
-0.435726
-0.285135
-0.012167
0.391296
0.526172
0.297755
-0.261552
-0.709629
-0.455794
0.198326
0.640649
0.403162
-0.170865
-0.611737
-0.351950
0.181896
0.494213
0.302184
-0.171060
-0.350163
-0.041576
0.293790
0.132386
-0.315004
-0.431464
0.169007
0.565134
0.302397
-0.257153
-0.484480
-0.152874
0.268869
0.353101
0.180885
-0.078617
-0.266343
-0.105981
0.253719
0.321176
0.045762
-0.103023
-0.141984
-0.134441
-0.183922
-0.099416
0.185699
0.402238
0.227518
-0.215552
-0.319399
-0.041571
0.236174
0.251431
0.051009
-0.162601
-0.106246
0.147881
0.301102
0.177985
-0.255412
-0.617417
-0.256561
0.316533
0.513049
-0.057475
-0.714697
-0.469423
0.249554
0.829539
0.522771
-0.177793
-0.504880
-0.288680
0.028187
0.021146
-0.141696
-0.140638
0.084144
0.172309
0.136760
-0.044126
-0.231415
-0.153395
0.131141
0.243360
-0.105290
-0.516668
-0.124312
0.602927
0.556743
-0.069742
-0.660174
-0.529169
0.016412
0.357954
0.587867
0.328368
-0.351485
-0.810243
-0.610980
0.189520
0.653593
0.364441
-0.084957
-0.286171
-0.145196
0.055922
0.173652
0.221900
-0.029064
-0.232001
-0.053489
0.075531
0.068019
-0.166922
-0.508794
-0.431115
0.100871
0.632071
0.541386
0.134285
-0.352270
-0.613943
-0.458480
-0.058721
0.440123
0.555583
0.313911
-0.124355
-0.436080
-0.507809
-0.331458
0.152345
0.536919
0.421698
-0.180110
-0.547321
-0.262361
0.198913
0.429265
0.303219
-0.103068
-0.505468
-0.486987
0.031094
0.641993
0.717938
0.128131
-0.520934
-0.633379
-0.128405
0.423060
0.575352
0.186746
-0.337525
-0.457296
-0.156565
0.260956
0.368916
0.109102
-0.288024
-0.418621
-0.200458
0.193461
0.355381
0.099669
-0.197949
-0.326132
-0.127921
0.113562
0.275359
0.279635
0.009153
-0.282510
-0.422038
-0.213743
0.175640
0.450655
0.321440
-0.098906
-0.395268
-0.301738
0.119656
0.382426
0.278968
-0.107705
-0.336972
-0.199235
0.086225
0.271486
0.162387
-0.080761
-0.222787
-0.169133
-0.020436
0.051594
-0.053967
-0.098239
0.072245
0.303420
0.302277
-0.106337
-0.450150
-0.298060
0.213911
0.459518
0.149384
-0.276863
-0.334074
0.005234
0.307427
0.227646
-0.071337
-0.308284
-0.251460
0.089482
0.372182
0.356292
-0.027582
-0.441462
-0.471349
-0.064631
0.398753
0.432723
0.028264
-0.324711
-0.325901
-0.019616
0.213532
0.153594
0.057044
-0.021651
0.007814
-0.011619
-0.119374
-0.127063
-0.008129
0.159484
0.183224
0.066130
-0.132830
-0.183513
-0.057335
0.188611
0.284202
0.076874
-0.218329
-0.324379
-0.043166
0.257727
0.216428
-0.108391
-0.290484
-0.131092
0.176392
0.206898
-0.050863
-0.213424
-0.149419
0.066327
0.170542
0.059055
-0.174396
-0.300584
-0.147963
0.202604
0.440513
0.250578
-0.160305
-0.353463
-0.187915
0.178659
0.256978
0.032510
-0.118905
-0.050241
0.180315
0.163015
-0.041465
-0.202371
-0.115666
0.107189
0.180406
0.135772
0.002024
-0.120485
-0.112968
0.027283
0.180880
0.194774
-0.058599
-0.197652
-0.128258
0.069268
0.173383
0.066892
-0.107957
-0.139217
0.050428
0.175973
0.136384
-0.057704
-0.157827
-0.070114
0.098313
0.160030
0.091427
-0.026889
-0.130801
-0.130487
-0.012365
0.137125
0.204995
0.095014
-0.086760
-0.142190
-0.044488
0.083526
0.073638
0.033873
0.022112
0.025462
-0.009389
-0.042350
0.011577
0.079058
0.034739
-0.088323
-0.119306
0.000182
0.151231
0.127748
-0.008265
-0.078823
-0.059374
0.015043
0.079156
0.063879
0.044033
-0.025634
-0.106820
-0.117289
-0.077665
-0.038458
-0.042872
-0.041279
0.067304
0.189244
0.181904
0.056733
-0.146920
-0.209037
-0.064408
0.150945
0.248151
0.153299
-0.059642
-0.171753
-0.071662
0.071650
0.128693
0.070495
-0.050989
-0.104435
-0.083827
0.001470
0.061445
0.056357
0.015619
-0.032149
-0.027469
0.004668
0.054878
0.075611
0.030523
-0.036391
-0.044188
-0.013772
0.048880
0.054374
-0.032419
-0.093424
-0.063503
0.035223
0.093653
0.033431
-0.056823
-0.108476
-0.059540
0.002796
0.058145
0.090522
0.071623
-0.020839
-0.113937
-0.088312
0.001702
0.110500
0.082332
0.030031
-0.035610
-0.046334
-0.013847
0.039491
0.038587
-0.012325
-0.016944
-0.039180
-0.030291
-0.014983
0.022427
0.028845
0.020637
-0.030614
-0.068124
-0.063910
-0.049808
0.025542
0.060439
0.060919
0.005639
-0.060651
-0.068702
-0.026278
0.077114
0.098589
0.035399
-0.065451
-0.114056
-0.078804
0.000113
0.023270
0.019859
0.023638
0.025455
-0.013675
-0.070930
-0.089554
-0.042175
0.045131
0.055421
0.034994
-0.017395
-0.072594
-0.070973
-0.003397
0.030998
0.043376
0.006693
0.005381
0.022151
0.005539
-0.020367
-0.064330
-0.042185
0.024704
0.029913
-0.023064
-0.074171
-0.063516
0.008919
0.035552
0.030582
-0.005101
-0.027925
-0.019611
-0.043482
-0.052787
-0.024534
0.013256
0.047317
0.026862
0.008878
-0.031245
-0.028811
-0.026294
-0.029398
0.000128
0.025035
0.036579
-0.005672
-0.028237
-0.038691
-0.012314
0.001998
0.020519
0.007766
-0.002286
0.019320
0.038835
0.040246
-0.032694
-0.081187
-0.050302
0.032465
0.076637
0.035342
-0.032518
-0.051036
-0.020338
0.043856
0.045253
-0.008047
-0.029255
-0.030969
-0.016558
0.006662
0.035115
0.036714
0.002634
-0.035503
-0.055113
-0.017375
0.068222
0.107752
0.048167
-0.085654
-0.161703
-0.094639
0.071592
0.184405
0.114293
-0.055194
-0.170646
-0.136811
0.032527
0.182373
0.181719
0.040913
-0.128356
-0.173375
-0.078938
0.061062
0.156748
0.106223
-0.018824
-0.102335
-0.101373
-0.004437
0.085042
0.077464
0.003801
-0.049475
-0.042471
0.001749
0.018983
0.016657
-0.017120
-0.023561
-0.006774
0.012237
0.046299
0.025408
-0.006258
-0.052096
-0.054664
-0.018422
0.020098
0.041676
0.025239
-0.018483
-0.036057
-0.013340
0.001264
0.011605
-0.000139
0.012842
0.010657
0.003736
-0.010112
0.003170
0.010643
0.003773
-0.012453
-0.028647
-0.009581
0.013520
0.013082
-0.019795
-0.036420
-0.046996
0.003917
0.032164
0.029494
0.006275
-0.020064
-0.016639
0.002348
-0.007965
-0.021437
-0.014317
-0.004648
0.025824
0.030390
0.006136
-0.035491
-0.049549
-0.017112
0.032045
0.057141
0.034286
-0.040800
-0.084094
-0.049948
0.019643
0.067517
0.062638
0.029308
-0.020542
-0.071997
-0.077648
-0.020898
0.050849
0.091988
0.077685
-0.004947
-0.097974
-0.105644
-0.038874
0.034305
0.074608
0.041011
0.004896
-0.021054
-0.038186
-0.011152
-0.005929
0.005052
0.007725
0.013509
0.015375
-0.004796
-0.023956
-0.042094
-0.016630
0.002187
0.009610
-0.011478
-0.012316
-0.017866
-0.027449
-0.006902
0.032224
0.061962
0.022612
-0.020781
-0.044535
-0.032789
0.005476
0.066184
0.037247
-0.018089
-0.062722
-0.066275
0.001191
0.041042
0.054632
0.003259
-0.043963
-0.069140
-0.012646
0.059593
0.099148
0.048662
-0.056828
-0.107551
-0.112867
0.001889
0.093647
0.123078
0.044937
-0.066827
-0.108279
-0.043704
0.044805
0.090847
0.061817
-0.037302
-0.080033
-0.055808
0.034125
0.075772
0.043973
-0.016083
-0.048621
-0.041844
0.027614
0.061918
0.046643
-0.027146
-0.069691
-0.027610
0.015388
0.059947
0.039314
0.003611
-0.023674
-0.034806
-0.000511
0.022726
0.032609
0.015075
-0.005779
-0.019393
-0.022639
-0.001775
0.012358
0.005150
-0.020009
0.005966
0.016322
0.024507
-0.004772
-0.026139
-0.005502
0.019904
0.016126
-0.005159
-0.020819
-0.017084
0.008807
0.034220
0.045836
-0.001137
-0.042267
-0.045502
0.011434
0.043315
0.045708
0.025656
-0.005287
-0.046489
-0.059395
-0.018792
0.032529
0.079128
0.064285
-0.016332
-0.081361
-0.072019
0.006263
0.097679
0.093563
0.017528
-0.064702
-0.081065
0.000061
0.062251
0.058660
0.022452
-0.023174
-0.047740
-0.043177
-0.017511
0.031519
0.039002
0.003304
-0.015710
-0.034966
-0.012514
0.006129
0.008328
0.004757
0.001680
0.018055
0.016547
0.009081
-0.016496
-0.042199
-0.040355
0.010565
0.063915
0.036710
-0.020452
-0.048050
-0.030784
0.011702
0.032379
0.035468
0.011134
-0.035737
-0.044621
-0.035097
-0.015643
0.021217
0.044304
0.025670
-0.036856
-0.083395
-0.061311
0.015125
0.081472
0.061689
-0.007545
-0.060587
-0.065268
-0.005142
0.026696
0.028979
-0.002638
-0.045191
-0.040438
-0.002268
0.026504
0.017182
-0.014573
-0.036361
-0.012153
0.016877
0.033609
0.012262
-0.035748
-0.025704
0.004298
0.029986
0.023474
-0.005585
-0.013113
-0.008434
0.010197
0.003797
-0.031034
-0.042460
-0.005781
0.026426
0.033478
-0.006106
-0.052680
-0.045624
-0.019068
0.032831
0.051606
0.016147
-0.016272
-0.033900
-0.012645
-0.002971
-0.000035
-0.004057
-0.013459
-0.018130
0.002868
0.032825
0.038768
0.016731
-0.014992
-0.040920
-0.046620
-0.005335
0.035370
0.041745
0.007256
-0.018625
-0.043348
-0.023398
-0.001456
0.015144
0.033159
0.013621
-0.009870
-0.019512
-0.019130
0.001042
0.029146
0.016245
-0.018435
-0.030315
-0.009601
0.022838
0.026894
0.014219
0.000311
-0.030663
-0.020580
0.002260
0.017911
0.004826
-0.015248
-0.020157
-0.004192
0.012082
0.019953
0.014377
0.001749
-0.010691
-0.016471
-0.001165
0.005308
0.011632
0.000671
0.001076
-0.011596
0.005557
0.013509
0.023701
0.021779
-0.017330
-0.053664
-0.058037
0.008045
0.062222
0.061509
-0.009077
-0.059816
-0.056077
0.004497
0.071839
0.066140
-0.008345
-0.085687
-0.090990
0.008059
0.105665
0.110380
0.022355
-0.084251
-0.114442
-0.061165
0.049145
0.116695
0.096087
-0.012318
-0.106126
-0.113464
-0.031226
0.087048
0.120730
0.047056
-0.052082
-0.091545
-0.045463
0.049661
0.091262
0.053523
-0.022007
-0.067993
-0.047205
0.001706
0.037761
0.047909
0.025074
-0.025823
-0.045699
-0.024313
0.033099
0.055305
0.029190
-0.010538
-0.046321
-0.029376
0.009324
0.034796
0.024696
-0.020042
-0.045566
-0.011965
0.020982
0.037314
0.027803
0.000339
-0.007182
-0.002678
-0.015372
-0.016745
-0.010679
0.005762
0.024813
0.022233
0.017934
-0.004676
-0.014870
-0.020007
-0.002460
0.011929
0.004050
0.008944
0.021973
0.017011
0.001528
-0.020760
-0.028354
-0.001988
0.015504
0.025566
0.026760
0.012337
-0.003816
-0.011198
-0.017824
-0.017820
-0.001055
0.033497
0.046035
0.023520
-0.025334
-0.052265
-0.025133
0.019493
0.039213
0.026233
0.005926
-0.014090
-0.021346
-0.000769
0.016664
0.009304
0.009582
0.006727
0.021651
0.021900
0.003696
-0.025085
-0.041573
-0.018765
0.014728
0.041466
0.032974
0.010364
-0.015840
-0.033452
-0.016820
0.019220
0.044814
0.036352
-0.016178
-0.046486
-0.031701
0.009121
0.056313
0.054959
0.001747
-0.057364
-0.069119
-0.007793
0.057282
0.068282
0.021511
-0.027658
-0.061108
-0.040723
0.008229
0.058270
0.066619
-0.001946
-0.044978
-0.059826
-0.005798
0.059740
0.076185
0.018237
-0.052924
-0.070543
-0.036377
0.025191
0.069091
0.067659
-0.004166
-0.060241
-0.063708
-0.020684
0.035720
0.055747
0.028965
-0.009987
-0.036282
-0.016321
0.017459
0.021748
-0.008157
-0.026416
-0.022203
0.000612
0.015232
0.009536
0.017183
-0.001882
-0.016357
-0.039511
-0.027575
0.022270
0.055085
0.043632
-0.025146
-0.079817
-0.067534
0.014615
0.082250
0.060090
-0.025781
-0.089884
-0.066721
0.011536
0.070969
0.060829
0.003890
-0.044552
-0.049249
-0.021473
-0.002084
0.004003
-0.002513
0.010588
0.016493
0.004247
-0.032490
-0.036334
-0.009267
0.008166
0.013807
-0.000437
-0.011585
-0.027084
-0.026179
-0.026194
-0.004542
0.018709
0.033935
0.016974
-0.024552
-0.061457
-0.048325
0.004846
0.044952
0.034635
-0.016251
-0.034034
-0.027191
0.004625
0.015661
0.013004
-0.000241
-0.016886
-0.038510
-0.050490
-0.027916
0.016631
0.057432
0.048773
0.002911
-0.061098
-0.082883
-0.037192
0.047283
0.082390
0.031563
-0.040023
-0.077443
-0.037285
0.010496
0.038817
0.021138
-0.008260
-0.008530
-0.011871
-0.019879
-0.025836
-0.016310
0.019113
0.045993
0.020766
-0.019470
-0.051830
-0.020280
0.029570
0.043040
0.010100
-0.021358
-0.027466
-0.019927
0.010360
0.008993
0.000011
-0.015158
-0.019686
-0.000900
0.001267
0.011266
0.009351
0.009251
-0.005731
-0.023064
-0.013139
0.009205
0.025050
-0.002708
-0.039386
-0.048261
-0.000195
0.042475
0.048522
-0.001639
-0.062636
-0.057364
-0.008365
0.056074
0.067916
0.015818
-0.037206
-0.053150
-0.031661
-0.003029
0.008617
0.015522
0.012891
-0.015784
-0.044894
-0.047493
-0.020820
0.035592
0.061758
0.031346
-0.027874
-0.066641
-0.032383
0.015631
0.048947
0.042204
0.003883
-0.023907
-0.042416
-0.034230
-0.020142
0.002662
0.032414
0.024334
0.001193
-0.024697
-0.018915
0.010199
0.031396
0.029496
-0.010919
-0.045187
-0.047853
-0.004680
0.042377
0.056448
0.024223
-0.018671
-0.054703
-0.037123
0.007896
0.044198
0.038735
-0.004889
-0.037014
-0.035394
0.004111
0.030791
0.037825
0.018513
-0.008438
-0.032621
-0.013775
0.023012
