-0.002576
-0.002610
-0.002306
-0.002139
-0.001926
-0.001434
-0.001053
-0.000675
-0.000588
-0.000250
0.000124
0.000271
0.000245
0.000063
-0.000199
-0.000089
0.000022
-0.000035
0.000310
0.000717
0.001134
0.001503
0.001553
0.001556
0.001791
0.002195
0.002489
0.002958
0.003321
0.003571
0.003457
0.003742
0.004126
0.004517
0.005084
0.005116
0.005476
0.005620
0.005876
0.005934
0.006209
0.006515
0.007271
0.007764
0.007801
0.008234
0.008595
0.008761
0.008855
0.009156
0.009403
0.010176
0.010498
0.010617
0.010602
0.010840
0.011314
0.011281
0.011417
0.011568
0.011657
0.011796
0.011837
0.011524
0.011639
0.012101
0.012369
0.012537
0.012780
0.012839
0.012835
0.013266
0.013519
0.013362
0.013105
0.012969
0.012989
0.013698
0.014216
0.014600
0.014869
0.014852
0.014802
0.014792
0.014896
0.014881
0.014802
0.014571
0.014705
0.014619
0.014770
0.014585
0.014433
0.014160
0.013381
0.013163
0.012563
0.012648
0.012752
0.012549
0.012345
0.012317
0.012577
0.012189
0.012177
0.011916
0.011665
0.011906
0.011856
0.011735
0.011683
0.011637
0.011880
0.012004
0.011901
0.011650
0.011536
0.011755
0.011808
0.011651
0.011220
0.010947
0.010914
0.011080
0.011014
0.010639
0.010586
0.010371
0.010011
0.010074
0.010060
0.010067
0.010162
0.010063
0.009749
0.009625
0.009534
0.009587
0.009555
0.009480
0.009844
0.009752
0.009806
0.009602
0.009263
0.008907
0.008579
0.008889
0.009064
0.009128
0.009048
0.008732
0.008580
0.008396
0.008585
0.008752
0.008421
0.008001
0.007723
0.007739
0.007422
0.007168
0.007028
0.006871
0.007042
0.007658
0.007878
0.007835
0.007568
0.007144
0.007249
0.007351
0.007576
0.007573
0.007256
0.007051
0.006852
0.006796
0.006380
0.006052
0.005946
0.005701
0.005044
0.004598
0.004213
0.004045
0.004343
0.004360
0.004308
0.003983
0.003764
0.003520
0.003756
0.003699
0.003429
0.003139
0.002596
0.002292
0.002139
0.001826
0.001766
0.001287
0.000635
0.000516
0.000250
0.000392
0.000180
0.000047
-0.000744
-0.001622
-0.001754
-0.001632
-0.001129
-0.001002
-0.001079
-0.001602
-0.002045
-0.002343
-0.002846
-0.002754
-0.003043
-0.003396
-0.003149
-0.003334
-0.003589
-0.004067
-0.004481
-0.004407
-0.004439
-0.004849
-0.005340
-0.005633
-0.005872
-0.005759
-0.005850
-0.006403
-0.006220
-0.006209
-0.006375
-0.006305
-0.006686
-0.006774
-0.006878
-0.006766
-0.006821
-0.007095
-0.006939
-0.007305
-0.007640
-0.007551
-0.007772
-0.007812
-0.008139
-0.008556
-0.008376
-0.008392
-0.008391
-0.008447
-0.008677
-0.008763
-0.008728
-0.009046
-0.009140
-0.009290
-0.009503
-0.009543
-0.010108
-0.010405
-0.010494
-0.010399
-0.010359
-0.010610
-0.010686
-0.010704
-0.010787
-0.011258
-0.011389
-0.011512
-0.011683
-0.011609
-0.011756
-0.011688
-0.011987
-0.012095
-0.012031
-0.011946
-0.012058
-0.011960
-0.012045
-0.012333
-0.012007
-0.011611
-0.011180
-0.011327
-0.011366
-0.011704
-0.011713
-0.011677
-0.011802
-0.011984
-0.012210
-0.012364
-0.012353
-0.011845
-0.011794
-0.011729
-0.011524
-0.011430
-0.011340
-0.011093
-0.011033
-0.010938
-0.010896
-0.010492
-0.010392
-0.010389
-0.010417
-0.010562
-0.010514
-0.010098
-0.010101
-0.010439
-0.010126
-0.010089
-0.009745
-0.009534
-0.009132
-0.008852
-0.008905
-0.008901
-0.008782
-0.008587
-0.008559
-0.008694
-0.008738
-0.008189
-0.008184
-0.008315
-0.008419
-0.008516
-0.008873
-0.009107
-0.008677
-0.008321
-0.008450
-0.009052
-0.008827
-0.008743
-0.008365
-0.007930
-0.007967
-0.008047
-0.008370
-0.008436
-0.008653
-0.008298
-0.007860
-0.008187
-0.008692
-0.008798
-0.008663
-0.008156
-0.007696
-0.007685
-0.007783
-0.008053
-0.008065
-0.007864
-0.007523
-0.007203
-0.007383
-0.007265
-0.007123
-0.007508
-0.007456
-0.007565
-0.007377
-0.007119
-0.007181
-0.007121
-0.006911
-0.006437
-0.006324
-0.005767
-0.005792
-0.006034
-0.005948
-0.005871
-0.005270
-0.004953
-0.004429
-0.004137
-0.004051
-0.004313
-0.004711
-0.004428
-0.004476
-0.004240
-0.003897
-0.003897
-0.003886
-0.003339
-0.002447
-0.001834
-0.001368
-0.001827
-0.002070
-0.001956
-0.001639
-0.001600
-0.001427
-0.000518
-0.000407
-0.000630
-0.000950
-0.001421
-0.001454
-0.000964
-0.000842
-0.000185
0.000617
0.000890
0.000812
0.000907
0.001643
0.002050
0.002334
0.002532
0.003288
0.003462
0.003273
0.003199
0.003302
0.003895
0.003885
0.004418
0.004622
0.004367
0.004638
0.005595
0.006805
0.007179
0.006993
0.006029
0.005363
0.005772
0.007167
0.007796
0.007520
0.008097
0.008877
0.009442
0.009457
0.009256
0.009468
0.009444
0.008595
0.008014
0.008535
0.009695
0.010002
0.009554
0.008769
0.008426
0.008617
0.009398
0.010349
0.010388
0.009972
0.009257
0.009075
0.009037
0.009121
0.009183
0.009335
0.009343
0.008970
0.008756
0.008289
0.008149
0.008950
0.009333
0.009166
0.008949
0.008488
0.008399
0.007978
0.008146
0.008721
0.009361
0.009878
0.009970
0.010251
0.009665
0.008651
0.008230
0.009094
0.009865
0.010594
0.010696
0.009635
0.008451
0.007874
0.008549
0.008382
0.008435
0.009559
0.010385
0.010838
0.010177
0.009775
0.008764
0.008214
0.008332
0.008923
0.010013
0.009628
0.008974
0.007218
0.005346
0.002985
0.004208
0.004775
0.004668
0.002791
0.002072
-0.000521
-0.003757
-0.000445
-0.011271
-0.017303
-0.016006
-0.020790
-0.023722
-0.010379
0.004877
0.024814
0.050608
0.046516
0.055130
0.068464
0.016678
-0.041199
-0.016090
0.017934
0.000800
0.019644
0.102185
0.091186
-0.035737
-0.110991
-0.068307
-0.011057
0.023351
0.063000
0.080493
0.081002
-0.069509
-0.194082
-0.089776
0.072795
0.130028
0.094219
0.046113
-0.043375
-0.096158
-0.043406
0.072020
0.122554
0.054455
-0.048689
-0.074218
-0.015480
0.051446
0.057358
0.047447
-0.012146
-0.057664
-0.069458
-0.004944
0.144433
0.165855
-0.032058
-0.178365
-0.202476
-0.130232
0.134507
0.144650
0.068940
-0.014906
-0.084770
-0.065572
-0.065870
-0.054104
-0.041991
0.030441
0.141514
0.192299
0.068259
-0.131253
-0.238659
-0.118248
0.087118
0.163318
0.059321
-0.043382
-0.041418
-0.011080
-0.034766
-0.060560
-0.001870
0.055782
0.056962
0.023848
-0.025474
-0.016566
0.031755
-0.012574
-0.033995
-0.029540
-0.029726
0.040150
0.064679
0.045585
0.011147
0.010476
-0.002392
-0.050506
-0.111446
-0.107029
0.016567
0.082892
0.091081
0.051470
-0.023133
-0.165194
-0.181013
-0.007495
0.122863
0.103984
-0.028889
-0.090684
-0.025107
0.049193
0.037693
0.078670
0.063884
-0.062446
-0.091187
-0.041263
0.069172
0.121112
-0.048566
-0.110203
-0.116387
-0.067412
0.072212
0.167139
0.173501
0.021260
-0.110712
-0.125534
-0.023715
-0.080296
0.143794
0.195359
0.111238
0.036405
-0.303043
-0.406390
-0.199319
0.151723
0.357549
0.364626
-0.029006
-0.260817
-0.287932
-0.205309
-0.093355
0.091662
0.363465
0.319577
-0.025350
-0.423696
-0.427548
-0.266732
-0.061634
0.150328
0.202742
0.117885
-0.048205
-0.003397
0.125414
0.160585
-0.045151
-0.160030
-0.105758
-0.005039
-0.075245
-0.130743
0.196397
0.143460
0.034945
-0.233574
-0.079903
0.271016
0.171478
-0.099540
-0.331049
-0.275233
0.001916
0.371063
0.380420
0.309905
-0.291562
-0.594545
-0.241415
0.232746
0.376979
0.026878
-0.118587
-0.172925
-0.020279
-0.005549
-0.031808
0.029588
-0.134037
-0.186102
-0.114037
0.204608
0.347087
-0.020130
-0.213416
-0.278003
-0.229072
-0.086135
0.216181
0.408171
0.229696
-0.142421
-0.352998
-0.115423
0.132925
0.174232
0.079959
0.145421
0.093919
-0.022351
-0.048333
-0.320667
-0.402050
-0.099386
0.411281
0.705255
0.050200
-0.575270
-0.535791
-0.220555
0.119154
0.331493
0.552806
0.380773
-0.141778
-0.550797
-0.455358
-0.007561
0.209725
0.378592
0.400835
0.019543
-0.325906
-0.290824
-0.234756
-0.404692
-0.089173
0.335211
0.540977
0.303664
-0.212005
-0.314996
-0.258507
-0.036106
0.201770
0.386221
0.043127
-0.412570
-0.294252
0.227373
0.526361
0.118639
-0.378553
-0.460200
0.054156
0.444124
0.524062
0.194552
-0.323054
-0.471495
-0.394123
-0.039884
0.252337
0.460029
0.450493
0.136436
-0.344284
-0.742622
-0.584379
0.112516
0.681558
0.607882
0.049513
-0.469447
-0.538742
-0.113018
0.433839
0.486985
0.015181
-0.491310
-0.463721
0.042606
0.500004
0.465181
-0.021116
-0.334480
-0.286996
0.098490
0.433609
0.225835
-0.076224
-0.408451
-0.477045
-0.145817
0.364211
0.707621
0.412175
-0.129759
-0.504241
-0.336878
-0.003884
0.227554
0.305689
0.234596
0.063329
-0.192352
-0.191506
-0.115597
0.017296
0.087888
0.132333
0.238084
0.190569
0.017211
-0.283579
-0.453566
-0.266422
0.190569
0.511957
0.351422
-0.083637
-0.442666
-0.264000
0.204182
0.244890
-0.034264
-0.255341
-0.258841
-0.000024
0.357914
0.568044
0.346715
-0.188902
-0.479391
-0.290359
0.110162
0.338749
0.364226
0.387307
0.208284
-0.483498
-0.912588
-0.633102
-0.285365
-0.094905
0.269664
0.880588
0.913390
0.190163
-0.500281
-0.659250
-0.515620
-0.518594
-0.186207
0.645767
1.000000
0.374529
-0.362785
-0.383573
-0.151081
-0.124233
-0.118847
0.114776
0.316481
0.145539
-0.089960
-0.137297
0.067433
0.170880
0.051190
-0.129365
-0.278919
-0.137754
0.130509
0.375041
0.317597
-0.128178
-0.590877
-0.580166
0.079168
0.802184
0.873127
0.227861
-0.464283
-0.533264
-0.036490
0.432575
0.371580
-0.078804
-0.424166
-0.509804
-0.219559
0.093906
0.045603
-0.240880
-0.170212
0.299464
0.521907
0.329874
-0.170973
-0.521290
-0.558432
-0.288379
0.261101
0.690233
0.568062
-0.002906
-0.332769
-0.233120
-0.015403
0.012967
-0.060014
0.004092
0.068692
0.052782
0.036672
0.021391
0.009594
-0.017509
0.011230
0.041318
0.006703
-0.037369
-0.063059
-0.015922
0.019327
0.058597
0.037746
0.044918
0.040392
-0.005217
-0.008635
-0.022796
-0.088496
-0.091625
0.054814
0.110247
-0.039988
-0.264594
-0.224057
0.071095
0.297865
0.188287
-0.106691
-0.306716
-0.292279
-0.069461
0.113957
0.247101
0.253150
0.102983
-0.029221
-0.028206
0.029141
-0.024783
-0.111564
-0.100902
0.067182
0.182183
0.151536
-0.022996
-0.176628
-0.173000
-0.048942
0.125026
0.131242
0.030718
-0.127490
-0.187324
-0.064208
0.122888
0.175852
0.031441
-0.124124
-0.149287
-0.081972
-0.022643
0.061873
0.118378
0.085602
-0.017467
-0.113696
-0.092162
-0.041405
-0.034039
0.028491
0.102604
0.081180
-0.046634
-0.129269
-0.054869
0.026284
-0.004856
-0.036880
0.002336
0.056243
0.061490
0.016437
0.021900
0.001068
-0.031977
-0.047520
-0.026535
0.060203
0.025112
-0.065984
-0.134028
-0.056421
0.101524
0.107240
-0.008801
-0.147222
-0.153723
0.004244
0.141521
0.134745
0.054515
-0.060355
-0.092704
-0.051139
0.015364
0.065918
-0.003181
-0.063773
-0.050925
0.007521
-0.006551
-0.101936
-0.107770
-0.014081
0.067681
0.039203
-0.034155
-0.084773
-0.050009
0.037253
0.110111
0.105229
-0.002784
-0.116250
-0.127582
-0.007429
0.100722
0.133889
0.034294
-0.070932
-0.103493
-0.035411
0.049042
0.031025
-0.031325
-0.050830
0.017873
0.038114
-0.004873
-0.051380
-0.053189
-0.033254
0.005687
0.050988
0.107544
0.098077
0.002416
-0.104006
-0.133817
-0.056190
0.029201
0.093643
0.073764
0.008488
-0.060941
-0.133266
-0.115812
0.005744
0.152988
0.159039
0.014006
-0.115714
-0.116992
0.013550
0.093324
0.048108
-0.069907
-0.102600
-0.007255
0.110560
0.133124
0.019224
-0.080044
-0.110216
-0.050586
0.067320
0.149062
0.108816
-0.038735
-0.146096
-0.118827
0.002885
0.096850
0.081878
-0.009571
-0.075822
-0.066930
-0.010729
0.035199
0.018652
-0.034150
-0.046246
-0.006369
0.043216
0.061220
0.035492
-0.008593
-0.046590
-0.049939
-0.005774
0.048821
0.073831
0.040144
-0.013827
-0.045389
-0.029912
0.007009
0.040635
0.056039
0.026177
-0.006498
-0.026319
-0.020048
-0.003333
0.014160
0.008971
-0.009725
-0.027456
-0.018290
0.028687
0.050757
0.054139
0.003961
-0.014390
0.006929
0.010398
-0.002284
-0.043324
-0.016538
0.037235
0.067966
0.044780
-0.022786
-0.050315
-0.032930
0.021783
0.055986
0.044940
0.021893
-0.056675
-0.093452
-0.071503
-0.026216
0.005477
-0.010920
0.025767
0.049255
0.026431
-0.018204
-0.039496
-0.024321
0.006952
0.034573
0.054337
0.060829
0.043415
0.004517
-0.017507
0.013260
0.039439
0.020200
-0.041183
-0.050385
0.005881
0.065299
0.025382
-0.085825
-0.096442
-0.001042
0.057225
0.017328
-0.013902
0.006070
0.051902
0.025002
-0.065407
-0.084994
-0.013287
0.087841
0.088559
0.005187
-0.064086
-0.060324
0.011214
0.051132
0.031109
0.004689
0.005066
0.009619
-0.027409
-0.074337
-0.049657
0.038496
0.113598
0.069654
-0.029565
-0.094239
-0.064427
0.013233
0.045180
0.035259
-0.005473
-0.003471
-0.000355
-0.005269
-0.035231
-0.042332
0.018587
0.061309
0.048013
-0.019588
-0.075826
-0.056554
-0.001572
0.046583
0.039602
0.006450
0.004304
-0.009770
-0.033127
-0.047937
-0.032113
0.004696
0.037975
0.003498
-0.030254
-0.019624
0.025485
0.068276
0.040830
-0.022965
-0.071105
-0.031438
0.035649
0.062657
0.022902
-0.043235
-0.040625
0.000059
0.023605
0.015430
-0.007234
-0.012070
-0.007387
0.008767
0.018229
-0.016118
-0.038236
-0.009696
0.033967
0.057359
0.023267
-0.013478
-0.040602
-0.042523
-0.018218
0.001664
0.015767
0.022176
0.011871
-0.003373
-0.012795
-0.023266
0.011165
0.037557
0.036464
-0.008890
-0.044895
-0.032947
-0.005057
0.012971
0.006333
-0.000851
-0.012892
0.001292
0.021268
0.023760
0.001592
-0.017276
-0.003158
0.017287
0.023804
0.020327
0.003807
-0.032504
-0.068088
-0.031845
0.052290
0.105246
0.078336
-0.017664
-0.092612
-0.121810
-0.064846
0.040354
0.090538
0.072114
-0.013143
-0.071194
-0.056570
-0.010983
0.038488
0.034736
0.012861
-0.013223
-0.019557
-0.002255
0.006190
0.010089
0.006296
0.005622
0.005078
0.001293
0.002420
-0.004856
-0.010856
-0.007366
0.003789
0.010994
-0.009129
-0.015038
-0.010219
0.006420
0.012044
0.013298
0.010338
0.011376
0.028738
0.023935
0.000499
-0.033510
-0.022557
-0.009888
-0.012339
-0.016402
-0.003550
0.024241
0.020370
0.000179
-0.041010
-0.049970
-0.020078
0.019905
0.036777
0.018483
-0.011288
-0.024324
-0.004670
0.029437
0.035325
0.016230
-0.011338
-0.021107
-0.006189
0.007212
0.029211
0.021880
-0.000006
-0.034643
-0.041766
-0.017213
0.000017
0.016450
0.020899
0.008746
-0.010638
-0.021149
-0.006760
0.019395
0.029823
-0.011776
-0.048598
-0.042557
0.012773
0.065890
0.061084
0.029305
-0.034464
-0.071486
-0.076457
-0.021765
0.031555
0.059381
0.043097
-0.002224
-0.022904
-0.036915
-0.016631
0.019251
0.028146
0.013505
-0.008177
-0.023449
-0.015103
-0.004864
0.020981
0.017262
0.011923
0.001010
-0.007104
0.014544
0.013995
0.003008
-0.011434
-0.010409
0.002529
0.006752
0.014478
0.004445
-0.026236
-0.033649
-0.020019
0.005053
0.022572
0.019157
0.001305
-0.022893
-0.033874
-0.020591
-0.017199
-0.017836
-0.006022
0.026751
0.057010
0.048823
-0.001492
-0.057011
-0.078363
-0.041564
0.016917
0.038434
0.021920
-0.010540
-0.026094
-0.031689
-0.004858
0.013957
0.029863
0.011260
-0.025595
-0.028673
-0.008565
0.022079
0.017882
0.002339
-0.018937
-0.026397
-0.023973
-0.000891
0.031851
0.028681
0.004930
-0.031424
-0.058376
-0.051419
-0.015663
0.034920
0.057485
0.031966
-0.009627
-0.021886
-0.018895
-0.008484
0.001372
-0.002622
-0.011108
-0.026155
-0.017905
0.002454
0.009573
0.012514
-0.003557
-0.009545
0.000849
-0.002150
-0.003054
-0.003480
0.006547
0.012150
0.012585
-0.005161
-0.032344
-0.034345
-0.002838
0.042336
0.027987
-0.000502
-0.027456
-0.037749
-0.019425
-0.004524
0.018641
0.007328
-0.020965
-0.035983
-0.025188
-0.007054
0.014601
0.025675
0.012068
-0.003662
-0.029280
-0.031055
-0.008728
0.029605
0.047423
0.021332
-0.008406
-0.030518
-0.017165
0.010474
0.021503
0.014942
-0.010632
-0.018060
-0.006139
0.003128
0.007435
0.009701
0.005700
-0.008540
0.002649
0.024980
0.015221
-0.002287
-0.013518
0.005115
0.027490
0.020706
-0.002564
-0.036195
-0.017886
0.017641
0.033592
0.012464
-0.042039
-0.051727
-0.014196
0.029106
0.052800
0.039096
-0.015216
-0.055484
-0.054960
-0.009925
0.050169
0.069614
0.041498
-0.016214
-0.057679
-0.060428
-0.020360
0.043301
0.067498
0.046359
-0.001195
-0.035012
-0.040495
-0.007960
0.030876
0.031758
0.011495
-0.027833
-0.040284
-0.017108
0.007738
0.028776
0.021109
-0.019576
-0.049423
-0.030974
0.020875
0.055544
0.045811
0.005185
-0.021644
-0.022784
-0.001577
0.023600
0.027952
0.010452
-0.014217
-0.010089
0.007819
0.003457
-0.009854
-0.013920
0.006093
0.021176
0.008323
-0.009220
-0.011155
0.009072
0.023567
0.032663
0.019240
0.000034
-0.007557
-0.014417
-0.005831
-0.005098
-0.000410
0.008003
0.018957
0.028453
0.015351
-0.007236
-0.023489
-0.020844
-0.007033
0.004813
0.012003
0.012977
0.002217
-0.011371
-0.020422
-0.020284
0.001534
0.021197
0.024625
0.006955
-0.011129
-0.008767
0.003175
0.010641
0.014054
0.008827
0.008031
0.001966
-0.012245
-0.004368
0.012690
0.029451
0.025631
0.006284
-0.022962
-0.026969
-0.007277
0.015899
0.025136
0.020476
0.017212
0.016795
0.009993
-0.001728
-0.009042
-0.004174
0.008777
0.007181
0.008714
0.009251
0.000859
-0.011084
-0.006452
0.007147
0.015271
0.010350
0.010817
0.004161
-0.002146
0.011471
0.011054
0.008900
0.000690
-0.011577
-0.017330
-0.019239
0.008402
0.032725
0.039919
0.013422
-0.030287
-0.029420
0.001224
0.043987
0.043106
0.002705
-0.033121
-0.041078
-0.009401
0.032867
0.049125
0.025943
-0.013287
-0.044846
-0.042091
-0.008606
0.029451
0.043445
0.017373
-0.025982
-0.045386
-0.019889
0.031782
0.052306
0.025881
-0.024349
-0.047377
-0.029641
0.003713
0.027073
0.017568
0.000111
-0.014934
-0.014048
0.004080
0.023872
0.027653
0.009790
-0.014284
-0.023565
-0.012115
0.007433
0.012873
0.004974
-0.005087
-0.016938
-0.017894
0.004134
0.019565
0.013787
0.001605
-0.010826
-0.005427
-0.013927
-0.021511
-0.023207
-0.009834
0.014391
0.014116
0.016833
-0.001500
-0.032785
-0.061667
-0.061751
-0.019897
0.027086
0.045424
0.023904
-0.021330
-0.049620
-0.047373
-0.015341
0.015745
0.018970
0.006130
-0.007914
0.000055
0.000617
-0.004013
-0.020245
-0.027216
-0.022232
-0.012062
-0.002925
-0.004394
-0.008706
-0.006328
0.001272
0.008461
0.000402
-0.029432
-0.036985
-0.011020
0.019773
0.018394
0.001764
-0.003550
0.000425
-0.003305
-0.020135
-0.034130
-0.017302
0.005159
0.017537
0.002456
-0.026367
-0.033523
-0.016183
0.000817
0.004957
-0.002832
-0.019818
-0.018613
-0.003925
0.012279
0.003076
-0.004972
-0.011174
-0.011575
-0.015975
-0.018457
-0.009271
0.004801
0.015349
0.004235
-0.008170
-0.000967
0.004845
-0.007309
-0.022650
-0.033855
-0.000639
0.022914
0.020993
-0.005845
-0.041625
-0.051278
-0.017921
0.028724
0.040553
0.001349
-0.046776
-0.044742
-0.008012
0.033249
0.031714
0.014945
-0.005367
-0.023740
-0.033244
-0.027164
-0.000653
0.032438
0.038466
0.010708
-0.033026
-0.051320
-0.027647
0.008237
0.028910
0.008645
-0.022809
-0.029578
-0.006808
0.016293
0.019648
0.011788
0.002372
-0.005125
-0.009044
-0.012879
-0.010443
0.002252
0.018519
0.021285
0.005046
-0.016770
-0.021203
-0.005136
0.003569
-0.004845
-0.023155
-0.025929
-0.003908
0.015491
0.009623
-0.008875
-0.021281
-0.014160
0.006908
0.017386
0.012883
-0.006117
-0.009249
-0.010193
-0.007944
-0.004700
-0.014279
0.001862
0.006262
0.012119
0.005639
-0.011688
-0.010857
-0.010487
0.005185
0.009645
0.009289
-0.003662
-0.015555
-0.016011
0.001110
0.023692
0.026075
0.015629
-0.011546
-0.024476
-0.014950
0.010341
0.027595
0.028022
0.009336
-0.019084
-0.024200
-0.016267
0.008462
0.022395
0.012774
0.003131
-0.005394
-0.005964
-0.008522
-0.001685
0.010892
0.009387
0.001038
0.003150
0.009737
0.009631
-0.000361
-0.001577
0.017296
0.020857
-0.009367
-0.030021
-0.019834
0.004810
0.021628
0.025131
0.021081
0.004986
-0.012519
-0.020036
-0.012260
-0.000323
0.007053
0.018344
0.019034
-0.001922
-0.023780
-0.027659
0.002722
0.026932
0.026416
-0.002233
-0.033981
-0.031926
-0.003346
0.039649
0.054341
0.026643
-0.019770
-0.029367
-0.012157
0.009674
0.019568
0.011298
0.001394
-0.015307
-0.007830
0.010133
0.014285
0.002612
-0.001734
0.011724
0.023071
0.024439
0.015301
0.002161
-0.009163
-0.006482
0.008266
0.021218
0.019483
-0.012150
-0.036432
-0.026603
0.012032
0.040303
0.038206
0.010272
-0.012099
-0.013312
-0.002614
0.010979
0.004800
0.011982
0.021130
0.031153
0.022216
-0.003321
-0.028253
-0.031564
-0.018722
-0.000056
0.016970
0.012304
0.010050
0.003313
0.006066
0.008059
0.006340
0.002866
