-0.085344
0.031035
0.091893
0.055397
0.082077
0.045909
-0.050794
-0.119111
0.003751
0.143686
0.090501
0.123160
-0.096850
-0.246585
-0.093439
-0.037938
0.008313
0.062074
0.063934
0.105334
0.040446
-0.074489
-0.037895
-0.027443
-0.141271
-0.162994
0.076920
0.306646
0.201612
-0.083520
-0.227224
-0.193698
-0.072636
0.092202
0.228767
0.158907
-0.089484
-0.254902
-0.209748
-0.028991
0.214454
0.237543
0.029291
-0.126878
-0.258547
-0.194649
0.116190
0.388641
0.325487
-0.019236
-0.302992
-0.321821
-0.031403
0.109814
0.105705
0.085357
-0.005645
-0.027346
-0.011083
0.072656
0.013350
-0.062403
-0.069758
-0.065386
-0.086982
0.047293
0.088821
0.102956
0.029840
-0.085089
0.109662
0.013527
-0.098958
-0.158043
-0.013885
0.188279
0.194350
0.057499
0.041000
-0.055456
-0.103336
-0.053196
-0.047604
0.236748
0.258034
-0.006728
-0.398893
-0.358370
-0.052995
0.200538
0.209546
0.168104
0.181469
0.006993
-0.341545
-0.473509
-0.081390
0.266393
0.363657
0.226196
0.020699
-0.260438
-0.329352
-0.094037
0.164687
0.219382
0.073234
-0.119490
-0.184216
-0.017483
0.116343
0.343831
0.188336
-0.285038
-0.259144
-0.162928
0.108591
0.019313
-0.116191
0.065875
0.123147
0.207069
0.021682
-0.058868
-0.045300
0.017642
-0.048964
0.061345
0.072589
-0.140224
-0.084509
0.001899
0.236347
0.241253
0.066830
-0.106205
-0.339131
-0.406431
-0.163232
0.310833
0.414532
0.152732
-0.208173
-0.484666
-0.466694
-0.243115
0.383170
0.776700
0.416301
-0.211883
-0.641746
-0.374790
0.063858
0.239192
0.277390
0.172439
-0.034597
-0.263877
-0.141965
0.157927
0.263748
-0.002341
-0.371486
-0.432339
-0.116875
0.405069
0.641460
0.309171
-0.339272
-0.779015
-0.378470
0.404630
0.766894
0.391088
-0.231011
-0.331077
-0.254891
-0.040640
0.138501
0.178869
0.087277
0.014344
-0.015969
-0.070289
-0.011177
-0.034623
0.165152
0.212227
0.092965
0.018898
-0.067223
0.036412
-0.048609
-0.104811
-0.036567
0.057142
0.090823
-0.139850
-0.466623
-0.471163
-0.049918
0.469998
0.656389
0.350279
-0.155501
-0.435457
-0.401724
-0.237458
0.076583
0.386486
0.336286
0.067833
-0.299818
-0.490472
-0.226870
0.233381
0.755020
0.515047
-0.227255
-0.571377
-0.505175
-0.157692
0.233661
0.484518
0.503915
0.219316
-0.275318
-0.501733
-0.365142
-0.083761
0.094197
0.184830
0.261684
0.018646
-0.202490
-0.101133
0.001888
-0.082425
-0.095363
0.218081
0.382887
0.053004
-0.366830
-0.324295
0.054438
0.253715
0.152584
0.040066
-0.099010
-0.195671
-0.069215
0.357822
0.698850
0.166640
-0.549696
-0.686920
-0.355478
0.111988
0.256427
0.131717
-0.028165
-0.067767
0.081693
0.301802
0.306198
-0.053364
-0.451559
-0.538271
-0.131459
0.444331
0.729061
0.384480
-0.221049
-0.577920
-0.524320
-0.009889
0.333674
0.354531
-0.004569
-0.470563
-0.420126
0.160850
0.526153
0.386122
-0.133490
-0.563981
-0.458883
0.027898
0.621388
0.580793
0.134852
-0.287605
-0.483178
-0.363243
-0.151311
0.133917
0.344003
0.346534
0.060709
-0.252887
-0.258515
-0.022807
0.156195
0.199447
0.138881
-0.044484
-0.187644
-0.285762
-0.060257
0.371481
0.394778
-0.024136
-0.506970
-0.389369
0.116025
0.367137
0.237268
-0.152948
-0.456406
-0.437071
0.013179
0.462216
0.462485
-0.042055
-0.534316
-0.483387
0.018832
0.524094
0.538781
0.125734
-0.318849
-0.373829
-0.109469
0.156555
0.243782
0.167256
0.030312
-0.066232
-0.148745
-0.116537
0.015179
0.143025
0.206373
0.060193
-0.102847
-0.258562
-0.184837
0.064059
0.179154
0.076196
-0.100757
-0.129196
-0.018481
0.142571
0.035246
-0.265183
-0.500042
-0.385872
0.082800
0.549850
0.594471
0.119395
-0.331963
-0.405727
-0.092850
0.220813
0.246814
0.108230
-0.013108
-0.083988
-0.109619
-0.005488
0.078377
0.087002
0.010882
-0.056032
-0.058728
-0.075706
-0.038714
0.068798
0.210772
0.186689
-0.010554
-0.221747
-0.235115
0.009128
0.250845
0.219051
-0.068480
-0.285911
-0.184384
0.100234
0.268558
0.149306
-0.153211
-0.304712
-0.172476
0.083883
0.213913
0.184549
-0.005255
-0.206471
-0.230872
-0.093060
0.142448
0.146697
-0.079197
-0.179753
-0.050089
0.187968
0.216586
0.042875
-0.064152
-0.033543
0.030026
0.034216
-0.000393
0.007177
0.041593
0.049599
0.052151
0.003411
-0.044175
-0.057081
-0.039963
0.032437
0.056555
-0.001973
-0.064387
-0.094728
-0.027203
0.047193
0.054080
-0.004905
-0.084576
-0.080447
-0.020026
0.076934
0.068847
-0.008049
-0.036924
-0.045107
-0.009152
0.002683
-0.012879
-0.010052
0.007407
0.011363
0.006780
-0.026915
-0.039715
-0.011772
-0.007673
0.005219
0.015123
0.028482
0.069964
0.050210
-0.033471
-0.065795
-0.044327
0.048938
0.118307
0.103375
0.022768
-0.075871
-0.107151
-0.044270
0.062076
0.116266
0.064022
-0.058145
-0.121424
-0.075040
0.056962
0.121337
0.070475
-0.054709
-0.116953
-0.056855
0.040476
0.089939
0.048944
-0.028566
-0.059568
-0.027009
0.004204
0.028819
0.017288
0.013935
0.013669
0.002713
0.010989
-0.003006
-0.013140
-0.022121
-0.004151
0.042975
0.030053
0.007454
0.003256
0.023179
0.033656
0.005091
-0.020860
-0.043100
-0.017186
0.033242
0.066081
0.041523
-0.028959
-0.068853
-0.022850
0.059413
0.077990
0.039971
-0.037286
-0.053913
-0.028572
0.012298
0.040929
0.016156
-0.006166
-0.052656
-0.065610
-0.017590
0.046256
0.067470
0.021490
-0.051199
-0.069118
-0.015440
0.031610
0.052534
0.006596
-0.030824
-0.021079
-0.003099
0.060684
0.082736
0.052798
-0.008925
-0.062614
-0.046368
0.027538
0.089136
0.088940
0.000756
-0.054999
-0.024043
0.053592
0.099647
0.058254
-0.017469
-0.111739
-0.117694
-0.086681
-0.013275
0.024270
0.023157
-0.014179
-0.044555
-0.021082
0.009950
0.062093
0.049760
0.001855
-0.042697
-0.041817
0.033103
0.082108
0.036822
-0.003108
-0.007700
-0.001051
-0.019916
-0.030970
0.010446
0.054572
0.018001
-0.064369
-0.071498
0.001743
0.045846
0.013870
-0.018841
0.002374
0.035905
0.033897
-0.020128
-0.058520
-0.019730
0.034620
0.037728
-0.012953
-0.040966
-0.000770
0.037554
0.017822
-0.010461
-0.029567
-0.001269
0.019218
-0.005288
-0.041490
-0.047191
-0.003144
0.036246
0.029583
-0.017449
-0.057896
-0.008235
0.062205
0.074012
0.032466
-0.019282
-0.024247
-0.012169
-0.008050
-0.020607
-0.003915
0.031369
0.023087
-0.017814
-0.048594
-0.044276
0.014068
0.039422
0.032139
-0.023739
-0.053335
-0.026376
0.019249
0.057399
0.017620
-0.010004
-0.008835
-0.007860
-0.007178
-0.023057
-0.031012
-0.000474
0.039253
0.043342
0.000755
-0.046865
-0.024470
0.021457
0.024510
0.015459
-0.012686
-0.021186
-0.024677
-0.036599
-0.026851
-0.008094
0.005797
0.032545
0.014928
-0.016491
-0.038176
-0.021111
0.038635
0.049134
0.018915
-0.018621
-0.017230
0.005078
0.030754
0.031935
0.017104
-0.016315
-0.047512
-0.046778
-0.017378
0.033884
0.056438
0.022932
-0.063905
-0.119363
-0.061578
0.055002
0.136544
0.094059
-0.027797
-0.114033
-0.098596
-0.013754
0.053568
0.064820
0.029871
-0.024892
-0.066154
-0.056827
-0.029938
0.014429
0.044670
0.024658
-0.033286
-0.054772
-0.031015
0.018531
0.021139
-0.013694
-0.018324
0.008453
0.032553
0.011248
-0.022312
-0.051547
-0.036155
0.000381
0.042762
0.040053
0.000236
-0.050722
-0.079424
-0.042092
0.017719
0.046895
0.043131
0.005434
-0.046612
-0.073979
-0.043749
0.017575
0.064450
0.065304
0.024500
-0.032721
-0.072441
-0.061735
-0.032413
0.004486
0.027257
0.022181
-0.003505
-0.027160
-0.050368
-0.029734
0.002345
0.033213
0.023197
-0.006403
-0.025885
-0.018547
0.012143
0.009397
0.010753
0.003594
0.010787
0.001199
-0.023397
-0.040506
-0.039438
-0.003196
0.031752
0.046170
0.022705
-0.013429
-0.042664
-0.040840
-0.010897
0.006642
0.010365
0.004938
0.013607
0.015905
-0.002403
-0.015968
-0.014479
-0.017056
-0.007764
0.001257
0.002469
-0.008671
-0.009599
0.006513
0.001273
-0.018015
-0.028015
-0.009259
0.021401
0.033322
0.017812
0.006232
0.005126
-0.007262
-0.018226
-0.014695
-0.003868
-0.006024
-0.010434
0.017517
0.025760
0.023636
-0.005124
-0.015993
-0.007025
-0.009465
-0.005673
-0.012602
-0.007428
-0.002091
0.028127
0.048258
0.037775
-0.007553
-0.033801
-0.039282
-0.022390
0.005748
0.023761
0.015176
-0.021107
-0.044760
-0.040722
0.007774
0.039134
0.039395
-0.002387
-0.043888
-0.047011
-0.009947
0.032246
0.039484
0.016382
-0.004382
-0.019613
-0.017435
-0.001070
0.017262
0.023537
0.016342
0.019503
0.006682
-0.009976
-0.025323
-0.018306
0.023662
0.048456
0.045619
0.012347
-0.021944
-0.008983
0.014497
0.028649
0.004281
-0.028681
-0.026164
-0.000702
0.013268
0.009197
-0.002851
0.005864
0.017213
0.017915
0.025471
0.013328
-0.011052
-0.042807
-0.029555
0.019205
0.060321
0.066362
0.025642
-0.031819
-0.055632
-0.025897
0.024307
0.053624
0.046615
0.010116
-0.021926
-0.030662
-0.010699
0.020167
0.028868
0.019892
-0.007514
-0.025054
-0.005635
0.016197
0.024170
0.022842
0.017654
0.002794
-0.023380
-0.021242
-0.008935
0.019477
0.038302
0.030171
0.002233
-0.023227
-0.025828
-0.012322
0.002474
0.014929
0.014014
-0.001815
-0.016721
-0.024266
-0.003429
0.018724
0.035395
0.017463
-0.003093
-0.008047
-0.002877
0.010563
0.019155
0.020970
0.002833
-0.008100
-0.008403
0.014159
0.028934
0.018333
0.015326
-0.002183
-0.014221
-0.012910
-0.009369
-0.000873
0.012768
0.028257
0.024505
-0.003170
-0.026761
-0.025620
0.005159
0.045263
0.050131
0.011720
-0.033620
-0.047812
-0.034395
0.002581
0.029942
0.035934
0.014378
-0.027579
-0.044133
-0.029534
0.010196
0.043537
0.031995
-0.010179
-0.034538
-0.010369
0.019902
0.024729
0.011114
-0.005628
-0.001325
-0.000773
0.016685
0.011250
-0.004170
-0.009915
-0.013207
0.007746
0.018403
0.015665
-0.000151
-0.016869
-0.028994
-0.005365
0.013959
0.022579
0.005777
-0.016918
-0.025916
-0.017725
0.005429
0.024877
0.030069
0.000500
-0.028925
-0.037737
-0.010983
0.019509
0.018623
-0.001275
-0.011987
-0.010762
0.006725
0.023760
0.020053
-0.004101
-0.015794
-0.010343
-0.012294
-0.013368
0.000585
0.015468
0.014639
-0.006573
-0.024012
-0.020153
0.012032
0.016857
0.007333
0.004114
-0.005211
-0.005837
-0.012183
-0.015195
-0.009716
0.007756
0.011527
0.003393
-0.009076
-0.013779
-0.016315
-0.005455
-0.003289
-0.008927
-0.007450
-0.003073
-0.002241
-0.015130
-0.010640
0.003524
0.023359
0.025711
0.009434
-0.007205
-0.020804
-0.021941
-0.009082
0.017908
0.020038
0.002898
-0.018033
-0.033823
-0.027339
-0.003473
0.025279
0.023423
-0.004002
-0.026472
-0.019299
0.003182
0.011505
0.003403
-0.001213
0.008826
0.005716
-0.004499
-0.014741
-0.028949
-0.016274
0.007251
0.019555
0.014109
-0.017016
-0.038982
-0.034000
-0.004412
0.031223
0.039413
0.009303
-0.030720
-0.043849
-0.018071
0.018309
0.020926
-0.008793
-0.024303
-0.030687
-0.008446
0.017323
0.021703
0.020437
-0.013403
-0.042774
-0.041112
-0.007286
0.030964
0.037241
0.011114
-0.028060
-0.042510
-0.008773
0.023653
0.023744
0.005882
-0.015875
-0.031357
-0.029113
-0.009765
0.011284
0.011592
-0.016585
-0.041004
-0.047374
-0.020965
0.023020
0.035552
0.031618
-0.002194
-0.022882
-0.021713
-0.010814
0.009213
0.010270
0.007454
-0.009947
-0.020497
-0.030159
-0.023895
-0.012325
0.007294
0.013693
0.004768
0.002376
-0.016288
-0.020475
-0.023022
-0.011161
0.022252
0.036251
0.028499
0.003689
-0.015424
-0.021606
-0.013251
-0.004012
0.014244
0.020235
-0.008943
-0.048649
-0.051821
-0.012128
0.030671
0.036408
0.008840
-0.010262
-0.025468
-0.019740
0.001180
0.019116
0.023816
0.012005
-0.016270
-0.023110
-0.018195
0.000218
0.009552
0.014195
0.016827
-0.002158
-0.017384
-0.016985
-0.001468
0.011234
0.023489
0.005497
-0.003276
-0.008826
-0.009210
0.005468
0.016258
0.018588
0.002979
-0.001231
0.002895
0.005695
-0.003416
-0.004339
0.005168
0.000435
-0.003968
-0.014854
-0.018314
-0.002150
0.022792
0.033154
0.014759
-0.016318
-0.038084
-0.019798
0.003804
0.032127
0.034841
0.011820
-0.014697
-0.025615
-0.016908
0.001969
0.010204
-0.001077
-0.005353
-0.008279
0.012169
0.008839
0.003647
0.001862
0.002177
0.015401
0.016794
0.010594
0.001199
-0.017242
-0.023036
-0.007561
0.017207
0.028802
0.004034
-0.031179
-0.044313
-0.023550
0.008405
0.042911
0.048097
0.018117
-0.019168
-0.043157
-0.030814
0.005995
0.041132
0.045467
0.009059
-0.037431
-0.042064
-0.001208
0.029389
0.030404
0.005443
-0.017098
-0.025338
-0.026833
-0.005982
0.029194
0.045184
0.025391
-0.023330
-0.046130
-0.016888
0.021776
0.052211
0.028060
-0.018244
-0.043181
-0.030571
0.014471
0.038042
0.024914
-0.011930
-0.035415
-0.037189
-0.008496
0.016261
0.039266
0.032023
-0.004313
-0.029877
-0.030825
0.000423
0.023506
0.027535
0.008062
-0.010738
-0.022060
-0.016014
-0.005966
-0.001898
-0.002697
0.007431
0.017545
0.010803
-0.009614
-0.024425
-0.010080
0.009426
0.028465
0.028661
0.020530
0.001393
-0.017003
-0.020480
-0.006592
0.020000
0.030009
0.021255
-0.009053
-0.030883
-0.036452
-0.012969
0.026934
0.042769
0.027002
-0.012696
-0.032903
-0.021599
0.008003
0.022515
0.011658
-0.002038
-0.011913
-0.017861
-0.008060
0.003337
0.015355
0.030785
0.018367
-0.011540
-0.042010
-0.032392
0.013525
0.046129
0.043619
0.014907
-0.020880
-0.026877
-0.009822
0.004383
0.023693
0.013612
0.009647
-0.004659
-0.015729
-0.001972
0.009166
0.015270
0.007803
0.002726
-0.006513
-0.013292
-0.012591
0.005469
0.016885
0.015414
-0.001359
-0.029255
-0.026267
-0.007815
0.024498
0.040958
0.017289
-0.009351
-0.023560
-0.015199
0.000590
0.005934
0.003102
0.000450
0.000763
0.007548
0.013960
0.012340
0.002967
-0.015177
-0.021257
-0.004523
0.011506
0.018551
0.013163
-0.002069
-0.006936
0.002956
0.009259
0.005073
-0.007776
-0.015439
-0.015693
-0.006953
0.005611
0.008870
0.008477
0.006766
0.000838
-0.009853
-0.006897
-0.005785
0.005751
0.010229
0.004973
-0.006394
-0.017973
-0.003612
0.010094
0.019375
0.006787
-0.005428
-0.013969
-0.015682
0.001190
0.010301
0.013847
-0.001358
-0.021149
-0.028103
-0.013741
0.014937
0.027480
0.021928
-0.002491
-0.020691
-0.027082
-0.011647
0.016903
0.016222
0.002703
-0.009106
-0.006972
0.003566
0.006014
0.009245
0.005454
-0.002841
-0.010965
-0.015928
-0.016734
-0.010521
0.002560
0.010600
0.008884
-0.005369
-0.008227
-0.004388
-0.004925
0.000090
-0.001414
-0.009953
-0.010218
-0.008829
-0.000701
0.005205
-0.002000
-0.005515
-0.009459
-0.005967
-0.000330
-0.002687
-0.005006
-0.002373
0.002060
0.011127
0.013924
-0.008062
-0.021549
-0.023024
-0.008076
0.014728
0.019342
0.010924
-0.004668
-0.018851
-0.018104
0.002406
0.017760
0.010473
-0.020798
-0.035593
-0.022116
0.006521
0.018293
0.007583
-0.011483
-0.016037
-0.015970
-0.010829
0.001998
0.005753
0.004031
-0.004021
-0.010697
-0.008876
-0.000269
0.001627
0.003570
-0.005731
-0.005936
-0.000304
0.003962
0.001195
-0.009653
-0.010199
-0.006337
0.000694
0.004485
0.001860
-0.000766
-0.009547
-0.009389
-0.005142
0.004301
0.005060
-0.001795
-0.015099
-0.022480
-0.014533
-0.003843
0.014207
0.004905
-0.001045
-0.006849
-0.002797
0.009171
0.008667
0.002798
-0.012509
-0.025059
-0.015742
0.006486
0.017460
0.016301
-0.001590
-0.013900
-0.016708
-0.015633
-0.010566
0.003522
0.010891
0.008070
-0.004296
-0.010227
-0.000359
0.011069
0.023079
0.015879
-0.002065
-0.012945
-0.002827
0.009694
-0.000871
-0.025712
-0.029442
-0.004640
0.023389
0.024742
0.000384
-0.023277
