-0.415921
-0.079016
0.235167
0.277781
0.166386
0.004985
-0.192447
-0.224893
-0.070026
0.142557
0.226478
0.080159
-0.108726
-0.237921
-0.227696
-0.013049
0.147188
0.190888
0.115569
-0.010544
-0.097991
-0.168465
-0.081252
0.048190
0.099813
0.035392
-0.021182
-0.069836
-0.100063
0.046059
0.088248
0.014132
-0.094996
-0.062045
-0.049504
-0.106763
-0.106810
0.103586
0.382600
0.202806
-0.039315
-0.289382
-0.332175
-0.156493
0.047140
0.207692
0.269367
0.131016
-0.110972
-0.206475
-0.106514
0.159051
0.172627
-0.060652
-0.296394
-0.101468
0.167502
0.282718
0.180031
-0.113382
-0.194286
-0.157848
-0.093981
-0.058556
0.049240
0.008015
-0.037956
-0.086326
-0.017845
0.080401
0.164711
0.049866
-0.283707
-0.175316
-0.011185
0.033312
0.081244
0.130341
0.045427
0.100760
0.048442
0.088566
0.161180
-0.132878
-0.255994
-0.151685
0.134310
0.225587
0.101910
-0.142912
-0.303197
-0.199520
0.041554
0.200196
0.081121
-0.099414
0.014378
0.197517
0.129396
0.039975
-0.102411
-0.323025
-0.424606
-0.275006
0.218639
0.755355
0.610516
0.084552
-0.552826
-0.837702
-0.468341
0.096695
0.514524
0.356118
-0.005576
-0.214456
-0.159800
-0.007946
0.103794
0.181855
0.028594
-0.147124
-0.120743
0.006459
0.083958
0.024635
-0.049381
0.149089
0.329434
0.125947
-0.129983
-0.354125
-0.273268
0.015508
0.240836
0.188147
-0.101251
-0.229799
-0.181418
0.039265
0.131369
0.147585
0.069325
-0.035942
-0.105957
-0.098226
0.020417
0.156185
0.105914
0.155669
-0.001659
-0.260652
-0.030458
0.072572
0.060663
-0.164992
-0.175064
-0.018525
0.099079
0.177960
0.110084
0.077562
-0.040699
-0.250046
-0.244278
0.182765
0.452816
0.355713
-0.051935
-0.427295
-0.400344
0.023239
0.450007
0.406042
0.059796
-0.231476
-0.162872
0.094535
0.194743
0.087604
-0.169462
-0.278229
-0.283853
-0.193299
0.078989
0.363279
0.299595
-0.114593
-0.349272
-0.418544
-0.211566
0.021759
0.185943
0.331124
0.303913
0.117876
-0.229272
-0.323569
-0.223549
0.052968
0.359340
0.391246
0.089973
-0.313362
-0.385236
-0.087213
0.346646
0.506507
0.300980
-0.167651
-0.485365
-0.338019
0.158090
0.567498
0.430596
-0.105228
-0.528507
-0.342404
0.155245
0.556119
0.444542
-0.081331
-0.471453
-0.524769
-0.067169
0.397785
0.605206
0.310456
-0.211046
-0.417974
-0.209476
0.202487
0.310150
0.176612
-0.175979
-0.192863
0.120071
0.411296
0.295803
-0.183657
-0.423239
-0.279554
0.404226
0.699807
0.277850
-0.396317
-0.633126
-0.114865
0.434881
0.503703
0.093935
-0.203535
-0.225301
-0.153754
-0.013064
0.151268
0.147505
0.113243
0.107885
0.112695
0.193996
-0.030719
-0.193209
-0.079680
-0.205011
-0.243649
-0.172138
-0.131148
-0.193591
-0.291933
0.109405
0.464578
0.458348
0.095308
-0.295117
-0.256680
-0.253470
-0.323108
-0.079113
0.341947
0.417709
0.068675
-0.264093
-0.203578
0.060203
0.189693
0.215395
0.165951
-0.016730
-0.272441
-0.424538
-0.160297
0.287597
0.410441
0.132632
-0.277199
-0.390213
-0.174674
0.185259
0.354606
0.108532
-0.307280
-0.597487
-0.361158
0.266184
0.616310
0.357536
-0.271736
-0.521745
-0.152504
0.372741
0.488456
0.024888
-0.510409
-0.675266
-0.304333
0.322863
0.670132
0.524639
-0.066883
-0.610381
-0.699766
-0.142164
0.455877
0.542037
0.073444
-0.439942
-0.400771
0.013598
0.468512
0.476398
0.157001
-0.206202
-0.448973
-0.324180
0.032217
0.315576
0.329614
-0.001918
-0.343762
-0.326817
-0.048687
0.155756
0.129310
-0.063522
-0.157083
-0.108275
-0.087650
-0.092314
-0.151475
-0.162044
-0.025711
0.187318
0.283529
0.146977
-0.167471
-0.458504
-0.464659
-0.273890
0.038411
0.247609
0.222801
0.116738
0.107483
0.085209
-0.053336
-0.243106
-0.337859
-0.097486
0.240666
0.433764
0.344642
0.014843
-0.289242
-0.312167
-0.125085
0.124107
0.224856
0.137660
-0.060104
-0.183342
-0.096513
0.039936
0.125695
0.018330
-0.141710
-0.188686
-0.120974
0.014371
0.102063
0.089393
-0.005133
-0.140068
-0.198274
-0.129926
0.055916
0.224554
0.241127
0.101809
-0.089991
-0.198750
-0.153086
0.043907
0.170204
0.078164
-0.093902
-0.119213
0.035718
0.146783
0.078656
-0.099607
-0.180605
-0.067818
0.124094
0.200273
0.081987
-0.086896
-0.159538
-0.060307
0.081623
0.119242
0.051314
-0.046948
-0.084223
-0.058126
0.005949
0.069475
0.013983
-0.071112
-0.107055
-0.074468
-0.003880
0.000137
-0.017416
0.003316
0.031816
0.039657
0.001067
-0.049963
-0.067026
-0.011975
0.068845
0.074012
0.046408
-0.020197
-0.081939
-0.087196
-0.025971
0.016368
0.052542
0.089135
0.073289
0.023751
-0.005172
-0.022213
-0.025039
0.014864
0.048772
0.037808
-0.021429
-0.058754
-0.039605
0.055122
0.107009
0.036581
-0.038633
-0.062945
0.001357
0.055170
0.040481
0.023125
-0.014542
-0.031296
-0.012340
0.038985
0.051984
0.006972
-0.065942
-0.080706
-0.009059
0.065937
0.043101
-0.018124
-0.020911
0.002152
0.052271
0.046567
0.014073
-0.020791
-0.004809
0.065354
0.108716
0.067567
-0.037846
-0.088317
-0.054721
0.032264
0.085130
0.093746
0.051619
-0.005595
-0.039866
-0.028389
0.043507
0.062832
0.018654
-0.046654
-0.065150
0.007885
0.087649
0.099761
0.036317
-0.053339
-0.062343
0.000564
0.054236
0.061781
0.013323
-0.015199
-0.005919
0.009919
0.032636
0.040021
0.038284
-0.005034
-0.051187
-0.066360
-0.039845
0.053035
0.081773
0.068306
-0.003989
-0.053008
-0.024313
0.025247
0.079491
0.063787
0.029644
-0.022316
-0.048867
-0.031258
0.038456
0.102677
0.097385
0.034467
-0.044994
-0.052664
-0.010298
0.061486
0.067845
0.005575
-0.042485
-0.031362
0.006343
0.034521
0.035800
-0.005288
-0.002745
-0.005480
-0.006864
-0.011774
-0.002236
0.028364
0.057069
0.061115
0.003120
-0.044240
-0.072095
-0.038397
0.040346
0.089730
0.082640
0.006204
-0.039930
-0.034008
-0.009314
0.023072
0.010743
-0.009514
0.000411
0.024734
0.026433
0.013982
-0.016804
-0.022820
0.011534
0.051324
0.049304
-0.002158
-0.014689
-0.012578
0.029400
0.057808
0.035192
-0.002242
-0.037603
-0.045535
-0.031624
0.015728
0.058416
0.079915
0.006308
-0.057985
-0.089859
-0.047084
0.033570
0.048304
0.050933
-0.001396
-0.019449
-0.015339
0.005525
0.033376
0.046777
0.040840
0.022948
0.008056
0.005832
0.009003
0.026589
0.046761
0.028404
0.006161
0.005350
0.012234
-0.008044
-0.023622
-0.032505
-0.045074
-0.022180
0.010776
0.039923
0.073980
0.019301
-0.047475
-0.085159
-0.042132
0.031951
0.039725
0.013171
-0.029689
-0.029008
0.002085
0.017392
0.001843
-0.025161
-0.036839
-0.018001
-0.023610
0.003046
0.028990
0.012647
0.005255
-0.008216
0.005416
0.016089
0.007148
-0.002671
-0.029845
-0.022646
-0.016365
-0.019236
-0.055400
-0.118049
-0.104720
-0.021630
0.090846
0.099375
-0.001498
-0.071495
-0.066198
0.006268
0.032276
0.045533
0.092191
0.073445
-0.005988
-0.104091
-0.106134
0.025483
0.141990
0.108752
-0.043485
-0.143653
-0.100979
0.003487
0.056750
0.021340
-0.031483
-0.039586
-0.006240
-0.027906
-0.077338
-0.066747
0.004358
0.074612
0.045027
-0.085939
-0.167041
-0.112140
0.028642
0.093929
0.029302
-0.036870
-0.081885
-0.054928
0.005040
0.038805
0.061003
0.076405
0.062699
0.012509
-0.075314
-0.103440
-0.027345
0.100090
0.139844
0.013592
-0.096029
-0.133847
-0.057816
0.043295
0.055490
-0.019030
-0.111643
-0.122966
-0.086346
-0.036956
-0.000612
0.040068
0.053193
0.023822
-0.091067
-0.191859
-0.132748
0.033509
0.176622
0.132475
-0.038080
-0.170788
-0.111652
0.058066
0.153873
0.089502
-0.060683
-0.133398
-0.092751
0.019895
0.078298
0.062165
-0.004013
-0.056653
-0.064041
-0.020364
0.015634
0.025849
0.003907
-0.042698
-0.075922
-0.069528
-0.002093
0.045881
0.054315
-0.010411
-0.103536
-0.113223
0.002081
0.120526
0.114710
-0.014992
-0.141361
-0.149967
-0.045557
0.058677
0.068364
0.016985
-0.026357
-0.036415
-0.031486
-0.038294
-0.034021
0.001502
0.032988
0.041197
-0.004133
-0.042836
-0.045112
0.009979
0.055617
0.044780
0.013526
-0.037353
-0.074333
-0.058930
0.017618
0.097979
0.105253
0.023874
-0.089284
-0.154430
-0.095388
0.032945
0.114324
0.070548
-0.036249
-0.116993
-0.100505
-0.003670
0.083745
0.094878
0.021171
-0.052951
-0.075201
-0.023558
0.056281
0.070829
0.026207
-0.032281
-0.072828
-0.047577
0.009146
0.063840
0.080714
0.038157
-0.025468
-0.070289
-0.073539
-0.024727
0.056520
0.113467
0.075959
-0.011548
-0.064561
-0.042840
0.015508
0.060611
0.065934
0.030726
-0.015183
-0.049553
-0.046368
-0.003882
0.052718
0.062966
0.017106
-0.056003
-0.077226
-0.010735
0.075753
0.089245
0.011006
-0.062089
-0.039206
0.033671
0.080259
0.050695
-0.004835
-0.041353
-0.047011
-0.018219
0.023912
0.050154
0.032810
0.008686
-0.003169
0.022565
0.039056
0.031110
0.010439
-0.023413
-0.037352
-0.023958
0.017033
0.045153
0.042207
0.014922
-0.006576
0.003277
0.009400
0.017822
0.000867
-0.006913
0.000632
0.010412
0.022443
-0.006029
-0.008215
-0.001174
0.020713
0.045393
0.013238
-0.017976
-0.036085
-0.021767
0.006808
0.024784
0.042321
0.030787
0.002162
-0.023054
-0.017869
0.028027
0.085304
0.060364
0.009072
-0.035754
-0.044168
-0.025697
0.001499
0.042540
0.055260
0.065238
0.008391
-0.054714
-0.068173
-0.004096
0.063309
0.084194
0.052298
-0.002568
-0.039344
-0.042991
0.003757
0.059606
0.071314
0.005843
-0.034271
-0.029490
0.007730
0.036226
0.025118
0.023688
0.019843
0.018751
0.002166
-0.024836
-0.002637
0.025904
0.069616
0.056542
-0.023134
-0.078216
-0.066566
0.033277
0.103872
0.099634
0.038688
-0.045480
-0.094570
-0.056582
0.043649
0.116209
0.101477
0.017671
-0.046708
-0.068262
-0.032799
0.035028
0.087870
0.077718
0.009926
-0.059564
-0.077821
-0.017115
0.042538
0.073004
0.062640
0.001875
-0.051298
-0.063287
-0.028027
0.044998
0.085592
0.052158
-0.034214
-0.096513
-0.070319
0.019585
0.083585
0.061267
0.002335
-0.042831
-0.036981
-0.019007
-0.001202
0.024781
0.032224
0.035901
-0.001111
-0.034836
-0.029366
-0.008606
0.017636
0.023310
0.011369
-0.000147
-0.025989
-0.034896
-0.006272
0.035897
0.051913
0.009436
-0.058840
-0.081382
-0.024109
0.050132
0.068154
0.000332
-0.080005
-0.088070
-0.023637
0.050787
0.080242
0.028824
-0.044656
-0.080353
-0.051891
0.024156
0.059096
0.050814
-0.013637
-0.070849
-0.058282
0.001242
0.057679
0.052558
-0.006013
-0.074278
-0.076887
-0.010144
0.059842
0.065548
0.030890
-0.002272
-0.023822
-0.009803
-0.002586
-0.006683
-0.014139
-0.015485
-0.012056
0.002681
0.007901
-0.015521
-0.020446
-0.024842
-0.010425
0.004276
0.015700
0.011039
-0.026382
-0.031513
0.000118
0.033474
0.021855
-0.029780
-0.046279
-0.001066
0.033848
0.021658
-0.005974
-0.030997
-0.020075
-0.012399
-0.008865
0.013534
0.026762
0.011820
-0.027914
-0.059066
-0.046487
0.022775
0.059013
0.030590
-0.030326
-0.062326
-0.032874
-0.008822
-0.006941
-0.002178
0.002957
0.000875
-0.036070
-0.054218
-0.031125
0.011532
0.027652
-0.006482
-0.042256
-0.055056
-0.042064
-0.009783
0.021205
0.018345
-0.006108
-0.029400
-0.040595
-0.033938
-0.003939
0.018421
0.011724
-0.015702
-0.041374
-0.057225
-0.048226
-0.023748
-0.004167
0.004256
-0.001656
-0.014566
-0.022076
-0.024399
-0.018354
0.008550
0.013375
-0.017674
-0.050151
-0.063283
-0.040286
0.003603
0.036459
0.020856
-0.022943
-0.064088
-0.072435
-0.038318
0.003818
0.041209
0.044958
0.009778
-0.053613
-0.088356
-0.054038
0.012779
0.043097
0.029388
-0.014575
-0.047548
-0.047422
-0.028336
0.015929
0.039498
0.027764
-0.024914
-0.064204
-0.032601
0.036419
0.061724
0.008213
-0.047481
-0.051598
-0.002240
0.041950
0.039374
0.001931
-0.027353
-0.032824
-0.012773
0.021839
0.040278
0.022596
-0.019323
-0.036485
-0.031398
-0.002149
0.009948
0.004732
-0.008899
-0.002285
0.013204
0.010265
0.009867
-0.000928
0.001437
0.001106
0.003242
0.009141
0.019386
0.011342
-0.019939
-0.036220
-0.023111
0.017157
0.043175
0.029648
-0.002067
-0.017317
-0.001868
0.023912
0.034420
0.010269
-0.028104
-0.035216
-0.014460
0.010138
0.023745
0.040708
0.017818
-0.025463
-0.033822
-0.021641
0.002880
0.013673
0.017091
-0.008043
-0.020571
-0.028335
-0.017001
0.034885
0.053969
0.041839
-0.011202
-0.056569
-0.056581
-0.017625
0.030568
0.053189
0.031951
0.004943
-0.021948
-0.029930
-0.016722
-0.002493
0.015684
0.026991
0.025932
0.008965
-0.004105
-0.010149
0.002061
0.008974
0.011642
0.012057
0.007754
-0.000886
-0.010743
-0.007582
0.026459
0.044427
0.026563
-0.013555
-0.039757
-0.030859
0.017179
0.040764
0.024873
-0.003425
-0.020554
-0.010381
-0.015128
0.009146
0.022037
0.026567
0.026664
0.013424
0.020775
0.025516
0.010446
-0.020829
-0.046576
-0.020506
0.034139
0.078081
0.064828
0.005843
-0.037683
-0.016231
0.031235
0.057341
0.039091
-0.009298
-0.021763
-0.027788
0.005787
0.040289
0.060441
0.048506
-0.005495
-0.033851
-0.041050
-0.009228
0.038587
0.069299
0.057130
0.005951
-0.034605
-0.038566
-0.008236
0.038825
0.069479
0.048189
-0.016750
-0.073937
-0.062719
0.010179
0.076137
0.086912
0.041724
-0.017267
-0.051335
-0.043534
-0.001964
0.045370
0.065398
0.043171
0.005309
-0.028144
-0.019750
0.006219
0.023504
0.025851
0.014499
0.005758
-0.009706
-0.017214
-0.007724
0.014336
0.038844
0.033933
0.002381
-0.032226
-0.052075
-0.017846
0.025277
0.048115
0.038475
0.012251
-0.018651
-0.041939
-0.024793
0.008232
0.034147
0.036125
0.020042
0.002248
-0.007229
-0.018564
-0.025762
-0.007083
0.015968
0.018514
0.008707
-0.006075
-0.002686
0.016470
0.027812
0.014387
0.003581
0.000922
-0.004694
-0.013300
-0.009534
0.012140
0.032807
0.031105
-0.011646
-0.031265
-0.021644
0.006434
0.019949
0.011585
0.004599
0.005139
0.017355
0.002273
-0.022673
-0.027346
-0.003688
0.021777
0.023666
-0.000796
-0.029000
-0.023452
-0.003943
0.021582
0.035703
0.014831
-0.011770
-0.020662
-0.001520
0.025846
0.018314
-0.013321
-0.029227
-0.014180
0.019006
0.044356
0.021957
-0.016436
-0.027964
-0.013100
0.021157
0.025320
0.008082
-0.014285
-0.010486
0.010134
0.024977
0.024415
0.017588
0.005234
-0.021205
-0.032534
-0.014417
0.019863
0.029056
0.013440
-0.023332
-0.029871
-0.000377
0.023670
0.020172
-0.020582
-0.035729
-0.020590
0.008680
0.023337
0.003274
0.000375
0.001126
-0.001403
-0.018450
-0.020044
0.000864
0.011948
0.006811
-0.016633
-0.023323
-0.016932
-0.004734
0.005878
0.008486
-0.014026
-0.011519
-0.010739
-0.010595
-0.014586
-0.030031
-0.020567
-0.026600
-0.023771
-0.014560
0.013247
0.023451
-0.001804
-0.041069
-0.055619
-0.024159
0.004926
0.014406
-0.004032
-0.020774
-0.023903
-0.023004
-0.009865
-0.011508
-0.012926
-0.017799
-0.014671
-0.005831
-0.007316
-0.026299
-0.053002
-0.045830
-0.007247
0.041384
0.037161
-0.010177
-0.058391
-0.055130
-0.003608
0.034889
0.025222
-0.019716
-0.061886
-0.068562
-0.024156
0.031044
0.056983
0.014904
-0.051701
-0.063500
-0.027088
0.030872
0.050487
0.006388
-0.035345
-0.046909
-0.020127
0.011417
0.006205
-0.017275
-0.025267
-0.008731
0.010624
0.010817
-0.004000
-0.018957
-0.028974
-0.018463
-0.001160
0.012519
0.000104
-0.019812
-0.025726
-0.000211
0.031407
0.023033
-0.012187
-0.049936
-0.045651
-0.000662
0.047329
0.053291
0.011412
-0.052076
-0.072279
-0.035134
0.032133
0.051059
0.013148
-0.042024
-0.059189
-0.018047
0.023610
0.043677
0.011415
-0.029001
-0.052262
-0.029808
0.009265
0.043115
0.042555
0.003907
-0.033626
-0.046434
