0.014909
0.014664
0.014692
0.014173
0.013578
0.012653
0.012421
0.012370
0.012196
0.011312
0.010467
0.010004
0.009902
0.010018
0.009933
0.009424
0.008802
0.008344
0.008128
0.008169
0.007502
0.006665
0.006026
0.005930
0.005877
0.005696
0.005083
0.004496
0.004052
0.003752
0.003376
0.002788
0.002317
0.001963
0.001819
0.001520
0.001216
0.000724
0.000169
-0.000281
-0.000584
-0.001170
-0.001571
-0.002509
-0.003066
-0.003257
-0.003492
-0.003681
-0.004555
-0.004982
-0.005284
-0.005749
-0.005822
-0.006057
-0.006766
-0.007369
-0.007729
-0.007846
-0.007832
-0.008341
-0.008869
-0.009263
-0.009636
-0.009507
-0.010066
-0.010585
-0.011063
-0.011484
-0.011858
-0.011787
-0.012035
-0.012416
-0.013095
-0.013757
-0.013666
-0.014242
-0.014592
-0.015249
-0.015479
-0.016121
-0.016286
-0.015893
-0.016233
-0.016827
-0.017235
-0.017326
-0.017898
-0.018039
-0.018294
-0.018772
-0.018832
-0.019253
-0.019523
-0.019463
-0.019386
-0.019646
-0.020174
-0.020549
-0.020826
-0.020617
-0.020604
-0.020814
-0.021057
-0.021071
-0.020866
-0.021071
-0.021227
-0.021501
-0.021719
-0.021891
-0.021892
-0.021678
-0.021753
-0.021668
-0.021971
-0.022211
-0.022429
-0.022304
-0.022147
-0.022334
-0.022129
-0.022262
-0.022468
-0.022129
-0.021941
-0.022096
-0.022285
-0.022560
-0.022928
-0.022895
-0.022672
-0.022521
-0.021993
-0.021874
-0.021642
-0.021794
-0.021567
-0.021338
-0.021280
-0.021076
-0.021150
-0.020842
-0.020204
-0.019836
-0.020200
-0.020173
-0.019987
-0.019560
-0.019400
-0.018961
-0.018942
-0.018840
-0.018293
-0.018348
-0.018002
-0.017893
-0.017598
-0.017538
-0.017392
-0.016944
-0.016712
-0.016320
-0.016170
-0.015916
-0.015326
-0.015147
-0.015018
-0.014661
-0.014384
-0.014146
-0.013878
-0.013542
-0.013363
-0.012860
-0.012291
-0.011981
-0.011920
-0.011353
-0.010913
-0.010509
-0.009935
-0.009253
-0.008715
-0.008404
-0.008065
-0.007675
-0.006989
-0.006623
-0.006021
-0.005695
-0.004681
-0.004298
-0.003816
-0.003155
-0.002720
-0.002179
-0.001805
-0.001241
-0.001248
-0.000576
0.000084
0.001254
0.001551
0.002099
0.002331
0.002245
0.002929
0.002975
0.003971
0.004297
0.004563
0.004823
0.005132
0.005686
0.006216
0.006657
0.006912
0.007295
0.007527
0.007929
0.008229
0.009118
0.009607
0.010117
0.010712
0.011078
0.011225
0.011825
0.012464
0.013142
0.013456
0.013336
0.013756
0.014085
0.014632
0.014694
0.014923
0.015165
0.015773
0.016239
0.017005
0.017004
0.016943
0.017089
0.017537
0.018122
0.018364
0.018903
0.018554
0.018979
0.019048
0.019521
0.019634
0.019584
0.020095
0.020151
0.020273
0.020537
0.020655
0.020513
0.020071
0.019823
0.020149
0.020646
0.020881
0.021444
0.021536
0.021074
0.021275
0.021027
0.021243
0.021575
0.021481
0.021322
0.021443
0.021841
0.022517
0.022541
0.022253
0.022541
0.022678
0.022354
0.022048
0.022304
0.021942
0.021600
0.021386
0.021150
0.021019
0.020620
0.020376
0.020477
0.020857
0.020856
0.020366
0.019585
0.019005
0.018794
0.019078
0.019270
0.018792
0.018549
0.018067
0.017833
0.018082
0.017842
0.017824
0.017308
0.016620
0.017563
0.018368
0.018346
0.018148
0.017507
0.016746
0.016567
0.016134
0.015355
0.015787
0.015897
0.015822
0.015277
0.015120
0.015567
0.014934
0.014119
0.013649
0.013474
0.014320
0.015439
0.015090
0.013207
0.011797
0.012932
0.014314
0.013501
0.011055
0.008548
0.007991
0.009293
0.010807
0.010392
0.007553
0.004563
0.003504
0.005403
0.007771
0.008803
0.006869
0.004396
0.003309
0.003732
0.004854
0.004675
0.003204
0.001373
0.002055
0.003480
0.004543
0.004109
0.002052
0.000485
-0.000113
0.000670
0.001321
0.001394
-0.000457
-0.002839
-0.004314
-0.003344
-0.002684
-0.001858
-0.002645
-0.002020
-0.003115
-0.004008
-0.006119
-0.006127
-0.006485
-0.005505
-0.005202
-0.008090
-0.007584
-0.009128
-0.005616
-0.011109
-0.007591
-0.013198
-0.010427
-0.018868
-0.011612
-0.015086
-0.009171
-0.017465
-0.013255
-0.017384
-0.008990
-0.003554
-0.031026
0.010913
-0.028026
-0.030742
-0.052985
-0.006318
-0.039444
-0.046613
0.003411
0.040193
0.049975
-0.042307
0.003071
0.010909
0.037403
-0.002951
0.013413
0.011236
-0.057152
-0.128394
-0.116882
-0.004412
0.078204
0.121072
0.017297
-0.027272
-0.136176
-0.179247
-0.119118
0.056671
0.062386
0.053162
0.096797
-0.052184
-0.020110
-0.045127
-0.007688
-0.049336
-0.147265
-0.110181
0.044974
0.155997
0.166156
0.011366
-0.167481
-0.293730
-0.142679
0.157839
0.164953
0.080652
-0.149172
-0.100983
-0.074111
-0.001296
0.129713
0.064338
-0.070191
-0.130576
-0.183574
-0.005691
0.096065
-0.068680
-0.086294
-0.116378
0.018333
0.044261
0.127036
0.118966
-0.058679
-0.230830
-0.227261
0.082772
0.279896
0.132486
-0.135772
-0.199480
-0.193684
0.009959
0.196327
0.138488
-0.027949
-0.237969
-0.143326
0.091504
0.182776
-0.037094
-0.086450
-0.006793
-0.032110
0.069707
0.052948
0.022139
-0.026583
-0.086672
-0.098597
-0.030273
0.066480
0.161821
0.103386
-0.115640
-0.261844
-0.141516
0.141394
0.265813
0.068859
-0.212101
-0.204812
0.096950
0.331205
0.134644
-0.251787
-0.373060
-0.080608
0.328571
0.350915
0.001186
-0.324925
-0.288865
0.070789
0.262318
0.137866
-0.107769
-0.244299
-0.063418
0.128358
0.165873
0.007482
-0.125123
-0.012492
-0.013551
0.069979
0.088618
0.078512
-0.036804
-0.161822
0.059988
0.220004
0.099980
-0.105310
-0.077869
-0.236181
-0.059393
0.230043
0.290232
0.108032
-0.315400
-0.292830
-0.094204
0.253224
0.245458
0.071356
-0.105475
-0.145737
-0.070377
-0.019012
-0.069793
-0.096971
0.072945
0.082852
0.070229
-0.045660
0.015967
0.089636
0.139542
-0.030944
-0.227580
-0.242433
-0.125188
0.062054
0.202934
0.282402
0.066526
-0.110471
-0.220265
-0.045841
0.126333
0.306582
0.215472
-0.140608
-0.187177
-0.067501
0.152241
0.193331
0.115896
-0.013077
-0.116336
-0.087437
0.039723
0.104054
-0.003729
-0.204455
-0.099241
0.210330
0.381920
0.139009
-0.283436
-0.401745
0.051906
0.413133
0.420270
0.199767
-0.112732
-0.273152
-0.193960
0.075073
0.211010
0.109655
-0.161961
-0.132126
-0.102234
0.361446
0.305157
-0.042825
-0.183991
-0.201221
0.025416
0.133588
0.222718
0.133089
-0.012290
-0.219207
-0.096564
-0.020394
0.175475
0.154124
-0.066966
-0.224735
-0.188261
0.141385
0.343515
0.166139
-0.146338
-0.263278
-0.183868
0.079505
0.085187
0.078349
0.074361
0.141283
0.053818
-0.139174
-0.069040
0.036926
0.057014
0.037101
-0.158283
-0.244488
0.026782
0.353140
0.505950
0.019133
-0.612907
-0.705447
-0.058897
0.553145
0.532576
0.211129
-0.127282
-0.223666
-0.190182
-0.192842
-0.043460
0.176075
0.394119
0.279329
-0.143479
-0.323267
-0.239720
0.151777
0.205135
-0.107290
-0.310847
-0.064416
0.376296
0.577073
0.155648
-0.416765
-0.544153
-0.202118
0.243061
0.336594
0.298499
0.196791
0.152440
-0.088646
-0.245687
-0.345401
-0.047537
0.215452
0.215320
0.033241
-0.373239
-0.452293
-0.238389
0.257644
0.486875
0.322469
-0.037903
-0.182152
-0.062872
-0.056197
-0.248852
-0.304253
0.117036
0.543208
0.515453
0.099261
-0.395250
-0.409253
-0.151987
-0.015334
0.015571
-0.018162
0.057622
0.047556
-0.072829
-0.074439
0.182477
0.236833
0.128107
0.108566
-0.190454
-0.390492
-0.268359
0.189690
0.175558
-0.217960
-0.196098
0.115509
0.406617
0.208217
-0.145243
-0.463662
-0.670982
-0.379817
0.341685
0.726204
0.424462
-0.379448
-0.700247
-0.096315
0.486324
0.430427
-0.094175
-0.371804
-0.163140
0.153142
0.246283
0.032426
-0.317108
-0.402303
-0.166311
0.155816
0.246606
0.089530
-0.027425
0.049023
0.123416
0.037433
-0.256377
-0.368813
-0.060459
0.215488
0.175073
-0.245411
-0.385342
-0.091195
0.390082
0.549870
0.095711
-0.414721
-0.473753
-0.024602
0.364724
0.234610
-0.215205
-0.428512
-0.199745
0.319376
0.549321
0.227237
-0.274420
-0.550749
-0.347219
0.176973
0.452330
0.237924
-0.227522
-0.392864
-0.170999
0.220362
0.324816
0.073478
-0.371106
-0.514723
-0.128904
0.275059
0.387430
0.082371
-0.183567
-0.244298
0.035869
0.262745
0.274491
0.014356
-0.400812
-0.404718
0.044900
0.388864
0.251875
-0.237418
-0.557868
-0.182149
0.346726
0.477174
0.075470
-0.270886
-0.167944
0.129971
0.157123
-0.150921
-0.286464
-0.144400
0.116927
0.219940
0.147556
-0.099783
-0.355851
-0.293738
0.095310
0.371948
0.159456
-0.250837
-0.330225
0.047332
0.427291
0.340908
-0.076581
-0.361487
-0.305332
0.131966
0.512277
0.403250
-0.195854
-0.637513
-0.345135
0.184590
0.281165
-0.041104
-0.194848
-0.023635
0.186492
0.226097
0.086209
-0.089644
-0.212923
-0.084927
0.182173
0.219311
-0.006164
-0.261587
-0.176651
0.187063
0.360366
0.101481
-0.336794
-0.427738
-0.159260
0.176787
0.291287
0.043988
-0.212911
-0.189993
0.006981
0.211805
0.214615
-0.016764
-0.141622
-0.095926
0.086899
0.179860
0.085349
-0.101046
-0.146769
0.009141
0.132486
0.202778
0.106316
-0.019550
-0.144766
-0.184507
-0.086352
0.068370
0.108045
-0.007489
-0.108581
-0.099544
0.027151
0.135424
0.077235
-0.064772
-0.098023
-0.046171
0.066973
0.050501
-0.045672
-0.021276
0.066013
0.122823
0.092354
-0.004715
-0.026528
0.046072
0.092463
-0.001928
-0.071234
-0.041039
0.033379
0.120469
0.058032
-0.060690
-0.129010
-0.028142
0.120271
0.143216
0.049748
-0.062041
-0.079531
0.014743
0.110399
0.093885
-0.019790
-0.096884
-0.094748
-0.016204
0.125301
0.143218
0.062087
-0.066330
-0.076874
0.005321
0.062744
0.051611
-0.029538
-0.099754
-0.051097
0.110538
0.161259
0.086343
-0.070874
-0.112538
-0.040173
0.065755
0.111567
0.019591
-0.030320
-0.026425
0.011771
0.045857
0.039137
0.051265
0.032999
-0.046117
-0.043248
0.001984
0.013474
0.003081
0.003557
0.022477
0.020909
0.022996
0.047343
0.057162
0.017457
-0.047719
-0.097136
-0.079293
0.055590
0.183118
0.180568
-0.006302
-0.179632
-0.113576
0.099917
0.234884
0.083836
-0.170945
-0.232551
-0.012257
0.217101
0.215128
0.027072
-0.124214
-0.091165
0.054548
0.100266
0.029568
-0.027443
-0.066475
0.000513
0.084564
0.128973
0.025612
-0.145981
-0.159441
0.038954
0.210604
0.125016
-0.049292
-0.120772
-0.038203
0.038552
0.024357
-0.026260
-0.037433
-0.036376
-0.003044
0.078665
0.109635
0.006827
-0.112823
-0.090094
0.046909
0.135816
0.052783
-0.096585
-0.118276
0.030384
0.153570
0.097580
-0.048744
-0.108631
-0.012504
0.074656
0.037535
-0.043969
-0.084887
-0.067017
-0.049575
0.016856
0.056301
0.052725
-0.030821
-0.122927
-0.058621
0.054957
0.103648
-0.014511
-0.119015
-0.098816
0.030105
0.128368
0.067231
-0.076094
-0.105055
0.013149
0.102333
0.084913
-0.024936
-0.059189
-0.000183
0.065594
0.037864
-0.025372
-0.049570
-0.049021
-0.032470
0.028558
0.064836
-0.002287
-0.086677
-0.100282
0.007153
0.066587
0.005381
-0.103587
-0.093575
0.051952
0.137546
0.034147
-0.110010
-0.085522
0.026148
0.046559
-0.061138
-0.070971
-0.021252
-0.021559
-0.064452
-0.037616
0.079365
0.109215
0.008939
-0.086424
-0.015970
0.064694
0.041437
-0.029454
-0.019313
0.025171
0.018073
0.012377
0.012502
0.031553
-0.007305
-0.092608
-0.068950
0.029928
0.050757
-0.086512
-0.203651
-0.094892
0.103312
0.160953
-0.031442
-0.230019
-0.155992
0.075937
0.194901
0.058662
-0.173198
-0.178846
0.011394
0.158452
0.099602
-0.086840
-0.127690
0.004407
0.108557
0.050427
-0.068660
-0.053444
0.052473
0.056825
-0.007816
-0.082076
-0.044581
0.047131
0.067768
-0.009748
-0.114979
-0.097424
0.002439
0.059979
-0.013543
-0.063490
-0.055822
0.009748
0.021025
-0.034952
-0.080820
-0.073360
0.039124
0.071862
0.001444
-0.128930
-0.165695
-0.076752
0.004242
0.049908
0.053533
0.014890
-0.029215
-0.010592
0.079206
0.101566
0.023785
-0.005724
0.041348
0.096152
0.021879
-0.076564
-0.079899
0.026082
0.098919
0.034343
-0.048376
-0.072727
-0.029011
0.000377
-0.007923
-0.026522
-0.034233
-0.036402
-0.025317
-0.025219
-0.012183
0.018848
0.032641
-0.019945
-0.056465
0.009239
0.088209
0.074905
-0.017762
-0.054137
0.009269
0.075876
0.045206
-0.056727
-0.072333
0.024873
0.099911
0.072904
-0.037505
-0.089048
-0.031391
0.063101
0.073249
-0.023646
-0.089778
-0.071636
0.006072
0.054800
0.004637
-0.061687
-0.059944
0.018960
0.078521
0.046607
-0.033483
-0.073887
-0.021004
0.049416
0.065107
0.030881
-0.046868
-0.072767
-0.007297
0.049441
0.049920
0.014396
-0.033687
-0.024668
-0.005316
0.017669
0.041665
0.043069
0.038185
-0.022314
-0.059475
-0.039880
0.010387
0.033612
0.018391
-0.016032
-0.008480
0.015148
0.021989
0.014279
-0.018727
-0.027529
-0.017069
0.010630
0.027124
0.019534
0.015299
-0.000729
-0.005659
0.020359
0.035367
0.024990
-0.001566
-0.014334
-0.007183
0.023375
0.047613
0.038337
0.002527
-0.018529
-0.010187
0.009289
0.020742
0.014134
-0.000198
-0.016642
-0.009508
0.012806
0.034361
0.020307
-0.012760
-0.023707
-0.015157
-0.003202
-0.004958
-0.006108
0.003610
0.018648
0.017315
0.004666
-0.004094
-0.006890
0.013156
0.029170
0.016642
-0.006309
-0.002847
0.021400
0.028829
0.018136
0.002965
-0.013425
-0.012336
-0.005829
-0.006612
0.000342
0.007923
0.002852
-0.010434
0.006736
0.026361
-0.000379
-0.023722
-0.013492
0.004807
0.015543
0.012663
0.014101
0.011020
0.003071
0.009647
0.011841
-0.004979
-0.005649
0.008011
0.006852
-0.012111
-0.009509
-0.015324
-0.020741
0.000324
0.030814
0.017132
-0.015536
-0.012353
-0.005875
0.004609
0.013571
0.016944
0.012868
0.004489
-0.003800
-0.001241
-0.004346
0.007690
0.001561
-0.016047
-0.006594
0.022165
0.035784
0.027551
0.000732
-0.019884
-0.015522
-0.010619
0.008250
0.014978
0.004299
0.017300
0.011058
-0.007406
-0.025532
-0.043751
-0.006288
0.017450
0.036663
0.028510
0.000069
-0.028005
-0.041933
-0.020749
0.022887
0.048829
0.031274
0.002042
-0.033302
-0.022271
0.002489
0.035052
0.020436
-0.009666
-0.013761
-0.007375
0.001168
0.001144
0.003824
0.006793
0.015333
0.006340
0.008757
-0.009024
-0.010243
0.000256
0.003177
-0.009547
-0.011142
-0.004755
0.002829
0.011821
0.004743
-0.010406
-0.041956
-0.033452
-0.011851
-0.006687
-0.004853
0.012271
-0.001300
-0.012143
-0.011007
-0.000122
0.006928
0.006710
-0.002088
-0.004318
0.004174
0.016980
0.013888
-0.009223
-0.007063
-0.017070
-0.007127
-0.008720
-0.011988
-0.010464
0.001173
0.004093
-0.002576
-0.015421
-0.014078
-0.011263
-0.010636
-0.003620
-0.011074
-0.002969
-0.001374
0.009947
-0.003432
-0.006367
-0.010993
0.001410
0.002242
-0.013200
-0.006878
-0.011089
0.002533
0.008130
-0.009179
-0.018780
-0.006868
0.004448
0.018703
0.014657
0.013187
-0.020444
-0.048393
-0.037518
-0.002253
0.041583
0.045550
0.002083
-0.048993
-0.059155
-0.016065
0.032727
0.031456
0.003355
-0.054885
-0.073260
-0.032302
0.027495
0.042007
0.008805
-0.026295
-0.033087
-0.007372
0.019262
0.029441
0.008789
-0.024504
-0.028926
-0.012329
0.010883
0.016756
-0.001630
-0.014138
-0.033720
-0.020426
0.004186
0.010794
0.002675
-0.019300
-0.027191
-0.020238
-0.004085
0.014689
0.015649
0.002606
-0.009379
-0.027763
-0.027713
-0.004182
0.005326
0.008579
0.002199
-0.017079
-0.029398
-0.017747
-0.002946
0.010359
0.005341
0.008683
0.018696
0.011275
0.000677
-0.022749
-0.011393
-0.006223
-0.003450
0.001508
0.013526
0.008621
-0.008939
0.000572
0.014924
0.014383
-0.001797
-0.016528
-0.027398
-0.010865
0.005789
0.010247
-0.000426
-0.006369
-0.019642
-0.023161
0.001701
0.020366
0.031390
0.010186
-0.017016
-0.024494
-0.008061
0.027105
0.039797
0.019749
-0.017859
-0.037391
-0.017240
0.020861
0.027173
0.010137
0.000034
-0.001428
0.001734
-0.000571
-0.011374
-0.004084
0.024632
0.032994
0.007814
-0.025463
-0.028950
0.006589
0.032868
0.016884
-0.015399
-0.037258
-0.035698
-0.007736
0.020855
0.034889
0.016896
-0.015027
-0.018784
-0.013294
0.002417
0.011596
0.015647
0.011961
0.001146
-0.005869
-0.003095
0.011798
0.033077
0.025667
-0.001120
-0.018426
-0.021335
-0.001506
0.003561
0.014997
0.009108
-0.006322
0.004180
0.014188
0.018267
0.008959
-0.000108
-0.000567
0.000321
0.009902
0.003498
-0.006617
0.001196
0.006487
0.000428
-0.002287
0.003107
0.010523
0.016584
0.010146
-0.005953
-0.008898
0.004985
0.025024
0.031697
0.010880
-0.011597
-0.023160
-0.005593
0.023368
0.038764
0.027177
0.003514
-0.022103
-0.023061
-0.004750
0.011771
0.023350
0.016083
-0.003970
-0.022517
-0.007351
0.011707
0.026462
0.025951
0.012822
-0.014810
-0.032806
-0.023197
-0.000335
0.034468
0.035088
0.001752
-0.028322
-0.025355
0.004375
0.028653
0.016741
-0.009243
-0.021555
-0.009362
0.018014
0.031305
0.018050
-0.019611
-0.030215
-0.010788
0.006738
0.009967
-0.002866
-0.019237
-0.019614
-0.001696
0.017189
0.001465
-0.014342
-0.012104
-0.001910
0.014713
0.010586
0.001328
-0.003494
-0.001113
-0.010840
-0.019706
-0.014083
-0.005155
0.000091
0.011547
-0.001779
-0.009384
0.001927
0.008722
0.010559
-0.013625
-0.026430
-0.014036
0.017749
0.027565
0.007296
-0.024979
-0.031673
-0.010125
0.017509
0.018823
0.002693
-0.010858
-0.014585
-0.007282
-0.004285
0.007131
0.001476
-0.001198
-0.013444
-0.012553
-0.013910
-0.003325
0.014257
0.007404
0.002988
-0.022142
-0.018097
0.014282
0.031590
0.015061
-0.012349
-0.014533
-0.002380
0.008069
0.022326
0.014503
-0.010217
-0.032096
-0.026878
-0.001994
0.009217
0.017882
0.014059
-0.003402
-0.028753
-0.037522
-0.010548
0.034315
0.041068
-0.001087
-0.048002
-0.040402
0.000112
0.032590
0.026175
-0.008170
-0.025150
-0.012290
0.018244
0.019175
-0.003934
-0.024232
-0.022301
-0.012793
-0.001652
0.015785
0.033039
0.024177
-0.000529
-0.021641
-0.030996
-0.014072
0.016985
0.028956
0.003580
-0.017521
-0.014523
0.004403
0.016329
0.005064
-0.013975
-0.025594
-0.009878
0.013666
0.014179
0.006300
-0.010201
-0.008639
0.012515
0.016258
-0.002185
-0.022726
-0.006818
0.015416
0.015132
0.005627
-0.004506
-0.002286
0.010994
0.017358
0.004157
-0.010964
-0.003185
0.005149
0.002342
-0.005502
-0.010213
-0.001986
0.011559
0.027553
0.015412
-0.006078
-0.023951
-0.018707
0.007199
0.018234
0.010857
-0.014607
-0.018428
-0.008671
0.002928
0.011639
0.012897
-0.008881
-0.023647
-0.012671
0.009960
0.021123
0.003637
-0.009516
-0.017026
-0.004926
0.006710
0.014249
0.004367
-0.013653
-0.021644
-0.013907
-0.001512
-0.004601
0.003615
0.009851
0.006892
-0.009612
-0.006578
0.007615
0.004213
-0.003681
-0.006217
-0.005121
-0.002272
0.001054
-0.003682
-0.003601
-0.012137
-0.015934
0.004622
0.017276
0.007762
-0.010693
-0.007326
-0.001656
-0.008013
-0.000811
-0.001406
0.002488
0.005019
0.005258
0.002543
-0.007747
-0.003053
0.008115
0.021251
0.009613
-0.006815
-0.017044
-0.006399
0.008479
0.008994
0.005214
-0.008439
-0.011569
-0.004595
0.000927
-0.002764
-0.011544
-0.016388
0.002488
0.015323
0.015404
-0.003154
-0.007238
-0.002012
-0.001506
0.002311
-0.011925
-0.025092
-0.010121
0.018109
0.016270
-0.000365
-0.007213
0.002228
0.000780
-0.006265
-0.010761
-0.009063
-0.004239
0.003534
0.006534
-0.006068
-0.019380
-0.013222
0.006676
0.017930
0.022904
0.003203
-0.014751
-0.014370
-0.001583
0.005777
0.000895
-0.004935
-0.001508
0.009361
0.000652
-0.007392
-0.005009
0.004680
0.006716
0.000521
-0.006281
-0.006403
-0.002614
0.001459
0.007489
0.005216
-0.007563
-0.004518
0.006801
0.008389
0.003186
-0.008067
-0.001925
0.000944
0.000628
-0.003962
-0.000767
0.004599
-0.004352
-0.009544
-0.005603
0.005499
0.012147
0.013765
0.000914
-0.012613
-0.021036
-0.014647
-0.002390
0.006304
0.016127
0.012367
-0.000487
-0.014013
-0.008491
0.005633
0.008018
-0.004144
-0.013738
-0.012777
-0.001620
0.008170
0.008521
-0.011967
-0.023366
-0.001193
0.025685
0.022223
-0.014401
-0.024272
-0.010629
0.011840
0.015136
0.001963
-0.009822
-0.018211
-0.002670
0.015679
0.016882
0.001333
-0.011000
-0.010510
-0.005647
-0.002172
-0.002610
-0.001741
0.003437
0.006452
0.001919
-0.002149
0.001154
-0.002601
0.002907
0.002187
-0.007411
-0.009026
-0.006743
-0.001432
-0.001234
0.004578
0.000908
-0.001931
-0.002694
0.002179
-0.000187
-0.001558
0.004411
0.005111
0.002034
-0.003614
-0.001838
0.000260
-0.004568
-0.010501
-0.007915
-0.002942
0.012323
0.005000
0.001390
-0.003753
-0.008711
-0.002479
-0.003514
-0.001550
-0.005699
-0.003768
0.003143
0.013870
0.007819
0.001648
0.003295
0.000449
-0.002962
-0.003127
0.002751
0.007416
0.007338
0.005518
-0.003238
-0.006866
0.006688
0.010990
0.000809
-0.013156
-0.018951
-0.002086
0.019364
0.023492
0.006707
-0.011313
-0.001529
0.009563
