-0.000004
-0.000369
-0.000703
-0.000580
-0.000645
-0.000855
-0.000753
-0.000597
-0.000955
-0.001032
-0.000904
-0.000957
-0.000828
-0.000926
-0.000710
-0.000622
-0.000821
-0.000552
-0.000546
-0.000379
-0.000577
-0.000863
-0.000777
-0.000743
-0.000676
-0.000847
-0.000898
-0.000931
-0.000857
-0.000843
-0.000953
-0.001067
-0.001038
-0.000926
-0.001138
-0.001368
-0.001164
-0.000886
-0.000762
-0.000734
-0.000971
-0.001177
-0.001191
-0.001260
-0.001034
-0.000758
-0.000824
-0.000808
-0.000753
-0.001119
-0.000914
-0.001265
-0.001695
-0.001759
-0.002044
-0.001952
-0.002469
-0.002546
-0.002588
-0.002347
-0.002342
-0.002785
-0.002403
-0.002587
-0.002366
-0.002275
-0.002385
-0.002202
-0.002349
-0.002321
-0.002234
-0.002126
-0.002281
-0.002578
-0.002720
-0.002597
-0.002617
-0.002428
-0.002360
-0.002752
-0.002677
-0.002638
-0.002664
-0.002549
-0.002551
-0.002552
-0.002520
-0.002356
-0.002625
-0.002874
-0.003559
-0.003725
-0.003309
-0.003333
-0.003171
-0.003101
-0.003073
-0.003118
-0.003393
-0.003422
-0.003093
-0.003166
-0.003212
-0.003217
-0.003305
-0.003293
-0.002946
-0.003141
-0.003157
-0.003127
-0.003239
-0.002782
-0.002939
-0.002975
-0.003025
-0.002975
-0.002991
-0.003062
-0.002811
-0.003151
-0.003151
-0.003251
-0.003536
-0.003574
-0.003637
-0.003207
-0.003328
-0.003135
-0.003273
-0.003348
-0.003376
-0.003834
-0.003050
-0.003187
-0.003141
-0.003199
-0.003248
-0.002942
-0.002815
-0.002588
-0.002745
-0.002543
-0.002947
-0.003142
-0.003368
-0.003185
-0.003084
-0.002643
-0.002621
-0.002877
-0.002544
-0.002770
-0.002737
-0.002995
-0.002816
-0.002651
-0.002867
-0.002605
-0.002304
-0.002353
-0.002275
-0.002308
-0.002330
-0.002490
-0.001956
-0.002131
-0.002265
-0.002265
-0.002382
-0.002285
-0.002496
-0.002038
-0.002107
-0.002154
-0.002438
-0.002340
-0.002213
-0.002047
-0.001857
-0.002062
-0.001933
-0.001776
-0.001325
-0.001107
-0.001126
-0.001068
-0.000975
-0.000800
-0.001057
-0.000894
-0.000796
-0.000700
-0.000721
-0.000710
-0.000403
-0.000834
-0.000416
-0.000433
-0.000268
0.000130
0.000233
0.000393
-0.000023
0.000026
-0.000119
0.000014
0.000102
0.000206
0.000354
0.000519
0.000793
0.001208
0.001197
0.001287
0.001146
0.001099
0.001111
0.000651
0.000706
0.000772
0.001566
0.001451
0.001593
0.001421
0.001136
0.001144
0.000961
0.001189
0.001152
0.001226
0.001308
0.001507
0.001301
0.001275
0.001232
0.001422
0.001719
0.002076
0.002241
0.001898
0.001771
0.001923
0.002142
0.002270
0.002362
0.002084
0.002229
0.002382
0.002539
0.002828
0.002850
0.003061
0.002692
0.002533
0.002547
0.002717
0.002460
0.002417
0.002583
0.002571
0.003156
0.003167
0.002846
0.002681
0.002578
0.002967
0.003293
0.003050
0.003404
0.003374
0.003239
0.003390
0.003434
0.003543
0.003570
0.003425
0.004075
0.004056
0.004195
0.004641
0.004032
0.004246
0.004384
0.005032
0.005056
0.005102
0.005001
0.004590
0.004438
0.004511
0.004744
0.004788
0.004922
0.004426
0.004751
0.004890
0.004786
0.005052
0.004783
0.004697
0.004949
0.004837
0.005371
0.005410
0.005263
0.004484
0.004226
0.004436
0.004574
0.005013
0.004660
0.004947
0.004650
0.004703
0.004683
0.004444
0.004407
0.004136
0.004220
0.004385
0.004450
0.004620
0.004313
0.003887
0.004238
0.004191
0.003880
0.003711
0.003340
0.003265
0.003313
0.003456
0.003421
0.002932
0.002678
0.002527
0.002743
0.002346
0.002447
0.002471
0.002305
0.002324
0.001892
0.002026
0.001721
0.001782
0.001506
0.001170
0.001065
0.001124
0.001075
0.000537
0.000222
0.000294
-0.000157
-0.000234
-0.000378
-0.000671
-0.000332
-0.000589
-0.000327
-0.000362
-0.000009
-0.000327
-0.000323
-0.000171
-0.000485
-0.000245
-0.000302
0.000210
-0.000194
0.000009
0.000017
-0.000323
-0.000121
-0.000326
-0.000349
-0.000440
0.000119
-0.000021
0.000080
0.000273
0.000222
0.000421
0.000067
-0.000086
-0.000285
-0.000388
-0.000296
-0.000532
-0.000732
-0.000794
-0.000882
-0.000981
-0.001558
-0.001360
-0.001402
-0.001480
-0.000992
-0.001485
-0.001786
-0.001613
-0.001387
-0.001076
-0.001277
-0.001299
-0.001597
-0.001442
-0.001277
-0.001810
-0.002252
-0.002573
-0.002603
-0.002781
-0.002636
-0.002613
-0.002760
-0.002679
-0.002531
-0.002753
-0.002316
-0.002572
-0.002684
-0.002670
-0.002808
-0.002612
-0.003063
-0.003015
-0.003425
-0.003798
-0.003809
-0.003857
-0.003641
-0.003720
-0.004319
-0.004034
-0.004205
-0.003946
-0.003740
-0.003982
-0.003615
-0.003881
-0.003788
-0.003995
-0.003881
-0.003901
-0.004038
-0.004136
-0.004654
-0.004922
-0.005171
-0.004933
-0.004587
-0.004900
-0.004840
-0.005014
-0.005203
-0.005124
-0.005546
-0.005412
-0.004946
-0.004789
-0.004902
-0.004545
-0.004734
-0.004648
-0.004248
-0.004486
-0.004382
-0.004369
-0.004645
-0.004857
-0.004747
-0.004754
-0.004723
-0.005056
-0.004932
-0.004738
-0.004971
-0.004885
-0.004830
-0.004584
-0.004856
-0.005093
-0.004531
-0.004217
-0.004855
-0.005138
-0.005285
-0.005324
-0.004918
-0.004904
-0.004917
-0.005061
-0.005276
-0.005000
-0.004810
-0.004939
-0.005010
-0.004929
-0.004730
-0.004386
-0.004286
-0.004451
-0.004777
-0.004902
-0.004586
-0.004378
-0.004193
-0.003972
-0.004122
-0.004347
-0.004158
-0.003947
-0.003703
-0.003998
-0.004077
-0.004261
-0.004095
-0.003837
-0.004081
-0.003893
-0.004149
-0.004203
-0.003574
-0.003493
-0.003549
-0.003654
-0.003484
-0.003241
-0.003381
-0.002986
-0.003094
-0.003354
-0.003695
-0.003567
-0.003492
-0.003277
-0.003173
-0.003547
-0.003663
-0.003681
-0.003189
-0.002857
-0.002854
-0.002923
-0.002824
-0.002767
-0.002654
-0.002649
-0.002770
-0.002927
-0.002538
-0.002825
-0.002954
-0.002769
-0.002662
-0.002337
-0.002794
-0.002465
-0.002763
-0.002539
-0.002216
-0.002285
-0.002322
-0.002508
-0.002044
-0.001914
-0.002038
-0.002363
-0.002065
-0.001786
-0.001864
-0.001932
-0.001640
-0.001672
-0.001476
-0.001570
-0.001463
-0.001175
-0.001341
-0.001001
-0.001090
-0.000962
-0.000565
-0.000349
-0.000396
-0.000731
-0.000709
-0.000819
-0.000787
-0.000616
-0.000808
-0.000317
-0.000375
-0.000681
-0.000683
-0.000698
-0.000513
-0.000188
-0.000085
-0.000305
0.000059
0.000489
0.000595
0.000853
0.000730
0.000773
0.000928
0.001201
0.001101
0.000864
0.000849
0.000946
0.001476
0.001350
0.001140
0.001002
0.001424
0.001844
0.002074
0.002178
0.001924
0.001820
0.001837
0.001951
0.001950
0.001863
0.001788
0.001703
0.001586
0.001785
0.002408
0.002456
0.002320
0.002379
0.002625
0.002956
0.002961
0.002743
0.002684
0.003090
0.003260
0.003610
0.003645
0.003429
0.003688
0.003718
0.003889
0.004030
0.003633
0.003624
0.003789
0.003806
0.004348
0.004309
0.004237
0.004204
0.003780
0.004029
0.004416
0.004559
0.004857
0.004464
0.003820
0.003926
0.004005
0.004261
0.004456
0.004477
0.004016
0.003467
0.003521
0.004203
0.004866
0.004467
0.004052
0.003906
0.004223
0.004871
0.004840
0.004790
0.004320
0.004061
0.003936
0.004369
0.005053
0.004733
0.003959
0.003926
0.004105
0.004582
0.004766
0.003808
0.003440
0.002881
0.003539
0.003829
0.004003
0.003119
0.002161
0.002221
0.002726
0.003894
0.003604
0.003248
0.002701
0.002875
0.002743
0.002602
0.002286
0.001993
0.002157
0.002255
0.002508
0.002128
0.001667
0.001303
0.001545
0.001481
0.001325
0.001109
0.001269
0.002213
0.002202
0.001291
0.000352
0.000355
0.000677
0.000903
0.001217
0.001606
0.001011
-0.000063
-0.000217
0.000314
0.001427
0.001876
0.001712
0.001202
0.001210
0.001955
0.001770
0.000790
-0.000160
-0.000775
-0.000651
-0.000005
0.000595
0.000352
0.000562
0.000442
-0.000288
-0.000123
-0.000077
-0.000367
-0.000576
-0.000780
-0.001334
-0.001079
-0.000707
0.000224
0.000622
-0.000796
-0.002652
-0.003461
-0.002146
-0.001560
-0.001226
-0.001503
-0.001869
-0.001677
-0.001674
-0.000644
-0.000010
-0.000499
-0.001735
-0.002223
-0.001642
-0.000373
0.000365
-0.000304
-0.001741
-0.002165
-0.001281
-0.000885
-0.000758
-0.000668
-0.000996
-0.001207
-0.000514
0.000337
-0.000037
-0.001009
-0.001826
-0.001308
-0.000284
0.000456
0.000906
0.000689
0.000444
0.000147
-0.000034
-0.000659
-0.000687
-0.000709
0.000792
0.001097
0.001150
0.000509
0.001263
0.001467
0.001727
0.000238
-0.000960
-0.001594
-0.001370
-0.001005
-0.002676
-0.003145
-0.006076
-0.005443
-0.007437
-0.002588
-0.005791
-0.004116
-0.002885
-0.007630
-0.009432
-0.008567
-0.003594
-0.015251
-0.017166
-0.008692
0.000046
0.002470
0.019764
0.062570
0.070567
0.034698
0.024518
0.002479
-0.075885
-0.126312
-0.055534
0.040282
0.068395
0.048654
0.045284
0.016110
-0.095580
-0.130720
-0.078963
0.056485
0.110045
0.044985
-0.063644
-0.110243
-0.000833
0.079863
0.042722
0.015040
-0.120719
-0.031949
0.017743
-0.008143
0.140321
0.034405
0.073245
-0.078232
-0.174671
-0.105461
0.048916
0.242233
0.085573
-0.132889
-0.165184
-0.037443
0.099913
0.077317
-0.006545
-0.033407
-0.066194
-0.025748
0.036771
0.119983
0.026800
-0.068836
-0.191287
-0.057815
0.094290
0.101252
-0.016748
-0.080885
0.044362
0.118064
0.053217
-0.156380
-0.139395
-0.183649
0.061109
0.145783
0.128102
0.124097
0.059912
-0.210413
-0.094690
0.092473
0.012760
0.069473
-0.127445
-0.014111
0.029935
0.037774
-0.020738
-0.040070
-0.049294
0.016258
0.044894
0.025613
-0.117827
-0.134992
-0.023682
0.174107
0.300589
0.001734
-0.195274
-0.211673
-0.075597
0.217545
0.216149
0.007985
-0.044594
-0.225599
0.024500
0.118004
-0.083853
-0.227452
-0.113645
0.142015
0.266523
0.038993
-0.089523
-0.149131
-0.055171
0.069936
-0.009614
0.170385
0.126506
0.046050
-0.150572
-0.263366
-0.070274
0.256822
0.118897
0.035052
-0.101670
-0.119569
-0.024727
-0.064801
0.067904
0.135334
0.055391
0.001460
0.014823
0.075352
0.076328
-0.144774
-0.232406
-0.229548
-0.063556
0.062554
0.305279
0.401327
0.237485
-0.270142
-0.582258
-0.401879
0.129437
0.514441
0.253309
-0.269130
-0.358349
0.140460
0.394460
0.233351
-0.121669
-0.260931
-0.252345
-0.149143
-0.001346
0.185191
0.292637
0.176966
-0.076312
-0.212751
-0.156157
0.036136
0.087828
0.134826
0.011536
-0.010958
0.042040
-0.084653
-0.077367
0.045336
0.057865
-0.211508
-0.194216
-0.084153
0.260075
0.430579
0.171795
-0.368485
-0.519702
-0.211905
0.274781
0.502492
0.228222
-0.152505
-0.464328
-0.215513
0.219821
0.409069
0.211402
-0.174416
-0.373248
-0.155061
0.083740
0.113317
-0.103538
-0.125951
0.092334
0.355488
0.284456
-0.017141
-0.336184
-0.362465
0.031262
0.281010
0.255162
-0.172048
-0.338416
-0.144687
0.241440
0.423162
0.198198
-0.215255
-0.313140
-0.089939
0.101833
0.200507
-0.051079
-0.192107
-0.074022
0.242855
0.295098
0.050118
-0.283745
-0.357026
-0.033955
0.302023
0.305665
-0.127706
-0.337736
-0.272291
0.178618
0.360372
0.162254
-0.101405
-0.306128
-0.258967
0.032334
0.389506
0.427676
0.109098
-0.396801
-0.578751
-0.107130
0.580869
0.579543
-0.032361
-0.556429
-0.340857
0.258930
0.448702
0.067078
-0.350112
-0.299047
0.029617
0.261281
0.238494
-0.004673
-0.217972
-0.213965
0.043853
0.328744
0.319211
0.044813
-0.323257
-0.383619
-0.072977
0.220669
0.329933
0.082616
-0.230472
-0.289408
0.030418
0.257117
0.082838
-0.247485
-0.302778
0.033157
0.226660
0.283363
0.131992
-0.066573
-0.352331
-0.276637
-0.109036
-0.036807
0.025092
0.188700
0.467026
0.323619
-0.048196
-0.449113
-0.468979
-0.165618
0.309847
0.585182
0.423768
-0.021607
-0.374280
-0.299184
-0.084535
0.035657
0.038963
0.137764
0.227644
0.024436
-0.376388
-0.404748
-0.014705
0.223037
0.044980
-0.268966
-0.239725
0.007054
0.436639
0.539895
0.167912
-0.247732
-0.329773
-0.234240
-0.206696
0.051723
0.486173
0.531398
0.088280
-0.274633
-0.314248
-0.069256
-0.036745
-0.103908
-0.109403
0.006162
0.063157
-0.205291
-0.453387
-0.311944
0.218667
0.712549
0.646063
-0.025554
-0.538485
-0.482541
0.067744
0.477753
0.383269
-0.059864
-0.452068
-0.237900
0.220234
0.518319
0.219422
-0.454999
-0.576124
-0.081000
0.593855
0.616883
-0.086272
-0.643349
-0.488394
0.167978
0.610839
0.389893
-0.264937
-0.717955
-0.417958
0.270892
0.562665
0.169427
-0.434056
-0.461647
0.060987
0.458903
0.433218
0.231026
-0.014312
-0.224585
-0.390917
-0.302620
0.032149
0.315390
0.437460
0.207300
-0.206597
-0.322947
-0.099295
0.228820
0.169637
-0.230317
-0.457556
-0.136560
0.416572
0.551526
0.032259
-0.586939
-0.517804
0.055827
0.572158
0.398733
-0.180653
-0.522641
-0.266862
0.326937
0.619570
0.390254
-0.234294
-0.652442
-0.444261
0.135714
0.579027
0.412488
-0.180066
-0.466529
-0.261268
0.073916
0.169426
0.065772
-0.041019
-0.088593
-0.183009
-0.111828
0.130015
0.232792
0.051602
-0.307163
-0.394954
-0.028956
0.358358
0.263641
-0.072689
-0.256048
-0.126806
0.188416
0.298774
0.075034
-0.155388
-0.156327
0.005976
0.158645
0.077312
-0.038532
-0.018336
-0.017323
0.004402
0.067611
0.060372
-0.098854
-0.261868
-0.183797
0.090226
0.238886
0.093946
-0.096942
-0.151231
-0.009620
0.125026
0.118221
-0.015644
-0.107331
-0.017185
0.131060
0.198403
-0.016588
-0.237798
-0.253923
-0.091714
0.140982
0.154189
0.020203
-0.131627
-0.182854
-0.055721
0.114255
0.178380
0.095755
-0.005012
-0.085169
-0.075709
0.042786
0.099195
0.101283
-0.058136
-0.175687
-0.069287
0.084745
0.145875
-0.013155
-0.154162
-0.154498
-0.025117
0.087094
0.137357
0.107877
-0.017558
-0.194772
-0.181869
0.023890
0.258645
0.228342
-0.125562
-0.275048
-0.167899
0.116438
0.205866
0.045965
-0.103242
-0.108062
0.023665
0.086128
0.005899
-0.095993
-0.090896
0.016330
0.096364
0.077786
0.021467
-0.073287
-0.106419
-0.045152
0.027176
0.078829
0.024638
-0.038543
0.006006
0.042463
0.019942
-0.039948
-0.044974
0.042724
0.077050
0.040104
-0.076885
-0.120766
-0.041827
0.030795
0.104593
0.035874
-0.029201
-0.080893
-0.021174
0.082812
0.131830
0.067645
-0.117865
-0.132221
0.022427
0.185719
0.118028
-0.065907
-0.138948
-0.024875
0.112082
0.087269
-0.041508
-0.103602
-0.033896
0.059181
0.053948
0.005496
0.001244
-0.008150
-0.024751
-0.016778
0.015404
0.030327
0.029288
-0.047905
-0.112782
-0.038314
0.104853
0.146601
0.034108
-0.048945
-0.021704
0.057514
0.033278
-0.070131
-0.044746
0.079973
0.126714
0.061295
-0.059704
-0.055324
0.024705
0.059747
0.001083
-0.054412
-0.007447
0.028308
0.017829
-0.059004
-0.065083
0.007609
0.046037
0.011244
-0.028176
0.010375
0.040222
0.025772
-0.034907
-0.057846
0.020569
0.075452
0.048175
-0.049813
-0.092408
-0.012552
0.103594
0.107353
-0.007450
-0.080961
-0.009648
0.051578
0.021429
-0.031739
-0.015631
0.041698
0.046598
0.011764
-0.045136
-0.022679
0.012556
0.020593
0.003075
-0.000275
0.031390
0.046015
-0.005547
-0.078125
-0.037005
0.055697
0.068632
0.013034
-0.056211
-0.032042
0.024440
0.011046
-0.011042
-0.014811
0.003622
-0.019243
-0.022211
0.011051
0.014600
-0.007411
-0.054084
0.002796
0.089654
0.091022
0.013195
-0.091535
-0.092010
-0.019670
0.079456
0.071416
-0.026483
-0.080310
-0.023584
0.058267
0.053154
-0.015525
-0.069440
0.003706
0.059253
0.030037
-0.019113
-0.021397
0.033389
0.036430
0.002836
-0.043319
-0.039723
-0.000681
-0.007952
-0.024310
-0.011281
0.023263
0.030512
0.003203
-0.035450
-0.027823
0.003809
0.013269
0.003418
-0.015334
-0.001160
0.026465
0.033113
0.020303
-0.009688
-0.029308
-0.013422
0.001865
0.006388
-0.006541
-0.020238
-0.000129
0.026151
0.041740
0.010815
-0.033878
-0.040018
-0.001412
0.019917
-0.007779
-0.027556
-0.017057
0.002261
-0.001182
0.009219
0.021518
0.030935
-0.011192
-0.063096
-0.047608
0.023486
0.069634
0.014475
-0.032619
-0.024569
0.018714
0.047719
-0.002225
-0.056240
-0.040080
0.003565
0.016416
-0.022128
-0.036275
-0.011713
0.012533
0.004072
-0.010175
0.007127
0.007258
-0.028288
-0.055258
-0.033818
0.028681
0.075660
0.046483
-0.025590
-0.082036
-0.058737
0.019658
0.064059
0.036509
-0.012242
-0.032089
-0.019240
-0.005790
-0.009384
0.001212
0.014525
0.001483
-0.027992
-0.032017
-0.015719
0.015413
0.026854
-0.006429
-0.038599
-0.034466
-0.002639
0.007577
-0.017126
-0.019546
0.004357
0.025314
-0.000327
-0.031022
-0.023145
-0.007541
-0.002899
-0.041005
-0.051657
-0.049169
-0.040082
-0.054644
-0.048202
0.019947
0.050551
0.028177
-0.034555
-0.027018
0.027207
0.048564
0.058283
0.053840
0.036214
-0.005343
-0.051404
-0.039100
0.006362
0.051860
0.040829
-0.007756
-0.014521
0.003587
0.021185
-0.006635
-0.036323
-0.028282
-0.003671
-0.012664
-0.062038
-0.075939
-0.013858
0.057210
0.038252
-0.039213
-0.079255
-0.023946
0.046973
0.063539
0.016405
-0.032159
-0.014242
0.010206
0.025992
0.031060
0.033705
0.038431
0.018660
-0.016162
-0.022223
0.004549
0.037420
0.024325
-0.011789
-0.018179
-0.020175
-0.001657
-0.004163
-0.015677
-0.008548
-0.009966
-0.001514
0.011479
0.002457
-0.023572
-0.053908
-0.037994
0.030100
0.061150
0.025724
-0.039780
-0.068350
-0.021831
0.050075
0.071768
0.039692
-0.023119
-0.055090
-0.037999
0.013229
0.040715
0.024391
-0.004045
-0.027140
-0.016127
0.001476
0.014771
-0.000297
-0.032002
-0.047050
-0.017355
0.026811
0.038112
0.012441
-0.023040
-0.033314
-0.008385
0.021744
0.035140
0.003013
-0.026860
-0.018419
-0.003510
0.029951
0.027282
0.023937
0.002449
-0.025233
-0.016602
0.000896
0.019346
0.019072
0.004391
-0.014785
-0.017695
0.011342
0.048220
0.040317
-0.008571
-0.035482
-0.015630
0.013671
0.024142
-0.001451
-0.020735
-0.014362
0.009848
0.016283
0.002396
-0.008810
-0.002226
0.018497
0.024340
0.016978
-0.016403
-0.034208
-0.028428
0.007998
0.039686
0.035938
0.006598
-0.020508
-0.020494
0.001348
0.031641
0.036386
0.008088
-0.025650
-0.030495
-0.011247
0.020160
0.024462
0.001668
-0.030603
-0.023299
0.008867
0.019025
0.005457
-0.006489
0.003673
0.019337
0.020871
0.001539
-0.018184
-0.013782
0.006298
0.013271
0.010229
0.008802
0.004434
-0.011314
-0.017825
-0.016038
-0.004851
0.006136
0.000676
-0.006390
-0.005083
-0.007358
0.017818
0.030523
0.026871
0.002338
-0.023188
-0.029672
-0.013919
0.019266
0.023949
0.022022
-0.004717
-0.016300
-0.007764
0.016658
0.015972
-0.002456
-0.018950
-0.010324
0.013365
0.019824
-0.000146
-0.021804
-0.021085
-0.004782
0.020931
0.006881
-0.016070
-0.042950
-0.024611
0.019097
0.051993
0.035749
-0.018252
-0.059153
-0.057293
-0.014775
0.040162
0.052282
0.020058
-0.008396
-0.032104
-0.021951
-0.005902
0.014105
0.020746
0.002572
-0.025726
-0.028528
-0.024179
-0.000200
0.016422
0.024327
0.019497
-0.000863
-0.014533
-0.025288
-0.021071
-0.007990
0.023447
0.026406
0.010458
-0.021297
-0.025036
-0.011760
0.001759
0.013595
0.006699
-0.005921
-0.012193
-0.019347
-0.011213
0.013515
0.022406
0.018934
-0.001603
-0.020996
-0.022625
-0.002571
0.020924
0.029820
0.006485
-0.014368
-0.023733
-0.019470
-0.008376
0.006172
0.011268
0.006707
-0.002335
-0.008858
-0.008076
-0.009421
0.002493
0.011249
0.012136
-0.012313
-0.029725
-0.022683
0.002329
0.017779
0.016403
0.000862
-0.000265
-0.005619
-0.023808
-0.021224
-0.000340
0.027776
0.021661
-0.005009
-0.027923
-0.013787
0.010357
0.022854
0.013143
-0.010041
-0.022429
-0.015792
-0.002093
0.010139
0.015094
0.017238
0.010057
-0.002058
0.002389
0.014101
0.011703
-0.022426
-0.026680
0.003544
0.035063
0.034606
0.003196
-0.040985
-0.052365
-0.018093
0.027324
0.048570
0.015186
-0.013560
-0.011173
0.000167
0.014905
0.016419
0.007832
0.004114
-0.004432
-0.004221
0.003258
0.012461
0.024799
0.010656
-0.006734
-0.008534
-0.007069
0.005594
0.008864
-0.001826
-0.002808
0.006698
0.016032
0.007222
-0.013699
-0.010889
-0.000464
0.012393
0.008232
-0.004877
-0.012135
-0.006914
0.007724
0.012580
0.014876
0.001921
-0.009967
-0.014809
0.002184
0.006307
0.002956
-0.000859
-0.013922
0.002018
0.018807
0.028824
0.015463
-0.015457
-0.034535
-0.025326
0.001523
0.030470
0.034122
0.008799
-0.022841
-0.041749
-0.015346
0.014774
0.018992
-0.000312
-0.020308
-0.009157
0.016135
0.019891
0.010590
-0.015414
-0.024836
-0.006644
0.015296
0.035479
0.018618
-0.009933
-0.020779
-0.016925
-0.006380
0.001179
0.009905
0.005751
-0.003484
-0.010136
-0.010654
-0.000882
-0.002549
-0.005574
-0.001653
0.014047
0.019586
0.004386
-0.022016
-0.027837
-0.005073
0.024242
0.038274
0.012440
-0.020500
-0.033329
-0.024521
0.002102
0.020654
0.019938
0.003188
-0.019045
-0.023191
-0.008661
0.011552
0.024311
0.012787
-0.011048
-0.021789
-0.021865
-0.014285
0.006416
0.030332
0.031658
0.007049
-0.025464
-0.037018
-0.026887
-0.003789
0.024379
0.028530
0.009504
-0.008770
-0.022865
-0.027930
-0.011634
0.014614
0.029353
0.010215
-0.028043
-0.039135
-0.026108
-0.004557
0.013939
0.006496
-0.005755
-0.008235
-0.007166
-0.003124
-0.004509
-0.014104
-0.017183
-0.011141
0.006578
0.016945
0.003246
-0.001602
-0.005684
0.001318
0.004453
-0.002000
-0.009805
-0.017057
-0.017360
-0.014165
-0.003951
0.004580
0.008150
-0.000788
-0.023188
-0.041105
-0.015726
0.022556
0.043576
0.023006
-0.021397
-0.051578
-0.046193
-0.001863
0.035599
0.035798
0.001201
-0.034320
-0.031777
-0.003595
0.019718
0.025942
0.007958
-0.007453
-0.018366
-0.009597
0.002602
0.013743
0.012091
-0.002925
-0.008340
-0.005798
0.007637
0.004387
-0.013732
-0.019878
-0.006853
0.014452
0.019155
-0.004592
-0.018073
-0.013016
0.015766
0.036428
0.019988
-0.014873
-0.032363
-0.017604
0.003598
0.023664
0.023577
0.011137
-0.011242
-0.021902
-0.013799
-0.000819
0.010613
0.011310
0.007628
-0.002379
-0.016148
-0.019720
-0.005681
0.009160
0.016112
0.008447
-0.009679
-0.017561
-0.008933
0.002353
0.002375
0.004030
0.005763
0.003384
0.000064
-0.007648
-0.006431
0.000311
0.002847
-0.003623
-0.006220
-0.003601
0.000833
-0.007822
-0.007584
-0.001005
0.007413
0.013276
0.004528
-0.006323
-0.019825
-0.016304
0.001011
0.013293
0.012072
-0.001710
-0.012984
-0.006247
0.002365
0.017024
0.002869
-0.007943
-0.001979
-0.001292
-0.000504
-0.000928
0.002209
0.011681
0.016343
0.008622
-0.000864
-0.019222
-0.011261
0.010132
0.029023
0.025370
-0.002848
-0.027753
-0.033211
-0.007099
0.026181
0.039284
0.022101
-0.005110
-0.020306
-0.014866
0.002219
0.007971
0.005305
-0.004555
-0.002082
0.009463
0.013248
0.013844
0.003948
-0.002940
0.000152
0.009456
0.011406
-0.003712
-0.020331
-0.007045
0.016895
0.029235
0.011689
-0.023385
-0.028941
-0.001293
0.036292
0.039031
0.004507
-0.025544
-0.028724
-0.008561
0.017764
0.022491
0.018046
0.007452
-0.000619
-0.007039
-0.012596
-0.004477
0.009068
0.019500
0.009497
-0.004087
-0.007479
0.004470
0.010691
0.005000
-0.001285
-0.001417
0.010307
0.013217
-0.001918
-0.018992
-0.025458
-0.009123
0.017945
0.025889
0.016220
-0.009265
-0.023409
-0.009197
0.013438
0.023376
0.004880
-0.012889
-0.018225
-0.006286
0.018646
0.022368
0.011470
-0.003175
-0.009445
-0.005966
-0.000036
0.006505
0.012111
0.007103
0.000496
-0.004828
-0.006591
-0.002411
-0.000134
-0.001763
-0.001737
0.006485
0.013501
0.014932
0.001521
-0.009009
-0.002646
0.011631
0.018976
0.008374
-0.009980
-0.020431
-0.012755
0.001412
0.009991
0.000465
