-0.018158
-0.061912
-0.045076
-0.026089
-0.000344
0.070469
0.045778
0.000267
0.003187
-0.021219
0.042562
0.003406
-0.082426
-0.018020
0.028032
0.004058
0.000213
0.041868
0.041995
-0.038922
-0.087906
0.055930
0.087544
0.067886
-0.044663
-0.140654
-0.087488
0.040781
0.158992
0.212347
0.044307
-0.228267
-0.290970
-0.111621
0.162290
0.220349
0.294140
0.023774
-0.231371
-0.282747
-0.141711
0.105013
0.273347
0.185531
-0.160610
-0.303237
0.040442
0.403278
0.081995
-0.345036
-0.463426
-0.039563
0.357745
0.506068
0.240318
-0.323145
-0.466033
-0.265817
0.129832
0.393979
0.205935
-0.164080
-0.286344
-0.054629
0.215162
0.158279
-0.012112
-0.161836
-0.117880
0.064155
0.147803
0.078273
-0.118670
-0.172976
-0.049352
0.131357
0.229891
0.064957
-0.206380
-0.267986
-0.072488
0.198474
0.229371
0.004508
-0.164353
-0.128653
0.045963
0.150278
0.045668
-0.092303
-0.111498
0.011506
0.092219
0.131345
0.046177
-0.132013
-0.153259
-0.042111
0.107490
0.059148
0.047042
0.022755
-0.073530
-0.142198
-0.038606
0.193768
0.125176
-0.058903
-0.163581
-0.041787
0.122466
0.043821
-0.019413
-0.103350
0.023271
0.033489
-0.097909
-0.062101
-0.038310
0.028342
0.021428
-0.074701
0.003755
0.142043
0.010610
-0.071199
-0.199137
-0.036478
0.148939
0.071654
-0.065966
-0.167581
-0.077833
0.089990
0.148297
0.031105
-0.040231
-0.116503
-0.018480
0.047345
0.020671
-0.079798
-0.061284
0.125018
0.120409
0.105116
-0.093187
-0.257261
-0.128310
0.116146
0.235969
0.078451
-0.114912
-0.190071
-0.060440
0.050682
0.037347
-0.016502
-0.040509
-0.038582
0.053114
0.087686
0.068863
-0.014704
-0.123810
-0.158044
-0.118624
0.194821
0.390102
0.195170
-0.209646
-0.384349
-0.211437
0.163159
0.394849
0.257366
-0.097207
-0.327888
-0.226763
0.066680
0.386245
0.177371
-0.203758
-0.277854
-0.123638
0.167654
0.179517
-0.015851
-0.216452
-0.136148
0.032682
0.091886
0.027300
-0.110365
-0.061487
0.071063
0.169597
0.158730
0.018926
-0.229141
-0.201722
-0.008509
0.058684
-0.195420
-0.193934
0.200132
0.495344
0.346883
-0.300760
-0.607904
-0.409933
0.031009
0.368952
0.410101
0.298276
-0.069337
-0.392434
-0.362170
-0.119570
0.183851
0.398447
0.371767
0.046728
-0.286988
-0.318952
0.069696
0.327569
0.268662
-0.155072
-0.388234
-0.138393
0.376902
0.622758
0.130196
-0.469843
-0.535502
0.005973
0.447548
0.507970
0.130605
-0.359565
-0.471718
-0.038873
0.490251
0.447395
-0.167411
-0.594925
-0.397924
0.139358
0.528798
0.212851
-0.477917
-0.691582
-0.109413
0.604565
0.616291
0.130423
-0.419690
-0.375929
0.080126
0.316436
0.338845
0.076888
-0.088826
-0.097019
-0.057076
0.007206
-0.145347
-0.275309
-0.157764
0.161401
0.371353
0.262622
-0.024069
-0.446856
-0.483787
-0.141171
0.423364
0.643622
0.408932
-0.059116
-0.535795
-0.372630
0.052458
0.329281
0.166244
-0.360826
-0.560422
-0.185497
0.309872
0.475879
0.178887
-0.198846
-0.424596
-0.277323
0.093818
0.371804
0.220421
-0.192078
-0.330656
-0.004161
0.404753
0.392493
0.082866
-0.375938
-0.530950
-0.166900
0.442980
0.661816
0.244478
-0.414105
-0.642394
-0.150108
0.507464
0.562476
-0.005855
-0.628861
-0.654520
-0.038381
0.566571
0.579689
-0.108414
-0.661271
-0.367712
0.347358
0.617127
0.159198
-0.378110
-0.401434
-0.011554
0.357129
0.300655
-0.064229
-0.271856
-0.198286
0.142805
0.289344
0.207264
-0.104917
-0.221416
0.053711
-0.026875
-0.208983
-0.321135
-0.243191
-0.179997
0.058255
0.371236
0.313101
-0.076105
-0.401127
-0.271175
0.009456
0.075910
0.027397
0.162446
0.344239
0.188192
-0.277859
-0.420320
-0.188348
0.284298
0.514256
0.272064
-0.154267
-0.546285
-0.373786
0.112835
0.305793
0.062630
-0.165185
-0.026631
0.169165
0.147114
0.036903
-0.056927
-0.122618
-0.180955
-0.178293
0.119559
0.378760
0.259154
-0.267998
-0.598785
-0.308355
0.280081
0.589625
0.318191
-0.273827
-0.649421
-0.513020
0.092113
0.651234
0.498841
-0.136275
-0.500434
-0.074009
0.495801
0.426455
-0.195385
-0.607469
-0.309592
0.270279
0.546246
0.299426
-0.214384
-0.367969
-0.128221
0.234456
0.261218
-0.127263
-0.378238
-0.176614
0.270355
0.294708
-0.089004
-0.285575
-0.098582
0.109247
0.074748
-0.095340
-0.087997
0.089693
0.113467
-0.012453
-0.078973
-0.028915
0.066968
0.133176
0.105262
-0.018157
-0.122932
-0.050286
0.220738
0.301851
-0.011019
-0.385873
-0.307360
0.211499
0.514338
0.283021
-0.250720
-0.545328
-0.288314
0.198979
0.466674
0.246528
-0.218209
-0.451201
-0.212512
0.250839
0.426226
0.143657
-0.246718
-0.276925
-0.003200
0.323467
0.302627
-0.017641
-0.290734
-0.223416
0.142068
0.350371
0.194355
-0.177660
-0.348751
-0.246724
0.032695
0.207029
0.189809
0.065757
-0.070568
-0.113955
-0.121110
-0.022993
0.079905
0.046915
-0.038996
-0.068411
-0.003322
0.033270
0.009905
-0.034947
-0.075130
-0.051101
0.018016
0.124716
0.135739
0.073554
-0.027607
-0.048474
0.006318
0.036081
0.041595
0.037906
0.044158
0.013351
-0.048418
-0.028532
0.050361
0.063851
-0.015002
-0.128947
-0.106652
-0.024375
0.068111
0.085357
0.041783
-0.025104
-0.013355
0.080134
0.135742
0.068797
-0.125486
-0.173489
-0.022262
0.152651
0.138257
-0.024546
-0.154550
-0.151332
-0.014765
0.120669
0.132807
-0.003819
-0.156174
-0.089023
0.134130
0.246799
0.128039
-0.088236
-0.155195
-0.073740
0.068920
0.162306
0.100892
-0.083939
-0.220310
-0.083560
0.153613
0.200869
-0.025739
-0.243276
-0.160241
0.096808
0.216436
0.083225
-0.093954
-0.153921
-0.082745
0.057735
0.136991
0.045511
-0.111160
-0.154761
-0.014399
0.108361
0.055090
-0.079359
-0.156074
-0.078975
0.086909
0.147689
0.070509
-0.059885
-0.097176
-0.006992
0.091146
0.087007
-0.021637
-0.069224
-0.022099
0.013458
0.005804
-0.042877
-0.066685
-0.033415
0.034565
0.054393
-0.015979
-0.084043
-0.063375
0.049284
0.111950
0.056944
-0.061724
-0.103374
-0.048262
0.061988
0.105801
0.071625
-0.056512
-0.134738
-0.027534
0.098419
0.087781
-0.078781
-0.177192
-0.108111
0.059170
0.122706
0.062679
-0.031199
-0.097142
-0.067171
0.018538
0.081977
0.028457
-0.051866
-0.064299
0.018748
0.086506
0.043322
-0.045470
-0.075863
-0.003164
0.026546
0.042229
-0.008967
-0.032375
-0.027183
-0.027517
0.034228
0.042100
0.007490
-0.061419
-0.069013
-0.009764
0.035540
0.026793
-0.022032
-0.024584
0.019001
0.024490
-0.021586
-0.052390
-0.010132
0.027540
-0.008913
-0.045064
-0.025248
0.047440
0.055852
-0.049510
-0.096375
-0.037876
0.071900
0.065019
-0.025682
-0.057219
-0.045019
-0.001337
-0.001228
-0.008408
0.023208
0.051139
0.024317
-0.043963
-0.082138
-0.031721
0.047628
0.058694
0.000920
-0.055254
-0.015930
0.040100
0.025563
-0.034626
-0.042960
0.020259
0.040903
0.011642
-0.040354
-0.039444
-0.017514
0.003537
0.009025
0.021801
0.032438
0.001964
-0.046910
-0.060681
0.005147
0.065732
0.071289
0.010887
-0.038883
-0.041213
-0.009205
0.017403
0.011744
-0.007308
-0.007017
-0.001392
0.006381
0.015627
-0.005405
-0.030865
-0.041702
-0.016366
0.022503
0.044522
0.046011
-0.003969
-0.041690
-0.027367
0.022343
0.063621
0.026606
-0.057497
-0.075564
-0.005936
0.084817
0.078632
-0.004361
-0.062173
-0.054975
0.044144
0.084090
0.045406
-0.024465
-0.058606
-0.020278
0.032547
0.062949
0.038902
-0.015934
-0.046634
-0.043542
-0.010238
0.037781
0.030221
-0.016482
-0.052636
-0.034886
0.030954
0.053309
0.017917
-0.015691
0.001691
0.062989
0.066436
0.016451
-0.024196
-0.021240
0.031731
0.053609
0.030800
-0.013572
-0.021781
0.001941
0.025485
0.000450
-0.028126
-0.007062
0.013444
0.028817
-0.005439
-0.026082
-0.023336
0.012082
0.019741
-0.007049
-0.018315
-0.011630
0.016606
0.015267
-0.005742
-0.024552
0.000757
0.040543
0.046860
-0.004483
-0.034630
-0.024729
-0.002199
0.018127
0.010706
0.010846
0.013620
0.005768
-0.021127
-0.038002
-0.007938
0.050179
0.035139
-0.039993
-0.083630
-0.014721
0.090797
0.080774
-0.009936
-0.100925
-0.066875
0.040845
0.083206
0.040488
-0.024200
-0.042084
-0.009976
0.005237
-0.010643
-0.015088
0.011919
0.033958
-0.009050
-0.056967
-0.054329
-0.002613
0.052057
0.024373
-0.023875
-0.015082
0.025247
0.053686
0.003353
-0.026800
-0.000188
0.039015
0.045536
0.012854
-0.005490
-0.028541
-0.036239
-0.023516
0.012593
0.023393
-0.011059
-0.038108
-0.042097
-0.019837
0.023804
0.028961
-0.013142
-0.035589
-0.026522
0.013930
0.026133
-0.001242
-0.027492
-0.037602
0.000513
0.036076
0.033069
0.014903
-0.016049
-0.042396
-0.058499
-0.026738
0.038537
0.064990
0.019525
-0.040861
-0.050621
-0.015963
0.020698
0.017509
0.010398
-0.020335
-0.020699
-0.005262
-0.002632
-0.013842
-0.036243
-0.041023
-0.019551
0.009732
0.016216
-0.001161
-0.045600
-0.059401
-0.033727
0.054555
0.095092
0.052532
-0.041939
-0.090114
-0.043586
0.034134
0.055311
0.013762
-0.016382
-0.020711
-0.002960
-0.007644
-0.009561
-0.030833
-0.018120
0.016701
0.034333
0.033478
-0.009486
-0.036332
-0.028160
-0.008914
0.006534
0.012564
0.003379
-0.017639
-0.019521
-0.008604
0.008455
0.017189
0.013468
0.005841
-0.004651
-0.007342
-0.015986
-0.017078
0.011582
0.026052
0.012000
-0.002321
-0.018542
-0.013249
-0.004736
0.006681
0.017303
0.007794
-0.014161
-0.024723
-0.000356
0.010479
-0.004162
-0.018100
-0.015668
-0.003615
0.010466
0.015633
0.001825
-0.006913
-0.002157
-0.005117
-0.003444
-0.009222
-0.014616
-0.010754
-0.005020
0.013416
0.009457
-0.016386
-0.030752
-0.022486
0.015693
0.036747
0.010140
-0.021431
-0.038555
-0.007343
0.035964
0.062468
0.034836
-0.017351
-0.046676
-0.026290
0.007878
0.019781
0.018210
-0.004211
-0.003955
-0.020036
-0.010161
-0.006926
-0.005081
-0.001511
-0.001260
0.011355
0.013676
0.018625
-0.002478
-0.019004
-0.024497
0.002428
0.027589
0.042771
0.028974
-0.004838
-0.012891
0.000684
0.024647
0.015847
0.005643
-0.003573
0.006863
0.015961
0.003458
-0.006736
-0.008053
0.002140
0.019499
0.027270
0.011244
0.000409
-0.000781
0.008665
0.014026
0.017734
0.000967
-0.014875
0.004410
0.008754
0.009235
0.014564
0.004086
-0.014754
-0.027431
-0.008329
0.018500
0.033600
0.022869
-0.020555
-0.046160
-0.028635
0.011618
0.040655
0.041607
0.017469
-0.012170
-0.027639
-0.012803
0.011180
0.021747
0.008274
-0.012553
-0.002689
0.002058
0.007524
0.001159
-0.004975
-0.002285
0.007131
0.016131
0.019333
0.006553
-0.022048
-0.025094
-0.018127
0.025547
0.034548
0.008542
-0.013439
-0.030212
-0.008824
0.022225
0.032731
0.013837
-0.015104
-0.023252
-0.000364
0.023967
0.028401
0.009493
-0.012418
-0.002021
0.009379
0.010117
0.001681
-0.015196
-0.018722
-0.010714
0.020267
0.036027
0.011675
-0.029183
-0.031893
-0.001979
0.027072
0.021017
-0.010932
-0.017952
0.001179
0.034946
0.027107
-0.000947
-0.037103
-0.036188
0.002754
0.038276
0.047265
0.009820
-0.028042
-0.044374
-0.025935
0.001130
0.029597
0.025768
-0.005590
-0.031510
-0.024271
0.000555
0.010420
0.014518
0.003537
-0.010899
-0.015760
-0.003999
0.001742
-0.017198
-0.026358
-0.016403
-0.004745
0.016878
0.017514
-0.003481
-0.026466
-0.040129
-0.016612
0.018968
0.042409
0.017523
-0.029053
-0.046878
-0.036936
-0.006311
0.015966
0.022851
0.012874
-0.011805
-0.036617
-0.030813
-0.008944
0.009529
0.011957
-0.003575
-0.013280
-0.027795
-0.037271
-0.033880
-0.017591
0.014320
0.016248
-0.007446
-0.039470
-0.050513
-0.036019
-0.003030
0.031090
0.028040
-0.002175
-0.029798
-0.037433
-0.030383
0.016376
0.023734
0.007661
-0.022534
-0.041054
-0.021344
-0.003167
0.005769
-0.015515
-0.040570
-0.033204
0.004105
0.016324
0.010446
-0.019708
-0.034267
-0.026350
0.001659
0.026286
0.014759
-0.008936
-0.030162
-0.034118
-0.017790
0.016915
0.031333
0.012291
-0.021554
-0.039558
-0.031419
-0.003310
0.027747
0.023839
-0.003260
-0.026612
-0.019472
0.003345
0.027188
0.024942
-0.007437
-0.027703
-0.024420
0.004562
0.019728
0.022650
-0.000998
-0.019215
-0.015150
-0.004235
0.010121
0.022252
0.025502
0.004892
-0.017656
-0.021508
-0.008318
0.002354
0.013382
0.013802
0.008976
-0.005143
-0.010144
0.012683
0.024077
0.018984
0.001757
-0.007449
0.004700
0.014193
0.013599
0.004146
0.002460
0.018784
0.032068
0.024864
-0.013060
-0.040900
-0.014927
0.029248
0.050520
0.029727
-0.011377
-0.029269
-0.012298
0.020921
0.030652
0.017263
0.004661
0.004980
0.013902
0.014719
0.010542
0.000909
0.006230
0.028085
0.039618
0.029650
0.010178
-0.001719
-0.006359
0.000825
0.017022
0.026987
0.022534
0.008222
-0.006414
-0.007281
0.006514
0.028401
0.036860
0.022740
0.002073
-0.012736
-0.004732
0.015702
0.027920
0.015511
-0.003425
-0.001856
0.003174
0.006680
0.010998
0.013734
0.008750
-0.001072
-0.000831
0.003004
0.002337
0.004290
0.011994
0.016492
0.014416
-0.001117
-0.016145
-0.014319
0.007028
0.029459
0.028602
0.007994
-0.018534
-0.028810
-0.015336
0.005024
0.021397
0.031637
0.022034
-0.017030
-0.038958
-0.026728
-0.000325
0.019791
0.006565
-0.007378
-0.015073
-0.009321
0.007055
0.005965
-0.011048
-0.022016
-0.016705
0.010070
0.032322
0.015708
-0.015637
-0.037045
-0.021759
0.009320
0.029577
0.016200
-0.018980
-0.031188
-0.011725
0.017540
0.019283
-0.004887
-0.023557
-0.015972
-0.002608
0.003929
-0.002312
-0.011333
-0.013214
-0.002681
0.001226
-0.005795
-0.010239
-0.008788
0.009079
0.008997
-0.008414
-0.016604
-0.014565
0.004419
0.017781
0.017133
0.005047
-0.018377
-0.024413
-0.010767
0.018284
0.026579
0.007579
-0.009171
-0.019722
-0.010622
0.000126
0.015442
0.017620
0.002409
-0.010732
-0.025829
-0.007430
0.019730
0.023090
0.005929
-0.021346
-0.027620
-0.017832
-0.004649
0.007390
0.000782
-0.009923
-0.006754
0.005185
0.013134
-0.005265
-0.028414
-0.024873
0.003211
0.027223
0.022856
0.004023
-0.018932
-0.029863
-0.022524
-0.006164
0.015083
0.022306
0.012330
-0.014128
-0.040790
-0.045388
-0.022866
0.006982
0.016802
-0.005484
-0.032036
-0.032503
-0.017985
-0.002848
-0.005297
-0.014768
-0.010665
0.002102
0.000942
-0.019786
-0.037658
-0.029033
-0.001149
0.023024
0.014312
-0.014344
-0.034790
-0.035913
-0.005046
0.014431
0.007939
-0.019628
-0.030958
-0.005389
0.013660
0.008851
-0.016370
-0.027845
-0.016462
0.004710
0.015239
0.000019
-0.018264
-0.036167
-0.026646
0.000618
0.009189
0.009527
-0.001054
0.001443
0.000559
-0.013976
-0.019116
-0.009080
0.007087
0.006945
-0.010675
-0.013943
-0.007717
0.006086
0.008667
-0.003575
-0.005451
0.006184
0.018031
0.000987
-0.018287
-0.027430
-0.015169
0.006410
0.018764
0.005949
-0.022542
-0.033101
-0.009174
0.019386
0.015652
-0.013353
-0.036596
-0.023248
0.001677
0.017151
0.008992
-0.009657
-0.022040
-0.008098
0.011303
0.011117
-0.002334
-0.023337
-0.022120
-0.012302
0.007009
0.018078
0.014118
-0.010061
-0.024454
-0.011070
0.004174
0.012142
0.007109
0.002817
-0.010455
-0.011921
-0.006014
-0.001887
0.005312
0.008040
0.008420
0.001241
-0.004725
-0.007840
-0.012857
-0.004061
0.012551
0.024774
0.017570
0.000517
-0.013558
-0.007720
0.014674
0.024345
0.015506
-0.003453
-0.007825
-0.001356
0.007374
0.009916
0.011779
0.003434
0.007279
0.019377
0.019125
0.012747
-0.001523
0.001896
0.009359
0.021915
0.025713
0.009295
-0.000526
0.000075
0.013826
0.019840
0.012020
-0.000834
-0.008456
-0.001958
0.019840
0.030072
0.013287
0.000317
0.000713
0.017520
0.031396
0.019990
-0.003694
-0.013370
