0.008068
0.007934
0.008009
0.008210
0.008524
0.008626
0.008294
0.008503
0.008588
0.009104
0.009251
0.009055
0.008905
0.009393
0.009723
0.009835
0.010038
0.010204
0.010568
0.010451
0.010144
0.010309
0.010905
0.011023
0.010812
0.010402
0.010436
0.010062
0.009567
0.009374
0.009831
0.010102
0.009956
0.010126
0.010465
0.010668
0.010244
0.010310
0.010551
0.010393
0.009586
0.009669
0.009939
0.010044
0.010414
0.009687
0.009436
0.009548
0.009305
0.009136
0.009515
0.010078
0.009750
0.009209
0.008531
0.008447
0.008834
0.009098
0.008729
0.007645
0.007425
0.007640
0.007684
0.007660
0.007071
0.006806
0.006363
0.005774
0.005592
0.005438
0.005737
0.005411
0.005005
0.004228
0.003837
0.003992
0.003825
0.004091
0.004055
0.003780
0.003336
0.003274
0.003813
0.003763
0.003373
0.002806
0.002456
0.002082
0.001841
0.002027
0.002233
0.002532
0.002379
0.002092
0.001699
0.001439
0.001130
0.001007
0.000405
0.000011
-0.000072
0.000327
0.000892
0.001127
0.001271
0.000905
0.000615
0.000041
0.000067
-0.000016
-0.000299
-0.001421
-0.001935
-0.002360
-0.002520
-0.002397
-0.002246
-0.001927
-0.002553
-0.003223
-0.003779
-0.003300
-0.003502
-0.003637
-0.003958
-0.003550
-0.003441
-0.003629
-0.004101
-0.004143
-0.003636
-0.004175
-0.004698
-0.005433
-0.004661
-0.005029
-0.005739
-0.006324
-0.006317
-0.006195
-0.006783
-0.007636
-0.008397
-0.007603
-0.007516
-0.007942
-0.009569
-0.010880
-0.011125
-0.010986
-0.010680
-0.010907
-0.011395
-0.012464
-0.013178
-0.013388
-0.012859
-0.012828
-0.013553
-0.014000
-0.014267
-0.014244
-0.014534
-0.015378
-0.015667
-0.015558
-0.015521
-0.015649
-0.016110
-0.016296
-0.015741
-0.015317
-0.015862
-0.016639
-0.017296
-0.017337
-0.017729
-0.018345
-0.018542
-0.018057
-0.017695
-0.017339
-0.017793
-0.019139
-0.018727
-0.018215
-0.018126
-0.018469
-0.018720
-0.018524
-0.018875
-0.019123
-0.019328
-0.019752
-0.019781
-0.019615
-0.019775
-0.019243
-0.017833
-0.017512
-0.017616
-0.017927
-0.018243
-0.017729
-0.016968
-0.016164
-0.016347
-0.017082
-0.017599
-0.017306
-0.016730
-0.016172
-0.015973
-0.015828
-0.015560
-0.015145
-0.014359
-0.013903
-0.013817
-0.013221
-0.012283
-0.012297
-0.012117
-0.012718
-0.012680
-0.011983
-0.011687
-0.011746
-0.011569
-0.009960
-0.009511
-0.008546
-0.008844
-0.008633
-0.008599
-0.007562
-0.007665
-0.008823
-0.010085
-0.012170
-0.013698
-0.016201
-0.018083
-0.020449
-0.017270
-0.013254
-0.003558
0.004863
0.018209
0.023443
0.034282
0.032623
0.009020
-0.025037
-0.044550
-0.050491
-0.054744
-0.014891
0.048983
0.082957
0.048297
0.003289
-0.080134
-0.098150
-0.071659
-0.020948
0.037548
0.102503
0.140950
0.024971
-0.084833
-0.093682
0.028445
0.072716
0.010930
-0.053959
-0.036438
0.036568
0.054248
0.027416
0.006765
0.033078
0.011075
-0.059885
-0.095999
0.007803
0.114746
0.092287
-0.035635
-0.110684
-0.029350
0.135818
0.182177
0.021295
-0.155160
-0.149175
0.007701
0.143751
0.082899
-0.018598
-0.006113
-0.048789
-0.042731
-0.009806
0.029468
0.087719
0.094061
0.023472
-0.021270
-0.091516
0.053434
0.151895
-0.162224
-0.183733
-0.093752
0.054356
0.218666
0.251147
0.318938
-0.067818
-0.430810
-0.257513
0.107577
0.264302
0.103270
0.045518
0.183676
0.085389
-0.223081
-0.331546
-0.079791
0.339014
0.307048
-0.018001
-0.217996
-0.110218
0.124490
0.179435
0.064478
-0.132930
-0.112848
0.040258
0.165438
0.107683
-0.067095
-0.131194
0.003611
0.142869
0.096698
-0.032524
-0.068231
-0.003515
-0.003000
-0.028797
-0.003025
0.073619
0.077847
-0.009957
-0.053933
-0.043497
0.053203
0.139991
0.110197
-0.025189
-0.125483
-0.106179
0.035582
0.126366
0.070902
-0.016063
-0.098742
0.006052
0.018098
0.153893
0.058122
-0.067763
-0.035427
0.007484
0.050705
-0.095587
-0.018746
0.004178
0.092138
-0.030485
-0.078644
-0.109921
-0.135054
-0.051058
0.082965
0.256089
0.155965
-0.074069
-0.279472
-0.186452
-0.002194
0.176524
0.172995
0.103752
0.036853
-0.044981
-0.073665
-0.106100
-0.087469
0.053356
0.125492
0.091305
0.093509
-0.044543
-0.191470
-0.154137
-0.004318
0.099160
0.142361
0.039257
-0.044779
-0.038580
-0.029953
0.020988
0.033953
-0.005252
-0.042358
-0.021633
0.013368
0.147844
0.108383
-0.039714
-0.210429
-0.270871
-0.194179
-0.070748
0.260695
0.449590
0.284457
-0.141648
-0.402452
-0.337753
-0.041669
0.167469
0.178429
0.143666
0.227715
0.190591
-0.208529
-0.464879
-0.350447
0.123935
0.328722
0.169311
-0.109530
-0.235902
0.002617
-0.069923
-0.135032
-0.134685
0.007856
0.128156
0.147299
0.161376
0.028345
0.006003
-0.066800
-0.052922
-0.140617
-0.204616
-0.111189
0.270541
0.302848
-0.035217
-0.306054
-0.292540
0.130482
0.229382
0.168800
-0.089166
-0.196346
-0.058716
0.132553
0.209501
-0.090760
-0.237001
-0.071908
0.240129
0.279802
0.001818
-0.200036
-0.109945
0.109503
0.197260
-0.046550
-0.187441
-0.115885
-0.041061
0.094016
0.061912
-0.051526
-0.183341
-0.026517
0.119222
0.205714
0.084118
-0.047459
-0.092538
-0.012461
-0.028407
-0.181400
0.011677
0.177992
0.185741
-0.230731
-0.286528
-0.001863
0.278681
0.241983
-0.096276
-0.266641
-0.254009
0.015299
0.302186
0.384560
0.130034
-0.124382
-0.332492
-0.331094
-0.021168
0.258397
0.190643
-0.149728
-0.265359
-0.084902
0.189402
0.283895
0.073913
-0.125233
-0.255082
-0.202600
-0.068071
0.193456
0.446127
0.328720
-0.126483
-0.471584
-0.277546
0.159638
0.459405
0.272917
-0.195612
-0.499321
-0.285504
0.229442
0.562072
0.424193
-0.108435
-0.527381
-0.379081
0.146987
0.451069
0.256573
-0.177577
-0.495412
-0.378300
0.149964
0.550425
0.423944
-0.158161
-0.558487
-0.477950
0.135918
0.564765
0.465885
-0.091834
-0.570851
-0.374236
0.114452
0.424173
0.103998
-0.284616
-0.263467
0.194006
0.543261
0.341606
-0.204980
-0.582324
-0.342503
0.272175
0.611988
0.237199
-0.335841
-0.522789
-0.095401
0.329962
0.243091
-0.065838
-0.200840
-0.061298
0.161930
0.303755
0.012353
-0.409939
-0.624439
-0.277103
0.277890
0.492250
0.333169
0.035009
-0.121494
-0.178425
-0.115611
-0.072115
0.010958
0.038046
0.142599
0.292159
0.264176
-0.114176
-0.422043
-0.234662
0.207449
0.317279
-0.010205
-0.214883
-0.129003
0.052860
-0.041898
-0.239404
-0.188686
0.023156
0.213191
0.216289
0.046307
-0.146335
-0.173138
0.004601
0.147829
0.170389
0.037043
-0.074904
-0.086589
-0.031071
-0.015763
-0.135045
-0.081677
0.099974
0.151170
-0.049793
-0.322346
-0.390134
-0.187954
0.126966
0.323441
0.334006
0.159197
-0.050201
-0.153014
-0.077398
0.007798
0.059113
0.064484
0.129809
0.190593
0.055233
-0.095117
-0.299893
-0.425147
-0.286143
-0.003962
0.217994
0.145903
-0.144960
-0.322017
-0.202964
0.106766
0.255377
0.084615
-0.212911
-0.271661
-0.120793
0.099574
0.108371
-0.058850
-0.082448
0.099393
0.292081
0.172841
-0.084645
-0.205519
-0.027813
0.188237
0.181265
0.033165
-0.058382
-0.046190
-0.047705
-0.088603
0.016254
0.154554
0.117386
-0.003734
-0.152334
-0.154803
-0.070929
-0.034130
0.021759
0.095597
0.142284
0.059424
-0.097568
-0.061119
0.026545
-0.008683
-0.044116
-0.000053
0.093676
0.087991
-0.047121
-0.135471
-0.021256
0.128603
0.150559
0.116405
0.088327
0.041626
-0.036490
-0.042411
0.016238
0.038987
-0.064226
-0.138007
-0.120725
-0.023861
0.068776
0.013358
-0.081968
-0.146579
-0.177912
-0.172276
-0.120722
-0.055521
0.049655
0.029428
-0.041651
-0.108811
-0.039486
0.134502
0.200539
0.168490
0.120426
0.080167
0.030014
0.083422
0.088423
0.079615
-0.015288
-0.032630
-0.037688
-0.019832
-0.013946
-0.062428
-0.033226
-0.020165
0.029406
0.022346
-0.010869
-0.078974
-0.065001
0.015888
0.096874
0.103109
0.028403
-0.015064
0.015444
0.081201
0.108544
0.077731
0.009666
-0.016228
-0.025044
-0.024990
0.013885
0.054614
0.056083
0.015633
-0.035547
0.000265
0.091744
0.103634
0.010408
-0.085086
-0.023966
0.103928
0.152778
0.063476
-0.077447
-0.039438
0.044984
0.051134
-0.039508
-0.131247
-0.161797
-0.149482
-0.010312
0.125527
0.117523
0.029189
-0.014342
0.041816
0.139610
0.151894
0.079082
-0.047933
-0.113230
-0.070060
0.095299
0.221747
0.106793
-0.139866
-0.261890
-0.112350
0.098595
0.161574
0.027565
-0.127343
-0.155330
-0.085477
0.076326
0.168709
0.132034
-0.026367
-0.145244
-0.097672
0.075843
0.220560
0.113822
-0.097758
-0.200667
-0.052224
0.139833
0.183787
0.052166
-0.076792
-0.107164
-0.056824
0.024706
0.096467
0.114440
0.011059
-0.081400
-0.078082
0.068832
0.144007
0.067491
-0.128355
-0.189557
-0.045453
0.166419
0.225941
0.023337
-0.169280
-0.165311
0.034033
0.171240
0.108539
-0.038599
-0.098200
-0.032658
0.061615
0.080265
0.022785
-0.048596
-0.077453
-0.025930
0.053283
0.070973
-0.004154
-0.084619
-0.084212
0.000250
0.070798
0.044787
-0.022580
-0.064966
-0.053311
-0.006548
0.049334
0.032993
-0.034909
-0.063855
-0.024334
0.023758
0.030533
0.013104
-0.009496
-0.019833
-0.016598
0.001588
0.008752
0.008389
0.002483
-0.013358
-0.047895
-0.060106
-0.035135
0.019573
0.043164
-0.000334
-0.053568
-0.061494
-0.019241
0.027296
0.026677
-0.011876
-0.038722
-0.036745
-0.008557
0.023417
0.026684
-0.025523
-0.072464
-0.072457
0.010051
0.064532
0.042648
-0.018756
-0.078593
-0.051497
-0.000952
0.031799
0.022060
-0.002537
-0.022696
-0.030192
-0.015227
0.005650
0.003586
-0.016051
-0.017218
-0.001844
0.022576
0.020792
-0.003437
-0.044331
-0.043887
0.011289
0.037934
0.014219
-0.036883
-0.023896
0.029805
0.013757
-0.069444
-0.092941
-0.005902
0.057026
0.018267
-0.047701
-0.061971
-0.036085
-0.015203
0.002661
0.028262
0.027430
-0.009284
-0.066184
-0.057593
0.009472
0.050811
0.027004
-0.034774
-0.054527
-0.035085
0.007124
0.021742
0.018478
-0.005792
-0.033573
-0.022461
-0.008104
0.004302
0.003075
-0.004884
-0.006310
-0.017539
-0.034723
-0.019545
-0.010497
-0.017368
-0.040355
-0.039075
-0.003330
0.017674
0.012910
-0.009882
-0.013151
-0.006061
0.010954
0.015402
0.013080
-0.013901
-0.022431
-0.005511
0.031729
0.051705
0.013483
-0.033837
-0.063189
-0.027066
0.009067
0.031899
0.022413
-0.006462
-0.041025
-0.043235
-0.006135
0.028514
0.031564
-0.004285
-0.015687
-0.020950
0.001893
0.028051
0.038188
0.008102
-0.038634
-0.042794
-0.002499
0.056484
0.049197
-0.005424
-0.038214
-0.012527
0.030182
0.040850
0.010522
-0.031916
-0.043571
-0.003768
0.050560
0.047906
0.009602
-0.037663
-0.050322
-0.013811
0.037162
0.039347
-0.001963
-0.033437
-0.034654
-0.017548
0.011374
0.039679
0.035181
0.013550
-0.015738
-0.014649
0.001858
0.028509
0.036569
0.014643
-0.011197
-0.012551
0.022409
0.027113
0.006335
-0.017506
-0.004365
0.016545
0.015677
0.011817
0.012166
0.013553
0.011956
0.017216
0.006415
0.003279
0.001129
0.023331
0.029915
0.005942
-0.018519
-0.022957
0.010686
0.034186
0.032623
-0.003389
-0.024056
-0.007271
0.011967
0.008303
-0.001374
-0.004113
0.019645
0.025675
-0.001691
-0.012104
-0.000915
0.015527
0.014960
0.011368
0.010219
0.017772
0.020188
0.010372
-0.002633
-0.008790
-0.004261
-0.008484
-0.009305
-0.004070
0.003810
0.015547
0.018654
-0.013211
-0.043427
-0.022945
0.034460
0.069770
0.026386
-0.037717
-0.048286
-0.006141
0.027671
0.025718
-0.002976
-0.024951
-0.028748
-0.014298
0.008017
0.020767
0.022174
0.013661
-0.010383
-0.027965
-0.017545
0.002887
0.024377
0.022686
-0.002490
-0.018909
-0.000736
0.008864
0.005730
-0.011255
-0.014752
0.007679
0.016997
0.002018
-0.031759
-0.038398
-0.027978
0.000269
0.007314
-0.016399
-0.026304
-0.019426
0.006562
0.022264
0.019609
-0.015420
-0.033370
-0.000978
0.035194
0.035923
-0.009154
-0.033342
-0.017132
0.017224
0.024031
0.010955
0.008604
0.009720
0.012315
-0.000097
-0.025651
-0.040087
-0.022421
-0.012169
-0.018094
-0.015856
-0.016636
-0.016315
-0.019794
-0.028460
-0.016886
0.000353
0.001671
-0.011580
-0.025365
-0.009708
0.004889
0.004624
-0.006282
-0.014376
0.002395
0.017433
0.019961
-0.005364
-0.020496
-0.012937
0.009862
0.014039
0.001093
-0.016018
-0.025051
-0.009300
-0.006182
-0.002053
-0.002037
0.015683
0.018610
-0.012144
-0.033028
-0.028525
-0.011163
0.010169
0.011207
-0.012633
-0.028016
-0.039503
-0.031310
-0.003809
0.020819
0.020096
-0.000797
-0.012477
-0.007888
-0.001299
0.002034
0.005494
0.013147
0.015931
0.019134
0.010174
-0.005267
-0.009388
-0.002396
0.018837
0.024703
0.013045
-0.015264
-0.029495
-0.015714
0.008417
0.015039
-0.005681
-0.027613
-0.027454
-0.002122
0.024719
0.038059
0.018543
-0.013831
-0.032041
-0.007634
0.039300
0.060800
0.038643
-0.007246
-0.033013
-0.015266
0.025174
0.035351
0.025804
0.004003
-0.001417
0.001981
0.000344
0.006864
0.007920
0.001216
-0.000427
0.003133
0.015193
0.022872
0.021166
0.018190
-0.000497
-0.007449
-0.005174
0.016046
0.026214
0.017922
-0.005546
-0.015493
-0.009820
-0.000418
0.020109
0.029334
0.027778
0.010959
-0.005402
-0.015336
-0.009942
0.001419
0.010844
0.015908
0.021986
0.011373
0.006840
0.009115
0.020233
0.021086
0.006617
-0.006371
-0.014586
-0.009986
-0.002512
0.024120
0.034149
0.015060
-0.026983
-0.049550
-0.027502
0.015050
0.045714
0.038207
0.001681
-0.026317
-0.028029
-0.010170
0.013922
0.028516
0.019301
-0.004034
-0.014925
-0.011478
0.008161
0.017257
0.012129
-0.014100
-0.029383
-0.015699
0.003942
0.006794
-0.006054
-0.009408
-0.005292
0.009862
0.012283
0.001158
-0.021743
-0.013942
0.016653
0.040275
0.026912
-0.020701
-0.046332
-0.024540
0.025090
0.043458
0.023324
-0.019728
-0.046558
-0.038038
-0.005889
0.006638
0.010540
0.000518
-0.011100
-0.011961
-0.011409
-0.000884
-0.003817
-0.006072
0.006008
0.008790
-0.003514
0.004113
0.005377
-0.004877
-0.027571
-0.028180
-0.009485
0.016625
0.020420
-0.000845
-0.016056
-0.031980
-0.016814
0.007104
0.015710
-0.012258
-0.028526
-0.035937
-0.011786
0.030126
0.035012
0.007648
-0.028172
-0.030478
-0.014879
0.000499
0.006480
-0.001709
-0.015672
-0.022112
-0.018239
-0.003477
0.009240
0.005042
-0.010651
-0.019570
-0.024713
-0.018959
-0.017462
-0.016202
-0.014680
-0.005835
0.008678
0.006030
-0.008056
-0.027414
-0.030589
-0.012542
0.013885
0.021556
0.003569
-0.024312
-0.033150
-0.007560
0.013417
0.011738
-0.008020
-0.031217
-0.034427
-0.015469
0.005113
0.016133
0.010369
-0.008163
-0.022987
-0.033495
-0.022187
-0.001198
0.013279
0.014107
0.000008
-0.018440
-0.018231
-0.008962
0.001021
0.000647
-0.007012
-0.009172
-0.014914
-0.024240
-0.021946
-0.007161
0.002935
0.012694
0.010895
-0.000834
-0.019621
-0.020348
-0.015354
-0.002686
0.004267
0.001586
-0.005357
-0.012862
-0.006761
-0.004958
-0.003782
-0.003500
-0.004095
-0.010610
0.000762
0.007667
0.009442
0.001488
-0.019256
-0.022152
-0.006557
0.019935
0.024078
-0.001960
-0.026382
-0.024652
-0.001175
0.019240
0.019476
0.005990
-0.006369
-0.019499
-0.023399
0.003071
0.031623
0.036337
0.015233
-0.018732
-0.036536
-0.009497
0.024091
0.037796
0.019135
-0.014303
-0.022479
-0.010517
0.019405
0.032216
0.019392
-0.004386
-0.022856
-0.017048
-0.000898
0.022235
0.035407
0.016070
-0.007940
-0.022679
-0.018338
-0.000963
0.024000
0.042625
0.030624
0.000083
-0.021539
-0.009412
0.026789
0.041130
0.010596
-0.026001
-0.027846
0.008882
0.038086
0.030309
0.008495
-0.014371
-0.013633
0.008638
0.032466
0.037880
0.012223
-0.007925
-0.014122
-0.003520
0.017475
0.032981
0.027211
0.009656
-0.007576
-0.009979
0.003291
0.019662
0.022434
-0.001193
-0.009593
0.005779
0.030742
0.035492
0.023596
0.002568
-0.010956
-0.002926
0.020083
0.034572
0.029319
0.015489
0.003015
0.013314
0.018638
0.012022
-0.002107
-0.003398
0.012437
0.021517
0.016447
0.003397
-0.004521
-0.004161
-0.000671
-0.000864
0.004000
0.011727
0.019705
0.013851
-0.004045
-0.010933
0.001634
0.020732
0.029364
0.007627
-0.023514
-0.016330
0.016190
0.037408
0.026407
-0.001282
-0.021475
-0.013095
0.007020
0.020351
0.021553
0.005802
-0.008154
-0.014049
-0.007249
0.009587
0.018497
0.019164
0.001456
-0.016360
-0.009444
0.008105
0.025780
0.023996
0.006096
-0.012064
-0.016660
-0.004460
0.012445
0.022018
0.013796
-0.005915
-0.018815
-0.016152
-0.001755
0.010224
0.011827
0.007443
0.002438
0.002247
0.003473
0.009828
0.010290
0.002031
-0.003036
-0.003854
-0.002601
0.004273
0.016833
0.012525
-0.004787
-0.023941
-0.022579
-0.002104
0.022552
0.023409
-0.005721
-0.023905
-0.026993
-0.012676
0.003859
0.016380
0.013441
-0.005638
-0.022423
-0.025579
-0.006043
0.005946
0.006617
-0.000103
-0.007985
-0.006555
-0.004824
-0.011058
-0.017792
-0.013536
-0.005604
0.001551
-0.000046
-0.008555
-0.016496
-0.015191
-0.006443
-0.005457
-0.005032
-0.006511
-0.006308
-0.003757
-0.006929
-0.012728
-0.016614
-0.011781
-0.013786
-0.017599
-0.016789
-0.012329
-0.010536
-0.015206
-0.020546
-0.025666
-0.021511
-0.012312
-0.008667
-0.011857
-0.012304
-0.015615
-0.020728
-0.015220
0.000018
0.005975
-0.003130
-0.020368
-0.024927
-0.010101
-0.001674
-0.005722
-0.010711
-0.016063
-0.016598
-0.017003
-0.014680
-0.011482
-0.014604
-0.018919
-0.021908
-0.020262
-0.016149
-0.002503
-0.005749
-0.019234
-0.024833
-0.016234
-0.000213
0.000579
-0.013017
-0.033436
-0.032293
-0.006087
0.011119
0.008450
-0.005370
-0.021699
-0.022519
-0.007781
0.006442
0.004124
-0.002228
-0.007151
-0.008998
-0.008466
-0.007389
-0.000138
-0.001194
-0.005018
-0.008631
-0.006978
0.000908
-0.002124
-0.011600
-0.021631
-0.016341
0.002315
0.011275
0.002720
-0.015905
-0.016253
-0.001353
0.008846
0.009919
0.003416
-0.006798
-0.007429
-0.001586
0.007221
0.008796
-0.001668
-0.014501
-0.012178
0.010075
0.022435
0.010123
-0.010680
-0.015833
-0.006502
0.011691
0.014734
0.009030
0.000712
-0.005551
-0.009347
-0.006543
0.011159
0.023936
0.020104
-0.005755
-0.018981
-0.010330
0.007368
0.013632
0.001888
-0.007837
-0.006226
0.002549
0.009343
0.018418
0.016045
0.009224
0.006127
0.007019
0.011445
0.014341
0.013320
