-0.009413
-0.009027
-0.008898
-0.008889
-0.009096
-0.009264
-0.009150
-0.008772
-0.008349
-0.008307
-0.008078
-0.008003
-0.008041
-0.008026
-0.007976
-0.007802
-0.007622
-0.007513
-0.007551
-0.007651
-0.007841
-0.007409
-0.006979
-0.006998
-0.007434
-0.007536
-0.007279
-0.006808
-0.006377
-0.006234
-0.006206
-0.005969
-0.005952
-0.006057
-0.006158
-0.006497
-0.006638
-0.006657
-0.006349
-0.006297
-0.005786
-0.005501
-0.005645
-0.005316
-0.005087
-0.004893
-0.004988
-0.004929
-0.004691
-0.004699
-0.004912
-0.005094
-0.004668
-0.004603
-0.004236
-0.004133
-0.004205
-0.003983
-0.004035
-0.003719
-0.003639
-0.003070
-0.002974
-0.003389
-0.003478
-0.003422
-0.003309
-0.002861
-0.002607
-0.002311
-0.002030
-0.002070
-0.001971
-0.002504
-0.002597
-0.002575
-0.002514
-0.002425
-0.002129
-0.001948
-0.001759
-0.001684
-0.001506
-0.001117
-0.001402
-0.001491
-0.001721
-0.001189
-0.001211
-0.001471
-0.001409
-0.001287
-0.000617
-0.000413
-0.000386
-0.000365
-0.000067
0.000366
0.000623
0.000612
0.000795
0.000690
0.000620
0.000545
0.000467
0.000405
0.000354
0.000583
0.000655
0.000909
0.000928
0.001211
0.001374
0.001337
0.001454
0.001882
0.002399
0.002581
0.002438
0.002101
0.002077
0.002642
0.003452
0.003638
0.003435
0.003481
0.003804
0.003777
0.003565
0.003501
0.003497
0.003716
0.003812
0.003770
0.004436
0.004641
0.004467
0.004558
0.004582
0.004884
0.005407
0.005692
0.005609
0.005452
0.005326
0.005328
0.004999
0.004756
0.004905
0.005343
0.005498
0.005675
0.005496
0.005241
0.005496
0.005516
0.005934
0.005849
0.005595
0.005735
0.005789
0.005968
0.005596
0.005523
0.005295
0.004931
0.005117
0.004749
0.004652
0.004330
0.004072
0.004031
0.004239
0.004748
0.004767
0.004707
0.004460
0.004415
0.004340
0.004466
0.004806
0.005080
0.005126
0.004697
0.004508
0.004682
0.004925
0.004775
0.004653
0.004828
0.004891
0.005307
0.005338
0.005094
0.004960
0.005090
0.005541
0.005270
0.004885
0.004661
0.004881
0.005176
0.005361
0.005437
0.005070
0.004952
0.005023
0.004925
0.004934
0.004860
0.004389
0.004445
0.004207
0.004036
0.003951
0.004057
0.004775
0.004843
0.004444
0.004153
0.004268
0.004118
0.004473
0.004646
0.004754
0.004500
0.003801
0.003702
0.003778
0.003961
0.003677
0.003534
0.003487
0.003420
0.003440
0.003266
0.002750
0.002701
0.002668
0.002600
0.002549
0.002235
0.002354
0.002599
0.002653
0.002489
0.001994
0.001638
0.001703
0.001523
0.001606
0.001503
0.001336
0.001054
0.000672
0.000817
0.001288
0.001430
0.001175
0.000886
0.000431
0.000616
0.000503
0.000382
0.000221
0.000188
0.000207
0.000018
-0.000319
-0.001011
-0.001064
-0.000761
-0.000769
-0.001308
-0.001747
-0.002150
-0.002413
-0.002589
-0.002280
-0.002294
-0.002283
-0.002481
-0.003098
-0.003333
-0.003475
-0.003189
-0.002983
-0.002758
-0.003136
-0.003112
-0.002969
-0.003177
-0.003109
-0.003341
-0.003182
-0.003162
-0.002973
-0.002977
-0.003213
-0.003052
-0.003271
-0.003243
-0.003241
-0.003543
-0.003933
-0.003911
-0.003638
-0.003255
-0.003349
-0.003500
-0.003609
-0.003972
-0.003933
-0.003726
-0.003193
-0.003053
-0.003373
-0.003665
-0.003861
-0.003945
-0.003816
-0.003815
-0.004195
-0.004452
-0.004620
-0.004576
-0.004604
-0.004779
-0.004743
-0.004771
-0.004494
-0.004557
-0.004585
-0.004438
-0.004998
-0.005156
-0.005501
-0.005785
-0.005695
-0.005776
-0.005598
-0.005637
-0.005672
-0.005399
-0.005211
-0.005499
-0.005331
-0.005534
-0.005516
-0.005105
-0.005256
-0.005392
-0.005873
-0.006145
-0.006229
-0.006192
-0.006257
-0.006331
-0.006632
-0.006594
-0.006706
-0.007244
-0.007217
-0.007235
-0.007212
-0.007514
-0.007728
-0.007375
-0.006945
-0.006971
-0.007556
-0.007527
-0.007267
-0.007290
-0.007217
-0.006995
-0.006605
-0.006483
-0.006248
-0.006063
-0.005891
-0.005830
-0.006018
-0.006048
-0.005932
-0.006312
-0.006631
-0.006667
-0.006624
-0.006033
-0.005924
-0.005655
-0.005773
-0.006222
-0.006355
-0.006295
-0.006119
-0.006168
-0.005949
-0.005584
-0.005952
-0.006192
-0.005895
-0.005887
-0.005983
-0.006027
-0.005826
-0.005897
-0.005892
-0.005911
-0.005930
-0.005737
-0.005906
-0.006159
-0.006018
-0.005640
-0.004973
-0.004839
-0.005052
-0.005187
-0.005184
-0.004668
-0.004077
-0.003644
-0.003397
-0.003381
-0.003283
-0.003429
-0.003621
-0.003689
-0.003981
-0.003545
-0.003060
-0.002686
-0.002320
-0.002205
-0.002110
-0.002170
-0.002198
-0.002250
-0.002031
-0.001855
-0.001562
-0.001573
-0.002080
-0.002209
-0.001864
-0.001129
-0.001059
-0.001273
-0.001216
-0.001096
-0.000944
-0.000856
-0.001106
-0.001290
-0.001291
-0.001222
-0.001222
-0.000837
-0.000615
-0.000949
-0.001336
-0.001249
-0.001039
-0.001036
-0.000930
-0.001257
-0.001170
-0.001386
-0.001575
-0.001185
-0.000949
-0.001290
-0.001487
-0.001437
-0.001016
-0.000722
-0.000875
-0.000564
-0.000254
-0.000230
-0.000432
-0.000504
-0.000211
-0.000158
-0.000167
-0.000240
0.000014
0.000827
0.001262
0.001647
0.001302
0.000916
0.000969
0.001178
0.001471
0.001911
0.002062
0.002258
0.002438
0.002749
0.003213
0.003193
0.003727
0.004194
0.004544
0.004930
0.005346
0.005748
0.006173
0.006308
0.006334
0.006701
0.006830
0.006724
0.006782
0.007120
0.007620
0.007684
0.008013
0.008137
0.008119
0.008653
0.008390
0.008491
0.008602
0.008811
0.009226
0.009191
0.009283
0.009335
0.009569
0.009661
0.009669
0.009612
0.009593
0.009536
0.009490
0.009458
0.009622
0.010325
0.010657
0.010767
0.010546
0.010190
0.010226
0.010483
0.010773
0.011025
0.011053
0.011215
0.010963
0.010417
0.010484
0.010464
0.010718
0.010587
0.010931
0.011017
0.010648
0.010926
0.010835
0.011217
0.010924
0.010678
0.010706
0.010407
0.010487
0.010190
0.010331
0.010437
0.010736
0.010922
0.010806
0.010736
0.010523
0.010160
0.010179
0.010417
0.010391
0.010264
0.009905
0.009917
0.009568
0.009353
0.009124
0.009152
0.009640
0.009535
0.009454
0.009647
0.009568
0.009398
0.008773
0.008171
0.008304
0.008622
0.008841
0.008854
0.008820
0.008112
0.007387
0.007311
0.007482
0.007496
0.007002
0.006757
0.006823
0.006732
0.006905
0.006782
0.006450
0.006382
0.006074
0.005634
0.005419
0.005617
0.005785
0.005349
0.004810
0.004899
0.004642
0.004352
0.003951
0.003638
0.003985
0.003890
0.003588
0.003026
0.002465
0.002805
0.003361
0.003412
0.003131
0.002488
0.001976
0.001390
0.001215
0.001353
0.000757
0.000424
0.000330
-0.000041
-0.000527
-0.000750
-0.001191
-0.001670
-0.001666
-0.001910
-0.002115
-0.002521
-0.003006
-0.003622
-0.003867
-0.004116
-0.004452
-0.004628
-0.004899
-0.005198
-0.005519
-0.005549
-0.005856
-0.006059
-0.006353
-0.006714
-0.007108
-0.007247
-0.007196
-0.007020
-0.006965
-0.007281
-0.007673
-0.008230
-0.008465
-0.008691
-0.009011
-0.009262
-0.009417
-0.009322
-0.009386
-0.009557
-0.009766
-0.009519
-0.009358
-0.009421
-0.009740
-0.009933
-0.010089
-0.010251
-0.009769
-0.009652
-0.009879
-0.010074
-0.009801
-0.009998
-0.010274
-0.010674
-0.010709
-0.010483
-0.011036
-0.011318
-0.011331
-0.011168
-0.011345
-0.011275
-0.011057
-0.011033
-0.011054
-0.011330
-0.011309
-0.011557
-0.011641
-0.011502
-0.011620
-0.011558
-0.011833
-0.011813
-0.011867
-0.012100
-0.011887
-0.011990
-0.011772
-0.011750
-0.012094
-0.011864
-0.011785
-0.011799
-0.011851
-0.011741
-0.011566
-0.011396
-0.010995
-0.011257
-0.011229
-0.011148
-0.011088
-0.010630
-0.010598
-0.010649
-0.010422
-0.010318
-0.009968
-0.009722
-0.009608
-0.009432
-0.009507
-0.009263
-0.009183
-0.008919
-0.008515
-0.008031
-0.007674
-0.007765
-0.008069
-0.008059
-0.007960
-0.007969
-0.007654
-0.007259
-0.006973
-0.006952
-0.006842
-0.006863
-0.007007
-0.007005
-0.006727
-0.006191
-0.006395
-0.006128
-0.005898
-0.006008
-0.005737
-0.005675
-0.005693
-0.005874
-0.005641
-0.005563
-0.005482
-0.005441
-0.005361
-0.005195
-0.005209
-0.005143
-0.004879
-0.004826
-0.004948
-0.005058
-0.004974
-0.004311
-0.003765
-0.003904
-0.004241
-0.004200
-0.004005
-0.003500
-0.003222
-0.003147
-0.003193
-0.002799
-0.002517
-0.002364
-0.002338
-0.002061
-0.001566
-0.001397
-0.000958
-0.001028
-0.000998
-0.001237
-0.001150
-0.000859
-0.000766
-0.000488
-0.000454
-0.000482
-0.000641
-0.000624
-0.000548
-0.000784
-0.000204
0.000388
0.000456
0.000657
0.000926
0.000738
0.000300
0.000234
0.000289
0.000587
0.000932
0.001258
0.001203
0.001363
0.001276
0.001098
0.000910
0.000587
0.000637
0.000655
0.000617
0.000857
0.000673
-0.000003
-0.000166
-0.000243
0.000218
0.000679
0.000536
0.000316
0.000205
0.000495
0.000687
0.000876
0.000763
0.000648
0.000521
0.000595
0.001157
0.001273
0.001505
0.001758
0.001528
0.001215
0.001177
0.001118
0.001451
0.001413
0.001510
0.001644
0.001775
0.002372
0.002465
0.002824
0.002850
0.003124
0.003263
0.003284
0.003377
0.003110
0.003733
0.003768
0.003744
0.003801
0.003905
0.004123
0.003895
0.004275
0.004327
0.004103
0.003995
0.004164
0.004092
0.004343
0.004427
0.004602
0.004602
0.004518
0.004944
0.005162
0.005762
0.005548
0.005259
0.005225
0.005357
0.005616
0.005660
0.005648
0.006054
0.006137
0.005895
0.005676
0.005437
0.005815
0.006238
0.006391
0.006255
0.006338
0.006309
0.006270
0.006237
0.006049
0.005900
0.005813
0.005842
0.005684
0.005592
0.005603
0.006153
0.006518
0.006252
0.005976
0.005886
0.005768
0.005881
0.006409
0.006410
0.006076
0.005917
0.005693
0.005803
0.006048
0.005943
0.005989
0.005862
0.005924
0.005954
0.005757
0.005437
0.005073
0.005014
0.004911
0.005180
0.005363
0.005415
0.005475
0.005129
0.005407
0.005439
0.005488
0.005275
0.004876
0.004699
0.004360
0.004825
0.005059
0.005177
0.004757
0.004580
0.004494
0.004215
0.004449
0.004872
0.005195
0.005034
0.004391
0.004378
0.004605
0.004778
0.005002
0.004904
0.005243
0.005162
0.005316
0.005416
0.005274
0.005298
0.005302
0.005265
0.005385
0.005231
0.005480
0.005133
0.004586
0.004505
0.004180
0.004691
0.005088
0.005235
0.004998
0.004872
0.004640
0.004685
0.004891
0.004510
0.004661
0.004823
0.004276
0.004176
0.004162
0.004189
0.004183
0.003842
0.003234
0.002684
0.002739
0.002588
0.002556
0.002559
0.002359
0.002146
0.001897
0.001614
0.001496
0.001649
0.001554
0.001504
0.001281
0.000888
0.000525
0.000097
0.000031
-0.000156
-0.000204
-0.000701
-0.000927
-0.001171
-0.001138
-0.000922
-0.001311
-0.001404
-0.001449
-0.001854
-0.001930
-0.001838
-0.001809
-0.001581
-0.001912
-0.002067
-0.002539
-0.002468
-0.002681
-0.002989
-0.002979
-0.002791
-0.002698
-0.002906
-0.003192
-0.002962
-0.002323
-0.002383
-0.002389
-0.002754
-0.002794
-0.003097
-0.003190
-0.003265
-0.003589
-0.003608
-0.003363
-0.003231
-0.003364
-0.003552
-0.003815
-0.003509
-0.003281
-0.003065
-0.003567
-0.003896
-0.004269
-0.004399
-0.003510
-0.003664
-0.003438
-0.003512
-0.003716
-0.004057
-0.004140
-0.003999
-0.004579
-0.004309
-0.004397
-0.004400
-0.004419
-0.004409
-0.004516
-0.004883
-0.004660
-0.004687
-0.004815
-0.004883
-0.004890
-0.004869
-0.004915
-0.005027
-0.005309
-0.005073
-0.004724
-0.004953
-0.004938
-0.005127
-0.005660
-0.005537
-0.005257
-0.005195
-0.005527
-0.005932
-0.006105
-0.006038
-0.005904
-0.005985
-0.005848
-0.006065
-0.006197
-0.006365
-0.006176
-0.005871
-0.005947
-0.005934
-0.006326
-0.006843
-0.006854
-0.006346
-0.006572
-0.006754
-0.007142
-0.007492
-0.007221
-0.007334
-0.007343
-0.007086
-0.007373
-0.007539
-0.006973
-0.006879
-0.006731
-0.006878
-0.007322
-0.007515
-0.007463
-0.007307
-0.007206
-0.006824
-0.007224
-0.007533
-0.007609
-0.007816
-0.007696
-0.007539
-0.007416
-0.007404
-0.007264
-0.007280
-0.007045
-0.006793
-0.006328
-0.006157
-0.006491
-0.006646
-0.006646
-0.005858
-0.005496
-0.005275
-0.005221
-0.005260
-0.005309
-0.005691
-0.005538
-0.005594
-0.005267
-0.005068
-0.004912
-0.004738
-0.004714
-0.004694
-0.004852
-0.004886
-0.005001
-0.004730
-0.004279
-0.003418
-0.003349
-0.003295
-0.003029
-0.003299
-0.003406
-0.003436
-0.003439
-0.003605
-0.003294
-0.003071
-0.002323
-0.002005
-0.002400
-0.002273
-0.001939
-0.001580
-0.001560
-0.001274
-0.000984
-0.001017
-0.000705
-0.000648
-0.001082
-0.000871
-0.000677
-0.000528
-0.000269
-0.000184
-0.000079
0.000068
-0.000160
-0.000028
0.000531
0.000604
0.000486
0.000066
0.000293
0.000590
0.000206
0.000120
0.000204
0.000282
0.000818
0.001114
0.000962
0.001153
0.001415
0.001146
0.001266
0.000732
0.000690
0.001557
0.002319
0.003357
0.003305
0.002793
0.001940
0.001923
0.002501
0.003153
0.003284
0.003239
0.003254
0.003194
0.002851
0.002662
0.002728
0.002903
0.003200
0.002847
0.002836
0.002249
0.002205
0.002069
0.002134
0.002463
0.002817
0.002595
0.002086
0.001671
0.001668
0.002055
0.002272
0.002634
0.002161
0.001919
0.001393
0.001108
0.001584
0.003119
0.003845
0.004000
0.004095
0.003342
0.003308
0.003972
0.004613
0.005211
0.005137
0.004288
0.003816
0.003436
0.003821
0.004927
0.005869
0.005773
0.004997
0.005030
0.005683
0.006524
0.006575
0.005774
0.005446
0.005608
0.006029
0.006615
0.006906
0.006288
0.004934
0.004637
0.005794
0.006853
0.006680
0.005865
0.005456
0.005578
0.005796
0.006171
0.006636
0.006338
0.006224
0.006874
0.007685
0.008569
0.009162
0.009202
0.008430
0.007618
0.007287
0.006841
0.006290
0.005504
0.005660
0.006414
0.006469
0.006205
0.005869
0.005926
0.005494
0.005319
0.006250
0.006845
0.006962
0.006837
0.006593
0.006528
0.006337
0.006512
0.006706
0.006405
0.005758
0.005035
0.004397
0.003721
0.003590
0.003490
0.003066
0.002897
0.003131
0.003499
0.003390
0.003760
0.003821
0.003067
0.002681
0.002479
0.003027
0.003389
0.003539
0.002746
0.001378
0.001409
0.001783
0.001807
0.001267
0.000721
0.000609
0.000135
-0.000127
-0.000114
0.000465
-0.000083
-0.001504
-0.002276
-0.003202
-0.002952
-0.001717
0.000124
0.001091
0.000370
-0.001164
-0.001564
-0.001669
-0.002565
-0.003252
-0.002985
-0.001391
0.000028
-0.000270
-0.001361
-0.001636
-0.002474
-0.003010
-0.002944
-0.003366
-0.003635
-0.003423
-0.003312
-0.003265
-0.002834
-0.002618
-0.002531
-0.002651
-0.003174
-0.003875
-0.004344
-0.003218
-0.001935
-0.001599
-0.002680
-0.004466
-0.005307
-0.005492
-0.004915
-0.004269
-0.003535
-0.002592
-0.003017
-0.004308
-0.005421
-0.005710
-0.004580
-0.003234
-0.002391
-0.002061
-0.002469
-0.003518
-0.003800
-0.002777
-0.001974
-0.000637
-0.000913
-0.002192
-0.003833
-0.004008
-0.002551
-0.000444
0.000336
-0.000350
-0.000955
-0.002183
-0.000850
-0.001486
0.000354
-0.000845
0.000946
-0.000994
-0.001125
-0.005328
-0.005659
-0.008531
-0.007490
-0.011295
-0.012774
-0.015808
-0.018661
-0.018177
-0.023441
-0.014400
-0.055151
-0.034726
-0.059961
-0.097343
-0.058540
-0.034140
-0.007640
0.048279
0.127993
0.123406
0.104104
-0.016352
-0.077659
-0.146321
-0.201645
-0.109271
0.049621
0.276366
0.218383
0.088676
0.025152
-0.032834
-0.278492
-0.303129
-0.068102
0.095921
0.065082
-0.160020
0.026368
0.287176
0.322565
0.271409
0.079421
-0.280130
-0.491472
-0.381044
0.039230
0.418723
0.540526
0.394857
-0.080642
-0.716604
-0.699256
0.038288
0.574798
0.385941
-0.102460
-0.198394
-0.118595
-0.058515
0.055304
0.238699
0.138715
-0.177705
-0.268098
0.037271
0.263305
0.172197
-0.064924
-0.312591
-0.334371
0.033784
0.468914
0.464658
-0.092387
-0.564121
-0.529918
-0.009621
0.474353
0.456671
0.173240
-0.412628
-0.697541
-0.453208
0.303240
0.783855
0.322733
-0.352890
-0.411403
-0.117266
0.145999
0.168090
0.041272
-0.137601
-0.291748
-0.070674
0.156691
0.207244
0.097216
0.011012
-0.076282
-0.099888
-0.179791
0.092994
0.157897
0.236544
0.130970
-0.163392
-0.150603
-0.194221
0.004630
-0.048898
0.145995
0.266827
0.135470
-0.020369
-0.052990
0.106972
-0.007027
-0.304500
-0.423452
-0.108980
0.448629
0.511885
0.034853
-0.554247
-0.541488
0.078967
0.645838
0.584152
-0.191287
-0.622006
-0.384163
0.235746
0.423690
0.381289
0.057335
-0.127259
-0.285960
-0.322957
0.001422
0.052108
0.130993
-0.217294
-0.116893
0.051767
0.209573
0.218604
-0.187070
-0.447069
-0.365170
0.167817
0.527991
0.586798
0.097631
-0.307772
-0.486685
-0.283545
0.130483
0.350921
0.373073
0.086673
-0.114163
-0.271115
-0.109009
-0.023781
0.019596
0.119951
-0.029341
0.027990
0.100848
0.146848
-0.059090
-0.280641
-0.314682
-0.099068
0.084703
0.244276
0.195565
0.080745
0.064892
-0.219274
-0.043616
0.145892
0.178229
-0.070531
-0.225464
-0.024028
0.233358
0.347879
-0.059107
-0.335474
-0.312833
0.171787
0.438376
0.166434
-0.204627
-0.500534
-0.121354
0.208812
0.448601
0.230467
-0.066025
-0.075765
-0.132966
-0.165909
-0.203976
0.046652
0.246168
0.392971
0.170572
-0.149011
-0.409406
-0.323363
0.026684
0.276039
0.206202
-0.144463
-0.149673
0.067557
0.204137
-0.095258
-0.331611
-0.269465
0.014190
0.369403
0.431092
0.136533
-0.392382
-0.547557
-0.075309
0.546576
0.495605
-0.142672
-0.536086
-0.200743
0.387227
0.556366
0.123696
-0.550835
-0.630114
-0.072552
0.609268
0.590032
-0.165672
-0.628348
-0.251209
0.454081
0.595889
-0.018253
-0.686681
-0.634583
0.004122
0.700037
0.618373
0.062496
-0.263520
-0.275288
-0.098072
-0.107683
-0.147839
0.009856
0.242308
0.234150
0.117682
0.013665
-0.042063
0.004863
0.045088
0.042962
-0.059331
-0.187983
-0.042717
0.331976
0.462275
0.049291
-0.524369
-0.602548
-0.120417
0.472109
0.542141
0.171517
-0.197523
-0.376033
-0.265233
-0.090934
0.214090
0.253390
0.065361
-0.091244
-0.094666
0.071180
0.129894
0.088278
-0.015130
-0.236023
-0.310456
0.036344
0.341268
0.273129
-0.213228
-0.388631
-0.146419
0.342912
0.596798
0.217414
-0.310118
-0.610384
-0.306906
0.286565
0.495433
0.164409
-0.358670
-0.480280
-0.131955
0.268478
0.344631
0.032797
-0.427610
-0.524057
-0.144837
0.393364
0.565799
0.079476
-0.394592
-0.447123
0.010688
0.441653
0.417720
0.025609
-0.345981
-0.380307
-0.048682
0.426291
0.561844
0.175636
-0.483934
-0.666115
-0.120893
0.547288
0.614901
0.036090
-0.466691
-0.405665
-0.003490
0.283330
0.176415
-0.223143
-0.405432
-0.189735
0.132267
0.274684
0.239006
0.120323
-0.114951
-0.194769
-0.071386
0.043341
0.040994
-0.010045
0.034481
0.239019
0.252171
-0.038004
-0.289684
-0.307663
-0.044332
0.165957
0.237704
0.132593
-0.093125
-0.197651
-0.155028
-0.006576
0.052053
-0.072229
-0.144310
-0.101963
0.002276
0.078231
0.000545
-0.049801
-0.101241
-0.041766
0.005865
-0.017522
0.069238
0.135493
0.116224
-0.049982
-0.111156
0.002707
0.168337
0.184755
0.014715
-0.127559
-0.123050
0.080083
0.191694
0.092096
-0.194662
-0.354961
-0.243069
0.043320
0.212621
0.126507
-0.039607
-0.198996
-0.129284
0.062333
0.219668
0.114555
-0.120344
-0.226307
-0.032291
0.241168
0.223945
-0.017313
-0.245007
-0.228180
0.001602
0.186917
0.181840
-0.026997
-0.174359
-0.074396
0.039666
0.033613
-0.098111
-0.138896
-0.063399
0.091380
0.121600
0.066635
-0.006568
-0.100125
-0.094507
-0.012618
0.101679
0.020858
-0.068546
-0.082807
0.015055
0.159172
0.144323
0.019639
-0.184774
-0.196905
-0.060629
0.105072
0.121723
-0.036984
-0.188877
-0.127822
0.072360
0.141670
0.061814
-0.159802
-0.178921
-0.064069
0.092248
0.138794
0.074800
-0.012661
-0.099578
-0.048863
0.019954
0.087577
0.020331
-0.051581
-0.084016
-0.046347
0.020347
0.080820
0.114806
-0.007260
-0.105170
-0.105683
0.047740
0.159350
0.101520
-0.054930
-0.138353
-0.049436
0.053134
0.073062
-0.011253
-0.070560
-0.038714
0.039783
0.069490
0.046057
-0.015567
-0.071763
-0.044659
0.019238
0.077188
0.041893
-0.026674
-0.054479
-0.003983
0.042029
-0.002953
-0.031833
-0.019473
0.014898
0.033335
0.035011
0.027280
-0.001181
-0.015634
-0.008472
0.023197
0.036666
0.005675
-0.033046
-0.052556
-0.001181
0.074130
0.076464
-0.025947
-0.105835
-0.054957
0.073320
0.083115
-0.033155
-0.111310
-0.027634
0.120226
0.143558
0.027958
-0.087589
-0.084366
-0.011830
0.035332
0.021712
0.013799
0.021713
0.004455
-0.036290
-0.026589
0.014586
0.041114
0.023555
-0.004961
-0.002776
0.032454
0.035816
-0.010822
-0.047860
-0.020168
0.016448
0.041654
0.035848
0.015668
0.015171
0.039928
0.061183
0.010548
-0.010448
-0.022808
0.015796
0.042051
0.027969
0.000958
-0.029055
-0.020557
-0.008404
0.015428
-0.006866
-0.037909
-0.100019
-0.094159
-0.034643
-0.009381
-0.039576
-0.120556
-0.054866
0.036019
0.145257
0.130807
0.037784
0.031321
0.082330
0.129413
0.010395
-0.064543
-0.004704
0.077095
0.027944
-0.047294
0.002442
0.095188
0.077769
-0.063240
-0.106647
-0.015146
0.078697
0.031662
-0.058710
-0.049602
0.021530
0.041305
-0.027153
-0.083821
-0.059447
0.046771
0.056765
-0.019105
-0.058973
0.019220
0.122685
0.088896
-0.046046
-0.087520
0.013755
0.133820
0.104231
-0.019581
-0.069270
-0.014371
0.065660
0.051920
0.004718
-0.028642
0.009489
0.019479
-0.023898
-0.064394
-0.024732
0.063637
0.047862
-0.031272
-0.072701
-0.034945
0.050849
0.061451
0.007153
-0.029979
-0.007493
0.046268
0.061387
0.017373
-0.034964
-0.053020
-0.008318
0.047765
0.069431
0.068510
0.015931
-0.035040
-0.046279
-0.006707
0.026237
0.010648
-0.040163
-0.042560
0.011661
0.062752
0.046943
-0.026325
-0.070478
-0.052674
0.025742
0.065093
0.040763
-0.000554
-0.019497
-0.017425
-0.020197
0.020084
0.033336
0.021699
-0.011644
-0.030775
-0.019602
0.006624
0.016187
0.003142
-0.003229
-0.001376
0.015598
0.021341
0.019231
-0.014577
-0.016973
0.017211
0.059962
0.064577
0.011246
-0.046120
-0.056638
-0.030996
0.012977
0.040020
0.031324
-0.013804
-0.053003
-0.056002
-0.010812
0.024464
0.024100
-0.005489
-0.026767
-0.007265
0.010700
0.020974
-0.004262
-0.018330
-0.000635
0.027879
0.044835
0.014603
-0.030970
-0.042603
-0.016224
0.031975
0.040026
0.003656
-0.026888
-0.018854
-0.010843
-0.011758
-0.007153
0.016180
0.023177
0.004483
-0.021344
-0.037920
-0.018414
0.013124
0.037342
0.013360
-0.025192
-0.018376
0.010545
0.030772
0.006234
-0.045996
-0.056257
-0.032419
0.007974
0.028623
0.010702
0.003417
-0.024711
-0.033383
-0.014733
-0.008777
0.009780
0.008597
0.009325
-0.001027
-0.018927
-0.015394
-0.004646
-0.009961
-0.021566
-0.025104
-0.008854
0.008809
0.016514
0.002300
-0.019721
-0.015800
-0.004580
0.012288
0.006394
-0.022130
-0.019795
-0.014081
0.011806
0.022772
0.006380
0.012628
-0.004424
-0.029481
-0.048780
-0.027669
0.011033
0.028729
0.000919
-0.020776
-0.023290
-0.004919
0.002539
-0.021960
-0.029004
-0.023857
0.004479
0.020581
0.003008
-0.040145
-0.052788
-0.034691
0.010016
0.044405
0.032141
-0.003408
-0.039405
-0.041340
-0.026848
0.003062
0.024090
0.021615
-0.008730
-0.038222
-0.035352
-0.004194
0.025381
0.006823
-0.026660
-0.041109
-0.008970
0.016365
-0.002045
-0.047541
-0.056826
-0.001186
0.032520
0.024305
-0.014126
-0.034983
-0.021737
-0.019685
-0.002740
0.003210
-0.000113
-0.001689
-0.005549
-0.015278
-0.031714
-0.031729
-0.021561
0.009952
0.013927
0.004991
-0.017838
-0.019572
-0.001125
0.007443
-0.010470
-0.027554
-0.014827
0.002716
0.022972
0.016626
-0.001155
-0.026249
-0.034079
-0.018394
0.007829
0.003459
-0.008633
-0.017388
-0.013276
0.014125
-0.002964
-0.018633
-0.033594
-0.024425
0.009224
0.013416
0.001170
-0.028243
-0.034210
-0.021769
-0.000899
-0.000231
0.014722
0.007979
-0.008050
-0.016376
-0.019976
0.006413
0.010562
0.007401
-0.020308
-0.025178
-0.026861
-0.014640
-0.003135
-0.019650
-0.004159
0.019062
0.020879
-0.007798
-0.026774
-0.035599
-0.017661
0.007648
0.016609
0.014385
-0.003834
0.011056
0.004888
0.000219
-0.010239
-0.014822
-0.000320
0.007402
0.011677
-0.001771
-0.006447
-0.004597
0.011571
0.002387
-0.007281
-0.003950
-0.001184
-0.002921
-0.014150
-0.011095
-0.001116
0.020097
0.017824
0.000325
-0.003003
-0.013117
-0.008157
0.002106
0.020224
0.030079
0.028301
0.010554
-0.016135
-0.023009
-0.008372
0.008083
0.023528
0.024367
-0.002638
-0.016172
-0.020948
0.008009
0.027235
0.010582
-0.001455
-0.009356
-0.006627
0.003535
0.011991
0.015672
0.011925
-0.004829
-0.000485
0.009438
0.008117
0.019112
0.004043
-0.004207
-0.003343
-0.003830
-0.001681
-0.003304
0.011651
0.029003
0.018587
-0.002722
-0.017387
-0.016784
0.013133
0.037490
0.032310
0.006227
-0.011187
-0.010290
0.007180
0.031021
0.031606
0.022584
0.015848
0.014206
0.012528
0.005257
0.014710
0.011833
0.008164
0.001427
0.006225
0.015183
0.025791
0.021394
0.006090
-0.004824
-0.008237
0.002713
0.017368
0.032525
0.023011
0.004546
-0.010191
-0.000503
0.011018
0.026791
0.033505
0.017540
-0.013020
-0.019795
-0.006118
0.024178
0.036258
0.037384
0.017907
-0.009550
-0.015941
-0.008707
0.023073
0.029531
0.038965
0.019278
0.008100
-0.004135
0.000743
0.010483
0.021623
0.033364
0.009332
-0.007668
-0.014331
-0.001401
0.011279
0.011720
0.010521
0.013929
0.012831
0.010528
-0.003017
-0.003512
-0.005322
0.003490
0.009894
0.017980
0.014392
0.016047
0.012042
0.005076
-0.008278
-0.010888
0.012579
0.004363
0.014826
0.007024
0.020625
0.016181
-0.001701
-0.001160
0.007290
0.026189
0.017927
-0.001518
-0.018980
-0.014743
0.005683
0.019420
0.005579
-0.006256
-0.013979
0.007060
0.013563
0.011340
-0.008181
-0.021096
0.008936
0.023497
0.029408
-0.004568
-0.031614
-0.018160
0.014503
0.025516
0.014628
-0.018910
-0.035132
-0.013194
0.017960
0.038696
0.016611
-0.016743
-0.022579
-0.013327
0.002355
0.013401
0.014624
0.010971
-0.005812
-0.015529
-0.018339
-0.005977
0.010649
0.022728
0.002230
-0.021371
-0.033741
-0.011516
0.028952
0.032169
0.009965
-0.032264
-0.036416
-0.007162
0.031836
0.046701
0.009623
-0.037720
-0.054010
-0.011289
0.040278
0.038297
-0.003079
-0.028544
-0.022056
-0.002318
0.014702
0.005296
-0.014560
-0.028061
-0.026557
-0.016833
0.011469
0.017927
0.008200
-0.007010
-0.026976
-0.028348
-0.026173
-0.000357
0.018506
0.016287
-0.005958
-0.020773
-0.005812
0.019237
0.022760
0.000849
-0.034541
-0.036166
-0.007595
0.021150
0.031745
-0.005822
-0.039517
-0.047124
-0.011417
0.025959
0.028411
0.005816
-0.031813
-0.039200
-0.012856
0.014337
0.022969
-0.001792
-0.023162
-0.029535
-0.020649
-0.000535
0.002460
-0.005561
-0.021537
-0.019396
-0.002185
0.016542
0.009252
-0.007308
-0.028787
-0.035160
-0.018728
0.013559
0.032733
0.020776
-0.013381
-0.041851
-0.035561
-0.010349
0.015276
0.015304
0.009004
-0.010035
-0.020897
-0.022493
-0.010876
-0.012371
-0.009332
-0.007954
-0.009509
0.002713
-0.006843
-0.006219
-0.008135
-0.022545
-0.037892
-0.033016
-0.004314
0.019087
0.001453
-0.029988
-0.030943
-0.015043
0.005513
0.004973
-0.003856
-0.015314
-0.005544
0.003249
-0.006755
-0.019593
-0.015870
0.010451
0.015381
0.000373
-0.027436
-0.030659
-0.007504
-0.003643
-0.017042
-0.003577
0.006019
0.006781
-0.004064
-0.018665
-0.019951
-0.013496
-0.004098
0.013572
0.016634
0.000209
-0.017974
-0.028727
-0.017557
-0.014688
0.000435
0.005257
0.008981
-0.001667
-0.012600
-0.012157
-0.018402
-0.011502
-0.002351
0.012998
0.009207
-0.001112
-0.016741
-0.029761
-0.018347
-0.003311
0.012658
0.011492
0.001882
-0.001727
-0.001948
0.003636
-0.001967
0.001731
-0.003749
-0.018522
-0.014835
-0.006763
0.013016
0.017464
-0.003368
-0.025201
-0.022353
-0.009475
0.001994
-0.004558
-0.009506
-0.000220
0.007737
0.020357
-0.000495
-0.009411
-0.006908
0.006794
0.009907
-0.001813
-0.001951
-0.002187
0.003281
0.002427
0.001057
-0.008194
-0.009101
-0.004750
-0.002697
0.000498
0.010131
0.002756
-0.004937
-0.007676
-0.001621
0.013190
0.004897
-0.012032
-0.008305
0.018661
0.028236
0.011855
-0.014507
-0.015688
0.007757
0.021885
0.010124
-0.007351
-0.013380
-0.000904
0.014851
0.021351
0.004664
-0.016028
-0.009448
0.001632
0.012084
0.011366
0.006134
-0.003885
-0.006264
-0.000674
0.015355
0.020806
0.003370
-0.011627
-0.012828
-0.002119
0.006486
0.019234
0.015871
0.006008
-0.017740
-0.024742
-0.003866
0.017668
0.045176
0.037263
0.004269
-0.028162
-0.026398
0.016018
0.045674
0.038716
-0.001276
-0.028081
-0.009867
0.018397
0.027796
0.012299
-0.004681
-0.001126
0.009248
0.012554
0.000165
-0.005111
0.002355
0.004585
0.001475
