0.001045
-0.002160
-0.003377
-0.003655
-0.006247
-0.006921
-0.001911
0.004546
0.006504
0.000394
-0.005473
-0.004362
0.000884
0.004182
0.001719
-0.002931
-0.006697
-0.004553
-0.000915
-0.000197
-0.003534
-0.007310
-0.006082
-0.000132
0.005472
0.003478
-0.001266
-0.005265
-0.003632
-0.001379
0.001362
0.002116
0.001278
0.000123
-0.001509
-0.001261
-0.002707
-0.000970
-0.001717
0.001841
0.001062
0.002787
-0.002166
-0.001268
-0.002248
0.002115
0.001835
0.003597
0.006427
-0.001683
-0.001126
-0.001984
-0.004340
-0.016749
0.004000
0.005721
-0.011022
-0.020066
-0.006688
-0.007544
-0.022151
-0.003045
0.015079
0.012304
-0.004646
-0.019418
-0.015237
-0.021693
-0.010915
-0.011854
-0.010206
0.047537
0.057455
0.023864
0.090062
0.082097
-0.002429
-0.014311
-0.075116
-0.016748
-0.017566
0.001606
0.071110
0.020967
-0.063339
-0.117366
-0.051667
0.003927
0.023986
-0.014707
0.016489
0.034265
-0.089910
-0.096907
0.064647
0.335473
0.120678
-0.096614
-0.113072
-0.155391
0.100784
-0.065637
-0.046826
0.018363
0.016881
0.065658
0.029018
0.266829
0.248904
-0.042105
-0.424252
-0.426743
-0.091077
0.331833
0.572486
0.393902
-0.038658
-0.574450
-0.582447
-0.139431
0.411501
0.515494
0.192318
-0.253293
-0.429819
-0.171465
0.038154
0.399996
0.211829
-0.069203
-0.313088
-0.256599
0.152351
0.248819
0.197985
-0.231151
-0.251734
-0.190071
0.145284
0.499463
0.345293
-0.136526
-0.603100
-0.374767
0.124855
0.551418
0.392014
0.062877
-0.496877
-0.506953
-0.156051
0.003456
0.504618
0.113543
-0.220346
-0.275861
-0.085807
0.168655
0.185543
0.260007
-0.022948
-0.190435
-0.304457
0.123379
0.303219
0.148507
-0.021137
-0.105294
0.083393
-0.114696
-0.162570
-0.097087
0.093920
0.217577
-0.026864
-0.272018
-0.237161
0.107309
0.305154
0.204735
-0.046160
-0.201705
-0.112067
-0.004290
0.136837
0.177154
0.123069
-0.053193
-0.143026
-0.147861
0.032465
0.249950
0.195418
-0.066187
-0.266072
-0.025707
0.136634
0.247960
0.027416
-0.116677
-0.266810
-0.203068
0.141358
0.172266
0.208351
-0.124273
-0.269846
-0.160220
0.039900
0.066600
-0.022045
-0.008680
-0.036057
-0.019162
-0.168646
-0.053340
0.028750
0.015361
-0.066750
-0.221980
-0.033864
0.192087
0.292784
0.030980
-0.245098
-0.376082
-0.107965
0.199290
0.192160
0.164591
-0.100115
-0.078421
-0.070264
-0.004828
0.079382
0.140286
0.227633
-0.037066
-0.180282
-0.198622
0.031662
0.217074
0.253557
0.106321
-0.166526
-0.169590
-0.069810
0.239466
0.270840
0.011108
-0.315849
-0.384856
0.056246
0.347389
0.337476
-0.045093
-0.295483
-0.206725
0.211677
0.447674
0.137487
-0.296390
-0.460150
-0.057169
0.283005
0.421082
-0.057682
-0.470219
-0.341032
0.086845
0.423966
0.304307
0.030828
-0.268386
-0.252782
-0.144814
0.191600
0.318404
0.254314
-0.155636
-0.348472
-0.118261
0.260850
0.427629
-0.036000
-0.527275
-0.803338
-0.104855
0.545129
0.752944
0.234107
-0.437424
-0.565691
-0.322568
0.245282
0.402146
0.305852
-0.040353
-0.173632
-0.106759
0.055538
0.107191
0.025674
-0.026874
-0.149568
-0.082401
-0.101411
-0.010646
0.108507
0.173203
0.162611
-0.047973
-0.199399
-0.208624
0.148681
0.332739
0.173309
-0.236188
-0.512597
-0.311360
0.221006
0.601917
0.334600
-0.262415
-0.686270
-0.316028
0.431011
0.757524
0.245479
-0.497030
-0.585297
-0.005587
0.573036
0.465252
-0.111597
-0.566398
-0.486117
0.031322
0.507624
0.366910
-0.167593
-0.409422
-0.070747
0.271806
0.193988
-0.134199
-0.320598
-0.091752
0.238277
0.448853
0.199291
-0.199204
-0.422519
-0.227752
0.193309
0.372182
0.154024
-0.239737
-0.295838
-0.056212
0.310438
0.335482
-0.051774
-0.575926
-0.697252
-0.299905
0.236464
0.324496
0.016489
-0.236416
-0.092701
0.378719
0.409382
0.112368
-0.337734
-0.434353
-0.121248
0.268661
0.482896
0.326935
0.061948
-0.127933
-0.152778
-0.109595
-0.060972
-0.113102
-0.065132
-0.151921
-0.229054
-0.212049
-0.063807
0.238090
0.261881
0.155310
-0.124097
-0.262788
-0.121156
0.105402
0.259974
0.163564
0.029576
0.006980
0.203620
0.247900
0.038443
-0.271583
-0.383487
-0.091685
0.104948
0.251129
0.150389
-0.017849
-0.159599
-0.223001
-0.080873
0.141841
0.284017
0.031368
-0.270876
-0.403587
-0.172274
0.122660
0.173750
0.078816
0.023562
0.075929
0.056272
-0.033788
-0.012338
0.073809
0.108948
0.006559
-0.096366
-0.071380
0.020191
0.129312
0.145191
0.065067
-0.146726
-0.213658
-0.104617
0.144605
0.178052
-0.037683
-0.215284
-0.248625
-0.054557
0.122926
0.206737
0.096439
-0.028898
-0.110928
-0.049848
0.061088
0.080285
0.019914
-0.115477
-0.139192
0.020158
0.242657
0.203824
-0.035705
-0.203671
-0.092259
0.113513
0.146908
0.019925
-0.134120
-0.137199
-0.053661
0.038965
0.097892
0.102731
0.020210
-0.101565
-0.118039
-0.014142
0.158194
0.182919
0.008059
-0.138711
-0.058458
0.142445
0.142977
-0.029528
-0.125503
-0.037390
0.086675
0.054732
-0.036866
-0.060729
0.007277
0.030067
-0.010823
0.019445
0.021302
-0.021321
-0.075149
-0.047046
0.063649
0.055745
-0.010407
-0.072335
-0.073587
-0.024545
-0.010455
-0.015507
-0.044665
-0.015303
0.067815
0.144130
0.090054
-0.044728
-0.129487
-0.054888
0.098205
0.109726
0.070019
0.021050
-0.002459
-0.014078
-0.020263
-0.026527
-0.050897
0.004673
0.046076
-0.030759
-0.088111
-0.060275
0.068112
0.117941
0.030824
-0.040993
-0.049063
0.012114
0.038074
0.034975
-0.009079
-0.018651
-0.019664
-0.006687
0.010450
0.013503
0.025640
0.000349
-0.042034
-0.080677
-0.011764
0.066454
0.092730
0.009705
-0.061621
-0.053053
0.025654
0.124460
0.095004
-0.002321
-0.094711
-0.058639
0.041654
0.117950
0.076090
-0.028681
-0.122213
-0.105427
0.004892
0.104544
0.097087
-0.025519
-0.113068
-0.105668
0.030588
0.116464
0.071999
-0.077759
-0.169892
-0.055070
0.113190
0.143498
0.041146
-0.045131
-0.060452
-0.047462
0.020137
0.064390
0.089595
0.028137
-0.041918
-0.059720
-0.036356
0.010900
-0.009799
-0.005903
-0.014476
0.011278
0.000167
-0.043162
-0.073939
-0.018817
0.080962
0.066082
-0.052455
-0.134972
-0.017260
0.125722
0.134336
-0.000500
-0.106800
-0.026429
0.056026
0.096852
0.047642
-0.022681
-0.062606
-0.066270
0.029297
0.099850
0.090294
-0.066817
-0.155944
-0.088706
0.081537
0.147646
0.027793
-0.083476
-0.116425
-0.036714
0.029352
0.068993
0.033443
-0.049096
-0.076924
-0.009073
0.094040
0.090106
-0.002714
-0.096207
-0.062988
0.045937
0.109264
0.053510
-0.051522
-0.091924
-0.035911
0.064940
0.078911
0.007996
-0.056044
-0.056404
-0.018382
0.010042
0.019033
0.038388
0.028694
-0.000258
-0.013296
0.004596
0.016046
0.015602
0.007128
-0.013133
-0.014758
-0.023203
0.007678
0.021375
-0.018404
-0.061736
-0.070863
0.016030
0.053848
-0.014550
-0.071714
-0.053448
0.025522
0.046729
-0.013350
-0.061285
-0.035345
0.019126
0.044711
0.008099
-0.048427
-0.037152
0.002720
0.039702
0.044770
0.031675
0.035979
-0.004899
-0.033385
-0.042006
0.013416
0.075288
0.035618
-0.055050
-0.115399
-0.052730
0.039132
0.074699
0.007438
-0.061886
-0.072403
-0.042815
0.002335
0.006934
0.029257
-0.003647
-0.036115
-0.034911
-0.014109
0.020573
0.013984
0.009303
-0.006987
-0.006918
-0.005861
0.023597
0.043257
0.016045
-0.020875
-0.043138
-0.019808
0.014983
0.052613
0.037473
-0.034557
-0.086625
-0.070978
0.015803
0.061604
0.012400
-0.071088
-0.091443
-0.027238
0.030233
0.044600
0.020211
-0.008451
-0.026796
-0.013831
0.022442
0.055364
0.033420
-0.042490
-0.074100
-0.037181
0.045245
0.068694
-0.004936
-0.072920
-0.087422
-0.034647
0.051364
0.073691
0.012043
-0.045782
-0.049104
-0.001099
0.030081
0.019133
-0.001002
-0.008462
-0.003774
-0.021093
-0.035094
-0.019229
0.006222
0.006567
-0.003435
-0.028627
-0.035546
-0.009799
0.002647
-0.006015
-0.009090
0.023824
0.051940
0.037298
-0.012977
-0.050865
-0.032259
-0.004251
-0.010612
-0.023984
-0.000267
0.021342
0.010374
-0.043365
-0.036851
0.033690
0.065339
0.021207
-0.087860
-0.080849
0.002261
0.082560
0.063193
-0.025473
-0.067132
-0.029162
0.047728
0.053746
0.009076
-0.070267
-0.072571
-0.024785
0.032307
0.060857
0.030996
-0.019556
-0.061060
-0.034493
0.016684
0.061721
0.048087
-0.006578
-0.046664
-0.036577
0.025337
0.066275
0.031947
-0.037663
-0.055145
-0.010020
0.026685
0.012538
-0.011639
-0.030969
-0.024893
0.006758
0.037900
0.035441
0.004205
-0.025507
-0.026707
0.001354
0.029434
0.031500
0.011713
0.002808
-0.005296
0.001293
-0.006194
-0.010710
-0.011462
-0.010641
0.017204
0.017624
0.003746
-0.007660
0.008449
0.038290
0.036442
0.002745
-0.031626
-0.021065
0.012805
0.027076
0.028515
0.014014
0.005488
0.000942
0.003655
0.007138
-0.013664
-0.021309
-0.012909
0.007923
0.015247
0.015855
-0.008227
-0.013842
0.004099
0.017607
0.023686
0.002342
-0.007865
-0.020041
-0.007877
0.023097
0.037921
0.011341
-0.023935
-0.035325
-0.015058
0.017516
0.005361
0.000832
-0.006098
0.008124
0.037282
0.034711
0.025204
-0.021459
-0.035570
-0.017558
0.013229
0.026666
0.004088
-0.005772
-0.003760
0.009914
0.020111
0.014930
-0.001088
-0.015821
-0.021007
0.010551
0.024868
0.018257
-0.000698
-0.008520
0.006082
0.016992
0.019642
0.008123
-0.007557
-0.032153
-0.024410
0.007929
0.045841
0.043042
-0.010305
-0.038807
-0.021671
0.006266
0.027857
0.021533
-0.002299
-0.003699
-0.017235
-0.004851
0.011920
0.012682
0.019472
-0.000584
-0.002443
-0.005963
-0.003183
0.013679
0.024082
0.014334
-0.012080
-0.027664
-0.026416
0.007702
0.017547
0.004580
-0.010689
-0.019901
0.004159
0.022603
0.030235
-0.000314
-0.035795
-0.029371
-0.012464
0.006807
0.025472
0.024060
0.006206
-0.016350
-0.036921
-0.011074
0.018073
0.037795
0.014481
-0.016101
-0.020084
-0.007546
0.022853
0.029389
0.019843
0.009258
0.003757
-0.003743
0.006664
-0.001278
0.000209
-0.000315
-0.001656
0.009834
-0.000291
0.003299
-0.002742
-0.024999
-0.029355
-0.015261
0.008162
0.031498
0.017239
-0.012315
-0.021498
-0.016863
0.024734
0.027864
0.010131
-0.001300
-0.021515
-0.001171
0.009234
0.016445
0.013701
-0.000611
-0.009536
-0.011829
-0.012963
-0.008556
-0.001342
-0.003401
-0.000629
-0.006166
-0.002996
-0.003592
-0.009275
-0.005823
0.018482
0.021242
0.008354
-0.015123
-0.021222
-0.003282
0.000240
0.012587
0.005603
-0.001522
-0.014721
-0.012982
0.001140
0.002414
-0.006183
-0.012813
-0.018830
0.001118
0.007690
-0.002982
0.002652
0.006708
0.005610
-0.014327
-0.013813
-0.002954
0.011100
0.008437
0.009309
-0.004287
-0.009369
-0.010257
-0.007051
0.003294
0.009977
0.017333
-0.002165
-0.019279
-0.032631
-0.015786
0.001789
0.019316
0.002041
-0.019055
-0.007111
-0.008108
0.004864
0.005694
0.004686
0.006410
-0.010510
-0.005877
-0.000729
0.006343
0.012605
-0.006834
-0.029060
-0.035749
-0.009043
0.016353
0.024317
-0.000815
-0.023929
-0.025889
-0.011567
0.009285
-0.003283
-0.013564
-0.009379
0.008071
0.023531
0.008241
-0.016885
-0.015899
-0.013431
-0.000222
-0.000327
0.008028
0.017553
-0.006401
-0.002033
-0.017105
-0.004908
-0.003755
-0.002979
0.005489
-0.010197
-0.007297
-0.013352
0.002317
0.008641
0.013603
-0.003199
-0.019997
-0.017936
0.002198
0.036153
0.017287
-0.008404
-0.036615
-0.036696
0.012344
0.045249
0.036666
-0.026673
-0.058775
-0.039692
0.017940
0.036878
0.018659
-0.014717
-0.049613
-0.016947
-0.002664
0.032773
0.012276
-0.012674
-0.012894
-0.018240
0.004565
0.015704
0.039453
0.034487
0.009079
-0.030051
-0.044323
-0.039552
-0.000307
0.032521
0.030770
0.016309
-0.015569
-0.035581
-0.032047
-0.013432
0.008882
0.010156
-0.001304
0.009785
0.000350
-0.008713
-0.004369
0.000916
0.007092
-0.002116
-0.022240
-0.021899
-0.008161
0.012359
0.011416
0.001099
-0.017488
-0.023483
-0.002584
0.009853
0.018434
0.005634
-0.002828
-0.016691
-0.006706
0.005890
0.023915
0.020464
-0.007959
-0.020562
-0.025753
-0.010879
0.001803
0.011563
0.002814
0.005860
-0.011310
-0.015364
-0.004683
-0.007730
0.012842
0.009471
0.002199
-0.015906
-0.012326
0.010754
0.008718
0.013400
0.000186
-0.013291
-0.018043
-0.013418
-0.009935
-0.003488
0.010271
0.011983
0.020032
0.006369
-0.011138
-0.026774
-0.014233
0.024061
0.031488
0.025256
-0.005363
-0.024716
-0.020241
0.007625
0.024800
0.013841
-0.003910
-0.032990
-0.022338
-0.004613
0.018516
0.028217
-0.001234
-0.027142
-0.027820
0.002166
0.022222
0.025883
-0.002339
-0.024489
-0.014916
0.004691
0.044116
0.044155
0.013764
-0.030571
-0.057681
-0.030864
0.025850
0.057140
0.030900
-0.013617
-0.057778
-0.044344
0.003015
0.043357
0.054713
0.009757
-0.033582
-0.041537
-0.010728
0.034841
0.053945
0.024707
-0.015474
-0.042286
-0.031111
0.015401
0.033445
0.022386
-0.019827
-0.037176
-0.019830
0.012633
0.034146
0.020862
-0.008549
-0.029350
-0.022091
-0.002785
0.037299
0.044451
0.028012
-0.008156
-0.036467
-0.033693
-0.001569
0.036467
0.032204
0.002162
-0.041830
-0.039629
0.000837
0.046726
0.044543
-0.006131
-0.046346
-0.038210
0.007992
0.036909
0.041655
0.010188
-0.023742
-0.024636
-0.003828
0.023239
0.022665
-0.000061
-0.018043
-0.017760
0.003161
0.021396
0.015856
-0.002273
-0.014200
-0.024696
-0.010374
0.014187
0.032035
0.020502
-0.010083
-0.026374
-0.018585
0.008406
0.023297
0.012716
-0.007059
-0.006998
-0.010726
0.003899
0.010329
0.010052
0.017485
0.008539
-0.006078
-0.019553
-0.012398
0.002692
0.016724
0.008245
-0.002664
-0.005293
-0.002867
0.002680
0.000171
-0.011957
-0.012786
0.001927
0.019246
0.026545
0.007291
-0.008522
-0.013500
0.001392
0.020848
0.022261
-0.001259
-0.013736
-0.013921
0.002233
0.020141
0.013760
-0.005116
-0.030930
-0.021754
0.004133
0.027960
0.010245
-0.010473
-0.018474
-0.013993
0.009805
0.024132
0.017266
-0.009870
-0.020426
-0.018616
-0.001486
0.007328
0.020269
0.016458
-0.000502
-0.019882
-0.020530
0.003980
0.027998
0.025579
-0.003181
-0.022381
-0.029100
-0.000355
0.014400
0.017475
0.008956
-0.012528
-0.018703
-0.021457
-0.010931
0.011350
0.015061
0.004731
-0.007511
-0.018924
-0.016789
-0.001216
0.004193
0.005378
0.002733
-0.009900
-0.011434
-0.017301
-0.003685
0.005963
-0.002488
-0.023217
-0.033767
-0.012158
0.015752
0.032115
0.006268
-0.016356
-0.018283
-0.000503
0.008655
-0.005930
-0.014330
-0.019864
0.002041
0.005877
-0.007669
-0.012536
-0.007512
0.013601
0.017593
0.003730
-0.027359
-0.041941
-0.019955
0.018570
0.031664
0.002665
-0.033426
-0.040192
-0.005457
0.023397
0.027522
0.005720
-0.023167
-0.027494
-0.011504
0.010514
0.019048
0.011951
-0.004089
-0.013898
-0.011579
0.007669
0.015125
0.000712
-0.015927
-0.014970
-0.000764
0.008840
0.008735
0.000620
-0.002878
-0.008233
-0.004571
0.006360
0.010996
0.002825
-0.009797
-0.012978
-0.005238
0.006026
0.010260
-0.002349
-0.012246
-0.007775
0.003963
0.003700
-0.005382
-0.011270
-0.007952
-0.003628
-0.003605
0.004188
0.005290
0.005154
-0.011907
-0.019359
-0.013929
0.000807
0.018007
0.011419
-0.004524
-0.024158
-0.017715
0.007395
0.026378
0.022545
-0.002017
-0.036163
-0.042044
-0.010167
0.019934
0.030495
0.007229
-0.019169
-0.030029
-0.017100
0.001100
0.009399
0.012000
-0.000310
-0.006103
-0.004728
0.000825
0.001661
-0.001993
0.000693
0.009245
0.008834
0.001537
-0.008322
-0.019937
-0.009878
0.000374
0.005025
0.002975
-0.000190
-0.000225
-0.003370
0.005013
0.008125
0.008304
-0.002408
-0.010364
-0.003045
0.002915
0.016460
