0.003224
0.004029
0.005108
0.004694
0.003536
0.001891
0.001000
0.000913
0.000125
0.000782
0.000952
0.001648
0.002403
0.001510
0.001552
0.000956
0.001811
0.000871
0.000999
0.001136
0.000486
0.001175
0.000229
-0.000373
-0.002017
-0.002979
-0.003384
-0.003169
-0.002160
-0.002087
-0.002743
-0.002867
-0.002357
-0.002965
-0.003124
-0.002694
-0.002055
-0.001593
-0.001477
-0.001358
-0.001853
-0.001873
-0.000846
-0.000608
-0.000529
-0.000913
-0.001679
-0.001036
-0.001285
-0.001645
-0.002547
-0.003438
-0.003114
-0.001890
-0.000435
-0.000218
-0.001327
-0.002818
-0.003152
-0.002128
-0.001022
-0.000466
0.000110
-0.000851
-0.002325
-0.004175
-0.003542
-0.003590
-0.004290
-0.005309
-0.006533
-0.006190
-0.006006
-0.005478
-0.006969
-0.007722
-0.008183
-0.008086
-0.009515
-0.009859
-0.010471
-0.013063
-0.013630
-0.013809
-0.013543
-0.013541
-0.013883
-0.014290
-0.014997
-0.015515
-0.015510
-0.016773
-0.018465
-0.021032
-0.022976
-0.023601
-0.024277
-0.025149
-0.026501
-0.026167
-0.026201
-0.025886
-0.026497
-0.027835
-0.028445
-0.029727
-0.030235
-0.030138
-0.030642
-0.031079
-0.030649
-0.030581
-0.031299
-0.031077
-0.030972
-0.031886
-0.031559
-0.032213
-0.030575
-0.030422
-0.031369
-0.031753
-0.032405
-0.033415
-0.034209
-0.032101
-0.032150
-0.032316
-0.032431
-0.031862
-0.030003
-0.030087
-0.029090
-0.028980
-0.030583
-0.030564
-0.030005
-0.027977
-0.027835
-0.028217
-0.029502
-0.029878
-0.029175
-0.028117
-0.026725
-0.025915
-0.025325
-0.026557
-0.026630
-0.026846
-0.026029
-0.026144
-0.026568
-0.026452
-0.027194
-0.027523
-0.026763
-0.025783
-0.025511
-0.025805
-0.026170
-0.025848
-0.026081
-0.024802
-0.023162
-0.023151
-0.022945
-0.023180
-0.022402
-0.020910
-0.019616
-0.016897
-0.016233
-0.015976
-0.015814
-0.016052
-0.013449
-0.012439
-0.011187
-0.010367
-0.010953
-0.011094
-0.011920
-0.011524
-0.011699
-0.010757
-0.010406
-0.011325
-0.010644
-0.011377
-0.012091
-0.010811
-0.009943
-0.010147
-0.009764
-0.009909
-0.010151
-0.010239
-0.010039
-0.008972
-0.009268
-0.008659
-0.008121
-0.008134
-0.007365
-0.006612
-0.007051
-0.007426
-0.007893
-0.008798
-0.009415
-0.009815
-0.010240
-0.010609
-0.010364
-0.011136
-0.011637
-0.012200
-0.012139
-0.012440
-0.012509
-0.011875
-0.011130
-0.010616
-0.010368
-0.009876
-0.009707
-0.009077
-0.009098
-0.009029
-0.009722
-0.009617
-0.008602
-0.007834
-0.006499
-0.005186
-0.003444
-0.003031
-0.002318
-0.002055
-0.002489
-0.001771
0.000508
0.002351
0.003652
0.003417
0.003909
0.004039
0.004591
0.006781
0.007170
0.009201
0.009977
0.012020
0.012695
0.014052
0.014757
0.015883
0.017420
0.018240
0.019586
0.019358
0.020843
0.021617
0.023918
0.024360
0.024513
0.023983
0.023473
0.023387
0.023381
0.024535
0.024904
0.024931
0.024918
0.025773
0.025467
0.025401
0.026223
0.026100
0.026536
0.026676
0.027305
0.027772
0.027305
0.028093
0.028185
0.029189
0.029495
0.030375
0.030424
0.031056
0.031832
0.032117
0.033559
0.032479
0.032716
0.031932
0.032456
0.033378
0.033434
0.034217
0.033654
0.033479
0.032606
0.032684
0.032926
0.033006
0.033384
0.033205
0.033256
0.032878
0.032250
0.030680
0.031110
0.032519
0.031719
0.032411
0.031828
0.031397
0.031582
0.031256
0.030157
0.029310
0.029403
0.028043
0.028284
0.027755
0.026024
0.024443
0.023011
0.021588
0.020540
0.020728
0.020290
0.020322
0.019595
0.018688
0.018734
0.018513
0.018626
0.018081
0.017276
0.016656
0.016069
0.015157
0.015204
0.014561
0.013876
0.013537
0.012825
0.012789
0.013162
0.013291
0.013172
0.013430
0.012732
0.011696
0.011481
0.012105
0.012753
0.012405
0.011762
0.011788
0.010833
0.011677
0.013155
0.012670
0.012344
0.012496
0.012171
0.012066
0.013833
0.016298
0.016908
0.016584
0.017399
0.016798
0.013144
0.010613
0.012008
0.014688
0.017029
0.018895
0.020237
0.020317
0.017826
0.015238
0.016343
0.017544
0.018767
0.018876
0.018167
0.018144
0.016755
0.017279
0.016728
0.014934
0.014443
0.014464
0.014201
0.015582
0.017723
0.018280
0.016822
0.013580
0.012038
0.012039
0.013265
0.012822
0.009922
0.008036
0.007210
0.007197
0.008781
0.009012
0.006909
0.004372
0.002164
0.004668
0.007275
0.006629
0.005138
0.003876
0.005207
0.006785
0.006719
0.004520
0.001957
0.000902
0.002896
0.005909
0.006704
0.005366
0.003346
0.002461
0.001745
0.000365
-0.001744
-0.004221
-0.004995
-0.005479
-0.003940
-0.002501
-0.002266
-0.003944
-0.006870
-0.007642
-0.009550
-0.009115
-0.010446
-0.011704
-0.012311
-0.013046
-0.013821
-0.015001
-0.017162
-0.020794
-0.021463
-0.022252
-0.023862
-0.026453
-0.027492
-0.027528
-0.027842
-0.029608
-0.030717
-0.032254
-0.033030
-0.031279
-0.030176
-0.030358
-0.031900
-0.033841
-0.036396
-0.037653
-0.038280
-0.037234
-0.036437
-0.037149
-0.038837
-0.040245
-0.041883
-0.041671
-0.039770
-0.038925
-0.039440
-0.041088
-0.039697
-0.038023
-0.036035
-0.035885
-0.035877
-0.037089
-0.038236
-0.036861
-0.034148
-0.031694
-0.031087
-0.031653
-0.032972
-0.032078
-0.031527
-0.028810
-0.027038
-0.025375
-0.023798
-0.023684
-0.024288
-0.025379
-0.023389
-0.021599
-0.020038
-0.018768
-0.018940
-0.018492
-0.017916
-0.018016
-0.017737
-0.018795
-0.020368
-0.021657
-0.022698
-0.022892
-0.023830
-0.024320
-0.023764
-0.022448
-0.023432
-0.024797
-0.025170
-0.025100
-0.024585
-0.023312
-0.022442
-0.022423
-0.022676
-0.023551
-0.022590
-0.024055
-0.025459
-0.026321
-0.027444
-0.028169
-0.028922
-0.029944
-0.031268
-0.032579
-0.034612
-0.035066
-0.034551
-0.033563
-0.033774
-0.035468
-0.036654
-0.036118
-0.035046
-0.034347
-0.034834
-0.034810
-0.033986
-0.032986
-0.031359
-0.030845
-0.031627
-0.032918
-0.032906
-0.030983
-0.028564
-0.027923
-0.025084
-0.022347
-0.021853
-0.023428
-0.027028
-0.027675
-0.024740
-0.021641
-0.020221
-0.019688
-0.018863
-0.017159
-0.019137
-0.019996
-0.020000
-0.018340
-0.016634
-0.015820
-0.016538
-0.017258
-0.016205
-0.014574
-0.012491
-0.013023
-0.012270
-0.013550
-0.013007
-0.014177
-0.013471
-0.014123
-0.011546
-0.012394
-0.009608
-0.009398
-0.006385
-0.008105
-0.009940
-0.010405
-0.011040
-0.008705
-0.020149
-0.006613
-0.018100
-0.028446
-0.021559
-0.008750
-0.009701
-0.008386
0.014831
0.013319
-0.021734
-0.063161
-0.056598
-0.033818
-0.013781
0.010113
0.037710
0.039760
0.005578
-0.030478
-0.041865
-0.024026
0.007347
0.023242
-0.003038
-0.046923
-0.058108
-0.014468
0.038435
0.051486
0.029159
0.000521
-0.008341
-0.000473
0.018620
0.046814
0.060801
0.035380
-0.004468
-0.027233
-0.009647
0.046160
0.086050
0.073540
0.012694
-0.019442
0.033535
0.111707
0.120863
0.049089
-0.012844
-0.006002
0.044296
0.083856
0.078352
0.042354
0.015495
0.029837
0.076948
0.111684
0.105042
0.074912
0.055981
0.065943
0.097589
0.114268
0.093201
0.057074
0.048226
0.073261
0.086966
0.069430
0.048892
0.057046
0.085558
0.102167
0.090239
0.062062
0.048145
0.062834
0.089959
0.098598
0.079773
0.049341
0.039370
0.051581
0.064929
0.064128
0.050343
0.038526
0.036818
0.046045
0.057858
0.063386
0.054301
0.034945
0.015918
0.011314
0.027152
0.048476
0.052751
0.031682
0.002192
-0.006277
0.012815
0.033915
0.031824
0.005661
-0.016666
-0.009353
0.017982
0.037504
0.026388
-0.007062
-0.030955
-0.021995
0.011739
0.029027
0.009656
-0.028938
-0.050158
-0.035030
-0.002188
0.013082
-0.006284
-0.039870
-0.049036
-0.021527
0.010101
0.011343
-0.019533
-0.049495
-0.045002
-0.014614
0.010456
0.004886
-0.021264
-0.038524
-0.030334
-0.003859
0.007686
-0.005814
-0.028475
-0.035080
-0.017475
0.004564
0.007872
-0.009057
-0.026428
-0.023536
-0.006691
0.004320
-0.002165
-0.019969
-0.024689
-0.010896
0.009788
0.014509
0.000126
-0.013507
-0.010717
0.005544
0.017741
0.014381
-0.000879
-0.011462
-0.006935
0.005865
0.013220
0.006394
-0.006768
-0.009238
0.000271
0.009076
0.006648
-0.001892
-0.004913
0.000278
0.007682
0.007392
-0.000109
-0.006218
-0.004478
0.002227
0.004941
0.000850
-0.005144
-0.004755
0.002840
0.010806
0.007901
-0.002587
-0.011904
-0.009572
0.001643
0.008421
0.005538
-0.006071
-0.009380
-0.001778
0.007678
0.008055
-0.001189
-0.006915
-0.004286
0.005855
0.013030
0.010300
0.002076
-0.003071
0.000525
0.007983
0.010064
0.003784
-0.003850
-0.005348
0.000418
0.005107
0.003992
-0.001333
-0.004668
0.001009
0.009478
0.010132
0.004046
-0.002114
-0.002386
0.003808
0.007794
0.006119
0.002024
-0.000091
0.002630
0.007902
0.009599
0.006448
0.004619
0.005538
0.006986
0.007449
0.003528
-0.000883
-0.003943
-0.003571
-0.002230
-0.002361
-0.005403
-0.008736
-0.008174
-0.006826
-0.004617
-0.004980
-0.007848
-0.009288
-0.007271
-0.004444
-0.004438
-0.007719
-0.010318
-0.010867
-0.010299
-0.010865
-0.012501
-0.015733
-0.016461
-0.012658
-0.010999
-0.012475
-0.015095
-0.015325
-0.013469
-0.013159
-0.014716
-0.016524
-0.017507
-0.016851
-0.015595
-0.017438
-0.022387
-0.027144
-0.029001
-0.027254
-0.021825
-0.019554
-0.023884
-0.026607
-0.026640
-0.024339
-0.022120
-0.021804
-0.024236
-0.028401
-0.028992
-0.027179
-0.025535
-0.025022
-0.025323
-0.026510
-0.027894
-0.027320
-0.027309
-0.028339
-0.031493
-0.032975
-0.031417
-0.031826
-0.033514
-0.035862
-0.036979
-0.035809
-0.032972
-0.032683
-0.032633
-0.034386
-0.034955
-0.033637
-0.033368
-0.032579
-0.034383
-0.034016
-0.032168
-0.030167
-0.030711
-0.032066
-0.033438
-0.036072
-0.037647
-0.037987
-0.035708
-0.033134
-0.030629
-0.029435
-0.028685
-0.027270
-0.026442
-0.025275
-0.025576
-0.026906
-0.025556
-0.022472
-0.018576
-0.015775
-0.015468
-0.017301
-0.018974
-0.019054
-0.016259
-0.013894
-0.012572
-0.010286
-0.010329
-0.009929
-0.009774
-0.008573
-0.009356
-0.008115
-0.007246
-0.007409
-0.004867
-0.002546
0.002742
0.005132
0.004967
0.003267
0.002006
0.001913
0.003628
0.004805
0.006839
0.008337
0.007137
0.005848
0.005032
0.007173
0.008100
0.008473
0.007323
0.006767
0.006500
0.006270
0.006209
0.003561
0.003806
0.005729
0.006696
0.007501
0.007070
0.007504
0.008094
0.009184
0.010030
0.009143
0.010211
0.011784
0.012964
0.012549
0.011397
0.010773
0.009511
0.008414
0.006407
0.003842
0.003070
0.004396
0.007619
0.010217
0.010945
0.009823
0.008815
0.010214
0.012124
0.013669
0.013040
0.010097
0.009272
0.011830
0.014043
0.015795
0.014902
0.014050
0.012918
0.012397
0.013775
0.013392
0.012272
0.009914
0.009665
0.009551
0.009081
0.008832
0.008368
0.009033
0.009436
0.009941
0.010983
0.011616
0.011636
0.011415
0.011144
0.011437
0.013392
0.014514
0.014793
0.015492
0.014962
0.015527
0.015756
0.015935
0.017394
0.018215
0.019883
0.019922
0.019971
0.021580
0.022522
0.022442
0.022064
0.022382
0.022136
0.024510
0.026438
0.026282
0.025668
0.024933
0.025802
0.027876
0.029409
0.030421
0.029520
0.027721
0.026617
0.025387
0.023836
0.022367
0.022406
0.023359
0.027072
0.029639
0.030240
0.027334
0.024961
0.024955
0.026286
0.028833
0.029609
0.030151
0.027572
0.026025
0.026390
0.027592
0.026546
0.023112
0.019779
0.017916
0.019986
0.022470
0.024007
0.023165
0.021877
0.021416
0.021154
0.022509
0.023255
0.021868
0.018752
0.016746
0.016596
0.016673
0.015753
0.014145
0.012607
0.012716
0.013253
0.013881
0.013885
0.012404
0.012690
0.012137
0.012370
0.012118
0.010463
0.009746
0.012372
0.014874
0.017053
0.018060
0.017311
0.017910
0.018175
0.018136
0.015756
0.012850
0.011248
0.011714
0.012823
0.013532
0.014205
0.014827
0.013212
0.011943
0.012949
0.015013
0.016512
0.014971
0.014381
0.015030
0.014466
0.014432
0.013342
0.011041
0.010473
0.010140
0.010399
0.010365
0.008812
0.009224
0.007830
0.006798
0.005390
0.003075
0.002757
0.001667
0.001515
-0.000161
-0.001155
-0.000568
-0.000986
-0.002855
-0.004201
-0.004876
-0.004271
-0.005199
-0.008059
-0.009392
-0.009389
-0.007231
-0.006982
-0.007667
-0.007593
-0.006565
-0.007745
-0.010058
-0.012364
-0.013159
-0.012313
-0.011961
-0.010884
-0.012815
-0.013980
-0.016719
-0.019205
-0.019781
-0.020442
-0.019704
-0.020191
-0.021408
-0.021290
-0.019525
-0.017720
-0.016757
-0.017069
-0.016408
-0.016906
-0.019361
-0.022230
-0.024912
-0.026104
-0.025322
-0.024846
-0.025799
-0.027303
-0.029159
-0.030997
-0.032522
-0.033845
-0.034798
-0.034414
-0.035646
-0.036307
-0.038501
-0.041960
-0.043646
-0.045338
-0.044853
-0.046024
-0.046483
-0.048093
-0.049118
-0.049781
-0.051264
-0.050721
-0.050799
-0.050462
-0.050932
-0.051326
-0.053454
-0.054458
-0.056269
-0.056667
-0.055796
-0.054153
-0.053178
-0.052878
-0.052328
-0.053397
-0.052144
-0.052499
-0.051975
-0.052290
-0.053724
-0.053492
-0.053110
-0.051309
-0.049705
-0.048447
-0.047777
-0.046514
-0.043063
-0.040221
-0.037233
-0.034899
-0.033261
-0.031717
-0.030828
-0.029902
-0.028784
-0.026811
-0.023595
-0.020972
-0.019065
-0.018463
-0.019830
-0.021647
-0.021617
-0.018163
-0.014929
-0.012669
-0.011468
-0.009667
-0.007834
-0.006233
-0.005366
-0.005335
-0.004581
-0.004833
-0.005833
-0.005333
-0.004412
-0.004912
-0.005769
-0.006086
-0.004619
-0.003102
-0.001977
-0.002886
-0.003987
-0.003902
-0.003648
-0.003520
-0.004307
-0.005828
-0.005901
-0.005158
-0.004049
-0.003545
-0.003131
-0.004218
-0.005659
-0.004765
-0.003791
-0.002513
-0.002654
-0.002323
-0.002971
-0.002875
-0.002777
-0.004066
-0.005353
-0.003725
0.000939
0.003734
0.004596
0.004851
0.005131
0.005535
0.005661
0.007253
0.007815
0.008077
0.008612
0.007877
0.009221
0.010050
0.011208
0.011212
0.010663
0.009934
0.008960
0.009183
0.009503
0.010232
0.010012
0.007892
0.006417
0.006816
0.009238
0.012184
0.013849
0.014346
0.014097
0.014612
0.015919
0.017339
0.019157
0.021261
0.021353
0.021036
0.020517
0.020932
0.023039
0.024990
0.025982
0.026763
0.026785
0.026258
0.027354
0.027289
0.027975
0.028543
0.028225
0.028051
0.028284
0.030838
0.033590
0.036710
0.037419
0.036790
0.035776
0.035645
0.037278
0.039406
0.040886
0.042898
0.046140
0.048276
0.049298
0.048330
0.047984
0.050623
0.054150
0.054748
0.055112
0.056010
0.056982
0.057127
0.055963
0.053288
0.051422
0.052137
0.053608
0.055225
0.054238
0.052800
0.053829
0.055387
0.053740
0.052072
0.052118
0.052385
0.050661
0.048279
0.047535
0.045350
0.043288
0.039722
0.033347
0.028696
0.025408
0.022456
0.018371
0.015271
0.013856
0.012756
0.012317
0.010019
0.006833
0.004606
0.003974
0.003667
0.003156
0.001995
0.000411
-0.000420
-0.001068
-0.002658
-0.003067
-0.004444
-0.005858
-0.006804
-0.007379
-0.006282
-0.007204
-0.009927
-0.012259
-0.013529
-0.012627
-0.010769
-0.009374
-0.008152
-0.008608
-0.007798
-0.008035
-0.007688
-0.006069
-0.006377
-0.008083
-0.009005
-0.006513
-0.005387
-0.005616
-0.008706
-0.011325
-0.011301
-0.009142
-0.006085
-0.004898
-0.005440
-0.006399
-0.005452
-0.005485
-0.004855
-0.004510
-0.001513
0.000564
0.002245
0.002765
0.001754
0.001712
0.000340
-0.000214
-0.002260
-0.001653
-0.000897
0.001927
0.002947
0.001371
0.001302
-0.000451
-0.001945
-0.004599
-0.005821
-0.006046
-0.006054
-0.005614
-0.005934
-0.004869
-0.004308
-0.004244
-0.004840
-0.005235
-0.004184
-0.004539
-0.005678
-0.007591
-0.007959
-0.007347
-0.006537
-0.005792
-0.006228
-0.007744
-0.009067
-0.008345
-0.009474
-0.008725
-0.006868
-0.006044
-0.005062
-0.004725
-0.006477
-0.008374
-0.009144
-0.010672
-0.009600
-0.009195
-0.008970
-0.010486
-0.012961
-0.015454
-0.016316
-0.015569
-0.016512
-0.018001
-0.017361
-0.016287
-0.016288
-0.016478
-0.020344
-0.022657
-0.024903
-0.025642
-0.024222
-0.024525
-0.025412
-0.027155
-0.028103
-0.030292
-0.032243
-0.034077
-0.036199
-0.036755
-0.036440
-0.034670
-0.034080
-0.035868
-0.039581
-0.042738
-0.042220
-0.039850
-0.037925
-0.037468
-0.039037
-0.037715
-0.036230
-0.035119
-0.035525
-0.037198
-0.037950
-0.038816
-0.036446
-0.034057
-0.033027
-0.033628
-0.035008
-0.035388
-0.032612
-0.030825
-0.028984
-0.027852
-0.027502
-0.026174
-0.026248
-0.028219
-0.030683
-0.030794
-0.029807
-0.028120
-0.026387
-0.023396
-0.022066
-0.021711
-0.021532
-0.021326
-0.019214
-0.017801
-0.017484
-0.016822
-0.017830
-0.018663
-0.018081
-0.016689
-0.017184
-0.017302
-0.015824
-0.015651
-0.016197
-0.017470
-0.017311
-0.018644
-0.019179
-0.019855
-0.018525
-0.015932
-0.014083
-0.013546
-0.013640
-0.013277
-0.013601
-0.011876
-0.011124
-0.010505
-0.010935
-0.011494
-0.010480
-0.008486
-0.006753
-0.005496
-0.005477
-0.005805
-0.006557
-0.006192
-0.003893
-0.001797
0.001100
0.002965
0.005162
0.007011
0.007897
0.008341
0.010098
0.012444
0.013784
0.013505
0.011866
0.012041
0.012402
0.014950
0.016295
0.017009
0.017891
0.017859
0.019364
0.020763
0.021891
0.021205
0.021422
0.021090
0.021230
0.021020
0.021066
0.021275
0.021702
0.022405
0.021101
0.018851
0.014916
0.012346
0.012337
0.012839
0.013815
0.013988
0.011369
0.011879
0.012648
0.014262
0.013842
0.011115
0.010768
0.010536
0.010878
0.010245
0.009249
0.010927
0.012305
0.011960
0.011193
0.010013
0.009204
0.007731
0.009091
0.010965
0.012796
0.013019
0.012784
0.013386
0.013626
0.014637
0.015651
0.015795
0.016177
0.017981
0.020881
0.024385
0.025115
0.024525
0.024503
0.024856
0.025366
0.025549
0.026642
0.028536
0.028822
0.028497
0.029424
0.030881
0.033122
0.036317
0.038035
0.038223
0.036135
0.034895
0.036408
0.037278
0.037643
0.035471
0.034467
0.033618
0.033054
0.033630
0.033571
0.033559
0.033115
0.034355
0.034079
0.033861
0.034455
0.036044
0.037228
0.035811
0.033761
0.032312
0.032948
0.034051
0.034633
0.034258
0.031622
0.030066
0.030314
0.030785
0.031689
0.032261
0.032946
0.033229
0.032853
0.031766
0.028551
0.027319
0.028657
0.028987
0.029397
0.028722
0.029882
0.029934
0.029639
0.029262
0.026278
0.024214
0.022587
0.022768
0.022504
0.021885
0.022055
0.022120
0.020908
0.018332
0.016510
0.014775
0.012832
0.011075
0.010058
0.008635
0.007620
0.007095
0.006326
0.005260
0.002700
0.001041
0.001153
0.002794
0.003924
0.002036
-0.001069
-0.005171
-0.008900
-0.010018
-0.010119
-0.011094
-0.013035
-0.014903
-0.015285
-0.014884
-0.014773
-0.014877
-0.016453
-0.018990
-0.019987
-0.020751
-0.021246
-0.021093
-0.022083
-0.023430
-0.025577
-0.026629
-0.026681
-0.027205
-0.028546
-0.029642
-0.031043
-0.030948
-0.029767
-0.029228
-0.030178
-0.032622
-0.033394
-0.034140
-0.033785
-0.034277
-0.034559
-0.032801
-0.029970
-0.028828
-0.028858
-0.029869
-0.031043
-0.029051
-0.028034
-0.026704
-0.028250
-0.029882
-0.029692
-0.029470
-0.028804
-0.030399
-0.030280
-0.030291
-0.029009
-0.027115
-0.024914
-0.025886
-0.027686
-0.027154
-0.026641
-0.023782
-0.022074
-0.022143
-0.023656
-0.024249
-0.024396
-0.023572
-0.024383
-0.026548
-0.027885
-0.027619
-0.025607
-0.023050
-0.021464
-0.023461
-0.026482
-0.029328
-0.030217
-0.029634
-0.029337
-0.030634
-0.031324
-0.032824
-0.034329
-0.033388
-0.032435
-0.032559
-0.031803
-0.029369
-0.027721
-0.026204
-0.026549
-0.027727
-0.028750
-0.027453
-0.027107
-0.026692
-0.026366
-0.028413
-0.029580
-0.028823
-0.026289
-0.025199
-0.024584
-0.025911
-0.027539
-0.029887
-0.029063
-0.027636
-0.026939
-0.025474
-0.025310
-0.025593
-0.027781
-0.029244
-0.030730
-0.031120
-0.031615
-0.031121
-0.031601
-0.033272
-0.033870
-0.033259
-0.031776
-0.030466
-0.030028
-0.031007
-0.032589
-0.033101
-0.031351
-0.030425
-0.029586
-0.030654
-0.030030
-0.029030
-0.028971
-0.028055
-0.028349
-0.027821
-0.028482
-0.028550
-0.028321
-0.027379
-0.026782
-0.026948
-0.025396
-0.023531
-0.022233
-0.021305
-0.019472
-0.018376
-0.018434
-0.018561
-0.017576
-0.017269
-0.015998
-0.014545
-0.013665
-0.012097
-0.012138
-0.012403
-0.012664
-0.011842
-0.011667
-0.011291
-0.010955
-0.010425
-0.009063
-0.007660
-0.006531
-0.007879
-0.008471
-0.006143
-0.002950
-0.000260
0.000813
-0.000383
-0.000818
-0.000453
0.001451
0.003269
0.004143
0.004582
0.004617
0.006424
0.007987
0.011575
0.013112
0.013535
0.013882
0.013497
0.013084
0.011761
0.012469
0.013443
0.015047
0.014100
0.013289
0.012623
0.012359
0.011480
0.009916
0.008578
0.009186
0.011157
0.012667
0.013281
0.009843
0.006008
0.002660
0.002238
0.003192
0.003861
0.003918
0.004262
0.004165
0.005241
0.006874
0.007111
0.007477
0.006271
0.005557
0.006805
0.008694
0.012032
0.015442
0.016744
0.016427
0.015743
0.014609
0.012779
0.013536
0.014927
0.017141
0.018803
0.019735
0.018727
0.017154
0.019047
0.019708
0.020860
0.021219
0.021596
0.022645
0.023629
0.023831
0.023521
