0.038657
0.039337
0.038092
0.035252
0.033929
0.034870
0.038473
0.044469
0.046614
0.045057
0.041572
0.040981
0.044282
0.048831
0.048156
0.043406
0.037303
0.034883
0.038348
0.041168
0.039933
0.035042
0.029399
0.029579
0.036936
0.043056
0.043895
0.038996
0.033305
0.032951
0.037135
0.040204
0.036527
0.028072
0.022093
0.023235
0.028685
0.031236
0.028369
0.023526
0.020980
0.021332
0.020667
0.017845
0.016025
0.014961
0.016839
0.018034
0.017294
0.015732
0.014145
0.012948
0.012058
0.013258
0.013488
0.012909
0.010237
0.008191
0.006151
0.006157
0.006224
0.005681
0.005024
0.003557
0.002392
0.000698
0.002367
0.003783
0.004684
0.003307
0.001101
0.000792
0.000159
-0.001175
-0.002881
-0.003412
-0.002613
-0.001929
-0.001074
-0.000677
-0.000866
-0.001634
-0.003573
-0.003117
-0.003315
-0.003693
-0.003550
-0.002869
-0.002900
-0.004168
-0.005579
-0.006559
-0.005458
-0.004625
-0.001847
-0.000434
0.000398
-0.001715
-0.004932
-0.005245
-0.004389
-0.002924
-0.002961
-0.004436
-0.003920
-0.001363
-0.002746
-0.005206
-0.007804
-0.008789
-0.008361
-0.006087
-0.005543
-0.007069
-0.008956
-0.011078
-0.012424
-0.015679
-0.018978
-0.020406
-0.018355
-0.015590
-0.013054
-0.012578
-0.015089
-0.019126
-0.021174
-0.021550
-0.021580
-0.019051
-0.016565
-0.016054
-0.016830
-0.018004
-0.018367
-0.019893
-0.023314
-0.024611
-0.024620
-0.023750
-0.021893
-0.020799
-0.019034
-0.019049
-0.021119
-0.022834
-0.024463
-0.024394
-0.023722
-0.023298
-0.023597
-0.022413
-0.020602
-0.021110
-0.022917
-0.024612
-0.023813
-0.021782
-0.019470
-0.017102
-0.015246
-0.015431
-0.016697
-0.016474
-0.014700
-0.014935
-0.014837
-0.013720
-0.013344
-0.015525
-0.019980
-0.021570
-0.022969
-0.020530
-0.017567
-0.016571
-0.017686
-0.019481
-0.020376
-0.019277
-0.017032
-0.017032
-0.017936
-0.021022
-0.022044
-0.020598
-0.015790
-0.013042
-0.011990
-0.016370
-0.020913
-0.026054
-0.027869
-0.027998
-0.027537
-0.031354
-0.028950
-0.032626
-0.056395
-0.044639
-0.041794
-0.037196
-0.037399
-0.033320
-0.036168
-0.070190
-0.113701
-0.119650
-0.066425
-0.044290
-0.023888
0.004878
0.019365
-0.046410
-0.136705
-0.155683
-0.103972
-0.035182
-0.006320
-0.003116
-0.027308
-0.073975
-0.099033
-0.088540
-0.056575
-0.024390
-0.017251
-0.041360
-0.093626
-0.106453
-0.041528
0.041030
0.043178
-0.033819
-0.093853
-0.087868
-0.038918
0.015944
0.041729
0.022309
-0.030700
-0.050380
-0.019913
0.027694
0.066876
0.081102
0.061484
0.014213
-0.003165
0.036779
0.094331
0.105015
0.058279
0.009086
0.007994
0.050420
0.100969
0.114991
0.080623
0.036343
0.046905
0.112705
0.166184
0.151603
0.089075
0.054109
0.078360
0.128801
0.148239
0.115613
0.060935
0.041608
0.079276
0.130947
0.136877
0.087565
0.033677
0.032679
0.084787
0.135870
0.127703
0.065199
0.010478
0.016556
0.074218
0.114711
0.089460
0.021006
-0.019075
0.006079
0.056027
0.073775
0.040797
-0.006509
-0.022415
0.001285
0.035396
0.039384
0.010640
-0.024273
-0.034982
-0.019680
0.000295
0.004524
-0.013673
-0.040941
-0.059129
-0.057650
-0.038909
-0.023864
-0.025913
-0.044620
-0.064088
-0.064417
-0.048794
-0.031508
-0.035685
-0.061230
-0.085624
-0.083932
-0.057618
-0.036489
-0.042456
-0.070664
-0.089931
-0.079113
-0.050777
-0.035211
-0.046961
-0.074674
-0.085436
-0.066003
-0.037718
-0.028550
-0.046463
-0.066766
-0.062523
-0.034351
-0.015883
-0.026980
-0.052805
-0.061252
-0.038334
-0.007697
-0.002217
-0.026111
-0.048471
-0.044812
-0.019061
0.001411
-0.004641
-0.025761
-0.030389
-0.010671
0.011218
0.008967
-0.015710
-0.032215
-0.019507
0.010001
0.024760
0.010528
-0.015829
-0.025386
-0.005552
0.025441
0.034010
0.011388
-0.017365
-0.017827
0.009994
0.035469
0.030863
0.001425
-0.018536
-0.009653
0.015745
0.027528
0.012417
-0.009346
-0.012301
0.002854
0.017596
0.015156
0.001031
-0.007459
-0.001940
0.012503
0.019644
0.013716
0.003209
0.002946
0.012296
0.015085
0.008939
0.000452
0.000209
0.009712
0.017838
0.015335
0.003698
-0.004915
0.000429
0.014606
0.019947
0.011979
0.000060
0.000813
0.010358
0.017904
0.017208
0.009185
0.003058
0.004276
0.015000
0.021664
0.017055
0.005103
0.000821
0.009388
0.020720
0.025458
0.020489
0.015270
0.016144
0.022106
0.030276
0.032028
0.028436
0.023932
0.022310
0.026850
0.029941
0.031515
0.029955
0.024888
0.023349
0.023341
0.024612
0.029191
0.034283
0.036720
0.032668
0.025405
0.021343
0.025539
0.031965
0.033380
0.027317
0.018071
0.014706
0.019907
0.027518
0.028571
0.020394
0.008361
0.004274
0.010440
0.019344
0.021345
0.013771
0.003808
0.001417
0.007913
0.015947
0.018237
0.010026
-0.000168
-0.002978
0.001425
0.008497
0.007633
0.002222
-0.002828
-0.002588
0.002076
0.003234
-0.000323
-0.006503
-0.008119
-0.004746
-0.000479
0.001956
0.001395
-0.003223
-0.006743
-0.007377
-0.003179
0.000546
0.001090
-0.000294
-0.002862
-0.003948
-0.003432
-0.001907
-0.004597
-0.007309
-0.007826
-0.005561
-0.001679
0.002289
0.001413
-0.000150
-0.003107
-0.004826
-0.001488
0.002082
0.002950
0.002305
0.003387
0.002935
0.000177
-0.003350
-0.001913
-0.000834
0.002906
0.003838
0.004179
0.003563
-0.000541
-0.004399
-0.006388
-0.004665
-0.000915
0.000670
-0.002263
-0.004866
-0.006092
-0.003092
0.000417
0.004625
0.004025
0.002983
0.000053
-0.004967
-0.006035
0.000282
0.010491
0.013397
0.007302
-0.004361
-0.010852
-0.007179
0.004872
0.014011
0.010526
-0.002116
-0.011888
-0.009790
0.003097
0.016590
0.017601
0.006838
-0.005910
-0.007743
0.002732
0.014466
0.016570
0.007591
-0.004266
-0.008063
0.001372
0.015271
0.020537
0.011177
-0.002521
-0.009938
-0.004387
0.007270
0.012715
0.003518
-0.010908
-0.017020
-0.011571
0.000342
0.002251
-0.007140
-0.019166
-0.021954
-0.014569
-0.005061
-0.004534
-0.011736
-0.017798
-0.016411
-0.008853
-0.003697
-0.004542
-0.011850
-0.018428
-0.019902
-0.016282
-0.012691
-0.013274
-0.018926
-0.026188
-0.030776
-0.030581
-0.028349
-0.027133
-0.027920
-0.030760
-0.031853
-0.029812
-0.025884
-0.024597
-0.026684
-0.029190
-0.028894
-0.025095
-0.021270
-0.020723
-0.026064
-0.031247
-0.031539
-0.027297
-0.021648
-0.020542
-0.024190
-0.029433
-0.029257
-0.025950
-0.022682
-0.024337
-0.027833
-0.028644
-0.026192
-0.022326
-0.020821
-0.022166
-0.024519
-0.024324
-0.023826
-0.022222
-0.022063
-0.021799
-0.020941
-0.019728
-0.019084
-0.019494
-0.022281
-0.022562
-0.020332
-0.017986
-0.017305
-0.021069
-0.023843
-0.023653
-0.018835
-0.014444
-0.012669
-0.014341
-0.016091
-0.013548
-0.010256
-0.011071
-0.014776
-0.018261
-0.017081
-0.011671
-0.006967
-0.003710
-0.003926
-0.006061
-0.008837
-0.009775
-0.008442
-0.007331
-0.006641
-0.005121
-0.002940
-0.001522
0.000198
-0.000330
-0.001097
0.000417
0.001715
0.001901
0.000776
0.001424
0.003777
0.006973
0.009272
0.007700
0.006240
0.006116
0.006976
0.009274
0.009419
0.007239
0.004069
0.003552
0.006552
0.008882
0.008992
0.008030
0.005457
0.003279
0.003914
0.004980
0.004895
0.002354
0.002046
0.005655
0.008678
0.009613
0.006707
0.002012
0.000756
0.003838
0.003289
-0.000217
-0.003503
-0.002572
0.002687
0.004326
0.002754
-0.001456
-0.003347
-0.003087
-0.001023
0.001262
0.000936
-0.000262
-0.002166
-0.002119
-0.000314
0.001257
0.001735
0.002007
0.001908
0.002683
0.003367
0.003371
0.002190
0.000258
0.000824
0.002444
0.004375
0.005830
0.005381
0.005222
0.006778
0.007843
0.009636
0.010582
0.010811
0.011074
0.011812
0.013826
0.015496
0.016477
0.015973
0.014622
0.014419
0.015219
0.017134
0.019137
0.019346
0.020727
0.018990
0.017659
0.015935
0.013557
0.012894
0.012494
0.014261
0.015751
0.016298
0.014438
0.013039
0.010483
0.011223
0.013590
0.016059
0.018346
0.017878
0.017682
0.016831
0.016246
0.014775
0.015539
0.016250
0.016291
0.014317
0.011946
0.013218
0.015469
0.016871
0.014954
0.012497
0.012357
0.014561
0.017247
0.019474
0.020169
0.018884
0.016751
0.014990
0.014174
0.013727
0.014345
0.015282
0.015174
0.013922
0.012603
0.013211
0.013710
0.014679
0.013956
0.012940
0.013534
0.013300
0.014615
0.014083
0.013810
0.014122
0.014612
0.014498
0.012738
0.012062
0.012616
0.013623
0.014341
0.014302
0.011616
0.010869
0.012026
0.014778
0.016106
0.014791
0.013386
0.011421
0.009255
0.006408
0.006370
0.007613
0.009503
0.009845
0.010731
0.013708
0.015216
0.014969
0.012576
0.010651
0.010628
0.009978
0.010388
0.010821
0.011648
0.013830
0.014146
0.012945
0.010330
0.008127
0.006710
0.007445
0.008590
0.008932
0.009104
0.008895
0.008760
0.008821
0.008779
0.009372
0.011502
0.014244
0.015289
0.014432
0.012906
0.012419
0.012833
0.014455
0.016687
0.016945
0.017370
0.017882
0.017829
0.016296
0.014209
0.011777
0.010974
0.013641
0.014854
0.015341
0.014334
0.012823
0.011767
0.011488
0.010964
0.010182
0.009082
0.007863
0.008923
0.008874
0.008740
0.008549
0.009115
0.007780
0.006263
0.004491
0.002904
0.001123
-0.002292
-0.002188
-0.000101
0.001163
-0.000697
-0.002856
-0.004127
-0.004832
-0.003580
-0.003069
-0.002781
-0.003406
-0.003398
-0.001902
-0.001916
-0.002391
-0.005924
-0.009255
-0.010861
-0.011805
-0.013156
-0.014387
-0.016059
-0.018655
-0.019802
-0.019218
-0.016680
-0.017505
-0.019043
-0.019832
-0.020400
-0.020536
-0.020420
-0.020134
-0.020310
-0.020197
-0.020904
-0.020724
-0.020210
-0.020374
-0.021296
-0.020050
-0.019749
-0.020067
-0.020242
-0.020894
-0.019184
-0.018507
-0.018636
-0.020302
-0.022159
-0.023535
-0.024431
-0.024735
-0.025813
-0.026568
-0.025620
-0.024995
-0.024101
-0.023206
-0.023606
-0.022829
-0.022622
-0.022841
-0.023170
-0.022713
-0.023884
-0.025383
-0.024807
-0.025599
-0.025341
-0.024921
-0.024232
-0.022984
-0.022614
-0.024901
-0.027156
-0.028053
-0.029243
-0.028616
-0.027545
-0.026571
-0.026145
-0.023630
-0.021627
-0.022331
-0.024443
-0.026795
-0.027095
-0.026062
-0.023590
-0.021899
-0.021752
-0.022338
-0.022332
-0.022048
-0.022720
-0.023295
-0.025358
-0.026086
-0.024777
-0.024498
-0.024282
-0.024895
-0.025815
-0.026195
-0.026439
-0.025020
-0.024387
-0.026669
-0.029415
-0.031568
-0.030243
-0.027205
-0.024651
-0.023726
-0.025440
-0.026303
-0.026738
-0.026528
-0.026729
-0.027388
-0.027135
-0.026373
-0.025763
-0.026154
-0.028364
-0.031174
-0.032403
-0.032659
-0.032515
-0.032559
-0.033221
-0.035654
-0.035473
-0.031973
-0.027441
-0.024677
-0.025695
-0.027956
-0.030751
-0.030994
-0.028676
-0.025479
-0.022606
-0.021788
-0.021566
-0.023034
-0.022528
-0.020878
-0.020812
-0.019496
-0.020854
-0.021746
-0.021308
-0.019579
-0.017424
-0.015967
-0.014845
-0.014946
-0.015051
-0.015258
-0.013764
-0.011879
-0.009691
-0.008162
-0.007623
-0.007159
-0.006005
-0.004157
-0.001293
0.001946
0.001761
0.001637
0.003883
0.007739
0.012079
0.013927
0.013523
0.011360
0.012401
0.014511
0.016192
0.018150
0.017359
0.016431
0.016659
0.019356
0.021767
0.021785
0.021297
0.021606
0.023809
0.025262
0.023701
0.022646
0.022882
0.023883
0.026355
0.026611
0.026118
0.024739
0.021504
0.021885
0.025265
0.029230
0.028801
0.024697
0.021202
0.021839
0.025421
0.027453
0.028600
0.029718
0.032182
0.034498
0.035210
0.031909
0.028886
0.027348
0.027258
0.028455
0.030106
0.032737
0.034425
0.034515
0.032544
0.029746
0.027719
0.028791
0.030328
0.031604
0.032460
0.031536
0.030402
0.030150
0.030964
0.031473
0.030673
0.031222
0.032679
0.034083
0.032897
0.030141
0.028577
0.028549
0.030145
0.031186
0.030593
0.028173
0.026234
0.025345
0.025388
0.023498
0.021144
0.019876
0.021267
0.025115
0.026583
0.025748
0.022497
0.021533
0.022900
0.023180
0.023549
0.023542
0.024817
0.025591
0.026605
0.027130
0.024326
0.020493
0.018146
0.017769
0.018246
0.019408
0.018016
0.016702
0.015819
0.014621
0.015165
0.014651
0.013630
0.012971
0.012966
0.013317
0.015399
0.016594
0.015092
0.013759
0.013918
0.015198
0.014668
0.012436
0.010432
0.011120
0.012604
0.014612
0.014603
0.012971
0.013142
0.015227
0.016575
0.016495
0.017215
0.016817
0.016876
0.015750
0.013803
0.013476
0.012877
0.011796
0.010736
0.008775
0.009195
0.008556
0.007881
0.007592
0.005277
0.003059
0.002474
0.002814
0.003204
0.003484
0.001145
0.000071
-0.000405
0.000775
0.000981
0.000432
-0.001230
-0.003444
-0.003653
-0.003777
-0.003271
-0.002747
-0.003336
-0.004913
-0.005706
-0.006521
-0.009083
-0.011570
-0.010900
-0.009911
-0.010290
-0.012863
-0.014565
-0.017405
-0.019098
-0.017442
-0.015779
-0.013938
-0.014506
-0.014135
-0.014165
-0.015234
-0.016107
-0.017305
-0.018440
-0.019428
-0.019861
-0.021454
-0.022269
-0.023327
-0.024036
-0.024017
-0.024599
-0.024273
-0.024194
-0.023902
-0.023675
-0.023273
-0.022531
-0.022428
-0.020890
-0.019090
-0.018395
-0.018176
-0.019238
-0.018970
-0.017028
-0.016120
-0.016910
-0.018506
-0.019318
-0.018427
-0.016724
-0.015929
-0.017261
-0.017899
-0.018566
-0.018435
-0.018785
-0.020878
-0.021029
-0.021031
-0.020569
-0.019123
-0.016853
-0.017423
-0.019422
-0.021002
-0.020654
-0.018858
-0.018488
-0.017687
-0.018514
-0.020406
-0.022525
-0.023932
-0.023395
-0.021586
-0.018329
-0.016941
-0.016199
-0.015918
-0.017543
-0.020474
-0.022007
-0.019574
-0.019478
-0.018429
-0.017953
-0.018050
-0.015718
-0.014791
-0.014168
-0.014342
-0.016833
-0.019527
-0.019373
-0.017719
-0.016431
-0.017391
-0.018079
-0.019640
-0.019423
-0.017925
-0.018443
-0.018625
-0.018646
-0.017645
-0.016649
-0.016116
-0.017056
-0.017145
-0.017027
-0.016834
-0.015883
-0.017865
-0.019981
-0.017213
-0.014653
-0.013868
-0.014853
-0.017929
-0.018737
-0.020207
-0.020356
-0.018576
-0.018414
-0.017602
-0.017347
-0.016939
-0.016746
-0.017126
-0.016494
-0.018322
-0.018263
-0.017770
-0.015409
-0.014132
-0.014792
-0.015216
-0.015916
-0.015321
-0.016105
-0.016339
-0.017689
-0.016296
-0.014200
-0.012264
-0.012279
-0.014026
-0.015421
-0.015952
-0.015060
-0.012800
-0.010037
-0.009500
-0.010360
-0.012770
-0.013629
-0.013139
-0.011102
-0.009492
-0.006247
-0.004420
-0.002592
-0.001474
-0.002387
-0.000490
0.000866
0.001770
0.003014
0.004388
0.006688
0.010857
0.012057
0.013143
0.011789
0.011417
0.012266
0.013380
0.014929
0.015228
0.017324
0.018773
0.021440
0.022151
0.021531
0.018185
0.015913
0.017308
0.021627
0.026507
0.027399
0.025022
0.021943
0.019793
0.019240
0.020000
0.020798
0.022036
0.020430
0.019747
0.018022
0.015858
0.015712
0.015243
0.015690
0.016075
0.017305
0.018307
0.019311
0.019607
0.018287
0.017079
0.015959
0.016117
0.016217
0.015680
0.015814
0.014478
0.014239
0.013013
0.012724
0.014236
0.013179
0.012022
0.009681
0.008306
0.007649
0.008006
0.009865
0.010350
0.009255
0.008227
0.008892
0.008196
0.007727
0.007060
0.005349
0.005216
0.006708
0.007317
0.008045
0.008200
0.006053
0.005861
0.006036
0.006169
0.005447
0.003516
0.001396
0.001065
0.001576
0.003703
0.006374
0.008204
0.008910
0.005977
0.002168
0.000284
0.001667
0.003364
0.006336
0.007927
0.008196
0.007699
0.005562
0.002404
0.000821
0.000837
0.001593
0.002867
0.002265
0.002680
0.001222
0.001852
0.002591
0.001324
0.000678
-0.002349
-0.005562
-0.007051
-0.007291
-0.007155
-0.005495
-0.002068
0.000382
-0.000593
-0.000111
-0.000109
-0.000728
-0.000788
-0.000322
0.001191
0.000306
-0.000236
-0.000959
-0.001093
-0.001219
