-0.017494
-0.018161
-0.018819
-0.018903
-0.019268
-0.017498
-0.017029
-0.016068
-0.017095
-0.017159
-0.018088
-0.019331
-0.019716
-0.020992
-0.021028
-0.021424
-0.020705
-0.020440
-0.019627
-0.019400
-0.019719
-0.020255
-0.020787
-0.020302
-0.019797
-0.018828
-0.018480
-0.019047
-0.018896
-0.017308
-0.016508
-0.016373
-0.016291
-0.016047
-0.016314
-0.017209
-0.016336
-0.017392
-0.018048
-0.018535
-0.019436
-0.019522
-0.019780
-0.019619
-0.019416
-0.019151
-0.019516
-0.020010
-0.019229
-0.017332
-0.016616
-0.015688
-0.016358
-0.016483
-0.015761
-0.016049
-0.017315
-0.018139
-0.017780
-0.017155
-0.016180
-0.016247
-0.017646
-0.018333
-0.017571
-0.017916
-0.017911
-0.017308
-0.016150
-0.016067
-0.016262
-0.017468
-0.017949
-0.016155
-0.014943
-0.013663
-0.013354
-0.013257
-0.013677
-0.013962
-0.014608
-0.014881
-0.013041
-0.012252
-0.012237
-0.013754
-0.015310
-0.016461
-0.017932
-0.018407
-0.018681
-0.017744
-0.018110
-0.019302
-0.020938
-0.022151
-0.023256
-0.023627
-0.022792
-0.020991
-0.020341
-0.020592
-0.018661
-0.018168
-0.017801
-0.017429
-0.016987
-0.016171
-0.016383
-0.017474
-0.017671
-0.017854
-0.017825
-0.017235
-0.018304
-0.018628
-0.018402
-0.017780
-0.017048
-0.017747
-0.016975
-0.016413
-0.015237
-0.014062
-0.013533
-0.012476
-0.011772
-0.011657
-0.011420
-0.010506
-0.009201
-0.008101
-0.007970
-0.006522
-0.005769
-0.005005
-0.005199
-0.005774
-0.006408
-0.007268
-0.006653
-0.006283
-0.005814
-0.004853
-0.004130
-0.003987
-0.002892
-0.002339
-0.001544
-0.000236
0.000122
0.001334
0.003447
0.004489
0.005420
0.006410
0.006341
0.007216
0.007003
0.007439
0.007945
0.008263
0.009062
0.008658
0.008670
0.007357
0.005720
0.005735
0.006576
0.007460
0.008310
0.007238
0.006088
0.005446
0.004913
0.003894
0.003137
0.004391
0.005948
0.006399
0.006454
0.005627
0.005634
0.007111
0.007865
0.009213
0.008801
0.008982
0.008742
0.009038
0.009746
0.009430
0.009073
0.008313
0.008014
0.007315
0.006818
0.006246
0.006903
0.007390
0.009293
0.009112
0.008259
0.008412
0.008393
0.009039
0.008307
0.008196
0.008204
0.008928
0.008642
0.007054
0.004758
0.004676
0.004675
0.004908
0.005285
0.004044
0.004383
0.005213
0.005496
0.004535
0.003906
0.003741
0.004839
0.005497
0.005799
0.006014
0.005032
0.005440
0.006925
0.008216
0.008724
0.008708
0.008114
0.009207
0.010527
0.010904
0.011128
0.010633
0.012388
0.013718
0.014829
0.014751
0.014284
0.013765
0.012457
0.011812
0.012143
0.013258
0.014040
0.014292
0.013327
0.011996
0.011403
0.011610
0.011084
0.012010
0.012028
0.012711
0.014274
0.015109
0.013927
0.012879
0.012487
0.012672
0.014308
0.014527
0.015248
0.013695
0.013788
0.013408
0.012271
0.010978
0.009185
0.009495
0.009388
0.011529
0.011864
0.011329
0.011220
0.009817
0.008623
0.007778
0.007664
0.008408
0.009293
0.009129
0.009435
0.009488
0.008901
0.007741
0.006027
0.003207
0.000513
-0.001146
-0.001787
-0.001024
-0.001064
-0.001213
-0.000908
-0.000477
-0.001151
-0.001559
-0.000137
0.001141
0.001324
-0.000883
-0.002560
-0.002440
-0.001054
0.000869
0.002162
0.001317
0.000154
-0.000171
0.000222
0.002394
0.003154
0.004422
0.004391
0.003605
0.002990
0.002296
0.002067
0.002709
0.003422
0.003484
0.004626
0.004957
0.005410
0.004953
0.005877
0.005968
0.006416
0.009261
0.011032
0.011244
0.010692
0.010796
0.010767
0.011813
0.012153
0.012289
0.011528
0.011293
0.012251
0.013612
0.014906
0.014774
0.013524
0.013083
0.013512
0.013169
0.013806
0.013247
0.013221
0.013991
0.015047
0.016058
0.016238
0.015514
0.015587
0.014447
0.013644
0.014265
0.013714
0.013658
0.013348
0.013893
0.014649
0.014683
0.014186
0.014390
0.012553
0.011706
0.012370
0.012279
0.012334
0.011052
0.009478
0.009026
0.007165
0.005831
0.005010
0.004062
0.003624
0.001967
-0.000258
-0.001257
0.000193
0.000390
0.000267
-0.001687
-0.004759
-0.006682
-0.007259
-0.006987
-0.008775
-0.011205
-0.012926
-0.014585
-0.014531
-0.015036
-0.015815
-0.017204
-0.018391
-0.018680
-0.018711
-0.018776
-0.021096
-0.023304
-0.025483
-0.027162
-0.028005
-0.028043
-0.029382
-0.031327
-0.032684
-0.033167
-0.033044
-0.032395
-0.031913
-0.032773
-0.035325
-0.036882
-0.036715
-0.035879
-0.034390
-0.035573
-0.036031
-0.037978
-0.038965
-0.038909
-0.039802
-0.040140
-0.041298
-0.040063
-0.038290
-0.036535
-0.035613
-0.034170
-0.032577
-0.031327
-0.031513
-0.031493
-0.029807
-0.027159
-0.025656
-0.026893
-0.029148
-0.030168
-0.029362
-0.028965
-0.029338
-0.029782
-0.027567
-0.025940
-0.023447
-0.022127
-0.021786
-0.021907
-0.022677
-0.023252
-0.024379
-0.023140
-0.020525
-0.016312
-0.014151
-0.013826
-0.012886
-0.011108
-0.010393
-0.010422
-0.011506
-0.012833
-0.011560
-0.009836
-0.008542
-0.008400
-0.009870
-0.011484
-0.011876
-0.011841
-0.009365
-0.006892
-0.004201
-0.002492
-0.003479
-0.005903
-0.008409
-0.009379
-0.008404
-0.005364
-0.004499
-0.004783
-0.006033
-0.006434
-0.006790
-0.007524
-0.008133
-0.008926
-0.008905
-0.007733
-0.006537
-0.006753
-0.007143
-0.010032
-0.013717
-0.017332
-0.017399
-0.015580
-0.014834
-0.018599
-0.022969
-0.026217
-0.025668
-0.022769
-0.023247
-0.022194
-0.024899
-0.027822
-0.025559
-0.024589
-0.024965
-0.024633
-0.023396
-0.018504
-0.020194
-0.022111
-0.028890
-0.028660
-0.033658
-0.042894
-0.042055
-0.041363
-0.038455
-0.043747
-0.041980
-0.038736
-0.040256
-0.043125
-0.044561
-0.044960
-0.044868
-0.043299
-0.038509
-0.036227
-0.046886
-0.060071
-0.059307
-0.046104
-0.033181
-0.016195
-0.004203
-0.003020
-0.012312
-0.020244
-0.004904
0.009657
0.010574
0.001662
-0.004984
-0.006870
-0.011976
-0.012824
-0.005412
0.009563
0.024693
0.036867
0.041225
0.038321
0.039380
0.048635
0.056730
0.055580
0.051716
0.054740
0.057670
0.052070
0.046078
0.055444
0.076743
0.084192
0.068120
0.050259
0.057712
0.094968
0.129020
0.123901
0.083867
0.052756
0.068333
0.116256
0.144169
0.126297
0.086227
0.068241
0.086395
0.113943
0.122361
0.106791
0.086482
0.081128
0.091748
0.103666
0.106952
0.101571
0.094694
0.089039
0.084471
0.083703
0.087610
0.091000
0.086311
0.071325
0.056514
0.054300
0.067361
0.080960
0.078126
0.057770
0.037460
0.036188
0.051402
0.062112
0.051399
0.027804
0.011151
0.017359
0.036727
0.046262
0.033903
0.010847
-0.002270
0.003260
0.016579
0.020605
0.010029
-0.005118
-0.009636
-0.002783
0.005360
-0.000056
-0.013488
-0.023274
-0.021110
-0.012029
-0.008257
-0.013941
-0.023172
-0.023516
-0.017810
-0.014056
-0.019491
-0.028124
-0.029318
-0.024858
-0.019754
-0.021743
-0.030588
-0.034464
-0.029734
-0.020015
-0.018118
-0.025955
-0.032680
-0.031219
-0.020984
-0.013925
-0.016001
-0.022069
-0.024674
-0.019570
-0.011996
-0.008597
-0.012736
-0.017588
-0.016414
-0.009507
-0.003169
-0.003272
-0.005609
-0.006312
-0.001753
0.004883
0.008511
0.007015
0.003437
0.003102
0.006184
0.008853
0.008587
0.005846
0.004683
0.007207
0.010339
0.010267
0.004878
0.000685
0.000363
0.003411
0.006210
0.004636
-0.000315
-0.002863
-0.000563
0.002352
0.002281
-0.003516
-0.008557
-0.008941
-0.005476
-0.003487
-0.006984
-0.013664
-0.017581
-0.016386
-0.013840
-0.013440
-0.017604
-0.022247
-0.024537
-0.022759
-0.020677
-0.022305
-0.026093
-0.027737
-0.025557
-0.023753
-0.023487
-0.025920
-0.029469
-0.030820
-0.028870
-0.025261
-0.023965
-0.025873
-0.028013
-0.029110
-0.029335
-0.028443
-0.029246
-0.033342
-0.036884
-0.036776
-0.035362
-0.033825
-0.034799
-0.037355
-0.040792
-0.040622
-0.038407
-0.038381
-0.039443
-0.042107
-0.040527
-0.038039
-0.035946
-0.035965
-0.035091
-0.032515
-0.030191
-0.029585
-0.032157
-0.035029
-0.037328
-0.037120
-0.035621
-0.032636
-0.030983
-0.029586
-0.027186
-0.024503
-0.024460
-0.028084
-0.031020
-0.030763
-0.028749
-0.027968
-0.029027
-0.032295
-0.035703
-0.036186
-0.033607
-0.032370
-0.033869
-0.035677
-0.036653
-0.034116
-0.031909
-0.032118
-0.034709
-0.037937
-0.037769
-0.034947
-0.030837
-0.029965
-0.031823
-0.035174
-0.035678
-0.033377
-0.033206
-0.033546
-0.034271
-0.034568
-0.033385
-0.033199
-0.032603
-0.033080
-0.035012
-0.035454
-0.033602
-0.029081
-0.025403
-0.023664
-0.022821
-0.022163
-0.022533
-0.022282
-0.023389
-0.024923
-0.025238
-0.024059
-0.021748
-0.021475
-0.023780
-0.026512
-0.028004
-0.029132
-0.029531
-0.030772
-0.032452
-0.034417
-0.034067
-0.032018
-0.030142
-0.029350
-0.030719
-0.030770
-0.030282
-0.028608
-0.027458
-0.025270
-0.025296
-0.027641
-0.028177
-0.029372
-0.027281
-0.025470
-0.024339
-0.024897
-0.025856
-0.025398
-0.024154
-0.021536
-0.019496
-0.017914
-0.016981
-0.017464
-0.018495
-0.018314
-0.017326
-0.014798
-0.013679
-0.013179
-0.012321
-0.011604
-0.010216
-0.009734
-0.008590
-0.006926
-0.005434
-0.002144
-0.000090
0.001151
0.002313
0.002053
0.002658
0.004596
0.006704
0.008494
0.009034
0.008756
0.008943
0.009095
0.008687
0.010720
0.013105
0.014835
0.016702
0.017471
0.018912
0.019204
0.021629
0.023160
0.025107
0.027979
0.029734
0.030802
0.030852
0.032344
0.035420
0.039266
0.040760
0.041779
0.041828
0.042169
0.042792
0.043966
0.044442
0.043833
0.042332
0.042207
0.043500
0.044820
0.045676
0.045424
0.046123
0.044875
0.044608
0.044664
0.045000
0.045543
0.045926
0.046018
0.045919
0.045508
0.044765
0.044265
0.043590
0.042495
0.040781
0.040150
0.040971
0.041071
0.040472
0.039731
0.038547
0.037516
0.036899
0.036593
0.036051
0.036208
0.035877
0.036218
0.036548
0.036031
0.036264
0.037012
0.036297
0.035421
0.034039
0.032526
0.031215
0.029359
0.027578
0.026869
0.026634
0.025109
0.023535
0.021851
0.020624
0.020992
0.020960
0.019284
0.017048
0.014032
0.013234
0.014534
0.014683
0.013754
0.013332
0.013816
0.013913
0.014796
0.014719
0.013766
0.012932
0.012239
0.012751
0.014413
0.015186
0.014689
0.015017
0.015519
0.017313
0.018374
0.018474
0.016754
0.016146
0.017971
0.020209
0.021133
0.019917
0.017976
0.017032
0.018517
0.020719
0.024212
0.024676
0.024778
0.025924
0.028120
0.029601
0.030546
0.030240
0.028162
0.026425
0.025177
0.025884
0.024455
0.024427
0.024628
0.025285
0.025451
0.025922
0.027141
0.027390
0.026062
0.022567
0.020259
0.019428
0.021538
0.023187
0.023574
0.022575
0.021078
0.020307
0.020410
0.021287
0.021322
0.021201
0.019951
0.019170
0.019035
0.019240
0.019175
0.017886
0.015841
0.013510
0.013369
0.014862
0.016052
0.014439
0.009394
0.004652
0.004119
0.005546
0.006768
0.005967
0.003398
0.001085
-0.001483
-0.001112
-0.001035
-0.002543
-0.003651
-0.005124
-0.005609
-0.005943
-0.007612
-0.009709
-0.011012
-0.012363
-0.012043
-0.012379
-0.012699
-0.011636
-0.012094
-0.012458
-0.013478
-0.015546
-0.016527
-0.016365
-0.014584
-0.013096
-0.012499
-0.012211
-0.012796
-0.011941
-0.011351
-0.011057
-0.013216
-0.017458
-0.020533
-0.021543
-0.021469
-0.021408
-0.022376
-0.025182
-0.025974
-0.027498
-0.028589
-0.027426
-0.026189
-0.024514
-0.023315
-0.022928
-0.023322
-0.023333
-0.024551
-0.026023
-0.025984
-0.026256
-0.025594
-0.025050
-0.024908
-0.026032
-0.027511
-0.029010
-0.028824
-0.027140
-0.027232
-0.027288
-0.027583
-0.027314
-0.028484
-0.027665
-0.026388
-0.025971
-0.027352
-0.028385
-0.027713
-0.027779
-0.026294
-0.025157
-0.024631
-0.025274
-0.027114
-0.028482
-0.026956
-0.025818
-0.024871
-0.024697
-0.026416
-0.028270
-0.029315
-0.028950
-0.028761
-0.030338
-0.031746
-0.030485
-0.028138
-0.025638
-0.025426
-0.027235
-0.029116
-0.030660
-0.029154
-0.026886
-0.025423
-0.025931
-0.027068
-0.027683
-0.027498
-0.026721
-0.026635
-0.027159
-0.027539
-0.027191
-0.026909
-0.024279
-0.023934
-0.023879
-0.025256
-0.027450
-0.028402
-0.031247
-0.032457
-0.032652
-0.031283
-0.029756
-0.029769
-0.030611
-0.031535
-0.031136
-0.029520
-0.029766
-0.030867
-0.031305
-0.030758
-0.029851
-0.029694
-0.031209
-0.032737
-0.031822
-0.031264
-0.029217
-0.029354
-0.029762
-0.029529
-0.029225
-0.027122
-0.024989
-0.023523
-0.022711
-0.021826
-0.022728
-0.022618
-0.020892
-0.018183
-0.018385
-0.016935
-0.015532
-0.015974
-0.016065
-0.017323
-0.016571
-0.015845
-0.014767
-0.014021
-0.013850
-0.011840
-0.008732
-0.006599
-0.006146
-0.006427
-0.005098
-0.003198
-0.000118
0.001427
0.001740
0.001929
0.001259
0.002277
0.003854
0.005300
0.006143
0.005622
0.004278
0.002904
0.004238
0.007908
0.009290
0.007897
0.004981
0.003663
0.005246
0.007037
0.007179
0.007371
0.007123
0.005795
0.003564
0.003120
0.004242
0.004854
0.003875
0.002207
0.002002
0.003096
0.005127
0.006217
0.006105
0.004579
0.004290
0.004785
0.003874
0.003526
0.002951
0.003660
0.005068
0.004959
0.004194
0.002973
0.002831
0.001855
0.001193
-0.000745
-0.001747
-0.002644
-0.002982
-0.002268
-0.002661
-0.001895
-0.002495
-0.002026
-0.001569
-0.000039
0.000277
0.000769
-0.001038
-0.004206
-0.004964
-0.004443
-0.002092
-0.002147
-0.002760
-0.004876
-0.004147
-0.002681
-0.001702
-0.002042
-0.004537
-0.005438
-0.004403
-0.001854
-0.000625
-0.000525
-0.000306
0.000727
0.002005
0.002989
0.002789
0.002268
0.003146
0.004970
0.004627
0.004172
0.003387
0.003770
0.005160
0.006033
0.007494
0.008447
0.010093
0.010403
0.009766
0.010247
0.010928
0.011570
0.011979
0.013441
0.014538
0.014353
0.014813
0.015199
0.015981
0.017567
0.017483
0.018013
0.019739
0.021350
0.021507
0.020663
0.020047
0.019799
0.020939
0.020236
0.020585
0.020015
0.021328
0.023498
0.023470
0.023622
0.022893
0.021630
0.022319
0.023754
0.024918
0.026506
0.025285
0.025226
0.024456
0.024285
0.024351
0.023956
0.023875
0.023574
0.023472
0.021866
0.021149
0.019353
0.019050
0.018817
0.018848
0.019116
0.017366
0.017148
0.018431
0.019017
0.016286
0.014381
0.013435
0.012644
0.013774
0.014076
0.014875
0.015498
0.015751
0.016769
0.016754
0.015808
0.014547
0.014099
0.013611
0.014683
0.016041
0.017764
0.019900
0.021043
0.020976
0.018539
0.017872
0.019451
0.020878
0.021552
0.020565
0.017915
0.017238
0.019153
0.021411
0.023624
0.023197
0.020788
0.019198
0.019175
0.021312
0.023465
0.024922
0.025146
0.023630
0.022460
0.022759
0.024137
0.024274
0.023214
0.021873
0.022104
0.021179
0.022149
0.025182
0.025063
0.025153
0.022561
0.020656
0.020222
0.020395
0.024218
0.027334
0.025943
0.023427
0.021835
0.021510
0.020926
0.021020
0.022011
0.021936
0.022684
0.021913
0.021512
0.020595
0.018961
0.017280
0.016668
0.017355
0.018064
0.017812
0.016501
0.015046
0.013165
0.013035
0.012079
0.011874
0.012626
0.014047
0.015005
0.014726
0.014802
0.012938
0.012021
0.011218
0.011728
0.012543
0.012442
0.013648
0.014369
0.013780
0.013177
0.011837
0.011199
0.011804
0.011578
0.012909
0.013604
0.014016
0.011840
0.010735
0.011071
0.011320
0.011601
0.010251
0.009258
0.007678
0.005371
0.003440
0.003764
0.001593
0.000685
-0.000380
-0.001808
-0.002882
-0.003369
-0.003444
-0.005072
-0.004709
-0.004649
-0.005194
-0.007114
-0.009017
-0.010619
-0.011657
-0.013094
-0.014258
-0.016159
-0.019064
-0.019822
-0.020253
-0.020175
-0.022678
-0.025293
-0.025544
-0.026143
-0.025811
-0.027632
-0.029879
-0.032419
-0.034786
-0.035381
-0.035874
-0.036914
-0.038781
-0.038629
-0.039511
-0.041021
-0.040945
-0.041338
-0.042078
-0.043493
-0.045441
-0.046636
-0.046690
-0.047735
-0.049565
-0.050837
-0.050991
-0.049608
-0.049079
-0.050390
-0.052480
-0.053379
-0.053132
-0.053239
-0.053661
-0.055264
-0.055014
-0.054512
-0.054902
-0.055520
-0.057577
-0.059313
-0.061237
-0.061352
-0.061431
-0.060436
-0.058685
-0.057957
-0.056350
-0.056745
-0.057636
-0.056733
-0.056474
-0.056247
-0.055022
-0.054363
-0.055647
-0.056533
-0.056844
-0.056165
-0.054099
-0.053703
-0.052336
-0.051974
-0.052220
-0.053221
-0.055388
-0.055752
-0.055059
-0.053343
-0.051868
-0.049518
-0.049491
-0.049900
-0.049792
-0.049614
-0.046692
-0.044299
-0.043679
-0.044313
-0.045040
-0.043850
-0.042517
-0.041383
-0.040142
-0.040816
-0.040847
-0.041472
-0.040503
-0.039252
-0.039324
-0.040227
-0.040187
-0.038388
-0.036105
-0.035506
-0.037229
-0.036889
-0.035609
-0.034224
-0.034545
-0.035167
-0.035717
-0.035704
-0.035460
-0.036207
-0.035935
-0.035379
-0.034994
-0.034229
-0.034389
-0.033430
-0.032372
-0.031023
-0.029658
-0.029436
-0.028839
-0.028434
-0.027933
-0.028666
-0.029244
-0.028271
-0.025719
-0.023540
-0.022741
-0.023596
-0.024828
-0.023941
-0.021860
-0.019251
-0.017445
-0.016751
-0.016005
-0.015922
-0.014577
-0.014673
-0.014383
-0.012115
-0.009001
-0.005217
-0.003870
-0.001410
0.000801
0.001976
0.003735
0.004376
0.004468
0.005468
0.006157
0.007766
0.008959
0.011271
0.013186
0.014316
0.015695
0.017461
0.020201
0.022267
0.023691
0.023362
0.024065
0.024092
0.026486
0.029470
0.031268
0.031975
0.031663
0.031869
0.032021
0.033540
0.034064
0.034779
0.034069
0.032763
0.033118
0.035267
0.037495
0.038859
0.039122
0.039679
0.041780
0.042470
0.042727
0.042333
0.043879
0.044977
0.045589
0.047273
0.046097
0.044997
0.044597
0.045384
0.046567
0.047065
0.047622
0.049059
0.050874
0.051039
0.050763
0.050188
0.050085
0.050706
0.052783
0.054617
0.055525
0.056250
0.056423
0.055870
0.055936
0.056606
0.056041
0.055114
0.055255
0.055569
0.056928
0.056984
0.056155
0.055705
0.055162
0.057406
0.059460
0.059753
0.059514
0.059059
0.057564
0.057735
0.058801
0.060668
0.060901
0.060385
0.059350
0.057721
0.058830
0.059987
0.060016
0.060213
0.060291
0.059971
0.060284
0.059093
0.057818
0.056090
0.055014
0.054491
0.055181
0.056060
0.056942
0.056463
0.055000
0.055451
0.056206
0.056901
0.054959
0.053384
0.051746
0.052278
0.053081
0.053272
0.052852
0.050867
0.050302
0.050670
0.051722
0.051427
0.050339
0.049504
0.050417
0.049787
0.048254
0.048349
0.048276
0.048090
0.046522
0.044195
0.042667
0.041528
0.040786
0.040874
0.040675
0.039070
0.038178
0.037034
