-0.011387
-0.011925
-0.013439
-0.015137
-0.015353
-0.014706
-0.012727
-0.013296
-0.013394
-0.012900
-0.013569
-0.013755
-0.014172
-0.013154
-0.012475
-0.012470
-0.013248
-0.013123
-0.012007
-0.011256
-0.010558
-0.009581
-0.009747
-0.009106
-0.007012
-0.007374
-0.007591
-0.007649
-0.007308
-0.007056
-0.007115
-0.007431
-0.007857
-0.005975
-0.004682
-0.005048
-0.005826
-0.006667
-0.006297
-0.004750
-0.004457
-0.004891
-0.005830
-0.005098
-0.003655
-0.002934
-0.002234
-0.003318
-0.004321
-0.003977
-0.002709
-0.001882
-0.001967
-0.001892
-0.002495
-0.002160
-0.001516
-0.001250
-0.001818
-0.003185
-0.003645
-0.003761
-0.001973
-0.002034
-0.002548
-0.003289
-0.003818
-0.004154
-0.004972
-0.003049
-0.002945
-0.002967
-0.003195
-0.003684
-0.003406
-0.004274
-0.004576
-0.005159
-0.005830
-0.006146
-0.006270
-0.005535
-0.005956
-0.006936
-0.006867
-0.006993
-0.006347
-0.005650
-0.004864
-0.004070
-0.003906
-0.004415
-0.004599
-0.005231
-0.005342
-0.004442
-0.004262
-0.003044
-0.003110
-0.002671
-0.002536
-0.002461
-0.001923
-0.001870
-0.001471
-0.001595
-0.001656
-0.001996
-0.001196
-0.000854
-0.000596
-0.000776
-0.000740
-0.000505
0.000236
0.001725
0.001534
0.002068
0.003711
0.004456
0.005618
0.005973
0.005641
0.005896
0.005508
0.007313
0.007935
0.008923
0.010215
0.010502
0.011061
0.011209
0.011455
0.011132
0.011555
0.012306
0.012859
0.013831
0.014103
0.014700
0.015849
0.015397
0.015737
0.015793
0.016623
0.016095
0.016282
0.018027
0.017778
0.017414
0.017113
0.016650
0.017000
0.018826
0.019164
0.019435
0.019948
0.020253
0.021609
0.022140
0.021459
0.020877
0.020732
0.021132
0.020564
0.020476
0.021039
0.020252
0.020145
0.019352
0.019216
0.019165
0.018557
0.017980
0.016040
0.015819
0.015903
0.016514
0.016550
0.015383
0.014945
0.014889
0.013912
0.012977
0.012822
0.011897
0.010127
0.008886
0.009415
0.009525
0.009895
0.009026
0.007725
0.006605
0.005849
0.005092
0.004589
0.004190
0.003306
0.003440
0.002926
0.002965
0.002298
0.002021
0.001399
0.002009
0.002649
0.004270
0.005417
0.004329
0.004539
0.004484
0.005975
0.006392
0.007142
0.006988
0.007479
0.008345
0.009351
0.012350
0.012652
0.012703
0.011925
0.012485
0.014388
0.015205
0.017255
0.019305
0.021439
0.023367
0.023192
0.021962
0.021031
0.021110
0.022633
0.024123
0.023885
0.024108
0.025027
0.024684
0.024143
0.024105
0.025550
0.026453
0.026240
0.024586
0.023198
0.023865
0.024975
0.025605
0.024924
0.023321
0.020889
0.019107
0.018377
0.019246
0.020295
0.018383
0.015147
0.012230
0.010965
0.012375
0.013484
0.010492
0.006645
0.002376
0.000275
0.002102
0.002539
0.003082
0.001532
-0.001224
-0.004862
-0.006686
-0.007230
-0.008832
-0.010653
-0.011892
-0.012771
-0.013624
-0.014169
-0.013631
-0.015105
-0.017518
-0.018738
-0.019748
-0.020460
-0.023250
-0.023066
-0.024363
-0.022588
-0.024664
-0.022245
-0.024654
-0.023340
-0.027152
-0.031026
-0.031484
-0.043636
-0.041588
-0.042959
-0.034826
-0.034187
-0.027156
-0.020098
-0.035557
-0.053565
-0.070026
-0.067363
-0.051221
-0.038537
-0.025520
-0.014983
-0.021915
-0.045306
-0.068399
-0.073576
-0.061406
-0.039901
-0.028016
-0.033431
-0.045614
-0.047688
-0.041303
-0.040912
-0.041211
-0.037758
-0.034338
-0.039154
-0.048735
-0.048546
-0.034000
-0.017262
-0.017859
-0.033112
-0.042551
-0.032187
-0.015280
-0.008638
-0.012278
-0.017142
-0.014704
-0.005457
0.000821
-0.001419
-0.006369
-0.005102
0.002210
0.006170
0.006326
0.006699
0.014326
0.027601
0.036852
0.035144
0.025744
0.018931
0.022677
0.032286
0.039787
0.039310
0.029251
0.028446
0.035782
0.042613
0.044042
0.040755
0.043859
0.046169
0.048628
0.054558
0.056871
0.049869
0.041091
0.040520
0.042544
0.040110
0.035272
0.034279
0.035683
0.033843
0.029616
0.027700
0.029457
0.033211
0.034044
0.031686
0.023006
0.012386
0.006750
0.004924
-0.000499
-0.011184
-0.015523
-0.013377
-0.009859
-0.011055
-0.014533
-0.018525
-0.028114
-0.036292
-0.039257
-0.042574
-0.048658
-0.050975
-0.049046
-0.055277
-0.073978
-0.090695
-0.089343
-0.076309
-0.069168
-0.077597
-0.094977
-0.105842
-0.102735
-0.091825
-0.086433
-0.097339
-0.113632
-0.122464
-0.119393
-0.110993
-0.107803
-0.108350
-0.115396
-0.121748
-0.124295
-0.116545
-0.101952
-0.093649
-0.098904
-0.114419
-0.119167
-0.106601
-0.086747
-0.077715
-0.087789
-0.102690
-0.103391
-0.086570
-0.066669
-0.060932
-0.067632
-0.074938
-0.071237
-0.058638
-0.046559
-0.041703
-0.044810
-0.045374
-0.038914
-0.027319
-0.018846
-0.019635
-0.022635
-0.020626
-0.014625
-0.005464
0.001530
0.005846
0.008731
0.012461
0.018058
0.021604
0.025862
0.030070
0.034958
0.033334
0.031623
0.037499
0.047288
0.058310
0.062169
0.062196
0.058157
0.054423
0.054880
0.065660
0.083219
0.091653
0.085423
0.069169
0.061400
0.071950
0.092319
0.106078
0.103195
0.087393
0.073841
0.072467
0.084425
0.100641
0.109333
0.102884
0.082048
0.059480
0.054040
0.071484
0.093169
0.096477
0.070442
0.036576
0.022614
0.037746
0.063958
0.071366
0.052680
0.020437
0.000726
0.009291
0.032988
0.047143
0.038533
0.013188
-0.007445
-0.007737
0.009458
0.026251
0.025902
0.006665
-0.012601
-0.013729
0.001573
0.016218
0.016169
0.000587
-0.015430
-0.016393
-0.003955
0.009420
0.009957
0.000028
-0.010117
-0.009993
-0.002767
0.005081
0.007177
0.001668
-0.006000
-0.010181
-0.005279
0.002399
0.005055
0.001094
-0.004183
-0.008413
-0.006611
-0.002375
0.001043
0.002232
-0.001750
-0.003140
-0.003280
-0.001562
0.000848
-0.000246
-0.004526
-0.008587
-0.009619
-0.006847
-0.003980
-0.003889
-0.006696
-0.012519
-0.016717
-0.018838
-0.018391
-0.019330
-0.023208
-0.028180
-0.032115
-0.032455
-0.028775
-0.025700
-0.025122
-0.024776
-0.024614
-0.022081
-0.017979
-0.012064
-0.009390
-0.007993
-0.006674
-0.004914
-0.001834
0.000420
0.002961
0.004080
0.002940
0.002680
0.005057
0.006231
0.008522
0.010141
0.009340
0.007594
0.006092
0.005429
0.004109
0.002763
0.001731
0.000622
0.000011
-0.000153
0.000591
-0.000745
-0.002056
-0.002201
-0.001598
0.000237
0.000718
0.001782
0.001786
0.000600
0.000993
0.004130
0.006530
0.008505
0.010583
0.011135
0.012915
0.016039
0.020684
0.026340
0.031789
0.035975
0.038032
0.042653
0.047870
0.051075
0.052067
0.050667
0.050082
0.051723
0.055257
0.058129
0.060235
0.060071
0.058964
0.058162
0.058393
0.061916
0.065420
0.066593
0.069763
0.074548
0.079509
0.086481
0.093016
0.097915
0.102417
0.108101
0.114675
0.121384
0.127020
0.132834
0.140772
0.147772
0.154802
0.161322
0.165589
0.169979
0.174660
0.179594
0.184192
0.186710
0.190268
0.195266
0.199270
0.201196
0.199569
0.198345
0.200512
0.202660
0.203577
0.202759
0.200782
0.199467
0.198405
0.197700
0.196902
0.195215
0.191342
0.185898
0.180131
0.173883
0.166910
0.161447
0.153564
0.144377
0.135510
0.125069
0.113447
0.100770
0.088469
0.075895
0.064703
0.051757
0.038635
0.026485
0.012827
-0.000202
-0.015221
-0.030468
-0.045872
-0.059844
-0.071787
-0.084959
-0.094695
-0.104396
-0.117245
-0.128000
-0.137428
-0.146404
-0.153297
-0.160578
-0.166935
-0.172978
-0.177423
-0.181565
-0.185791
-0.191444
-0.198552
-0.203451
-0.208750
-0.212323
-0.215925
-0.221382
-0.226079
-0.229789
-0.233457
-0.238553
-0.244115
-0.247921
-0.251958
-0.254922
-0.258342
-0.261906
-0.265539
-0.267790
-0.268183
-0.269906
-0.272850
-0.274365
-0.270646
-0.265908
-0.261912
-0.258645
-0.251903
-0.243795
-0.234638
-0.223782
-0.213512
-0.200297
-0.185346
-0.168760
-0.150215
-0.130174
-0.110229
-0.090762
-0.071978
-0.051830
-0.030817
-0.010043
0.010817
0.030561
0.049956
0.068071
0.085816
0.104067
0.124168
0.144704
0.162482
0.178381
0.192506
0.207201
0.224206
0.238822
0.250703
0.261616
0.272559
0.284922
0.297159
0.306259
0.310708
0.311531
0.307724
0.301815
0.295362
0.289227
0.280702
0.268680
0.253888
0.238512
0.225421
0.210639
0.194912
0.178206
0.160670
0.144045
0.126491
0.107381
0.088047
0.067870
0.047697
0.028772
0.012162
-0.004810
-0.022941
-0.041468
-0.058590
-0.074969
-0.089980
-0.104549
-0.120954
-0.136003
-0.150922
-0.165057
-0.178094
-0.192086
-0.206145
-0.218544
-0.231380
-0.243909
-0.255953
-0.266373
-0.277571
-0.287269
-0.296772
-0.305845
-0.312767
-0.320285
-0.327513
-0.334448
-0.338521
-0.342843
-0.348141
-0.354349
-0.358082
-0.357978
-0.356247
-0.354637
-0.354329
-0.354439
-0.351976
-0.347192
-0.342330
-0.335956
-0.330359
-0.323781
-0.313874
-0.304022
-0.295225
-0.286174
-0.276513
-0.265998
-0.254672
-0.243087
-0.230821
-0.218070
-0.204462
-0.191968
-0.179108
-0.164418
-0.148167
-0.130515
-0.113039
-0.094695
-0.076793
-0.056041
-0.034870
-0.013184
0.007071
0.026282
0.048180
0.068343
0.088383
0.106987
0.125220
0.141821
0.158868
0.176932
0.193670
0.207476
0.219150
0.230777
0.241433
0.252961
0.263191
0.272562
0.281271
0.289095
0.296022
0.300013
0.303213
0.306421
0.308165
0.309031
0.308224
0.306264
0.303916
0.301388
0.297202
0.292347
0.285253
0.279034
0.274805
0.271102
0.269119
0.265657
0.261862
0.257574
0.254913
0.253957
0.251027
0.247705
0.242978
0.237658
0.233452
0.227681
0.221943
0.214356
0.202703
0.188822
0.174993
0.161036
0.146918
0.130900
0.112336
0.092960
0.073943
0.054827
0.034286
0.014230
-0.005125
-0.025973
-0.047565
-0.068317
-0.088502
-0.110711
-0.133056
-0.155494
-0.178487
-0.199765
-0.222454
-0.243467
-0.264062
-0.281796
-0.296863
-0.310139
-0.321450
-0.332931
-0.340649
-0.345842
-0.347833
-0.347402
-0.344221
-0.337430
-0.329592
-0.320484
-0.307738
-0.293392
-0.277153
-0.259464
-0.241465
-0.223598
-0.207520
-0.191791
-0.176362
-0.159860
-0.142145
-0.128058
-0.116411
-0.106211
-0.097126
-0.085876
-0.075133
-0.066842
-0.059448
-0.051600
-0.044121
-0.035079
-0.026458
-0.017581
-0.006954
0.003654
0.014339
0.025754
0.037721
0.049900
0.063831
0.079618
0.096269
0.113957
0.132403
0.151352
0.172462
0.193886
0.216192
0.238867
0.261761
0.283246
0.303851
0.323746
0.344441
0.366361
0.388812
0.411355
0.430590
0.448087
0.463914
0.480748
0.495762
0.508187
0.516841
0.525169
0.533336
0.539166
0.544832
0.546327
0.545903
0.543708
0.541120
0.536966
0.531639
0.524808
0.516708
0.508271
0.497533
0.486304
0.474341
0.460915
0.445947
0.429191
0.412030
0.395220
0.377276
0.359914
0.342235
0.324883
0.309197
0.294502
0.277282
0.257332
0.234933
0.211871
0.187781
0.161572
0.137511
0.113181
0.089789
0.063739
0.034757
0.006153
-0.021946
-0.048287
-0.074271
-0.101871
-0.131394
-0.162385
-0.192898
-0.222216
-0.250128
-0.275522
-0.301873
-0.328932
-0.355956
-0.382178
-0.401132
-0.416748
-0.441828
-0.467349
-0.479585
-0.489624
-0.512720
-0.530664
-0.538256
-0.555000
-0.576933
-0.588567
-0.592010
-0.606067
-0.620337
-0.623115
-0.625604
-0.636069
-0.641512
-0.636948
-0.638100
-0.642451
-0.642013
-0.637168
-0.636949
-0.638022
-0.636637
-0.634423
-0.631772
-0.629748
-0.632063
-0.631787
-0.626394
-0.630628
-0.641062
-0.643947
-0.640572
-0.658809
-0.672339
-0.669456
-0.672319
-0.672305
-0.670072
-0.668230
-0.664692
-0.659363
-0.654362
-0.645397
-0.635591
-0.622241
-0.606271
-0.591395
-0.574863
-0.557158
-0.539779
-0.518781
-0.496589
-0.471216
-0.442051
-0.410224
-0.377036
-0.345608
-0.311984
-0.278517
-0.241533
-0.203095
-0.165688
-0.126063
-0.085337
-0.045529
-0.006490
0.029992
0.064677
0.099856
0.135432
0.171597
0.204231
0.236988
0.272133
0.304660
0.337418
0.367324
0.394170
0.421675
0.446310
0.467514
0.490239
0.517162
0.537351
0.549790
0.565872
0.584505
0.594372
0.599875
0.608971
0.614118
0.614862
0.617591
0.624855
0.627807
0.624695
0.623205
0.621454
0.617605
0.613420
0.611562
0.609505
0.607187
0.605287
0.604553
0.601096
0.594731
0.591656
0.590078
0.587266
0.585235
0.584599
0.581364
0.578854
0.574260
0.571615
0.568988
0.564400
0.561257
0.559393
0.559881
0.561526
0.565651
0.570306
0.575722
0.580559
0.585924
0.588131
0.587818
0.586864
0.584939
0.583260
0.583349
0.581302
0.576709
0.575140
0.572026
0.565210
0.566449
0.576437
0.582742
0.581221
0.595133
0.619932
0.628497
0.637203
0.643411
0.646078
0.648058
0.648516
0.650229
0.648341
0.644929
0.639225
0.631397
0.620311
0.605954
0.589274
0.571693
0.552255
0.529365
0.505649
0.478901
0.451587
0.422522
0.390225
0.354167
0.316180
0.278184
0.238780
0.199937
0.160417
0.121939
0.084446
0.049674
0.015439
-0.016973
-0.049060
-0.080944
-0.115168
-0.150281
-0.183749
-0.216057
-0.243210
-0.272302
-0.305788
-0.335223
-0.356149
-0.384226
-0.415709
-0.434128
-0.451837
-0.481738
-0.505924
-0.513824
-0.529867
-0.557656
-0.573186
-0.576807
-0.592349
-0.612710
-0.614827
-0.615997
-0.629166
-0.637335
-0.630498
-0.628064
-0.635940
-0.633507
-0.625778
-0.623219
-0.623859
-0.618187
-0.613853
-0.616049
-0.616561
-0.616140
-0.618286
-0.624037
-0.627041
-0.628882
-0.631628
-0.635218
-0.635433
-0.632460
-0.625398
-0.616447
-0.608416
-0.600358
-0.594227
-0.588782
-0.585846
-0.579154
-0.571954
-0.573789
-0.580878
-0.579577
-0.581199
-0.599335
-0.614036
-0.611596
-0.627523
-0.661223
-0.674426
-0.665706
-0.700130
-0.743553
-0.736558
-0.736231
-0.732446
-0.727971
-0.720845
-0.710331
-0.698879
-0.682196
-0.663669
-0.638030
-0.610582
-0.577552
-0.545199
-0.506137
-0.464806
-0.417186
-0.370412
-0.331292
-0.277171
-0.219128
-0.160822
-0.103107
-0.048339
0.008261
0.060239
0.112345
0.168809
0.221492
0.263279
0.309543
0.361893
0.396606
0.421662
0.462885
0.504059
0.521977
0.541925
0.577900
0.603114
0.608611
0.626739
0.652839
0.664557
0.670851
0.686154
0.702804
0.714120
0.727769
0.737218
0.748542
0.765941
0.775396
0.767789
0.780556
0.803355
0.801744
0.787151
0.818400
0.836282
0.810981
0.800431
0.780669
0.762833
0.738953
0.714947
0.691286
0.666568
0.640773
0.611343
0.581706
0.548744
0.514677
0.478590
0.440045
0.399977
0.358584
0.315243
0.271432
0.229335
0.187158
0.144662
0.102581
0.061439
0.022311
-0.017352
-0.050782
-0.082315
-0.111446
-0.137026
-0.160788
-0.184114
-0.207438
-0.230935
-0.254219
-0.276880
-0.296338
-0.312576
-0.327902
-0.342850
-0.358616
-0.374588
-0.389348
-0.402468
-0.414861
-0.422374
-0.428503
-0.431435
-0.432819
-0.433437
-0.434299
-0.436019
-0.437367
-0.439247
-0.439372
-0.438443
-0.436737
-0.435053
-0.433877
-0.429746
-0.421026
-0.411858
-0.399791
-0.388198
-0.377899
-0.367661
-0.355099
-0.340747
-0.325055
-0.308552
-0.293237
-0.277020
-0.260476
-0.244239
-0.226879
-0.209472
-0.192837
-0.173898
-0.154459
-0.132298
-0.108863
-0.086012
-0.063055
-0.040375
-0.017128
0.008152
0.032466
0.055286
0.078155
0.100653
0.121967
0.142173
0.160489
0.178080
0.193206
0.204856
0.216961
0.228531
0.240207
0.251367
0.262161
0.269823
0.276689
0.281899
0.284677
0.287611
0.288720
0.289876
0.290281
0.290251
0.288059
0.284833
0.282086
0.277829
0.271658
0.261607
0.250373
0.240186
0.230248
0.219942
0.207616
0.193765
0.177736
0.159871
0.141901
0.121483
0.101640
0.080271
0.057890
0.036174
0.012946
-0.011150
-0.035443
-0.061523
-0.086455
-0.112794
-0.138309
-0.163765
-0.200076
-0.227726
-0.251121
-0.279494
-0.308199
-0.334655
-0.359220
-0.381041
-0.402586
-0.429405
-0.450845
-0.467890
-0.488366
-0.515210
-0.537410
-0.556944
-0.578130
-0.599053
