-0.000202
0.005790
-0.007587
-0.022375
-0.019001
0.000394
0.015705
0.010267
-0.006838
-0.016808
-0.006322
0.016598
0.025958
0.014154
-0.003914
-0.006312
0.010469
0.027129
0.027011
0.012263
0.001585
0.006942
0.022252
0.028719
0.018332
0.002989
0.001525
0.016709
0.030629
0.029483
0.016466
0.007301
0.012791
0.024998
0.028040
0.019127
0.009402
0.009702
0.020237
0.031054
0.030697
0.021462
0.013852
0.017944
0.029146
0.034521
0.028583
0.016627
0.014307
0.023110
0.034247
0.035603
0.025511
0.016716
0.017041
0.025157
0.032116
0.029229
0.021277
0.018494
0.023805
0.032152
0.034186
0.030563
0.026548
0.030221
0.039230
0.043431
0.038776
0.032927
0.032288
0.035591
0.040590
0.040731
0.034966
0.029517
0.030591
0.036936
0.041404
0.039754
0.035321
0.033365
0.036826
0.041291
0.042308
0.039858
0.036963
0.037512
0.040898
0.043360
0.042024
0.038287
0.037139
0.037902
0.040012
0.040443
0.038157
0.034563
0.031657
0.032904
0.034530
0.033230
0.028486
0.025833
0.027373
0.030546
0.029784
0.025740
0.022785
0.023223
0.025201
0.026532
0.023969
0.020260
0.019353
0.018752
0.019282
0.018019
0.016267
0.014570
0.014017
0.013171
0.013588
0.014015
0.012607
0.010615
0.010253
0.012596
0.014437
0.015059
0.014167
0.015141
0.014724
0.012904
0.010910
0.010455
0.012657
0.015632
0.016361
0.014401
0.013206
0.012792
0.014435
0.017034
0.018457
0.019180
0.019515
0.020040
0.021282
0.023426
0.025052
0.024126
0.023300
0.022380
0.023949
0.027088
0.029390
0.028553
0.027365
0.028257
0.028841
0.029632
0.027152
0.025330
0.025080
0.027570
0.030250
0.030397
0.028878
0.026769
0.027602
0.029834
0.030059
0.027624
0.025370
0.025189
0.027487
0.028886
0.028978
0.027369
0.025573
0.024271
0.023082
0.023367
0.021035
0.017852
0.016177
0.015842
0.016804
0.014695
0.011583
0.008135
0.005568
0.007264
0.008776
0.007058
0.002842
0.000422
0.001013
0.001869
0.001831
-0.001403
-0.005732
-0.005255
-0.002621
-0.002103
-0.004676
-0.008515
-0.010160
-0.009636
-0.008075
-0.008177
-0.009042
-0.010755
-0.012636
-0.012963
-0.013562
-0.012742
-0.012608
-0.012689
-0.012230
-0.011142
-0.010972
-0.013228
-0.014667
-0.014941
-0.013478
-0.012235
-0.013996
-0.014495
-0.015361
-0.016962
-0.015952
-0.014607
-0.013090
-0.013295
-0.012282
-0.010919
-0.008398
-0.005860
-0.006349
-0.006817
-0.008001
-0.007529
-0.007181
-0.008030
-0.008277
-0.007790
-0.006446
-0.006957
-0.009898
-0.012898
-0.013153
-0.011916
-0.011787
-0.012813
-0.012946
-0.011696
-0.008836
-0.007342
-0.008883
-0.009287
-0.007549
-0.005918
-0.005497
-0.007207
-0.010233
-0.011779
-0.011557
-0.010142
-0.009581
-0.011006
-0.012239
-0.012221
-0.012719
-0.012365
-0.010833
-0.010437
-0.012239
-0.013662
-0.014106
-0.014395
-0.013709
-0.014042
-0.014742
-0.017667
-0.019674
-0.019664
-0.020460
-0.020159
-0.019677
-0.018384
-0.018931
-0.020137
-0.020861
-0.022123
-0.020931
-0.021262
-0.023495
-0.025828
-0.027374
-0.025808
-0.025272
-0.023753
-0.024927
-0.027921
-0.028126
-0.028687
-0.026486
-0.025837
-0.026003
-0.025968
-0.026609
-0.027741
-0.028744
-0.027829
-0.028767
-0.028628
-0.028764
-0.028361
-0.027362
-0.028274
-0.028781
-0.029168
-0.029024
-0.028856
-0.029057
-0.027949
-0.027551
-0.027535
-0.027421
-0.027250
-0.024166
-0.023248
-0.024408
-0.026742
-0.026971
-0.025536
-0.023134
-0.020173
-0.018986
-0.019382
-0.019212
-0.014799
-0.009416
-0.005869
-0.006343
-0.007327
-0.008066
-0.006584
-0.003979
-0.001639
0.000022
-0.002285
-0.004081
-0.002879
-0.001107
-0.001084
-0.000429
0.001398
0.003216
0.004309
0.004813
0.005246
0.002923
0.002145
0.003210
0.005852
0.007632
0.007494
0.006110
0.002531
0.001422
0.001735
0.002606
0.003713
0.004060
0.003974
0.004808
0.004723
0.003953
0.000994
-0.001416
-0.003669
-0.003509
-0.002395
-0.004279
-0.005113
-0.006887
-0.006875
-0.008805
-0.011469
-0.012951
-0.013574
-0.012311
-0.011791
-0.011488
-0.013648
-0.017853
-0.020883
-0.022356
-0.021886
-0.021038
-0.022433
-0.024328
-0.025457
-0.024719
-0.022888
-0.021917
-0.023404
-0.026083
-0.027813
-0.028321
-0.026427
-0.024546
-0.024720
-0.026829
-0.027719
-0.028105
-0.028424
-0.028725
-0.028179
-0.026831
-0.026335
-0.025464
-0.025451
-0.025860
-0.024839
-0.023479
-0.022170
-0.020097
-0.018458
-0.017196
-0.016847
-0.015523
-0.013972
-0.011521
-0.011195
-0.013016
-0.012795
-0.012372
-0.009573
-0.008339
-0.009082
-0.008444
-0.007826
-0.004607
0.000034
0.001707
0.000807
0.000170
0.000390
0.003554
0.007191
0.008510
0.007944
0.008332
0.009954
0.011057
0.011401
0.011210
0.011385
0.011476
0.013619
0.015208
0.015925
0.015928
0.015994
0.016224
0.018278
0.019216
0.018677
0.017869
0.017411
0.016547
0.015752
0.017159
0.018168
0.019317
0.018275
0.016958
0.017198
0.018136
0.016504
0.015984
0.015739
0.015493
0.016288
0.017536
0.017825
0.017674
0.017347
0.017921
0.019325
0.019217
0.017867
0.015792
0.017161
0.017812
0.019062
0.017102
0.014681
0.013696
0.012630
0.011255
0.009800
0.011032
0.011843
0.011238
0.008724
0.006233
0.004677
0.004728
0.005515
0.006734
0.006390
0.006011
0.004675
0.004595
0.005268
0.005172
0.004601
0.002753
0.002414
0.003353
0.006050
0.006885
0.006632
0.005218
0.004122
0.005078
0.006631
0.006835
0.006973
0.007091
0.008719
0.010868
0.011913
0.013488
0.011499
0.010411
0.011399
0.012612
0.013040
0.012333
0.009804
0.007880
0.008250
0.008486
0.008875
0.007565
0.005417
0.005118
0.006883
0.008982
0.010173
0.010660
0.009426
0.009629
0.010740
0.010887
0.013442
0.015366
0.016101
0.017300
0.017764
0.018126
0.017949
0.017977
0.018529
0.020506
0.023866
0.024426
0.024628
0.024744
0.024844
0.024795
0.024214
0.022596
0.022351
0.022889
0.023280
0.024127
0.022975
0.023936
0.023613
0.023734
0.023460
0.024391
0.026091
0.025915
0.025373
0.022936
0.021815
0.021268
0.020870
0.019368
0.018094
0.018081
0.017120
0.016432
0.017015
0.016947
0.015746
0.014988
0.015672
0.015093
0.013590
0.011522
0.011543
0.012573
0.013702
0.015681
0.014380
0.012578
0.010658
0.009847
0.010044
0.010151
0.008092
0.004961
0.003224
0.001805
0.002128
0.002426
0.002164
0.001459
0.000332
-0.000182
-0.001512
-0.002520
-0.002711
-0.002650
-0.001762
-0.000978
-0.001616
-0.003029
-0.003380
-0.004160
-0.004640
-0.007134
-0.009787
-0.011126
-0.011086
-0.008816
-0.006727
-0.006396
-0.007491
-0.007636
-0.008283
-0.007724
-0.006070
-0.004021
-0.002532
-0.002184
-0.002564
-0.002800
-0.003370
-0.004509
-0.005981
-0.007406
-0.007703
-0.006572
-0.005703
-0.004637
-0.003934
-0.006929
-0.008585
-0.008692
-0.008045
-0.009037
-0.009582
-0.009285
-0.009351
-0.008892
-0.008343
-0.008737
-0.011165
-0.011931
-0.013104
-0.012377
-0.010810
-0.010066
-0.009081
-0.009041
-0.009858
-0.010306
-0.010432
-0.008481
-0.007941
-0.008902
-0.008865
-0.008439
-0.008379
-0.007880
-0.006443
-0.007234
-0.007556
-0.007801
-0.007730
-0.007474
-0.007227
-0.008033
-0.008217
-0.008998
-0.008172
-0.007045
-0.007826
-0.007808
-0.007201
-0.006171
-0.007114
-0.007222
-0.005958
-0.003757
-0.002362
-0.002627
-0.004192
-0.005530
-0.005948
-0.006625
-0.007328
-0.008027
-0.006938
-0.006686
-0.008943
-0.010171
-0.012185
-0.014264
-0.015456
-0.015061
-0.013705
-0.014476
-0.016367
-0.017801
-0.017765
-0.017940
-0.017225
-0.017656
-0.016834
-0.016152
-0.016855
-0.016258
-0.017380
-0.017788
-0.018646
-0.018535
-0.018759
-0.020373
-0.021997
-0.023071
-0.022874
-0.022859
-0.023237
-0.024273
-0.024899
-0.025463
-0.024510
-0.023310
-0.023903
-0.025183
-0.026281
-0.025629
-0.024213
-0.022700
-0.021742
-0.021765
-0.021140
-0.021128
-0.019974
-0.018439
-0.018143
-0.017222
-0.014959
-0.013233
-0.012905
-0.014172
-0.016620
-0.017642
-0.015904
-0.014536
-0.013361
-0.012677
-0.013077
-0.011931
-0.010801
-0.010099
-0.009368
-0.006944
-0.006359
-0.005471
-0.003749
-0.001959
-0.002053
-0.002377
-0.002624
-0.003896
-0.004045
-0.004268
-0.003939
-0.005425
-0.004570
-0.006419
-0.006571
-0.004580
-0.002566
0.000091
0.000505
0.000182
0.000004
0.001619
0.000880
0.001940
0.002235
0.001253
0.000815
-0.000596
-0.001029
-0.001496
-0.002982
-0.002035
-0.001559
-0.002576
-0.001829
-0.001280
0.000465
0.000488
0.000633
0.002000
0.002400
0.002088
0.000114
-0.001128
-0.001401
-0.000064
0.000418
0.000320
-0.000644
-0.001980
-0.002589
-0.002757
-0.001689
-0.002565
-0.003745
-0.005536
-0.006539
-0.006039
-0.005214
-0.005919
-0.006849
-0.005629
-0.003350
-0.002481
-0.004159
-0.005859
-0.006986
-0.006559
-0.004218
-0.003528
-0.004689
-0.005652
-0.007017
-0.006231
-0.006008
-0.007697
-0.009231
-0.008850
-0.006901
-0.005525
-0.005674
-0.006841
-0.007371
-0.006426
-0.004422
-0.003463
-0.003888
-0.004862
-0.004656
-0.004225
-0.004053
-0.005167
-0.006283
-0.006323
-0.005651
-0.005375
-0.005969
-0.005107
-0.005108
-0.005969
-0.006037
-0.006982
-0.006993
-0.005812
-0.004200
-0.002115
0.001623
0.002823
0.003378
0.004370
0.003251
0.004047
0.003274
0.004489
0.006701
0.007730
0.008475
0.008776
0.009028
0.009430
0.009628
0.009498
0.010220
0.010479
0.011232
0.012927
0.013822
0.012548
0.011538
0.011702
0.013971
0.016161
0.016220
0.014098
0.014306
0.014268
0.014304
0.014501
0.012762
0.013327
0.014493
0.018378
0.018448
0.017491
0.015554
0.013730
0.013888
0.013919
0.014850
0.014709
0.015290
0.015377
0.016521
0.015055
0.014899
0.013822
0.012297
0.012320
0.011360
0.011679
0.010874
0.009514
0.008100
0.008237
0.008153
0.008632
0.008851
0.007821
0.007654
0.008828
0.008855
0.008730
0.008262
0.006191
0.004964
0.005164
0.006469
0.007161
0.006722
0.004646
0.001777
0.000464
0.000493
0.000532
0.000843
0.000538
0.000170
0.000225
0.002032
0.003243
0.004247
0.004533
0.004891
0.006281
0.008511
0.009965
0.008395
0.005343
0.002123
0.002478
0.003012
0.003639
0.003545
0.003496
0.004549
0.005863
0.006208
0.005025
0.003787
0.002198
0.001022
0.001437
0.003555
0.003442
0.003032
0.002717
0.002498
0.002585
0.001562
0.002032
0.002406
0.003661
0.004048
0.003610
0.003978
0.003993
0.005363
0.006224
0.008220
0.007862
0.006881
0.006420
0.007592
0.008706
0.007709
0.005127
0.002075
0.003723
0.004288
0.005102
0.003523
0.002518
0.003248
0.006279
0.009155
0.008683
0.006399
0.003129
0.003152
0.003473
0.004735
0.004994
0.005614
0.005965
0.006305
0.006601
0.006364
0.005800
0.004954
0.004801
0.005260
0.006129
0.006820
0.007107
0.005812
0.004236
0.001628
0.000419
0.001450
0.003050
0.002716
0.001185
-0.000171
-0.000851
-0.000565
-0.001173
-0.001611
-0.002467
-0.001877
-0.000977
-0.001263
-0.001748
-0.003576
-0.005120
-0.003815
-0.000995
0.000903
0.000236
-0.002002
-0.003168
-0.003224
-0.002869
-0.004392
-0.005467
-0.004968
-0.003446
-0.001426
-0.001304
-0.001660
-0.002637
-0.002746
-0.002942
-0.003149
-0.003136
-0.004428
-0.004799
-0.005196
-0.004358
-0.004474
-0.004806
-0.005571
-0.006593
-0.005137
-0.002550
0.000325
0.000267
-0.000037
-0.000462
0.001358
0.004032
0.004739
0.005079
0.002591
0.002601
0.004226
0.005909
0.006976
0.005314
0.005943
0.006998
0.007095
0.006759
0.005902
0.003219
0.002408
0.003683
0.004012
0.004741
0.003713
0.003665
0.003324
0.005038
0.005964
0.004483
0.002898
0.001501
0.002828
0.002613
0.002032
0.002896
0.004074
0.002392
-0.000068
-0.001808
-0.001491
0.000714
0.001329
0.000694
-0.000655
-0.000857
-0.001059
-0.001506
-0.002327
-0.002071
-0.001229
0.000493
-0.000361
-0.002790
-0.005154
-0.008620
-0.008928
-0.007879
-0.007251
-0.008217
-0.008334
-0.008428
-0.009748
-0.011940
-0.012956
-0.013106
-0.012656
-0.011888
-0.012752
-0.013862
-0.015970
-0.016144
-0.015804
-0.014695
-0.014232
-0.013420
-0.011926
-0.011985
-0.012397
-0.013474
-0.013285
-0.013792
-0.014171
-0.014554
-0.014203
-0.016445
-0.019097
-0.021075
-0.022742
-0.022868
-0.022709
-0.020661
-0.019836
-0.019057
-0.019989
-0.022094
-0.023191
-0.022754
-0.022768
-0.021941
-0.021388
-0.021659
-0.020724
-0.020889
-0.020366
-0.019462
-0.018484
-0.018110
-0.018096
-0.016701
-0.017356
-0.018896
-0.018556
-0.017172
-0.015677
-0.014136
-0.012444
-0.012353
-0.011797
-0.012529
-0.012593
-0.011107
-0.009610
-0.009315
-0.009606
-0.009647
-0.009630
-0.007794
-0.006360
-0.005285
-0.004425
-0.004321
-0.004723
-0.002626
-0.000784
-0.002255
-0.004588
-0.005090
-0.003116
-0.000653
-0.001476
-0.003650
-0.005392
-0.005101
-0.001096
0.001175
0.001260
-0.001884
-0.003230
-0.002061
0.000493
0.004119
0.005562
0.006205
0.003365
0.000988
0.001460
0.003091
0.004603
0.004634
0.002291
0.000368
0.001822
0.001965
0.001156
0.000066
-0.001031
-0.000365
0.000363
0.001800
0.003307
0.003391
0.004491
0.004824
0.005188
0.004069
0.002604
