0.054200
0.052633
0.049636
0.049194
0.052169
0.053691
0.053464
0.049167
0.043818
0.041267
0.039799
0.041650
0.041545
0.039404
0.034947
0.029941
0.027695
0.028098
0.028044
0.026158
0.024832
0.022293
0.021297
0.019829
0.018795
0.017563
0.011244
0.007140
0.002982
-0.004111
-0.012806
-0.019234
-0.016461
-0.008946
0.001251
0.011362
0.010394
-0.007775
-0.020999
-0.017155
-0.005639
-0.001181
-0.005463
-0.008814
-0.016742
-0.031559
-0.046074
-0.044614
-0.027939
-0.008146
-0.001863
-0.012649
-0.029102
-0.035007
-0.027594
-0.015716
-0.007258
-0.006403
-0.009882
-0.019531
-0.028224
-0.030843
-0.020719
-0.005127
0.001150
-0.007566
-0.021745
-0.024548
-0.014298
-0.002585
-0.002116
-0.009000
-0.007954
0.002180
0.011471
0.010720
0.000144
-0.005628
0.000935
0.013213
0.018164
0.014225
0.006595
0.004651
0.007169
0.009755
0.011658
0.014556
0.020742
0.026934
0.029481
0.025808
0.018879
0.017509
0.024816
0.032295
0.036067
0.032694
0.028031
0.025383
0.027840
0.034107
0.037881
0.036165
0.030096
0.025541
0.024974
0.029071
0.035528
0.037559
0.033923
0.029085
0.026754
0.028904
0.030307
0.030758
0.029446
0.028352
0.027077
0.024613
0.020382
0.016498
0.014489
0.015993
0.019563
0.021569
0.022052
0.018083
0.015974
0.015275
0.014712
0.013769
0.011590
0.009099
0.006171
0.006052
0.006063
0.005590
0.004685
0.001403
0.001333
0.004045
0.005965
0.004714
0.000831
-0.000475
0.000718
0.002459
0.001879
-0.000131
-0.002901
-0.005028
-0.003186
-0.001075
-0.001180
-0.003465
-0.005528
-0.007660
-0.007819
-0.007235
-0.008834
-0.008062
-0.006265
-0.002382
-0.000991
-0.001684
-0.003757
-0.006057
-0.005243
-0.002838
-0.000447
-0.000715
-0.001041
-0.001268
-0.000358
0.000564
-0.000283
-0.003851
-0.004161
-0.002614
-0.001252
0.001239
0.001880
0.002288
0.000921
-0.000544
0.000041
0.001492
0.002253
0.003064
0.004033
0.005974
0.005712
0.003882
0.001435
0.001068
0.002336
0.002724
0.003393
0.001009
0.000148
-0.000130
0.001461
0.003087
0.003217
0.002832
0.001260
-0.000177
-0.002398
-0.003068
-0.003174
-0.002781
-0.004380
-0.006827
-0.007605
-0.007361
-0.007245
-0.007687
-0.008998
-0.010987
-0.012695
-0.014627
-0.015343
-0.016204
-0.016208
-0.015935
-0.016863
-0.019125
-0.020929
-0.020855
-0.019395
-0.017873
-0.019796
-0.021634
-0.022996
-0.023613
-0.023711
-0.023784
-0.024350
-0.023787
-0.022809
-0.024902
-0.026672
-0.028963
-0.028583
-0.027811
-0.027082
-0.027127
-0.028179
-0.029481
-0.030902
-0.029342
-0.028539
-0.027197
-0.025581
-0.024600
-0.025433
-0.027505
-0.027822
-0.026256
-0.025094
-0.024876
-0.025661
-0.027245
-0.027349
-0.027173
-0.027266
-0.025501
-0.024222
-0.025384
-0.026588
-0.027628
-0.027570
-0.026743
-0.025365
-0.024536
-0.023887
-0.023436
-0.023563
-0.024107
-0.023243
-0.022703
-0.022487
-0.022220
-0.023395
-0.024314
-0.025791
-0.024321
-0.023636
-0.022858
-0.022541
-0.023280
-0.024343
-0.025260
-0.024854
-0.025743
-0.025199
-0.024386
-0.023528
-0.022693
-0.021929
-0.021992
-0.022919
-0.023923
-0.023646
-0.022311
-0.020807
-0.020514
-0.022706
-0.022984
-0.022647
-0.021683
-0.021570
-0.020919
-0.020956
-0.021393
-0.019624
-0.019587
-0.018562
-0.019234
-0.019438
-0.018993
-0.017366
-0.015422
-0.014522
-0.014913
-0.016386
-0.016611
-0.016438
-0.015436
-0.016080
-0.015724
-0.015072
-0.014601
-0.014343
-0.014177
-0.014835
-0.014693
-0.014663
-0.014952
-0.015137
-0.015071
-0.013173
-0.012819
-0.013356
-0.014263
-0.013751
-0.013160
-0.013775
-0.014417
-0.014902
-0.012887
-0.010773
-0.010748
-0.011209
-0.013128
-0.013188
-0.013046
-0.012662
-0.012366
-0.011355
-0.009316
-0.009311
-0.008267
-0.008136
-0.008928
-0.007708
-0.007566
-0.007812
-0.006007
-0.004225
-0.001362
0.000263
0.001421
0.001258
0.000908
-0.000144
-0.000020
0.001064
0.002565
0.004242
0.004452
0.005399
0.004946
0.006605
0.008061
0.010049
0.011438
0.012147
0.012458
0.012446
0.014021
0.015876
0.018434
0.019197
0.017659
0.017572
0.018275
0.019089
0.020966
0.021651
0.021543
0.021976
0.022967
0.022948
0.022408
0.022159
0.022518
0.022904
0.023345
0.023104
0.021498
0.021426
0.022256
0.022817
0.023764
0.022940
0.022079
0.021584
0.020951
0.021890
0.023072
0.022111
0.020441
0.020006
0.019038
0.018231
0.017320
0.015747
0.016300
0.017176
0.018430
0.018615
0.016065
0.014779
0.015204
0.016148
0.016996
0.016765
0.016789
0.016179
0.013877
0.014697
0.015290
0.014986
0.014078
0.013394
0.012546
0.011483
0.013068
0.014260
0.013449
0.015007
0.015730
0.015517
0.016037
0.014716
0.014295
0.012910
0.013560
0.014623
0.016433
0.017811
0.017084
0.015673
0.014914
0.014380
0.014405
0.016073
0.017869
0.019883
0.019128
0.017725
0.017158
0.016041
0.015708
0.015873
0.016293
0.016606
0.017435
0.018604
0.018722
0.019533
0.019416
0.018520
0.017023
0.016198
0.017082
0.017557
0.018062
0.019208
0.018530
0.016949
0.015536
0.015458
0.016353
0.015808
0.017215
0.018937
0.018761
0.018856
0.019307
0.020106
0.021788
0.021192
0.020307
0.020251
0.021800
0.023096
0.022939
0.022899
0.021633
0.021944
0.022177
0.021780
0.020908
0.020511
0.020397
0.020797
0.022031
0.022772
0.022221
0.021825
0.020550
0.020374
0.022207
0.022290
0.022344
0.020074
0.019303
0.019128
0.018574
0.018544
0.017480
0.017261
0.016788
0.016331
0.017220
0.017523
0.016514
0.016722
0.016513
0.014866
0.013696
0.013846
0.014119
0.014368
0.013180
0.011652
0.009889
0.009049
0.007989
0.006392
0.005312
0.003798
0.002908
0.002337
0.003000
0.003140
0.002460
0.001522
0.001714
0.000123
0.000337
0.002301
0.002228
0.001402
-0.002121
-0.003606
-0.003425
-0.003200
-0.003090
-0.003518
-0.004403
-0.005180
-0.005531
-0.005665
-0.004761
-0.004932
-0.005640
-0.005628
-0.005881
-0.005553
-0.005747
-0.005273
-0.004836
-0.005983
-0.005675
-0.005813
-0.006637
-0.006789
-0.006543
-0.005584
-0.005449
-0.006713
-0.007302
-0.008506
-0.009040
-0.008041
-0.008041
-0.008774
-0.008738
-0.008652
-0.008752
-0.008956
-0.007827
-0.007351
-0.007689
-0.007310
-0.009386
-0.009325
-0.009617
-0.010171
-0.009153
-0.008685
-0.007979
-0.008368
-0.007464
-0.007649
-0.009301
-0.011229
-0.012284
-0.012593
-0.012865
-0.011750
-0.010676
-0.010159
-0.010164
-0.010275
-0.010570
-0.010313
-0.011036
-0.012019
-0.013234
-0.013321
-0.013608
-0.013993
-0.012590
-0.013688
-0.014989
-0.016347
-0.019256
-0.020045
-0.019540
-0.018608
-0.016480
-0.016450
-0.016956
-0.018928
-0.020131
-0.019684
-0.018481
-0.016675
-0.016935
-0.018492
-0.019105
-0.017002
-0.016616
-0.017326
-0.018957
-0.021504
-0.021631
-0.021534
-0.021402
-0.020951
-0.021277
-0.022203
-0.023700
-0.023136
-0.022388
-0.021194
-0.021725
-0.023556
-0.023937
-0.024097
-0.023600
-0.024063
-0.024865
-0.024736
-0.023933
-0.023888
-0.024676
-0.026407
-0.026839
-0.026252
-0.025103
-0.025378
-0.028065
-0.028883
-0.028567
-0.027281
-0.026640
-0.027104
-0.027553
-0.028682
-0.029429
-0.030636
-0.031072
-0.030887
-0.030620
-0.029741
-0.030392
-0.030052
-0.028774
-0.029075
-0.029975
-0.029999
-0.028476
-0.026695
-0.025808
-0.026775
-0.028459
-0.029531
-0.029080
-0.028582
-0.027922
-0.026780
-0.025646
-0.024169
-0.023214
-0.023219
-0.024076
-0.025461
-0.025628
-0.024587
-0.023358
-0.022677
-0.023089
-0.024064
-0.025555
-0.024452
-0.022562
-0.020468
-0.018935
-0.019364
-0.017702
-0.015542
-0.013833
-0.013541
-0.013368
-0.012036
-0.010938
-0.009979
-0.010620
-0.009758
-0.008989
-0.007984
-0.006775
-0.005863
-0.006119
-0.006919
-0.006066
-0.006403
-0.004822
-0.003339
-0.002061
-0.000150
0.000228
0.000557
0.000494
-0.000204
-0.000938
-0.001324
-0.000337
0.001355
0.001984
0.000511
-0.001344
-0.001533
-0.000539
0.000223
0.000263
-0.000377
-0.001296
-0.000619
-0.000215
0.000881
0.000453
-0.001413
-0.001148
-0.000913
0.000441
0.001011
0.000429
0.000731
0.000051
-0.000399
-0.001361
-0.002152
-0.000869
0.000624
0.000195
-0.000850
-0.000018
-0.000643
-0.000427
-0.000514
-0.000265
-0.000615
-0.002550
-0.003599
-0.003596
-0.002007
-0.001436
-0.001469
-0.002501
-0.002626
-0.001890
-0.000261
0.001406
0.001822
0.000665
-0.000111
-0.001744
-0.001792
0.000302
0.001881
0.002094
0.000301
0.000443
0.001101
0.001598
0.001295
0.001681
0.003731
0.006590
0.007541
0.007993
0.007987
0.007222
0.006736
0.008188
0.009526
0.009437
0.010610
0.012590
0.013188
0.012391
0.012017
0.011159
0.011803
0.012395
0.013400
0.014575
0.014957
0.015266
0.015308
0.014392
0.013972
0.014035
0.014852
0.016994
0.017585
0.017633
0.017787
0.017687
0.018144
0.017725
0.017814
0.018248
0.018978
0.018644
0.017592
0.017308
0.018433
0.020598
0.021884
0.021867
0.020133
0.020459
0.020654
0.021341
0.021457
0.021158
0.020949
0.021278
0.022208
0.022695
0.022556
0.020026
0.018587
0.019662
0.020323
0.020459
0.020400
0.019843
0.021494
0.021237
0.021546
0.022710
0.022827
0.022551
0.021654
0.021368
0.021509
0.022391
0.023177
0.023216
0.023890
0.024136
0.023539
0.024148
0.024743
0.025175
0.024491
0.024962
0.025932
0.025847
0.024709
0.022761
0.020593
0.020179
0.020690
0.020747
0.019776
0.019464
0.020516
0.021479
0.022382
0.023231
0.022892
0.019992
0.018391
0.018238
0.018322
0.018455
0.018441
0.018331
0.019626
0.018975
0.016901
0.016734
0.016280
0.017162
0.016800
0.013987
0.013974
0.015867
0.017320
0.017394
0.016948
0.016237
0.016057
0.016025
0.016211
0.016940
0.016918
0.016725
0.015195
0.014463
0.014466
0.014495
0.014320
0.013158
0.013271
0.014189
0.014926
0.015930
0.016145
0.014820
0.013922
0.013274
0.014116
0.015269
0.014400
0.013395
0.012759
0.012316
0.012532
0.014229
0.014775
0.015211
0.014414
0.013629
0.012405
0.010936
0.011104
0.010191
0.009939
0.010083
0.010158
0.010382
0.010194
0.010001
0.010504
0.010303
0.008904
0.007982
0.008297
0.007570
0.007024
0.007116
0.005759
0.003903
0.003102
0.004377
0.003903
0.001787
-0.000443
-0.001008
-0.000812
-0.003412
-0.004922
-0.007506
-0.008311
-0.008442
-0.008012
-0.007005
-0.008594
-0.008852
-0.009264
-0.010219
-0.010547
-0.010009
-0.010502
-0.011042
-0.012110
-0.013546
-0.014627
-0.015738
-0.017333
-0.017012
-0.014824
-0.013471
-0.014934
-0.016256
-0.015842
-0.015768
-0.016272
-0.018219
-0.019088
-0.019316
-0.019556
-0.018952
-0.018052
-0.018137
-0.019986
-0.021278
-0.020980
-0.020747
-0.019633
-0.020943
-0.022359
-0.023241
-0.023063
-0.022569
-0.021973
-0.021045
-0.020616
-0.020508
-0.022997
-0.023898
-0.023824
-0.022571
-0.021525
-0.021666
-0.021473
-0.021505
-0.021937
-0.020627
-0.020391
-0.021213
-0.021530
-0.021639
-0.020380
-0.019788
-0.020432
-0.020967
-0.020178
-0.020006
-0.020079
-0.020380
-0.021380
-0.022098
-0.021535
-0.021000
-0.020613
-0.021588
-0.022043
-0.021329
-0.020807
-0.018759
-0.017731
-0.018292
-0.018911
-0.018081
-0.017511
-0.017703
-0.018633
-0.018595
-0.017524
-0.016620
-0.018176
-0.020143
-0.020119
-0.021531
-0.021723
-0.022102
-0.021697
-0.018946
-0.018344
-0.018996
-0.019724
-0.020510
-0.021823
-0.022714
-0.021557
-0.021457
-0.021432
-0.022486
-0.022103
-0.022174
-0.024386
-0.025449
-0.027275
-0.026814
-0.026546
-0.025127
-0.023796
-0.024106
-0.024177
-0.024390
-0.024857
-0.025674
-0.026079
-0.026638
-0.026351
-0.026546
-0.025380
-0.025434
-0.025585
-0.026164
-0.027766
-0.027411
-0.027959
-0.026788
-0.025082
-0.023790
-0.022604
-0.022342
-0.021550
-0.020517
-0.020421
-0.020778
-0.020740
-0.020249
-0.020294
-0.019125
-0.017488
-0.016908
-0.016334
-0.016273
-0.015733
-0.015231
-0.015057
-0.014903
-0.013261
-0.012820
-0.011953
-0.011386
-0.011604
-0.010700
-0.010259
-0.009068
-0.008259
-0.007311
-0.007375
-0.007227
-0.006925
-0.006173
-0.004496
-0.003579
-0.003161
-0.003516
-0.004392
-0.004313
-0.004183
-0.003812
-0.002294
-0.001412
-0.000534
0.000001
0.000446
-0.000148
-0.000984
-0.000351
0.000357
0.001642
0.001197
-0.000041
0.000341
-0.000908
-0.001151
-0.002511
-0.003163
-0.002512
-0.002547
-0.000705
-0.001116
-0.001444
-0.001565
-0.001462
-0.001518
-0.000623
0.000254
-0.000330
0.000179
0.000326
0.002243
0.003909
0.002921
0.001727
0.001212
0.002795
0.003268
0.003659
0.003000
0.002605
0.002556
0.001673
0.002260
0.002240
0.003370
0.003736
0.003536
0.001953
0.002853
0.003976
0.004549
0.003368
0.001561
0.002649
0.003387
0.005268
0.004820
0.003963
0.001926
0.001788
0.002431
0.002555
0.003907
0.003359
0.004818
0.004048
0.003221
0.002239
0.001779
0.003581
0.004105
0.004556
0.004909
0.005141
0.004993
0.004454
0.003994
0.005510
0.006511
0.007471
0.007125
0.005746
0.004342
0.004305
0.005226
0.006097
0.006847
0.006925
0.007866
0.008356
0.009390
0.009473
0.009558
0.010028
0.010824
0.012750
0.012813
0.014267
0.014830
0.015138
0.016459
0.015591
