-0.037833
-0.028484
-0.029501
-0.040522
-0.057281
-0.062487
-0.043983
-0.032799
-0.022109
-0.011023
-0.004909
-0.030342
-0.081356
-0.104353
-0.091352
-0.065938
-0.052348
-0.043614
-0.022380
-0.018341
-0.036266
-0.038847
-0.018580
0.004807
0.012230
0.005977
-0.010487
-0.035938
-0.061190
-0.054426
-0.020524
0.017432
0.034181
0.025853
0.006621
-0.011897
-0.003999
0.022292
0.051594
0.061459
0.047560
0.027674
0.018983
0.034795
0.067217
0.093192
0.090728
0.061483
0.034659
0.045250
0.085463
0.120604
0.113797
0.074209
0.043227
0.051968
0.090513
0.119357
0.119654
0.098340
0.081077
0.077958
0.084860
0.089054
0.089488
0.085210
0.080095
0.074926
0.070277
0.068804
0.069444
0.071407
0.069630
0.061638
0.049104
0.040752
0.036230
0.033861
0.028421
0.022291
0.017791
0.015601
0.012631
0.005981
-0.000766
-0.006900
-0.008254
-0.009268
-0.015157
-0.027946
-0.041002
-0.041864
-0.036599
-0.035881
-0.047680
-0.066997
-0.078536
-0.078612
-0.071458
-0.067872
-0.072485
-0.082387
-0.088064
-0.085734
-0.084399
-0.089060
-0.097501
-0.101638
-0.093864
-0.083801
-0.082754
-0.091791
-0.103568
-0.102854
-0.092541
-0.083411
-0.087064
-0.099179
-0.104261
-0.093301
-0.075488
-0.068284
-0.073596
-0.082888
-0.080938
-0.070928
-0.061598
-0.060967
-0.066022
-0.065981
-0.056150
-0.043436
-0.038567
-0.041815
-0.045896
-0.042436
-0.030879
-0.018791
-0.016987
-0.023180
-0.029280
-0.024906
-0.012550
-0.003073
-0.003636
-0.009563
-0.010874
-0.003643
0.006793
0.009925
0.004020
-0.003773
-0.004272
0.000411
0.005496
0.004107
0.000369
-0.001239
0.002156
0.007237
0.007750
0.003217
-0.002068
-0.001063
0.002584
0.004417
-0.000977
-0.008560
-0.010659
-0.005082
0.001866
0.003152
-0.001580
-0.007787
-0.008619
-0.006074
-0.004261
-0.005528
-0.009746
-0.010974
-0.008956
-0.007433
-0.008786
-0.015104
-0.018291
-0.015337
-0.008509
-0.004890
-0.006416
-0.012026
-0.016038
-0.011448
-0.007011
-0.005862
-0.009521
-0.011460
-0.009758
-0.006028
-0.003805
-0.004706
-0.006765
-0.007281
-0.002794
0.001037
0.001358
-0.002514
-0.005144
-0.003788
0.001818
0.006379
0.006787
0.005483
0.002701
0.004426
0.008264
0.010659
0.010029
0.006533
0.005141
0.005886
0.008257
0.011072
0.012394
0.011927
0.010801
0.010379
0.010727
0.011193
0.012413
0.014085
0.016596
0.018522
0.018299
0.014682
0.012759
0.013186
0.013622
0.014397
0.014482
0.015109
0.014245
0.015045
0.016420
0.016435
0.015291
0.014936
0.017896
0.020979
0.022729
0.021907
0.018639
0.016096
0.015667
0.017301
0.018340
0.016803
0.016081
0.016227
0.018115
0.019738
0.018563
0.017570
0.017780
0.019172
0.019906
0.021663
0.023205
0.022270
0.021447
0.021803
0.023149
0.023660
0.023752
0.023715
0.023800
0.024113
0.024715
0.025595
0.024899
0.023601
0.023505
0.025138
0.027158
0.026739
0.023991
0.022310
0.023482
0.023460
0.022788
0.022361
0.022911
0.023284
0.022335
0.020926
0.020205
0.021270
0.022582
0.024711
0.023554
0.022384
0.021413
0.021645
0.022318
0.022158
0.021474
0.020070
0.019608
0.017204
0.017373
0.018857
0.018915
0.018126
0.016034
0.016437
0.018813
0.019524
0.018873
0.016356
0.013806
0.013001
0.012615
0.014216
0.015202
0.013646
0.014195
0.012124
0.010405
0.009102
0.009047
0.011468
0.011359
0.010993
0.009145
0.008776
0.007876
0.007055
0.006237
0.005379
0.004420
0.003926
0.004771
0.004434
0.003591
0.003469
0.003821
0.003953
0.003784
0.003283
0.002424
0.000511
0.000650
0.002011
0.003554
0.003121
0.001580
0.000281
-0.000562
0.000197
-0.000268
-0.001585
-0.001509
0.000450
0.002597
0.002844
0.002302
0.000715
-0.000706
0.000108
0.000237
0.001578
0.002424
0.003364
0.004270
0.002139
-0.000073
-0.001110
-0.000149
0.002340
0.004322
0.004620
0.003727
0.002435
0.002161
0.001941
0.003104
0.004121
0.005766
0.006731
0.006280
0.004481
0.003743
0.004587
0.003408
0.003615
0.002284
0.001696
0.003405
0.005469
0.007161
0.007683
0.006362
0.005253
0.004298
0.004512
0.003882
0.002968
0.004011
0.004628
0.005930
0.004884
0.002779
0.001996
0.001340
0.000757
0.000236
-0.001690
-0.002959
-0.002999
-0.003760
-0.004432
-0.004785
-0.004585
-0.005878
-0.007654
-0.009864
-0.012166
-0.012671
-0.015037
-0.016579
-0.016987
-0.017709
-0.019027
-0.018936
-0.018278
-0.019699
-0.021473
-0.022750
-0.023158
-0.022942
-0.022847
-0.023784
-0.023205
-0.023038
-0.022971
-0.023180
-0.024927
-0.026591
-0.026855
-0.026973
-0.025022
-0.023700
-0.024046
-0.022792
-0.022937
-0.022455
-0.023194
-0.021875
-0.021030
-0.019790
-0.018286
-0.019521
-0.018937
-0.020562
-0.021375
-0.021115
-0.021320
-0.022344
-0.024209
-0.023658
-0.021329
-0.019570
-0.020029
-0.021803
-0.022828
-0.023292
-0.023035
-0.021656
-0.021788
-0.023077
-0.022796
-0.021089
-0.019780
-0.019999
-0.021401
-0.021849
-0.021678
-0.021065
-0.020851
-0.021326
-0.021549
-0.021534
-0.021336
-0.022154
-0.023246
-0.024234
-0.023452
-0.022291
-0.020786
-0.019578
-0.021199
-0.021316
-0.020127
-0.017594
-0.015994
-0.014752
-0.013632
-0.014614
-0.014637
-0.014865
-0.013390
-0.010282
-0.009744
-0.010890
-0.010905
-0.009227
-0.006170
-0.004133
-0.004792
-0.005048
-0.004812
-0.003924
-0.002602
-0.003192
-0.003947
-0.006177
-0.007511
-0.007735
-0.006526
-0.005656
-0.004961
-0.003708
-0.002518
-0.000816
-0.001530
-0.003290
-0.005353
-0.007286
-0.007512
-0.006540
-0.007377
-0.007340
-0.007765
-0.007024
-0.005182
-0.005178
-0.005676
-0.007373
-0.010453
-0.012403
-0.013109
-0.011063
-0.008211
-0.007758
-0.007758
-0.008952
-0.011314
-0.013836
-0.014881
-0.014581
-0.012959
-0.012271
-0.012489
-0.013944
-0.015312
-0.015874
-0.015603
-0.015455
-0.016193
-0.015230
-0.013933
-0.012606
-0.011826
-0.011747
-0.010473
-0.010777
-0.010554
-0.009280
-0.009692
-0.009293
-0.010120
-0.009408
-0.007089
-0.004812
-0.002742
-0.002752
-0.003943
-0.004819
-0.004182
-0.002441
0.001756
0.003483
0.001908
0.000667
0.001799
0.003444
0.003207
0.003559
0.002739
0.003320
0.003868
0.004454
0.005715
0.006491
0.006764
0.006180
0.006145
0.005325
0.006033
0.006259
0.007797
0.008795
0.008795
0.011067
0.013403
0.014489
0.013882
0.014068
0.014908
0.015311
0.014562
0.013515
0.012674
0.014397
0.017391
0.018422
0.017705
0.015940
0.014466
0.014864
0.015640
0.016390
0.016059
0.015520
0.017599
0.019339
0.019947
0.019388
0.018791
0.019791
0.021460
0.021609
0.020932
0.020577
0.020789
0.021729
0.022886
0.022064
0.020517
0.019872
0.019351
0.020961
0.023133
0.023610
0.021623
0.019630
0.018270
0.018133
0.019340
0.019618
0.019280
0.016424
0.014545
0.014989
0.015038
0.013351
0.011127
0.009990
0.009629
0.010539
0.010518
0.012078
0.012083
0.012323
0.012504
0.012184
0.011799
0.010523
0.011088
0.010301
0.010602
0.009893
0.009398
0.008363
0.008502
0.009098
0.009464
0.008811
0.008419
0.007752
0.007274
0.009906
0.010886
0.012602
0.012976
0.012856
0.010945
0.009252
0.008729
0.008389
0.008747
0.008689
0.010571
0.011705
0.013881
0.014952
0.014919
0.014812
0.013617
0.013774
0.013712
0.016137
0.017403
0.018045
0.016833
0.016361
0.017862
0.019382
0.021094
0.020795
0.020693
0.019231
0.019295
0.019380
0.019752
0.018638
0.017026
0.016893
0.016129
0.014097
0.012347
0.012797
0.014790
0.016501
0.016120
0.015368
0.014614
0.014166
0.013467
0.012289
0.012194
0.012288
0.011198
0.011339
0.012295
0.012736
0.010130
0.008196
0.007967
0.007424
0.007598
0.007265
0.007040
0.004868
0.004252
0.003457
0.002075
0.002372
0.002119
0.002631
0.002267
0.000524
-0.002171
-0.003617
-0.002942
-0.001867
-0.001039
-0.001182
-0.002125
-0.003301
-0.005843
-0.007903
-0.009750
-0.009853
-0.008567
-0.007319
-0.007306
-0.009682
-0.010993
-0.013430
-0.012370
-0.012042
-0.012674
-0.013553
-0.013900
-0.012985
-0.013666
-0.012231
-0.012807
-0.013507
-0.014171
-0.013841
-0.014139
-0.015093
-0.017177
-0.018486
-0.019672
-0.020775
-0.019758
-0.019467
-0.019797
-0.021228
-0.021016
-0.021395
-0.021426
-0.021963
-0.020451
-0.020283
-0.021468
-0.021098
-0.020485
-0.019008
-0.018804
-0.018942
-0.019180
-0.017512
-0.017086
-0.017182
-0.017740
-0.018228
-0.019134
-0.019796
-0.019047
-0.019027
-0.017418
-0.015443
-0.014056
-0.012853
-0.012762
-0.012240
-0.011835
-0.012366
-0.010760
-0.008972
-0.008747
-0.009242
-0.010340
-0.010925
-0.010439
-0.009852
-0.008849
-0.008133
-0.007186
-0.008111
-0.009336
-0.009747
-0.009654
-0.008064
-0.007666
-0.006761
-0.007987
-0.008247
-0.006948
-0.006730
-0.005237
-0.005349
-0.006102
-0.006867
-0.006119
-0.005887
-0.007334
-0.007945
-0.010092
-0.010850
-0.010555
-0.011035
-0.011279
-0.011620
-0.012482
-0.013230
-0.013952
-0.014834
-0.015109
-0.015042
-0.014999
-0.015352
-0.015844
-0.016788
-0.017293
-0.018121
-0.018199
-0.018737
-0.018801
-0.018987
-0.019839
-0.019935
-0.021514
-0.022121
-0.022769
-0.023643
-0.024794
-0.025537
-0.026276
-0.025262
-0.023726
-0.024329
-0.024712
-0.024887
-0.024454
-0.022418
-0.021830
-0.022601
-0.023878
-0.025564
-0.024995
-0.024777
-0.024231
-0.024709
-0.026061
-0.027110
-0.027024
-0.026229
-0.023742
-0.022196
-0.023577
-0.023468
-0.022940
-0.021794
-0.022362
-0.023163
-0.023468
-0.023519
-0.023579
-0.022923
-0.021518
-0.019819
-0.018863
-0.018084
-0.017641
-0.017477
-0.015885
-0.015577
-0.013971
-0.013049
-0.012063
-0.011456
-0.011127
-0.010486
-0.010019
-0.008672
-0.007974
-0.007244
-0.006470
-0.004883
-0.003705
-0.003337
-0.002812
-0.002084
-0.001216
-0.000794
0.000591
0.002925
0.005110
0.006320
0.007501
0.008155
0.008628
0.008802
0.007940
0.007991
0.008664
0.009669
0.009390
0.009862
0.010693
0.011356
0.012281
0.012034
0.011009
0.010557
0.011425
0.013226
0.014880
0.015544
0.016034
0.015243
0.014507
0.012735
0.011768
0.011630
0.011775
0.012562
0.011143
0.009887
0.009671
0.009389
0.008820
0.007624
0.006127
0.005811
0.006168
0.006581
0.006435
0.005183
0.002862
0.002159
0.001812
0.002706
0.003276
0.001526
-0.000388
-0.000534
0.000534
-0.000489
-0.001730
-0.003604
-0.002328
-0.000735
0.000963
0.003410
0.003055
0.002823
0.002466
0.002782
0.003660
0.004481
0.005039
0.005772
0.007119
0.007958
0.008315
0.007785
0.006500
0.004982
0.006013
0.008761
0.010107
0.011586
0.012600
0.014838
0.016364
0.017030
0.018390
0.019640
0.020399
0.021846
0.024610
0.024904
0.024755
0.023555
0.022128
0.021781
0.022115
0.022774
0.024172
0.024815
0.026057
0.028820
0.029167
0.029252
0.029277
0.029271
0.029443
0.032094
0.033400
0.033615
0.032926
0.032579
0.033768
0.033562
0.033240
0.032220
0.031644
0.031053
0.032259
0.033337
0.032759
0.030345
0.028192
0.026411
0.026603
0.028803
0.029705
0.030157
0.030151
0.029940
0.029507
0.027706
0.025967
0.024707
0.023878
0.024052
0.024413
0.023983
0.020904
0.017292
0.015066
0.014166
0.013344
0.013730
0.013490
0.012653
0.011466
0.011129
0.011020
0.010670
0.010314
0.009734
0.010158
0.010270
0.009870
0.007022
0.005111
0.003681
0.002450
0.003115
0.002818
0.001377
-0.000136
-0.001930
-0.003465
-0.004277
-0.004231
-0.005446
-0.006674
-0.007006
-0.007367
-0.007190
-0.009037
-0.009507
-0.010983
-0.012337
-0.012267
-0.012038
-0.011617
-0.013666
-0.014275
-0.016132
-0.015748
-0.014859
-0.014836
-0.013939
-0.014960
-0.016182
-0.015837
-0.014694
-0.014481
-0.012756
-0.011355
-0.008735
-0.007001
-0.007785
-0.008334
-0.009175
-0.009718
-0.008680
-0.007215
-0.005811
-0.006031
-0.006501
-0.005948
-0.006155
-0.005526
-0.004350
-0.003169
-0.002788
-0.002134
-0.001041
0.001346
0.003260
0.003401
0.003795
0.004048
0.004308
0.004669
0.004553
0.003966
0.003687
0.003803
0.005014
0.006084
0.006565
0.006620
0.004893
0.003305
0.002202
0.002330
0.003104
0.003941
0.005206
0.005261
0.004179
0.002861
0.002396
0.001943
0.002010
0.002157
0.001627
0.001202
-0.000382
-0.001338
-0.002322
-0.003339
-0.004026
-0.006330
-0.007687
-0.009471
-0.009607
-0.008345
-0.007527
-0.009032
-0.011234
-0.012533
-0.014334
-0.013694
-0.013037
-0.012758
-0.012920
-0.013126
-0.013448
-0.014601
-0.016073
-0.018346
-0.019107
-0.017790
-0.015916
-0.014149
-0.014917
-0.017610
-0.019273
-0.018796
-0.018248
-0.018680
-0.019133
-0.019517
-0.019938
-0.019773
-0.020455
-0.020770
-0.020101
-0.019155
-0.017314
-0.016833
-0.017799
-0.020698
-0.022956
-0.022792
-0.020713
-0.019074
-0.019880
-0.022251
-0.024175
-0.023888
-0.022785
-0.022602
-0.023034
-0.023755
-0.024701
-0.025511
-0.026486
-0.025566
-0.024785
-0.024773
-0.024410
-0.024254
-0.023586
-0.023099
-0.022128
-0.021897
-0.020773
-0.020386
-0.020042
-0.018207
-0.018254
-0.018367
-0.018493
-0.016502
-0.014404
-0.014079
-0.016079
-0.017411
-0.016934
-0.015608
-0.013560
-0.012539
-0.011814
-0.012043
-0.011033
-0.009669
-0.008866
-0.008195
