0.004948
0.001718
-0.000063
0.000686
-0.000072
-0.001254
-0.001981
-0.002637
-0.001420
-0.001595
-0.003258
-0.006182
-0.008243
-0.009175
-0.009465
-0.008556
-0.009316
-0.009485
-0.009601
-0.009900
-0.011584
-0.015115
-0.017345
-0.017977
-0.017420
-0.015788
-0.016045
-0.018274
-0.021522
-0.024409
-0.027394
-0.029836
-0.029746
-0.030242
-0.031330
-0.033328
-0.035190
-0.036942
-0.037858
-0.035798
-0.033813
-0.032706
-0.033375
-0.036796
-0.037989
-0.036774
-0.036020
-0.035022
-0.033623
-0.034054
-0.035638
-0.037534
-0.036995
-0.034626
-0.032360
-0.030683
-0.029643
-0.029286
-0.030512
-0.030760
-0.029466
-0.027614
-0.028216
-0.030599
-0.032828
-0.032646
-0.029492
-0.026288
-0.028122
-0.031307
-0.031505
-0.030753
-0.027939
-0.027266
-0.026050
-0.025697
-0.025861
-0.024208
-0.022576
-0.020506
-0.020208
-0.019639
-0.020610
-0.022986
-0.022825
-0.023051
-0.025313
-0.026296
-0.028108
-0.030270
-0.031511
-0.031995
-0.031124
-0.028270
-0.023139
-0.020387
-0.022034
-0.025104
-0.026454
-0.025253
-0.025558
-0.025070
-0.024307
-0.022860
-0.019785
-0.017640
-0.015273
-0.015231
-0.017000
-0.018278
-0.018444
-0.016811
-0.014203
-0.012146
-0.012614
-0.013333
-0.010851
-0.007712
-0.006475
-0.008863
-0.012164
-0.015711
-0.014802
-0.011523
-0.008349
-0.006084
-0.006436
-0.008098
-0.009262
-0.009912
-0.009478
-0.008154
-0.008642
-0.008097
-0.007985
-0.005475
-0.004048
-0.005636
-0.006686
-0.003831
-0.000079
0.003695
0.005641
0.003679
0.001403
0.000282
0.002619
0.004549
0.004289
0.003192
0.003421
0.002492
0.000848
0.000760
0.001204
0.003154
0.005505
0.008043
0.010514
0.009059
0.006594
0.006481
0.007417
0.008305
0.011177
0.013632
0.013906
0.013012
0.010654
0.009419
0.008304
0.010603
0.014186
0.016644
0.017333
0.016510
0.016216
0.017560
0.018687
0.018550
0.018589
0.018804
0.020990
0.021722
0.021829
0.021913
0.022961
0.024751
0.025904
0.029008
0.030962
0.029979
0.029015
0.030332
0.032218
0.032815
0.035452
0.036957
0.035655
0.035604
0.035875
0.036063
0.036978
0.036881
0.036004
0.036227
0.036706
0.039799
0.040805
0.038246
0.034633
0.030393
0.028491
0.029038
0.031924
0.034436
0.036541
0.035214
0.032719
0.031259
0.030434
0.029689
0.029412
0.028219
0.026303
0.025239
0.024390
0.025616
0.025980
0.030165
0.031821
0.030998
0.030130
0.027877
0.026508
0.026713
0.030177
0.032053
0.032774
0.031668
0.032657
0.033188
0.033476
0.034327
0.033293
0.034482
0.035230
0.035524
0.035965
0.035546
0.034678
0.035385
0.035771
0.036039
0.036419
0.036491
0.036613
0.035378
0.036660
0.039204
0.041570
0.040533
0.035828
0.033320
0.032548
0.032257
0.030475
0.027257
0.026706
0.027517
0.029397
0.030268
0.028163
0.025820
0.022314
0.019302
0.019088
0.020608
0.020853
0.020683
0.018787
0.017066
0.017270
0.017548
0.014611
0.010766
0.009142
0.007503
0.008185
0.008570
0.008608
0.008406
0.006607
0.003686
0.001360
-0.001240
-0.005335
-0.006705
-0.006228
-0.006209
-0.007145
-0.009485
-0.009141
-0.007980
-0.006085
-0.003777
-0.001948
-0.002137
-0.004785
-0.005661
-0.008152
-0.008574
-0.009026
-0.009012
-0.008156
-0.008498
-0.011157
-0.017256
-0.019816
-0.018717
-0.014920
-0.011926
-0.010773
-0.011122
-0.011175
-0.011027
-0.012442
-0.013328
-0.014824
-0.015503
-0.014297
-0.013844
-0.014615
-0.017041
-0.017214
-0.014700
-0.011203
-0.010243
-0.013201
-0.017031
-0.019690
-0.019803
-0.017249
-0.014713
-0.015712
-0.018703
-0.021998
-0.023510
-0.024335
-0.022483
-0.020892
-0.022806
-0.027599
-0.030909
-0.030014
-0.027232
-0.027123
-0.030529
-0.033448
-0.034118
-0.032139
-0.032672
-0.035025
-0.036789
-0.038873
-0.040009
-0.038519
-0.035578
-0.033571
-0.035118
-0.037407
-0.037421
-0.036995
-0.036459
-0.035515
-0.034480
-0.034955
-0.035788
-0.035379
-0.033538
-0.033180
-0.034375
-0.032851
-0.031144
-0.028403
-0.027758
-0.031724
-0.037444
-0.039691
-0.035732
-0.031129
-0.028000
-0.027452
-0.027029
-0.028978
-0.030041
-0.027630
-0.026387
-0.027173
-0.030079
-0.029657
-0.026546
-0.025534
-0.025373
-0.026185
-0.027878
-0.028230
-0.027074
-0.024351
-0.022792
-0.023615
-0.023638
-0.023163
-0.023401
-0.023830
-0.025856
-0.028271
-0.027677
-0.024995
-0.022257
-0.020894
-0.021241
-0.020596
-0.020345
-0.019117
-0.016904
-0.016259
-0.015592
-0.014948
-0.014130
-0.015902
-0.017547
-0.017671
-0.017481
-0.016220
-0.016022
-0.017045
-0.016345
-0.014140
-0.015398
-0.016521
-0.017851
-0.017474
-0.015539
-0.015519
-0.015093
-0.016042
-0.017751
-0.020386
-0.022137
-0.022626
-0.020715
-0.017465
-0.012833
-0.010934
-0.009848
-0.007921
-0.007699
-0.007129
-0.008632
-0.008305
-0.005941
-0.003922
-0.004004
-0.004236
-0.004758
-0.005571
-0.005788
-0.004957
-0.003130
-0.001544
-0.001638
-0.001715
-0.001348
-0.000711
-0.000424
-0.001757
-0.000997
0.000331
0.001887
0.002237
0.001809
0.000514
0.000860
0.001294
0.003320
0.007333
0.008490
0.008090
0.007490
0.008905
0.010466
0.012957
0.014349
0.013500
0.014672
0.015694
0.016337
0.016951
0.015306
0.014967
0.014567
0.017111
0.019907
0.023137
0.025921
0.025755
0.026030
0.027520
0.030203
0.031225
0.033710
0.033144
0.032302
0.033217
0.032565
0.031762
0.030114
0.028746
0.028931
0.030147
0.032105
0.032932
0.033218
0.034322
0.037028
0.041308
0.042862
0.041718
0.040338
0.038892
0.036038
0.033982
0.034012
0.035737
0.037708
0.037695
0.037556
0.038823
0.041149
0.039846
0.036568
0.031845
0.030886
0.031640
0.033371
0.036968
0.035577
0.035665
0.035214
0.036870
0.038908
0.038173
0.035712
0.033970
0.034513
0.039000
0.045876
0.052313
0.059053
0.064831
0.079549
0.102215
0.128040
0.157870
0.185569
0.211470
0.239128
0.275493
0.314751
0.348048
0.374066
0.389798
0.395549
0.382998
0.356745
0.324313
0.296008
0.274013
0.252759
0.230808
0.205816
0.175325
0.134680
0.090512
0.053071
0.028503
0.011804
-0.001317
-0.012304
-0.021791
-0.032760
-0.046044
-0.058609
-0.069955
-0.080054
-0.088574
-0.097897
-0.108128
-0.119824
-0.136977
-0.155297
-0.176414
-0.197431
-0.214371
-0.227567
-0.236085
-0.241183
-0.245262
-0.249566
-0.257778
-0.265035
-0.274224
-0.291415
-0.310240
-0.330048
-0.346434
-0.360666
-0.375787
-0.391116
-0.404084
-0.411702
-0.412661
-0.411599
-0.409239
-0.406315
-0.402166
-0.394602
-0.385022
-0.374695
-0.366319
-0.356907
-0.345277
-0.331012
-0.313438
-0.294462
-0.276631
-0.259283
-0.242278
-0.227371
-0.213210
-0.199875
-0.185417
-0.166799
-0.148855
-0.134266
-0.118791
-0.102711
-0.086162
-0.070915
-0.056342
-0.041339
-0.023654
-0.004526
0.011118
0.025445
0.035551
0.047988
0.060060
0.072617
0.084404
0.091836
0.098115
0.101118
0.107562
0.117721
0.127716
0.133583
0.136494
0.140606
0.148267
0.155944
0.159093
0.157681
0.157865
0.158908
0.163842
0.171544
0.174059
0.175005
0.175343
0.177149
0.180086
0.180005
0.176688
0.171780
0.169001
0.169732
0.170533
0.170509
0.168184
0.166508
0.165195
0.160499
0.156331
0.151928
0.148593
0.144739
0.142134
0.142245
0.141204
0.139644
0.134716
0.131192
0.128201
0.126684
0.123850
0.116444
0.110244
0.104938
0.099279
0.093416
0.088561
0.083967
0.079424
0.075891
0.071845
0.067156
0.063031
0.059822
0.057410
0.052019
0.045880
0.043155
0.042397
0.039496
0.035082
0.031262
0.027597
0.023198
0.020292
0.020433
0.019636
0.018391
0.014777
0.011421
0.008026
0.006356
0.002933
-0.000652
-0.007647
-0.010117
-0.009771
-0.010306
-0.014113
-0.018537
-0.021143
-0.024124
-0.027876
-0.035534
-0.033022
-0.035231
-0.034416
-0.051618
-0.051085
-0.067236
-0.097965
-0.125315
-0.158721
-0.161586
-0.196199
-0.233563
-0.220147
-0.234568
-0.268438
-0.311520
-0.328898
-0.297321
-0.349820
-0.398331
-0.468150
-0.521182
-0.589647
-0.726716
-0.689448
-0.534600
-0.372227
-0.277284
-0.249874
-0.182437
-0.110134
-0.034969
0.043702
0.187178
0.410882
0.509015
0.427428
0.308270
0.318359
0.426694
0.416500
0.291866
0.194640
0.201913
0.238392
0.188203
0.111708
0.109953
0.170162
0.173311
0.132741
0.179392
0.334893
0.483701
0.510006
0.476381
0.488900
0.560628
0.639891
0.666276
0.629608
0.543990
0.477971
0.483878
0.500315
0.433691
0.290787
0.200906
0.218676
0.260932
0.213379
0.111401
0.074206
0.122309
0.177607
0.167397
0.127712
0.124204
0.182476
0.264682
0.303579
0.275752
0.232324
0.234303
0.286315
0.310109
0.262857
0.178537
0.131873
0.152248
0.161364
0.100747
-0.005588
-0.087767
-0.105850
-0.102769
-0.129684
-0.192962
-0.249400
-0.254477
-0.219887
-0.197644
-0.211488
-0.236119
-0.234216
-0.189805
-0.140601
-0.113757
-0.122982
-0.134867
-0.116578
-0.082678
-0.070504
-0.105045
-0.151787
-0.167797
-0.144326
-0.121449
-0.142123
-0.192556
-0.228745
-0.230330
-0.219080
-0.224412
-0.244872
-0.261533
-0.252650
-0.222544
-0.201498
-0.198731
-0.204590
-0.200923
-0.171703
-0.134765
-0.112099
-0.112491
-0.117460
-0.105546
-0.087379
-0.078374
-0.086728
-0.098719
-0.104391
-0.108433
-0.112799
-0.125276
-0.144812
-0.165978
-0.178635
-0.172276
-0.163001
-0.157035
-0.160035
-0.166368
-0.158620
-0.138684
-0.118874
-0.111194
-0.109740
-0.102609
-0.090786
-0.083196
-0.083487
-0.087702
-0.088393
-0.084449
-0.077338
-0.073993
-0.079961
-0.093171
-0.103689
-0.103842
-0.098994
-0.100658
-0.110315
-0.119795
-0.117539
-0.110277
-0.110336
-0.114277
-0.116840
-0.112829
-0.103116
-0.094446
-0.089728
-0.084961
-0.079463
-0.074011
-0.070411
-0.070826
-0.074964
-0.078988
-0.080047
-0.075274
-0.070894
-0.073650
-0.080281
-0.084303
-0.083820
-0.083298
-0.086069
-0.090355
-0.090846
-0.087579
-0.082582
-0.078183
-0.071414
-0.061565
-0.053292
-0.046367
-0.038711
-0.031505
-0.023759
-0.014839
-0.006126
-0.000134
0.004016
0.009370
0.015309
0.017235
0.012179
0.003081
-0.003994
-0.002384
0.002092
0.002245
-0.002071
-0.006219
-0.006525
-0.002224
0.002518
0.005893
0.008680
0.012835
0.019994
0.025155
0.027567
0.028451
0.032848
0.040316
0.047013
0.051938
0.052474
0.048173
0.045804
0.044786
0.040821
0.035910
0.032793
0.033822
0.034343
0.031537
0.027398
0.022870
0.019256
0.015111
0.015352
0.020058
0.026774
0.031612
0.032054
0.032367
0.031919
0.034101
0.036271
0.038380
0.040293
0.042423
0.043415
0.042120
0.036637
0.027912
0.020476
0.014977
0.014081
0.016936
0.019594
0.016468
0.013797
0.015164
0.016588
0.018552
0.020794
0.022160
0.022755
0.022753
0.024084
0.027064
0.031854
0.035202
0.035601
0.035232
0.037337
0.041587
0.041579
0.042753
0.043573
0.041586
0.038474
0.036557
0.037194
0.036629
0.034113
0.029627
0.028074
0.029773
0.032631
0.031071
0.028093
0.025724
0.025363
0.027676
0.028031
0.029427
0.027237
0.025553
0.029500
0.035982
0.040250
0.037833
0.030858
0.026967
0.028378
0.032813
0.034217
0.028535
0.023496
0.020047
0.022581
0.024819
0.025757
0.026081
0.024144
0.023173
0.020101
0.020693
0.019681
0.021918
0.026111
0.031871
0.035854
0.037423
0.039290
0.041736
0.044657
0.042315
0.041450
0.041328
0.042666
0.041261
0.037955
0.034915
0.035463
0.035376
0.034365
0.031855
0.028408
0.029340
0.027532
0.026555
0.028625
0.034747
0.040123
0.041855
0.039501
0.035328
0.034445
0.034389
0.036628
0.038844
0.040306
0.038361
0.034100
0.033480
0.036111
0.038921
0.039092
0.037357
0.033936
0.032966
0.032705
0.033423
0.033983
0.032344
0.030292
0.028353
0.026538
0.023059
0.023383
0.025930
0.026023
0.021180
0.017032
0.018332
0.022163
0.026503
0.028586
0.029047
0.029205
0.030874
0.032853
0.034002
0.031068
0.026265
0.022602
0.019412
0.019812
0.019698
0.016561
0.013126
0.009641
0.006748
0.006090
0.009348
0.010809
0.008402
0.005708
0.005676
0.008299
0.010518
0.013458
0.014374
0.014701
0.011834
0.009478
0.010219
0.014943
0.023075
0.026703
0.026067
0.022869
0.021257
0.020035
0.017760
0.015328
0.012275
0.009916
0.010274
0.009317
0.010133
0.010732
0.007201
0.004127
0.003328
0.005122
0.009371
0.010251
0.008794
0.008358
0.009690
0.012456
0.009587
0.008864
0.008884
0.009090
0.012814
0.015219
0.015793
0.013758
0.011803
0.013951
0.017785
0.019661
0.016017
0.009176
0.006012
0.004766
0.004450
0.003551
0.004719
0.007607
0.009140
0.010344
0.010181
0.012328
0.013461
0.013095
0.011700
0.009024
0.008849
0.009038
0.007602
0.002794
0.001454
-0.000199
-0.003832
-0.009066
-0.017063
-0.023548
-0.025456
-0.023368
-0.018625
-0.014969
-0.012953
-0.010723
-0.010795
-0.006143
-0.001644
0.003442
0.004783
0.003529
0.002622
-0.001327
-0.006521
-0.010488
-0.012385
-0.013409
-0.014719
-0.019264
-0.023788
-0.027407
-0.029474
-0.030669
-0.031845
-0.031671
-0.028709
-0.026801
-0.025735
-0.027005
-0.026206
-0.024873
-0.023016
-0.019594
-0.014982
-0.011114
-0.010901
-0.010451
-0.012730
-0.014130
-0.016563
-0.018380
-0.018835
-0.019913
-0.019893
-0.018453
-0.017323
-0.018538
-0.021404
-0.024133
-0.024093
-0.024942
-0.025695
-0.024926
-0.025342
-0.026534
-0.028933
-0.031249
-0.031880
-0.030487
-0.029962
-0.029489
-0.029251
-0.029112
-0.027745
-0.027159
-0.028848
-0.030998
-0.033069
-0.034499
-0.033842
-0.033272
-0.032263
-0.033538
-0.037117
-0.039990
-0.039315
-0.039246
-0.040742
-0.042876
-0.043783
-0.043147
-0.039899
-0.034943
-0.031852
-0.031900
-0.036709
-0.037929
-0.037752
-0.037490
-0.035809
-0.036361
-0.041203
-0.045171
-0.048279
-0.050463
-0.049431
-0.048555
-0.045688
-0.043462
-0.040353
-0.038291
-0.036312
-0.033282
-0.033085
-0.032351
-0.030783
-0.026088
-0.021505
-0.020113
-0.020675
-0.024132
-0.029875
-0.035908
-0.035830
-0.031716
-0.029464
-0.029798
-0.030401
-0.030260
-0.026750
-0.023742
-0.021475
-0.019994
-0.021408
-0.022762
-0.024501
-0.021817
-0.020221
-0.017062
-0.019903
-0.025833
-0.029647
-0.029636
-0.023690
-0.021193
-0.022666
-0.027410
-0.029514
-0.028714
-0.022191
-0.016342
-0.013420
-0.015209
-0.017883
-0.019060
-0.021087
-0.022841
-0.022631
-0.021170
-0.022532
-0.025928
-0.029051
-0.028501
-0.025700
-0.020872
-0.020277
-0.019999
-0.018615
-0.015272
-0.011038
-0.008060
-0.006138
-0.006717
-0.006571
-0.000959
0.006148
0.007551
0.005296
-0.000254
-0.002703
-0.002031
-0.001273
-0.004611
-0.008377
-0.008422
-0.007240
-0.005354
-0.002874
-0.001743
-0.000057
0.001186
0.001966
0.001745
0.002253
0.005019
0.007801
0.011008
0.010257
0.011127
0.013517
0.016232
0.014874
0.009818
0.006461
0.005299
0.004932
0.004503
0.003779
0.005377
0.005359
0.002207
0.001467
0.000524
0.003146
0.004511
0.003953
0.003495
0.005736
0.007626
0.005891
0.005680
0.006351
0.007876
0.009463
0.011058
0.011321
0.012868
0.013028
0.013310
0.013647
0.014119
0.016972
0.017686
0.016698
0.016354
0.016553
0.016148
0.016559
0.016677
0.015286
0.013766
0.013628
0.014416
0.015659
0.016884
0.017656
0.018356
0.020336
0.022909
0.024488
0.024522
0.025159
0.025550
0.027047
0.028185
0.026929
0.027084
0.028145
0.027353
0.024209
0.022565
0.022939
0.023530
0.023086
0.022384
0.020398
0.018985
0.016127
0.012685
0.012446
0.013783
0.015083
0.014050
0.012040
0.010974
0.011472
0.010485
0.009875
0.009462
0.011862
0.014779
0.014708
0.013213
0.009346
0.007734
0.006352
0.005097
0.003771
0.002361
0.002223
0.002301
0.000753
-0.000234
0.002935
0.005382
0.005957
0.005898
0.006835
0.008324
0.010591
0.010766
0.009957
0.009066
0.008178
0.008877
0.008599
0.009363
0.006343
0.004213
0.001810
0.001873
0.006895
0.009763
0.010160
0.010012
0.012417
0.013444
0.014578
0.014568
0.014617
0.016109
0.017679
0.017264
0.015632
0.015164
0.013417
0.009528
0.006404
0.007436
0.011033
0.014667
0.016655
0.016700
0.014068
0.011213
0.010533
0.011118
0.011969
0.012365
0.013202
0.011843
0.012282
0.011737
0.008445
0.006697
0.005732
0.005041
0.002425
0.000883
-0.001614
-0.002925
-0.003783
-0.002775
-0.002436
-0.002386
-0.001940
-0.002359
-0.001025
-0.001065
-0.001204
-0.001820
-0.001017
-0.000374
0.003140
0.005692
0.005523
0.001469
-0.003538
-0.004074
-0.001893
0.001298
0.000965
-0.001538
-0.005497
-0.004036
-0.001060
-0.000948
-0.001769
-0.003815
-0.003198
-0.000796
-0.000491
-0.001356
-0.002806
-0.005441
-0.005095
-0.005239
-0.003046
0.000232
0.002655
0.002638
0.000899
0.000235
-0.002303
-0.000330
-0.000049
0.001117
0.001064
-0.001676
-0.003675
-0.005722
-0.006301
-0.007552
-0.007513
-0.009247
-0.010710
-0.012234
-0.011897
-0.010568
-0.009330
-0.007540
-0.008088
-0.007687
-0.008909
-0.007529
-0.002040
0.002739
0.005986
0.004825
0.003210
0.002082
0.001441
0.000785
0.000775
-0.000586
-0.003015
-0.003564
-0.004396
-0.004222
-0.004673
-0.005337
-0.004810
-0.004342
-0.003984
-0.003077
-0.003424
-0.003692
-0.003485
-0.000472
0.002286
0.001257
-0.001995
-0.003549
-0.003224
-0.005172
-0.006927
-0.009667
-0.010198
-0.009836
-0.010398
-0.012556
-0.014811
-0.015442
-0.015842
-0.014441
-0.013417
-0.012185
-0.011715
-0.014377
-0.015936
-0.015627
-0.011580
-0.007209
-0.006426
-0.007931
-0.011040
-0.013300
-0.014665
-0.014864
-0.016168
-0.016031
-0.014633
-0.012223
-0.012618
-0.014995
-0.018501
-0.020235
-0.020387
-0.019942
-0.017075
-0.015970
-0.014228
-0.014457
-0.013596
-0.013259
-0.012556
-0.011107
-0.010777
-0.010722
-0.010326
-0.009041
-0.008397
-0.007124
-0.004982
-0.002838
-0.003125
-0.001312
-0.000475
0.000530
0.000999
0.000362
0.003023
0.005619
0.007657
0.007537
0.009002
0.010149
0.009972
0.012519
0.015487
0.017250
0.016533
0.015108
0.014033
0.011852
0.011064
0.010416
0.010656
0.012271
0.014958
0.016153
0.015360
0.011620
0.008430
0.011294
0.014615
0.017856
0.016623
0.015524
0.016203
0.015067
0.017122
0.019822
0.019283
0.019710
0.018418
0.016969
0.016569
0.015546
0.014703
0.012442
0.012837
0.012843
0.012857
0.011911
0.012592
0.011986
0.010953
0.009270
0.008735
0.010985
0.014056
0.018237
0.018302
0.018168
0.014218
0.013560
0.015387
0.014331
0.011056
0.008036
0.008414
0.010573
0.012547
0.011551
0.010030
0.006596
0.003869
0.004517
0.007815
0.010439
0.010263
0.010085
0.009031
0.007538
0.005315
0.003689
0.004191
0.003322
0.004390
0.005833
0.005263
0.004156
0.001931
0.000688
-0.000078
-0.002193
-0.002312
-0.001361
0.000092
-0.000007
-0.002258
-0.002491
-0.002802
-0.001399
-0.001054
-0.001789
-0.002371
-0.002472
-0.002744
-0.003529
-0.005288
-0.005414
-0.002595
-0.002155
-0.001748
-0.003340
-0.006365
-0.008196
-0.008403
-0.006870
-0.004550
-0.003887
-0.004755
-0.005246
-0.005558
-0.005965
-0.007485
-0.007641
-0.005820
-0.004839
-0.006375
-0.007413
-0.005515
-0.004185
-0.004858
-0.005185
-0.006075
-0.005476
-0.004601
-0.005016
-0.007656
-0.010196
-0.009533
-0.008493
-0.007007
-0.008012
-0.008757
-0.009527
-0.010152
-0.010990
-0.010819
-0.011239
-0.011022
-0.009697
-0.008404
-0.007273
-0.007534
-0.007728
-0.010887
-0.012614
-0.014602
-0.014229
-0.014930
-0.018115
-0.020748
-0.023171
-0.023592
-0.023295
-0.024143
-0.025751
-0.026643
-0.026866
-0.026417
-0.028618
-0.028667
-0.027693
-0.027881
-0.027653
-0.028467
-0.026343
-0.024257
-0.024165
-0.026312
-0.026427
-0.026346
-0.024277
-0.022878
-0.024822
-0.025195
-0.028098
-0.026235
-0.026231
-0.026564
-0.027655
-0.028741
-0.026622
-0.025563
-0.022601
-0.021442
-0.022425
-0.021963
-0.022584
-0.022411
-0.021562
-0.022367
-0.022741
-0.023223
-0.021109
-0.019352
-0.017055
-0.015775
-0.015520
-0.014932
-0.015272
-0.014759
-0.013499
-0.013014
-0.013830
-0.015650
-0.017408
-0.016947
-0.016552
-0.017234
-0.017970
-0.017739
-0.016664
-0.014266
-0.012276
-0.013888
-0.015723
-0.016086
-0.014647
-0.013233
-0.013565
-0.016363
-0.019595
-0.021095
-0.020753
-0.017974
-0.016110
-0.015390
-0.017321
-0.019117
-0.019519
-0.015449
-0.009309
-0.005927
-0.005331
-0.006966
-0.006833
-0.006843
-0.005112
-0.005486
-0.005919
-0.005539
-0.004532
-0.002690
-0.003805
-0.004543
-0.003581
-0.002342
-0.001606
-0.000913
-0.000566
0.001267
0.003382
0.003634
0.003340
0.004402
0.005391
0.005895
0.005702
0.005224
0.005307
0.007179
0.010623
0.012603
0.011669
0.010826
0.010258
0.009587
0.009364
0.009531
0.010468
0.009907
0.008647
0.006470
0.004891
0.002916
0.002772
0.005385
0.007162
0.009142
0.010432
0.011517
0.012037
0.012145
0.013291
0.014248
0.014339
0.014579
0.014796
0.014993
0.013563
0.011454
0.010949
0.010338
0.009602
0.007777
0.005985
0.006671
0.008697
0.009223
0.009373
0.009525
0.010784
0.012860
0.013678
0.014058
0.014164
0.015282
0.015669
0.016691
0.017589
0.017729
0.018337
0.019075
