0.010881
0.011560
0.011446
0.010648
0.011295
0.011920
0.012286
0.010511
0.011527
0.011850
0.013378
0.015448
0.015731
0.015455
0.014242
0.013478
0.012272
0.012012
0.012838
0.013156
0.012527
0.012070
0.012718
0.014266
0.014579
0.012668
0.009399
0.007286
0.006991
0.008483
0.009388
0.009374
0.007944
0.007169
0.004530
0.002458
0.003108
0.001650
0.000203
-0.002183
-0.004503
-0.005611
-0.006466
-0.007929
-0.009219
-0.011980
-0.014835
-0.015081
-0.016344
-0.018248
-0.020474
-0.021028
-0.019353
-0.020358
-0.020974
-0.022595
-0.024709
-0.025610
-0.027256
-0.027596
-0.027822
-0.027500
-0.028335
-0.030158
-0.029967
-0.029262
-0.029078
-0.028456
-0.028365
-0.027866
-0.026425
-0.024612
-0.023784
-0.024634
-0.025305
-0.025865
-0.024145
-0.022292
-0.019809
-0.016386
-0.015563
-0.016149
-0.017620
-0.017566
-0.016282
-0.015487
-0.015959
-0.016208
-0.014069
-0.012414
-0.012050
-0.010551
-0.008919
-0.008968
-0.010629
-0.013184
-0.014675
-0.012515
-0.009183
-0.008409
-0.008340
-0.010828
-0.013799
-0.015429
-0.015318
-0.014877
-0.015234
-0.014377
-0.016058
-0.016396
-0.018954
-0.020324
-0.023873
-0.023590
-0.023856
-0.021960
-0.022762
-0.023185
-0.028685
-0.035745
-0.037755
-0.040601
-0.039901
-0.052485
-0.046432
-0.065157
-0.083975
-0.077068
-0.062104
-0.053197
-0.042397
-0.016532
-0.026747
-0.075763
-0.126542
-0.136169
-0.113941
-0.077052
-0.028583
0.010026
0.003409
-0.046013
-0.110409
-0.142153
-0.117782
-0.059629
-0.025808
-0.050325
-0.114584
-0.155703
-0.138726
-0.087436
-0.041805
-0.027635
-0.027639
-0.050770
-0.071696
-0.043834
0.039245
0.105455
0.068341
-0.025084
-0.072410
-0.045719
0.004209
0.037128
0.044275
0.006668
-0.066288
-0.095303
-0.023105
0.091009
0.143953
0.099424
0.026663
0.003936
0.043065
0.109809
0.140590
0.116308
0.069673
0.043783
0.049906
0.065793
0.077650
0.087927
0.094959
0.078648
0.042204
0.027077
0.069677
0.141124
0.171794
0.126102
0.047367
0.013068
0.061806
0.142100
0.167077
0.111275
0.032648
0.010607
0.053442
0.105832
0.112042
0.070923
0.024084
0.013167
0.037230
0.067640
0.071996
0.050962
0.030612
0.028072
0.039087
0.043827
0.035392
0.018874
0.004855
-0.000432
0.001342
0.000270
-0.003903
-0.008884
-0.008453
-0.007769
-0.015127
-0.024858
-0.033146
-0.030836
-0.023660
-0.018140
-0.023443
-0.040740
-0.053875
-0.055552
-0.046687
-0.039212
-0.040641
-0.045061
-0.047662
-0.050782
-0.054300
-0.058256
-0.057392
-0.054991
-0.053876
-0.053858
-0.059593
-0.066393
-0.071806
-0.069998
-0.061374
-0.054094
-0.054526
-0.061403
-0.068616
-0.068192
-0.056656
-0.042910
-0.039123
-0.047372
-0.055991
-0.052587
-0.036803
-0.022860
-0.022153
-0.034981
-0.043781
-0.036940
-0.020057
-0.006446
-0.007442
-0.016242
-0.022449
-0.018892
-0.007395
0.002904
0.008410
0.009310
0.006078
0.004516
0.006397
0.010811
0.016159
0.018993
0.019399
0.019162
0.021328
0.023598
0.026354
0.027332
0.025872
0.023732
0.020569
0.019416
0.020415
0.026517
0.030014
0.027800
0.023705
0.021016
0.021685
0.020148
0.019114
0.016243
0.015545
0.017640
0.020161
0.020974
0.018527
0.014499
0.009987
0.010914
0.013341
0.016093
0.015599
0.013151
0.011567
0.012225
0.014918
0.014335
0.010973
0.006528
0.005199
0.006220
0.007680
0.007402
0.005399
0.004967
0.006341
0.007160
0.007746
0.007030
0.006379
0.006853
0.008438
0.010528
0.009850
0.010525
0.010175
0.009732
0.010393
0.011872
0.012911
0.015480
0.018231
0.018224
0.015807
0.014107
0.016378
0.020465
0.025092
0.026889
0.027596
0.025414
0.024404
0.023310
0.022588
0.022302
0.021283
0.020878
0.020782
0.021985
0.022833
0.022708
0.022044
0.021595
0.019544
0.018702
0.017803
0.014196
0.010381
0.008242
0.005840
0.004841
0.004414
0.002155
0.000517
-0.001381
-0.004719
-0.008046
-0.010145
-0.011463
-0.013317
-0.013915
-0.013177
-0.014329
-0.016769
-0.016387
-0.014001
-0.012522
-0.012197
-0.012866
-0.015021
-0.016804
-0.018324
-0.017756
-0.015438
-0.016011
-0.017222
-0.017494
-0.015695
-0.013259
-0.012374
-0.012944
-0.014407
-0.017070
-0.016587
-0.013948
-0.011941
-0.010311
-0.010305
-0.011057
-0.010414
-0.007453
-0.004976
-0.002810
-0.003438
-0.004090
-0.002085
0.000381
0.003358
0.004687
0.004980
0.004204
0.004397
0.005928
0.005960
0.006467
0.005724
0.005246
0.005765
0.004353
0.004272
0.004110
0.003447
0.001958
-0.000233
-0.000554
-0.001019
-0.002468
-0.003739
-0.003661
-0.005267
-0.006883
-0.009710
-0.012400
-0.014058
-0.015827
-0.016363
-0.015451
-0.013823
-0.014218
-0.013814
-0.012737
-0.011678
-0.012033
-0.010775
-0.011724
-0.013564
-0.013242
-0.011429
-0.009892
-0.010314
-0.010802
-0.010149
-0.007168
-0.007458
-0.008816
-0.008876
-0.006106
-0.004166
-0.004034
-0.003961
-0.004636
-0.004881
-0.003834
-0.003295
-0.004160
-0.005868
-0.006962
-0.006793
-0.007982
-0.007962
-0.007830
-0.006997
-0.008545
-0.010821
-0.009805
-0.008249
-0.006018
-0.005984
-0.006836
-0.007298
-0.008732
-0.011528
-0.013839
-0.014222
-0.013539
-0.014729
-0.016889
-0.019130
-0.020369
-0.019662
-0.020209
-0.019456
-0.017473
-0.015253
-0.013865
-0.013379
-0.014032
-0.014043
-0.013899
-0.014311
-0.014569
-0.014086
-0.012586
-0.009778
-0.008972
-0.009861
-0.009515
-0.011042
-0.012432
-0.013733
-0.010578
-0.007105
-0.005433
-0.004694
-0.005444
-0.005684
-0.006658
-0.004717
-0.002636
0.000081
0.002816
0.003310
0.003393
0.004198
0.004877
0.005378
0.006147
0.006093
0.006645
0.007846
0.009751
0.010702
0.008863
0.006560
0.008760
0.010958
0.014281
0.015563
0.014779
0.015579
0.016046
0.017803
0.017011
0.015558
0.013374
0.011469
0.010032
0.008899
0.007559
0.007628
0.007353
0.006458
0.004458
0.002843
0.002751
0.002035
0.001142
-0.002190
-0.004048
-0.004991
-0.004613
-0.005218
-0.006427
-0.007769
-0.010565
-0.011640
-0.011900
-0.012709
-0.015418
-0.016409
-0.015298
-0.012983
-0.011443
-0.011495
-0.012700
-0.013292
-0.012463
-0.010022
-0.006533
-0.005623
-0.006752
-0.007405
-0.005309
-0.002858
-0.001856
-0.002699
-0.002244
-0.000674
0.002005
0.004596
0.006280
0.007288
0.005581
0.004977
0.006057
0.007803
0.009773
0.008619
0.006621
0.003369
0.001781
0.002141
0.003382
0.004772
0.004247
0.004629
0.003936
0.003607
0.002631
0.001871
0.002330
0.003206
0.002283
0.000926
0.000095
-0.001055
-0.003162
-0.004828
-0.004101
-0.003163
-0.002004
-0.001283
-0.000654
-0.001659
-0.004369
-0.006898
-0.009015
-0.007825
-0.003562
-0.000959
0.001064
-0.000320
-0.002600
-0.002121
0.000606
0.002321
0.003414
0.005290
0.003600
0.001663
0.000344
-0.001293
-0.000863
0.000963
0.002298
0.005866
0.008855
0.011076
0.011932
0.010988
0.009927
0.010200
0.012600
0.013598
0.013041
0.010798
0.009248
0.007784
0.007384
0.010235
0.013461
0.014331
0.012623
0.011687
0.012372
0.013237
0.014028
0.015237
0.016182
0.015980
0.014315
0.012410
0.010933
0.010278
0.009047
0.007122
0.006902
0.006758
0.007320
0.005968
0.003099
0.002041
0.002170
0.002366
-0.000342
-0.002333
-0.003830
-0.006814
-0.009560
-0.011460
-0.013303
-0.015589
-0.017489
-0.017347
-0.015338
-0.014224
-0.015129
-0.017995
-0.020674
-0.021916
-0.022021
-0.020860
-0.019763
-0.018400
-0.017402
-0.018388
-0.017825
-0.015588
-0.013470
-0.011418
-0.010344
-0.010014
-0.009013
-0.007287
-0.006108
-0.006070
-0.005690
-0.004937
-0.002622
0.000694
0.004119
0.005020
0.003360
0.001685
0.002054
0.004442
0.004778
0.004937
0.003410
0.001512
-0.000016
-0.000108
0.001849
0.002547
0.002773
0.000766
-0.000137
0.000152
0.002109
0.003520
0.001069
0.000329
-0.000560
0.000187
0.002670
0.004193
0.003121
0.000993
-0.000221
-0.001449
-0.002301
-0.002449
-0.002216
-0.003155
-0.004104
-0.002129
0.002482
0.002965
0.001876
-0.000626
-0.000998
0.000985
0.002593
0.003979
0.003202
0.002423
0.003387
0.004656
0.007131
0.008245
0.006380
0.005737
0.003903
0.005699
0.008838
0.010935
0.011350
0.009312
0.008133
0.008107
0.008782
0.010671
0.012076
0.013407
0.013712
0.014374
0.015080
0.015224
0.016105
0.016559
0.016778
0.015348
0.014923
0.015346
0.015512
0.015295
0.014540
0.012466
0.010926
0.012133
0.013776
0.014649
0.013907
0.010095
0.009049
0.009069
0.009055
0.010018
0.008721
0.006748
0.003857
0.003810
0.004584
0.003309
0.001657
-0.000170
-0.001085
-0.002667
-0.002678
-0.001900
-0.002204
-0.002544
-0.003582
-0.004718
-0.006116
-0.005290
-0.004103
-0.004145
-0.004778
-0.006085
-0.006556
-0.005753
-0.004127
-0.004170
-0.004243
-0.004507
-0.002960
-0.001183
0.000458
0.001393
0.000710
0.001552
0.001414
0.001866
0.001266
0.003345
0.005348
0.005656
0.006213
0.005744
0.007517
0.009665
0.011266
0.010423
0.008485
0.007185
0.006925
0.006488
0.005764
0.004034
0.003510
0.004355
0.003945
0.002969
0.001304
0.000167
0.000214
-0.000033
-0.000402
-0.001800
-0.004446
-0.007344
-0.009722
-0.010035
-0.010903
-0.011823
-0.013043
-0.013997
-0.014983
-0.016935
-0.019465
-0.021606
-0.023354
-0.023675
-0.025318
-0.026565
-0.026174
-0.025453
-0.024755
-0.025706
-0.024176
-0.024245
-0.024379
-0.025365
-0.025754
-0.022955
-0.021316
-0.020947
-0.021774
-0.021620
-0.019984
-0.018693
-0.019144
-0.019317
-0.019386
-0.018582
-0.019402
-0.020195
-0.021099
-0.022498
-0.021354
-0.022205
-0.022393
-0.023009
-0.023279
-0.023812
-0.024671
-0.024675
-0.024957
-0.024839
-0.025018
-0.024289
-0.024732
-0.024530
-0.024745
-0.024708
-0.025520
-0.026311
-0.025403
-0.026872
-0.028303
-0.028641
-0.028548
-0.027826
-0.026314
-0.026246
-0.027474
-0.028812
-0.029249
-0.028347
-0.026172
-0.024645
-0.024177
-0.024325
-0.025411
-0.025849
-0.025065
-0.025533
-0.026879
-0.029209
-0.029457
-0.027206
-0.025868
-0.024087
-0.024297
-0.025645
-0.028123
-0.028358
-0.026997
-0.024938
-0.021986
-0.019060
-0.019062
-0.019684
-0.018258
-0.017972
-0.017212
-0.016574
-0.015999
-0.014647
-0.013394
-0.011795
-0.008901
-0.006701
-0.005087
-0.005256
-0.005592
-0.005500
-0.003361
-0.000713
0.000968
0.001384
0.000721
0.002423
0.004542
0.006836
0.007726
0.006494
0.005354
0.005106
0.006757
0.008455
0.010316
0.011507
0.010045
0.009125
0.007068
0.007567
0.009537
0.010933
0.010907
0.006993
0.005382
0.006690
0.008160
0.009131
0.009041
0.006386
0.004629
0.005019
0.007141
0.008813
0.009646
0.008731
0.007410
0.007701
0.006486
0.007351
0.007432
0.008514
0.009730
0.011445
0.012762
0.013534
0.014606
0.013002
0.013637
0.014240
0.016459
0.018083
0.019707
0.021047
0.020077
0.020636
0.021663
0.021328
0.021327
0.024361
0.027798
0.029696
0.029156
0.028695
0.029874
0.032041
0.032996
0.031818
0.030905
0.032115
0.034933
0.037595
0.038512
0.037099
0.036089
0.034825
0.035691
0.037527
0.038785
0.039445
0.038852
0.038526
0.038853
0.039901
0.038639
0.037634
0.037928
0.038680
0.040317
0.040637
0.040519
0.040271
0.040175
0.039327
0.039185
0.038938
0.040044
0.043100
0.044241
0.045832
0.045169
0.043805
0.042322
0.041949
0.042832
0.043780
0.044439
0.044780
0.044018
0.041556
0.040317
0.038576
0.039504
0.040603
0.042254
0.043492
0.042183
0.040402
0.039869
0.040441
0.039177
0.037989
0.036026
0.035256
0.035128
0.035547
0.035093
0.033158
0.032324
0.031719
0.032057
0.033054
0.034251
0.033237
0.029111
0.025496
0.023954
0.024667
0.025049
0.023477
0.021286
0.020151
0.019101
0.018250
0.017783
0.016095
0.014850
0.014188
0.013600
0.012214
0.011510
0.010097
0.009756
0.009324
0.006848
0.003177
0.000872
0.000089
-0.001909
-0.002449
-0.003860
-0.005861
-0.008497
-0.009643
-0.010144
-0.010597
-0.010487
-0.013021
-0.014835
-0.015737
-0.013746
-0.011457
-0.010417
-0.012156
-0.015597
-0.015609
-0.014664
-0.012602
-0.011859
-0.012335
-0.014341
-0.015723
-0.016537
-0.016932
-0.016357
-0.017164
-0.017812
-0.017244
-0.014156
-0.014078
-0.017714
-0.019494
-0.019828
-0.018847
-0.018220
-0.016732
-0.016508
-0.016055
-0.016729
-0.018728
-0.018783
-0.020451
-0.021691
-0.024958
-0.025021
-0.024935
-0.024289
-0.025034
-0.028526
-0.029413
-0.031263
-0.032492
-0.034759
-0.036854
-0.037390
-0.036991
-0.035956
-0.034426
-0.035936
-0.036377
-0.035360
-0.035154
-0.033331
-0.032611
-0.032791
-0.034299
-0.035902
-0.037097
-0.038272
-0.039102
-0.042002
-0.043787
-0.043440
-0.044062
-0.044099
-0.046253
-0.049513
-0.050792
-0.051762
-0.051213
-0.052660
-0.054557
-0.055628
-0.057281
-0.057859
-0.056549
-0.054992
-0.054787
-0.054000
-0.053652
-0.052525
-0.051710
-0.051127
-0.052810
-0.054001
-0.053164
-0.051280
-0.048089
-0.048328
-0.048491
-0.048396
-0.048537
-0.048126
-0.046995
-0.046135
-0.046385
-0.047608
-0.049366
-0.049920
-0.049952
-0.048222
-0.046812
-0.045962
-0.044940
-0.045361
-0.044644
-0.044387
-0.044134
-0.045084
-0.045875
-0.045116
-0.044594
-0.042582
-0.042570
-0.042392
-0.042111
-0.040651
-0.040402
-0.040454
-0.039618
-0.038953
-0.037104
-0.036656
-0.035876
-0.035745
-0.035568
-0.034571
-0.033365
-0.031666
-0.029243
-0.028893
-0.028963
-0.028531
-0.027366
-0.026028
-0.026155
-0.026567
-0.026651
-0.023054
-0.019229
-0.017787
-0.018110
-0.019263
-0.017967
-0.015873
-0.013725
-0.011721
-0.011300
-0.012431
-0.013253
-0.012462
-0.009254
-0.006248
-0.005759
-0.005989
-0.006789
-0.005422
-0.002596
-0.000693
0.000606
0.000735
0.001451
0.002316
0.004058
0.005729
0.005314
0.005023
0.005567
0.007973
0.009170
0.010323
0.010493
0.009335
0.010361
0.011936
0.012416
0.013101
0.014439
0.015605
0.016779
0.017226
0.018130
0.020447
0.023146
0.024514
0.024683
0.023215
0.023056
0.022666
0.023862
0.026970
0.027576
0.026784
0.025358
0.024806
0.025755
0.027515
0.028005
0.027996
0.028293
0.027706
0.027901
0.028555
0.028702
0.030422
0.030989
0.031357
0.031350
0.033014
0.034586
0.034385
0.033212
0.032096
0.033761
0.035633
0.038046
0.038251
0.036575
0.034183
0.032960
0.032644
0.033035
0.032145
0.031669
0.032543
0.033301
0.033844
0.033783
0.034899
0.034049
0.034011
0.032617
0.032041
0.031237
0.029952
0.030038
0.029617
0.030838
0.031446
0.032614
0.031189
0.029431
0.027428
0.026174
0.028196
0.030111
0.031905
0.032198
0.031512
0.030975
0.029904
0.029106
0.029249
0.029383
0.029438
0.029163
0.029378
0.029014
0.027811
0.025205
0.023377
0.023628
0.023648
0.024312
0.025266
0.027592
0.026418
0.024980
0.023951
0.023699
0.024917
0.025910
0.027653
0.028099
0.030590
0.031071
0.030959
0.029816
0.029253
0.028426
0.027710
0.028767
0.029042
0.029775
0.029045
0.028555
0.027529
0.026374
0.025623
0.026141
0.027062
0.027688
0.028030
0.027263
0.025019
0.022660
0.022472
0.022765
0.022315
0.020815
0.019099
0.016831
0.016330
0.016164
0.016274
0.015189
0.012761
0.010759
0.008174
0.007488
0.006539
0.004806
0.002518
0.001530
0.000947
0.001207
0.001743
0.002787
0.002551
0.000580
0.000362
0.000380
0.001299
0.000788
-0.000306
-0.001168
-0.002014
-0.002630
-0.001742
-0.001013
-0.001881
-0.001369
-0.001474
-0.002277
-0.001173
-0.001378
-0.001442
-0.000632
-0.000195
0.000728
0.001005
0.001700
-0.000479
-0.001498
-0.001142
-0.000864
0.000008
-0.000254
0.000743
0.000728
0.000886
0.000577
0.000191
0.001267
0.002470
0.002797
0.002298
0.001937
0.001826
0.002473
0.002376
0.003061
0.003205
0.003201
0.002798
0.001822
0.001580
0.002393
0.004288
0.004987
0.006576
0.007022
0.006851
