0.008325
0.011233
0.011577
0.010956
0.010036
0.011089
0.015144
0.019602
0.022964
0.023019
0.020326
0.014337
0.010795
0.009880
0.010514
0.010777
0.009782
0.008460
0.006502
0.006163
0.005044
0.006212
0.008326
0.010409
0.011106
0.010275
0.011699
0.014036
0.016814
0.013984
0.011202
0.010240
0.010819
0.015015
0.014652
0.012659
0.008901
0.004048
-0.000894
-0.004017
-0.008158
-0.010958
-0.008770
-0.010064
-0.005310
0.000820
0.009053
0.022054
0.018934
0.014193
0.001834
-0.001272
-0.011897
-0.017761
-0.027388
-0.032412
-0.044903
-0.067737
-0.076602
-0.094720
-0.085976
-0.085065
-0.057026
-0.050462
-0.036079
-0.024186
-0.041161
-0.043439
-0.035140
-0.017124
-0.035444
-0.073823
-0.097616
-0.094974
-0.100205
-0.095992
-0.047332
0.000814
-0.008610
-0.062309
-0.097234
-0.077367
-0.033542
0.010912
0.027566
0.009847
-0.017234
-0.020357
0.004891
0.044675
0.078995
0.081216
0.042395
-0.009487
-0.008020
0.058353
0.136610
0.163951
0.120457
0.051126
0.016955
0.052800
0.130563
0.185076
0.173902
0.115731
0.072104
0.082988
0.131659
0.162738
0.153476
0.120967
0.103367
0.110783
0.131293
0.141511
0.134730
0.122346
0.111885
0.108843
0.104892
0.104140
0.106039
0.106849
0.100378
0.091675
0.082182
0.078651
0.079256
0.082318
0.083144
0.079629
0.077267
0.072571
0.065997
0.050901
0.039092
0.030092
0.027044
0.022118
0.010890
0.001023
-0.004998
-0.007525
-0.014819
-0.026474
-0.037590
-0.043349
-0.045492
-0.041122
-0.037365
-0.037314
-0.046232
-0.059334
-0.068154
-0.074603
-0.075756
-0.077097
-0.077881
-0.081205
-0.083032
-0.087148
-0.094214
-0.098874
-0.101149
-0.098683
-0.095030
-0.092402
-0.091809
-0.091422
-0.091229
-0.089086
-0.084530
-0.082660
-0.084642
-0.089386
-0.092432
-0.088091
-0.079107
-0.071594
-0.073726
-0.082358
-0.087625
-0.082460
-0.069094
-0.057420
-0.054588
-0.058073
-0.060503
-0.057391
-0.049535
-0.040301
-0.033698
-0.032157
-0.035870
-0.043519
-0.044626
-0.039952
-0.034747
-0.033836
-0.036084
-0.037285
-0.038655
-0.036941
-0.034012
-0.031603
-0.029597
-0.027543
-0.026920
-0.026720
-0.026004
-0.026395
-0.027396
-0.029890
-0.030976
-0.030780
-0.027753
-0.024899
-0.025243
-0.025208
-0.026902
-0.027880
-0.030295
-0.031466
-0.029105
-0.028217
-0.027437
-0.027485
-0.027996
-0.028721
-0.028351
-0.029102
-0.030386
-0.031936
-0.034617
-0.037225
-0.040697
-0.040588
-0.037798
-0.035175
-0.035948
-0.038467
-0.039581
-0.038759
-0.037986
-0.036533
-0.033802
-0.032641
-0.032932
-0.033802
-0.032433
-0.030079
-0.026482
-0.023597
-0.020858
-0.019449
-0.018373
-0.016961
-0.016087
-0.013907
-0.011256
-0.007283
-0.004673
-0.003795
-0.004486
-0.004343
-0.002944
-0.003392
-0.003544
-0.001010
0.003616
0.007711
0.009297
0.011076
0.012403
0.013449
0.016407
0.019090
0.020708
0.019249
0.019038
0.020549
0.021971
0.024421
0.026228
0.025446
0.022236
0.020944
0.023023
0.028515
0.030399
0.029396
0.030085
0.029280
0.027148
0.024185
0.021872
0.021678
0.023547
0.025202
0.024909
0.020435
0.015194
0.011609
0.007069
0.004787
0.004100
0.007459
0.011611
0.009617
0.004714
-0.000124
-0.002471
-0.000849
0.000163
0.000059
-0.001559
-0.001651
-0.000471
0.000402
0.002276
-0.000765
-0.003810
-0.006079
-0.003020
-0.000658
-0.000670
-0.001475
-0.001646
-0.000365
-0.000594
-0.000371
-0.002924
-0.003682
-0.004099
-0.003364
-0.003612
-0.001865
-0.001043
-0.000920
-0.004128
-0.008882
-0.008348
-0.004466
0.001476
0.004903
0.005489
0.003384
0.003447
0.003864
0.005440
0.005967
0.007569
0.010044
0.013891
0.018352
0.020834
0.021922
0.019450
0.018922
0.021018
0.022736
0.025108
0.026071
0.024493
0.026313
0.026670
0.026978
0.026418
0.025594
0.024177
0.023438
0.025733
0.029178
0.032008
0.031382
0.030852
0.030116
0.031506
0.033219
0.034255
0.033428
0.032467
0.031027
0.032003
0.033644
0.034124
0.031853
0.027671
0.024809
0.020497
0.019318
0.019386
0.022581
0.024632
0.024515
0.023630
0.023124
0.023876
0.024006
0.024167
0.023546
0.024879
0.027101
0.029097
0.029857
0.029841
0.028592
0.023341
0.018852
0.016621
0.016862
0.017873
0.015729
0.015038
0.012471
0.009977
0.008507
0.007142
0.004824
0.003507
0.005139
0.006608
0.006343
0.005325
0.005630
0.006423
0.007233
0.004877
0.003118
0.000344
-0.001075
0.000324
0.002719
0.005948
0.007826
0.005805
0.002142
-0.001807
-0.001847
0.001367
0.003051
0.004580
0.004807
0.005365
0.005592
0.006317
0.004394
0.001399
-0.002472
-0.000680
0.003034
0.004705
0.004884
0.002850
0.002781
0.001684
0.002154
0.000296
-0.000079
0.002355
0.004878
0.007005
0.008418
0.009911
0.011932
0.011824
0.009194
0.005944
0.004910
0.006470
0.007817
0.009100
0.007027
0.006105
0.005241
0.003730
0.003476
0.003868
0.004079
0.005937
0.008068
0.009125
0.008858
0.007378
0.006715
0.006590
0.004830
0.003596
0.003808
0.004386
0.006357
0.005937
0.004661
0.000593
-0.001370
-0.001249
0.002793
0.006573
0.006089
0.006010
0.003961
-0.000262
-0.005146
-0.006222
-0.004624
-0.003673
-0.005840
-0.006329
-0.005613
-0.005840
-0.006946
-0.007117
-0.007318
-0.008185
-0.009266
-0.010648
-0.010465
-0.009381
-0.008285
-0.009719
-0.012397
-0.016136
-0.015764
-0.014813
-0.014395
-0.012596
-0.013012
-0.015588
-0.019188
-0.020547
-0.020070
-0.018568
-0.019529
-0.021961
-0.024246
-0.025382
-0.022611
-0.021065
-0.022040
-0.024727
-0.028328
-0.030385
-0.030686
-0.028430
-0.027925
-0.027789
-0.028730
-0.028073
-0.026156
-0.025461
-0.025226
-0.028428
-0.031473
-0.033220
-0.031616
-0.028883
-0.025967
-0.023728
-0.023341
-0.026196
-0.030223
-0.030323
-0.029197
-0.026791
-0.024270
-0.022250
-0.018731
-0.016362
-0.014315
-0.014993
-0.016686
-0.017785
-0.016134
-0.010969
-0.007667
-0.007510
-0.010475
-0.010574
-0.008349
-0.005578
-0.006111
-0.009140
-0.011435
-0.011158
-0.007559
-0.002651
0.001773
0.002670
0.000601
-0.001518
-0.001879
-0.000954
-0.000838
-0.002697
-0.004729
-0.006877
-0.006373
-0.005553
-0.007271
-0.008953
-0.011282
-0.013656
-0.012228
-0.010879
-0.011852
-0.012535
-0.012159
-0.010252
-0.009863
-0.011217
-0.013209
-0.016348
-0.017338
-0.016638
-0.015777
-0.015417
-0.016846
-0.018745
-0.021196
-0.022399
-0.021321
-0.021849
-0.022826
-0.023850
-0.025084
-0.022891
-0.025293
-0.028913
-0.032571
-0.037117
-0.039592
-0.041918
-0.040268
-0.038472
-0.038413
-0.039207
-0.038380
-0.035881
-0.034952
-0.034900
-0.037062
-0.039733
-0.041146
-0.038064
-0.031086
-0.026359
-0.027342
-0.031093
-0.032108
-0.030761
-0.026212
-0.023884
-0.022438
-0.022683
-0.022024
-0.019793
-0.018033
-0.016096
-0.017614
-0.019418
-0.021410
-0.019859
-0.015859
-0.012872
-0.009989
-0.009102
-0.009704
-0.008651
-0.007469
-0.003809
-0.000688
0.000462
0.000764
0.001284
0.004247
0.006866
0.008857
0.010311
0.010246
0.009930
0.009312
0.010300
0.012199
0.014020
0.016149
0.016815
0.017010
0.017028
0.018424
0.020813
0.022944
0.021849
0.019130
0.018152
0.020815
0.025271
0.026734
0.025313
0.023821
0.023841
0.026298
0.028898
0.030192
0.028267
0.027903
0.029020
0.029333
0.029079
0.025814
0.024503
0.026476
0.028453
0.027503
0.025757
0.024896
0.026732
0.029194
0.029667
0.027442
0.024403
0.022734
0.024046
0.024414
0.025847
0.027206
0.027327
0.026553
0.023587
0.022507
0.019883
0.019242
0.018359
0.016859
0.014519
0.013161
0.011175
0.010452
0.009389
0.007971
0.006644
0.003573
0.004418
0.005363
0.005819
0.004836
0.004289
0.002449
0.001600
0.001487
0.001172
0.002724
0.004567
0.005116
0.004360
0.003091
0.001812
0.001145
0.002616
0.003805
0.002241
0.001128
0.002360
0.006605
0.008512
0.006930
0.003470
0.001621
0.001462
0.002621
0.005596
0.005889
0.005541
0.004675
0.003328
0.004025
0.003789
0.003992
0.005414
0.008242
0.011143
0.013491
0.016174
0.016933
0.018123
0.018154
0.019864
0.021777
0.023038
0.024574
0.024910
0.026013
0.023778
0.025473
0.028531
0.030799
0.031864
0.029700
0.028018
0.026069
0.025936
0.025379
0.025182
0.025181
0.025866
0.025846
0.025185
0.024340
0.024602
0.026311
0.026645
0.026443
0.026230
0.028206
0.028287
0.025577
0.023294
0.021178
0.022709
0.024273
0.025525
0.024522
0.021876
0.019681
0.017832
0.018124
0.016681
0.013306
0.011370
0.011123
0.012047
0.012582
0.008699
0.003441
-0.001857
-0.003800
-0.001933
0.001048
0.000623
-0.001747
-0.003711
-0.003196
-0.002746
-0.004061
-0.007203
-0.012076
-0.013271
-0.011982
-0.010024
-0.010824
-0.011639
-0.014737
-0.017694
-0.020418
-0.023277
-0.023502
-0.023169
-0.021765
-0.023267
-0.024893
-0.026150
-0.027890
-0.028284
-0.028229
-0.028203
-0.029653
-0.029820
-0.029322
-0.027844
-0.028544
-0.032757
-0.035098
-0.035486
-0.032388
-0.030886
-0.031407
-0.031532
-0.030949
-0.029886
-0.029798
-0.029463
-0.031183
-0.031041
-0.029086
-0.026487
-0.024022
-0.022408
-0.021807
-0.022033
-0.021790
-0.022657
-0.023627
-0.023707
-0.021818
-0.019390
-0.014818
-0.012467
-0.012200
-0.012846
-0.012499
-0.011201
-0.010311
-0.007168
-0.005120
-0.001255
0.002737
0.005119
0.005666
0.005900
0.005266
0.003706
0.003900
0.006538
0.009902
0.010376
0.009826
0.009381
0.010267
0.012268
0.014100
0.013853
0.012498
0.011751
0.011872
0.013622
0.015427
0.014824
0.012341
0.009400
0.008490
0.007929
0.008952
0.008719
0.005626
0.002884
-0.000608
-0.001172
-0.000827
-0.000689
-0.000266
-0.000578
-0.003015
-0.005316
-0.007417
-0.008324
-0.008721
-0.009501
-0.009866
-0.009535
-0.007086
-0.006359
-0.008811
-0.011575
-0.013388
-0.014599
-0.013663
-0.015720
-0.020875
-0.026228
-0.028926
-0.027843
-0.026700
-0.026648
-0.030050
-0.033792
-0.034635
-0.032792
-0.031285
-0.029487
-0.028501
-0.028356
-0.027939
-0.027542
-0.025962
-0.025946
-0.027649
-0.031361
-0.033014
-0.033395
-0.032285
-0.031083
-0.030544
-0.031192
-0.032445
-0.031344
-0.032268
-0.033038
-0.031557
-0.029839
-0.027384
-0.024251
-0.022878
-0.021531
-0.020262
-0.020178
-0.019369
-0.019363
-0.018562
-0.015967
-0.015329
-0.015250
-0.015537
-0.013471
-0.010528
-0.009567
-0.011012
-0.013129
-0.013364
-0.009582
-0.003974
-0.000081
-0.000159
-0.001961
0.000199
0.003666
0.007731
0.009068
0.008025
0.008893
0.011264
0.013230
0.013251
0.011292
0.008321
0.005083
0.004427
0.007298
0.010684
0.010415
0.007934
0.006641
0.009582
0.012336
0.014567
0.016804
0.017403
0.017677
0.018003
0.016259
0.013760
0.014018
0.012469
0.012589
0.010655
0.012314
0.013028
0.010705
0.009377
0.008909
0.010736
0.010053
0.011024
0.009972
0.009074
0.007507
0.004757
0.003419
0.001526
0.001040
0.002034
0.000259
-0.002197
-0.004545
-0.004710
-0.002616
-0.002134
-0.002796
-0.003636
-0.004595
-0.005343
-0.007528
-0.012996
-0.018282
-0.022429
-0.024220
-0.023472
-0.021875
-0.020199
-0.017859
-0.018398
-0.017963
-0.017404
-0.014954
-0.010520
-0.005209
-0.000054
-0.003073
-0.006968
-0.008392
-0.009759
-0.012303
-0.012967
-0.013232
-0.013772
-0.016499
-0.017595
-0.017374
-0.018224
-0.018033
-0.018626
-0.012647
-0.004640
0.002340
0.003321
0.001454
0.002097
0.003874
0.005962
0.005912
0.008393
0.010033
0.009845
0.009244
0.010448
0.012948
0.015901
0.016801
0.019187
0.022845
0.024561
0.024359
0.022463
0.022006
0.022281
0.023645
0.022110
0.022302
0.024916
0.027819
0.028883
0.026769
0.025145
0.023407
0.023543
0.027926
0.036592
0.045048
0.046364
0.041176
0.034767
0.029865
0.027534
0.027400
0.026605
0.025655
0.026023
0.025863
0.023690
0.017947
0.014719
0.012611
0.011552
0.014796
0.020005
0.024753
0.022561
0.016344
0.015026
0.015705
0.016213
0.015933
0.012571
0.011191
0.009240
0.004867
0.002706
-0.000760
-0.000039
-0.000285
-0.002618
-0.002745
-0.004269
-0.001535
-0.002563
-0.002922
-0.006755
-0.009313
-0.010119
-0.011542
-0.011167
-0.010921
-0.011930
-0.015609
-0.018656
-0.018943
-0.014237
-0.014207
-0.014367
-0.014472
-0.013784
-0.015765
-0.018089
-0.020929
-0.020389
-0.015841
-0.012491
-0.009632
-0.012849
-0.017192
-0.019182
-0.019683
-0.018968
-0.015878
-0.014229
-0.013650
-0.012934
-0.009690
-0.008564
-0.010562
-0.011687
-0.011598
-0.009939
-0.009671
-0.008669
-0.007403
-0.003918
-0.001761
-0.003514
-0.005202
-0.006361
-0.005636
-0.003691
0.002047
0.006409
0.008787
0.009617
0.009275
0.011400
0.010790
0.012062
0.014830
0.016131
0.016634
0.015694
0.014812
0.015266
0.015356
0.014809
0.013097
0.013175
0.016125
0.018952
0.020216
0.018706
0.020187
0.020841
0.019875
0.020260
0.019545
0.020282
0.020820
0.019742
0.017789
0.016770
0.016226
0.015636
0.014527
0.013211
0.013166
0.012165
0.012785
0.013896
0.014167
0.013888
0.012704
0.013842
0.014678
0.011086
0.007339
0.004466
0.003229
0.001733
0.001538
0.000514
-0.001880
-0.004688
-0.007657
-0.009071
-0.011977
-0.011575
