-0.073271
-0.077667
-0.088828
-0.103675
-0.112973
-0.103062
-0.075037
-0.041441
-0.017235
-0.023576
-0.053209
-0.075296
-0.078362
-0.067539
-0.063188
-0.063027
-0.060413
-0.070479
-0.093260
-0.106859
-0.089690
-0.053005
-0.027167
-0.034077
-0.062233
-0.083683
-0.070797
-0.029465
0.008501
0.015502
-0.008413
-0.044239
-0.074381
-0.080307
-0.060313
-0.023745
0.003151
-0.002523
-0.031381
-0.050001
-0.032767
0.009265
0.038979
0.032290
0.005931
-0.002974
0.016853
0.044647
0.054138
0.045011
0.036216
0.038134
0.044540
0.044934
0.035327
0.027741
0.034510
0.052472
0.067959
0.066064
0.053994
0.044535
0.046468
0.059582
0.071807
0.074044
0.066539
0.057520
0.055054
0.059691
0.066547
0.071235
0.069740
0.059625
0.044637
0.034717
0.036518
0.049309
0.061694
0.061409
0.046954
0.031214
0.026602
0.030689
0.033158
0.025400
0.013752
0.009145
0.011346
0.011776
0.004223
-0.009243
-0.016092
-0.013068
-0.009020
-0.013602
-0.029972
-0.041255
-0.037525
-0.025571
-0.019589
-0.029304
-0.045099
-0.052386
-0.046498
-0.037995
-0.038370
-0.050048
-0.062928
-0.064499
-0.057488
-0.051556
-0.056758
-0.066957
-0.070435
-0.063786
-0.054616
-0.054145
-0.062640
-0.070381
-0.066211
-0.053726
-0.043635
-0.045301
-0.053813
-0.058318
-0.052057
-0.041980
-0.039609
-0.045570
-0.053543
-0.051628
-0.041238
-0.031443
-0.030228
-0.036056
-0.037244
-0.030525
-0.020666
-0.014933
-0.017541
-0.021961
-0.020615
-0.013207
-0.006691
-0.006969
-0.010603
-0.011111
-0.007179
-0.001290
0.002242
0.000296
-0.002463
-0.001613
0.003076
0.008217
0.010350
0.009869
0.011073
0.016413
0.022312
0.022672
0.018010
0.014931
0.014582
0.018443
0.020574
0.019601
0.017119
0.014351
0.017876
0.020880
0.019815
0.016333
0.014444
0.019675
0.026376
0.029202
0.026025
0.021581
0.020409
0.023320
0.027287
0.027632
0.024931
0.021225
0.021381
0.023112
0.025772
0.027151
0.025472
0.025348
0.027829
0.032206
0.033220
0.030605
0.028485
0.029349
0.033543
0.037148
0.038423
0.036005
0.032956
0.031715
0.031895
0.033422
0.034656
0.034079
0.033301
0.033518
0.036211
0.037435
0.036494
0.035388
0.034509
0.037437
0.038839
0.039390
0.036911
0.035893
0.037920
0.040500
0.042388
0.042351
0.041604
0.040125
0.042629
0.044983
0.047781
0.048173
0.047588
0.047804
0.048463
0.049361
0.049489
0.048879
0.047268
0.047682
0.048620
0.050398
0.051359
0.052061
0.050985
0.048722
0.046480
0.044625
0.044611
0.045895
0.046033
0.042457
0.038589
0.036015
0.036848
0.038636
0.039628
0.038732
0.035643
0.034721
0.036505
0.037826
0.035828
0.031858
0.029385
0.029233
0.029875
0.030598
0.028566
0.026200
0.024740
0.022622
0.021590
0.019507
0.016968
0.016631
0.015531
0.015904
0.015043
0.013985
0.013419
0.010989
0.010743
0.010721
0.010984
0.008818
0.007340
0.008283
0.009452
0.010797
0.010540
0.008059
0.005481
0.004468
0.002337
0.000404
-0.002183
-0.004515
-0.004530
-0.004222
-0.003340
-0.003959
-0.006430
-0.007892
-0.008114
-0.006921
-0.006283
-0.005423
-0.005060
-0.005940
-0.004442
-0.003137
-0.003072
-0.002302
-0.003498
-0.004788
-0.004334
-0.005710
-0.005656
-0.005622
-0.005495
-0.004402
-0.003253
-0.001067
-0.000729
-0.001304
-0.003519
-0.004931
-0.005113
-0.005418
-0.004059
-0.003941
-0.004806
-0.005991
-0.005859
-0.005925
-0.005964
-0.005916
-0.006611
-0.005745
-0.006408
-0.006755
-0.007645
-0.008007
-0.010197
-0.011543
-0.010552
-0.010132
-0.010974
-0.013241
-0.014416
-0.016147
-0.015517
-0.015871
-0.016119
-0.017280
-0.017876
-0.018534
-0.019082
-0.020039
-0.022639
-0.023717
-0.024204
-0.022821
-0.022458
-0.022136
-0.023113
-0.023821
-0.024278
-0.025145
-0.025351
-0.025156
-0.024755
-0.024714
-0.025465
-0.024167
-0.022469
-0.021663
-0.021926
-0.024363
-0.023833
-0.022247
-0.022051
-0.023216
-0.024643
-0.024346
-0.023942
-0.025344
-0.026968
-0.027786
-0.028395
-0.028406
-0.027738
-0.026956
-0.026800
-0.025786
-0.023963
-0.023573
-0.022864
-0.024435
-0.024818
-0.025677
-0.026924
-0.027623
-0.029139
-0.028705
-0.029469
-0.029728
-0.031158
-0.032280
-0.034135
-0.034585
-0.033204
-0.031770
-0.030632
-0.032069
-0.034367
-0.036126
-0.034410
-0.032208
-0.031956
-0.033516
-0.035703
-0.037388
-0.039374
-0.039598
-0.038726
-0.036864
-0.034910
-0.034448
-0.035621
-0.037944
-0.039688
-0.041771
-0.042236
-0.041152
-0.040354
-0.039831
-0.040482
-0.039763
-0.038526
-0.039123
-0.040111
-0.042051
-0.042323
-0.040471
-0.039257
-0.039318
-0.038829
-0.038815
-0.039137
-0.039480
-0.039136
-0.038115
-0.035669
-0.035477
-0.035885
-0.034994
-0.034354
-0.031959
-0.031649
-0.031672
-0.034149
-0.036069
-0.037010
-0.035576
-0.032685
-0.030829
-0.030403
-0.029271
-0.028189
-0.027062
-0.024165
-0.023863
-0.023973
-0.026586
-0.027201
-0.025315
-0.022214
-0.018908
-0.018942
-0.019421
-0.019418
-0.018614
-0.019394
-0.019451
-0.017536
-0.016359
-0.015645
-0.016759
-0.016434
-0.014879
-0.013014
-0.011141
-0.011339
-0.012331
-0.011717
-0.010923
-0.009395
-0.007795
-0.004227
-0.000421
-0.000181
-0.000091
-0.001544
-0.003075
-0.002144
0.000003
0.001412
0.002149
0.001803
0.002390
0.004650
0.007834
0.009644
0.010143
0.010670
0.011172
0.012605
0.015224
0.017412
0.018915
0.019452
0.018300
0.017828
0.018451
0.022063
0.024915
0.025234
0.025020
0.024128
0.025403
0.028740
0.031046
0.032148
0.031288
0.030330
0.031393
0.033196
0.035165
0.035693
0.035430
0.034488
0.035084
0.037685
0.039788
0.039906
0.038356
0.039450
0.041651
0.043584
0.044949
0.043414
0.041985
0.042412
0.044496
0.046022
0.044879
0.041318
0.040310
0.042553
0.042682
0.040265
0.037407
0.036036
0.037162
0.039718
0.041307
0.040911
0.038779
0.037803
0.039043
0.041655
0.043893
0.044009
0.043321
0.041087
0.039411
0.040639
0.042628
0.043797
0.042606
0.040113
0.037492
0.037762
0.039358
0.038944
0.038005
0.036938
0.037607
0.037859
0.036561
0.034803
0.031645
0.030931
0.033015
0.035855
0.036940
0.033588
0.027808
0.024960
0.026959
0.029781
0.030257
0.027941
0.024440
0.023025
0.024013
0.026168
0.026201
0.021713
0.018776
0.018289
0.019359
0.018850
0.016635
0.014746
0.013245
0.015586
0.019083
0.020793
0.019663
0.018294
0.016921
0.015758
0.015341
0.015521
0.016287
0.015557
0.014063
0.012190
0.011344
0.010511
0.011031
0.013078
0.013543
0.012599
0.012584
0.014566
0.016333
0.017141
0.015982
0.014383
0.014255
0.014217
0.015455
0.016366
0.017247
0.018355
0.019444
0.020234
0.019570
0.019303
0.020130
0.020251
0.019872
0.019149
0.017255
0.017701
0.018090
0.018152
0.016889
0.013720
0.012136
0.012512
0.013854
0.016072
0.016725
0.016069
0.015277
0.014309
0.013005
0.012038
0.011478
0.011465
0.012605
0.012741
0.013838
0.012612
0.010941
0.008255
0.005804
0.005332
0.003640
0.001567
-0.000100
-0.000380
0.000824
0.001566
-0.002252
-0.007004
-0.010998
-0.011955
-0.010317
-0.009710
-0.010981
-0.012280
-0.011759
-0.011488
-0.010691
-0.011501
-0.013714
-0.014688
-0.015375
-0.016940
-0.017108
-0.016341
-0.015859
-0.015982
-0.017835
-0.020006
-0.020797
-0.020170
-0.018779
-0.017559
-0.019798
-0.022608
-0.023827
-0.024038
-0.024498
-0.026861
-0.029517
-0.028385
-0.025475
-0.023869
-0.023411
-0.024403
-0.024221
-0.023319
-0.022423
-0.023262
-0.025130
-0.025897
-0.025681
-0.025737
-0.026288
-0.027972
-0.030489
-0.030564
-0.029461
-0.028595
-0.029526
-0.031497
-0.032599
-0.034064
-0.033665
-0.032917
-0.033968
-0.037583
-0.040912
-0.042016
-0.041414
-0.040195
-0.040893
-0.041690
-0.043357
-0.044224
-0.045021
-0.045792
-0.047171
-0.049180
-0.049756
-0.049467
-0.048970
-0.048289
-0.048022
-0.049350
-0.050450
-0.051326
-0.050383
-0.047816
-0.046506
-0.047773
-0.049438
-0.050250
-0.048548
-0.046583
-0.045863
-0.045760
-0.045815
-0.045756
-0.045036
-0.045587
-0.045815
-0.044229
-0.043769
-0.041815
-0.040383
-0.038231
-0.038836
-0.040361
-0.041583
-0.040534
-0.038069
-0.036044
-0.035243
-0.037140
-0.036725
-0.034726
-0.030548
-0.028575
-0.030478
-0.033100
-0.034927
-0.035290
-0.033115
-0.029947
-0.027653
-0.028086
-0.028603
-0.028917
-0.028639
-0.028131
-0.028189
-0.028192
-0.027585
-0.026928
-0.027760
-0.028577
-0.030201
-0.029594
-0.028667
-0.028175
-0.026111
-0.025268
-0.024422
-0.022832
-0.020299
-0.018763
-0.021696
-0.026213
-0.027247
-0.024417
-0.022436
-0.022097
-0.022734
-0.022652
-0.020912
-0.017411
-0.014735
-0.012762
-0.010997
-0.010326
-0.010719
-0.011261
-0.011933
-0.011814
-0.009331
-0.009986
-0.009601
-0.008134
-0.007049
-0.004729
-0.004697
-0.005271
-0.004460
-0.000777
0.005443
0.007907
0.007873
0.007260
0.007196
0.010044
0.012883
0.014347
0.013837
0.013368
0.013218
0.016605
0.019174
0.019394
0.019313
0.017313
0.018588
0.021774
0.024551
0.024065
0.022952
0.021610
0.020790
0.023749
0.026077
0.026784
0.024316
0.023065
0.024334
0.025758
0.026987
0.027329
0.027025
0.026252
0.025747
0.024799
0.024038
0.022840
0.023181
0.022856
0.022205
0.022034
0.021260
0.021437
0.020652
0.019276
0.018884
0.019992
0.020498
0.021553
0.021766
0.021818
0.024148
0.026079
0.027231
0.026802
0.027236
0.028540
0.029580
0.031862
0.033362
0.032555
0.030461
0.031841
0.032697
0.032076
0.031625
0.032301
0.034917
0.036055
0.036320
0.033479
0.032213
0.032976
0.035063
0.036772
0.036635
0.036554
0.035827
0.037182
0.038905
0.039677
0.038323
0.036325
0.036183
0.038029
0.040905
0.041512
0.041403
0.038779
0.036577
0.036365
0.036709
0.038764
0.037692
0.035703
0.033150
0.031187
0.029661
0.028473
0.028257
0.029125
0.030508
0.031483
0.032116
0.031304
0.031176
0.032353
0.032737
0.031692
0.031505
0.032014
0.032452
0.031431
0.030231
0.028760
0.027501
0.026372
0.025927
0.026639
0.027786
0.027647
0.026387
0.024211
0.023146
0.024936
0.025950
0.026009
0.023611
0.020706
0.021085
0.023582
0.024675
0.024306
0.024210
0.025448
0.025848
0.026302
0.025930
0.025005
0.024593
0.023238
0.022482
0.021691
0.021394
0.020517
0.019301
0.017773
0.016635
0.017123
0.017700
0.017758
0.017135
0.016816
0.016665
0.016950
0.016642
0.015664
0.015115
0.013739
0.012693
0.012304
0.012108
0.012020
0.011526
0.011132
0.011037
0.009741
0.008812
0.007731
0.005515
0.004605
0.005411
0.006917
0.007487
0.006029
0.003861
0.001682
0.001557
0.003344
0.003428
0.003193
0.001497
0.001201
0.002641
0.002885
0.001554
-0.000974
-0.001902
-0.002202
-0.001951
-0.001831
-0.002189
-0.004097
-0.005991
-0.006493
-0.006410
-0.005905
-0.005925
-0.006839
-0.008372
-0.010336
-0.010855
-0.011035
-0.011781
-0.013883
-0.015769
-0.015606
-0.015723
-0.015756
-0.017108
-0.018273
-0.018797
-0.019120
-0.019263
-0.020018
-0.022067
-0.022657
-0.022607
-0.022156
-0.021829
-0.023349
-0.024347
-0.025950
-0.026511
-0.026190
-0.026164
-0.025891
-0.027782
-0.029605
-0.030356
-0.031306
-0.031158
-0.031241
-0.030989
-0.030252
-0.029205
-0.029418
-0.030297
-0.030451
-0.029460
-0.027370
-0.026097
-0.026173
-0.028749
-0.031142
-0.033106
-0.032982
-0.032085
-0.032473
-0.032471
-0.032699
-0.032069
-0.032784
-0.034186
-0.035200
-0.034274
-0.034092
-0.034982
-0.035067
-0.035130
-0.034888
-0.033999
-0.034154
-0.037109
-0.039203
-0.040109
-0.040125
-0.039415
-0.038674
-0.036852
-0.036419
-0.038532
-0.039613
-0.040156
-0.040571
-0.040475
-0.040201
-0.041573
-0.041343
-0.040078
-0.040113
-0.040330
-0.042355
-0.043296
-0.043858
-0.044130
-0.043766
-0.043977
-0.044358
-0.043942
-0.043568
-0.043906
-0.045005
-0.044727
-0.043903
-0.044656
-0.044828
-0.042719
-0.040087
-0.039079
-0.037838
-0.037756
-0.037077
-0.036066
-0.035584
-0.034807
-0.034606
-0.035421
-0.034769
-0.034359
-0.033432
-0.031175
-0.030556
-0.029904
-0.029511
-0.030038
-0.030275
-0.028269
-0.025485
-0.022846
-0.021963
-0.021023
-0.020848
-0.020817
-0.020895
-0.020290
-0.019563
-0.019152
-0.017167
-0.016291
-0.014397
-0.014066
-0.013539
-0.013827
-0.015342
-0.015195
-0.016051
-0.014666
-0.012552
-0.011827
-0.010602
-0.010206
-0.011275
-0.011158
-0.009928
-0.008289
-0.005931
-0.004810
-0.005876
-0.008094
-0.009091
-0.009100
-0.007624
-0.004794
-0.002971
-0.001744
-0.001364
-0.002541
-0.001250
0.000578
0.001642
0.001302
-0.001519
-0.002785
-0.002312
-0.002129
-0.001771
-0.000925
0.000407
0.002234
0.001957
0.001560
0.001286
0.001567
0.002841
0.003721
0.005089
0.004752
0.004366
0.005527
0.006954
0.007262
0.007215
0.008499
0.009254
0.010177
0.008778
0.009102
0.010759
0.012641
0.012901
0.010516
0.009534
0.008452
0.010659
0.014162
0.014851
0.013941
0.012428
0.012532
0.015269
0.016562
0.017181
0.018344
0.019563
0.019847
0.019787
0.018526
0.018304
0.019436
0.020498
0.020135
0.018632
0.017926
0.017949
0.019055
0.019402
0.020495
0.020764
0.020852
0.019463
0.017130
0.016416
0.016135
