0.004711
0.004621
0.004364
0.004431
0.004342
0.003422
0.003420
0.003373
0.003879
0.005312
0.006047
0.006574
0.006723
0.006185
0.006207
0.005341
0.006696
0.007615
0.008475
0.009120
0.008207
0.008905
0.010072
0.010129
0.011290
0.011497
0.011372
0.010710
0.010096
0.010873
0.010621
0.010928
0.011389
0.011947
0.012081
0.013026
0.013844
0.013941
0.014592
0.013870
0.014047
0.014459
0.014292
0.015531
0.015076
0.014378
0.013603
0.012231
0.012010
0.011061
0.009429
0.008997
0.009282
0.009209
0.009684
0.009938
0.008365
0.007076
0.006580
0.006086
0.006139
0.005847
0.005197
0.004933
0.005484
0.004961
0.004105
0.003599
0.003227
0.003115
0.003978
0.004923
0.004447
0.004704
0.003930
0.002952
0.002694
0.002658
0.003306
0.003492
0.004003
0.004319
0.004071
0.004117
0.003690
0.005107
0.006274
0.006113
0.007610
0.007056
0.007705
0.008962
0.007914
0.007981
0.007760
0.008233
0.007520
0.007448
0.007491
0.006998
0.006977
0.006003
0.005531
0.004696
0.004790
0.004300
0.003860
0.003604
0.003198
0.003048
0.002024
0.000868
-0.000012
-0.000184
-0.000785
-0.000968
-0.001022
-0.002081
-0.003296
-0.004496
-0.006291
-0.006277
-0.005641
-0.005359
-0.004296
-0.006222
-0.007755
-0.008552
-0.008416
-0.009326
-0.009718
-0.009626
-0.009635
-0.009263
-0.009942
-0.009255
-0.009535
-0.009256
-0.009990
-0.009481
-0.009635
-0.008950
-0.008671
-0.010125
-0.009078
-0.009210
-0.008267
-0.008221
-0.008941
-0.009737
-0.009882
-0.010064
-0.009912
-0.008798
-0.009742
-0.010314
-0.009961
-0.009922
-0.010704
-0.010014
-0.010028
-0.009741
-0.009822
-0.010821
-0.010602
-0.011511
-0.012489
-0.011884
-0.011583
-0.012548
-0.012654
-0.012701
-0.012577
-0.013028
-0.012938
-0.013713
-0.014110
-0.014045
-0.014599
-0.014265
-0.014615
-0.014753
-0.015213
-0.014296
-0.013651
-0.013758
-0.014447
-0.015470
-0.016524
-0.017244
-0.017777
-0.017178
-0.016698
-0.018218
-0.018811
-0.018847
-0.018429
-0.018670
-0.018262
-0.018600
-0.017916
-0.016893
-0.016719
-0.015568
-0.015891
-0.016321
-0.015191
-0.014366
-0.013901
-0.014495
-0.014608
-0.014081
-0.013499
-0.012827
-0.012656
-0.011363
-0.011692
-0.012068
-0.012044
-0.011099
-0.010260
-0.009366
-0.009199
-0.009766
-0.007963
-0.007274
-0.007695
-0.006834
-0.006513
-0.005765
-0.006193
-0.006702
-0.006777
-0.006946
-0.006265
-0.006760
-0.006396
-0.006513
-0.006959
-0.006762
-0.007866
-0.009054
-0.010368
-0.011588
-0.010800
-0.010562
-0.011069
-0.012418
-0.014137
-0.014799
-0.014800
-0.014502
-0.013514
-0.013357
-0.014088
-0.014271
-0.013444
-0.013746
-0.013130
-0.012751
-0.011634
-0.010091
-0.010082
-0.009605
-0.009961
-0.008987
-0.007988
-0.006687
-0.006301
-0.004587
-0.003767
-0.003990
-0.004544
-0.004952
-0.003490
-0.002987
-0.001925
-0.001699
-0.001346
-0.000282
-0.001642
-0.001934
-0.000463
-0.000216
-0.000393
-0.000980
-0.000817
-0.000363
0.000547
0.000569
0.000106
0.000069
-0.001328
-0.002641
-0.002431
-0.002288
-0.001551
-0.001735
-0.001835
-0.001251
-0.001188
-0.000701
-0.001198
-0.000729
-0.001418
-0.001452
-0.000759
-0.000765
-0.000984
-0.002209
-0.002799
-0.002725
-0.003255
-0.003355
-0.002039
-0.002654
-0.003270
-0.002646
-0.002463
-0.002404
-0.001171
-0.001370
-0.002003
-0.002063
-0.001858
-0.000800
-0.000748
0.000214
0.000670
0.000453
0.001428
0.001165
0.001418
0.002112
0.001997
0.003482
0.004218
0.003953
0.004746
0.005093
0.006070
0.006696
0.006105
0.006595
0.006299
0.006247
0.006608
0.006906
0.006732
0.007355
0.008063
0.008586
0.009237
0.009417
0.009431
0.008943
0.008506
0.008152
0.008275
0.008289
0.008193
0.007532
0.006936
0.006756
0.007078
0.006909
0.006566
0.006682
0.007358
0.007477
0.006797
0.007200
0.007464
0.006971
0.006665
0.006278
0.006072
0.004577
0.005402
0.006767
0.006965
0.007496
0.007146
0.007409
0.006903
0.007166
0.007428
0.008802
0.008639
0.008577
0.008647
0.008328
0.007943
0.007477
0.007895
0.008238
0.008867
0.008765
0.009725
0.009287
0.010266
0.010558
0.011438
0.011654
0.009990
0.009950
0.009955
0.010161
0.010053
0.010700
0.011185
0.013230
0.013746
0.014904
0.015110
0.015600
0.015860
0.015258
0.016208
0.015247
0.016039
0.016528
0.016699
0.016517
0.016879
0.015464
0.014025
0.013212
0.012708
0.012974
0.012645
0.011978
0.010688
0.009800
0.008649
0.008251
0.008403
0.008427
0.009006
0.008235
0.006364
0.006223
0.005140
0.004761
0.004446
0.004740
0.005825
0.005195
0.003959
0.002631
0.001419
0.001548
0.001986
0.001692
0.002423
0.003016
0.003200
0.002844
0.003287
0.003371
0.003381
0.002797
0.001067
0.001361
0.002447
0.003685
0.003718
0.004227
0.004074
0.004368
0.003559
0.003250
0.003353
0.003206
0.004204
0.002531
0.002844
0.001708
0.000622
0.000567
0.000864
0.000410
0.000923
0.000489
-0.000577
0.000047
-0.000164
0.000270
0.000846
0.000776
-0.001157
-0.002767
-0.005503
-0.006029
-0.005736
-0.005151
-0.003446
-0.003878
-0.005097
-0.006391
-0.007062
-0.007151
-0.007934
-0.007941
-0.007967
-0.007661
-0.009044
-0.011556
-0.012852
-0.013527
-0.012139
-0.010847
-0.011013
-0.011008
-0.012326
-0.012812
-0.013763
-0.013832
-0.012373
-0.013609
-0.013278
-0.014523
-0.013846
-0.013935
-0.013309
-0.012932
-0.013439
-0.013996
-0.017131
-0.018280
-0.017925
-0.017294
-0.016817
-0.014699
-0.015054
-0.015210
-0.016421
-0.016013
-0.015996
-0.015504
-0.013067
-0.012612
-0.012795
-0.016071
-0.017611
-0.018922
-0.017326
-0.014006
-0.010986
-0.009100
-0.009229
-0.011025
-0.013919
-0.014941
-0.015254
-0.013330
-0.012793
-0.014614
-0.017001
-0.018115
-0.019159
-0.018707
-0.018231
-0.017550
-0.016648
-0.017609
-0.017943
-0.018658
-0.018525
-0.019323
-0.020541
-0.022236
-0.023314
-0.023428
-0.022344
-0.021799
-0.022318
-0.022708
-0.021989
-0.021948
-0.022034
-0.021769
-0.022878
-0.022570
-0.021777
-0.018888
-0.017424
-0.016564
-0.017557
-0.017832
-0.017560
-0.016598
-0.015890
-0.015762
-0.014005
-0.015225
-0.014706
-0.013475
-0.011202
-0.011828
-0.013187
-0.012140
-0.010248
-0.009671
-0.011056
-0.010405
-0.009409
-0.009501
-0.009406
-0.009435
-0.009461
-0.008097
-0.007208
-0.006774
-0.007727
-0.008236
-0.009011
-0.009273
-0.009139
-0.009692
-0.008508
-0.008039
-0.005930
-0.004428
-0.004825
-0.006926
-0.010120
-0.010827
-0.011624
-0.011465
-0.009821
-0.007902
-0.005365
-0.005864
-0.007326
-0.008351
-0.008244
-0.005722
-0.005179
-0.004784
-0.006754
-0.007945
-0.005459
-0.003224
-0.001365
-0.002032
-0.002675
-0.002330
-0.002935
-0.003165
-0.004145
-0.003378
-0.001687
-0.000071
0.000396
0.000478
-0.000090
-0.000463
0.000656
0.002791
0.006895
0.008765
0.010801
0.010331
0.009613
0.010101
0.012972
0.015267
0.015700
0.015728
0.015718
0.016423
0.017886
0.020535
0.020639
0.020324
0.017811
0.018804
0.020050
0.019968
0.019304
0.017589
0.017199
0.019157
0.020620
0.019604
0.019757
0.019421
0.019744
0.019769
0.020350
0.019152
0.016090
0.013557
0.011531
0.011126
0.011433
0.010680
0.009515
0.008841
0.008542
0.007965
0.007371
0.007377
0.008374
0.008632
0.007630
0.007084
0.005550
0.004246
0.005637
0.006893
0.008718
0.008663
0.008179
0.009015
0.011082
0.011826
0.013547
0.013119
0.012613
0.011419
0.011234
0.012650
0.012436
0.015917
0.015412
0.017015
0.015315
0.015696
0.011854
0.013816
0.009169
0.009833
-0.004619
-0.006935
-0.008213
-0.030597
-0.009827
-0.002597
0.008358
0.021107
0.038563
0.034884
0.004494
-0.027697
-0.059189
-0.065152
-0.052330
-0.018399
0.004945
0.014023
0.004302
-0.031211
-0.060582
-0.047212
0.002194
0.037030
0.027036
-0.008197
-0.035099
-0.042182
-0.024179
0.013728
0.040500
0.026953
-0.015183
-0.045597
-0.033384
0.021218
0.092537
0.129213
0.091043
0.013114
-0.031711
-0.002199
0.072994
0.126407
0.124450
0.087592
0.051330
0.040062
0.059247
0.093221
0.120680
0.120945
0.101169
0.086851
0.097264
0.127548
0.148773
0.143041
0.119062
0.102255
0.113026
0.135691
0.142819
0.129583
0.111382
0.107060
0.112820
0.117355
0.113646
0.107435
0.109049
0.119003
0.122617
0.111942
0.093172
0.080258
0.081726
0.089947
0.093609
0.082545
0.060815
0.040692
0.030143
0.031168
0.037109
0.037397
0.029401
0.017810
0.008341
0.004853
0.001409
-0.003980
-0.009408
-0.017215
-0.025840
-0.036308
-0.046866
-0.053361
-0.056929
-0.058008
-0.058570
-0.063900
-0.070937
-0.078040
-0.083223
-0.082145
-0.076124
-0.071285
-0.077130
-0.088878
-0.097819
-0.100590
-0.098816
-0.093957
-0.087676
-0.087139
-0.092436
-0.100301
-0.103152
-0.100145
-0.090782
-0.080803
-0.077014
-0.079721
-0.086016
-0.087514
-0.084018
-0.078056
-0.073164
-0.066317
-0.061976
-0.061446
-0.063052
-0.063106
-0.057890
-0.053241
-0.048443
-0.045936
-0.045381
-0.041982
-0.037673
-0.032003
-0.027200
-0.030315
-0.034721
-0.035360
-0.031921
-0.024411
-0.017714
-0.015250
-0.018341
-0.021988
-0.024151
-0.024692
-0.021594
-0.016763
-0.012677
-0.011624
-0.012811
-0.018077
-0.023283
-0.026480
-0.026312
-0.024106
-0.023488
-0.023926
-0.029336
-0.031663
-0.031350
-0.028888
-0.025016
-0.026593
-0.032165
-0.037161
-0.038986
-0.037595
-0.036433
-0.037284
-0.038701
-0.041059
-0.042491
-0.045553
-0.047716
-0.047225
-0.046093
-0.045421
-0.044951
-0.045806
-0.045076
-0.044621
-0.044317
-0.044915
-0.049373
-0.052512
-0.054605
-0.051131
-0.046651
-0.044032
-0.044329
-0.045707
-0.046559
-0.046432
-0.043779
-0.040462
-0.037121
-0.036972
-0.037044
-0.035069
-0.031672
-0.028685
-0.029078
-0.029856
-0.031670
-0.032614
-0.030207
-0.028600
-0.023978
-0.019469
-0.017318
-0.017036
-0.018357
-0.019795
-0.018863
-0.017321
-0.013712
-0.010368
-0.010267
-0.009213
-0.008219
-0.007301
-0.007032
-0.005280
-0.006770
-0.006246
-0.004533
-0.001785
0.002927
0.002977
0.002539
0.000841
0.000907
0.003258
0.005238
0.006704
0.005762
0.003928
0.002941
0.002814
0.004336
0.005247
0.005024
0.004545
0.004022
0.005453
0.007593
0.007383
0.007912
0.007684
0.008285
0.008836
0.008488
0.009087
0.006703
0.004634
0.004642
0.008449
0.010887
0.009719
0.007530
0.005133
0.004759
0.005760
0.006284
0.006825
0.006901
0.005705
0.005112
0.006248
0.008777
0.007903
0.005217
0.003889
0.003443
0.004702
0.007317
0.007769
0.006282
0.003791
0.004013
0.007168
0.010594
0.012892
0.010514
0.008005
0.005391
0.007955
0.012256
0.014960
0.016450
0.015146
0.015747
0.016367
0.017843
0.017774
0.017956
0.020840
0.023662
0.025057
0.022980
0.021405
0.022456
0.024269
0.026286
0.026399
0.025765
0.025144
0.024909
0.026565
0.027880
0.026504
0.025327
0.025139
0.026544
0.029980
0.031699
0.031069
0.029848
0.027518
0.025567
0.026555
0.027750
0.027810
0.025909
0.022682
0.021348
0.021290
0.024246
0.026723
0.025828
0.024477
0.021166
0.020235
0.019698
0.019098
0.018708
0.016389
0.015637
0.015295
0.015324
0.015008
0.014204
0.014070
0.014113
0.013883
0.011868
0.010028
0.011857
0.013771
0.015013
0.012799
0.010923
0.010108
0.010017
0.011882
0.012657
0.013328
0.011251
0.008824
0.008619
0.012759
0.015998
0.017641
0.016240
0.013438
0.013108
0.014135
0.017897
0.019454
0.018227
0.016298
0.017364
0.019220
0.021072
0.023951
0.023501
0.021964
0.022137
0.022598
0.024218
0.026281
0.025992
0.027020
0.029151
0.029896
0.030086
0.028779
0.028765
0.030985
0.031566
0.031684
0.029946
0.029128
0.029088
0.029176
0.030781
0.030482
0.029875
0.029350
0.028923
0.028390
0.029068
0.030021
0.028982
0.026529
0.026123
0.024301
0.021603
0.020250
0.019392
0.020448
0.022550
0.023243
0.023421
0.019191
0.012645
0.010263
0.009351
0.011080
0.013135
0.013774
0.010435
0.006582
0.005668
0.006850
0.007721
0.006785
0.005034
0.003111
0.002382
0.004056
0.004662
0.002139
-0.001185
-0.003485
-0.004287
-0.003441
-0.000320
0.001695
0.000453
-0.003182
-0.003845
-0.003762
-0.002739
-0.002034
-0.002214
-0.004418
-0.007171
-0.005653
-0.005151
-0.004027
-0.003778
-0.003121
-0.002235
-0.003213
-0.002395
-0.003801
-0.003665
-0.003414
-0.004180
-0.003952
-0.004285
-0.003285
-0.003608
-0.003834
-0.005530
-0.006551
-0.009046
-0.009498
-0.005033
-0.002004
-0.001749
-0.004976
-0.008477
-0.010764
-0.010283
-0.008817
-0.007766
-0.008220
-0.009956
-0.011978
-0.012580
-0.010264
-0.009534
-0.008860
-0.010132
-0.011885
-0.010178
-0.008279
-0.005994
-0.007822
-0.012333
-0.016508
-0.018223
-0.014994
-0.010717
-0.008095
-0.009522
-0.012941
-0.015393
-0.016384
-0.016083
-0.014516
-0.012835
-0.011966
-0.012469
-0.013817
-0.014688
-0.015385
-0.015071
-0.014707
-0.015463
-0.015384
-0.015491
-0.016583
-0.016030
-0.015693
-0.014938
-0.015132
-0.015167
-0.016985
-0.019218
-0.019231
-0.020565
-0.019859
-0.022303
-0.023973
-0.024067
-0.023559
-0.023222
-0.024879
-0.025742
-0.027257
-0.026140
-0.026237
-0.026567
-0.027936
-0.029535
-0.030201
-0.032326
-0.033960
-0.035403
-0.036035
-0.036598
-0.034861
-0.033171
-0.033003
-0.035239
-0.038558
-0.038306
-0.034920
-0.032197
-0.029712
-0.029485
-0.032387
-0.033810
-0.034986
-0.031347
-0.028670
-0.028056
-0.026650
-0.027519
-0.026543
-0.025131
-0.023319
-0.021853
-0.022780
-0.021671
-0.020134
-0.017013
-0.013738
-0.013178
-0.012968
-0.012436
-0.010798
-0.009658
-0.007798
-0.007153
-0.006057
-0.005548
-0.004029
-0.003329
-0.003151
-0.002616
-0.001198
-0.000109
0.000026
0.002196
0.002587
0.005139
0.006065
0.005236
0.003505
0.001664
0.000161
-0.000678
-0.000544
0.000371
0.000228
-0.000831
-0.002685
-0.005600
-0.005167
-0.004866
-0.004033
-0.005655
-0.007300
-0.008918
-0.009031
-0.006897
-0.005866
-0.005447
-0.007347
-0.009176
-0.011297
-0.009632
-0.005503
-0.001769
-0.001364
-0.004359
-0.007922
-0.009410
-0.007265
-0.005069
-0.003005
-0.002434
-0.002671
-0.003654
-0.004736
-0.003906
-0.002862
-0.001181
-0.000640
0.000597
0.001443
0.001931
0.003899
0.002076
0.002369
0.002966
0.003252
0.002345
0.000612
0.000567
0.002166
0.005325
0.005059
0.005679
0.005685
0.007205
0.009489
0.010605
0.009948
0.008688
0.008129
0.006916
0.008081
0.008042
0.008223
0.006596
0.004697
0.003635
0.003046
0.004062
0.003906
0.003519
0.000840
-0.002027
-0.003400
-0.003705
-0.003246
-0.003402
-0.004293
-0.005386
-0.005080
-0.004805
-0.004538
-0.004622
-0.006374
-0.007039
-0.006509
-0.005432
-0.003760
-0.002853
-0.003518
-0.003592
-0.005088
-0.005451
-0.004584
-0.003180
-0.002446
-0.001495
0.001136
0.002307
0.004086
0.004681
0.007593
0.009673
0.010177
0.010360
0.008868
0.007663
0.009021
0.009368
0.009866
0.011713
0.013392
0.014755
0.015078
0.015627
0.014451
0.014951
0.017091
0.019262
0.019717
0.018096
0.016630
0.016281
0.017255
0.018997
0.018976
0.016955
0.014668
0.013562
0.013209
0.014240
0.014207
0.012771
0.011018
0.010449
0.010579
0.010295
0.011210
0.009482
0.008048
0.007735
0.006871
0.005428
0.003019
0.000412
-0.000032
-0.000022
-0.000476
-0.000507
-0.000679
-0.000150
-0.000034
-0.001152
-0.003264
-0.003898
-0.003044
-0.001472
-0.001638
-0.001894
-0.003235
-0.003581
-0.003241
-0.002011
-0.000336
-0.000726
0.000581
0.001574
0.002842
0.002982
0.003977
0.004212
0.005379
0.008075
0.009423
0.009121
0.009671
0.011266
0.011952
0.012252
0.010455
0.010833
0.012246
0.013885
0.013981
0.012494
0.011577
0.011882
0.012592
0.014667
0.015011
0.011906
0.008576
0.007133
0.007778
0.009245
0.011599
0.010414
0.009162
0.006661
0.004763
0.003684
0.003176
0.002979
0.002868
0.005246
0.006555
0.005867
0.002626
0.001368
0.000302
0.000847
0.001823
0.002906
0.004000
0.001465
0.000040
0.000442
0.002454
0.003699
0.002666
0.000252
-0.000965
0.000696
0.002374
0.003553
0.003193
0.001708
0.001066
-0.000566
0.000455
0.001446
0.001226
0.001514
0.001018
0.002276
0.002063
0.001268
0.000433
0.001323
0.001554
0.003150
0.004884
0.004607
0.004746
0.004685
0.006402
0.006672
0.005301
0.002917
0.002763
0.003320
0.004694
0.004702
0.001040
-0.000146
0.001549
0.002677
0.002117
-0.000703
-0.004085
-0.006513
-0.006132
-0.004749
-0.005159
-0.007155
-0.011707
-0.013655
-0.013914
-0.013838
-0.013008
-0.014302
-0.014979
-0.015647
-0.015433
-0.013698
-0.012790
-0.012747
-0.016467
-0.019598
-0.020968
-0.020103
-0.019917
-0.019234
-0.017752
-0.019453
-0.018977
-0.018011
-0.016879
-0.017403
-0.018484
-0.019353
-0.017075
-0.014792
-0.014198
-0.013538
-0.013388
-0.012145
-0.010740
-0.010076
-0.013343
-0.015793
-0.016416
-0.014229
-0.010207
-0.008031
-0.008202
-0.008365
-0.009784
-0.010862
-0.009691
-0.008644
-0.006567
-0.006330
-0.005892
-0.003773
-0.004097
-0.004371
-0.006390
-0.009113
-0.008592
-0.006398
-0.003754
-0.003984
-0.005398
-0.007539
-0.006841
-0.005861
-0.006254
-0.007426
-0.009129
-0.010278
-0.011204
-0.010047
-0.009204
-0.009952
-0.012457
-0.013058
-0.011983
-0.010422
-0.010805
-0.012128
-0.015946
-0.018810
-0.015963
-0.012028
-0.008190
-0.009203
-0.011305
-0.012421
-0.010661
-0.008595
-0.008034
-0.008040
-0.009932
-0.010025
-0.009395
-0.006818
-0.006226
-0.006754
-0.006294
-0.006613
-0.006477
-0.004942
-0.004132
-0.002859
-0.003514
-0.004071
-0.002415
-0.000944
-0.000708
-0.003368
-0.003873
-0.003927
-0.003133
-0.003611
-0.003781
-0.004227
-0.002839
-0.001582
-0.000950
-0.000516
-0.001187
-0.000356
-0.001132
0.000307
-0.000004
0.000085
0.000645
-0.001556
-0.002973
-0.001990
-0.001447
-0.000555
-0.000936
-0.002370
-0.003132
-0.002982
-0.003310
-0.005486
-0.006763
-0.006967
-0.006388
-0.006452
-0.005181
-0.005472
-0.005418
-0.006572
-0.006522
-0.005166
-0.004647
-0.002353
-0.002538
-0.003922
-0.005903
-0.007208
-0.006277
-0.003553
-0.001390
-0.000752
-0.000112
-0.002668
-0.004566
-0.003745
-0.002331
0.001951
0.004477
0.006005
0.006060
0.004410
0.004407
0.005652
0.009035
0.012146
0.013415
0.011134
0.008571
0.008497
0.009642
0.012169
0.012673
0.012885
0.013105
0.014216
0.015062
0.013784
0.011905
0.010055
0.010499
0.011855
0.013284
0.012831
0.012067
0.010636
0.007678
0.006869
0.007828
0.009161
0.009785
0.009362
0.008310
0.007897
0.006771
0.006227
0.005701
0.005414
0.005146
0.004075
0.004148
0.003382
0.001898
0.001293
0.002611
0.003641
0.004358
0.004495
0.004412
0.004742
0.004436
0.003457
0.003901
0.005174
0.005843
0.004962
0.003370
0.001800
0.004097
0.006430
0.006222
0.007275
0.007078
0.008402
0.007231
0.006373
0.007340
0.007919
0.005622
0.002034
0.000947
0.003058
0.008306
0.011785
0.011644
0.009206
0.006478
0.002677
0.002518
0.003681
0.003542
0.003372
0.001917
0.001112
0.001002
0.000781
0.001840
0.003699
0.003131
0.001092
0.000378
0.001793
0.002802
0.002853
0.002875
0.003721
0.004560
0.004404
0.004816
0.002188
0.001631
0.001742
0.001652
0.002054
0.000594
0.000549
0.000624
0.002821
0.003005
0.002513
0.000735
0.000244
0.001358
0.000803
0.002676
0.003889
0.005382
0.004167
0.001430
0.001390
0.002897
0.004632
0.004631
0.004140
0.004910
0.005868
0.007873
0.010495
0.012190
0.012146
0.010320
0.010839
0.011241
0.013314
0.014834
0.015179
0.015133
0.015072
0.016425
0.016990
0.016451
0.014285
0.013468
0.012080
0.011939
0.010879
0.009204
0.008557
0.008347
0.008175
0.007417
0.006970
0.006235
0.005866
0.004758
0.003467
0.002297
0.000150
-0.000484
-0.001048
-0.003134
-0.004023
-0.006710
-0.007917
-0.008262
-0.007124
-0.007294
-0.009183
-0.010348
-0.010789
-0.009856
-0.010531
-0.011841
-0.014955
-0.016367
-0.016508
-0.015048
-0.013801
-0.012536
-0.011868
-0.012623
-0.012857
-0.011710
-0.009887
-0.010442
-0.011517
-0.012905
-0.012561
-0.012316
-0.011408
-0.011172
-0.010797
-0.010560
-0.010347
-0.009960
-0.010287
-0.009574
-0.010727
-0.009773
-0.010199
-0.009735
-0.009472
-0.008890
-0.007222
-0.006435
-0.005406
-0.006004
-0.005209
-0.005312
-0.004240
-0.005035
-0.006668
-0.007806
-0.008009
-0.006156
-0.005947
-0.005839
-0.006825
-0.007604
-0.007508
-0.009209
-0.009919
-0.009658
-0.007777
-0.005757
-0.005733
-0.005240
-0.005740
-0.005879
-0.005007
-0.005164
-0.006272
-0.006579
-0.007488
-0.006237
-0.004578
-0.004942
-0.006313
-0.008924
-0.009632
-0.007524
-0.006324
-0.007188
-0.008217
-0.010155
-0.009641
-0.008431
-0.006973
-0.006214
-0.007092
-0.007881
-0.008453
-0.007995
-0.009142
-0.012414
-0.013123
-0.013793
-0.012496
-0.009761
-0.009544
-0.008763
-0.009522
-0.010094
-0.012454
-0.012838
-0.013100
-0.013823
-0.013735
-0.012365
-0.010302
-0.009780
-0.009591
-0.010285
-0.009638
-0.010412
-0.008527
-0.008210
-0.008412
-0.009537
-0.011568
-0.010830
-0.008539
-0.006074
