-0.028146
-0.029923
-0.027704
-0.026877
-0.017638
-0.015358
-0.019702
-0.031554
-0.040645
-0.042869
-0.038554
-0.030673
-0.020529
-0.015123
-0.020984
-0.033999
-0.046606
-0.045649
-0.031288
-0.014747
-0.014966
-0.025653
-0.042621
-0.052933
-0.048600
-0.030554
-0.008239
0.002269
-0.004574
-0.024970
-0.045002
-0.046985
-0.027161
-0.003923
0.003155
-0.014358
-0.037440
-0.044451
-0.030774
-0.012140
0.000585
0.005742
-0.003051
-0.016053
-0.025106
-0.018545
-0.001581
0.016419
0.027450
0.022083
0.009197
0.000071
0.000878
0.009380
0.017092
0.018593
0.018834
0.022697
0.028797
0.023767
0.017251
0.023433
0.036650
0.043826
0.036513
0.029977
0.032028
0.038312
0.044691
0.048973
0.055842
0.055851
0.043361
0.027880
0.019233
0.022012
0.033000
0.045555
0.052550
0.050303
0.037915
0.023421
0.016133
0.021199
0.031961
0.040080
0.036145
0.024002
0.011360
0.007083
0.011555
0.014898
0.013155
0.003102
-0.004301
-0.008285
-0.005882
-0.003462
-0.004785
-0.006813
-0.009132
-0.012867
-0.016832
-0.016861
-0.015802
-0.014679
-0.016022
-0.019593
-0.022012
-0.026176
-0.032979
-0.039159
-0.044861
-0.044094
-0.042411
-0.044063
-0.049601
-0.054428
-0.054970
-0.050205
-0.043929
-0.044210
-0.047574
-0.049686
-0.047406
-0.042995
-0.040218
-0.038578
-0.041246
-0.045348
-0.046304
-0.045384
-0.044699
-0.047278
-0.050032
-0.049221
-0.045226
-0.040863
-0.040527
-0.044876
-0.046590
-0.043990
-0.038080
-0.033726
-0.033219
-0.034143
-0.034644
-0.030932
-0.029191
-0.031666
-0.037052
-0.038807
-0.034139
-0.028024
-0.023510
-0.025291
-0.027979
-0.026903
-0.021408
-0.015717
-0.012330
-0.013613
-0.017440
-0.019039
-0.018775
-0.014048
-0.010673
-0.010396
-0.010795
-0.012462
-0.012727
-0.011067
-0.008999
-0.006755
-0.005038
-0.002668
-0.000522
-0.001879
-0.004335
-0.005245
-0.003709
0.000000
0.000463
-0.002520
-0.006570
-0.008752
-0.005903
-0.003959
-0.004757
-0.007465
-0.009459
-0.009430
-0.008151
-0.006947
-0.007160
-0.008367
-0.008697
-0.006862
-0.006681
-0.009456
-0.014134
-0.016285
-0.014692
-0.008857
-0.005031
-0.005616
-0.008039
-0.010108
-0.008872
-0.005909
-0.005259
-0.007907
-0.012024
-0.015474
-0.014524
-0.011172
-0.005968
-0.004564
-0.005773
-0.008882
-0.011350
-0.012489
-0.012561
-0.008465
-0.002370
0.001697
-0.000753
-0.004762
-0.006435
-0.003607
0.000627
0.005153
0.008711
0.009605
0.007162
0.004214
0.006538
0.012155
0.015411
0.013779
0.009036
0.008047
0.008716
0.009377
0.012372
0.013529
0.015978
0.016828
0.016882
0.015945
0.013041
0.012114
0.014290
0.017404
0.018188
0.016451
0.013249
0.012382
0.012747
0.016098
0.018774
0.021645
0.022921
0.020517
0.017264
0.013971
0.014488
0.016233
0.015862
0.014943
0.014816
0.014476
0.014060
0.013527
0.014503
0.015942
0.018566
0.017376
0.015878
0.014946
0.013898
0.014885
0.014827
0.015198
0.016754
0.018187
0.018207
0.018255
0.017494
0.016981
0.017486
0.019602
0.021130
0.020151
0.019244
0.017696
0.017810
0.018146
0.017363
0.017932
0.017422
0.019084
0.020686
0.021830
0.021543
0.021119
0.021903
0.023824
0.025565
0.026289
0.025005
0.022350
0.023544
0.024679
0.027229
0.028153
0.027724
0.028207
0.029099
0.029635
0.028731
0.026803
0.024124
0.023365
0.022763
0.024191
0.025001
0.022567
0.020764
0.018617
0.018912
0.018876
0.018219
0.017521
0.016452
0.018368
0.018722
0.018001
0.015662
0.014201
0.013234
0.011969
0.011906
0.012433
0.014049
0.013913
0.014528
0.013600
0.011681
0.007204
0.002962
0.001341
0.000917
0.002538
0.002481
0.002727
0.002051
0.002969
0.003351
0.004032
0.005016
0.007050
0.008055
0.007176
0.008764
0.008963
0.009803
0.010407
0.011040
0.011114
0.010414
0.008869
0.008489
0.009525
0.011058
0.010530
0.010186
0.010172
0.011792
0.015342
0.014275
0.014784
0.014375
0.014115
0.016270
0.018945
0.021693
0.021210
0.019768
0.018421
0.017549
0.018172
0.019219
0.018589
0.016415
0.016017
0.016784
0.018386
0.019330
0.018561
0.016913
0.016264
0.016891
0.017603
0.017171
0.015855
0.016164
0.015277
0.012716
0.009539
0.008129
0.007372
0.007841
0.009251
0.009108
0.008829
0.008890
0.008022
0.006865
0.007297
0.007096
0.006859
0.005533
0.004704
0.003959
0.002285
0.000288
-0.002102
-0.001887
-0.002574
-0.003120
-0.004013
-0.005715
-0.007228
-0.008487
-0.009297
-0.009816
-0.012645
-0.015360
-0.016211
-0.016630
-0.015087
-0.015837
-0.015476
-0.015530
-0.017115
-0.018214
-0.017262
-0.014806
-0.013091
-0.013005
-0.014800
-0.017613
-0.020033
-0.021381
-0.022073
-0.021921
-0.021431
-0.020425
-0.023439
-0.025918
-0.025852
-0.024748
-0.022729
-0.021959
-0.021423
-0.021505
-0.019944
-0.019727
-0.020318
-0.019894
-0.019666
-0.018644
-0.018707
-0.020011
-0.020609
-0.020592
-0.020675
-0.020104
-0.020256
-0.020219
-0.019921
-0.020320
-0.021739
-0.022309
-0.021256
-0.022273
-0.023722
-0.025344
-0.024459
-0.023031
-0.023051
-0.021664
-0.022333
-0.021192
-0.019171
-0.018630
-0.018140
-0.019320
-0.020581
-0.019316
-0.018977
-0.020736
-0.022177
-0.022142
-0.022787
-0.023478
-0.023091
-0.025611
-0.026120
-0.026119
-0.024689
-0.023490
-0.023356
-0.023397
-0.026514
-0.026841
-0.027843
-0.027804
-0.027517
-0.027959
-0.027783
-0.029550
-0.029592
-0.027681
-0.027740
-0.031835
-0.034631
-0.034603
-0.033332
-0.032465
-0.033007
-0.035036
-0.037109
-0.037250
-0.036839
-0.034960
-0.033045
-0.032023
-0.032120
-0.032013
-0.029791
-0.028237
-0.027464
-0.026839
-0.026035
-0.027639
-0.028464
-0.028244
-0.029239
-0.029236
-0.029703
-0.027556
-0.026487
-0.026281
-0.027221
-0.027463
-0.024879
-0.024393
-0.023514
-0.021739
-0.018863
-0.017454
-0.017375
-0.018412
-0.018842
-0.017785
-0.017119
-0.016658
-0.016273
-0.016562
-0.015279
-0.013640
-0.014496
-0.015569
-0.016566
-0.015712
-0.014173
-0.012702
-0.012802
-0.012882
-0.013304
-0.012077
-0.010509
-0.010615
-0.010390
-0.010704
-0.009088
-0.007259
-0.005710
-0.003345
-0.003104
-0.004657
-0.005708
-0.004879
-0.002544
-0.002684
-0.001850
-0.003009
-0.002516
-0.002164
-0.003468
-0.002812
-0.002872
-0.001182
0.000062
0.000583
0.001070
0.001956
0.001916
0.002084
0.001574
0.001467
0.000794
0.001410
0.001669
0.002600
0.004375
0.004261
0.005611
0.005193
0.004416
0.004036
0.005171
0.006941
0.007225
0.004943
0.004419
0.006908
0.011456
0.014369
0.014507
0.015034
0.014245
0.015401
0.017698
0.020462
0.021277
0.020805
0.020120
0.019983
0.019926
0.020595
0.020885
0.020089
0.020121
0.020731
0.023656
0.026674
0.028637
0.029834
0.030462
0.031685
0.032102
0.031067
0.030085
0.028809
0.029955
0.030513
0.030550
0.031436
0.031140
0.029499
0.028220
0.026304
0.023896
0.022342
0.022839
0.024630
0.025760
0.026721
0.027887
0.027784
0.026266
0.025424
0.023768
0.023965
0.025334
0.026888
0.027894
0.028519
0.028405
0.026841
0.025733
0.025775
0.024663
0.023595
0.022620
0.021563
0.021718
0.020787
0.020073
0.018969
0.018495
0.017973
0.017416
0.017606
0.017199
0.017094
0.018312
0.019854
0.019452
0.019182
0.019355
0.019518
0.018766
0.018027
0.017914
0.018180
0.018599
0.018259
0.016788
0.015855
0.014568
0.014228
0.016147
0.016019
0.016675
0.014799
0.013104
0.013857
0.015987
0.016991
0.014957
0.014381
0.015255
0.015950
0.015010
0.014085
0.013543
0.014234
0.015253
0.015065
0.013725
0.012202
0.012263
0.012323
0.012299
0.012265
0.010932
0.010859
0.010102
0.009724
0.009288
0.009513
0.009482
0.010098
0.009723
0.008741
0.008749
0.007167
0.008480
0.008011
0.008654
0.008549
0.007415
0.006963
0.006776
0.007124
0.007876
0.009191
0.009414
0.009504
0.007043
0.005711
0.004056
0.003637
0.005773
0.006922
0.006561
0.006777
0.006600
0.004756
0.005744
0.006691
0.005256
0.004445
0.005774
0.008242
0.009550
0.009106
0.008849
0.007530
0.007162
0.007045
0.006955
0.007020
0.007899
0.008968
0.008641
0.007879
0.005489
0.005107
0.004620
0.006353
0.006853
0.003591
0.001032
-0.000925
-0.001939
-0.001583
0.001176
0.001591
0.001054
0.000710
-0.000135
-0.000248
-0.000633
-0.000482
-0.000018
-0.000296
-0.000928
-0.001201
-0.000888
-0.000207
0.000557
-0.000561
-0.002584
-0.004068
-0.004902
-0.005507
-0.005181
-0.003319
-0.001820
-0.000460
-0.001926
-0.003183
-0.004007
-0.003963
-0.003185
-0.003596
-0.004497
-0.004673
-0.006222
-0.007232
-0.007999
-0.008480
-0.008118
-0.011470
-0.012949
-0.015960
-0.017776
-0.017928
-0.017119
-0.016901
-0.018545
-0.018958
-0.019101
-0.019913
-0.021757
-0.022501
-0.023526
-0.021740
-0.021452
-0.021383
-0.023399
-0.025849
-0.025399
-0.025961
-0.024548
-0.025753
-0.027073
-0.028280
-0.030985
-0.033038
-0.034095
-0.034306
-0.033725
-0.034208
-0.034574
-0.035580
-0.036700
-0.036405
-0.037215
-0.036893
-0.037186
-0.038762
-0.040331
-0.040306
-0.040197
-0.037931
-0.036745
-0.035813
-0.036614
-0.037477
-0.036114
-0.035624
-0.034154
-0.033983
-0.034026
-0.035013
-0.033286
-0.031431
-0.029334
-0.027606
-0.027382
-0.027253
-0.028060
-0.029129
-0.028716
-0.026453
-0.024842
-0.023977
-0.026439
-0.027488
-0.026382
-0.026296
-0.025652
-0.024720
-0.023769
-0.024806
-0.026215
-0.027348
-0.027296
-0.026586
-0.024902
-0.022915
-0.021573
-0.020781
-0.020563
-0.021656
-0.022131
-0.022950
-0.026472
-0.027400
-0.027145
-0.023537
-0.021959
-0.022561
-0.023180
-0.023667
-0.022049
-0.020788
-0.018921
-0.017934
-0.016561
-0.016325
-0.016281
-0.016202
-0.016062
-0.015374
-0.015730
-0.015227
-0.014259
-0.013626
-0.013485
-0.012660
-0.011084
-0.007868
-0.005619
-0.004791
-0.004827
-0.005819
-0.005443
-0.004745
-0.004379
-0.003960
-0.002229
-0.001499
0.000314
0.002566
0.004056
0.005634
0.006530
0.006966
0.007758
0.008474
0.008271
0.008621
0.008745
0.008795
0.007960
0.008125
0.009337
0.011298
0.012759
0.011775
0.010862
0.010910
0.011261
0.009684
0.008235
0.008083
0.007213
0.007559
0.008973
0.009605
0.009598
0.010319
0.011082
0.011502
0.011356
0.010607
0.009590
0.007768
0.007246
0.006870
0.005250
0.004170
0.003709
0.004460
0.005301
0.006146
0.007204
0.006972
0.007428
0.008131
0.009036
0.008602
0.008475
0.009488
0.011541
0.012976
0.013286
0.014328
0.012713
0.013429
0.015231
0.017435
0.019521
0.021084
0.020722
0.021339
0.024657
0.025605
0.026904
0.027474
0.029207
0.028290
0.027394
0.028160
0.028774
0.030091
0.030593
0.030585
0.029963
0.031036
0.031468
0.031017
0.029008
0.027617
0.027691
0.027419
0.028923
0.031206
0.030549
0.029031
0.027891
0.026286
0.025632
0.024422
0.023312
0.020604
0.018568
0.018071
0.018295
0.018498
0.017969
0.017943
0.017186
0.016092
0.014372
0.013748
0.012828
0.011814
0.011451
0.010835
0.010708
0.010268
0.011051
0.011177
0.011525
0.010723
0.008904
0.007971
0.007684
0.007897
0.006259
0.006949
0.006378
0.006935
0.007550
0.007857
0.007718
0.007516
0.010286
0.010059
0.009153
0.009551
0.009895
0.009344
0.009107
0.007979
0.009386
0.011532
0.013742
0.015238
0.014729
0.013111
0.011062
0.011115
0.012837
0.013526
0.012630
0.012452
0.012186
0.012941
0.011591
0.011436
0.011184
0.010723
0.010814
0.010266
0.011388
0.009969
0.008338
0.007160
0.006422
0.005777
0.004915
0.005083
0.005354
0.006564
0.006807
0.006186
0.005735
0.005046
0.004909
0.006629
0.007389
0.006111
0.002226
0.000156
0.001305
0.001051
-0.001538
-0.003941
-0.003444
-0.002221
-0.000925
-0.000692
0.001507
0.003442
0.005479
0.004054
0.002250
0.002709
0.002822
0.004906
0.006422
0.008980
0.009157
0.008021
0.007382
0.005888
0.004686
0.005352
0.005834
0.006209
0.005905
0.003323
0.001979
0.002352
0.003008
0.003915
0.003761
0.003682
0.004905
0.004319
0.002847
0.000881
-0.001135
-0.002775
-0.002397
-0.000810
-0.001760
-0.004520
-0.007659
-0.008094
-0.008773
-0.009326
-0.009014
-0.009505
-0.010241
-0.011469
-0.012100
-0.013524
-0.013514
-0.014966
-0.015557
-0.015472
-0.016950
-0.019424
-0.021610
-0.021315
-0.021264
-0.020181
-0.018321
-0.017378
-0.018687
-0.020354
-0.020734
-0.020640
-0.021165
-0.021973
-0.023108
-0.024798
-0.025283
-0.024336
-0.024112
-0.022265
-0.022437
-0.023794
-0.024536
-0.024439
-0.024121
-0.022447
-0.020253
-0.019846
-0.018611
-0.020397
-0.020442
-0.021205
-0.021834
-0.022009
-0.022012
-0.021468
-0.020408
-0.019233
-0.020304
-0.020297
-0.021881
-0.022105
-0.021717
-0.020166
-0.016787
-0.013710
-0.012096
-0.013172
-0.014185
-0.016599
-0.016023
-0.013898
-0.013093
-0.013628
-0.016081
-0.016596
-0.016672
-0.014554
-0.013691
-0.012389
-0.010992
-0.011406
-0.011912
-0.012642
-0.010912
-0.011843
-0.012407
-0.013898
-0.012903
-0.010372
-0.011660
-0.012350
-0.014780
-0.014894
-0.013945
-0.013945
-0.012777
-0.011710
-0.010897
-0.010739
-0.010943
-0.012520
-0.014472
-0.015807
-0.015455
-0.014681
-0.013991
-0.012579
-0.011109
