-0.003197
-0.003749
-0.001525
0.000915
0.002512
0.000559
-0.003647
-0.005936
-0.005043
-0.005524
-0.006480
-0.005738
-0.000766
0.004296
0.004877
0.003168
0.001332
0.003961
0.007721
0.009755
0.007028
0.004194
0.001432
-0.000492
-0.000514
0.000664
0.004179
0.005826
0.005512
0.006053
0.005831
0.004812
0.003444
0.003902
0.006995
0.009871
0.012571
0.011608
0.008324
0.004462
0.002386
0.001434
0.001931
0.003022
0.005333
0.005568
0.004020
0.002910
0.002064
0.003924
0.004741
0.006867
0.007567
0.009407
0.010675
0.009715
0.008040
0.006218
0.006559
0.008221
0.009870
0.010501
0.010982
0.011348
0.009898
0.008114
0.007298
0.007682
0.008419
0.007931
0.008327
0.008769
0.010105
0.010525
0.011338
0.011402
0.013164
0.014408
0.012715
0.010830
0.008434
0.008092
0.009733
0.012437
0.013726
0.014533
0.015906
0.016169
0.016548
0.015761
0.015348
0.015051
0.013092
0.011711
0.009883
0.009681
0.008611
0.009575
0.010838
0.012334
0.014242
0.012792
0.012440
0.012523
0.014209
0.015663
0.015282
0.014034
0.012541
0.011379
0.011320
0.010663
0.009716
0.010058
0.010340
0.009353
0.006459
0.002724
0.001782
0.003518
0.004374
0.003564
0.002748
0.002885
0.002507
0.001811
-0.000743
-0.001674
-0.002738
-0.002975
-0.003477
-0.004316
-0.005903
-0.009454
-0.011169
-0.013598
-0.015310
-0.016238
-0.015790
-0.017335
-0.020838
-0.024619
-0.028080
-0.030096
-0.031795
-0.032730
-0.033436
-0.034546
-0.036593
-0.040041
-0.043443
-0.046194
-0.047870
-0.047027
-0.046520
-0.046264
-0.046946
-0.048834
-0.048962
-0.051556
-0.053889
-0.055981
-0.056781
-0.057278
-0.059459
-0.061564
-0.063936
-0.064662
-0.066611
-0.066481
-0.067226
-0.068511
-0.069375
-0.071447
-0.071781
-0.072194
-0.071887
-0.072658
-0.072553
-0.072723
-0.072880
-0.072666
-0.072868
-0.072298
-0.074326
-0.076186
-0.077903
-0.078974
-0.078313
-0.078680
-0.079064
-0.079090
-0.080106
-0.079753
-0.082002
-0.083857
-0.085495
-0.087292
-0.087624
-0.089019
-0.089791
-0.091158
-0.092153
-0.093092
-0.092175
-0.091977
-0.092956
-0.094742
-0.094573
-0.094196
-0.094061
-0.094157
-0.094737
-0.093390
-0.095030
-0.095599
-0.095016
-0.095365
-0.095902
-0.096336
-0.095089
-0.094398
-0.093711
-0.091847
-0.090769
-0.089654
-0.089887
-0.087884
-0.085223
-0.084025
-0.083673
-0.082143
-0.078364
-0.074996
-0.071283
-0.067844
-0.063437
-0.060655
-0.057330
-0.055795
-0.054450
-0.051490
-0.048698
-0.046148
-0.045083
-0.042525
-0.039974
-0.036696
-0.034974
-0.032244
-0.028431
-0.025883
-0.024037
-0.024219
-0.022037
-0.019151
-0.015818
-0.012238
-0.008832
-0.004631
-0.000615
0.002414
0.004527
0.005773
0.008429
0.009589
0.010798
0.014709
0.016982
0.020432
0.020087
0.020617
0.021528
0.022509
0.025791
0.027110
0.028809
0.030414
0.032684
0.034438
0.035910
0.036844
0.040001
0.044093
0.047264
0.049764
0.050299
0.050185
0.048023
0.046590
0.048238
0.051214
0.053328
0.055072
0.054437
0.053680
0.053730
0.053745
0.056242
0.058932
0.061769
0.063698
0.063532
0.060934
0.061531
0.062080
0.063607
0.066758
0.067352
0.068999
0.067464
0.066863
0.068357
0.069834
0.073065
0.073566
0.073821
0.073613
0.073112
0.073142
0.073161
0.073759
0.073734
0.073955
0.072723
0.072788
0.073778
0.075229
0.076676
0.076002
0.074611
0.072805
0.072288
0.072663
0.072575
0.073319
0.074963
0.076250
0.075681
0.073410
0.070398
0.070189
0.071009
0.072834
0.073821
0.072507
0.071516
0.070610
0.071252
0.072473
0.072947
0.071766
0.070855
0.069787
0.070555
0.070321
0.069474
0.070518
0.070790
0.071782
0.071246
0.071526
0.072816
0.074471
0.076363
0.077680
0.078237
0.078068
0.076755
0.074615
0.074568
0.074544
0.075509
0.074691
0.074774
0.074324
0.072591
0.071241
0.070543
0.070893
0.069246
0.069201
0.069444
0.069515
0.069190
0.068700
0.067756
0.065903
0.064005
0.062991
0.062769
0.062164
0.061730
0.060237
0.059479
0.056939
0.053415
0.049667
0.046774
0.047218
0.047496
0.048336
0.046794
0.045017
0.042844
0.041103
0.039502
0.037668
0.035772
0.033669
0.031286
0.030102
0.029095
0.026867
0.026241
0.024423
0.023049
0.022176
0.022474
0.019854
0.017952
0.015791
0.014594
0.013665
0.011784
0.012013
0.010927
0.010641
0.008238
0.006937
0.005446
0.003333
0.001315
-0.000943
-0.000942
-0.001437
-0.002287
-0.003520
-0.003286
-0.002917
-0.005608
-0.008126
-0.010592
-0.010026
-0.010760
-0.011625
-0.012614
-0.012824
-0.011235
-0.011579
-0.011002
-0.013117
-0.014916
-0.017046
-0.017944
-0.018432
-0.019952
-0.021815
-0.022784
-0.024742
-0.027205
-0.029584
-0.029411
-0.027883
-0.027524
-0.029022
-0.032094
-0.033107
-0.033726
-0.032560
-0.032079
-0.032349
-0.033966
-0.034747
-0.037402
-0.038706
-0.040183
-0.041405
-0.043132
-0.046862
-0.046833
-0.046830
-0.046034
-0.049029
-0.051577
-0.052200
-0.052414
-0.053947
-0.056003
-0.054542
-0.053150
-0.051172
-0.052211
-0.052862
-0.052383
-0.053160
-0.055145
-0.058404
-0.059001
-0.058297
-0.058404
-0.060104
-0.062963
-0.063076
-0.063387
-0.063312
-0.062304
-0.060429
-0.060529
-0.064125
-0.065720
-0.066752
-0.066269
-0.067562
-0.067827
-0.068911
-0.068727
-0.067938
-0.068699
-0.067982
-0.066662
-0.065621
-0.065855
-0.067157
-0.067601
-0.066968
-0.066777
-0.065061
-0.064653
-0.062234
-0.060734
-0.059801
-0.059888
-0.062460
-0.064342
-0.065584
-0.065748
-0.064842
-0.062879
-0.062399
-0.062849
-0.062403
-0.060258
-0.057725
-0.056222
-0.054387
-0.053043
-0.051618
-0.052306
-0.053997
-0.053840
-0.052017
-0.049226
-0.048987
-0.050502
-0.051895
-0.049490
-0.048472
-0.047457
-0.045755
-0.044279
-0.043468
-0.046744
-0.048403
-0.048645
-0.045803
-0.042619
-0.040737
-0.040163
-0.039642
-0.040075
-0.040630
-0.041258
-0.039752
-0.036752
-0.035320
-0.033678
-0.033659
-0.032203
-0.031040
-0.030196
-0.031205
-0.030642
-0.029813
-0.029515
-0.030735
-0.032112
-0.032642
-0.032128
-0.028828
-0.028838
-0.028402
-0.025694
-0.022123
-0.021154
-0.022690
-0.024051
-0.023352
-0.023117
-0.024623
-0.024835
-0.023601
-0.021852
-0.022000
-0.023575
-0.023825
-0.022301
-0.019813
-0.018007
-0.019001
-0.018917
-0.018700
-0.019576
-0.018982
-0.017032
-0.013258
-0.011778
-0.011166
-0.011650
-0.012268
-0.011990
-0.011941
-0.010402
-0.009729
-0.008757
-0.009244
-0.009528
-0.009791
-0.009311
-0.007238
-0.005915
-0.005574
-0.006068
-0.006112
-0.006088
-0.007213
-0.007506
-0.006367
-0.005760
-0.004702
-0.004322
-0.003524
-0.002379
-0.002875
-0.004044
-0.004856
-0.004211
-0.001584
-0.001057
-0.001350
-0.002000
-0.001701
-0.000606
0.000329
0.000759
-0.000364
0.000411
0.001398
0.002598
0.003450
0.002954
0.001325
-0.000233
-0.000700
0.000489
0.002923
0.003370
0.004477
0.004899
0.004697
0.004800
0.005762
0.008113
0.008825
0.009535
0.008837
0.007621
0.007999
0.009904
0.012801
0.013511
0.013241
0.012922
0.011177
0.011672
0.011289
0.012777
0.014307
0.017241
0.019721
0.020235
0.020819
0.021221
0.023245
0.022292
0.023176
0.024437
0.026898
0.027206
0.027390
0.028189
0.030339
0.032534
0.032961
0.033548
0.034819
0.036652
0.038226
0.039803
0.041188
0.043176
0.043394
0.045209
0.045430
0.048859
0.051208
0.053149
0.052714
0.051389
0.054249
0.054339
0.056014
0.056232
0.057474
0.057979
0.058627
0.058579
0.057458
0.057796
0.057451
0.058394
0.059392
0.060204
0.061002
0.061714
0.061531
0.060561
0.062185
0.064373
0.064700
0.064554
0.062696
0.062033
0.060970
0.059048
0.058131
0.059566
0.059578
0.059378
0.057555
0.058132
0.060439
0.059085
0.058426
0.057502
0.058414
0.058736
0.058549
0.057736
0.057109
0.055322
0.054444
0.052705
0.050941
0.049465
0.048911
0.048274
0.046313
0.044833
0.044558
0.043669
0.042351
0.043101
0.043825
0.045324
0.044379
0.044375
0.043558
0.043314
0.043507
0.043701
0.042811
0.041064
0.039307
0.037512
0.036938
0.035717
0.034649
0.035584
0.035882
0.035187
0.034717
0.033237
0.032731
0.032485
0.032506
0.031764
0.033596
0.035514
0.034607
0.033012
0.031929
0.032226
0.032904
0.032786
0.032925
0.032937
0.033022
0.033093
0.032419
0.031747
0.031403
0.032402
0.032013
0.032095
0.032935
0.032161
0.031637
0.029922
0.030832
0.032431
0.033483
0.033241
0.030644
0.028852
0.028892
0.029061
0.028219
0.028326
0.027276
0.026536
0.026421
0.025847
0.024824
0.024170
0.023039
0.021501
0.020432
0.019325
0.018201
0.017712
0.014379
0.012414
0.009828
0.009050
0.009043
0.008697
0.008968
0.007305
0.007395
0.005477
0.005469
0.003924
0.002059
0.001673
0.001378
0.001401
-0.000314
-0.001858
-0.003849
-0.005761
-0.007953
-0.010689
-0.011887
-0.014186
-0.014300
-0.014546
-0.014269
-0.013831
-0.016171
-0.018184
-0.020139
-0.021683
-0.022862
-0.023253
-0.024945
-0.026663
-0.027757
-0.027345
-0.027209
-0.027413
-0.027644
-0.027262
-0.027578
-0.027232
-0.026742
-0.028062
-0.029281
-0.032193
-0.032042
-0.032195
-0.031905
-0.031668
-0.033259
-0.034418
-0.037859
-0.039471
-0.041410
-0.042035
-0.041940
-0.042440
-0.042846
-0.042760
-0.042259
-0.044368
-0.046321
-0.047076
-0.045682
-0.043150
-0.042754
-0.043816
-0.046031
-0.048497
-0.049658
-0.051500
-0.050521
-0.048479
-0.046872
-0.046988
-0.049350
-0.050294
-0.051375
-0.051061
-0.049907
-0.051884
-0.055617
-0.057154
-0.058252
-0.057630
-0.057921
-0.058104
-0.057216
-0.057033
-0.059541
-0.060633
-0.059732
-0.057904
-0.056176
-0.057524
-0.058668
-0.059567
-0.059316
-0.061984
-0.063900
-0.064896
-0.064468
-0.065402
-0.067195
-0.068832
-0.068920
-0.069650
-0.071366
-0.071321
-0.071058
-0.070150
-0.070965
-0.070671
-0.071917
-0.071104
-0.071179
-0.073647
-0.074829
-0.075110
-0.073545
-0.072730
-0.073154
-0.074989
-0.076992
-0.078637
-0.079523
-0.080609
-0.080663
-0.081245
-0.081554
-0.080911
-0.081999
-0.082685
-0.082484
-0.081742
-0.080569
-0.080201
-0.080098
-0.080419
-0.081459
-0.080748
-0.081075
-0.080302
-0.079441
-0.079270
-0.079491
-0.078700
-0.077870
-0.076551
-0.076569
-0.075445
-0.074199
-0.075164
-0.073394
-0.073917
-0.072718
-0.073239
-0.072247
-0.070122
-0.069547
-0.068057
-0.067443
-0.064582
-0.062920
-0.061330
-0.058696
-0.056457
-0.054315
-0.052061
-0.050476
-0.048077
-0.044753
-0.043184
-0.041893
-0.041113
-0.037987
-0.033322
-0.031250
-0.028263
-0.025868
-0.024273
-0.022000
-0.021518
-0.019510
-0.016899
-0.013764
-0.011619
-0.009887
-0.007855
-0.005120
-0.002566
0.000268
0.005266
0.007883
0.010220
0.012195
0.013780
0.015480
0.018856
0.022003
0.025022
0.026578
0.027438
0.028993
0.029748
0.032826
0.034735
0.036925
0.038111
0.038802
0.042034
0.044245
0.044970
0.044959
0.045044
0.046404
0.046886
0.047155
0.048588
0.050143
0.052315
0.054054
0.055561
0.057815
0.059144
0.060678
0.062649
0.064483
0.067057
0.067373
0.068093
0.068579
0.069054
0.068266
0.069244
0.070716
0.072238
0.071952
0.071010
0.071148
0.069793
0.070803
0.069741
0.071160
0.072695
0.074794
0.076025
0.076693
0.077216
0.077234
0.077736
0.077428
0.076848
0.076564
0.076902
0.077177
0.077966
0.076034
0.073392
0.071594
0.070845
0.071451
0.073049
0.074657
0.074430
0.072916
0.072672
0.072352
0.073258
0.074325
0.073786
0.072748
0.072993
0.071718
0.070511
0.070006
0.068700
0.068462
0.068209
0.067541
0.066921
0.066780
0.066506
0.067784
0.068979
0.069595
0.069583
0.069477
0.069039
0.067395
0.065629
0.066108
0.066133
0.066006
0.065254
0.064218
0.063621
0.061917
0.061384
0.060188
0.060495
0.061389
0.061582
0.061757
0.061971
0.062654
0.064013
0.063927
0.063430
0.063091
0.061514
0.060543
0.058522
0.058725
0.058563
0.057700
0.056508
0.052653
0.048412
0.044814
0.043350
0.043104
0.044136
0.044170
0.044473
0.044823
0.043400
0.042589
0.042214
0.040960
0.039767
0.038927
0.037937
0.036743
0.035942
0.034831
0.034327
0.034000
0.031504
0.030285
0.027354
0.025266
0.025466
0.025010
0.025365
0.024493
0.024119
0.023433
0.021480
0.018924
0.017342
0.015496
0.015675
0.014737
0.013720
0.012447
0.011408
0.011152
0.009658
0.010019
0.008872
0.008534
0.006876
0.005064
0.002013
0.000521
0.000140
0.000615
-0.001004
-0.002790
-0.004566
-0.006511
-0.008186
-0.011300
-0.012020
-0.013216
-0.012624
-0.014360
-0.015527
-0.017119
-0.017898
-0.018984
-0.020321
-0.022150
-0.022730
-0.021613
-0.023619
-0.025042
-0.026852
-0.028556
-0.030334
-0.031323
-0.032770
-0.033966
-0.034552
-0.036488
-0.039319
-0.042420
-0.044760
-0.045369
-0.048030
-0.049040
-0.050435
-0.051592
-0.051707
-0.053576
-0.053832
-0.056093
-0.058246
-0.061752
-0.064183
-0.064376
-0.063871
-0.063153
-0.063480
-0.064579
-0.066084
-0.067546
-0.069545
-0.070458
-0.071652
-0.072740
-0.073007
-0.073190
-0.073132
-0.074428
-0.074988
-0.074839
-0.074041
-0.073117
-0.074087
-0.074134
-0.074001
-0.074444
-0.074823
-0.073745
