0.031242
0.032660
0.033915
0.034116
0.034382
0.035450
0.035742
0.035828
0.037082
0.039669
0.040923
0.040927
0.039799
0.038828
0.039009
0.040825
0.041705
0.041433
0.041950
0.041366
0.042691
0.044120
0.044871
0.045587
0.046002
0.046372
0.045917
0.047596
0.048555
0.048574
0.047881
0.047756
0.048640
0.049814
0.049557
0.049364
0.049206
0.048038
0.047824
0.047863
0.049920
0.050628
0.049754
0.049352
0.048184
0.049231
0.050143
0.050019
0.049814
0.048752
0.048042
0.046672
0.047462
0.048328
0.048190
0.047867
0.046329
0.045817
0.046408
0.046605
0.046018
0.045830
0.045515
0.044653
0.043435
0.043343
0.042996
0.042952
0.042428
0.040952
0.040487
0.039624
0.039327
0.039121
0.039071
0.038313
0.037203
0.036903
0.036392
0.035791
0.035167
0.035026
0.035279
0.034708
0.034666
0.033510
0.031815
0.031139
0.030774
0.031230
0.031353
0.029811
0.029041
0.028701
0.027969
0.027887
0.026967
0.026198
0.024573
0.025124
0.026077
0.025657
0.024658
0.022793
0.021652
0.020318
0.021178
0.021737
0.021654
0.021210
0.019821
0.018521
0.018659
0.021016
0.021375
0.019936
0.018014
0.016174
0.016746
0.017133
0.017242
0.016928
0.013624
0.011358
0.010327
0.009257
0.008312
0.008395
0.007240
0.005749
0.005594
0.004829
0.004655
0.003674
0.002247
0.001192
0.000776
0.001364
-0.000356
-0.002853
-0.004591
-0.005725
-0.005281
-0.006155
-0.006465
-0.007696
-0.009027
-0.009918
-0.010767
-0.009829
-0.009945
-0.010544
-0.011761
-0.013738
-0.013744
-0.013353
-0.013692
-0.014489
-0.016531
-0.017292
-0.018205
-0.017747
-0.017350
-0.018793
-0.021114
-0.022582
-0.021967
-0.020614
-0.020164
-0.021807
-0.024110
-0.027242
-0.027480
-0.026154
-0.025535
-0.024728
-0.025868
-0.027890
-0.028616
-0.028936
-0.028243
-0.029366
-0.031872
-0.032710
-0.033749
-0.034690
-0.035300
-0.036073
-0.037108
-0.036247
-0.034950
-0.034255
-0.034754
-0.036293
-0.036308
-0.036940
-0.037209
-0.037276
-0.037696
-0.037971
-0.037438
-0.036893
-0.036355
-0.036039
-0.037450
-0.038611
-0.038722
-0.037780
-0.037170
-0.036885
-0.036364
-0.036809
-0.037675
-0.037626
-0.038464
-0.039048
-0.040413
-0.040881
-0.039952
-0.039401
-0.039895
-0.040422
-0.040519
-0.041141
-0.040428
-0.040713
-0.041339
-0.041378
-0.040807
-0.041694
-0.042256
-0.041260
-0.040559
-0.039905
-0.039845
-0.040289
-0.040407
-0.040334
-0.040650
-0.040523
-0.040460
-0.040957
-0.040293
-0.040942
-0.041835
-0.041860
-0.041773
-0.041066
-0.041022
-0.040997
-0.042190
-0.043269
-0.043642
-0.043577
-0.044005
-0.043796
-0.043134
-0.042486
-0.041894
-0.042855
-0.043595
-0.043649
-0.044721
-0.044516
-0.043452
-0.042754
-0.041129
-0.041519
-0.042074
-0.042305
-0.043422
-0.043332
-0.042580
-0.041904
-0.040577
-0.039934
-0.040018
-0.040280
-0.040801
-0.040627
-0.039831
-0.038858
-0.037599
-0.036425
-0.035582
-0.034767
-0.034629
-0.033881
-0.032843
-0.031795
-0.030477
-0.029448
-0.028793
-0.028728
-0.028404
-0.027699
-0.027386
-0.027500
-0.026920
-0.026286
-0.023713
-0.021861
-0.020673
-0.019557
-0.019418
-0.018558
-0.018674
-0.019111
-0.019195
-0.018466
-0.018355
-0.016606
-0.015611
-0.013952
-0.013977
-0.015121
-0.013484
-0.013456
-0.011985
-0.010728
-0.010259
-0.010554
-0.010971
-0.010376
-0.010170
-0.009384
-0.008311
-0.008718
-0.008827
-0.007901
-0.006523
-0.004705
-0.004255
-0.003763
-0.003728
-0.002745
-0.000455
-0.000003
0.000331
-0.000448
-0.000840
0.000734
0.001833
0.002156
0.000894
0.001112
0.001150
0.001950
0.004113
0.005081
0.005612
0.004139
0.003869
0.005357
0.006530
0.007948
0.008578
0.008567
0.008615
0.008833
0.009944
0.010710
0.012453
0.012965
0.013343
0.014838
0.015958
0.016721
0.016541
0.017068
0.017902
0.019829
0.020513
0.020998
0.022166
0.022523
0.023465
0.023529
0.023399
0.023973
0.024014
0.025738
0.026557
0.026603
0.027593
0.027711
0.028693
0.028890
0.028783
0.029429
0.029891
0.031237
0.032545
0.033224
0.034871
0.035079
0.034627
0.033865
0.033354
0.033848
0.034816
0.035789
0.036722
0.037173
0.037592
0.038128
0.037967
0.038814
0.039321
0.040604
0.041614
0.042507
0.042888
0.043295
0.043064
0.042789
0.043071
0.043103
0.045047
0.044805
0.045008
0.045711
0.046730
0.048128
0.048090
0.048857
0.048200
0.048655
0.048443
0.048087
0.048078
0.048748
0.049602
0.049776
0.049948
0.048578
0.047939
0.048039
0.049334
0.049402
0.050445
0.050588
0.051166
0.051568
0.050415
0.050594
0.050329
0.050716
0.050135
0.048824
0.047998
0.049469
0.051498
0.052162
0.051076
0.047714
0.046057
0.044540
0.046167
0.048116
0.048589
0.049628
0.047622
0.045621
0.044157
0.043549
0.043346
0.043590
0.041624
0.041221
0.041764
0.042296
0.043423
0.043588
0.043882
0.044922
0.046739
0.045937
0.043167
0.039944
0.039792
0.042654
0.045562
0.045509
0.042708
0.037674
0.033899
0.032029
0.032251
0.034049
0.034350
0.033365
0.028882
0.026945
0.029384
0.032185
0.034054
0.033421
0.031906
0.030211
0.029078
0.028472
0.029017
0.029210
0.027004
0.024815
0.023382
0.022059
0.018325
0.013440
0.009275
0.008188
0.010981
0.012572
0.011429
0.007665
0.004452
0.005211
0.008437
0.009925
0.007255
0.003868
0.002171
0.002749
0.002190
-0.000029
-0.003800
-0.007279
-0.007782
-0.007191
-0.005935
-0.006401
-0.008185
-0.011349
-0.013927
-0.014069
-0.014186
-0.014028
-0.014288
-0.014664
-0.013219
-0.013414
-0.014152
-0.017347
-0.021743
-0.023851
-0.021493
-0.018709
-0.018066
-0.018449
-0.021174
-0.023787
-0.027465
-0.029534
-0.030601
-0.029698
-0.027537
-0.024123
-0.023537
-0.026950
-0.032577
-0.038586
-0.039341
-0.038243
-0.036104
-0.034423
-0.036285
-0.042683
-0.048586
-0.050616
-0.044049
-0.034572
-0.030492
-0.030876
-0.038700
-0.046456
-0.047936
-0.040399
-0.028414
-0.021174
-0.029155
-0.044901
-0.059776
-0.059797
-0.050262
-0.044422
-0.040919
-0.042288
-0.047069
-0.055932
-0.058177
-0.052724
-0.042698
-0.038584
-0.034566
-0.029668
-0.027019
-0.024498
-0.024327
-0.026854
-0.035961
-0.046306
-0.046690
-0.034812
-0.023084
-0.025398
-0.037497
-0.045691
-0.042856
-0.034811
-0.030435
-0.025164
-0.021234
-0.021799
-0.026755
-0.029136
-0.022583
-0.012319
-0.011339
-0.025896
-0.043101
-0.050110
-0.043308
-0.029361
-0.022147
-0.025199
-0.036968
-0.048713
-0.052474
-0.047257
-0.036419
-0.028773
-0.027838
-0.033801
-0.040483
-0.044279
-0.043991
-0.043028
-0.042563
-0.046352
-0.050774
-0.051733
-0.054539
-0.055502
-0.057352
-0.057880
-0.058582
-0.061005
-0.064120
-0.064813
-0.063313
-0.060480
-0.057728
-0.059974
-0.064136
-0.067728
-0.067428
-0.065906
-0.064398
-0.066227
-0.068002
-0.068473
-0.066345
-0.065220
-0.066007
-0.065802
-0.066648
-0.066230
-0.066609
-0.065098
-0.063965
-0.061861
-0.060807
-0.060774
-0.062218
-0.063875
-0.062700
-0.060760
-0.057369
-0.054306
-0.053003
-0.053844
-0.052998
-0.053974
-0.053677
-0.050634
-0.046765
-0.041528
-0.038672
-0.036971
-0.038850
-0.043080
-0.042711
-0.037160
-0.031686
-0.029025
-0.031390
-0.033257
-0.031073
-0.028402
-0.025773
-0.026471
-0.026882
-0.025535
-0.022650
-0.019293
-0.016859
-0.015352
-0.015772
-0.015888
-0.014968
-0.012276
-0.011388
-0.010817
-0.011460
-0.010816
-0.008449
-0.006288
-0.003426
-0.003008
-0.002837
-0.001166
0.000413
0.000953
0.001519
0.000855
0.001162
0.003005
0.003873
0.003813
0.002445
0.003875
0.008013
0.011120
0.012168
0.011324
0.013201
0.016102
0.019133
0.020626
0.020127
0.021504
0.023793
0.025514
0.026621
0.026316
0.026734
0.026448
0.024956
0.026638
0.028979
0.031621
0.032358
0.032348
0.033009
0.033551
0.036092
0.038630
0.041216
0.043518
0.044690
0.044858
0.044858
0.044356
0.043605
0.045695
0.048774
0.050864
0.050543
0.048775
0.049252
0.051330
0.054242
0.055357
0.055789
0.056804
0.058059
0.058334
0.057179
0.057677
0.058492
0.060055
0.059444
0.057915
0.055814
0.054915
0.057468
0.059457
0.061568
0.063006
0.064250
0.065090
0.066060
0.066130
0.064231
0.063958
0.064320
0.064912
0.066332
0.064607
0.062628
0.060283
0.059238
0.059157
0.057202
0.055375
0.053696
0.053546
0.054283
0.054634
0.052679
0.050854
0.050024
0.049951
0.049485
0.049088
0.048773
0.047557
0.044423
0.042012
0.041641
0.041361
0.042344
0.041034
0.039972
0.039827
0.040495
0.042331
0.041626
0.039103
0.036834
0.035990
0.037438
0.038417
0.039399
0.039130
0.037458
0.036584
0.035659
0.035773
0.036160
0.036245
0.035408
0.035653
0.036228
0.037481
0.039084
0.038151
0.034911
0.030894
0.029451
0.033157
0.036656
0.036599
0.035591
0.034205
0.034790
0.035072
0.033755
0.033021
0.032829
0.034635
0.035507
0.037418
0.040601
0.042375
0.041315
0.038060
0.038357
0.040048
0.042066
0.041848
0.039389
0.037155
0.036049
0.035933
0.035930
0.035765
0.036690
0.037210
0.037267
0.035138
0.031262
0.030579
0.030257
0.030234
0.027566
0.025108
0.025224
0.026623
0.026113
0.023789
0.023194
0.022226
0.022342
0.019983
0.017096
0.014789
0.015358
0.017570
0.017453
0.017383
0.015123
0.015739
0.016046
0.015198
0.013467
0.010435
0.009240
0.007160
0.005771
0.002771
-0.000864
-0.003207
-0.003203
-0.003713
-0.004028
-0.003802
-0.006037
-0.008711
-0.010870
-0.012401
-0.011820
-0.009667
-0.007689
-0.007973
-0.012791
-0.016148
-0.016083
-0.013276
-0.011651
-0.015438
-0.020430
-0.022449
-0.021847
-0.022233
-0.024855
-0.027417
-0.029191
-0.029424
-0.030645
-0.032031
-0.032823
-0.033957
-0.034675
-0.035998
-0.037445
-0.037520
-0.038217
-0.039231
-0.041324
-0.043943
-0.043277
-0.042567
-0.041421
-0.041208
-0.041870
-0.042997
-0.044066
-0.045542
-0.047099
-0.047300
-0.047666
-0.048143
-0.049673
-0.051067
-0.050612
-0.049735
-0.049263
-0.049103
-0.050561
-0.051883
-0.052696
-0.053495
-0.054286
-0.055561
-0.055855
-0.054778
-0.053099
-0.053490
-0.055057
-0.057296
-0.058570
-0.056216
-0.053760
-0.051729
-0.051207
-0.052353
-0.054040
-0.055597
-0.055507
-0.054831
-0.053898
-0.052621
-0.052072
-0.051223
-0.053116
-0.054615
-0.054903
-0.054369
-0.053037
-0.053970
-0.054293
-0.055682
-0.056050
-0.057154
-0.058075
-0.058758
-0.059456
-0.058637
-0.059622
-0.060627
-0.062690
-0.064186
-0.063989
-0.064225
-0.065415
-0.066247
-0.065363
-0.064723
-0.064046
-0.064959
-0.066257
-0.064822
-0.063269
-0.061837
-0.061885
-0.063070
-0.063306
-0.062765
-0.062059
-0.061132
-0.060026
-0.060061
-0.060979
-0.062811
-0.064238
-0.065027
-0.063792
-0.061699
-0.061296
-0.060402
-0.061167
-0.061141
-0.060434
-0.058429
-0.054737
-0.053358
-0.050555
-0.049097
-0.048566
-0.047572
-0.046488
-0.046602
-0.045136
-0.043148
-0.041952
-0.039017
-0.037833
-0.036797
-0.037561
-0.038478
-0.038597
-0.036725
-0.032780
-0.030461
-0.030141
-0.030766
-0.030545
-0.029345
-0.027199
-0.025680
-0.024725
-0.024167
-0.023818
-0.022568
-0.021241
-0.018738
-0.014686
-0.012711
-0.011692
-0.009430
-0.007288
-0.004996
-0.004283
-0.003141
-0.000438
0.002078
0.005316
0.007297
0.005441
0.003943
0.005028
0.005906
0.007010
0.007530
0.007707
0.009428
0.011544
0.013913
0.015138
0.016626
0.018098
0.019412
0.023008
0.025893
0.026393
0.024832
0.025652
0.028905
0.033085
0.036017
0.036979
0.035438
0.032678
0.031095
0.032310
0.035524
0.038475
0.039974
0.038049
0.036873
0.035737
0.037299
0.038735
0.039804
0.041573
0.041093
0.042659
0.043494
0.042785
0.042510
0.042902
0.044759
0.045758
0.044525
0.044900
0.045543
0.044612
0.043889
0.042928
0.043413
0.044827
0.044751
0.043766
0.042889
0.042988
0.042099
0.043029
0.044101
0.044818
0.046185
0.045625
0.045691
0.045648
0.045944
0.046400
0.046068
0.044945
0.044907
0.045189
0.046039
0.045185
0.043136
0.042128
0.042632
0.043583
0.044115
0.043664
0.043473
0.043840
0.043054
0.044347
0.043571
0.043800
0.043246
0.043587
0.045265
0.045263
0.045196
0.042906
0.042013
0.042954
0.044378
0.045321
0.044379
0.041788
0.039261
0.038082
0.039442
0.039558
0.040006
0.037744
0.035007
0.033888
0.034745
0.037290
0.036978
0.036435
0.033756
0.032978
0.034154
0.036417
0.037474
0.037348
0.036493
0.034232
0.031316
0.030093
0.031736
0.033653
0.034014
0.031271
0.029938
0.029448
0.029491
0.029710
0.030890
0.033497
0.034680
0.033474
0.032377
0.032185
0.032708
0.033316
0.031813
0.031027
0.031206
0.031465
0.030415
0.027363
0.025301
0.025903
0.027331
0.028517
0.028409
0.028824
0.028134
0.027969
0.029076
0.028701
0.029482
0.029387
0.028240
0.026998
0.027879
0.027486
0.027852
0.028125
0.028627
0.029362
0.026541
0.025197
0.024356
0.025644
0.027976
0.028681
0.027108
0.023282
0.021300
0.021205
0.020340
0.020223
0.019336
0.018355
0.017317
0.017298
0.018152
0.017506
0.017489
0.016955
0.017318
0.018417
0.019389
0.018250
0.015129
0.011908
0.009331
0.008635
0.008009
0.006685
0.004015
0.001779
0.002286
0.002820
0.001909
0.001445
0.002648
0.004760
0.005052
0.003954
0.003044
0.002496
0.003580
0.004337
0.001839
-0.001358
-0.004218
-0.004574
-0.003314
-0.003390
-0.005733
-0.008936
-0.011855
-0.012807
-0.010751
-0.009657
-0.010273
-0.012442
-0.014364
-0.013746
-0.011645
-0.012172
-0.012068
-0.013239
-0.016868
-0.017034
-0.015899
-0.014291
-0.014049
-0.016411
-0.018995
-0.020566
-0.019617
-0.017708
-0.018019
-0.021535
-0.025391
-0.026377
-0.022991
-0.020845
-0.021459
-0.024630
-0.027965
-0.026003
-0.023746
-0.023413
-0.025460
-0.027953
-0.028464
-0.027104
-0.026777
-0.029561
-0.033517
-0.034789
-0.034804
-0.034592
-0.035474
-0.038711
-0.041110
-0.042464
-0.042467
-0.043934
-0.045028
-0.046257
-0.047430
-0.048873
-0.050465
-0.051414
-0.050888
-0.050686
-0.051671
-0.051286
-0.051234
-0.049421
-0.050780
-0.052206
-0.054249
-0.056070
-0.057442
-0.059943
-0.060722
-0.062062
-0.061925
-0.063056
-0.063289
-0.063444
-0.062951
-0.061636
-0.060376
-0.059017
-0.058889
-0.057718
-0.056596
-0.055492
-0.056147
-0.056980
-0.057486
-0.058253
-0.057542
-0.056201
-0.056061
-0.056693
-0.057703
-0.057573
-0.055044
-0.053206
-0.052689
-0.052809
-0.052349
-0.050831
-0.049422
-0.048850
-0.048858
-0.048270
-0.047624
-0.048782
-0.050489
-0.052422
-0.053386
-0.053052
-0.052071
-0.050252
-0.048353
-0.046916
-0.046443
-0.045336
-0.044877
-0.042710
-0.040389
-0.039126
-0.038312
-0.037596
-0.037403
-0.039319
-0.040515
-0.041793
-0.041354
-0.040422
-0.039896
-0.040549
-0.041220
-0.040757
-0.039199
-0.038847
-0.038925
-0.039286
-0.039044
-0.037311
-0.038016
-0.038646
-0.039709
-0.039495
-0.038502
-0.038426
-0.038762
-0.038803
-0.038779
-0.038080
-0.036771
-0.034895
-0.034377
-0.033786
-0.033439
-0.033131
-0.030155
-0.027444
-0.024403
-0.024819
-0.025735
-0.024569
-0.021942
-0.019795
-0.019798
-0.020046
-0.019267
-0.017184
-0.014710
-0.010277
-0.006689
-0.004155
-0.002491
-0.002642
-0.001899
0.000454
0.002580
0.002725
0.002450
0.002058
0.002189
0.003406
0.003581
0.004601
0.005156
0.007258
0.009728
0.010847
0.011558
0.011816
0.013384
0.014983
0.017816
0.020651
0.021827
0.022013
0.022064
0.021876
0.022939
0.024514
0.025660
0.024551
0.025121
0.027248
0.029100
0.030199
0.030640
0.033072
0.034182
0.035197
0.035867
0.036225
0.037123
0.038874
0.041197
0.042089
0.040441
0.039343
0.039629
0.042101
0.043669
0.043804
0.044183
0.045520
0.048517
0.050094
0.050904
0.049277
0.048505
0.048661
0.050238
0.052177
0.051518
0.050619
0.050121
0.050614
0.051545
0.052590
0.052752
0.053206
0.052106
0.051904
0.052360
0.051323
0.052206
0.052964
0.053490
0.053882
0.054023
0.054708
0.055286
0.055257
0.055033
0.055593
0.057714
0.058947
0.059108
0.057871
0.056955
0.058223
0.058385
0.057885
0.056794
0.056971
0.056910
0.054814
0.051761
0.048558
0.046593
0.044085
0.043406
0.041793
0.040397
0.039965
0.039456
0.039134
0.037397
0.036304
0.034591
0.034140
0.034023
0.035266
0.035508
0.034382
0.033595
0.032347
0.032359
0.032166
0.030962
0.030614
0.030722
0.029938
0.028027
0.026885
0.025879
0.024801
0.024095
0.022764
0.022425
0.020902
0.021023
0.021502
0.022440
0.023070
0.022943
0.022910
0.022023
0.020693
0.019102
0.018215
0.016961
0.017250
0.015888
0.014815
0.014050
0.012468
0.012736
0.012921
0.013155
0.011572
0.010826
0.010745
0.010243
0.010426
0.010004
0.010578
0.010878
0.012108
0.012686
0.011405
0.010902
0.010628
0.009634
0.010403
0.010279
0.009170
0.009261
0.007933
0.007854
0.008163
0.010038
0.010837
0.010794
0.010660
0.008444
0.007829
0.006456
0.006150
0.005914
0.005554
0.005565
0.003768
0.003449
0.002964
0.002179
0.002215
0.002041
0.002505
0.003611
0.004041
0.003406
0.002779
0.002382
0.003108
0.002986
0.001896
0.000633
-0.000189
0.000418
0.000309
-0.001171
-0.003113
-0.003678
-0.003446
-0.001827
-0.000906
-0.001422
-0.003013
-0.006700
-0.008322
-0.008782
-0.007855
-0.006317
-0.006010
-0.006236
-0.007802
-0.008819
-0.011471
-0.013511
-0.014192
-0.014990
-0.015844
-0.016299
-0.017241
-0.018970
-0.019905
-0.019383
-0.020307
-0.022716
-0.023190
-0.023886
-0.022820
-0.023407
-0.024168
-0.023671
-0.023391
-0.023828
-0.024317
-0.024461
-0.025558
-0.025768
-0.027251
-0.027398
-0.026811
-0.027895
-0.028697
-0.031323
-0.033305
-0.034032
-0.033416
-0.032184
-0.033556
-0.035640
-0.038253
-0.038841
-0.038397
-0.038677
-0.040258
-0.040628
-0.039253
-0.039250
-0.038797
-0.038963
-0.038412
-0.037041
-0.037148
-0.036259
-0.034992
-0.034216
-0.033824
-0.033852
-0.033358
-0.032500
-0.030496
-0.030657
-0.032396
-0.033913
-0.033155
-0.031510
-0.030170
-0.029112
-0.029636
-0.029504
-0.031038
-0.030942
-0.029459
-0.027698
-0.026327
-0.025796
-0.025035
-0.025158
-0.024271
-0.022484
-0.021730
-0.022047
-0.024163
-0.025985
-0.025233
-0.024834
-0.024427
-0.026257
-0.026848
-0.026628
-0.026634
-0.025557
-0.025483
-0.024991
-0.026864
-0.027774
-0.027843
-0.026807
-0.025892
-0.026342
-0.026435
-0.027043
-0.026648
-0.026724
-0.027548
-0.028988
-0.029523
-0.029629
-0.028790
-0.027343
