0.008337
0.007531
0.006846
0.006112
0.005399
0.005871
0.006540
0.006682
0.005561
0.005169
0.004777
0.005385
0.005628
0.005614
0.006558
0.006567
0.007176
0.006430
0.006285
0.005983
0.005918
0.006025
0.005154
0.004418
0.003588
0.003058
0.003248
0.003867
0.005173
0.005285
0.003894
0.002448
0.001685
0.001730
0.002296
0.002271
0.003078
0.003524
0.002406
0.001795
0.000885
0.001892
0.001348
0.000384
0.000082
-0.000637
-0.000542
-0.000723
-0.001197
-0.000768
-0.000422
-0.001282
-0.001743
-0.002360
-0.002379
-0.002780
-0.002745
-0.002132
-0.001548
-0.001111
-0.000786
-0.000311
-0.000214
-0.000127
0.000182
-0.000832
-0.001440
-0.002069
-0.003987
-0.003921
-0.004637
-0.004887
-0.004950
-0.004806
-0.003935
-0.003959
-0.003944
-0.004209
-0.005375
-0.006123
-0.005401
-0.004984
-0.004422
-0.005085
-0.006515
-0.007095
-0.007710
-0.008062
-0.008915
-0.009565
-0.009717
-0.009411
-0.008826
-0.008633
-0.007640
-0.007911
-0.007720
-0.007262
-0.006958
-0.007477
-0.008054
-0.008000
-0.007360
-0.005849
-0.006876
-0.007570
-0.008098
-0.007859
-0.007876
-0.007936
-0.007698
-0.007720
-0.007970
-0.009617
-0.010593
-0.010255
-0.009641
-0.009482
-0.008318
-0.007961
-0.008972
-0.010070
-0.011145
-0.010951
-0.010351
-0.009591
-0.009312
-0.010191
-0.010086
-0.010253
-0.009968
-0.009977
-0.009875
-0.010857
-0.011634
-0.012133
-0.012814
-0.012721
-0.013811
-0.013006
-0.012575
-0.011019
-0.009980
-0.010048
-0.010188
-0.010626
-0.011512
-0.011539
-0.011414
-0.011468
-0.010228
-0.009948
-0.010404
-0.011427
-0.010630
-0.009499
-0.008411
-0.009522
-0.010835
-0.010698
-0.008960
-0.007755
-0.008159
-0.008138
-0.008873
-0.009735
-0.010180
-0.009164
-0.009469
-0.009063
-0.008651
-0.008087
-0.006908
-0.006531
-0.005753
-0.007050
-0.008066
-0.007758
-0.006862
-0.006056
-0.005476
-0.005052
-0.005396
-0.004851
-0.004517
-0.004815
-0.004431
-0.005207
-0.004933
-0.004877
-0.005265
-0.004343
-0.004729
-0.003991
-0.004614
-0.004822
-0.004886
-0.005103
-0.003447
-0.002457
-0.002176
-0.001161
-0.000299
-0.000239
-0.000361
-0.000637
-0.001010
-0.002283
-0.002479
-0.001833
-0.001366
-0.000878
-0.000591
-0.000272
0.000430
-0.000513
0.000102
-0.000031
-0.000828
-0.000161
0.000330
0.002239
0.002831
0.002433
0.001767
0.001153
0.000999
0.000841
0.001094
0.001814
0.002225
0.002362
0.002288
0.002008
0.001788
0.001901
0.001525
0.002002
0.002922
0.003109
0.003299
0.002307
0.002218
0.003279
0.004684
0.003951
0.002994
0.002956
0.002481
0.002091
0.002325
0.003834
0.004724
0.004693
0.004389
0.005000
0.003617
0.003178
0.003020
0.003162
0.003779
0.004809
0.004985
0.003815
0.004426
0.003645
0.004513
0.004529
0.004208
0.003912
0.003562
0.003823
0.003343
0.003377
0.003640
0.003387
0.003389
0.003601
0.004458
0.005831
0.003834
0.003717
0.003909
0.005219
0.006426
0.005343
0.005385
0.004016
0.004087
0.004522
0.005539
0.005872
0.005774
0.006327
0.005653
0.005901
0.005146
0.004185
0.003388
0.003443
0.004904
0.005479
0.005238
0.004366
0.004920
0.005454
0.006439
0.006825
0.006555
0.006179
0.004242
0.003703
0.004479
0.005592
0.004979
0.003562
0.002805
0.002804
0.002254
0.001911
0.002917
0.003364
0.003072
0.002982
0.003285
0.002249
0.002087
0.001759
0.000796
0.001462
0.000400
0.000428
0.000726
0.000692
0.002276
0.001282
0.000840
0.000329
-0.000726
-0.000920
-0.001093
-0.001337
-0.001453
-0.000951
-0.001156
-0.001503
-0.001734
-0.001053
-0.000394
0.001508
0.002028
0.001235
0.001773
0.001020
0.000709
0.000483
-0.000127
-0.000131
-0.000653
-0.001520
-0.001818
-0.002056
-0.001441
-0.000699
-0.000423
-0.001839
-0.001020
-0.000237
-0.000426
-0.000647
-0.001646
-0.001375
-0.001573
-0.000346
0.000732
0.001056
0.001679
0.001651
-0.000277
-0.001606
-0.001316
-0.000013
0.000792
0.001685
0.001717
0.001198
-0.000126
0.000079
0.000905
0.002092
0.003626
0.003120
0.003491
0.002821
0.001938
0.001348
0.002385
0.003033
0.004173
0.004937
0.005642
0.005458
0.003696
0.001519
0.000685
0.003275
0.005176
0.005996
0.004971
0.004157
0.003788
0.004248
0.005315
0.006451
0.007416
0.006801
0.004675
0.003479
0.004249
0.004983
0.007753
0.008278
0.008712
0.006849
0.005322
0.003972
0.003226
0.001957
0.001913
0.001428
0.002002
0.004958
0.004468
0.003718
0.001102
0.002013
0.001413
0.004816
0.000754
-0.000065
-0.006329
-0.003015
-0.007998
-0.002470
-0.008790
-0.006059
-0.015345
-0.026773
-0.011659
-0.042933
-0.031638
-0.027784
-0.019980
-0.020140
-0.008415
0.009699
-0.000343
-0.035741
-0.071412
-0.067391
-0.061976
-0.043817
-0.008631
0.016993
0.014751
-0.051255
-0.095712
-0.098809
-0.093445
-0.029008
-0.007761
-0.023949
-0.068092
-0.082359
-0.071609
-0.060489
-0.034259
-0.038726
-0.047350
-0.072131
-0.069228
-0.026617
0.015138
0.039258
-0.008726
-0.086732
-0.113737
-0.065367
0.010679
0.033125
-0.004039
-0.065683
-0.096408
-0.071955
-0.014288
0.036785
0.044823
0.016303
-0.021547
-0.030126
0.010433
0.068425
0.093902
0.061358
0.009570
-0.010767
0.017135
0.062452
0.077226
0.051839
0.020881
0.020076
0.044569
0.065101
0.072900
0.072244
0.073202
0.075911
0.076162
0.076807
0.080147
0.088911
0.098261
0.098708
0.088704
0.082747
0.078463
0.076005
0.071429
0.072120
0.077923
0.081507
0.080245
0.068451
0.062242
0.066264
0.078770
0.085364
0.074784
0.061251
0.053835
0.059149
0.068511
0.065555
0.051506
0.034850
0.030787
0.036304
0.039112
0.031110
0.019574
0.013684
0.015065
0.021761
0.016187
0.002749
-0.008994
-0.006961
0.003822
0.004193
-0.004534
-0.019259
-0.027062
-0.026022
-0.021515
-0.021779
-0.034069
-0.044487
-0.045681
-0.039783
-0.035263
-0.043270
-0.056075
-0.064130
-0.059744
-0.049276
-0.047716
-0.055285
-0.065789
-0.066399
-0.058627
-0.052735
-0.058415
-0.073891
-0.080239
-0.073228
-0.064829
-0.066577
-0.076906
-0.083698
-0.080066
-0.073842
-0.068927
-0.071361
-0.076156
-0.079285
-0.078288
-0.069447
-0.068729
-0.073449
-0.078956
-0.068338
-0.054203
-0.057342
-0.069581
-0.081093
-0.082733
-0.089100
-0.082787
-0.065918
-0.060696
-0.061916
-0.056046
-0.034705
-0.025738
-0.043776
-0.051660
-0.043333
-0.038696
-0.038977
-0.029687
-0.024432
-0.051122
-0.081610
-0.077008
-0.035146
-0.000799
0.005423
-0.006551
-0.022980
-0.031403
-0.016893
0.010089
0.031210
0.027311
0.003449
-0.016376
-0.025597
-0.016605
0.005674
0.034054
0.037122
0.005619
-0.030329
-0.026848
0.018369
0.054795
0.044050
0.001541
-0.022449
-0.003273
0.034763
0.054543
0.041041
0.014128
0.005924
0.021334
0.039005
0.035027
0.014028
-0.000173
0.008380
0.029957
0.038969
0.029570
0.015857
0.014119
0.024277
0.032360
0.033917
0.029625
0.025450
0.025428
0.024572
0.024389
0.027164
0.030819
0.034924
0.030529
0.020507
0.012823
0.016360
0.028135
0.034500
0.031212
0.021743
0.016318
0.017378
0.021909
0.023989
0.022535
0.021107
0.019845
0.017793
0.019855
0.022440
0.025283
0.026648
0.025920
0.025212
0.024107
0.021839
0.019177
0.020462
0.022365
0.021398
0.016791
0.014668
0.017479
0.024764
0.030213
0.029949
0.025213
0.015671
0.011132
0.015438
0.022505
0.026477
0.021823
0.016226
0.014125
0.012665
0.011998
0.010534
0.011372
0.014100
0.014457
0.010845
0.006347
0.005681
0.008676
0.013017
0.012771
0.006701
-0.000075
-0.000561
0.005638
0.010229
0.009866
0.004395
0.002308
0.004796
0.007532
0.009220
0.007261
0.005662
0.006601
0.009650
0.012029
0.010811
0.008958
0.006223
0.006001
0.007422
0.008394
0.007823
0.003522
0.002525
0.002976
0.006817
0.010392
0.008551
0.005700
0.003005
0.004200
0.007037
0.006862
0.005437
0.002474
0.001905
0.004559
0.004780
0.003724
0.000221
-0.002101
-0.000191
0.002125
0.002767
0.001125
-0.002259
-0.003183
-0.000319
0.002333
0.002973
-0.000610
-0.005416
-0.007003
-0.005487
-0.005357
-0.006474
-0.008083
-0.009152
-0.008370
-0.008369
-0.009107
-0.011270
-0.013228
-0.012205
-0.010050
-0.008178
-0.010907
-0.016489
-0.019058
-0.019137
-0.014375
-0.013246
-0.015168
-0.017747
-0.018562
-0.016909
-0.017648
-0.018382
-0.017953
-0.016837
-0.016815
-0.014748
-0.013628
-0.012787
-0.011862
-0.013292
-0.016757
-0.019240
-0.019992
-0.017439
-0.013114
-0.012394
-0.012944
-0.013471
-0.013257
-0.011830
-0.011480
-0.010869
-0.008797
-0.007289
-0.007511
-0.008088
-0.007655
-0.008232
-0.006039
-0.004945
-0.006032
-0.006745
-0.009410
-0.010456
-0.009803
-0.008973
-0.006744
-0.004029
-0.000532
0.001466
0.001614
0.006831
0.008325
0.003004
-0.002824
-0.008205
-0.008009
-0.007500
-0.004432
-0.000884
0.002121
0.006352
0.009680
0.012274
0.007236
0.002367
-0.001924
-0.003506
0.000382
0.004861
0.008267
0.007982
0.002869
0.001336
-0.000974
-0.003142
-0.000452
-0.001409
-0.000647
-0.000382
0.001906
0.003549
0.002959
0.001325
-0.000040
-0.000938
-0.001710
-0.003569
-0.007610
-0.008288
-0.007153
-0.002534
-0.000728
-0.002436
-0.006608
-0.009368
-0.008271
-0.008158
-0.008803
-0.010793
-0.010194
-0.006403
-0.005932
-0.010642
-0.013606
-0.014631
-0.011503
-0.008665
-0.010797
-0.014138
-0.014934
-0.011718
-0.009529
-0.011196
-0.017718
-0.020964
-0.019098
-0.015192
-0.015834
-0.020747
-0.022065
-0.019371
-0.014671
-0.014259
-0.018269
-0.020450
-0.018926
-0.017336
-0.018971
-0.021624
-0.020941
-0.019229
-0.018626
-0.020421
-0.022956
-0.023164
-0.020631
-0.017358
-0.017245
-0.019626
-0.020476
-0.019776
-0.019633
-0.020116
-0.020918
-0.018423
-0.015098
-0.014919
-0.018729
-0.021317
-0.021223
-0.017328
-0.011553
-0.008809
-0.009935
-0.013117
-0.014029
-0.012983
-0.008412
-0.004697
-0.003686
-0.006385
-0.007159
-0.005377
-0.002419
-0.000817
-0.004436
-0.007849
-0.005576
0.000314
0.003697
0.002826
0.001992
0.004635
0.006423
0.008899
0.006686
0.002616
0.001804
0.004815
0.011312
0.015635
0.017079
0.016055
0.015436
0.016034
0.017097
0.015729
0.013796
0.012972
0.013934
0.017062
0.019459
0.022297
0.021385
0.022029
0.022300
0.022357
0.021320
0.020825
0.023423
0.023754
0.024842
0.024955
0.025311
0.024336
0.024160
0.024513
0.026391
0.026214
0.026447
0.026762
0.024700
0.022520
0.021162
0.022880
0.023326
0.024132
0.023762
0.025481
0.026889
0.025696
0.023870
0.020621
0.018650
0.020083
0.023324
0.026118
0.026031
0.023549
0.023864
0.024046
0.025797
0.026868
0.026894
0.024537
0.021764
0.021966
0.024737
0.028431
0.027554
0.024719
0.020150
0.019939
0.021763
0.021898
0.022024
0.023095
0.023740
0.019275
0.016888
0.018627
0.020941
0.021641
0.019339
0.016425
0.017199
0.020590
0.019913
0.016614
0.014552
0.018290
0.022869
0.021997
0.018466
0.015335
0.015188
0.012545
0.009673
0.009131
0.009245
0.012115
0.012369
0.009547
0.007284
0.006457
0.007765
0.005497
0.001696
-0.000331
0.000728
0.003396
0.000906
-0.003860
-0.006874
-0.003106
-0.001913
-0.004401
-0.009774
-0.012427
-0.010802
-0.009811
-0.009759
-0.013515
-0.012835
-0.010763
-0.010057
-0.014115
-0.017214
-0.018720
-0.019603
-0.020651
-0.021705
-0.018886
-0.014955
-0.015036
-0.019487
-0.022690
-0.023002
-0.020574
-0.018406
-0.018742
-0.020628
-0.019991
-0.020088
-0.022697
-0.026877
-0.029082
-0.027815
-0.026361
-0.024485
-0.024559
-0.026151
-0.026753
-0.026075
-0.025883
-0.028153
-0.028802
-0.029687
-0.030583
-0.031017
-0.028269
-0.026553
-0.028940
-0.031452
-0.033242
-0.030719
-0.026147
-0.020735
-0.018463
-0.018970
-0.019944
-0.016292
-0.008786
-0.002787
-0.003011
-0.007098
-0.012686
-0.017592
-0.019085
-0.018295
-0.015013
-0.013582
-0.013727
-0.013500
-0.013865
-0.014067
-0.013392
-0.013707
-0.014527
-0.015349
-0.015518
-0.011831
-0.007614
-0.008365
-0.008469
-0.010404
-0.009718
-0.009420
-0.008898
-0.005965
-0.002229
0.002086
0.000913
-0.001258
-0.005299
-0.005376
-0.004110
-0.000386
-0.000544
-0.003947
-0.004249
-0.002224
0.001812
0.001795
-0.000939
-0.006582
-0.006059
-0.003516
-0.000247
-0.001305
-0.005888
-0.008629
-0.008114
-0.004110
-0.003567
-0.003394
-0.006962
-0.009462
-0.009582
-0.008140
-0.007493
-0.009494
-0.010829
-0.011049
-0.010272
-0.011026
-0.010775
-0.011267
-0.009776
-0.012579
-0.012326
-0.012611
-0.014379
-0.010896
-0.015417
-0.013208
-0.016708
-0.018309
-0.015262
-0.014500
-0.012052
-0.014575
-0.014690
-0.012937
-0.011863
-0.014916
-0.019574
-0.021570
-0.016882
-0.011894
-0.010976
-0.012926
-0.016748
-0.019351
-0.019080
-0.017566
-0.016691
-0.017308
-0.017596
-0.017991
-0.019762
-0.020052
-0.019945
-0.017572
-0.016028
-0.016843
-0.016185
-0.015856
-0.014444
-0.010743
-0.007406
-0.006469
-0.007406
-0.009489
-0.009705
-0.010128
-0.010014
-0.011600
-0.013237
-0.012346
-0.009670
-0.005125
-0.004308
-0.007481
-0.012479
-0.014527
-0.010746
-0.005187
-0.003095
-0.003263
-0.003470
-0.003144
-0.002150
0.000523
0.001973
0.001965
0.000508
-0.002359
-0.003786
-0.004047
-0.004189
-0.001452
-0.000249
-0.000572
-0.001526
-0.001890
-0.002227
-0.004169
-0.007774
-0.011319
-0.006411
-0.002296
0.000697
-0.000538
-0.001394
-0.001841
-0.001616
-0.001108
-0.003709
-0.003310
-0.004858
-0.003394
-0.003500
-0.003541
-0.003905
-0.004150
-0.001732
-0.001918
-0.004034
-0.007116
-0.006752
-0.005011
-0.002372
-0.000808
0.002481
0.003767
0.002667
0.001513
-0.000503
-0.000257
-0.000456
0.000286
-0.002717
-0.004692
-0.004662
-0.002374
0.000962
0.005710
0.008352
0.009209
0.008177
0.002668
-0.001534
-0.004187
-0.000119
0.007191
0.013810
0.015835
0.013347
0.008433
0.008023
0.009860
0.013172
0.016916
0.018567
0.019308
0.017648
0.016434
0.015251
0.015245
0.017138
0.018528
0.016791
0.017240
0.017479
0.018293
0.019004
0.018705
0.022029
0.023766
0.025404
0.023545
0.019757
0.020052
0.021906
0.025021
0.024715
0.024281
0.025004
0.024825
0.023965
0.021561
0.021800
0.022960
0.024416
0.027272
0.027253
0.025959
0.024293
0.023429
0.023972
0.025218
0.028879
0.031878
0.031328
0.029311
0.027461
0.028556
0.030998
0.032533
0.032635
0.029509
0.028686
0.030978
0.033781
0.033990
0.029778
0.025169
0.024889
0.027378
0.030862
0.029858
0.025359
0.023915
0.025970
0.031265
0.034982
0.031744
0.026424
0.024864
0.028263
0.032661
0.032116
0.028513
0.024210
0.024880
0.026870
0.028419
0.026415
0.021924
0.019900
0.018233
0.019527
0.020446
0.020160
0.021568
0.022205
0.022068
0.023249
0.023489
0.023254
0.020505
0.019835
0.020387
0.020165
0.020880
0.019090
0.015866
0.012768
0.011909
0.012007
0.012438
0.010297
0.008613
0.007082
0.006914
0.008044
0.007365
0.006161
0.006409
0.006472
0.005217
0.004934
0.002688
0.003118
0.002704
0.002944
0.000070
-0.003357
-0.003692
-0.003084
0.000440
0.002698
0.003109
-0.000714
-0.004941
-0.005819
-0.003455
-0.002960
-0.004959
-0.007185
-0.008859
-0.008008
-0.004912
-0.005152
-0.006789
-0.010288
-0.013371
-0.011611
-0.009160
-0.008315
-0.010792
-0.013125
-0.012546
-0.010642
-0.010133
-0.011434
-0.014562
-0.017212
-0.016909
-0.014844
-0.014192
-0.015394
-0.016335
-0.016812
-0.016668
-0.016775
-0.018646
-0.019296
-0.020571
-0.021859
-0.022225
-0.022042
-0.020734
-0.020286
-0.021496
-0.024473
-0.024738
-0.025222
-0.025630
-0.026589
-0.028785
-0.027699
-0.024807
-0.022940
-0.025271
-0.029260
-0.030889
-0.029276
-0.026268
-0.022732
-0.022129
-0.021841
-0.021759
-0.022364
-0.022109
-0.023164
-0.022663
-0.023275
-0.024083
-0.024376
-0.024673
-0.023133
-0.022193
-0.022339
-0.023983
-0.025698
-0.024027
-0.021972
-0.019747
-0.017996
-0.016951
-0.017695
-0.018766
-0.018999
-0.018832
-0.017611
-0.017339
-0.015958
-0.017410
-0.019272
-0.020931
-0.022052
-0.021027
-0.022248
-0.021778
-0.020603
-0.019087
-0.018686
-0.019101
-0.018229
-0.017895
-0.017976
-0.017208
-0.017874
-0.018573
-0.018496
-0.018872
-0.019645
-0.022010
-0.022227
-0.021078
-0.018597
-0.018171
-0.020998
-0.023399
-0.023699
-0.022204
-0.020382
-0.020700
-0.020771
-0.019726
-0.016712
-0.014625
-0.017144
-0.020326
-0.022261
-0.021417
-0.019768
-0.018343
-0.018787
-0.018717
-0.017365
-0.016424
-0.016404
-0.017914
-0.021288
-0.023169
-0.021400
-0.019477
-0.016353
-0.014972
-0.014506
-0.014761
-0.013618
-0.012314
-0.012386
-0.011457
-0.012883
-0.011509
-0.010800
-0.011232
-0.009146
-0.007127
-0.006420
-0.007811
-0.009695
-0.010311
-0.009943
-0.008819
-0.007834
-0.007881
-0.009294
-0.009455
-0.006721
-0.006909
-0.007297
-0.006450
-0.006254
-0.005404
-0.004977
-0.004922
-0.006240
-0.005493
-0.004133
-0.004237
-0.004820
-0.005088
-0.005036
-0.004917
-0.004366
-0.006392
-0.008120
-0.007951
-0.006284
-0.005454
-0.004993
-0.005097
-0.005174
-0.005421
-0.006090
-0.006120
-0.007031
-0.005103
-0.004397
-0.004647
-0.004051
-0.005527
-0.005691
-0.005492
-0.003816
-0.002436
-0.001762
-0.002261
-0.003979
-0.004421
-0.004363
-0.004142
-0.003575
-0.002590
-0.001260
-0.001062
-0.001593
-0.000862
-0.000286
0.002069
0.002123
0.001963
0.001929
-0.000006
0.001006
0.002929
0.003929
0.004150
0.004353
0.006155
0.005858
0.006509
0.007521
0.008963
0.009919
0.009252
0.009144
0.008502
0.009367
0.009108
0.009366
0.010592
0.011262
0.010930
0.008739
0.008786
0.010513
0.012016
0.014668
0.013907
0.015099
0.017034
0.017074
0.016559
0.013780
0.012541
0.014307
0.015653
0.016318
0.015800
0.013619
0.015115
0.016849
0.017492
0.017867
0.016894
0.016544
0.017391
0.016684
0.016772
0.019390
0.020435
0.019298
0.017887
0.016895
0.018570
0.020231
0.018928
0.018011
0.017814
0.018702
0.020153
0.021299
0.022181
0.022733
0.022312
0.021732
0.021404
0.020167
0.020236
0.021028
0.020698
0.020081
0.020231
0.020060
0.018801
0.017939
0.018049
0.017803
0.019500
0.018651
0.017107
0.016656
0.016070
0.018270
0.020386
0.021891
0.022233
0.022908
0.022059
0.021591
0.022312
0.022717
0.021184
0.019770
0.020199
0.022850
0.025382
0.024887
0.022697
0.021698
0.022102
0.023761
0.022177
0.018440
0.017328
0.017569
0.021180
0.021651
0.020726
0.018535
0.017351
0.017408
0.016908
0.019211
