0.125509
0.128351
0.125474
0.116820
0.109906
0.108006
0.111912
0.109687
0.096716
0.078725
0.064340
0.062712
0.070951
0.079657
0.075095
0.055341
0.030489
0.014849
0.018858
0.031363
0.031505
0.011639
-0.015200
-0.026201
-0.015656
-0.000270
-0.000221
-0.020885
-0.042869
-0.047289
-0.041152
-0.043723
-0.060436
-0.076072
-0.073664
-0.060532
-0.057593
-0.070610
-0.091610
-0.102983
-0.097466
-0.084873
-0.084658
-0.101760
-0.117503
-0.119181
-0.102734
-0.085393
-0.087270
-0.111195
-0.135849
-0.137921
-0.121423
-0.107069
-0.110797
-0.124931
-0.134307
-0.129808
-0.118655
-0.112607
-0.116776
-0.123417
-0.120479
-0.110875
-0.105749
-0.114932
-0.127890
-0.127100
-0.111422
-0.094762
-0.095055
-0.109800
-0.122237
-0.121663
-0.107581
-0.096838
-0.099922
-0.108848
-0.110058
-0.098787
-0.086031
-0.082281
-0.091436
-0.101207
-0.100831
-0.092113
-0.084165
-0.085672
-0.092699
-0.094333
-0.087148
-0.079769
-0.079481
-0.087404
-0.095012
-0.094435
-0.085116
-0.077928
-0.079554
-0.087366
-0.091601
-0.085271
-0.076571
-0.073483
-0.079318
-0.083750
-0.082927
-0.079249
-0.076276
-0.080084
-0.084344
-0.084997
-0.079923
-0.075216
-0.076280
-0.079665
-0.082028
-0.078256
-0.071868
-0.068357
-0.071220
-0.077669
-0.079462
-0.073434
-0.066136
-0.065099
-0.068532
-0.071633
-0.069343
-0.063997
-0.062637
-0.065364
-0.069413
-0.067585
-0.059437
-0.051937
-0.050028
-0.053920
-0.056486
-0.055173
-0.051571
-0.046898
-0.043607
-0.044321
-0.043428
-0.040067
-0.036347
-0.034026
-0.035916
-0.036493
-0.032939
-0.026717
-0.022383
-0.022739
-0.027292
-0.026756
-0.021575
-0.016401
-0.012380
-0.011328
-0.009084
-0.008729
-0.005767
-0.003769
-0.004757
-0.004770
-0.003625
0.000650
0.004909
0.008032
0.007119
0.006803
0.007138
0.007402
0.008001
0.006273
0.008375
0.012198
0.014482
0.015693
0.013609
0.010646
0.010347
0.010571
0.013268
0.016099
0.015868
0.014678
0.014229
0.013784
0.013834
0.014016
0.014244
0.015875
0.016940
0.017701
0.016754
0.016039
0.014050
0.014125
0.014342
0.016109
0.018482
0.017644
0.016173
0.013070
0.010747
0.010482
0.013980
0.017422
0.018588
0.018464
0.020447
0.023152
0.025119
0.023267
0.021330
0.021496
0.024273
0.028167
0.029171
0.028875
0.025375
0.025093
0.026147
0.028673
0.029751
0.030209
0.029802
0.033085
0.036346
0.039036
0.043048
0.043248
0.046936
0.050975
0.056004
0.059764
0.060113
0.055014
0.051787
0.051613
0.054879
0.056788
0.060656
0.065343
0.068358
0.067144
0.065562
0.062425
0.059544
0.061882
0.064425
0.072875
0.075178
0.076537
0.076848
0.074313
0.070285
0.070499
0.070893
0.072794
0.072688
0.072277
0.077540
0.077897
0.074058
0.067973
0.067719
0.072200
0.077206
0.077406
0.074164
0.070121
0.065963
0.064276
0.066242
0.068761
0.070678
0.070412
0.067326
0.065750
0.065458
0.066408
0.065436
0.062682
0.060010
0.059393
0.062951
0.066703
0.064251
0.059499
0.056584
0.059043
0.062113
0.060421
0.058423
0.055735
0.056493
0.060239
0.062541
0.061711
0.059551
0.058114
0.057223
0.056801
0.055874
0.054717
0.054515
0.055746
0.058628
0.060749
0.060259
0.057130
0.054337
0.052402
0.052039
0.052319
0.052719
0.054183
0.052689
0.050580
0.050373
0.049555
0.048406
0.048517
0.048541
0.049705
0.049819
0.049818
0.047565
0.044758
0.044537
0.045868
0.046322
0.044777
0.042048
0.038491
0.038241
0.037260
0.035597
0.034417
0.033171
0.033355
0.033707
0.032437
0.031100
0.030863
0.030691
0.028223
0.027290
0.027210
0.026920
0.026171
0.022900
0.021789
0.021766
0.019778
0.016562
0.014305
0.013441
0.011714
0.007109
0.005824
0.005357
0.003849
0.001506
-0.001081
0.001083
0.003208
0.003682
0.000850
-0.003198
-0.006925
-0.008512
-0.007862
-0.008811
-0.010901
-0.012942
-0.012315
-0.010740
-0.011499
-0.015238
-0.019598
-0.022208
-0.021234
-0.020712
-0.021914
-0.021926
-0.022315
-0.022782
-0.026401
-0.029759
-0.029331
-0.027273
-0.025394
-0.025344
-0.027697
-0.030954
-0.031567
-0.031044
-0.029486
-0.028653
-0.029933
-0.031567
-0.032948
-0.034793
-0.036398
-0.036310
-0.036536
-0.036946
-0.038931
-0.040718
-0.041955
-0.042777
-0.041363
-0.041881
-0.041928
-0.043744
-0.043218
-0.040567
-0.040448
-0.040183
-0.042192
-0.043729
-0.045178
-0.045697
-0.046887
-0.047885
-0.048557
-0.047206
-0.046629
-0.048457
-0.050424
-0.050881
-0.050431
-0.052918
-0.054030
-0.055600
-0.054020
-0.051589
-0.048193
-0.047884
-0.048956
-0.050880
-0.051288
-0.051784
-0.051714
-0.049734
-0.051816
-0.052671
-0.055548
-0.053613
-0.054593
-0.055481
-0.058831
-0.061308
-0.060546
-0.057911
-0.056089
-0.057777
-0.059021
-0.060954
-0.056876
-0.054538
-0.051759
-0.052424
-0.054935
-0.057231
-0.057194
-0.055255
-0.055281
-0.055435
-0.055812
-0.056076
-0.055832
-0.054290
-0.050165
-0.047882
-0.048440
-0.051448
-0.055583
-0.056122
-0.055155
-0.052617
-0.051198
-0.052833
-0.055804
-0.053145
-0.048605
-0.045964
-0.050429
-0.056330
-0.057520
-0.056217
-0.052380
-0.053476
-0.055567
-0.056609
-0.053159
-0.046925
-0.046724
-0.051152
-0.054075
-0.052811
-0.050362
-0.049061
-0.048943
-0.047205
-0.043834
-0.041795
-0.043294
-0.046024
-0.049698
-0.052315
-0.055247
-0.056700
-0.054776
-0.051555
-0.049313
-0.049559
-0.048471
-0.046152
-0.045103
-0.049398
-0.052311
-0.053856
-0.050244
-0.045184
-0.041346
-0.039247
-0.038824
-0.037720
-0.039688
-0.039592
-0.037551
-0.034452
-0.032531
-0.032054
-0.031582
-0.027049
-0.018673
-0.011379
-0.014237
-0.025455
-0.035732
-0.037013
-0.032471
-0.027700
-0.024441
-0.020821
-0.015701
-0.014951
-0.016772
-0.022099
-0.024859
-0.021756
-0.015641
-0.010062
-0.008393
-0.008532
-0.006763
-0.005855
-0.008705
-0.013924
-0.015905
-0.010490
-0.003648
0.001868
0.001036
-0.001584
-0.000336
0.001426
0.001368
0.000056
-0.000635
0.002909
0.007734
0.009057
0.010641
0.009219
0.007467
0.005804
0.005350
0.006962
0.010581
0.014284
0.013234
0.010150
0.009229
0.013004
0.016059
0.015075
0.012259
0.011871
0.015817
0.019391
0.019819
0.016560
0.014239
0.015405
0.017739
0.018827
0.017711
0.016108
0.016597
0.019494
0.021426
0.023453
0.023974
0.025575
0.026825
0.027767
0.028986
0.028782
0.028353
0.028823
0.031736
0.033185
0.033688
0.032657
0.030677
0.029623
0.031444
0.032807
0.032625
0.032559
0.032424
0.032528
0.033986
0.035045
0.035234
0.036588
0.034571
0.036659
0.038667
0.042336
0.046027
0.044580
0.042577
0.039565
0.037993
0.037444
0.039806
0.041538
0.045284
0.044401
0.043531
0.041254
0.039436
0.042346
0.044366
0.047638
0.044845
0.044925
0.045555
0.048765
0.050186
0.047805
0.047211
0.045978
0.048924
0.050119
0.050879
0.051539
0.053247
0.055439
0.055649
0.055019
0.051634
0.048808
0.048681
0.050935
0.053444
0.054663
0.054139
0.052686
0.050356
0.048195
0.049022
0.050759
0.052386
0.052671
0.053041
0.053771
0.054520
0.053531
0.049922
0.047217
0.045213
0.047252
0.050478
0.052535
0.050827
0.046917
0.046473
0.047655
0.048433
0.048513
0.050200
0.050056
0.045990
0.041175
0.039610
0.042317
0.045839
0.046955
0.046150
0.043558
0.042216
0.042627
0.043634
0.043607
0.041110
0.039742
0.039843
0.043970
0.047603
0.048116
0.045258
0.042210
0.039343
0.038462
0.039770
0.039489
0.039843
0.037584
0.035256
0.032429
0.031903
0.031372
0.030827
0.030127
0.029072
0.030565
0.030913
0.030909
0.031490
0.029176
0.025710
0.022824
0.022235
0.026100
0.026894
0.027317
0.025658
0.021299
0.015971
0.011570
0.012625
0.013175
0.015178
0.015013
0.012672
0.013119
0.012037
0.011795
0.009567
0.009464
0.010106
0.011218
0.011534
0.007814
0.005699
0.003320
0.004390
0.005072
0.002760
-0.000480
-0.003902
-0.006105
-0.006655
-0.007530
-0.008940
-0.008540
-0.008463
-0.007342
-0.006949
-0.008413
-0.011435
-0.014146
-0.014741
-0.013608
-0.011419
-0.010754
-0.012633
-0.014859
-0.015979
-0.017458
-0.018377
-0.020087
-0.020688
-0.020265
-0.017854
-0.018299
-0.019820
-0.021114
-0.022443
-0.023183
-0.023109
-0.020658
-0.021404
-0.023011
-0.025304
-0.025853
-0.026886
-0.027810
-0.028220
-0.026399
-0.024833
-0.026114
-0.028908
-0.031432
-0.031525
-0.030581
-0.029515
-0.030487
-0.032590
-0.034774
-0.035405
-0.034601
-0.034068
-0.034225
-0.033866
-0.034313
-0.034564
-0.035682
-0.037025
-0.036964
-0.035067
-0.034536
-0.034851
-0.036999
-0.038053
-0.036307
-0.034329
-0.034062
-0.037484
-0.040176
-0.041405
-0.039522
-0.038820
-0.039603
-0.040809
-0.040925
-0.038810
-0.035939
-0.035566
-0.037478
-0.038424
-0.038241
-0.038368
-0.038356
-0.038903
-0.039336
-0.040188
-0.042527
-0.043666
-0.046930
-0.048040
-0.048598
-0.047201
-0.044427
-0.044319
-0.046201
-0.048101
-0.048073
-0.051067
-0.051951
-0.051947
-0.050560
-0.047988
-0.047541
-0.046675
-0.048330
-0.049673
-0.047874
-0.045656
-0.045059
-0.046563
-0.049207
-0.049211
-0.048057
-0.049955
-0.051399
-0.052034
-0.050078
-0.047955
-0.047074
-0.044613
-0.045493
-0.045446
-0.046277
-0.046637
-0.047075
-0.049168
-0.048590
-0.046920
-0.043310
-0.040490
-0.040243
-0.043412
-0.044270
-0.042059
-0.038998
-0.037889
-0.038976
-0.040467
-0.040316
-0.037301
-0.037141
-0.037722
-0.037997
-0.036299
-0.031720
-0.029900
-0.030600
-0.030803
-0.030407
-0.029296
-0.027656
-0.027283
-0.026361
-0.023208
-0.021696
-0.020097
-0.018567
-0.019627
-0.021517
-0.022014
-0.019249
-0.016717
-0.014957
-0.013221
-0.012525
-0.012018
-0.012872
-0.014448
-0.014023
-0.011872
-0.010326
-0.010283
-0.011578
-0.012784
-0.011447
-0.009276
-0.006019
-0.004797
-0.006849
-0.006119
-0.004886
-0.004580
-0.005399
-0.003832
-0.000386
0.001684
0.000843
-0.001484
-0.003005
-0.003604
-0.002991
-0.002528
-0.000936
-0.000974
-0.001398
0.000369
0.002154
0.003566
0.003915
0.002910
0.002214
0.001725
0.003124
0.004989
0.006490
0.007904
0.009868
0.011978
0.011647
0.010265
0.009451
0.011642
0.013234
0.014067
0.015674
0.014952
0.015407
0.014597
0.015203
0.016493
0.017256
0.017442
0.017565
0.019715
0.020985
0.023053
0.021727
0.020771
0.021092
0.024016
0.027586
0.029600
0.028909
0.025702
0.024062
0.024335
0.029089
0.033186
0.035509
0.034747
0.032877
0.032912
0.031574
0.031549
0.033693
0.035599
0.037812
0.038718
0.037585
0.037441
0.037036
0.037764
0.039230
0.040203
0.039740
0.038298
0.037902
0.038186
0.039717
0.040386
0.041191
0.040667
0.039794
0.040047
0.039165
0.038150
0.037379
0.036063
0.037452
0.038722
0.038234
0.036984
0.035665
0.035114
0.035836
0.036907
0.037491
0.036256
0.035852
0.037876
0.039383
0.042345
0.041165
0.040578
0.039859
0.039395
0.039672
0.038925
0.038932
0.036991
0.036719
0.037340
0.039263
0.039280
0.037547
0.036741
0.035792
0.035069
0.035612
0.036085
0.035177
0.033923
0.032756
0.032696
0.032791
0.032400
0.030155
0.029344
0.030242
0.032461
0.033922
0.032996
0.031921
0.030374
0.031541
0.031852
0.030576
0.029571
0.029207
0.028945
0.028345
0.028883
0.028551
0.027205
0.025254
0.024113
0.022916
0.021952
0.020982
0.018653
0.015829
0.015764
0.018253
0.018262
0.016049
0.014860
0.014642
0.013570
0.013840
0.014044
0.014250
0.012921
0.009368
0.006440
0.004732
0.005198
0.006330
0.005723
0.003881
0.002466
0.001991
0.001141
0.000692
0.000798
0.001724
0.002442
0.001690
0.000679
-0.001529
-0.001892
-0.001298
0.000260
0.000384
-0.000505
-0.002215
-0.004678
-0.003361
-0.002990
-0.003139
-0.004098
-0.006788
-0.006640
-0.006482
-0.005464
-0.008255
-0.012435
-0.013919
-0.013499
-0.010145
-0.009219
-0.012025
-0.016464
-0.015881
-0.014202
-0.012086
-0.011879
-0.015248
-0.017730
-0.017759
-0.016983
-0.017053
-0.018716
-0.020869
-0.020466
-0.019557
-0.018904
-0.019856
-0.023494
-0.025907
-0.025514
-0.026550
-0.025642
-0.026262
-0.027419
-0.027739
-0.027593
-0.025818
-0.025457
-0.026671
-0.029142
-0.028520
-0.029094
-0.027368
-0.027663
-0.029824
-0.028931
-0.028902
-0.028709
-0.030695
-0.031676
-0.032337
-0.030947
-0.030879
-0.032263
-0.032402
-0.032182
-0.032138
-0.032413
-0.032322
-0.032440
-0.030184
-0.029934
-0.030351
-0.030409
-0.030995
-0.030770
-0.031049
-0.030650
-0.029583
-0.028386
-0.027876
-0.028633
-0.030073
-0.031425
-0.033284
-0.034020
-0.032573
-0.030257
-0.027616
-0.027572
-0.027884
-0.028731
-0.028943
-0.027660
-0.028875
-0.031034
-0.032046
-0.030865
-0.028257
-0.027736
-0.031656
-0.035056
-0.035242
-0.032737
-0.031455
-0.031248
-0.030969
-0.030649
-0.029642
-0.029167
-0.029307
-0.031973
-0.032645
-0.031161
-0.029637
-0.027147
-0.025962
-0.028230
-0.031598
-0.032755
-0.031515
-0.030463
-0.029425
-0.030678
-0.030765
-0.029595
-0.027436
-0.025207
-0.026435
-0.027222
-0.028570
-0.024762
-0.021542
-0.019693
-0.020571
-0.022550
-0.022757
-0.020869
-0.016459
-0.015904
-0.016549
-0.018774
-0.017090
-0.014877
-0.013216
-0.013955
-0.015125
-0.012811
-0.010426
-0.007900
