0.025297
0.025168
0.024371
0.025352
0.025260
0.025629
0.026017
0.026889
0.027591
0.026749
0.026512
0.025858
0.026638
0.025109
0.026184
0.025929
0.024964
0.026214
0.026226
0.028146
0.027395
0.026798
0.027067
0.028154
0.028997
0.027545
0.028578
0.028326
0.027952
0.027188
0.027317
0.027590
0.028477
0.030151
0.029935
0.028442
0.026334
0.026565
0.025387
0.024256
0.022767
0.022897
0.025084
0.026514
0.025241
0.022279
0.020832
0.019818
0.020322
0.022014
0.022273
0.022330
0.021457
0.018462
0.016118
0.015559
0.017256
0.019375
0.020224
0.017780
0.015998
0.015643
0.014703
0.014237
0.014978
0.012422
0.009027
0.010589
0.011012
0.007773
0.002684
0.001478
0.002914
-0.000477
-0.004877
-0.004814
-0.003088
-0.005796
-0.010837
-0.008620
-0.004293
-0.007873
-0.014964
-0.014896
-0.008775
-0.007022
-0.008393
-0.012364
-0.016601
-0.020200
-0.021076
-0.018858
-0.016763
-0.019118
-0.022425
-0.023569
-0.025799
-0.026908
-0.028065
-0.026548
-0.026434
-0.026798
-0.030175
-0.026905
-0.030516
-0.024384
-0.033683
-0.032607
-0.037713
-0.034296
-0.042777
-0.055531
-0.040606
-0.083992
-0.077279
-0.067518
-0.069835
-0.086625
-0.056903
-0.050731
-0.111853
-0.124515
-0.128081
-0.107308
-0.088662
-0.024339
0.029715
-0.028482
-0.123023
-0.179191
-0.173357
-0.140322
-0.063758
0.031120
0.035270
-0.089186
-0.256401
-0.289561
-0.192682
-0.082952
-0.026434
-0.056563
-0.145433
-0.209973
-0.173435
-0.003659
0.173220
0.230041
0.131992
-0.059099
-0.184179
-0.139884
0.043788
0.204428
0.193411
0.013486
-0.184889
-0.242683
-0.104324
0.128360
0.275921
0.236424
0.077997
-0.040819
-0.020214
0.095926
0.201021
0.226641
0.180243
0.112439
0.062425
0.054658
0.089842
0.152606
0.199761
0.190221
0.118360
0.038932
0.036845
0.125135
0.229226
0.245783
0.159746
0.058859
0.040066
0.110443
0.185312
0.197177
0.146591
0.092297
0.077792
0.092446
0.100339
0.088555
0.072062
0.070090
0.079844
0.075244
0.046715
0.013477
0.002963
0.021019
0.044263
0.042322
0.013213
-0.022229
-0.038528
-0.027233
-0.006747
0.004915
-0.007977
-0.035493
-0.055794
-0.060510
-0.057518
-0.059257
-0.066558
-0.080376
-0.094498
-0.104444
-0.100392
-0.091063
-0.089199
-0.096351
-0.107364
-0.110120
-0.107876
-0.104757
-0.105467
-0.104547
-0.103320
-0.103742
-0.111339
-0.125122
-0.134013
-0.131508
-0.116842
-0.104949
-0.108582
-0.125196
-0.133016
-0.125602
-0.109886
-0.101319
-0.102828
-0.106253
-0.106474
-0.098352
-0.092077
-0.094920
-0.101031
-0.101127
-0.093686
-0.085053
-0.083269
-0.084951
-0.084213
-0.078997
-0.073283
-0.071097
-0.073178
-0.081688
-0.084354
-0.075538
-0.065816
-0.061751
-0.061921
-0.062264
-0.062132
-0.058808
-0.049548
-0.043578
-0.046063
-0.050744
-0.049175
-0.041690
-0.035877
-0.029682
-0.021259
-0.019189
-0.030708
-0.045470
-0.045383
-0.030942
-0.016823
-0.013290
-0.018777
-0.025242
-0.030681
-0.031446
-0.024432
-0.010239
-0.002886
-0.009480
-0.019946
-0.025056
-0.019924
-0.009828
-0.001636
-0.000783
-0.009818
-0.020858
-0.021957
-0.012054
-0.001689
-0.002724
-0.011334
-0.018956
-0.018086
-0.011583
-0.006974
-0.006233
-0.008005
-0.005340
-0.000524
0.001423
-0.001476
-0.003906
-0.001503
0.003551
0.004865
0.001793
-0.001932
-0.002807
0.003550
0.010268
0.015071
0.013004
0.008732
0.008613
0.012823
0.017457
0.020669
0.024169
0.024866
0.026177
0.027149
0.028412
0.029805
0.033202
0.036180
0.037999
0.037495
0.035477
0.034452
0.035859
0.041795
0.048535
0.050849
0.048587
0.045365
0.042065
0.042930
0.047100
0.051654
0.055288
0.055004
0.052769
0.051045
0.051833
0.053323
0.053353
0.052985
0.052460
0.051864
0.051670
0.053201
0.053299
0.052743
0.050209
0.048703
0.048563
0.048344
0.047184
0.043683
0.042047
0.040761
0.040469
0.038610
0.036626
0.035775
0.035819
0.037465
0.037840
0.035762
0.030766
0.025975
0.025902
0.028186
0.030051
0.027830
0.023888
0.022768
0.024252
0.026538
0.026669
0.025219
0.021914
0.019516
0.020774
0.024616
0.026706
0.027131
0.026106
0.025878
0.025822
0.027042
0.027762
0.026060
0.024540
0.023802
0.026247
0.030094
0.033515
0.033875
0.032141
0.029988
0.029261
0.030266
0.033130
0.035690
0.036758
0.038437
0.038158
0.037073
0.037318
0.039178
0.039392
0.039849
0.040730
0.041861
0.042129
0.041676
0.042770
0.042028
0.041603
0.039335
0.038196
0.039140
0.040078
0.041720
0.042564
0.039729
0.036914
0.034308
0.032695
0.033217
0.033678
0.033613
0.033164
0.033008
0.030812
0.028431
0.026438
0.028375
0.030784
0.030456
0.028321
0.027705
0.028299
0.028001
0.028083
0.027761
0.027895
0.025629
0.021254
0.017967
0.018090
0.018912
0.019677
0.020536
0.019495
0.015965
0.012636
0.013678
0.013480
0.010140
0.007149
0.006012
0.007323
0.009550
0.010551
0.010431
0.008966
0.005616
0.002068
0.001535
0.003442
0.004728
0.003329
0.001767
0.001103
-0.000813
-0.003924
-0.007705
-0.007308
-0.006271
-0.003501
-0.001503
-0.002826
-0.004237
-0.005723
-0.003806
-0.003050
-0.004894
-0.008364
-0.012557
-0.013012
-0.011470
-0.010163
-0.010163
-0.013575
-0.017859
-0.021791
-0.020708
-0.018403
-0.018718
-0.020144
-0.021259
-0.021390
-0.022576
-0.023587
-0.024856
-0.023693
-0.023145
-0.024829
-0.028824
-0.030313
-0.029205
-0.028577
-0.027984
-0.029054
-0.029533
-0.030650
-0.031996
-0.032252
-0.031542
-0.030489
-0.031356
-0.033227
-0.036064
-0.039179
-0.039201
-0.037988
-0.035822
-0.033974
-0.033612
-0.034652
-0.036944
-0.038662
-0.039174
-0.040306
-0.040077
-0.039902
-0.039172
-0.039469
-0.040306
-0.042103
-0.044319
-0.042543
-0.041406
-0.040303
-0.041277
-0.040758
-0.041523
-0.042032
-0.041608
-0.040370
-0.038458
-0.040360
-0.043030
-0.044985
-0.043289
-0.039977
-0.036916
-0.036463
-0.037848
-0.039499
-0.042041
-0.043002
-0.041579
-0.043237
-0.042744
-0.039591
-0.038745
-0.038556
-0.040381
-0.042521
-0.042717
-0.040206
-0.034744
-0.029563
-0.030032
-0.033534
-0.035816
-0.034549
-0.029273
-0.024655
-0.023372
-0.027169
-0.033300
-0.035263
-0.031115
-0.024901
-0.022751
-0.025312
-0.029488
-0.028953
-0.024327
-0.019568
-0.017948
-0.021015
-0.022037
-0.020964
-0.019577
-0.017287
-0.014858
-0.011636
-0.010505
-0.012553
-0.016236
-0.016260
-0.010387
-0.003364
-0.000940
-0.004696
-0.010675
-0.012667
-0.010227
-0.005985
-0.002253
-0.001574
-0.005039
-0.008788
-0.009421
-0.007536
-0.000657
0.002692
0.002085
-0.001615
-0.004701
-0.004326
-0.002720
0.001023
0.002172
0.000957
-0.001654
-0.001812
-0.001080
0.000843
0.003655
0.004334
0.005402
0.006281
0.006941
0.007463
0.006568
0.004796
0.003286
0.002907
0.004419
0.007457
0.006772
0.004426
0.001604
0.001397
0.004702
0.007997
0.010867
0.010456
0.009536
0.008927
0.009006
0.008670
0.007161
0.005628
0.006750
0.007870
0.009214
0.009948
0.009759
0.009338
0.008375
0.009255
0.010876
0.013712
0.015043
0.013694
0.013093
0.013988
0.015338
0.018043
0.018675
0.017411
0.014693
0.013558
0.015830
0.018318
0.020206
0.019862
0.017457
0.015755
0.018262
0.020213
0.020529
0.020056
0.018172
0.016791
0.017473
0.021384
0.023866
0.024209
0.022243
0.020126
0.020383
0.021014
0.023256
0.024735
0.023527
0.021205
0.019040
0.019770
0.021542
0.023166
0.024444
0.024303
0.024697
0.024241
0.023156
0.023141
0.024828
0.026597
0.026609
0.024842
0.022379
0.023661
0.027615
0.027874
0.026140
0.023701
0.020517
0.019701
0.020743
0.022474
0.021776
0.021617
0.019807
0.017911
0.016894
0.016266
0.018897
0.020868
0.026185
0.029262
0.030193
0.028864
0.023449
0.014212
0.005247
0.001845
0.002002
0.005919
0.008311
0.014978
0.020561
0.020214
0.018063
0.015829
0.012475
0.009970
0.009506
0.008698
0.009555
0.009203
0.011206
0.015533
0.019561
0.018532
0.012393
0.005265
0.003001
0.007203
0.014670
0.019509
0.020360
0.018438
0.014894
0.011284
0.006687
0.005505
0.007224
0.009830
0.011412
0.012794
0.015956
0.017492
0.017165
0.016191
0.013431
0.010298
0.006787
0.006068
0.008666
0.013668
0.017540
0.017050
0.014357
0.009496
0.007705
0.008887
0.010094
0.011271
0.008190
0.005755
0.006602
0.008890
0.009096
0.007991
0.004751
0.000463
0.001568
0.003617
0.004938
0.003735
0.001544
0.000606
-0.001127
-0.002064
-0.002647
-0.002809
-0.002619
-0.003927
-0.005267
-0.008147
-0.010319
-0.010682
-0.011768
-0.013148
-0.015367
-0.016659
-0.015281
-0.015688
-0.017942
-0.020578
-0.019315
-0.015430
-0.015606
-0.020369
-0.026441
-0.027456
-0.027428
-0.026904
-0.029337
-0.029670
-0.029882
-0.030557
-0.030887
-0.034716
-0.035021
-0.034112
-0.031992
-0.031275
-0.030736
-0.032149
-0.033343
-0.033740
-0.034751
-0.035244
-0.035401
-0.033942
-0.033564
-0.034383
-0.034943
-0.035514
-0.035343
-0.034736
-0.035044
-0.035627
-0.036340
-0.034385
-0.032618
-0.033080
-0.034158
-0.034175
-0.032782
-0.030263
-0.028579
-0.027984
-0.029013
-0.029774
-0.030025
-0.031098
-0.030093
-0.028909
-0.029554
-0.030151
-0.029310
-0.029245
-0.027800
-0.027386
-0.025815
-0.024700
-0.023861
-0.023287
-0.023565
-0.023099
-0.023455
-0.024265
-0.027213
-0.027361
-0.026983
-0.025211
-0.024290
-0.024683
-0.025224
-0.025649
-0.025730
-0.027301
-0.028491
-0.027801
-0.023673
-0.020922
-0.020565
-0.022340
-0.022891
-0.022385
-0.022744
-0.021710
-0.020878
-0.019646
-0.020749
-0.020504
-0.019083
-0.019275
-0.019595
-0.021101
-0.020381
-0.018847
-0.018455
-0.019473
-0.020463
-0.018659
-0.018679
-0.019950
-0.018262
-0.016533
-0.016258
-0.015922
-0.014289
-0.012587
-0.008828
-0.007505
-0.009727
-0.010221
-0.012609
-0.015812
-0.018104
-0.019535
-0.017219
-0.010859
-0.004675
-0.002572
-0.004432
-0.007014
-0.008888
-0.009604
-0.007582
-0.005816
-0.004585
-0.002005
0.000862
0.002241
0.002241
0.001837
0.001140
0.002349
0.007210
0.011521
0.013959
0.012140
0.007073
0.005648
0.008962
0.013775
0.015075
0.013192
0.008992
0.007620
0.007375
0.006653
0.008147
0.012025
0.018683
0.021037
0.016341
0.009422
0.007828
0.012512
0.016939
0.019225
0.018055
0.015989
0.014568
0.012383
0.008784
0.007334
0.007986
0.005475
-0.001505
-0.009956
-0.011401
-0.007927
-0.004493
-0.003021
0.000909
0.004104
0.003920
0.001463
0.001380
0.009430
0.027076
0.048803
0.061300
0.060022
0.047808
0.031496
0.016223
0.003798
-0.000203
0.008942
0.022287
0.032703
0.031052
0.020182
0.007485
0.001074
0.002179
0.006943
0.012369
0.015088
0.016734
0.016492
0.017966
0.019572
0.019980
0.016126
0.010285
0.005867
0.009838
0.018463
0.026562
0.027108
0.020140
0.015419
0.014465
0.018799
0.016864
0.012807
0.008850
0.011382
0.021314
0.029130
0.030639
0.023485
0.015507
0.012780
0.016696
0.021497
0.023558
0.020900
0.017956
0.017246
0.018696
0.021553
0.025123
0.027250
0.025363
0.023398
0.023676
0.024423
0.025263
0.023542
0.023051
0.025800
0.030569
0.035547
0.036369
0.034684
0.032483
0.032934
0.035911
0.037251
0.033666
0.029405
0.027580
0.032465
0.039722
0.043549
0.040484
0.035991
0.035041
0.038302
0.044850
0.044746
0.038842
0.032315
0.033567
0.039678
0.046275
0.045970
0.040668
0.036610
0.036792
0.043497
0.044847
0.042058
0.037230
0.032219
0.031176
0.031441
0.031676
0.029697
0.027654
0.030023
0.032037
0.031596
0.028759
0.025503
0.023993
0.024231
0.026401
0.028785
0.030509
0.030210
0.029476
0.028017
0.027130
0.027561
0.027490
0.028966
0.032679
0.036760
0.037475
0.034173
0.029437
0.026628
0.028448
0.031358
0.033675
0.031203
0.026598
0.024186
0.021986
0.020879
0.019240
0.018674
0.017557
0.016047
0.014620
0.012461
0.009651
0.004878
0.000371
-0.001842
-0.002891
-0.003957
-0.005067
-0.005154
-0.005481
-0.007787
-0.013167
-0.019870
-0.022947
-0.022301
-0.018988
-0.017870
-0.017271
-0.018140
-0.020842
-0.025150
-0.030169
-0.032668
-0.035130
-0.035631
-0.034630
-0.032999
-0.031576
-0.032684
-0.036785
-0.040958
-0.043137
-0.043461
-0.043593
-0.043706
-0.044215
-0.045807
-0.046704
-0.047203
-0.049576
-0.049924
-0.049618
-0.049135
-0.048801
-0.049403
-0.051713
-0.055569
-0.055427
-0.050005
-0.043261
-0.040601
-0.041002
-0.043344
-0.042541
-0.041663
-0.041159
-0.042610
-0.043292
-0.041250
-0.037431
-0.034963
-0.036009
-0.036009
-0.034561
-0.031988
-0.030942
-0.029031
-0.027159
-0.025833
-0.027738
-0.028623
-0.029468
-0.029026
-0.026562
-0.024690
-0.023244
-0.023399
-0.023761
-0.025014
-0.025729
-0.026377
-0.025703
-0.023486
-0.021247
-0.019254
-0.018732
-0.020125
-0.020094
-0.019704
-0.017485
-0.015278
-0.011045
-0.008377
-0.009224
-0.008964
-0.009920
-0.007547
-0.006088
-0.005329
-0.005004
-0.005423
-0.003738
-0.000152
0.003840
0.005437
0.003781
0.002522
0.000499
-0.002240
-0.002852
-0.002928
-0.001027
-0.000014
-0.001527
-0.004253
-0.003824
-0.003337
-0.001867
0.000008
0.000335
0.000341
-0.000233
-0.002188
-0.004378
-0.003977
-0.001406
0.001861
0.000518
-0.003137
-0.008621
-0.009393
-0.008927
-0.009468
-0.010736
-0.011038
-0.008985
-0.008724
-0.009664
-0.013634
-0.014245
-0.014185
-0.011126
-0.011365
-0.014291
-0.016231
-0.017759
-0.016341
-0.016160
-0.015110
-0.016828
-0.016837
-0.015973
-0.013924
-0.011840
-0.012627
-0.015312
-0.018921
-0.018350
-0.013682
-0.009815
-0.011004
-0.013168
-0.015621
-0.015206
-0.011860
-0.008518
-0.008392
-0.010230
-0.010378
-0.010466
-0.009700
-0.009727
-0.010822
-0.012397
-0.013047
-0.013021
-0.011088
-0.008331
-0.004478
-0.003790
-0.005455
-0.008189
-0.012567
-0.012958
-0.012688
-0.009386
-0.006544
-0.005824
-0.006381
-0.006119
-0.006083
-0.007612
-0.007834
-0.008322
-0.009762
-0.009709
-0.007578
-0.007017
-0.007722
-0.008359
-0.009143
-0.011650
-0.013759
-0.014773
-0.012266
-0.008533
-0.010005
-0.014485
-0.018058
-0.017894
-0.014901
-0.012947
-0.013312
-0.016907
-0.019334
-0.020625
-0.020615
-0.021015
-0.024045
-0.023623
-0.023331
-0.022320
-0.019803
-0.019617
-0.019520
-0.021543
-0.023990
-0.025852
-0.026474
-0.025851
-0.026532
-0.026872
-0.025756
-0.024344
-0.024006
-0.024545
-0.027680
-0.030684
-0.031519
-0.030792
-0.028825
-0.026743
-0.025529
-0.027631
-0.031618
-0.032741
-0.032874
-0.032704
-0.033926
-0.035523
-0.035802
-0.036158
-0.036893
-0.039285
-0.040118
-0.039264
-0.037263
-0.036742
-0.037373
-0.038229
-0.041156
-0.043594
-0.045238
-0.045081
-0.041332
-0.037065
-0.033012
-0.030105
-0.029666
-0.031540
-0.034232
-0.035361
-0.033981
-0.032281
-0.029443
-0.026976
-0.026950
-0.026152
-0.026660
-0.025747
-0.024307
-0.023325
-0.020217
-0.017515
-0.014444
-0.013156
-0.010974
-0.007770
-0.006529
-0.004471
-0.000852
0.002360
0.004229
0.006269
0.007972
0.012554
0.015688
0.019229
0.019855
0.019521
0.020990
0.021912
0.023577
0.025273
0.030243
0.033451
0.034436
0.034617
0.036923
0.041683
0.046336
0.046544
0.045151
0.043967
0.044811
0.048278
0.052965
0.055946
0.056185
0.054529
0.053039
0.053980
0.053909
0.056206
0.058286
0.057632
0.058076
0.060017
0.062120
0.062360
0.060660
0.061158
0.061805
0.061880
0.060959
0.060062
0.062165
0.065643
0.068958
0.069714
0.066542
0.064808
0.064967
0.067318
0.068878
0.069027
0.068366
0.064872
0.062758
0.063237
0.065434
0.066247
0.067551
0.065556
0.062351
0.059061
0.057086
0.057739
0.059885
0.060787
0.061837
0.063231
0.063662
0.063758
0.060337
0.059114
0.056651
0.056138
0.056992
0.059158
0.060788
0.061423
0.059489
0.056627
0.057531
0.056909
0.059346
