-0.025095
-0.024274
-0.024195
-0.024184
-0.024625
-0.025252
-0.025136
-0.024114
-0.023978
-0.024123
-0.023975
-0.024022
-0.022925
-0.023002
-0.022383
-0.021941
-0.022012
-0.022230
-0.021941
-0.020665
-0.019861
-0.019742
-0.020675
-0.021554
-0.021917
-0.020675
-0.018761
-0.018469
-0.018907
-0.018853
-0.017776
-0.016408
-0.015376
-0.016377
-0.017016
-0.016039
-0.014891
-0.012273
-0.012605
-0.012333
-0.010798
-0.010422
-0.010249
-0.011179
-0.010356
-0.009594
-0.008587
-0.007539
-0.006785
-0.004667
-0.005159
-0.005822
-0.005265
-0.004129
-0.003685
-0.003969
-0.004289
-0.002942
-0.000643
-0.000028
0.002127
0.001175
-0.000578
-0.000794
-0.000259
0.001111
0.003189
0.003084
0.001880
0.000748
0.000484
0.004781
0.005654
0.004091
0.003858
0.006322
0.006896
0.008060
0.010391
0.009323
0.003777
-0.000783
0.004465
0.013120
0.016852
0.014900
0.012420
0.007726
0.002259
0.000456
0.007533
0.018120
0.020423
0.014432
0.005273
0.001927
0.006402
0.017995
0.025383
0.022845
0.013608
0.004338
0.005201
0.010687
0.018957
0.021769
0.018021
0.009148
0.001191
0.003966
0.017941
0.033492
0.033365
0.018559
0.000907
-0.000267
0.013529
0.029228
0.031155
0.018537
0.005912
0.005062
0.017632
0.029782
0.032904
0.024287
0.014689
0.013357
0.022046
0.029905
0.028994
0.021036
0.014504
0.015860
0.020795
0.024195
0.024042
0.023649
0.023691
0.024990
0.022721
0.020964
0.019926
0.022470
0.027205
0.028461
0.025933
0.018679
0.018027
0.021763
0.028698
0.031515
0.029138
0.025625
0.021705
0.019145
0.020386
0.024442
0.028591
0.034010
0.034853
0.033559
0.026602
0.019273
0.015814
0.017381
0.024607
0.029775
0.032862
0.034491
0.032596
0.027594
0.023537
0.022969
0.028297
0.033831
0.032327
0.027339
0.020651
0.020074
0.026796
0.033776
0.036779
0.033171
0.029071
0.025111
0.022615
0.022330
0.025193
0.030338
0.031833
0.026979
0.020108
0.020336
0.026828
0.032999
0.032297
0.023311
0.013273
0.011164
0.018962
0.026760
0.025888
0.018368
0.011014
0.010945
0.018547
0.024892
0.024720
0.020815
0.014763
0.009765
0.011188
0.017786
0.021994
0.017662
0.009043
0.005264
0.011374
0.017905
0.016031
0.009048
0.002333
0.002759
0.009145
0.014746
0.012973
0.004646
-0.002154
-0.005085
-0.004424
-0.001281
0.001908
0.002870
-0.000169
-0.002745
0.004101
0.011929
0.012155
0.008073
-0.000299
-0.012115
-0.027634
-0.034502
-0.024052
-0.006174
0.007711
0.017957
0.017303
0.000621
-0.023266
-0.039477
-0.034891
-0.015825
0.002560
0.007087
-0.003583
-0.021683
-0.027537
-0.016825
-0.001862
0.004119
-0.005320
-0.021352
-0.032358
-0.027569
-0.013340
-0.001923
-0.003328
-0.016721
-0.029417
-0.029588
-0.016506
-0.002511
0.001523
-0.011299
-0.028866
-0.035436
-0.025371
-0.009321
-0.004388
-0.012789
-0.025485
-0.031043
-0.026325
-0.016196
-0.010520
-0.014247
-0.021275
-0.023871
-0.021662
-0.017882
-0.014482
-0.013461
-0.015945
-0.018063
-0.017031
-0.013147
-0.010185
-0.010506
-0.012029
-0.014932
-0.014030
-0.010269
-0.007626
-0.008292
-0.011101
-0.013744
-0.015486
-0.014466
-0.012795
-0.011709
-0.011151
-0.009761
-0.008715
-0.008739
-0.011613
-0.013073
-0.010355
-0.006333
-0.005166
-0.008732
-0.015991
-0.021755
-0.020467
-0.013817
-0.010295
-0.014168
-0.020920
-0.022484
-0.018622
-0.014902
-0.016044
-0.020887
-0.025425
-0.026936
-0.023682
-0.022573
-0.023493
-0.025130
-0.025486
-0.025489
-0.024719
-0.025159
-0.027398
-0.029230
-0.029496
-0.027150
-0.025809
-0.028044
-0.030716
-0.030755
-0.028829
-0.024961
-0.023652
-0.025393
-0.029826
-0.031479
-0.029147
-0.026565
-0.026964
-0.027846
-0.027800
-0.026520
-0.024136
-0.024196
-0.025186
-0.025784
-0.024352
-0.023969
-0.023884
-0.025124
-0.025218
-0.022601
-0.020398
-0.020579
-0.022239
-0.022714
-0.023082
-0.021758
-0.021532
-0.020766
-0.021775
-0.023628
-0.024090
-0.022218
-0.017807
-0.018288
-0.017619
-0.016502
-0.014762
-0.013131
-0.014066
-0.015540
-0.017396
-0.018497
-0.018963
-0.018047
-0.016418
-0.015280
-0.015712
-0.017049
-0.018348
-0.018173
-0.019098
-0.018251
-0.014915
-0.010026
-0.005072
-0.002956
-0.005031
-0.011937
-0.020936
-0.022511
-0.017063
-0.010203
-0.004300
-0.001721
-0.002396
-0.009448
-0.015257
-0.014178
-0.006313
-0.000845
-0.002727
-0.007802
-0.012463
-0.012260
-0.007034
-0.001301
0.000418
-0.003040
-0.006447
-0.008121
-0.007382
-0.004022
-0.002133
-0.004699
-0.012179
-0.016843
-0.015531
0.000256
0.023656
0.034215
0.022784
0.000553
-0.010232
-0.008288
-0.002784
-0.001203
-0.000708
-0.003955
-0.008687
-0.012367
-0.007342
0.000655
0.007505
0.011195
0.008198
0.002377
-0.004122
-0.000590
0.004679
0.010038
0.002405
-0.000722
-0.003370
0.006438
0.006337
0.011919
0.011796
0.017852
0.015425
0.006819
-0.005316
-0.019260
0.006733
-0.010440
-0.033490
-0.038741
-0.013510
-0.056975
-0.051489
0.022674
0.002718
-0.054340
-0.067340
-0.030392
-0.018298
-0.096344
-0.112951
-0.052307
-0.047803
-0.085825
-0.108919
-0.067161
-0.056095
-0.066058
-0.062840
0.005675
0.053170
0.073481
0.093008
0.010067
-0.101856
-0.131746
0.000418
0.143384
0.128171
0.031586
-0.042285
-0.041513
-0.009048
0.069441
0.186782
0.233402
0.155172
-0.004723
-0.074083
0.011469
0.170177
0.266224
0.215111
0.081270
-0.006232
0.058385
0.217726
0.318341
0.263489
0.116342
0.029367
0.068589
0.192984
0.286508
0.274406
0.166388
0.054580
0.040444
0.132332
0.240878
0.264321
0.196124
0.113975
0.096792
0.151749
0.216314
0.225473
0.171479
0.106405
0.093800
0.131244
0.169539
0.162467
0.117103
0.081249
0.080769
0.100578
0.105041
0.085776
0.053026
0.040826
0.058703
0.079545
0.079290
0.049228
0.018745
0.014423
0.028065
0.035806
0.014341
-0.020613
-0.040673
-0.031705
-0.009471
-0.009087
-0.038452
-0.073883
-0.074179
-0.044506
-0.019905
-0.028497
-0.064581
-0.091918
-0.087864
-0.062532
-0.051977
-0.072715
-0.102587
-0.108504
-0.083872
-0.057814
-0.062990
-0.096576
-0.119955
-0.108625
-0.080682
-0.066521
-0.080658
-0.101994
-0.104345
-0.085986
-0.065574
-0.068796
-0.094276
-0.110959
-0.099967
-0.075308
-0.062320
-0.074967
-0.093174
-0.094609
-0.081439
-0.063884
-0.060210
-0.072137
-0.084942
-0.075280
-0.044920
-0.027006
-0.041627
-0.069916
-0.076066
-0.057359
-0.032956
-0.021485
-0.028345
-0.047293
-0.065786
-0.066545
-0.048698
-0.030342
-0.025796
-0.034457
-0.042507
-0.042353
-0.039536
-0.036942
-0.032399
-0.026856
-0.023584
-0.026338
-0.035933
-0.045890
-0.042808
-0.027545
-0.014301
-0.018849
-0.039864
-0.056332
-0.047505
-0.021302
-0.006323
-0.018267
-0.044401
-0.057485
-0.046887
-0.021831
-0.012620
-0.025405
-0.043462
-0.048098
-0.038487
-0.028751
-0.029864
-0.038915
-0.047109
-0.048659
-0.042356
-0.036548
-0.034378
-0.035105
-0.031335
-0.027090
-0.026987
-0.030766
-0.034509
-0.036265
-0.031749
-0.025309
-0.023026
-0.025628
-0.030866
-0.030829
-0.027457
-0.022693
-0.023892
-0.027384
-0.028791
-0.028567
-0.024751
-0.020479
-0.018366
-0.017540
-0.021355
-0.025199
-0.022960
-0.017698
-0.014357
-0.012823
-0.011612
-0.012650
-0.013991
-0.017540
-0.017057
-0.015506
-0.016021
-0.013997
-0.011463
-0.009547
-0.008494
-0.006852
-0.004098
-0.003253
-0.004249
-0.005410
-0.006120
-0.005525
-0.005195
-0.004127
-0.001840
-0.002574
-0.008566
-0.012321
-0.008688
-0.003472
-0.001284
-0.004069
-0.008212
-0.011142
-0.010635
-0.006898
-0.006202
-0.007099
-0.009962
-0.012128
-0.011756
-0.008357
-0.005384
-0.004533
-0.006661
-0.010332
-0.011040
-0.007803
-0.004889
-0.004362
-0.008063
-0.010681
-0.009700
-0.008594
-0.004600
-0.006395
-0.008281
-0.007509
-0.005477
-0.002737
-0.001830
-0.003624
-0.004953
-0.004091
-0.003712
-0.003503
-0.003216
-0.002432
-0.001346
-0.000309
-0.000981
-0.001405
-0.002581
-0.002823
-0.002043
-0.001593
-0.000861
0.000422
0.001139
0.001553
0.002116
0.003206
0.003698
0.001098
0.000358
0.002095
0.004170
0.006611
0.005813
0.005009
0.005414
0.005148
0.005118
0.003694
0.004099
0.006305
0.009034
0.009715
0.009269
0.007435
0.005923
0.006532
0.006096
0.008079
0.010630
0.011534
0.010534
0.008603
0.007296
0.009025
0.012853
0.014952
0.014075
0.011051
0.009470
0.009975
0.013607
0.014162
0.012094
0.009815
0.008420
0.010497
0.012576
0.014648
0.014026
0.012862
0.012500
0.013185
0.015248
0.017440
0.017766
0.016779
0.015924
0.018474
0.021361
0.021254
0.021163
0.020215
0.019912
0.021177
0.022214
0.021620
0.021629
0.022218
0.024297
0.026495
0.023670
0.020350
0.021257
0.023431
0.025649
0.024878
0.024636
0.026153
0.026842
0.027383
0.027899
0.029178
0.030529
0.031055
0.030423
0.029370
0.027195
0.025227
0.026162
0.028612
0.030160
0.030665
0.031809
0.033645
0.031758
0.029248
0.028428
0.029516
0.032227
0.032673
0.032167
0.031854
0.030007
0.029623
0.029009
0.029441
0.030430
0.028660
0.028155
0.027326
0.026394
0.025751
0.027312
0.029658
0.030154
0.030568
0.029773
0.026453
0.025347
0.026357
0.028388
0.029457
0.027782
0.024811
0.021153
0.021221
0.023949
0.025970
0.025154
0.022782
0.020946
0.022445
0.022911
0.022964
0.022143
0.020017
0.019440
0.020253
0.022643
0.023349
0.021832
0.019064
0.017360
0.017064
0.019830
0.021956
0.020629
0.017382
0.015988
0.015224
0.015725
0.015640
0.013012
0.008921
0.006855
0.009321
0.013121
0.014007
0.011861
0.009839
0.009446
0.012554
0.013848
0.015085
0.014104
0.013067
0.013665
0.012575
0.011118
0.009352
0.008949
0.008938
0.010192
0.010158
0.008765
0.007164
0.006766
0.007534
0.006436
0.008097
0.008873
0.009170
0.007447
0.004338
0.002794
0.002694
0.004058
0.005278
0.008012
0.005234
0.000462
-0.004298
-0.005207
-0.002146
0.001742
0.003260
0.001046
-0.002727
-0.004863
-0.002882
-0.000477
-0.001677
-0.006257
-0.007472
-0.007906
-0.005898
-0.005278
-0.007123
-0.008927
-0.012328
-0.013163
-0.010117
-0.004995
-0.003733
-0.008287
-0.015060
-0.018711
-0.017094
-0.013674
-0.009847
-0.010625
-0.014250
-0.016717
-0.015854
-0.014935
-0.016242
-0.017863
-0.020766
-0.018796
-0.017851
-0.018949
-0.020187
-0.021895
-0.021960
-0.019923
-0.017983
-0.016323
-0.015582
-0.018171
-0.020776
-0.021808
-0.020374
-0.018773
-0.016477
-0.015634
-0.017193
-0.018062
-0.018272
-0.019992
-0.021028
-0.021384
-0.018391
-0.015473
-0.015592
-0.017325
-0.020750
-0.020823
-0.019458
-0.017903
-0.016997
-0.018559
-0.020765
-0.020797
-0.020941
-0.020663
-0.021048
-0.023570
-0.023814
-0.020866
-0.018144
-0.017485
-0.018692
-0.022214
-0.023094
-0.020642
-0.019548
-0.019090
-0.019672
-0.019310
-0.018447
-0.018885
-0.019860
-0.021543
-0.023107
-0.022958
-0.020548
-0.018443
-0.017221
-0.018378
-0.020228
-0.021836
-0.023508
-0.023301
-0.021911
-0.020890
-0.022548
-0.024628
-0.026090
-0.026245
-0.024285
-0.021822
-0.022519
-0.023267
-0.023738
-0.023120
-0.021001
-0.022172
-0.024339
-0.027411
-0.026508
-0.025225
-0.023524
-0.021714
-0.021975
-0.022358
-0.024110
-0.024318
-0.024713
-0.025349
-0.025220
-0.025270
-0.024767
-0.023719
-0.024460
-0.025376
-0.025883
-0.025358
-0.025197
-0.025660
-0.026548
-0.027654
-0.026876
-0.026123
-0.025070
-0.024237
-0.022988
-0.023209
-0.025662
-0.028009
-0.028737
-0.027546
-0.026065
-0.026281
-0.026530
-0.025559
-0.024760
-0.023054
-0.022516
-0.022504
-0.022568
-0.021513
-0.019993
-0.020127
-0.020450
-0.019632
-0.018863
-0.020588
-0.021953
-0.022459
-0.020445
-0.019654
-0.020529
-0.021284
-0.024183
-0.023440
-0.022118
-0.019739
-0.016209
-0.016412
-0.018989
-0.020059
-0.018425
-0.016701
-0.014068
-0.014278
-0.016025
-0.015829
-0.015029
-0.013631
-0.012212
-0.013146
-0.015076
-0.015757
-0.015211
-0.013833
-0.012966
-0.013014
-0.013040
-0.013697
-0.014329
-0.010459
-0.007476
-0.004987
-0.005358
-0.007979
-0.008897
-0.008076
-0.005144
-0.003328
-0.003585
-0.007193
-0.009218
-0.008590
-0.005664
-0.003409
-0.001845
-0.002362
-0.002506
-0.001135
0.000008
0.001891
0.002134
0.001472
0.001455
0.002189
0.003318
0.004518
0.005303
0.006106
0.003552
0.002053
0.001820
0.002545
0.002700
0.002946
0.002309
0.001036
0.002747
0.003354
0.005407
0.006593
0.005704
0.005304
0.005100
0.005239
0.007835
0.008293
0.009267
0.008993
0.008898
0.010952
0.011269
0.011275
0.009169
0.009254
0.010494
0.012729
0.014366
0.014820
0.014259
0.014302
0.017129
0.018526
0.018845
0.017576
0.013522
0.013145
0.015607
0.017683
0.018801
0.017403
0.015455
0.013908
0.015072
0.016186
0.016819
0.016409
0.014769
0.014128
0.015691
0.017370
0.016824
0.015614
0.016155
0.018879
0.019732
0.021349
0.019717
0.018960
0.018807
0.018431
0.019541
0.018734
0.019416
0.019037
0.018767
0.018516
0.019036
0.019580
0.021101
0.023245
0.023450
0.023055
0.022248
0.021912
0.023057
0.024939
0.026406
0.027318
0.027589
0.025289
0.023447
0.023854
0.025914
0.028147
0.028047
0.026512
0.023179
0.022264
0.023185
0.024428
0.024943
0.023430
0.022368
0.022906
0.024963
0.026194
0.025529
0.024756
0.024190
0.025626
0.027749
0.028112
0.028373
0.027741
0.028023
0.026971
0.024150
0.023658
0.026040
0.030012
0.031089
0.029129
0.027453
0.027328
0.028886
0.030563
0.030444
0.026867
0.025539
0.027096
0.028518
0.029631
0.027298
0.025169
0.023367
0.023049
0.022431
0.023689
0.024785
0.023139
0.021745
0.019228
0.019125
0.017882
0.019161
0.020966
0.021365
0.021642
0.020884
0.019788
0.018384
0.019055
0.020228
0.019064
0.015300
0.012626
0.013838
0.015790
0.015882
0.014233
0.013511
0.014727
0.015166
0.015537
0.012192
0.009861
0.008621
0.008226
0.009909
0.011329
0.011656
0.009611
0.008165
0.006385
0.005964
0.006777
0.008734
0.008934
0.007568
0.005310
0.004521
0.005848
0.006839
0.008162
0.008539
0.009489
0.007346
0.006343
0.006418
0.007485
0.007472
0.005363
0.005321
0.005418
0.004483
0.003777
0.005715
0.005492
0.005443
0.003988
0.002126
0.003795
0.005023
0.004398
0.002275
0.001060
0.001769
0.002711
0.001899
0.000484
-0.001036
-0.000482
0.001073
0.000956
-0.000144
-0.002518
-0.003583
-0.004577
-0.005659
-0.005249
-0.005109
-0.004789
-0.004985
-0.006121
-0.007264
-0.006329
-0.005135
-0.007138
-0.009278
-0.010633
-0.010187
-0.008800
-0.008085
-0.008135
-0.010270
-0.013680
-0.015058
-0.012821
-0.011093
-0.009944
-0.010371
-0.013151
-0.015566
-0.018801
-0.019243
-0.018013
-0.018095
-0.017402
-0.016620
-0.016743
-0.017670
-0.019266
-0.021779
-0.021299
-0.020860
-0.021339
-0.021884
-0.023474
-0.022802
-0.022163
-0.022570
-0.025080
-0.027486
-0.027538
-0.026487
-0.025382
-0.025177
-0.026044
-0.027125
-0.027304
-0.027224
-0.025884
-0.026143
-0.026757
-0.028925
-0.030131
-0.028380
-0.026561
-0.025656
-0.027566
-0.029140
-0.030269
-0.028032
-0.026013
-0.026103
-0.027379
-0.027994
-0.027743
-0.027415
-0.029715
-0.031645
-0.031109
-0.029814
-0.027680
-0.028100
-0.028839
-0.031239
-0.031872
-0.032302
-0.031496
-0.030247
-0.030266
-0.031167
-0.032264
-0.033197
-0.033996
-0.032112
-0.032309
-0.033007
-0.034192
-0.033376
-0.031281
-0.029981
-0.029463
-0.031985
-0.032644
-0.033718
-0.033301
-0.031812
-0.031207
-0.030616
-0.032207
-0.033282
-0.033180
-0.031899
-0.030665
-0.029542
-0.030109
-0.030717
-0.032407
-0.034174
-0.033910
-0.033173
-0.031760
-0.032474
-0.032098
-0.031356
-0.032442
-0.033193
-0.033627
-0.033492
-0.033910
-0.033544
-0.033285
-0.033564
-0.033218
-0.033518
-0.031958
-0.031836
-0.033580
-0.033162
-0.031633
-0.030341
-0.029149
-0.029371
-0.030465
-0.030186
-0.029170
-0.027805
-0.028036
-0.027264
-0.026058
-0.026766
-0.026738
-0.026127
-0.025799
-0.024124
-0.021969
-0.021780
-0.021468
-0.021032
-0.018916
-0.016697
-0.016170
-0.015575
-0.014817
-0.011332
-0.009993
-0.011206
-0.014007
-0.016369
-0.014915
-0.012301
-0.009421
-0.009349
-0.010722
-0.012203
-0.011593
-0.008215
-0.006624
-0.006042
-0.004517
-0.004385
-0.002721
-0.000086
0.001728
0.003467
0.003018
0.002945
0.004016
0.005820
0.006280
0.006478
0.007144
0.007466
0.009268
0.011897
0.013248
0.012400
0.012473
0.012979
0.015282
0.018214
0.019280
0.019363
0.018667
0.019066
0.019759
0.020617
0.021041
0.020418
0.019448
0.019276
0.021065
0.023363
0.023749
0.023608
0.022710
0.022931
0.025480
0.028070
0.029139
0.027757
0.026387
0.026064
0.028420
0.030390
0.029531
0.027762
0.025956
0.027433
0.030130
0.031546
0.031647
0.030014
0.028864
0.029194
0.031080
0.033053
0.032238
0.030641
0.028139
0.028089
0.032287
0.033013
0.030904
0.028802
0.028580
0.029710
0.031293
0.031993
0.031116
0.031099
0.030291
0.029887
0.031604
0.032708
0.033286
0.033725
0.033857
0.035048
0.036156
0.036744
0.034961
0.032500
0.032079
0.033383
0.036706
0.037757
0.036183
0.034162
0.033537
0.035296
0.037818
0.038856
0.038204
0.036020
0.035860
0.035398
0.033971
0.034913
0.037092
0.039779
0.040338
0.042234
0.041724
0.041243
0.040247
0.037649
0.038203
0.037032
0.036570
0.037859
0.040318
0.041176
0.039272
0.037047
0.035251
0.034716
0.035649
0.036699
0.036159
0.035543
0.034483
0.034608
0.035017
0.033935
0.032491
0.032460
0.031421
0.030354
0.028698
0.027016
0.025519
0.023565
0.023734
0.023653
0.024106
0.024552
0.025121
0.023723
0.021768
0.021044
0.021748
0.021955
0.021522
0.021428
0.019844
0.019097
0.018737
0.019770
0.020104
0.019670
0.018152
0.015438
0.014566
0.014441
0.014972
0.015063
0.014617
0.014016
0.012789
0.012185
0.012148
0.010735
0.009815
0.008439
0.008894
0.009259
0.008352
0.007817
0.005187
0.004070
0.004859
0.006080
0.006496
0.004503
0.003546
0.003350
0.003956
0.005846
0.005307
0.005576
0.005145
0.004624
0.003300
0.002043
0.002224
0.001732
0.002126
0.001381
0.000614
-0.000675
-0.000832
-0.000972
-0.002667
-0.003505
-0.006384
-0.007622
-0.007173
-0.007443
-0.007833
-0.008584
-0.008736
-0.009313
-0.009335
-0.011036
-0.012270
-0.012080
-0.012855
-0.013644
-0.014589
-0.013828
-0.012914
-0.012674
-0.013307
-0.014511
-0.015202
-0.015894
-0.015847
