-0.000177
0.003548
0.009617
0.021412
0.034320
0.042807
0.049193
0.049439
0.045716
0.040642
0.031628
0.022723
0.017105
0.011424
0.009070
0.008425
0.006847
0.012406
0.019027
0.026635
0.038809
0.042776
0.049303
0.049668
0.050233
0.047213
0.040758
0.039586
0.033012
0.032073
0.026760
0.025159
0.026585
0.028284
0.030312
0.031740
0.034456
0.039146
0.041363
0.042439
0.040850
0.043345
0.050839
0.050986
0.053506
0.049651
0.045642
0.035421
0.021249
0.003423
-0.005838
-0.006919
-0.004389
0.002782
0.009463
0.021833
0.029928
0.037799
0.038890
0.036862
0.033561
0.027795
0.021896
0.016985
0.013085
0.014796
0.022220
0.031747
0.043838
0.052714
0.057377
0.060812
0.052764
0.041426
0.032882
0.023400
0.019964
0.014557
0.014095
0.019278
0.027194
0.030604
0.038652
0.048612
0.057794
0.065484
0.068679
0.069984
0.061712
0.051688
0.040296
0.035148
0.033085
0.035754
0.037160
0.034826
0.034080
0.024963
0.018804
0.012492
0.010192
0.013863
0.016683
0.026181
0.029667
0.025139
0.014241
0.004569
-0.002215
-0.007525
-0.011557
-0.013431
-0.016814
-0.025664
-0.037337
-0.047327
-0.051338
-0.052889
-0.049347
-0.039102
-0.024385
-0.017019
-0.017437
-0.020894
-0.027070
-0.032408
-0.032130
-0.033874
-0.031525
-0.033106
-0.035375
-0.036853
-0.048707
-0.050194
-0.049357
-0.047558
-0.042510
-0.029192
-0.007431
0.002723
0.007450
0.007956
0.010218
0.010945
0.000735
-0.011050
-0.027044
-0.040775
-0.042040
-0.034519
-0.032978
-0.030032
-0.027043
-0.017770
-0.005858
-0.003158
-0.006851
-0.005134
-0.004259
-0.013729
-0.014872
-0.025004
-0.032403
-0.050243
-0.069786
-0.076284
-0.073690
-0.067345
-0.059329
-0.042395
-0.027061
-0.017308
-0.021655
-0.015500
-0.015368
-0.009049
-0.008923
-0.011681
-0.007012
-0.018148
-0.021208
-0.024031
-0.012763
-0.010257
-0.003562
0.016010
0.034066
0.051493
0.051509
0.049534
0.037544
0.015760
-0.002789
-0.008592
-0.010898
-0.013202
-0.002918
0.003559
0.010691
0.017813
0.023038
0.034920
0.029814
0.020320
0.006640
-0.006937
-0.020639
-0.039369
-0.051065
-0.066907
-0.064963
-0.055232
-0.042330
-0.026085
-0.023714
-0.019049
-0.031511
-0.048418
-0.052671
-0.052843
-0.053311
-0.054766
-0.048367
-0.046994
-0.051661
-0.065739
-0.073183
-0.071131
-0.065483
-0.047315
-0.024699
0.000395
0.030033
0.057276
0.079447
0.075750
0.062030
0.043630
0.027767
0.034544
0.047197
0.077375
0.106359
0.139981
0.162246
0.169085
0.163781
0.146242
0.128664
0.104555
0.103083
0.122097
0.139168
0.162016
0.187551
0.201217
0.213014
0.205418
0.204295
0.198988
0.191268
0.187960
0.184690
0.187623
0.177429
0.183931
0.188694
0.196872
0.196426
0.190552
0.182644
0.178372
0.172115
0.174205
0.190507
0.201983
0.219368
0.227541
0.235790
0.229914
0.216158
0.207057
0.202275
0.203219
0.202991
0.196320
0.192836
0.194849
0.199543
0.189880
0.170624
0.143396
0.115173
0.086312
0.071626
0.063016
0.050745
0.025782
0.001619
0.008997
0.013956
0.013817
-0.002056
-0.010586
-0.020668
-0.034856
-0.059245
-0.076420
-0.088286
-0.088286
-0.085067
-0.094631
-0.108215
-0.131742
-0.132459
-0.137061
-0.133520
-0.140625
-0.163235
-0.182227
-0.205636
-0.226012
-0.252504
-0.267977
-0.279128
-0.286533
-0.292959
-0.293094
-0.281839
-0.289944
-0.298884
-0.311910
-0.311218
-0.305795
-0.321640
-0.339013
-0.350584
-0.357342
-0.373270
-0.405684
-0.438805
-0.451512
-0.453203
-0.458313
-0.465760
-0.477958
-0.489905
-0.497106
-0.500639
-0.502897
-0.520014
-0.524237
-0.520540
-0.507615
-0.509713
-0.520089
-0.522318
-0.541812
-0.563701
-0.589964
-0.606724
-0.621730
-0.625001
-0.622450
-0.615471
-0.608356
-0.614684
-0.613211
-0.599967
-0.593898
-0.598569
-0.613580
-0.621334
-0.629413
-0.629458
-0.618460
-0.604223
-0.576885
-0.554169
-0.532235
-0.523608
-0.518157
-0.516747
-0.516346
-0.528410
-0.540869
-0.553845
-0.557337
-0.540538
-0.519410
-0.495165
-0.479507
-0.467788
-0.458902
-0.448695
-0.451787
-0.452011
-0.450009
-0.436010
-0.412208
-0.386725
-0.359497
-0.333910
-0.300453
-0.270361
-0.248289
-0.232893
-0.226928
-0.227193
-0.221693
-0.217785
-0.212192
-0.200725
-0.180107
-0.155258
-0.135408
-0.124644
-0.106537
-0.078552
-0.053634
-0.033281
-0.019043
0.002149
0.031753
0.068187
0.096564
0.117362
0.130954
0.137386
0.144073
0.148518
0.154635
0.159460
0.163467
0.173022
0.191418
0.218672
0.250247
0.279799
0.307131
0.332435
0.358174
0.384698
0.408509
0.426301
0.440485
0.446442
0.452244
0.458458
0.474371
0.490240
0.493664
0.497159
0.501723
0.508603
0.501726
0.515451
0.524291
0.518392
0.518636
0.539127
0.556404
0.555132
0.564896
0.576435
0.577743
0.552485
0.562990
0.574136
0.570833
0.567632
0.582227
0.602578
0.601897
0.612420
0.623260
0.624642
0.615559
0.622802
0.630731
0.627318
0.615285
0.610082
0.609395
0.611547
0.619961
0.628857
0.627806
0.622382
0.628179
0.631356
0.626346
0.619029
0.621006
0.626231
0.626743
0.622766
0.617551
0.613390
0.613554
0.608351
0.602399
0.599253
0.599978
0.603050
0.607012
0.619135
0.624521
0.624159
0.634501
0.652361
0.654836
0.644680
0.647526
0.653391
0.642306
0.635624
0.644330
0.644532
0.628888
0.634879
0.652409
0.648310
0.631122
0.644225
0.659162
0.643249
0.631192
0.614264
0.603860
0.595079
0.582238
0.565475
0.545301
0.530397
0.520501
0.509964
0.495995
0.479323
0.463444
0.449453
0.436596
0.423643
0.404536
0.385890
0.367757
0.354133
0.341225
0.324735
0.307951
0.291617
0.277434
0.264131
0.249778
0.235142
0.218913
0.205457
0.192411
0.178149
0.162419
0.143376
0.124495
0.105319
0.088031
0.069545
0.052084
0.035537
0.019296
0.001664
-0.015927
-0.033666
-0.051951
-0.068573
-0.086003
-0.100759
-0.115015
-0.129253
-0.145941
-0.161624
-0.176886
-0.190530
-0.204537
-0.220322
-0.237124
-0.253137
-0.266750
-0.279912
-0.296663
-0.312353
-0.324681
-0.336318
-0.347034
-0.364148
-0.378734
-0.404903
-0.425694
-0.435520
-0.449355
-0.464802
-0.477742
-0.488957
-0.500160
-0.504878
-0.515624
-0.526882
-0.532427
-0.537596
-0.552201
-0.562310
-0.562301
-0.569048
-0.581611
-0.583843
-0.580069
-0.589479
-0.600151
-0.597041
-0.595335
-0.605503
-0.608773
-0.605760
-0.610442
-0.618937
-0.617864
-0.611968
-0.619221
-0.627521
-0.623259
-0.619326
-0.625531
-0.630732
-0.627248
-0.626060
-0.627217
-0.623521
-0.620330
-0.621971
-0.623954
-0.621678
-0.620227
-0.621357
-0.620761
-0.620376
-0.620450
-0.620328
-0.619084
-0.617758
-0.619365
-0.621101
-0.627462
-0.634251
-0.636420
-0.639224
-0.643864
-0.647955
-0.645537
-0.645493
-0.648239
-0.644228
-0.637413
-0.640686
-0.644960
-0.637309
-0.632583
-0.639193
-0.641035
-0.631507
-0.630959
-0.640392
-0.635195
-0.625161
-0.631213
-0.636818
-0.627165
-0.617887
-0.631684
-0.634044
-0.624248
-0.618569
-0.608192
-0.600739
-0.590868
-0.584471
-0.576859
-0.569868
-0.561181
-0.552700
-0.544348
-0.532753
-0.523148
-0.512254
-0.502279
-0.491767
-0.480881
-0.469199
-0.459506
-0.450340
-0.440325
-0.428455
-0.417399
-0.408061
-0.398264
-0.386405
-0.374328
-0.365277
-0.356712
-0.348732
-0.337701
-0.325955
-0.314277
-0.302844
-0.293252
-0.285562
-0.277037
-0.265643
-0.253689
-0.244162
-0.233671
-0.222033
-0.211144
-0.200298
-0.190355
-0.179948
-0.169072
-0.158775
-0.148282
-0.139025
-0.128966
-0.117327
-0.106990
-0.095244
-0.084557
-0.073061
-0.060932
-0.050176
-0.041013
-0.035944
-0.031258
-0.025858
-0.018897
-0.010051
-0.002845
0.007008
0.018055
0.029780
0.041189
0.053047
0.063425
0.073764
0.085332
0.095861
0.110555
0.122423
0.132958
0.140419
0.146943
0.157384
0.168691
0.180440
0.190144
0.198645
0.207719
0.215845
0.223862
0.233328
0.240677
0.248115
0.258464
0.268502
0.275226
0.282665
0.289331
0.296970
0.304646
0.312771
0.321843
0.329054
0.337693
0.344020
0.350733
0.357781
0.365097
0.371951
0.378273
0.384807
0.389436
0.393927
0.398575
0.405932
0.414582
0.421451
0.427806
0.433147
0.437821
0.441029
0.445140
0.449742
0.453328
0.456347
0.459226
0.464202
0.470176
0.475651
0.479842
0.484483
0.487190
0.489350
0.492696
0.494883
0.495300
0.494387
0.494772
0.497103
0.500135
0.503905
0.506738
0.508273
0.508905
0.510037
0.511404
0.511984
0.512298
0.511369
0.512080
0.513369
0.513465
0.513787
0.515653
0.514898
0.512637
0.508809
0.504876
0.504587
0.503595
0.503164
0.500592
0.496897
0.493390
0.489894
0.487303
0.485036
0.482975
0.479763
0.477982
0.477379
0.474348
0.470591
0.467377
0.463269
0.460202
0.458093
0.454299
0.449655
0.444603
0.438634
0.432854
0.428875
0.426144
0.422992
0.419808
0.413490
0.407895
0.404824
0.402002
0.398332
0.392287
0.388443
0.385067
0.378839
0.370931
0.362944
0.357246
0.353713
0.349601
0.345214
0.338569
0.330122
0.323066
0.317506
0.311592
0.305275
0.299987
0.294511
0.289426
0.281708
0.273932
0.268458
0.261860
0.256457
0.251318
0.245635
0.238676
0.229367
0.222635
0.217483
0.212026
0.205282
0.198776
0.193700
0.188723
0.184724
0.179484
0.172932
0.165564
0.158877
0.153430
0.146897
0.138812
0.132886
0.128609
0.123554
0.117300
0.110061
0.102231
0.093479
0.085743
0.080085
0.073716
0.066084
0.055864
0.045512
0.037243
0.027700
0.019146
0.010052
-0.000381
-0.009396
-0.014982
-0.020546
-0.024757
-0.029782
-0.036201
-0.043569
-0.053004
-0.062329
-0.071928
-0.078761
-0.085151
-0.090859
-0.096146
-0.097683
-0.094045
-0.083999
-0.075023
-0.069258
-0.066094
-0.064502
-0.061638
-0.060612
-0.058988
-0.060143
-0.061765
-0.067951
-0.075903
-0.085250
-0.090488
-0.091554
-0.094433
-0.102172
-0.113974
-0.120559
-0.121665
-0.115831
-0.113199
-0.110964
-0.111622
-0.113213
-0.114026
-0.118857
-0.124530
-0.131946
-0.140667
-0.148445
-0.154789
-0.161366
-0.168150
-0.172189
-0.173502
-0.173205
-0.171953
-0.174013
-0.175484
-0.178127
-0.179890
-0.182865
-0.180882
-0.178518
-0.178325
-0.177851
-0.181509
-0.185092
-0.191247
-0.200785
-0.209685
-0.218353
-0.225192
-0.229969
-0.230740
-0.227027
-0.227310
-0.224651
-0.227673
-0.226224
-0.222611
-0.224733
-0.225857
-0.229045
-0.228559
-0.227044
-0.225832
-0.230161
-0.235093
-0.237342
-0.229463
-0.218972
-0.209364
-0.205342
-0.208329
-0.209194
-0.216137
-0.217428
-0.216866
-0.214124
-0.209447
-0.205944
-0.200822
-0.202755
-0.205541
-0.204958
-0.205502
-0.202492
-0.202745
-0.203399
-0.202124
-0.204519
-0.208997
-0.213928
-0.216987
-0.220354
-0.225305
-0.233998
-0.240475
-0.239386
-0.230022
-0.223724
-0.221422
-0.221569
-0.218018
-0.215567
-0.213179
-0.211331
-0.219137
-0.231057
-0.246780
-0.255398
-0.257705
-0.259058
-0.265238
-0.275083
-0.278663
-0.271982
-0.260020
-0.257867
-0.261564
-0.264032
-0.264160
-0.255064
-0.247480
-0.240565
-0.242494
-0.248706
-0.252215
-0.252828
-0.249099
-0.250250
-0.257046
-0.265790
-0.265212
-0.259299
-0.245390
-0.242033
-0.243514
-0.245882
-0.245250
-0.239513
-0.237036
-0.229953
-0.226008
-0.223889
-0.218081
-0.208666
-0.196857
-0.185419
-0.185602
-0.186969
-0.190799
-0.190721
-0.193647
-0.199839
-0.208125
-0.213030
-0.209540
-0.203735
-0.195835
-0.189474
-0.175847
-0.162296
-0.144067
-0.134382
-0.123574
-0.116818
-0.121042
-0.127136
-0.141180
-0.146240
-0.148088
-0.148265
-0.142927
-0.135952
-0.125579
-0.116401
-0.111451
-0.105169
-0.100621
-0.090704
-0.085539
-0.084287
-0.088178
-0.095492
-0.092323
-0.092032
-0.087618
-0.090838
-0.095385
-0.094529
-0.086579
-0.074082
-0.063630
-0.055890
-0.051074
-0.037552
-0.028255
-0.024612
-0.029018
-0.032661
-0.029093
-0.021970
-0.010380
-0.004684
0.006254
0.009275
0.009912
0.005600
-0.000947
0.002593
0.005326
0.012410
0.010426
0.008078
0.012109
0.027735
0.047050
0.059024
0.059105
0.056311
0.059987
0.069068
0.077441
0.077112
0.075880
0.070000
0.071006
0.074791
0.078581
0.089531
0.098433
0.109585
0.114407
0.109035
0.100831
0.100674
0.113711
0.119797
0.115840
0.107282
0.104401
0.113505
0.120200
0.120794
0.116730
0.117534
0.121973
0.126429
0.130020
0.137865
0.150302
0.160001
0.169700
0.173071
0.179073
0.185016
0.187891
0.189809
0.186080
0.182703
0.182405
0.188454
0.192529
0.188986
0.184161
0.178839
0.174279
0.170154
0.165797
0.160441
0.155679
0.152248
0.156493
0.164511
0.173856
0.186465
0.195076
0.206348
0.212584
0.212069
0.209349
0.204040
0.198153
0.181716
0.166425
0.158922
0.159413
0.160601
0.153574
0.145918
0.145167
0.151725
0.156348
0.161363
0.162092
0.165364
0.174507
0.181780
0.191991
0.190486
0.180506
0.170924
0.164673
0.165909
0.162921
0.154976
0.146311
0.143779
0.148999
0.152944
0.154328
0.147549
0.142533
0.146760
0.150881
0.155488
0.147411
0.140019
0.138893
0.142873
0.150896
0.146892
0.141114
0.133014
0.131515
0.134229
0.134295
0.130843
0.119431
0.111538
0.106390
0.103644
0.102495
0.102092
0.097937
0.096554
0.099573
0.103628
0.106250
0.102852
0.101392
0.102008
0.107024
0.108085
0.103217
0.097148
0.091133
0.089947
0.088733
0.087061
0.083742
0.081416
0.079051
0.077083
0.078486
0.078294
0.081273
0.081122
0.078868
0.076513
0.072680
0.070720
0.067394
0.064370
0.061071
0.057260
0.054127
0.052439
0.054469
0.055813
0.055370
0.055144
0.054935
0.058539
0.060084
0.060845
0.057308
0.052651
0.047546
0.043714
0.041410
0.036495
0.036685
0.035874
0.036943
0.036329
0.035373
0.036885
0.038269
0.039327
0.037455
0.034547
0.032072
0.030177
0.029392
0.028573
0.024934
0.019862
0.015158
0.012914
0.015809
0.017697
0.014442
0.010079
0.007392
0.007760
0.007648
0.003580
-0.000841
-0.001240
0.001240
0.002039
-0.001314
-0.005850
-0.010421
-0.011038
-0.010163
-0.011321
-0.016863
-0.024596
-0.029488
-0.031818
-0.031062
-0.029166
-0.030185
-0.035680
-0.042813
-0.045506
-0.045209
-0.045834
-0.048893
-0.054334
-0.056160
-0.057670
-0.057243
-0.056380
-0.057542
-0.057330
-0.057569
-0.058737
-0.061278
-0.065631
-0.069504
-0.070010
-0.070972
-0.072380
-0.075567
-0.081841
-0.088099
-0.092127
-0.094976
-0.097193
-0.098095
-0.100964
-0.102637
-0.104360
-0.104693
-0.105392
-0.106679
-0.106236
-0.106593
-0.105535
-0.106877
-0.108546
-0.109765
-0.109798
-0.107861
-0.106648
-0.105898
-0.105585
-0.104499
-0.102444
-0.101821
-0.101386
-0.100443
-0.100624
-0.101379
-0.101550
-0.103008
-0.107365
-0.114076
-0.120954
-0.124535
-0.127263
-0.128329
-0.128116
-0.127536
-0.125573
-0.122224
-0.117240
-0.112325
-0.107453
-0.104516
-0.103782
-0.103367
-0.102251
-0.099770
-0.100707
-0.102852
-0.102629
-0.101410
-0.098738
-0.097945
-0.097599
-0.097615
-0.100146
-0.102057
-0.103560
-0.102812
-0.100639
-0.098980
-0.097313
-0.096199
-0.097162
-0.098854
-0.099024
-0.097972
-0.097701
-0.100254
-0.102591
-0.102051
-0.099093
-0.095912
-0.093235
-0.090958
-0.087006
-0.082728
-0.080587
-0.080138
-0.078881
-0.077073
-0.075269
-0.072834
-0.072934
-0.073366
-0.072742
-0.072487
-0.073242
-0.074442
-0.073827
-0.073492
-0.071312
-0.069177
-0.068558
-0.067821
-0.067112
-0.065156
-0.063934
-0.061476
-0.059474
-0.057412
-0.055052
-0.054170
-0.053240
-0.051930
-0.050804
-0.050970
-0.049385
-0.047918
-0.045484
-0.041810
-0.041022
-0.039778
-0.038711
-0.037110
-0.035040
-0.033616
-0.031601
-0.028313
-0.024306
-0.020122
-0.015993
-0.011416
-0.004711
-0.000402
0.002138
0.003343
0.003305
0.004284
0.003637
0.004744
0.006583
0.007218
0.006074
0.004740
0.004824
0.005199
0.006407
0.010318
0.016291
0.019820
