-0.001678
-0.001689
-0.001162
-0.001168
0.000409
0.000260
0.000621
0.001147
0.001314
0.003465
0.003398
0.004794
0.004010
0.004644
0.005910
0.006553
0.006582
0.006596
0.007788
0.007827
0.007983
0.007816
0.006344
0.007117
0.006793
0.006885
0.007068
0.005568
0.006573
0.006446
0.006992
0.005479
0.005938
0.005436
0.005196
0.006090
0.005356
0.005906
0.004416
0.004091
0.004294
0.002790
0.001857
0.001631
0.001240
0.001666
0.001215
0.001343
0.000721
-0.000010
-0.000490
-0.000813
0.000108
-0.000524
-0.000922
-0.000452
0.000354
0.001060
0.001626
0.001544
0.001792
0.002525
0.003772
0.004461
0.004760
0.005280
0.005477
0.006170
0.006932
0.007808
0.007768
0.007489
0.007270
0.006883
0.007239
0.009132
0.009503
0.009328
0.008862
0.008851
0.010028
0.010554
0.011421
0.011364
0.013096
0.013998
0.014803
0.014229
0.012918
0.011551
0.010991
0.012258
0.012529
0.014232
0.013589
0.014333
0.013583
0.012102
0.011348
0.011051
0.012194
0.011774
0.012622
0.011254
0.009436
0.008307
0.007041
0.006656
0.006672
0.007324
0.006722
0.004678
0.003201
0.002226
0.001773
0.002631
0.002346
0.001118
0.000925
-0.000430
-0.001216
-0.000982
-0.001793
-0.002245
-0.003379
-0.005322
-0.006266
-0.007706
-0.009323
-0.009197
-0.009904
-0.010942
-0.009988
-0.009762
-0.010720
-0.011470
-0.012132
-0.012202
-0.010392
-0.008509
-0.008943
-0.008509
-0.009439
-0.010246
-0.010330
-0.010703
-0.010345
-0.011487
-0.010433
-0.009485
-0.008022
-0.006790
-0.007018
-0.006372
-0.006325
-0.004263
-0.004024
-0.002898
-0.001257
-0.000446
0.001712
0.001529
-0.000227
-0.001694
-0.001377
-0.000997
-0.000597
-0.002009
-0.002085
-0.000543
0.000466
-0.000365
-0.001137
-0.001329
-0.001352
-0.000545
-0.000940
0.001154
0.001633
0.001426
0.000682
-0.000307
-0.000042
0.000351
0.001414
0.000184
0.001213
0.001257
0.002101
0.002519
0.000795
0.000922
0.001457
0.001894
0.001108
0.000648
-0.000063
-0.000593
-0.000971
-0.001102
-0.001042
0.000616
-0.000174
-0.001375
-0.003184
-0.002851
-0.001091
-0.001748
-0.002429
-0.003880
-0.002384
-0.003672
-0.005150
-0.006624
-0.007081
-0.005632
-0.004268
-0.002598
-0.003288
-0.004469
-0.006462
-0.007163
-0.007539
-0.008705
-0.009302
-0.008675
-0.009481
-0.010050
-0.012855
-0.014320
-0.013900
-0.014146
-0.012743
-0.012359
-0.012175
-0.013355
-0.014101
-0.015856
-0.017491
-0.018672
-0.019507
-0.018920
-0.017327
-0.017905
-0.020181
-0.020998
-0.021293
-0.021398
-0.021821
-0.022493
-0.023603
-0.023318
-0.023110
-0.022508
-0.023046
-0.024741
-0.023851
-0.022246
-0.021417
-0.022315
-0.021926
-0.021443
-0.020065
-0.020007
-0.021460
-0.021436
-0.022465
-0.021472
-0.020307
-0.018792
-0.017822
-0.017241
-0.017466
-0.016930
-0.014404
-0.013000
-0.011100
-0.011346
-0.010505
-0.010546
-0.009582
-0.008305
-0.009420
-0.009929
-0.010758
-0.009597
-0.009943
-0.009775
-0.011853
-0.013110
-0.013187
-0.012631
-0.011259
-0.013119
-0.013604
-0.013999
-0.013019
-0.012489
-0.013932
-0.013989
-0.012050
-0.010922
-0.009514
-0.008835
-0.009176
-0.009014
-0.009468
-0.008363
-0.008421
-0.008893
-0.010879
-0.010839
-0.014381
-0.013117
-0.014033
-0.013486
-0.012784
-0.011942
-0.013348
-0.014276
-0.016252
-0.020207
-0.022990
-0.027911
-0.027066
-0.044206
-0.030859
-0.062653
-0.045068
-0.057363
-0.083873
-0.048630
-0.057204
-0.057110
-0.061502
-0.022277
-0.031427
-0.037570
-0.045273
-0.027134
-0.053569
-0.068816
-0.107467
-0.148307
-0.089934
-0.110181
-0.140066
-0.158266
-0.099815
-0.094175
-0.146008
-0.172266
-0.147575
-0.073096
-0.028959
-0.042354
-0.054894
-0.005936
0.031649
-0.010413
-0.086394
-0.072799
0.024016
0.125049
0.105755
0.024056
0.018527
0.077607
0.109340
0.052204
0.002380
0.034664
0.096143
0.105100
0.054821
0.021550
0.046682
0.094171
0.089216
0.037652
0.015113
0.061438
0.126630
0.137048
0.064895
0.014051
0.048191
0.127390
0.169348
0.116068
0.042291
0.025408
0.096228
0.153404
0.129009
0.052196
0.014304
0.052037
0.124716
0.166762
0.139551
0.095437
0.080359
0.121556
0.167306
0.178969
0.148058
0.115003
0.129249
0.168947
0.187633
0.163495
0.144911
0.170692
0.223948
0.241944
0.195534
0.141481
0.143431
0.191477
0.215244
0.184422
0.132160
0.110816
0.140043
0.181254
0.188018
0.152564
0.099946
0.075879
0.101978
0.143073
0.147387
0.099055
0.050600
0.055446
0.103769
0.128588
0.093485
0.039757
0.030832
0.076005
0.115248
0.094703
0.035688
0.006207
0.028251
0.061270
0.054481
0.014308
-0.017400
-0.012177
0.012633
0.019005
-0.000544
-0.030879
-0.044775
-0.036321
-0.021453
-0.022400
-0.048094
-0.076418
-0.083297
-0.065277
-0.049163
-0.056864
-0.080793
-0.100358
-0.099473
-0.087950
-0.086473
-0.103702
-0.121585
-0.123943
-0.111248
-0.098650
-0.104524
-0.118722
-0.128458
-0.129582
-0.127016
-0.125435
-0.125167
-0.129691
-0.134947
-0.135697
-0.129623
-0.120460
-0.117854
-0.123686
-0.128895
-0.124272
-0.113703
-0.108424
-0.111259
-0.115912
-0.114012
-0.104536
-0.096325
-0.097495
-0.104047
-0.107272
-0.101440
-0.089451
-0.081312
-0.081533
-0.087793
-0.092302
-0.089567
-0.082509
-0.078707
-0.080426
-0.086936
-0.089558
-0.083711
-0.076520
-0.074920
-0.078394
-0.081030
-0.079267
-0.072544
-0.069248
-0.069772
-0.072623
-0.073444
-0.070184
-0.066995
-0.065099
-0.067222
-0.072366
-0.072069
-0.066960
-0.062481
-0.064461
-0.070677
-0.073909
-0.070025
-0.062444
-0.058966
-0.061916
-0.068622
-0.067028
-0.060757
-0.054374
-0.054374
-0.057600
-0.060465
-0.058156
-0.051926
-0.049275
-0.052636
-0.058396
-0.058394
-0.055350
-0.049848
-0.051666
-0.059633
-0.065163
-0.065165
-0.061856
-0.062746
-0.070158
-0.077786
-0.079265
-0.074797
-0.069436
-0.070923
-0.077373
-0.083297
-0.084313
-0.081263
-0.080566
-0.083945
-0.090811
-0.092126
-0.087189
-0.082078
-0.082297
-0.087152
-0.088730
-0.084421
-0.078773
-0.074703
-0.074485
-0.075225
-0.071831
-0.065493
-0.059293
-0.057015
-0.057520
-0.059569
-0.057292
-0.052137
-0.047689
-0.049781
-0.053384
-0.052296
-0.046477
-0.040177
-0.038386
-0.040279
-0.040398
-0.032691
-0.024043
-0.021462
-0.025714
-0.029123
-0.030431
-0.025575
-0.019268
-0.017379
-0.017656
-0.017273
-0.013236
-0.009717
-0.008678
-0.009876
-0.010717
-0.007990
-0.003002
0.002780
0.005617
0.003278
-0.001394
-0.002843
0.002575
0.008848
0.008774
0.006631
0.007582
0.010165
0.014725
0.016023
0.013339
0.011878
0.015433
0.021533
0.029212
0.034089
0.035771
0.037110
0.040214
0.045244
0.049779
0.055166
0.059166
0.066437
0.076369
0.085732
0.090786
0.093188
0.098336
0.107502
0.118342
0.125636
0.129770
0.135692
0.144872
0.154005
0.158678
0.158550
0.160609
0.167565
0.175710
0.182518
0.187079
0.188818
0.190565
0.195422
0.200613
0.202565
0.203162
0.203621
0.206131
0.209135
0.211011
0.215241
0.216362
0.212770
0.210470
0.208637
0.209242
0.209734
0.207514
0.207465
0.207681
0.208288
0.206254
0.199357
0.193284
0.189680
0.187051
0.183712
0.179411
0.174035
0.167980
0.162256
0.155472
0.149452
0.144382
0.139279
0.134894
0.131295
0.127219
0.123075
0.117000
0.109676
0.105062
0.102843
0.102844
0.101161
0.099748
0.097029
0.092759
0.090982
0.089845
0.089314
0.088081
0.085800
0.086251
0.088060
0.087314
0.085915
0.084808
0.084423
0.085452
0.083857
0.082037
0.079902
0.079431
0.081053
0.082257
0.083309
0.082654
0.082721
0.081945
0.083008
0.084552
0.085669
0.084920
0.086108
0.089206
0.090892
0.090291
0.087321
0.085812
0.084731
0.087374
0.089451
0.091372
0.090585
0.089443
0.088644
0.087568
0.089510
0.088176
0.085135
0.081166
0.079428
0.078827
0.076368
0.071325
0.064358
0.059962
0.056029
0.053059
0.051824
0.049344
0.047634
0.043814
0.037612
0.033632
0.031673
0.030732
0.027413
0.021161
0.013425
0.007308
0.005052
0.001100
-0.003867
-0.008245
-0.014284
-0.018812
-0.022663
-0.027463
-0.032748
-0.035990
-0.038507
-0.041650
-0.045337
-0.049014
-0.052336
-0.056835
-0.060497
-0.064827
-0.069942
-0.075441
-0.077864
-0.080313
-0.084322
-0.088843
-0.092792
-0.095761
-0.099368
-0.100849
-0.102744
-0.104246
-0.108014
-0.114115
-0.120581
-0.126699
-0.131460
-0.135204
-0.138392
-0.140565
-0.142449
-0.145843
-0.149941
-0.155792
-0.160058
-0.164103
-0.167835
-0.169947
-0.170397
-0.173598
-0.179885
-0.185289
-0.189444
-0.191556
-0.192168
-0.192984
-0.195752
-0.198761
-0.202208
-0.203454
-0.205907
-0.208280
-0.211595
-0.213539
-0.214562
-0.214452
-0.213832
-0.216578
-0.218460
-0.221496
-0.223407
-0.226198
-0.226673
-0.225545
-0.225489
-0.226481
-0.227294
-0.227132
-0.224597
-0.221615
-0.221434
-0.219277
-0.217407
-0.212514
-0.207148
-0.204165
-0.202954
-0.203418
-0.201147
-0.198796
-0.196655
-0.195268
-0.191870
-0.186572
-0.181890
-0.177583
-0.173902
-0.171541
-0.169826
-0.164352
-0.159159
-0.155818
-0.153510
-0.152790
-0.151767
-0.148185
-0.142565
-0.136893
-0.132461
-0.129832
-0.126743
-0.123065
-0.118423
-0.113736
-0.109743
-0.105242
-0.100606
-0.096003
-0.092699
-0.089357
-0.085696
-0.083254
-0.081083
-0.075819
-0.067386
-0.060942
-0.058411
-0.057262
-0.055218
-0.051454
-0.046890
-0.041977
-0.037458
-0.032683
-0.026754
-0.023341
-0.021561
-0.020369
-0.019581
-0.018670
-0.015469
-0.011388
-0.006524
-0.001580
0.001176
0.003244
0.002539
0.004125
0.007876
0.010152
0.012633
0.015140
0.017569
0.018953
0.019445
0.020677
0.022281
0.024190
0.026241
0.027604
0.026931
0.027181
0.027488
0.025228
0.024073
0.024053
0.024247
0.024818
0.026854
0.027758
0.027943
0.028456
0.028473
0.028328
0.028250
0.028893
0.030364
0.031655
0.032430
0.031991
0.028168
0.025887
0.027094
0.028950
0.031187
0.030558
0.027884
0.026595
0.027175
0.030482
0.033735
0.035590
0.038434
0.039233
0.039601
0.041570
0.042988
0.044369
0.047107
0.050618
0.051244
0.050775
0.049398
0.050759
0.052905
0.054857
0.055422
0.053196
0.054607
0.056321
0.059849
0.060842
0.059245
0.060196
0.061217
0.065141
0.068499
0.069721
0.071095
0.073432
0.074522
0.075617
0.078551
0.081928
0.085093
0.086488
0.087241
0.088112
0.090086
0.090198
0.089534
0.090318
0.091795
0.093000
0.094200
0.094716
0.095272
0.095144
0.094005
0.095172
0.095212
0.094719
0.095510
0.095603
0.095218
0.095895
0.094953
0.093129
0.092755
0.092388
0.091894
0.089798
0.088748
0.088971
0.088943
0.088705
0.088583
0.085829
0.084314
0.082993
0.081753
0.083331
0.084462
0.084000
0.081509
0.081910
0.079374
0.078267
0.077310
0.076604
0.077055
0.076271
0.075248
0.072963
0.071836
0.068246
0.063864
0.060026
0.059488
0.059389
0.059100
0.057822
0.056989
0.054228
0.052994
0.053982
0.054035
0.053303
0.050352
0.048470
0.047336
0.049318
0.051610
0.052851
0.050928
0.049191
0.048392
0.049892
0.052693
0.055846
0.056103
0.055370
0.056015
0.054897
0.055855
0.056606
0.056916
0.054561
0.054219
0.053333
0.052157
0.052558
0.051643
0.051597
0.051387
0.050656
0.050489
0.050024
0.049667
0.050559
0.051180
0.051204
0.048846
0.048278
0.047689
0.047249
0.047583
0.047963
0.048670
0.047997
0.046908
0.045887
0.045931
0.046063
0.046042
0.044441
0.043154
0.043399
0.043775
0.042855
0.039533
0.038165
0.037963
0.037501
0.036424
0.033013
0.031133
0.030254
0.029287
0.027267
0.024832
0.021033
0.020079
0.020171
0.020808
0.022791
0.022693
0.022231
0.018795
0.016495
0.015372
0.012279
0.011081
0.009791
0.008038
0.007252
0.005956
0.007111
0.005376
0.004414
0.003419
0.004059
0.006673
0.006669
0.007102
0.006563
0.006936
0.005799
0.003778
0.003396
0.003791
0.004535
0.005178
0.005410
0.005354
0.004655
0.003960
0.004235
0.005435
0.005874
0.008162
0.009658
0.010754
0.011946
0.012851
0.014714
0.016475
0.017346
0.018042
0.020389
0.022266
0.024692
0.025747
0.026219
0.026979
0.028490
0.027442
0.025280
0.023160
0.020651
0.017452
0.013400
0.011251
0.010430
0.011212
0.010263
0.010400
0.009112
0.005692
0.004310
0.002770
0.002541
0.003476
0.002452
0.000548
-0.003263
-0.006751
-0.010486
-0.012202
-0.012707
-0.016423
-0.019451
-0.023269
-0.026186
-0.028854
-0.030308
-0.035111
-0.039829
-0.042946
-0.045577
-0.045159
-0.046511
-0.047740
-0.050585
-0.053737
-0.055390
-0.056172
-0.057947
-0.059888
-0.060980
-0.061529
-0.064074
-0.066374
-0.067916
-0.069748
-0.071223
-0.072946
-0.074983
-0.076682
-0.075852
-0.075538
-0.074930
-0.075003
-0.074745
-0.074827
-0.075555
-0.075047
-0.074094
-0.072742
-0.071823
-0.072079
-0.074781
-0.076175
-0.075732
-0.076359
-0.076284
-0.077022
-0.076739
-0.075896
-0.075461
-0.075637
-0.076355
-0.075966
-0.076568
-0.076699
-0.077686
-0.076318
-0.074943
-0.074903
-0.074106
-0.073884
-0.071852
-0.070700
-0.070122
-0.067547
-0.064824
-0.062616
-0.062168
-0.060461
-0.058075
-0.054208
-0.049908
-0.047880
-0.045857
-0.044134
-0.039092
-0.036315
-0.034116
-0.032834
-0.031047
-0.028229
-0.026277
-0.023577
-0.020286
-0.015859
-0.011203
-0.007737
-0.005822
-0.002407
0.000058
0.003753
0.006654
0.007516
0.009183
0.012456
0.014861
0.016090
0.018627
0.020593
0.022160
0.025110
0.025530
0.025535
0.026079
0.027526
0.029977
0.030751
0.031207
0.031181
0.030006
0.028226
0.027910
0.026928
0.026251
0.027245
0.028262
0.029787
0.031607
0.032306
0.032832
0.032832
0.032060
0.031456
0.032823
0.033585
0.033133
0.031180
0.029147
0.028673
0.026496
0.026280
0.024283
0.023329
0.023561
0.021934
0.021405
0.020741
0.019609
0.017632
0.016321
0.012947
0.010005
0.008078
0.006281
0.005915
0.006052
0.004603
0.002833
0.000244
-0.001102
-0.001572
-0.002284
-0.003263
-0.005069
-0.006291
-0.006734
-0.005945
-0.008297
-0.010537
-0.012949
-0.014226
-0.016069
-0.016717
-0.017115
-0.017784
-0.018047
-0.019346
-0.021958
-0.025633
-0.028502
-0.032707
-0.034364
-0.035674
-0.037295
-0.039422
-0.042286
-0.045261
-0.048991
-0.053029
-0.055027
-0.056355
-0.057352
-0.057731
-0.059260
-0.061511
-0.063726
-0.067236
-0.071115
-0.074039
-0.076192
-0.077481
-0.079334
-0.083592
-0.088219
-0.089434
-0.091662
-0.092216
-0.092875
-0.094055
-0.094935
-0.097747
-0.099179
-0.099306
-0.097789
-0.098592
-0.100807
-0.103271
-0.103426
-0.102397
-0.102785
-0.102492
-0.103015
-0.104074
-0.105587
-0.108243
-0.110822
-0.111954
-0.114090
-0.115750
-0.116906
-0.117595
-0.117390
-0.117667
-0.117632
-0.117270
-0.117090
-0.117763
-0.119087
-0.117002
-0.113692
-0.111793
-0.111961
-0.112538
-0.110711
-0.107490
-0.103315
-0.099185
-0.097385
-0.094750
-0.091908
-0.089789
-0.085458
-0.081314
-0.078154
-0.075540
-0.070130
-0.066327
-0.060122
-0.053101
-0.046875
-0.041772
-0.036714
-0.030009
-0.024230
-0.018483
-0.014145
-0.011197
-0.007213
-0.000913
0.003428
0.007964
0.011795
0.013867
0.017147
0.020913
0.023480
0.027792
0.030602
0.034256
0.036686
0.039994
0.041626
0.042529
0.045814
0.049284
0.055053
0.056602
0.060929
0.064317
0.068167
0.072679
0.077312
0.080944
0.085054
0.090489
0.093715
0.096188
0.095155
0.095751
0.094937
0.093860
0.092506
0.091945
0.091479
0.088823
0.087274
0.086126
0.085015
0.083388
0.082386
0.081942
0.081573
0.078874
0.074088
0.070848
0.069502
0.068273
0.063593
0.059792
0.055530
0.051317
0.050677
0.048675
0.046933
0.046447
0.045370
0.041911
0.039609
0.037543
0.036368
0.036316
0.034824
0.034885
0.034735
0.032079
0.030790
0.029830
0.029155
0.029130
0.028600
