-0.020523
-0.020596
-0.022123
-0.023544
-0.025156
-0.025960
-0.026330
-0.026545
-0.026431
-0.028104
-0.029150
-0.030586
-0.029923
-0.030017
-0.030813
-0.032028
-0.032591
-0.033176
-0.034954
-0.035256
-0.036018
-0.035269
-0.035864
-0.035858
-0.035949
-0.035819
-0.035337
-0.037066
-0.037138
-0.037904
-0.038935
-0.038770
-0.038431
-0.038789
-0.038209
-0.039105
-0.039992
-0.039034
-0.040222
-0.040542
-0.039761
-0.038964
-0.039445
-0.038294
-0.037424
-0.037501
-0.036271
-0.036673
-0.035903
-0.034898
-0.034984
-0.034100
-0.034063
-0.033835
-0.034394
-0.033492
-0.032402
-0.032874
-0.032602
-0.033389
-0.032064
-0.031702
-0.029344
-0.028497
-0.027885
-0.027802
-0.029145
-0.028032
-0.026019
-0.023839
-0.023322
-0.022538
-0.022519
-0.020993
-0.020671
-0.019862
-0.020126
-0.019603
-0.017534
-0.016296
-0.014977
-0.013683
-0.013021
-0.013381
-0.012779
-0.012391
-0.010911
-0.010253
-0.008890
-0.007651
-0.006713
-0.006100
-0.005022
-0.003890
-0.003133
-0.002492
-0.003894
-0.003838
-0.004020
-0.003791
-0.002692
-0.001228
-0.000259
-0.000295
0.000122
0.000708
0.001619
0.001661
0.001363
0.002168
0.003205
0.004559
0.004878
0.004074
0.003589
0.003028
0.004136
0.005844
0.006395
0.007019
0.007022
0.005706
0.006876
0.007988
0.008631
0.009181
0.009187
0.008359
0.009056
0.010376
0.010761
0.010140
0.008352
0.008218
0.007303
0.007723
0.006294
0.005738
0.003300
0.001068
0.001407
0.001894
0.003797
0.004173
0.004569
0.005202
0.006362
0.007695
0.009712
0.010775
0.011712
0.011683
0.012365
0.013308
0.014197
0.014078
0.012819
0.011110
0.010788
0.013289
0.013709
0.014604
0.013509
0.012424
0.011788
0.011504
0.012907
0.013829
0.013593
0.012748
0.013381
0.013513
0.013794
0.013890
0.015269
0.015379
0.014929
0.016143
0.017149
0.017212
0.018019
0.017853
0.015810
0.016049
0.016903
0.017590
0.016615
0.016239
0.016586
0.016676
0.017302
0.017580
0.017846
0.015755
0.015208
0.015517
0.015474
0.015419
0.015189
0.015726
0.017021
0.018965
0.019018
0.019737
0.019091
0.019973
0.020412
0.019311
0.020528
0.020232
0.018988
0.019114
0.020473
0.020999
0.022662
0.022538
0.020795
0.020360
0.019726
0.020232
0.020374
0.020482
0.020598
0.020951
0.020676
0.021879
0.023249
0.022873
0.023004
0.022256
0.022978
0.023618
0.025157
0.024836
0.024016
0.024245
0.024848
0.024959
0.024165
0.023633
0.022357
0.023100
0.022507
0.021919
0.020783
0.020995
0.022490
0.022633
0.022080
0.022042
0.020930
0.019195
0.017244
0.016123
0.017838
0.018531
0.019148
0.017154
0.019029
0.021525
0.024017
0.025524
0.025210
0.026446
0.025004
0.025127
0.023612
0.023491
0.024226
0.024747
0.025175
0.025314
0.026253
0.026742
0.028907
0.030868
0.031175
0.031110
0.030331
0.030198
0.030732
0.032116
0.031389
0.030778
0.030374
0.030549
0.031108
0.029564
0.027685
0.025679
0.027616
0.028293
0.028988
0.028118
0.027674
0.027166
0.026999
0.026681
0.026597
0.025071
0.024629
0.022473
0.022000
0.019061
0.018789
0.017053
0.015793
0.011590
0.009386
0.006461
0.005998
0.007628
0.008199
0.011237
0.006366
0.007847
-0.001174
0.003227
-0.011096
0.000216
-0.027832
-0.010824
-0.014296
-0.042277
-0.015831
-0.035235
-0.014470
-0.053873
-0.066084
-0.052845
-0.095153
-0.157911
-0.168834
-0.116298
-0.098432
-0.150757
-0.147968
-0.071958
-0.043080
-0.084511
-0.097839
-0.010581
0.041355
-0.023688
-0.138508
-0.140608
-0.049336
-0.008058
-0.082752
-0.162554
-0.144145
-0.095238
-0.095835
-0.124564
-0.090310
-0.023388
-0.014246
-0.064694
-0.078888
-0.003493
0.090972
0.103351
0.043585
0.010875
0.046711
0.098668
0.119687
0.105036
0.085186
0.057674
0.030878
0.044824
0.082190
0.119360
0.090893
0.020326
0.016302
0.088834
0.185426
0.204002
0.139717
0.096562
0.133469
0.224373
0.263850
0.216629
0.141274
0.122284
0.179637
0.235568
0.227574
0.166083
0.122567
0.127018
0.155610
0.168070
0.150211
0.117578
0.080567
0.070668
0.096824
0.134894
0.147610
0.106061
0.058903
0.061165
0.109465
0.144285
0.107112
0.034707
0.001009
0.035761
0.079158
0.058718
-0.001242
-0.038414
-0.018274
0.020453
0.014930
-0.027596
-0.068379
-0.071132
-0.051787
-0.048763
-0.071615
-0.100516
-0.107590
-0.093107
-0.075820
-0.073759
-0.089397
-0.108870
-0.120049
-0.115165
-0.103625
-0.108683
-0.130618
-0.158273
-0.163571
-0.147433
-0.137053
-0.147139
-0.174931
-0.190752
-0.180894
-0.164720
-0.160365
-0.171863
-0.182594
-0.180075
-0.163949
-0.138299
-0.122911
-0.128621
-0.145254
-0.147667
-0.128878
-0.107563
-0.109971
-0.136607
-0.151316
-0.132204
-0.098960
-0.087715
-0.107948
-0.131864
-0.125755
-0.095220
-0.073476
-0.079535
-0.101113
-0.107528
-0.088275
-0.061273
-0.051144
-0.059991
-0.074813
-0.075045
-0.058878
-0.042763
-0.039400
-0.053031
-0.065465
-0.061629
-0.045408
-0.035966
-0.044354
-0.059993
-0.064556
-0.050349
-0.032613
-0.029949
-0.042390
-0.053052
-0.044623
-0.027938
-0.021723
-0.032924
-0.047771
-0.047183
-0.033640
-0.022713
-0.027906
-0.042379
-0.050531
-0.043023
-0.029157
-0.023428
-0.033392
-0.047964
-0.051575
-0.042667
-0.030841
-0.031925
-0.043081
-0.050619
-0.042871
-0.026308
-0.018929
-0.024929
-0.034285
-0.033886
-0.023446
-0.014401
-0.015734
-0.024752
-0.030387
-0.025889
-0.014600
-0.008372
-0.013051
-0.020281
-0.020555
-0.009366
0.002851
0.004290
-0.005553
-0.013962
-0.008442
0.004518
0.012922
0.011383
0.004998
0.007142
0.018474
0.029978
0.033344
0.028193
0.025954
0.029525
0.038621
0.043523
0.041217
0.035407
0.035572
0.043515
0.049023
0.049207
0.042006
0.039020
0.042904
0.049084
0.052349
0.048541
0.042885
0.041624
0.047910
0.056436
0.060222
0.056284
0.051850
0.053849
0.059432
0.063022
0.059267
0.053342
0.050946
0.053168
0.055972
0.054995
0.051353
0.048785
0.049591
0.051921
0.053732
0.051283
0.048059
0.046865
0.050781
0.055984
0.054911
0.051350
0.047881
0.047880
0.051083
0.054076
0.053340
0.049361
0.046193
0.047043
0.051201
0.052380
0.048799
0.044890
0.046456
0.050824
0.053639
0.053052
0.052376
0.052149
0.053184
0.053638
0.053393
0.052649
0.051196
0.052453
0.053929
0.054242
0.054346
0.053574
0.053218
0.053388
0.053736
0.057350
0.054929
0.057455
0.055767
0.055125
0.062293
0.058953
0.055828
0.053608
0.056054
0.058796
0.057807
0.055502
0.056344
0.060176
0.061082
0.061138
0.059736
0.057894
0.057770
0.056441
0.055158
0.055337
0.053419
0.051980
0.053758
0.057750
0.056233
0.050104
0.049546
0.051318
0.052116
0.051874
0.049432
0.049534
0.045829
0.043425
0.045193
0.046110
0.045248
0.040167
0.039884
0.040884
0.041221
0.040290
0.037224
0.035693
0.034362
0.033190
0.033035
0.031687
0.029294
0.027096
0.023972
0.025389
0.026549
0.024679
0.021755
0.020169
0.023941
0.025158
0.022725
0.018064
0.016189
0.019530
0.018245
0.016520
0.013462
0.012070
0.014095
0.012725
0.012607
0.012260
0.011893
0.010973
0.009031
0.008279
0.008886
0.007944
0.006117
0.002978
0.003573
0.006142
0.007531
0.005192
0.000724
-0.000198
0.000184
0.002988
0.002392
0.001406
-0.001353
-0.002650
-0.002145
-0.002859
-0.001794
-0.004464
-0.007522
-0.009487
-0.008703
-0.006230
-0.008480
-0.011653
-0.012072
-0.011632
-0.009981
-0.010061
-0.011181
-0.012380
-0.012668
-0.010771
-0.010233
-0.011943
-0.016633
-0.021600
-0.022285
-0.019844
-0.019051
-0.021581
-0.028128
-0.031292
-0.030165
-0.027508
-0.024492
-0.025625
-0.029354
-0.032653
-0.031816
-0.029409
-0.029154
-0.032428
-0.035798
-0.038076
-0.038187
-0.033890
-0.031460
-0.032607
-0.034481
-0.035694
-0.033174
-0.030891
-0.031590
-0.033894
-0.036724
-0.036411
-0.037375
-0.039465
-0.041413
-0.043732
-0.043409
-0.042274
-0.042138
-0.043469
-0.045881
-0.046116
-0.046198
-0.044722
-0.044963
-0.046834
-0.047419
-0.048155
-0.047070
-0.047604
-0.047289
-0.049349
-0.051466
-0.052184
-0.051599
-0.051448
-0.054854
-0.057159
-0.058320
-0.055103
-0.050996
-0.051901
-0.054758
-0.055649
-0.054826
-0.053871
-0.053550
-0.053598
-0.052596
-0.050895
-0.049799
-0.049214
-0.048085
-0.045399
-0.045148
-0.045405
-0.045382
-0.045202
-0.045556
-0.048301
-0.049336
-0.048370
-0.046337
-0.044920
-0.043877
-0.041725
-0.038865
-0.038273
-0.038306
-0.037760
-0.035925
-0.034527
-0.034917
-0.035149
-0.032413
-0.028507
-0.026532
-0.027021
-0.029004
-0.026440
-0.024001
-0.022362
-0.024335
-0.024131
-0.022801
-0.020733
-0.015592
-0.012790
-0.009576
-0.009537
-0.008355
-0.005334
-0.000041
0.002258
0.001374
0.001275
-0.000004
0.000467
0.001169
0.001223
0.003624
0.005061
0.003692
0.003284
0.003498
0.004699
0.005974
0.004860
0.002724
0.000926
0.000993
0.003416
0.004461
0.002996
0.002243
0.002636
0.003433
0.003990
0.002591
0.003312
0.002817
0.003422
0.005421
0.005517
0.004892
0.002720
0.002060
0.002921
0.007141
0.009078
0.008821
0.007460
0.007307
0.009881
0.010536
0.009559
0.008863
0.008742
0.008647
0.008957
0.006595
0.006121
0.007497
0.008913
0.008667
0.005753
0.004387
0.003745
0.003080
0.002101
0.002895
0.004763
0.003660
0.001644
0.001103
0.003466
0.007365
0.007444
0.005037
0.003176
0.003191
0.006667
0.007225
0.006433
0.005095
0.005178
0.007333
0.007930
0.008548
0.006710
0.007103
0.006663
0.006146
0.008361
0.009800
0.009340
0.008476
0.007550
0.009694
0.011617
0.010298
0.008972
0.006902
0.009003
0.011392
0.011114
0.010230
0.009517
0.010611
0.012483
0.014195
0.012350
0.009885
0.009953
0.011060
0.013029
0.012060
0.009004
0.009276
0.011195
0.014000
0.016000
0.015202
0.015024
0.013420
0.014273
0.016863
0.018721
0.016805
0.012107
0.012155
0.014972
0.017521
0.017834
0.017501
0.017091
0.015692
0.014113
0.014047
0.014882
0.015966
0.013862
0.012920
0.013354
0.014584
0.016188
0.017743
0.020333
0.019861
0.020436
0.019025
0.019676
0.019485
0.018443
0.018028
0.017612
0.017872
0.017460
0.018019
0.017191
0.017514
0.014244
0.011602
0.012398
0.014460
0.014764
0.012458
0.011638
0.013093
0.016841
0.018527
0.019424
0.020098
0.018001
0.015923
0.013672
0.013695
0.014371
0.014098
0.014182
0.013692
0.013854
0.013707
0.013343
0.012430
0.013292
0.011715
0.010967
0.010888
0.009801
0.010293
0.010284
0.010442
0.009193
0.008376
0.007107
0.007465
0.007930
0.007191
0.007981
0.009700
0.010526
0.008333
0.006885
0.007265
0.008410
0.008074
0.005881
0.004025
0.003580
0.003498
0.003358
0.003149
0.002941
0.003132
0.001748
0.002839
0.004276
0.004355
0.004432
0.004152
0.003585
0.004171
0.004696
0.003946
0.003523
0.003017
0.004285
0.004340
0.003801
0.005019
0.005415
0.005294
0.005376
0.004575
0.005276
0.005409
0.005192
0.006000
0.005212
0.005856
0.006908
0.006499
0.006680
0.006967
0.004999
0.003732
0.004090
0.004020
0.004424
0.004667
0.004450
0.003577
0.001946
0.002179
0.001640
0.001629
0.003394
0.004129
0.004924
0.005204
0.005768
0.006783
0.007400
0.007234
0.006609
0.007203
0.007282
0.005036
0.004116
0.005378
0.006410
0.004964
0.003159
0.000767
-0.000494
-0.000582
-0.002220
-0.003817
-0.006239
-0.007402
-0.006584
-0.005935
-0.004699
-0.003980
-0.002976
-0.003427
-0.005025
-0.004713
-0.004201
-0.004040
-0.005522
-0.006861
-0.007797
-0.007983
-0.009445
-0.009672
-0.010631
-0.011046
-0.011225
-0.012538
-0.011855
-0.012447
-0.013064
-0.013524
-0.013164
-0.012241
-0.010749
-0.011411
-0.012054
-0.013207
-0.012812
-0.012593
-0.012077
-0.011949
-0.013771
-0.014132
-0.015743
-0.015582
-0.015384
-0.014677
-0.014037
-0.014805
-0.016811
-0.018822
-0.018315
-0.016480
-0.014643
-0.014321
-0.017334
-0.019004
-0.017177
-0.014728
-0.013607
-0.015565
-0.017059
-0.016330
-0.016447
-0.016616
-0.015816
-0.014699
-0.012774
-0.012925
-0.013948
-0.015313
-0.014331
-0.010960
-0.011017
-0.011060
-0.012483
-0.013870
-0.013047
-0.011276
-0.011331
-0.012201
-0.012377
-0.011090
-0.009243
-0.009892
-0.010260
-0.010147
-0.009532
-0.010700
-0.011106
-0.011767
-0.011596
-0.012138
-0.012507
-0.011517
-0.011322
-0.011358
-0.012018
-0.013144
-0.014657
-0.013466
-0.012476
-0.011314
-0.010906
-0.014262
-0.015720
-0.014841
-0.014527
-0.015017
-0.017584
-0.020664
-0.022670
-0.022020
-0.021494
-0.020944
-0.022301
-0.024893
-0.023076
-0.020363
-0.018028
-0.018151
-0.020262
-0.021654
-0.022721
-0.023636
-0.024525
-0.025720
-0.026884
-0.027036
-0.026468
-0.026650
-0.027904
-0.028228
-0.027680
-0.027583
-0.027055
-0.025709
-0.025326
-0.024713
-0.024545
-0.023383
-0.022110
-0.023024
-0.022509
-0.021788
-0.020530
-0.019687
-0.019955
-0.020381
-0.020441
-0.019113
-0.018172
-0.016643
-0.017277
-0.018006
-0.017444
-0.017090
-0.016361
-0.015799
-0.014362
-0.013534
-0.012812
-0.010811
-0.008345
-0.006552
-0.004296
-0.002209
-0.000551
-0.000488
0.000770
0.001174
0.000418
0.001659
0.001942
0.002302
0.001938
0.002695
0.004194
0.003634
0.003772
0.004305
0.004677
0.006041
0.007417
0.007423
0.005653
0.004616
0.004145
0.003669
0.004056
0.003263
0.003000
0.003851
0.004180
0.004852
0.003736
0.003678
0.004208
0.004517
0.004487
0.002680
0.002445
0.002869
0.003776
0.003516
0.002307
0.002820
0.004154
0.003785
0.004138
0.004502
0.003296
0.002734
0.001738
0.001198
0.001120
0.001838
0.002341
0.003249
0.004377
0.005809
0.005571
0.004737
0.004053
0.003421
0.004756
0.005456
0.006964
0.007087
0.005196
0.003921
0.003880
0.006170
0.007634
0.008190
0.008305
0.007699
0.009815
0.010860
0.011972
0.013878
0.014696
0.013729
0.012805
0.014539
0.014983
0.015819
0.015999
0.016073
0.017673
0.018439
0.019185
0.019507
0.019846
0.019915
0.019956
0.020101
0.021271
0.023105
0.022742
0.022680
0.023858
0.025291
0.027393
0.028661
0.027081
0.025685
0.027205
0.029307
0.030411
0.030943
0.029897
0.029054
0.029615
0.031456
0.033642
0.031299
0.028361
0.027962
0.030188
0.033029
0.035958
0.036512
0.035269
0.035221
0.036754
0.038759
0.038348
0.038023
0.036353
0.036572
0.036746
0.036140
0.034637
0.032517
0.032351
0.031980
0.032482
0.031652
0.028837
0.027409
0.027956
0.028321
0.028577
0.028746
0.028541
0.028055
0.026417
0.024155
0.024680
0.025912
0.024520
0.023302
0.022539
0.022193
0.022007
0.022155
0.023315
0.022530
0.020175
0.019542
0.018927
0.017604
0.017013
0.016268
0.015808
0.015135
0.014442
0.013745
0.012619
0.011985
0.011597
0.011433
0.011220
0.009810
0.009074
0.008227
0.008308
0.007424
0.005409
0.004353
0.002658
0.001442
0.000970
0.001320
0.000113
-0.000325
-0.002988
-0.003490
-0.003008
-0.004033
-0.004857
-0.007811
-0.008999
-0.009146
-0.008857
-0.008524
-0.007784
-0.007788
-0.008249
-0.008991
-0.010011
-0.011973
-0.013176
-0.012842
-0.012138
-0.012411
-0.014607
-0.016539
-0.018189
-0.017923
-0.016849
-0.017587
-0.021410
-0.023894
-0.023555
-0.021575
-0.020994
-0.023987
-0.026004
-0.027092
-0.026040
-0.026306
-0.027043
-0.027443
-0.026421
-0.026765
-0.028839
-0.030740
-0.031818
-0.030872
-0.031783
-0.031472
-0.031563
-0.031889
-0.031853
-0.031322
-0.029503
-0.028976
-0.031327
-0.032042
-0.032133
-0.030337
-0.028785
-0.029503
-0.031096
-0.032973
-0.033170
-0.033680
-0.033826
-0.034081
-0.034003
-0.035390
-0.033458
-0.031864
-0.029556
-0.028326
-0.029088
-0.028957
-0.030181
-0.030638
-0.031302
-0.030836
-0.030779
-0.029591
-0.030168
