0.042348
0.040819
0.038071
0.036132
0.036005
0.036977
0.036712
0.036225
0.036033
0.034666
0.033873
0.034282
0.034463
0.032192
0.030197
0.026786
0.023379
0.022199
0.022585
0.023025
0.022595
0.022823
0.024448
0.029023
0.034249
0.036219
0.034688
0.030492
0.022883
0.013006
0.003556
-0.000232
0.002213
0.007384
0.013840
0.018720
0.017516
0.008634
0.001884
0.002045
0.007738
0.011226
0.008714
0.001528
-0.007100
-0.010135
-0.007835
-0.002411
-0.001712
-0.007286
-0.014794
-0.018814
-0.017407
-0.011818
-0.007897
-0.010177
-0.019246
-0.028645
-0.029962
-0.023691
-0.016435
-0.017032
-0.024057
-0.033537
-0.038826
-0.036328
-0.029483
-0.026444
-0.031048
-0.038195
-0.042471
-0.039601
-0.034397
-0.032644
-0.038235
-0.046454
-0.052599
-0.052985
-0.049253
-0.047404
-0.048488
-0.051281
-0.051152
-0.050949
-0.049799
-0.050883
-0.053756
-0.056282
-0.056752
-0.055309
-0.054586
-0.055837
-0.059999
-0.062994
-0.065364
-0.066120
-0.068406
-0.070630
-0.071650
-0.072838
-0.070512
-0.068548
-0.068375
-0.070087
-0.071058
-0.071769
-0.072394
-0.075119
-0.078406
-0.079946
-0.080638
-0.078915
-0.077979
-0.078763
-0.081722
-0.083096
-0.082375
-0.079109
-0.079110
-0.082767
-0.085481
-0.086270
-0.082892
-0.079492
-0.079580
-0.082528
-0.086818
-0.087122
-0.083618
-0.081839
-0.083208
-0.085654
-0.087158
-0.085949
-0.083196
-0.080954
-0.078666
-0.077195
-0.075612
-0.074505
-0.074391
-0.074936
-0.074254
-0.075270
-0.075489
-0.074944
-0.074937
-0.074915
-0.074764
-0.074056
-0.073108
-0.071508
-0.069906
-0.071745
-0.074993
-0.073815
-0.069540
-0.063442
-0.059909
-0.057809
-0.057566
-0.060164
-0.061481
-0.059104
-0.057907
-0.055631
-0.053428
-0.053354
-0.054521
-0.056828
-0.058845
-0.056049
-0.051675
-0.051124
-0.054090
-0.054880
-0.053326
-0.050293
-0.049545
-0.048476
-0.047114
-0.048813
-0.050413
-0.049213
-0.043422
-0.044475
-0.046222
-0.050395
-0.046995
-0.053480
-0.052269
-0.054750
-0.043686
-0.048032
-0.044024
-0.050771
-0.047498
-0.050300
-0.063429
-0.042753
-0.072317
-0.062150
-0.061633
-0.051874
-0.046180
-0.043931
-0.053262
-0.071053
-0.096116
-0.108297
-0.089513
-0.078111
-0.053647
-0.077493
-0.103386
-0.130495
-0.159885
-0.156772
-0.135617
-0.051773
-0.038480
-0.078372
-0.130609
-0.145060
-0.107673
-0.023985
0.067660
0.081155
-0.026917
-0.213944
-0.167425
-0.070996
0.032915
0.091281
0.124408
0.078657
-0.113081
-0.203583
-0.015452
0.329443
0.434091
0.299596
0.106388
0.051100
0.104667
0.186648
0.264855
0.312813
0.258016
0.148961
0.131461
0.230884
0.352239
0.366303
0.287590
0.195997
0.167956
0.229058
0.354262
0.428088
0.364248
0.226545
0.153372
0.212860
0.320735
0.357060
0.306289
0.228551
0.189304
0.211400
0.259220
0.277563
0.254725
0.207546
0.186148
0.197632
0.216653
0.212676
0.187622
0.166666
0.162373
0.167482
0.162817
0.140773
0.109993
0.092694
0.091278
0.101181
0.103687
0.091564
0.068732
0.058064
0.059156
0.065450
0.057848
0.029798
-0.000887
-0.018563
-0.016088
-0.003846
0.005547
-0.004957
-0.029693
-0.051348
-0.058935
-0.055899
-0.062105
-0.078225
-0.089442
-0.086595
-0.069173
-0.058267
-0.065761
-0.081798
-0.092013
-0.086343
-0.075464
-0.078549
-0.095302
-0.104399
-0.085392
-0.055780
-0.043481
-0.060974
-0.087144
-0.089585
-0.063495
-0.029254
-0.021666
-0.043402
-0.067330
-0.066203
-0.040322
-0.016787
-0.020639
-0.043901
-0.053638
-0.036307
-0.002128
0.016913
0.004895
-0.016361
-0.018093
-0.000154
0.018788
0.017852
-0.000185
-0.012330
-0.007778
0.011997
0.024684
0.020145
0.005747
0.000597
0.008631
0.017548
0.019674
0.009382
0.006599
0.015666
0.023672
0.024476
0.012475
-0.000351
-0.001366
0.009706
0.017257
0.012374
-0.001870
-0.010967
-0.007230
0.001121
0.004226
-0.004146
-0.015370
-0.021390
-0.015757
-0.009528
-0.011849
-0.021807
-0.028716
-0.023577
-0.014343
-0.011797
-0.025248
-0.044080
-0.049553
-0.038360
-0.025850
-0.025139
-0.039534
-0.053799
-0.054994
-0.045511
-0.040551
-0.047550
-0.058903
-0.065911
-0.060666
-0.052226
-0.049924
-0.059056
-0.066523
-0.064787
-0.057138
-0.052063
-0.054063
-0.059076
-0.060915
-0.053433
-0.042832
-0.037617
-0.041067
-0.044860
-0.043795
-0.037090
-0.032283
-0.034440
-0.039103
-0.037765
-0.030559
-0.023656
-0.022442
-0.024786
-0.026256
-0.021907
-0.014056
-0.009380
-0.009622
-0.013396
-0.011902
-0.003852
0.006226
0.009085
0.002166
-0.005855
-0.008095
-0.005544
-0.001130
0.000839
0.001743
0.001328
0.002909
0.004580
0.002612
-0.001371
-0.002713
0.000932
0.004086
0.001903
-0.006691
-0.013388
-0.014702
-0.010015
-0.007633
-0.011404
-0.019968
-0.027916
-0.028613
-0.024943
-0.023275
-0.027464
-0.033726
-0.034964
-0.031381
-0.026331
-0.026943
-0.036149
-0.044471
-0.046803
-0.042576
-0.038328
-0.037817
-0.041313
-0.047425
-0.050969
-0.050029
-0.048532
-0.047182
-0.046804
-0.048012
-0.049033
-0.050071
-0.051983
-0.053756
-0.054393
-0.053756
-0.050321
-0.045795
-0.043130
-0.044852
-0.047228
-0.048537
-0.046738
-0.044475
-0.046804
-0.048853
-0.049488
-0.046147
-0.041596
-0.039825
-0.037843
-0.036763
-0.036392
-0.036952
-0.039323
-0.041341
-0.039331
-0.034181
-0.029548
-0.029278
-0.033646
-0.036848
-0.037419
-0.033633
-0.030698
-0.031479
-0.033850
-0.036605
-0.035238
-0.030586
-0.027070
-0.026147
-0.026332
-0.026720
-0.026572
-0.027801
-0.027724
-0.025087
-0.021337
-0.018472
-0.016509
-0.015110
-0.013815
-0.017101
-0.020369
-0.021237
-0.020344
-0.016001
-0.014183
-0.010997
-0.010827
-0.009476
-0.008928
-0.008975
-0.008041
-0.006158
-0.002180
-0.000289
-0.000213
-0.003863
-0.004697
-0.004168
-0.001756
-0.000394
0.000005
0.001374
0.002360
0.005716
0.006668
0.006383
0.006483
0.005126
0.005061
0.004377
0.003943
0.005227
0.005904
0.006727
0.008141
0.010616
0.012708
0.013032
0.013748
0.015255
0.016143
0.015388
0.014014
0.013957
0.014965
0.015554
0.016034
0.014625
0.012721
0.013228
0.014078
0.014301
0.012902
0.014006
0.016511
0.019031
0.020457
0.020979
0.020939
0.019641
0.018785
0.017939
0.018499
0.017782
0.018468
0.019932
0.021321
0.022562
0.022336
0.020737
0.017615
0.016174
0.015435
0.017286
0.018929
0.019684
0.022576
0.022620
0.021016
0.020370
0.019679
0.020223
0.020540
0.020837
0.022516
0.024419
0.025186
0.025608
0.026598
0.026713
0.026695
0.022646
0.019656
0.020810
0.023235
0.026719
0.027541
0.025389
0.023105
0.024583
0.024897
0.022830
0.020754
0.018594
0.020185
0.023088
0.025568
0.026678
0.025563
0.023604
0.019901
0.018921
0.018966
0.020913
0.022991
0.023514
0.024813
0.026010
0.026370
0.028684
0.030546
0.031553
0.033531
0.034167
0.036434
0.038483
0.039553
0.039312
0.041083
0.041283
0.041076
0.040847
0.041077
0.041496
0.041262
0.041444
0.040239
0.040407
0.041414
0.044205
0.046019
0.048064
0.047479
0.046056
0.045184
0.047326
0.049611
0.050414
0.049989
0.049372
0.050950
0.052050
0.055515
0.056162
0.054233
0.050056
0.049334
0.051676
0.054858
0.054453
0.051477
0.048313
0.046490
0.047298
0.045761
0.046734
0.048225
0.048114
0.047118
0.046655
0.045427
0.045369
0.045657
0.045735
0.045943
0.045358
0.042723
0.039414
0.040571
0.039864
0.040524
0.040785
0.037612
0.036863
0.035737
0.035715
0.038136
0.038774
0.037073
0.033099
0.029594
0.029558
0.030590
0.032839
0.033330
0.031763
0.029863
0.029039
0.025715
0.024413
0.026301
0.025925
0.027389
0.028826
0.031218
0.031392
0.028874
0.026882
0.026063
0.027161
0.028292
0.027949
0.025551
0.021539
0.017926
0.016322
0.016692
0.019705
0.019998
0.017341
0.014679
0.010762
0.011072
0.010986
0.009740
0.008957
0.008684
0.010305
0.008689
0.006770
0.003644
0.000989
-0.001973
-0.004403
-0.006963
-0.008740
-0.008758
-0.007876
-0.006735
-0.008929
-0.011134
-0.013159
-0.014276
-0.014954
-0.015122
-0.018061
-0.020863
-0.023398
-0.024876
-0.024847
-0.025421
-0.025514
-0.026526
-0.029302
-0.031090
-0.031110
-0.031868
-0.032592
-0.034978
-0.035122
-0.033611
-0.030841
-0.031183
-0.032208
-0.034477
-0.037350
-0.035806
-0.033124
-0.030437
-0.031463
-0.032930
-0.036409
-0.037401
-0.036619
-0.035023
-0.033411
-0.034523
-0.036825
-0.039405
-0.037991
-0.036717
-0.036248
-0.038227
-0.041059
-0.044347
-0.047322
-0.047875
-0.044302
-0.040219
-0.042991
-0.049346
-0.054783
-0.055972
-0.054714
-0.051926
-0.049376
-0.049851
-0.052764
-0.057106
-0.060118
-0.060521
-0.061081
-0.061428
-0.062390
-0.064843
-0.067904
-0.070156
-0.070587
-0.070343
-0.070356
-0.070017
-0.071777
-0.074320
-0.077404
-0.079221
-0.077166
-0.076369
-0.075928
-0.078288
-0.078888
-0.078919
-0.078715
-0.077362
-0.077277
-0.077693
-0.078523
-0.079224
-0.079380
-0.077017
-0.074528
-0.072600
-0.071687
-0.071490
-0.072236
-0.073701
-0.073724
-0.071843
-0.069676
-0.070017
-0.071493
-0.071324
-0.069812
-0.064848
-0.060836
-0.058043
-0.055868
-0.056665
-0.058043
-0.056642
-0.052699
-0.049439
-0.049033
-0.050813
-0.050622
-0.049686
-0.048453
-0.046764
-0.045192
-0.043955
-0.043055
-0.040893
-0.037888
-0.036788
-0.038164
-0.040701
-0.040953
-0.037293
-0.035411
-0.036791
-0.039501
-0.041266
-0.040805
-0.039692
-0.037595
-0.033833
-0.029553
-0.028710
-0.028985
-0.028319
-0.027049
-0.025187
-0.023478
-0.021863
-0.019626
-0.017131
-0.015676
-0.017012
-0.019324
-0.019467
-0.017503
-0.014464
-0.010538
-0.008258
-0.008618
-0.009186
-0.010776
-0.009176
-0.007138
-0.003839
-0.001901
-0.001069
0.000034
0.001001
0.004152
0.003206
0.001638
0.000652
0.002380
0.006299
0.007209
0.006188
0.003133
0.000164
-0.000456
0.002178
0.006067
0.008631
0.008990
0.007343
0.006403
0.005421
0.007133
0.009317
0.010018
0.009361
0.007254
0.006690
0.007674
0.008843
0.008842
0.008661
0.008516
0.007982
0.007790
0.009600
0.010098
0.008261
0.006849
0.006323
0.008654
0.010575
0.011095
0.010853
0.011658
0.012464
0.012500
0.012648
0.013226
0.015640
0.017651
0.019629
0.021801
0.025881
0.027985
0.029109
0.027653
0.026027
0.025912
0.028024
0.033500
0.037204
0.040663
0.041053
0.040803
0.039969
0.041293
0.043829
0.045705
0.049584
0.051725
0.053570
0.053213
0.053255
0.056272
0.059228
0.058011
0.055897
0.057113
0.058817
0.060595
0.062422
0.065872
0.067501
0.065502
0.063402
0.062138
0.063389
0.065788
0.068019
0.069688
0.069002
0.068521
0.068803
0.069123
0.066693
0.064750
0.064471
0.065682
0.066326
0.065899
0.065923
0.064615
0.064109
0.061833
0.060116
0.059107
0.060496
0.060629
0.058756
0.057670
0.058220
0.060305
0.060844
0.061048
0.060333
0.060855
0.060012
0.059235
0.059013
0.059366
0.059871
0.059639
0.058689
0.056641
0.056672
0.056769
0.056819
0.054555
0.051969
0.050512
0.048921
0.049990
0.052767
0.054038
0.051432
0.048116
0.046982
0.047819
0.049808
0.052673
0.054023
0.052315
0.050194
0.047732
0.046061
0.046304
0.047022
0.047579
0.045788
0.041506
0.038488
0.038368
0.038123
0.038442
0.038608
0.038206
0.036136
0.031651
0.030606
0.031374
0.031229
0.029696
0.027183
0.024663
0.023444
0.024427
0.024621
0.024170
0.022324
0.022129
0.020412
0.017147
0.016087
0.013915
0.013907
0.013930
0.014649
0.013264
0.011474
0.010449
0.009354
0.008386
0.008690
0.008727
0.004983
0.003394
0.003929
0.006588
0.008023
0.008324
0.007827
0.006835
0.005071
0.003204
0.003210
0.002785
0.001790
0.000362
-0.000435
-0.000059
-0.000355
-0.000120
0.000542
-0.000021
0.000006
-0.001548
-0.002688
-0.000924
0.000356
0.000914
0.000107
-0.002105
-0.004208
-0.004992
-0.004403
-0.004948
-0.005919
-0.006794
-0.005888
-0.005170
-0.005590
-0.007042
-0.008883
-0.008908
-0.008608
-0.010706
-0.015015
-0.017906
-0.019774
-0.019271
-0.019045
-0.018434
-0.019328
-0.022211
-0.025911
-0.029574
-0.030839
-0.030629
-0.030384
-0.031365
-0.032157
-0.033640
-0.034514
-0.034986
-0.035278
-0.036858
-0.038574
-0.040244
-0.040209
-0.041221
-0.041948
-0.042424
-0.044573
-0.045364
-0.045057
-0.046174
-0.048297
-0.049325
-0.051835
-0.052386
-0.053869
-0.055325
-0.056275
-0.056194
-0.056835
-0.057997
-0.059377
-0.059992
-0.059441
-0.060012
-0.059251
-0.060288
-0.060528
-0.060490
-0.061209
-0.062869
-0.063976
-0.064473
-0.065094
-0.064834
-0.064202
-0.063840
-0.064003
-0.064444
-0.064589
-0.063216
-0.061807
-0.063376
-0.065819
-0.066022
-0.066597
-0.064115
-0.060477
-0.059121
-0.060327
-0.063830
-0.065429
-0.063841
-0.060700
-0.059742
-0.061465
-0.064968
-0.067186
-0.063603
-0.058602
-0.058004
-0.060248
-0.061885
-0.059359
-0.056371
-0.054644
-0.053707
-0.052657
-0.050634
-0.050372
-0.050953
-0.051877
-0.050217
-0.049482
-0.047825
-0.043629
-0.040881
-0.038765
-0.037742
-0.039495
-0.041734
-0.043100
-0.043643
-0.040108
-0.036357
-0.033634
-0.030998
-0.027870
-0.027057
-0.028142
-0.027742
-0.026275
-0.024201
-0.022201
-0.019471
-0.016260
-0.012525
-0.010879
-0.012734
-0.015434
-0.015138
-0.013496
-0.011768
-0.012420
-0.014039
-0.013954
-0.014222
-0.013932
-0.013101
-0.011326
-0.011327
-0.009570
-0.007522
-0.006458
-0.006897
-0.007692
-0.007075
-0.007746
-0.007911
-0.007269
-0.005986
-0.005160
-0.005782
-0.007366
-0.005860
-0.003849
-0.001865
-0.004437
-0.008535
-0.009944
-0.009078
-0.005205
-0.002670
-0.002615
-0.004359
-0.005201
-0.006072
-0.005686
-0.005544
-0.004579
-0.003674
-0.004441
-0.005910
-0.006252
-0.004089
-0.001274
-0.000114
-0.000158
-0.000369
-0.000796
0.000041
0.002999
0.004413
0.004477
0.006244
0.006636
0.007233
0.007487
0.008262
0.008416
0.008710
0.010116
0.011344
0.011148
0.009008
0.007816
0.008743
0.010467
0.010533
0.009629
0.009323
0.009536
0.009661
0.011602
0.012953
0.014646
0.015968
0.017626
0.020784
0.023497
0.025701
0.025183
0.023265
0.021923
0.021227
0.022040
0.023776
0.023634
0.023573
0.023399
0.023313
0.024614
0.025789
0.026469
0.025790
0.026683
0.027420
0.027613
0.028885
0.030847
0.030582
0.030436
0.030125
0.028601
0.028063
0.026032
0.026431
0.027254
0.028913
0.030578
0.031064
0.031037
0.029840
0.028793
0.028859
0.028482
0.029473
0.030257
0.028337
0.027627
0.025478
0.024198
0.023743
0.022436
0.022507
0.022113
0.023349
0.023962
0.024074
0.023087
0.020590
0.020137
0.020948
0.023286
0.024341
0.024660
0.023801
0.022397
0.020877
0.021874
0.024251
0.024377
0.024819
0.024337
0.023272
0.022386
0.021400
0.020047
0.020565
0.021595
0.022810
0.024107
0.025321
0.026433
0.025356
0.025960
0.028078
0.028861
0.029538
0.029650
0.026961
0.024951
0.024404
0.026634
0.028659
0.027496
0.026958
0.025435
0.025614
0.026260
0.026903
0.028023
0.027186
0.026546
0.025493
0.026457
0.026840
0.026824
0.026793
0.026932
0.027340
0.027658
0.030747
0.031926
0.030569
0.027938
0.027033
0.027209
0.028472
0.029848
0.030129
0.029640
0.026743
0.024398
0.022527
0.023289
0.025763
0.024947
0.023411
0.020842
0.018741
0.018226
0.019323
0.020304
0.017583
0.016072
0.014001
0.016070
0.018781
0.018524
0.018863
0.017806
0.018882
0.019093
0.017869
0.018015
0.019195
0.019936
0.020301
0.019393
0.018416
0.017752
0.018316
0.016931
0.016817
0.018382
0.019505
0.021724
0.022616
0.023679
0.024660
0.024943
0.023556
0.024556
0.026449
0.028955
0.028543
0.027065
0.025621
0.024318
0.023771
0.022037
0.021194
0.020666
0.022210
0.022766
0.024162
0.024041
0.022167
0.021196
0.020969
0.021745
0.021337
0.021305
0.019497
0.016832
