0.039180
0.039399
0.039310
0.038209
0.035406
0.032849
0.030222
0.029737
0.029526
0.030651
0.031465
0.031556
0.030407
0.029032
0.028642
0.026373
0.025246
0.023754
0.022209
0.021893
0.022743
0.023558
0.023202
0.021022
0.019827
0.019702
0.017821
0.016641
0.015796
0.015155
0.013577
0.011131
0.010610
0.010338
0.010304
0.009063
0.008037
0.006672
0.005540
0.004142
0.002233
0.001510
0.000429
-0.001085
-0.002643
-0.001006
0.001369
0.003071
0.003833
0.002151
-0.000292
-0.003232
-0.005975
-0.007005
-0.007350
-0.005395
-0.005428
-0.005908
-0.006850
-0.009361
-0.010638
-0.012393
-0.013749
-0.016344
-0.017450
-0.018515
-0.020585
-0.022089
-0.024193
-0.025824
-0.026676
-0.027852
-0.029750
-0.031649
-0.035349
-0.038309
-0.039605
-0.042664
-0.043621
-0.044443
-0.045994
-0.047097
-0.049259
-0.051938
-0.054581
-0.054800
-0.054615
-0.055700
-0.057899
-0.059273
-0.058533
-0.058207
-0.058155
-0.057730
-0.058374
-0.060760
-0.062517
-0.064480
-0.066306
-0.066617
-0.065700
-0.064733
-0.065900
-0.066301
-0.065886
-0.066163
-0.065593
-0.065373
-0.065569
-0.065864
-0.065128
-0.064970
-0.066659
-0.068583
-0.070640
-0.068921
-0.067934
-0.068108
-0.067961
-0.065152
-0.063211
-0.062205
-0.060688
-0.061104
-0.062071
-0.065523
-0.068172
-0.070791
-0.072281
-0.073954
-0.074632
-0.074448
-0.072939
-0.072878
-0.074593
-0.077010
-0.079379
-0.080749
-0.084321
-0.082776
-0.080965
-0.080336
-0.080902
-0.084398
-0.087045
-0.087701
-0.086239
-0.087348
-0.087028
-0.086005
-0.083229
-0.080120
-0.080475
-0.083396
-0.088752
-0.091725
-0.090789
-0.086706
-0.082666
-0.079790
-0.079105
-0.077654
-0.075901
-0.073991
-0.072020
-0.071224
-0.068011
-0.066810
-0.068250
-0.069554
-0.068677
-0.065935
-0.061693
-0.056237
-0.052110
-0.050002
-0.051284
-0.052569
-0.051019
-0.048352
-0.043812
-0.041271
-0.043452
-0.044006
-0.042687
-0.040288
-0.038629
-0.038686
-0.037511
-0.037394
-0.035317
-0.034311
-0.031298
-0.030108
-0.028619
-0.027181
-0.025515
-0.025608
-0.025205
-0.022150
-0.018387
-0.019600
-0.017411
-0.015850
-0.014686
-0.014737
-0.017446
-0.015232
-0.018620
-0.015504
-0.019606
-0.012846
-0.016849
-0.005500
-0.013636
-0.000657
-0.011259
-0.000436
-0.013050
-0.013673
0.013591
-0.040399
-0.005436
0.004313
0.010746
-0.004996
0.022936
0.056026
-0.006532
-0.034775
-0.038982
0.001465
-0.007170
-0.051029
0.021063
0.070877
0.014756
-0.048235
0.000439
0.031207
-0.035256
-0.066197
-0.019852
0.003425
-0.017371
0.017307
0.086122
0.090664
0.024554
-0.017618
-0.025449
-0.006090
0.010995
0.026135
0.033722
0.029744
0.028767
0.056321
0.089754
0.100298
0.089547
0.084603
0.079018
0.076188
0.091180
0.113891
0.128315
0.102975
0.080172
0.076399
0.129246
0.160504
0.156740
0.148800
0.127446
0.150654
0.195039
0.244641
0.214904
0.145708
0.142595
0.204371
0.244040
0.217128
0.189072
0.194337
0.220409
0.227099
0.228186
0.239919
0.250502
0.241849
0.235339
0.242599
0.252972
0.241316
0.231963
0.229765
0.224177
0.235755
0.227608
0.212880
0.210274
0.235890
0.267712
0.248978
0.199624
0.182083
0.211248
0.212624
0.154994
0.113027
0.131149
0.164814
0.175041
0.167197
0.163251
0.155400
0.140692
0.144434
0.139247
0.102681
0.055917
0.048828
0.080592
0.080069
0.028480
-0.010774
0.005079
0.054765
0.082962
0.048635
-0.017132
-0.035892
0.009764
0.045858
0.011134
-0.059487
-0.089881
-0.068361
-0.034667
-0.027311
-0.037274
-0.057005
-0.073356
-0.063067
-0.040935
-0.030943
-0.049772
-0.084152
-0.104617
-0.098133
-0.075028
-0.060917
-0.068132
-0.083507
-0.084070
-0.062866
-0.043378
-0.051659
-0.075595
-0.087538
-0.075975
-0.061979
-0.066467
-0.075714
-0.077737
-0.066827
-0.054535
-0.049942
-0.058851
-0.073574
-0.071427
-0.054272
-0.043284
-0.059578
-0.082532
-0.083858
-0.061477
-0.041476
-0.046798
-0.071013
-0.086998
-0.074994
-0.051816
-0.043580
-0.064082
-0.090003
-0.090879
-0.065499
-0.047320
-0.060337
-0.090717
-0.106629
-0.089620
-0.062160
-0.058175
-0.079879
-0.101996
-0.099352
-0.074940
-0.061826
-0.076737
-0.106167
-0.117133
-0.099699
-0.076244
-0.075480
-0.099503
-0.120718
-0.116148
-0.092991
-0.078880
-0.088821
-0.113544
-0.124284
-0.108978
-0.084829
-0.080745
-0.099983
-0.117170
-0.112302
-0.088115
-0.070145
-0.077028
-0.099742
-0.111173
-0.097776
-0.074955
-0.068710
-0.083380
-0.099038
-0.094844
-0.072366
-0.053561
-0.055646
-0.071709
-0.081120
-0.072283
-0.053584
-0.046630
-0.057891
-0.074563
-0.074705
-0.058812
-0.043154
-0.046581
-0.062979
-0.072271
-0.063748
-0.043928
-0.035845
-0.043259
-0.059203
-0.061167
-0.047576
-0.032749
-0.031621
-0.044069
-0.052049
-0.046663
-0.034267
-0.028995
-0.037469
-0.052108
-0.055108
-0.044011
-0.032523
-0.034447
-0.046769
-0.055897
-0.051829
-0.038822
-0.029617
-0.034024
-0.048069
-0.052163
-0.041318
-0.029955
-0.030532
-0.040470
-0.045145
-0.038786
-0.025200
-0.018447
-0.024418
-0.036314
-0.038975
-0.028334
-0.019316
-0.020658
-0.029889
-0.034667
-0.029463
-0.018800
-0.014790
-0.021349
-0.030302
-0.035085
-0.029759
-0.020191
-0.018172
-0.025498
-0.030312
-0.026344
-0.016784
-0.011018
-0.016323
-0.024948
-0.028693
-0.023918
-0.019175
-0.020073
-0.026548
-0.030899
-0.028238
-0.020869
-0.018247
-0.021459
-0.024985
-0.023750
-0.017640
-0.014509
-0.016637
-0.022411
-0.024706
-0.020110
-0.011863
-0.008941
-0.010677
-0.016709
-0.016877
-0.012792
-0.008692
-0.007844
-0.011338
-0.012113
-0.010865
-0.005297
-0.002235
-0.003557
-0.005805
-0.004302
-0.000008
0.006061
0.008996
0.006778
0.004551
0.006357
0.013851
0.019344
0.019871
0.016904
0.017532
0.022567
0.029002
0.032161
0.030614
0.028139
0.028234
0.034760
0.038971
0.037823
0.034929
0.034394
0.038209
0.042164
0.044964
0.045724
0.044564
0.044471
0.046236
0.050007
0.050658
0.048864
0.048056
0.051678
0.057814
0.060012
0.058726
0.052560
0.047069
0.045398
0.049308
0.051798
0.049112
0.046912
0.047279
0.050707
0.051966
0.047814
0.041146
0.039360
0.042101
0.044555
0.045264
0.044107
0.041889
0.040087
0.038788
0.039276
0.039001
0.039417
0.040626
0.040243
0.039762
0.039671
0.041976
0.044380
0.043659
0.042569
0.042714
0.043664
0.044678
0.045062
0.046313
0.047521
0.050257
0.052486
0.054532
0.056480
0.056471
0.056004
0.055621
0.054072
0.051935
0.049612
0.051054
0.050927
0.049491
0.051272
0.051536
0.052474
0.048736
0.045437
0.044119
0.042061
0.040784
0.039152
0.040018
0.041404
0.041943
0.043290
0.043873
0.042912
0.039568
0.038219
0.040608
0.040883
0.037948
0.034619
0.032375
0.031694
0.031442
0.032581
0.033797
0.032714
0.031699
0.030937
0.031556
0.032030
0.031367
0.030246
0.027089
0.025571
0.024588
0.021155
0.020953
0.020419
0.021368
0.023995
0.028639
0.030199
0.027346
0.026309
0.025709
0.027216
0.025658
0.023437
0.022097
0.023109
0.026041
0.029452
0.031929
0.030543
0.029653
0.029859
0.032001
0.033434
0.032303
0.032089
0.031280
0.032083
0.034235
0.032075
0.030651
0.030672
0.031070
0.030121
0.029875
0.031830
0.033651
0.035280
0.031675
0.029288
0.029222
0.026995
0.024948
0.023797
0.024807
0.025478
0.022311
0.018828
0.015407
0.012862
0.010674
0.006881
0.004597
0.002796
0.001140
-0.000401
-0.002437
-0.003606
-0.006803
-0.008300
-0.006941
-0.005837
-0.004861
-0.005179
-0.007008
-0.007498
-0.007492
-0.008172
-0.008560
-0.010303
-0.011569
-0.012100
-0.011550
-0.012380
-0.013151
-0.013149
-0.011986
-0.009281
-0.008326
-0.009157
-0.009951
-0.010674
-0.009622
-0.008461
-0.007031
-0.008145
-0.009746
-0.007195
-0.002726
0.000756
-0.000126
-0.003043
-0.005503
-0.005112
-0.006405
-0.008330
-0.008907
-0.007817
-0.007668
-0.007667
-0.007798
-0.007407
-0.006273
-0.006243
-0.004636
-0.005400
-0.004408
-0.004977
-0.005856
-0.004819
-0.007639
-0.011834
-0.013308
-0.010747
-0.009492
-0.007854
-0.008292
-0.009411
-0.009475
-0.009909
-0.010648
-0.013818
-0.016419
-0.018852
-0.018481
-0.017699
-0.016625
-0.015975
-0.016148
-0.016486
-0.018566
-0.018646
-0.019646
-0.022409
-0.023320
-0.024235
-0.024482
-0.025014
-0.024751
-0.024480
-0.024554
-0.023503
-0.024303
-0.021321
-0.018455
-0.018036
-0.019477
-0.020591
-0.019667
-0.019027
-0.018435
-0.019971
-0.021348
-0.021968
-0.022965
-0.024994
-0.025198
-0.025601
-0.027826
-0.031421
-0.031393
-0.029011
-0.028541
-0.030207
-0.035047
-0.035639
-0.036171
-0.035492
-0.035690
-0.036618
-0.037131
-0.037975
-0.037199
-0.038565
-0.039319
-0.040503
-0.040136
-0.041305
-0.044187
-0.047322
-0.050349
-0.052008
-0.053026
-0.053966
-0.055195
-0.054148
-0.053649
-0.053518
-0.055329
-0.059208
-0.061416
-0.062904
-0.061334
-0.059493
-0.060971
-0.063288
-0.065225
-0.065137
-0.064557
-0.063547
-0.065197
-0.068916
-0.070153
-0.068607
-0.066095
-0.066587
-0.068860
-0.069285
-0.064253
-0.059948
-0.058529
-0.059248
-0.060209
-0.058709
-0.058589
-0.057425
-0.055488
-0.054366
-0.052898
-0.050805
-0.050200
-0.051025
-0.052042
-0.052648
-0.051961
-0.052180
-0.053696
-0.055451
-0.055311
-0.053690
-0.053317
-0.053867
-0.054438
-0.056166
-0.056904
-0.057382
-0.057447
-0.059119
-0.060711
-0.058966
-0.057725
-0.057116
-0.059741
-0.060425
-0.061314
-0.062038
-0.063377
-0.064336
-0.062179
-0.061398
-0.062036
-0.065003
-0.067657
-0.068829
-0.064898
-0.061804
-0.059337
-0.057268
-0.055415
-0.052609
-0.052845
-0.053112
-0.054714
-0.053843
-0.052318
-0.050584
-0.048266
-0.047328
-0.046679
-0.046283
-0.044244
-0.043267
-0.041630
-0.040276
-0.039093
-0.034754
-0.032826
-0.030970
-0.030597
-0.031014
-0.029199
-0.029042
-0.025609
-0.023010
-0.021654
-0.018677
-0.014747
-0.011227
-0.010729
-0.010705
-0.009169
-0.006411
-0.002917
0.001814
0.006919
0.009564
0.011752
0.014305
0.016546
0.018671
0.019798
0.021318
0.021933
0.023557
0.024152
0.024703
0.025246
0.026378
0.027665
0.029856
0.033293
0.035939
0.038257
0.037814
0.039143
0.041104
0.043287
0.044980
0.045758
0.046265
0.045311
0.045123
0.046322
0.047767
0.049754
0.052147
0.054132
0.054045
0.053807
0.053898
0.053881
0.056863
0.059777
0.061882
0.065174
0.067647
0.068559
0.068883
0.070343
0.072974
0.076536
0.078437
0.077118
0.077794
0.078333
0.081207
0.083358
0.084679
0.087380
0.089841
0.093845
0.093906
0.090958
0.089125
0.090916
0.094124
0.097289
0.097746
0.098718
0.100548
0.102221
0.103512
0.101029
0.100104
0.098984
0.097902
0.098804
0.099990
0.102664
0.103334
0.101481
0.098403
0.095542
0.095626
0.095113
0.094940
0.095315
0.094879
0.095201
0.095342
0.093893
0.091161
0.090438
0.090140
0.089555
0.090622
0.090186
0.089865
0.088474
0.087404
0.087732
0.088168
0.089992
0.087990
0.086272
0.084334
0.085671
0.086803
0.084087
0.081842
0.078437
0.077889
0.076658
0.076407
0.076793
0.077108
0.076183
0.075152
0.076262
0.077618
0.078099
0.075527
0.073374
0.073386
0.073371
0.072145
0.071161
0.068779
0.067966
0.069065
0.069882
0.070267
0.068113
0.065904
0.063092
0.061808
0.062303
0.061312
0.060045
0.058332
0.058028
0.058250
0.056609
0.052249
0.046560
0.043318
0.042192
0.040931
0.037717
0.034929
0.032960
0.032644
0.031657
0.029388
0.027069
0.022905
0.017612
0.013974
0.013549
0.012852
0.010942
0.007456
0.005680
0.004481
0.003218
0.000579
-0.003177
-0.006511
-0.007863
-0.008246
-0.009843
-0.011702
-0.013899
-0.016575
-0.018215
-0.018612
-0.020571
-0.021665
-0.023865
-0.025052
-0.025993
-0.025719
-0.025640
-0.026290
-0.026404
-0.028628
-0.029724
-0.031959
-0.033298
-0.035886
-0.039712
-0.041653
-0.042513
-0.042179
-0.041864
-0.043014
-0.046855
-0.050574
-0.054172
-0.055470
-0.055480
-0.057310
-0.061365
-0.063036
-0.063282
-0.063874
-0.065218
-0.067726
-0.068364
-0.070112
-0.071024
-0.072901
-0.074160
-0.077771
-0.079628
-0.079720
-0.081909
-0.083901
-0.088106
-0.089162
-0.090820
-0.092097
-0.092234
-0.091804
-0.093795
-0.097381
-0.097828
-0.097090
-0.097161
-0.099694
-0.102669
-0.103499
-0.101615
-0.098215
-0.094716
-0.095636
-0.098963
-0.101698
-0.101214
-0.100220
-0.100088
-0.099831
-0.100285
-0.098775
-0.097393
-0.097133
-0.098244
-0.100900
-0.101628
-0.100135
-0.099118
-0.099779
-0.099332
-0.097073
-0.094633
-0.091918
-0.091111
-0.091020
-0.091218
-0.092414
-0.091307
-0.088261
-0.086100
-0.085526
-0.086203
-0.087098
-0.088652
-0.087233
-0.086637
-0.087027
-0.088064
-0.089366
-0.087949
-0.086585
-0.085160
-0.086630
-0.086979
-0.087537
-0.086692
-0.084360
-0.082590
-0.082148
-0.083808
-0.084579
-0.085095
-0.084241
-0.085588
-0.085457
-0.085068
-0.084158
-0.081209
-0.080621
-0.080341
-0.080936
-0.083648
-0.084228
-0.082864
-0.080220
-0.077664
-0.077989
-0.077275
-0.076288
-0.073975
-0.071773
-0.069705
-0.066282
-0.063098
-0.059196
-0.055830
-0.053870
-0.051005
-0.047903
-0.044719
-0.043432
-0.043222
-0.041400
-0.040449
-0.038961
-0.036742
-0.034774
-0.033598
-0.034518
-0.035810
-0.035852
-0.034562
-0.031149
-0.028434
-0.026467
-0.023845
-0.019597
-0.017206
-0.015730
-0.013751
-0.011750
-0.008101
-0.005029
-0.001660
0.000009
0.002094
0.001632
0.000364
0.001068
0.002158
0.004600
0.004365
0.003373
0.002873
0.004985
0.005787
0.006444
0.007695
0.008780
0.013355
0.017383
0.021819
0.024412
0.024879
0.026214
0.029437
0.033858
0.037119
0.039608
0.041434
0.042380
0.044481
0.047631
0.049408
0.050751
0.051794
0.055108
0.059296
0.061163
0.062727
0.063399
0.062445
0.062618
0.066554
0.070624
0.073101
0.075643
0.078216
0.081075
0.084075
0.087086
0.089897
0.090872
0.090379
0.089701
0.089197
0.089751
0.089861
0.090470
0.091024
0.091434
0.092507
0.092496
0.091168
0.088562
0.088080
0.088439
0.088169
0.088003
0.087980
0.088488
0.088315
0.087951
0.086656
0.085535
0.084592
0.083914
0.085145
0.085873
0.084755
0.083938
0.082541
0.080894
0.079949
0.079365
0.078565
0.077518
0.073409
0.070900
0.070356
0.069200
0.069257
0.068243
0.068863
0.070084
0.071497
0.070206
0.068322
0.065929
0.063343
0.063203
0.065016
0.066557
0.066088
0.064576
0.064299
0.066681
0.069268
0.070282
0.069783
0.070324
0.070094
0.070796
0.071263
0.070338
0.068566
0.067390
0.067293
0.069308
0.071836
0.071580
0.071032
0.069807
0.069289
0.068658
0.069334
0.068328
0.067175
0.067827
0.067163
0.066970
0.066476
0.066510
0.064835
0.063939
0.063394
0.063072
0.063971
0.061177
0.056624
0.053992
0.054050
0.056120
0.056156
0.054598
0.052617
0.051041
0.051366
0.050235
0.048573
0.046691
0.045311
0.044242
0.043686
0.043111
0.042690
0.040995
0.039634
0.039913
0.041788
0.043200
0.041686
0.039919
0.037655
0.035812
0.034597
0.034755
0.033304
0.031922
0.029515
0.029707
0.030677
0.029382
0.027147
0.024286
0.022170
0.021860
0.022786
0.021214
0.020217
0.018470
0.017145
0.014488
0.014195
0.013929
0.011593
0.010895
0.008796
0.007887
0.006400
0.003868
0.002401
-0.001275
-0.004602
-0.006431
-0.008649
-0.011558
-0.014447
-0.017251
-0.020366
-0.023576
-0.026983
-0.028114
-0.028458
-0.028487
-0.028243
-0.028110
-0.030811
-0.034369
-0.038815
-0.042426
-0.045134
-0.046943
-0.046483
-0.048442
-0.049565
-0.050514
-0.051222
-0.053705
-0.058217
-0.061678
-0.065157
-0.067197
-0.069520
-0.071337
-0.073055
-0.075273
-0.076476
-0.076924
-0.077004
-0.078895
-0.080065
-0.080357
-0.078135
-0.075816
-0.076522
-0.078709
-0.081307
-0.080717
-0.079814
-0.078769
-0.077693
-0.078478
-0.079193
-0.080162
-0.079257
-0.078150
-0.079353
