0.058435
0.058125
0.056966
0.057339
0.057871
0.056442
0.055026
0.052635
0.052770
0.055082
0.057104
0.057159
0.055776
0.052852
0.050148
0.050175
0.050290
0.049887
0.049375
0.048983
0.049294
0.049301
0.050875
0.051977
0.051024
0.049673
0.045903
0.043958
0.043975
0.045407
0.047462
0.047595
0.047073
0.045297
0.045382
0.045105
0.045027
0.045186
0.043851
0.041942
0.041018
0.041856
0.041445
0.041218
0.040560
0.040946
0.041685
0.039995
0.038441
0.037285
0.036484
0.037126
0.036484
0.035111
0.032774
0.031343
0.031254
0.030669
0.030072
0.028910
0.028169
0.029347
0.030349
0.028290
0.025492
0.022851
0.021517
0.021310
0.022454
0.022342
0.021558
0.020313
0.020369
0.019602
0.017113
0.015710
0.012294
0.010411
0.010103
0.011873
0.013702
0.012985
0.011851
0.010223
0.010142
0.011034
0.011714
0.011845
0.009399
0.006901
0.005010
0.003628
0.001722
0.000174
-0.000334
-0.000976
-0.002024
-0.003573
-0.004634
-0.004493
-0.004453
-0.004967
-0.006436
-0.008594
-0.009589
-0.011019
-0.010474
-0.009989
-0.010772
-0.011030
-0.013169
-0.014498
-0.015094
-0.015795
-0.017192
-0.019322
-0.022047
-0.024727
-0.026106
-0.027337
-0.026753
-0.027137
-0.027047
-0.027754
-0.029730
-0.030940
-0.034153
-0.037861
-0.040751
-0.042387
-0.042064
-0.041319
-0.040164
-0.038122
-0.038873
-0.040407
-0.041180
-0.042478
-0.045091
-0.047585
-0.049888
-0.052203
-0.051753
-0.052205
-0.053658
-0.055059
-0.055525
-0.056071
-0.058246
-0.059479
-0.061108
-0.062654
-0.062784
-0.062172
-0.060254
-0.060074
-0.060775
-0.061182
-0.062537
-0.062094
-0.061661
-0.062409
-0.063942
-0.064330
-0.064754
-0.064545
-0.064323
-0.063943
-0.063653
-0.064402
-0.063934
-0.063637
-0.064521
-0.065466
-0.066539
-0.066986
-0.066421
-0.066912
-0.066958
-0.068276
-0.069031
-0.070142
-0.069061
-0.067701
-0.066531
-0.065004
-0.063878
-0.062694
-0.063254
-0.062554
-0.063150
-0.062821
-0.063230
-0.061775
-0.060685
-0.062227
-0.063321
-0.066034
-0.066904
-0.066856
-0.066056
-0.064762
-0.065187
-0.066675
-0.066825
-0.065934
-0.063931
-0.061983
-0.062393
-0.062145
-0.060957
-0.058785
-0.057369
-0.056221
-0.055750
-0.055861
-0.054819
-0.052906
-0.051855
-0.051828
-0.051782
-0.051646
-0.050607
-0.051144
-0.051736
-0.052472
-0.052489
-0.051697
-0.049306
-0.046925
-0.047796
-0.049463
-0.049481
-0.047847
-0.045096
-0.041482
-0.037274
-0.034915
-0.033487
-0.031519
-0.030503
-0.029522
-0.029043
-0.028261
-0.027503
-0.027156
-0.026474
-0.023667
-0.019869
-0.016884
-0.016916
-0.015562
-0.013744
-0.013634
-0.012466
-0.013756
-0.012980
-0.010103
-0.007303
-0.005787
-0.005056
-0.003139
-0.002401
-0.000713
0.000103
0.000083
-0.000081
0.001136
0.002977
0.004596
0.007021
0.007631
0.010091
0.011343
0.011624
0.012174
0.011576
0.011293
0.011026
0.012961
0.015023
0.017167
0.017370
0.017599
0.019571
0.021964
0.024656
0.025468
0.025720
0.024349
0.024682
0.025954
0.028085
0.030193
0.030703
0.031658
0.032338
0.032887
0.032834
0.033216
0.035165
0.037284
0.038323
0.039280
0.040231
0.041761
0.042993
0.043855
0.044241
0.045350
0.047363
0.049463
0.050561
0.050755
0.051788
0.051234
0.050532
0.048595
0.047305
0.049473
0.053306
0.057323
0.060632
0.061266
0.060144
0.061332
0.062418
0.064789
0.065166
0.063900
0.063508
0.063500
0.065161
0.065195
0.063998
0.062011
0.061394
0.061705
0.062867
0.063614
0.062593
0.063214
0.064441
0.066076
0.066561
0.065653
0.064967
0.065410
0.066029
0.065847
0.065862
0.065988
0.066597
0.066674
0.065667
0.063773
0.062455
0.062407
0.063733
0.063801
0.064259
0.063674
0.062141
0.062309
0.062397
0.062216
0.060568
0.059712
0.058467
0.058363
0.058133
0.057608
0.058098
0.059233
0.060392
0.059632
0.058795
0.057751
0.058694
0.060356
0.059901
0.059231
0.058057
0.057587
0.056707
0.055342
0.053764
0.051134
0.049168
0.049895
0.050727
0.048448
0.045545
0.042257
0.039991
0.036195
0.032417
0.032791
0.035538
0.036857
0.036141
0.034676
0.031035
0.026512
0.022887
0.021028
0.021071
0.021058
0.020265
0.020250
0.018975
0.017351
0.015685
0.012764
0.010659
0.009485
0.009828
0.009675
0.008952
0.007990
0.007809
0.006262
0.005828
0.004608
0.004579
0.002337
-0.000275
-0.002002
-0.002974
-0.003473
-0.006021
-0.009569
-0.013485
-0.010919
-0.010074
-0.008196
-0.011809
-0.010787
-0.014923
-0.011790
-0.016791
-0.013980
-0.017869
-0.014522
-0.019790
-0.026753
-0.018734
-0.047005
-0.037742
-0.036066
-0.029016
-0.033712
-0.028007
-0.015570
-0.036806
-0.056302
-0.067154
-0.057574
-0.056355
-0.055586
-0.044676
-0.027695
-0.037040
-0.062913
-0.069915
-0.061338
-0.052972
-0.056209
-0.064950
-0.085999
-0.108248
-0.102636
-0.070184
-0.045114
-0.044122
-0.043550
-0.033966
-0.038286
-0.057005
-0.068311
-0.058455
-0.041944
-0.045932
-0.069997
-0.087426
-0.075761
-0.046481
-0.018931
-0.024330
-0.040020
-0.036815
-0.011996
0.009845
0.008547
-0.002746
-0.001164
0.010416
0.009475
0.001770
-0.013585
-0.010865
0.013088
0.025022
0.020028
0.010272
0.020318
0.054397
0.074760
0.064115
0.044092
0.036359
0.043340
0.053649
0.059026
0.051667
0.030385
0.027696
0.056831
0.090139
0.083703
0.046053
0.034444
0.062516
0.086430
0.068199
0.035607
0.034182
0.064221
0.079622
0.058636
0.027040
0.015783
0.027625
0.039944
0.034525
0.013495
-0.000572
0.002295
0.012578
0.016241
-0.001502
-0.019673
-0.018658
0.004279
0.019633
0.000692
-0.028907
-0.042450
-0.026069
-0.011329
-0.016724
-0.035899
-0.051062
-0.055846
-0.052935
-0.050596
-0.053939
-0.062781
-0.074221
-0.068620
-0.058498
-0.051343
-0.069095
-0.091706
-0.097415
-0.089647
-0.076985
-0.079678
-0.090036
-0.106451
-0.109497
-0.094025
-0.074259
-0.078265
-0.107894
-0.122533
-0.098407
-0.064271
-0.068746
-0.101099
-0.108673
-0.078227
-0.056740
-0.080914
-0.119717
-0.118056
-0.077327
-0.053810
-0.079560
-0.118396
-0.119594
-0.081123
-0.052301
-0.063799
-0.096292
-0.108907
-0.086076
-0.056073
-0.051848
-0.076588
-0.098560
-0.092668
-0.067574
-0.054282
-0.066043
-0.085018
-0.086163
-0.065906
-0.052090
-0.061232
-0.077996
-0.078802
-0.061925
-0.050488
-0.058520
-0.075022
-0.076295
-0.058697
-0.043937
-0.048666
-0.064090
-0.066883
-0.051406
-0.035505
-0.037214
-0.051454
-0.058859
-0.051062
-0.036644
-0.030962
-0.037868
-0.045926
-0.043328
-0.033888
-0.027135
-0.030863
-0.038639
-0.040480
-0.036841
-0.029930
-0.031027
-0.036074
-0.038985
-0.035495
-0.025374
-0.018839
-0.020655
-0.026124
-0.026640
-0.021877
-0.015679
-0.014525
-0.017234
-0.018115
-0.014787
-0.012936
-0.014587
-0.015160
-0.012172
-0.005949
-0.001135
-0.002356
-0.007507
-0.009533
-0.006117
-0.000897
-0.000904
-0.005781
-0.009059
-0.005402
0.003444
0.009072
0.009466
0.008303
0.008437
0.012260
0.016441
0.017056
0.014782
0.013512
0.018118
0.025107
0.025484
0.019447
0.015364
0.018061
0.024422
0.027492
0.025612
0.020300
0.019194
0.026510
0.035468
0.037292
0.032419
0.027498
0.030831
0.042044
0.049145
0.045114
0.036039
0.034487
0.040844
0.049562
0.051780
0.045715
0.039075
0.039499
0.045096
0.050299
0.050101
0.047971
0.050402
0.054892
0.059718
0.059183
0.054166
0.048207
0.048338
0.054766
0.059894
0.059302
0.053591
0.051338
0.053396
0.058004
0.058881
0.053652
0.051442
0.054550
0.059237
0.060837
0.058150
0.053545
0.051009
0.054325
0.062919
0.065746
0.061824
0.058029
0.058477
0.064611
0.069222
0.068197
0.063346
0.061977
0.065202
0.071350
0.075462
0.073057
0.068744
0.066885
0.070318
0.075743
0.077374
0.075698
0.073051
0.073908
0.075117
0.074264
0.072704
0.071933
0.075445
0.078880
0.081377
0.080398
0.076295
0.073389
0.074242
0.078163
0.080615
0.080170
0.078503
0.077377
0.078077
0.080141
0.080543
0.078992
0.077568
0.080063
0.083424
0.083534
0.079932
0.077413
0.075583
0.075215
0.076411
0.076208
0.076523
0.074181
0.073062
0.072522
0.071519
0.071010
0.066764
0.063405
0.063294
0.063535
0.063178
0.059997
0.058152
0.058508
0.060684
0.060498
0.057635
0.054520
0.051531
0.050742
0.049394
0.047682
0.043734
0.041174
0.040312
0.040669
0.041493
0.041280
0.039112
0.036057
0.034008
0.032805
0.031818
0.029447
0.027965
0.028843
0.030622
0.031063
0.030237
0.027219
0.022068
0.017933
0.016880
0.016971
0.017857
0.017635
0.016488
0.015580
0.013066
0.009120
0.005998
0.006507
0.009105
0.009374
0.006432
0.001894
-0.000637
0.000996
0.001593
-0.001009
-0.005637
-0.008115
-0.006036
-0.004285
-0.003658
-0.004872
-0.006606
-0.009746
-0.012256
-0.012846
-0.015871
-0.018855
-0.021358
-0.021343
-0.020836
-0.023577
-0.026188
-0.028748
-0.030151
-0.030318
-0.032009
-0.035658
-0.038696
-0.038160
-0.035853
-0.033722
-0.035493
-0.038600
-0.041008
-0.040839
-0.040314
-0.040523
-0.041729
-0.043647
-0.044811
-0.047312
-0.048268
-0.050404
-0.052963
-0.055500
-0.055223
-0.054481
-0.055238
-0.056117
-0.059756
-0.064840
-0.064951
-0.062431
-0.062492
-0.064758
-0.070092
-0.072691
-0.073710
-0.074552
-0.073533
-0.072665
-0.073910
-0.076972
-0.082590
-0.086034
-0.084273
-0.080278
-0.079533
-0.082002
-0.083570
-0.085315
-0.088650
-0.092752
-0.094955
-0.097936
-0.096055
-0.093087
-0.093013
-0.094854
-0.098468
-0.101382
-0.101005
-0.100857
-0.101614
-0.100155
-0.101056
-0.099616
-0.099242
-0.099517
-0.097356
-0.097887
-0.102857
-0.105839
-0.106553
-0.104945
-0.101042
-0.098815
-0.095601
-0.094847
-0.096827
-0.099127
-0.101215
-0.101709
-0.099111
-0.097998
-0.098525
-0.097953
-0.096238
-0.091602
-0.091324
-0.093692
-0.093343
-0.092138
-0.090199
-0.088151
-0.090429
-0.089974
-0.085864
-0.084393
-0.080678
-0.079492
-0.078981
-0.075008
-0.072748
-0.070560
-0.069333
-0.070755
-0.069149
-0.065438
-0.060968
-0.057872
-0.056715
-0.054464
-0.052669
-0.055477
-0.058266
-0.058137
-0.054850
-0.048751
-0.046526
-0.047980
-0.050244
-0.050767
-0.048938
-0.048025
-0.046396
-0.042303
-0.039670
-0.038841
-0.039489
-0.039271
-0.034129
-0.025256
-0.016996
-0.014664
-0.020688
-0.027097
-0.028077
-0.026847
-0.023228
-0.017652
-0.012001
-0.005971
-0.004287
-0.009937
-0.017181
-0.020511
-0.017135
-0.009656
-0.003617
0.000915
0.000510
-0.002334
-0.004771
-0.004315
0.003083
0.013978
0.018724
0.012803
0.005992
0.005474
0.013672
0.021102
0.022117
0.020507
0.020956
0.027373
0.031824
0.029581
0.025622
0.027203
0.031967
0.037209
0.041391
0.041456
0.042172
0.044079
0.048762
0.056201
0.061987
0.061277
0.055212
0.051105
0.053803
0.064573
0.074897
0.075988
0.068622
0.065602
0.071377
0.080359
0.083799
0.079037
0.074880
0.074942
0.079621
0.084660
0.085226
0.085301
0.086633
0.087368
0.089838
0.093486
0.097021
0.097404
0.093610
0.090247
0.091598
0.097748
0.104987
0.107659
0.105821
0.104656
0.107125
0.107627
0.104135
0.098043
0.096139
0.100817
0.105834
0.107878
0.106043
0.104234
0.103576
0.103232
0.101945
0.102442
0.103082
0.103881
0.099660
0.094578
0.092238
0.094032
0.098889
0.097563
0.093684
0.090833
0.090679
0.090241
0.089967
0.089463
0.092044
0.098013
0.100901
0.097653
0.088406
0.081074
0.078740
0.079273
0.080209
0.082337
0.084882
0.082957
0.077381
0.070552
0.065779
0.067659
0.071525
0.072073
0.069305
0.064971
0.062205
0.061604
0.061255
0.058077
0.056105
0.053983
0.052950
0.052785
0.050410
0.047308
0.041338
0.037908
0.038878
0.040797
0.042120
0.037875
0.030574
0.024972
0.023243
0.026774
0.030469
0.031720
0.027271
0.021550
0.016606
0.014178
0.012375
0.007428
0.004730
0.004065
0.004816
0.005652
0.002426
-0.003260
-0.009207
-0.013221
-0.012417
-0.009792
-0.008020
-0.008540
-0.010979
-0.014797
-0.016951
-0.018005
-0.016379
-0.015585
-0.019750
-0.024491
-0.027508
-0.027535
-0.027876
-0.030177
-0.031962
-0.033577
-0.036023
-0.038492
-0.043127
-0.046767
-0.048829
-0.048530
-0.043852
-0.040834
-0.041388
-0.045118
-0.050878
-0.056687
-0.059336
-0.054966
-0.049011
-0.045390
-0.046157
-0.050849
-0.054477
-0.056401
-0.054269
-0.053955
-0.054594
-0.054165
-0.055607
-0.055477
-0.055566
-0.055628
-0.055337
-0.055721
-0.055978
-0.055166
-0.054283
-0.055714
-0.059146
-0.062957
-0.062884
-0.059056
-0.056035
-0.054370
-0.055459
-0.057580
-0.056173
-0.053878
-0.054445
-0.054557
-0.055715
-0.056562
-0.054965
-0.054599
-0.055659
-0.058443
-0.060418
-0.060517
-0.060754
-0.059562
-0.056233
-0.052304
-0.051877
-0.052833
-0.053398
-0.056448
-0.057618
-0.058495
-0.057891
-0.053931
-0.049692
-0.049653
-0.051926
-0.055401
-0.057865
-0.055780
-0.052857
-0.051989
-0.056464
-0.061141
-0.061971
-0.059868
-0.057119
-0.055316
-0.055293
-0.054028
-0.051915
-0.048917
-0.045298
-0.043817
-0.042573
-0.044826
-0.046051
-0.045855
-0.047872
-0.050372
-0.052516
-0.052564
-0.050636
-0.048277
-0.047620
-0.046199
-0.045208
-0.044812
-0.044466
-0.044230
-0.042366
-0.038650
-0.035228
-0.034284
-0.033809
-0.032956
-0.029458
-0.026464
-0.026781
-0.027394
-0.026958
-0.024915
-0.023119
-0.021076
-0.018632
-0.017519
-0.017477
-0.017767
-0.016533
-0.013785
-0.011778
-0.009736
-0.008905
-0.009285
-0.009685
-0.010663
-0.010312
-0.008346
-0.006392
-0.006221
-0.005878
-0.006041
-0.008086
-0.008397
-0.003649
0.002564
0.005414
0.005024
0.003320
0.001994
0.003107
0.004594
0.004364
0.004719
0.005563
0.006151
0.005103
0.002595
0.000306
0.000539
0.003395
0.008157
0.010060
0.009086
0.005162
0.002924
0.004435
0.007040
0.013351
0.016506
0.015359
0.010163
0.005650
0.006362
0.008992
0.012827
0.014631
0.014562
0.014122
0.013157
0.013465
0.013187
0.014219
0.015816
0.016917
0.017541
0.014603
0.010175
0.009335
0.012374
0.015693
0.016876
0.014999
0.013595
0.013288
0.014600
0.016073
0.015832
0.015193
0.014168
0.014343
0.015252
0.014816
0.014729
0.016138
0.019066
0.021316
0.022228
0.020165
0.016851
0.015204
0.016942
0.021301
0.024429
0.026419
0.024979
0.022473
0.020546
0.022513
0.024654
0.025443
0.024484
0.022900
0.025178
0.028817
0.030811
0.029894
0.029061
0.028259
0.028588
0.027842
0.026801
0.026073
0.023583
0.018986
0.016411
0.018133
0.022453
0.024909
0.023771
0.021395
0.019356
0.022301
0.024349
0.025254
0.025640
0.024985
0.026047
0.025953
0.026411
0.027067
0.029335
0.030705
0.029565
0.024573
0.021762
0.022578
0.024769
0.027709
0.025793
0.024681
0.021958
0.020772
0.022456
0.023241
0.023128
0.022303
0.021221
0.018680
0.016274
0.014279
0.013607
0.011906
0.010243
0.010633
0.013395
0.014211
0.010697
0.007343
0.003397
0.005390
0.007191
0.005806
0.005262
0.003266
0.002808
0.000029
-0.000266
0.003005
0.007380
0.010485
0.005833
-0.002889
-0.008899
-0.008790
-0.004496
-0.002695
-0.002149
0.000672
0.002966
0.004693
0.002925
-0.000330
-0.002422
-0.002633
-0.000459
0.001616
0.001859
0.001482
0.001864
0.000207
-0.001754
-0.001978
0.000046
0.001978
0.001877
-0.001982
-0.005460
-0.004975
-0.004455
-0.003704
-0.003377
-0.001703
0.001886
0.003494
0.001506
-0.002335
-0.003372
-0.000060
0.005298
0.008916
0.009059
0.007162
0.006461
0.007613
0.008609
0.007861
0.006470
0.006452
0.008156
0.011857
0.015258
0.016483
0.014327
0.010638
0.010339
0.012631
0.015967
0.018504
0.018305
0.017656
0.018851
0.022071
0.024034
0.023145
0.020074
0.017397
0.017514
0.020605
0.021021
0.018422
0.014505
0.013416
0.014828
0.018124
0.020722
0.020119
0.019736
0.016669
0.017850
0.017129
0.017126
0.017271
0.015833
0.017584
0.018668
0.020518
0.019564
0.019504
0.020627
0.022930
0.024320
0.023532
0.022808
0.021885
0.022591
0.023751
0.026408
0.025977
0.022690
0.020256
0.018982
0.021420
0.024410
0.026292
0.025254
0.022583
0.019395
0.019143
0.021173
0.022720
0.024300
0.022415
0.018092
0.013106
0.011513
0.012835
0.015427
0.016833
0.015622
0.015390
0.014356
0.013499
0.013734
0.011401
0.008987
0.008221
0.009265
0.011217
0.009721
0.007216
0.005385
0.004428
0.005219
0.004391
0.003756
0.004294
0.001149
-0.001096
-0.001227
0.001007
0.004684
0.003856
0.000390
-0.002269
-0.002822
-0.002186
-0.001698
-0.001299
0.000499
0.001962
0.000927
-0.002922
-0.005526
-0.007121
-0.008295
-0.011838
-0.015597
-0.014485
-0.011628
-0.010290
-0.012761
-0.015779
-0.017494
-0.017647
-0.017628
-0.018657
-0.019682
-0.020516
-0.020092
-0.019390
-0.020017
-0.021734
-0.023210
-0.022892
-0.024694
-0.029112
-0.029918
-0.029162
-0.025841
-0.025069
-0.026755
-0.026381
-0.025099
-0.023622
-0.025034
-0.026549
-0.028909
-0.030076
-0.029491
-0.028117
-0.029502
-0.029858
-0.031947
-0.034882
-0.035018
-0.034648
-0.034002
-0.032980
-0.032556
-0.032724
-0.032438
-0.034039
-0.035928
-0.039367
-0.040408
-0.040913
-0.041330
-0.042465
-0.042923
-0.044421
-0.045117
-0.045222
-0.046193
-0.047143
-0.050111
-0.049399
-0.048172
-0.047235
-0.048705
-0.050548
-0.051188
-0.050735
-0.049636
-0.049625
-0.050700
-0.054086
-0.055856
-0.054707
-0.053061
-0.054337
-0.057561
-0.059500
-0.060259
-0.060326
-0.060596
-0.062048
-0.064805
-0.067147
-0.067615
-0.066373
-0.063873
-0.063457
-0.065149
-0.068009
-0.068726
-0.067919
-0.067440
-0.066698
-0.065635
-0.065552
-0.068456
-0.069150
-0.068242
-0.068596
-0.070005
-0.073068
-0.074111
-0.073953
-0.073308
-0.070323
-0.070460
-0.073123
-0.074106
-0.072781
-0.069991
-0.067570
-0.068010
-0.069060
-0.068859
-0.065790
-0.060697
-0.056200
-0.056004
-0.056710
-0.055619
-0.053517
-0.048405
-0.045215
-0.045401
-0.046658
-0.044759
-0.041570
-0.040300
-0.041178
-0.041248
-0.039211
-0.033851
-0.029652
-0.028559
-0.026901
-0.027816
-0.027366
-0.025939
-0.023411
-0.020346
-0.017705
-0.014474
-0.011041
-0.009747
-0.009064
-0.007677
-0.006655
-0.002686
0.000630
0.004471
0.007099
0.008318
0.006785
0.006123
0.007676
0.010550
0.014443
0.016765
0.018529
0.018421
0.018582
0.017942
0.017462
0.019026
0.022046
0.024935
0.027537
0.029177
0.030575
0.031555
0.032490
0.033695
0.034502
0.037293
0.040459
0.041746
