0.000247
0.000557
0.000645
0.001068
0.000690
0.000253
0.000129
0.000081
0.000583
0.000740
0.000720
0.000617
0.000398
0.000283
0.000364
0.000174
0.000620
0.000458
0.000623
-0.000010
-0.000143
-0.000069
-0.000406
0.000039
-0.000077
0.000084
-0.000996
-0.000915
-0.001415
-0.000481
-0.001311
-0.000807
-0.002353
-0.001939
-0.003907
-0.002701
-0.003797
-0.003424
-0.004099
-0.004248
-0.004960
-0.005830
-0.006788
-0.008873
-0.004142
-0.009880
-0.006099
-0.020876
-0.002130
-0.040936
-0.042716
-0.006103
-0.037685
-0.026904
0.022853
0.059481
0.034046
0.047803
0.076504
0.068801
0.036272
0.020631
0.024969
0.028623
0.013194
-0.009275
-0.025668
-0.010506
-0.018655
-0.057255
-0.065524
-0.044671
-0.003512
0.012636
0.018197
0.008659
-0.003163
-0.011756
-0.007266
0.015566
0.043997
0.047243
0.046237
0.008634
-0.040251
-0.079186
-0.106800
-0.077317
-0.041245
-0.015923
0.023506
0.074617
0.095225
0.051257
-0.023062
-0.111910
-0.100521
-0.001412
0.110247
0.185570
0.138911
0.006427
-0.131411
-0.160471
-0.135635
0.021204
0.128547
0.134862
0.086729
-0.011584
-0.111329
-0.171438
-0.074652
0.059933
0.146534
0.141638
0.056664
-0.063621
-0.081056
-0.047847
-0.013602
0.020170
0.032118
0.003213
-0.012743
0.013200
0.034029
0.016975
-0.012653
-0.003347
-0.020597
-0.043192
-0.035732
0.026972
0.089739
0.082569
-0.017146
-0.142013
-0.151851
-0.056069
0.045806
0.132314
0.163207
0.117728
0.023148
-0.036305
-0.036826
0.007920
0.096473
0.105560
0.089716
-0.021226
-0.147894
-0.159952
-0.147770
-0.082311
-0.045581
0.056070
0.108950
0.072610
-0.004301
-0.120025
-0.151250
-0.156308
-0.075946
0.089566
0.238103
0.219368
0.076481
-0.074600
-0.160939
-0.152377
-0.095864
0.053704
0.178725
0.185443
0.056134
-0.128443
-0.235041
-0.232623
-0.057517
0.110766
0.195020
0.132668
-0.040854
-0.135982
-0.099717
0.013658
0.059546
0.057441
0.035313
0.069702
0.069113
0.047653
0.015666
-0.026588
-0.032505
-0.038380
-0.107806
-0.134874
-0.067254
0.071037
0.244319
0.229493
0.088083
-0.200199
-0.408616
-0.453918
-0.253178
0.100073
0.444224
0.427383
0.150456
-0.181507
-0.347718
-0.257109
-0.069662
0.256770
0.482464
0.653483
0.218828
-0.192901
-0.411857
-0.420290
-0.169583
0.066890
0.292216
0.318921
0.142704
-0.173452
-0.274606
-0.267502
-0.140976
-0.042848
0.151023
0.347152
0.391515
0.126116
-0.169999
-0.254503
-0.195495
0.003006
0.101614
0.197658
0.144337
0.194280
0.025907
-0.231902
-0.123915
0.001901
0.055702
-0.121167
-0.275060
-0.182133
0.060930
0.295350
0.364501
0.101485
-0.200970
-0.387812
-0.416563
-0.139046
0.224624
0.473008
0.381218
0.074206
-0.260595
-0.363693
-0.309111
-0.096605
0.190667
0.372498
0.346535
0.093458
-0.204025
-0.356768
-0.286314
-0.088572
0.118717
0.167928
0.100323
-0.031081
-0.074651
-0.071797
0.015453
0.074072
0.106562
0.117272
0.031204
-0.059660
-0.085132
0.046842
0.158089
0.170051
0.056400
-0.163476
-0.187945
-0.127781
-0.025696
0.031423
0.075738
0.098110
0.131061
0.187516
0.031641
-0.013974
-0.140634
-0.237518
-0.317677
-0.189621
0.126505
0.325458
0.270363
-0.001368
-0.170073
-0.327675
-0.291338
-0.119993
0.268036
0.554230
0.470348
0.079893
-0.272574
-0.308244
-0.183633
-0.028875
0.120661
0.297553
0.355788
0.194556
-0.122713
-0.260175
-0.120630
0.155179
0.187048
-0.085573
-0.332153
-0.363878
-0.285131
-0.202373
-0.100070
0.002877
0.092271
0.010367
-0.113020
-0.127108
0.001730
0.194159
0.286280
0.277017
0.157076
0.045326
-0.087979
-0.141620
-0.064960
0.058444
0.168888
0.157946
0.020200
-0.179490
-0.257561
-0.140457
0.063191
0.128919
0.046682
-0.056892
-0.071509
-0.025143
0.031151
0.043865
0.049228
0.055683
0.041374
0.004055
-0.027289
0.001202
0.023716
0.023907
-0.026788
-0.045753
-0.024934
-0.007068
-0.025244
-0.047873
-0.027145
0.027898
0.053052
0.025640
-0.004131
-0.026420
0.010430
0.041485
0.040264
0.021245
0.006954
0.011105
0.031536
0.037393
0.011357
0.003134
0.008535
0.006485
-0.019366
-0.050241
-0.044651
-0.018914
-0.016445
-0.034347
-0.056696
-0.053466
-0.039120
-0.005094
0.015326
0.037046
0.056585
0.032918
-0.000740
-0.027833
-0.013244
0.000358
0.002164
-0.001506
0.015252
0.031526
0.015722
-0.036815
-0.064926
-0.048628
-0.018946
0.021051
0.034240
0.037575
0.009348
-0.025017
-0.055605
-0.031382
0.037184
0.071677
0.049147
-0.007891
-0.043166
-0.038010
-0.021242
-0.000521
0.026368
0.042738
0.029140
-0.013182
-0.041109
-0.031996
0.009423
0.041943
0.032367
0.003796
-0.010838
-0.015191
-0.012293
-0.017010
0.002494
0.018894
0.011611
-0.005159
-0.012318
-0.008164
-0.001676
0.013468
0.023498
0.022442
0.028947
