0.000381
-0.001333
-0.000012
-0.000862
-0.001364
0.000299
-0.001647
0.002621
-0.003565
0.002639
-0.009082
0.001134
-0.012568
0.005795
-0.013880
0.007993
-0.016380
0.007975
-0.024806
0.009137
0.015808
-0.043229
0.069804
-0.045294
-0.023415
-0.058592
-0.054924
-0.087208
-0.048662
-0.000086
-0.028267
0.029810
0.041405
0.109893
0.065306
0.078339
0.078459
0.020137
-0.043701
-0.076493
-0.053918
-0.007417
0.055609
0.104700
0.059990
-0.059162
-0.150297
-0.185594
-0.101229
0.085791
0.232877
0.272528
0.148818
-0.072232
-0.229437
-0.230092
-0.090489
0.116200
0.248034
0.200697
0.012278
-0.186227
-0.242467
-0.152384
0.042739
0.184763
0.203383
0.108815
-0.034528
-0.133340
-0.120106
-0.031335
0.055780
0.100272
0.075798
-0.019848
-0.091515
-0.099499
-0.044338
0.022181
0.045893
0.057242
0.030335
0.004747
-0.030912
-0.028107
0.014822
0.046517
0.031974
0.021226
-0.002813
-0.019158
-0.034142
-0.045415
-0.026467
-0.008748
-0.006670
-0.011767
0.004280
0.015280
0.024420
-0.008808
-0.037978
-0.058091
-0.041835
0.000467
0.058765
0.058157
-0.002553
-0.037879
-0.031790
0.030679
0.056130
0.149780
0.034244
-0.051839
-0.047850
-0.152463
-0.177523
-0.088364
0.039866
0.104557
0.195088
0.104689
0.001843
-0.110167
-0.124381
-0.070548
0.097799
0.182296
0.101151
0.060156
-0.180365
-0.267424
-0.226391
-0.039414
0.188415
0.268518
0.217809
-0.008626
-0.104160
-0.292140
-0.150270
0.130904
0.219986
0.299172
0.058400
-0.207736
-0.371660
-0.205007
0.024276
0.226643
0.262717
0.122152
-0.009632
-0.167914
-0.192895
-0.106597
0.078471
0.212514
0.179917
0.034054
-0.158706
-0.204179
-0.052460
0.099682
0.207489
0.166442
0.035537
-0.177785
-0.268220
-0.211985
-0.060913
0.053308
0.060936
0.016429
-0.083728
-0.101712
-0.070959
0.068753
0.183371
0.120524
0.004153
-0.084710
-0.113789
-0.023419
0.088016
0.138191
0.107507
0.008777
-0.110907
-0.168898
-0.143811
0.020800
0.156751
0.180421
0.015094
-0.072661
-0.227265
-0.102679
0.137945
0.231546
0.344263
0.133431
-0.069712
-0.381880
-0.398504
-0.194923
0.137056
0.315522
0.262935
0.108758
-0.168685
-0.312173
-0.296622
-0.037754
0.350974
0.524847
0.388372
0.025189
-0.284030
-0.311126
-0.073699
0.247879
0.334389
0.233547
-0.058644
-0.404682
-0.640142
-0.386480
0.049557
0.488557
0.498510
0.171245
-0.177402
-0.521197
-0.511290
-0.376612
-0.010310
0.327752
0.521307
0.343746
-0.035488
-0.327951
-0.383539
-0.179508
0.171541
0.485307
0.477650
0.422113
0.004530
-0.366635
-0.452049
-0.359103
-0.128326
-0.004105
0.154759
0.173662
0.104606
-0.133208
-0.204067
-0.139905
-0.038904
0.249480
0.300154
0.453697
0.359606
-0.152743
-0.321084
-0.332864
-0.247288
-0.186678
-0.020740
0.191393
0.272050
0.199752
-0.030033
-0.148740
-0.259072
-0.150457
0.064958
0.217053
0.168258
0.054004
0.029114
-0.019442
-0.151262
-0.240109
-0.184021
0.074103
0.272858
0.234893
0.113761
-0.073581
-0.184348
-0.096849
0.098794
0.200181
0.076092
-0.137891
-0.051076
0.129275
0.320980
0.164424
-0.134229
-0.186203
-0.164715
-0.187424
-0.255697
-0.208911
-0.021290
0.236913
0.297818
0.230373
-0.037539
-0.371707
-0.398597
0.008823
0.520464
0.666444
0.288801
-0.221493
-0.468075
-0.453959
-0.284448
-0.075677
0.057920
0.102264
0.020624
-0.120084
-0.208438
-0.124522
0.173434
0.514566
0.644209
0.410835
0.038154
-0.230726
-0.156269
-0.035227
-0.081772
-0.262981
-0.361423
-0.331405
-0.218294
-0.088689
-0.033741
0.032920
0.070032
0.020677
-0.036339
-0.059779
-0.054497
0.121785
0.309243
0.365957
0.192091
-0.104886
-0.278110
-0.169684
0.109256
0.327402
0.303437
0.053718
-0.156212
-0.218817
-0.138336
0.019543
0.097823
0.053307
-0.030745
-0.112846
-0.104380
-0.025483
0.036182
0.057593
0.082737
0.099175
0.066774
0.020059
-0.007107
0.013300
-0.012811
-0.082359
-0.097483
-0.067698
-0.035405
-0.031793
-0.029493
-0.011872
0.053238
0.099708
0.100198
0.076685
0.023717
-0.024568
-0.014110
0.017921
0.008616
-0.033257
-0.069880
-0.034145
0.035535
0.070006
0.028919
-0.056043
-0.075032
0.000172
0.067965
0.059572
0.015097
-0.027254
-0.032013
-0.016841
-0.006288
-0.001897
-0.016404
-0.020420
-0.010209
0.010093
-0.025821
-0.056014
-0.064585
-0.034380
0.020451
0.024795
-0.003789
-0.050011
-0.047239
-0.010782
0.015820
0.000885
-0.028436
-0.006671
0.048667
0.088564
0.066630
0.001430
-0.066051
-0.092825
-0.047601
0.005353
0.012676
-0.028521
-0.043042
-0.012104
0.025844
0.026014
0.024907
0.004217
0.003017
0.022020
0.016746
0.012593
-0.003386
0.021141
0.025100
0.043086
0.016244
-0.044470
-0.066745
-0.051776
0.027127
0.061636
0.042919
-0.011840
-0.051812
-0.035638
0.000639
0.021360
0.010916
-0.013832
-0.024800
-0.007007
0.026027
0.015429
-0.010039
-0.013473
0.009065
0.042141
0.036530
0.001751
-0.023144
-0.013342
0.012527
0.036698
0.031242
0.002649
-0.031155
-0.023891
0.005145
0.029432
0.027008
-0.005085
-0.037162
-0.045491
-0.015903
0.010726
0.030631
0.039198
0.028790
-0.003301
-0.041739
-0.051814
-0.036962
-0.001362
0.026224
0.023810
-0.003052
-0.039280
-0.051598
-0.035206
-0.000097
0.018908
0.024886
0.014471
0.004438
-0.001584
0.007595
0.029672
0.007986
-0.021184
-0.027672
-0.001396
0.025000
0.009663
-0.004023
-0.009286
0.000493
0.016663
-0.007379
-0.032045
-0.038103
-0.013268
0.023718
0.042781
0.020764
-0.027260
-0.048686
-0.033312
0.013267
0.050917
