-0.014336
-0.002502
-0.007513
0.006346
0.007837
0.034982
0.031652
0.054876
0.038478
0.057232
0.052938
-0.017815
0.012177
-0.016422
-0.045591
-0.042732
0.000930
-0.018072
-0.002553
0.008156
-0.014869
-0.009899
-0.006976
0.014000
0.034272
0.054267
0.052570
0.027429
-0.010904
-0.000217
0.013768
0.050383
0.059552
0.060059
0.031099
0.000167
0.000605
-0.006932
0.015027
0.028514
0.044894
0.015797
-0.020213
-0.051895
-0.070636
-0.029212
-0.022065
-0.027588
-0.028395
-0.015648
-0.013246
0.010950
0.031944
0.047155
0.054757
0.017482
-0.010561
-0.044179
-0.037407
-0.013958
0.050355
0.085480
0.043006
-0.059566
-0.132874
-0.133355
-0.066532
0.052286
0.090196
0.080959
0.021631
-0.056305
-0.114026
-0.119094
-0.081103
-0.003966
0.055524
0.040955
-0.000995
-0.045472
-0.047875
-0.006296
0.044129
0.059964
0.078987
-0.000474
-0.045575
-0.086316
-0.114188
-0.037500
0.060848
0.158887
0.151232
0.092481
-0.093244
-0.177057
-0.149169
-0.013364
0.159237
0.183635
0.177525
0.033245
-0.061246
-0.174637
-0.168367
-0.055791
0.060142
0.162317
0.101606
0.031706
-0.103318
-0.137148
-0.142291
-0.045028
0.043864
0.086233
0.051025
-0.013510
-0.007556
-0.031959
0.004848
0.027817
0.085161
0.068141
0.014807
-0.050019
-0.027260
0.020967
0.013812
-0.047027
-0.108610
-0.150510
-0.153857
-0.092849
0.016720
0.109328
0.124079
0.089587
0.014164
-0.017304
-0.088574
-0.036465
0.060038
0.205226
0.214778
0.154024
0.138870
0.089571
-0.044554
-0.161993
-0.122343
-0.140786
-0.114009
-0.089236
0.168155
0.239612
0.092975
-0.006545
-0.256630
-0.416577
-0.498685
-0.244599
0.281923
0.567698
0.477345
0.097251
-0.250709
-0.493446
-0.398890
-0.010287
0.494646
0.661066
0.336274
-0.152422
-0.513073
-0.358135
-0.136319
0.158406
0.275945
0.174960
-0.061314
-0.288602
-0.251062
0.041398
0.293577
0.232298
0.019607
-0.219766
-0.233489
-0.080617
0.173048
0.296526
0.219977
-0.060888
-0.278445
-0.285399
-0.131958
0.097834
0.232298
0.230000
0.323634
0.195936
-0.141456
-0.291525
-0.322247
-0.166128
-0.035138
0.096954
0.120142
0.102328
0.038988
0.111832
0.126132
-0.105578
-0.312073
-0.322978
0.008987
0.339503
0.435636
0.215502
0.006831
-0.170514
-0.288085
-0.191639
-0.012034
0.150465
0.158934
0.028032
-0.113927
-0.121209
-0.110704
-0.020606
0.088634
0.022168
-0.180452
-0.238452
-0.040184
0.223199
0.255387
-0.004942
-0.222028
-0.201711
-0.023619
0.067188
0.061555
0.096287
0.190172
0.129813
-0.107023
-0.304398
-0.242959
0.055320
0.271575
0.219083
0.027713
-0.092719
-0.083194
-0.008344
0.037832
0.063886
0.086482
0.036649
-0.040532
-0.109423
-0.077141
0.060278
0.148018
0.131461
-0.005415
-0.088292
-0.058023
0.029061
0.059560
0.035342
0.087801
0.168400
0.189706
0.095510
-0.078919
-0.127814
-0.041765
0.057419
0.014514
-0.153894
-0.243421
-0.236721
-0.155730
-0.152456
-0.144780
-0.098906
-0.041577
-0.001600
0.009884
0.053513
0.094081
0.178011
0.227097
0.193096
0.044394
-0.074158
-0.048653
0.070064
0.201275
0.153222
0.012702
-0.133287
-0.203455
-0.152434
-0.050709
0.070201
0.121802
0.076694
-0.052234
-0.144155
-0.129807
-0.013387
0.081303
0.084258
0.012571
-0.042842
-0.025895
0.013244
0.032905
0.011212
-0.005403
-0.012167
-0.011819
-0.035502
-0.050407
-0.047128
-0.012977
0.020538
0.004060
-0.027663
-0.031310
0.022735
0.068535
0.063526
0.016510
-0.019108
-0.008666
-0.012246
-0.012679
-0.010746
0.025345
0.061803
0.045088
-0.002450
-0.052911
-0.062455
-0.039970
0.014409
0.031538
0.026514
0.004304
-0.014202
-0.021984
-0.020226
-0.008510
0.018337
0.052048
0.044486
-0.007339
-0.049394
-0.040855
-0.006914
0.012383
-0.002813
-0.010624
-0.013455
-0.000683
-0.004435
-0.026140
-0.034557
-0.002502
0.033752
0.039885
0.009904
-0.011040
-0.003949
0.007104
0.009545
0.003292
-0.004666
-0.009604
-0.009674
-0.023026
-0.022320
-0.024409
-0.003565
0.004692
0.016092
