0.000078
-0.000039
0.000368
0.000763
0.000729
0.000273
-0.000062
-0.000089
-0.000076
0.000507
0.001152
0.001512
0.001042
0.000577
0.000090
-0.000292
-0.000177
0.000216
0.000557
0.000789
0.000227
-0.000563
-0.000702
-0.000761
-0.000915
-0.000393
0.000022
-0.000093
-0.000518
-0.000751
-0.000810
-0.001066
-0.000817
-0.001190
-0.001440
-0.003170
-0.004261
-0.006324
-0.006935
-0.008151
-0.008307
-0.009805
-0.010470
-0.012955
-0.014758
-0.017058
-0.019323
-0.021462
-0.025454
-0.024981
-0.029952
-0.022005
-0.021295
-0.002859
0.025073
0.052097
0.079232
0.100289
0.094665
0.068524
0.022631
-0.016718
-0.011166
-0.040517
-0.011608
0.031639
0.013577
-0.020919
-0.033655
-0.051534
-0.068277
-0.040265
0.011567
0.061888
0.053502
0.023513
-0.010241
-0.008619
-0.007427
-0.021634
-0.009604
0.020664
0.037042
0.002349
-0.044670
-0.049291
-0.010396
0.030162
0.042540
0.030193
0.019680
0.007551
-0.005544
-0.014119
-0.009667
0.015739
0.044981
0.043095
0.007567
-0.036196
-0.048297
-0.023685
0.009225
0.013370
-0.014130
-0.040447
-0.038527
-0.007574
0.006911
0.017210
0.034696
0.057888
0.043631
-0.002596
-0.051278
-0.052212
0.003183
0.058819
0.072773
0.016704
-0.044863
-0.092876
-0.071339
-0.024044
0.041184
0.035132
0.050322
0.025244
-0.070248
-0.064239
-0.077015
-0.030988
0.025421
0.118614
0.110297
0.040563
-0.035805
-0.062622
-0.051194
-0.052090
0.016187
0.008352
0.099677
0.066891
0.033769
-0.052227
-0.142959
-0.072797
-0.049403
0.028343
0.014120
0.038957
0.028254
0.010330
-0.004817
0.010480
0.009868
-0.003999
-0.010133
0.003711
0.081631
0.023182
-0.014811
-0.081137
-0.135082
-0.100421
0.010724
0.111552
0.137696
0.064692
-0.047574
-0.121702
-0.172284
-0.136543
-0.077082
0.034451
0.095244
0.061553
0.013739
-0.020314
0.012369
0.046123
0.048011
0.000213
0.039809
0.080339
0.186423
0.201066
0.031177
-0.039036
-0.102683
-0.124378
-0.098685
0.046307
0.190070
0.216202
0.073161
-0.110627
-0.245843
-0.260892
-0.174196
-0.003144
0.220957
0.274580
0.240114
0.041588
-0.162331
-0.217981
-0.136199
0.052596
0.188811
0.210902
0.138316
-0.032204
-0.203779
-0.260023
-0.202497
-0.079175
0.028945
0.066643
0.065652
0.031934
-0.023787
-0.043863
-0.043218
-0.011663
0.023055
0.070308
0.073090
0.034725
-0.060065
-0.142733
-0.146069
-0.053189
0.047354
0.107395
0.079373
-0.049161
-0.133517
-0.167960
-0.037191
0.051696
0.130416
0.122600
0.007610
-0.076768
-0.114232
-0.145746
-0.094274
0.051775
0.183110
0.224371
0.167944
0.082694
-0.140834
-0.206369
-0.130932
0.046989
0.201564
0.280651
0.218166
0.067261
-0.102787
-0.227888
-0.136519
-0.061974
-0.137692
-0.238919
-0.161949
0.058891
0.252574
0.241554
0.139823
0.013288
-0.193499
-0.299094
-0.198277
0.151973
0.477880
0.455985
0.202479
-0.273135
-0.580335
-0.490786
-0.076730
0.342554
0.363263
0.139761
-0.095207
-0.126391
-0.078434
0.073897
0.188277
0.169342
0.191505
0.042399
-0.111216
-0.077869
-0.096306
-0.280119
-0.337440
-0.116878
0.173428
0.267497
0.164842
-0.043918
-0.203955
-0.256891
-0.096538
0.208755
0.384272
0.265526
-0.043008
-0.264830
-0.366483
-0.326472
-0.140774
0.165583
0.404900
0.444380
0.144053
-0.183908
-0.337708
-0.210047
0.047512
0.219234
0.287388
0.086456
-0.207068
-0.314589
-0.208748
-0.059778
-0.059405
-0.134764
0.006419
0.219851
0.331003
0.195777
0.012147
0.037466
0.223790
0.364128
0.396518
0.212618
-0.074677
-0.265613
-0.367958
-0.375529
-0.376161
-0.339579
-0.290720
-0.125347
0.080275
0.127330
0.009416
-0.090651
-0.092926
0.027310
0.138955
0.225205
0.262886
0.216494
0.081342
-0.058676
-0.030672
0.092063
0.168476
0.154398
0.089498
0.015254
-0.026000
-0.102728
-0.123195
-0.106240
-0.097315
-0.161596
-0.213696
-0.116296
0.030160
0.047333
-0.049659
-0.113928
-0.043989
0.090647
0.146869
0.179547
0.159735
0.092509
-0.021987
-0.116530
-0.022851
0.124930
0.109802
-0.039151
-0.182162
-0.161479
-0.024829
0.103549
0.146351
0.087614
-0.013576
-0.104412
-0.092381
0.025948
0.112354
0.050337
-0.065023
-0.089132
-0.000279
0.057064
0.013682
-0.035905
-0.031345
0.021198
0.046453
0.014144
-0.021392
-0.011185
0.011067
0.041649
0.055537
0.038192
0.000665
-0.068837
-0.093296
-0.022151
0.058058
0.048496
-0.038461
-0.108622
-0.079057
-0.029827
-0.007000
0.002142
0.015796
0.018474
-0.030857
-0.062100
-0.038582
0.023658
0.039133
0.017421
0.006184
0.020874
0.029571
0.002380
0.000070
0.018324
0.050097
0.033378
-0.024798
-0.062417
-0.046640
-0.001881
0.011518
0.014339
0.013690
-0.006560
-0.015245
-0.025852
-0.022623
-0.007425
0.001925
0.015577
0.012247
0.014263
0.011115
-0.014960
-0.021716
0.000437
0.029935
0.038210
0.004298
-0.033818
-0.020757
0.028283
0.026538
0.011319
-0.012987
-0.019305
-0.010312
-0.019675
-0.003186
