0.000210
0.000272
0.000359
0.000402
0.000169
0.000036
0.000213
0.000354
0.000317
0.000037
-0.000152
-0.000387
-0.000379
-0.000479
-0.000623
-0.000532
-0.000556
-0.000558
-0.000567
-0.000271
-0.000030
0.000069
0.000353
0.000448
0.000153
-0.000361
-0.000813
-0.000692
-0.000344
-0.000114
-0.000250
-0.000796
-0.001441
-0.002009
-0.002012
-0.001655
-0.001251
-0.001043
-0.001498
-0.001978
-0.002233
-0.002457
-0.002852
-0.003775
-0.005370
-0.006240
-0.007113
-0.007724
-0.008668
-0.009868
-0.012090
-0.014922
-0.018295
-0.021697
-0.025569
-0.029687
-0.034899
-0.040783
-0.045633
-0.049165
-0.044485
-0.032435
-0.009128
0.018582
0.056568
0.080460
0.081727
0.070602
0.036234
0.001811
-0.010713
0.014600
0.063185
0.116909
0.122830
0.062845
-0.036395
-0.127924
-0.149742
-0.089745
0.030010
0.147593
0.180579
0.091201
-0.067617
-0.185737
-0.173215
-0.051872
0.087441
0.161446
0.133792
0.024471
-0.095422
-0.152804
-0.102362
0.016665
0.128553
0.146972
0.084735
-0.013734
-0.064282
-0.062383
-0.025702
0.002195
0.023448
0.030335
0.007772
-0.019893
-0.063471
-0.071457
-0.048467
0.046331
0.085942
0.115792
-0.022216
-0.029132
-0.055850
-0.100565
-0.012371
-0.001771
0.030102
-0.064112
-0.048627
-0.014585
0.023347
0.018570
0.039995
0.030447
-0.028821
-0.041624
-0.003029
0.065552
0.103022
0.023536
-0.075958
-0.164149
-0.222110
-0.152924
-0.002339
0.184253
0.229435
0.175698
0.000051
-0.112989
-0.230197
-0.061748
0.141669
0.158360
0.170416
-0.021602
-0.264845
-0.317501
-0.147376
0.058097
0.178311
0.141499
0.060781
-0.124003
-0.257074
-0.254579
0.004026
0.339414
0.443024
0.248402
-0.107302
-0.346688
-0.303727
-0.084323
0.176969
0.292506
0.214376
0.090499
-0.090734
-0.167358
-0.219184
-0.041806
0.025604
0.032882
-0.018700
-0.135286
-0.147593
-0.074193
0.119107
0.237825
0.267760
0.113606
0.101431
-0.051802
-0.208011
-0.181214
-0.077257
0.148708
0.236299
0.121735
-0.111506
-0.233527
-0.115112
0.079997
0.184881
0.093587
-0.108506
-0.110032
-0.029700
0.037007
0.081916
0.102317
0.105095
0.028665
-0.116086
-0.170503
-0.114509
-0.022567
0.129563
0.210447
0.277339
0.252018
0.069024
-0.142952
-0.262327
-0.278658
-0.078485
0.150593
0.244315
0.108947
-0.152508
-0.314056
-0.243412
0.056902
0.271365
0.283436
0.129887
0.004134
-0.101271
0.033618
0.099690
0.024980
0.000729
-0.063535
-0.147301
-0.132282
-0.106644
-0.031987
0.110999
0.169409
0.175877
0.052050
-0.056160
-0.159060
-0.148566
-0.006584
0.099542
0.089961
-0.059079
-0.255844
-0.360865
-0.299932
-0.070027
0.068666
0.123753
0.078039
-0.086994
-0.209973
-0.194172
0.012316
0.217707
0.351403
0.272466
0.050432
-0.155210
-0.264643
-0.205016
-0.040185
0.219566
0.444916
0.460521
0.202989
-0.159507
-0.443310
-0.484896
-0.282568
0.062488
0.178304
0.065052
-0.037333
-0.111546
-0.019705
0.070332
0.089417
0.071351
0.062447
0.123202
0.317776
0.397990
0.280543
-0.005849
-0.295736
-0.386961
-0.300029
-0.109681
-0.015503
-0.019049
-0.070326
-0.136256
-0.162126
-0.158996
-0.025015
0.254674
0.494788
0.548378
0.247085
-0.122760
-0.225760
-0.059641
0.184663
0.228350
0.033625
-0.123418
-0.122229
-0.152626
-0.101551
-0.126168
-0.126727
0.065568
0.198972
0.070450
-0.226369
-0.336302
-0.194688
0.074780
0.188876
0.098755
-0.095886
-0.194397
-0.111186
0.151521
0.388376
0.357379
0.115901
-0.205162
-0.274020
-0.091719
0.163073
0.332776
0.215525
-0.055295
-0.296154
-0.330670
-0.137251
0.059837
0.181746
0.201648
0.104098
-0.051976
-0.185477
-0.137446
0.057167
0.188229
0.120097
-0.086786
-0.180798
-0.098653
-0.004214
-0.016423
-0.100047
-0.089692
0.041128
0.129776
0.101388
-0.014365
-0.058865
-0.009517
0.103224
0.174846
0.082509
-0.032627
-0.102717
-0.058877
0.009608
-0.009872
-0.091981
-0.181114
-0.177165
-0.093171
0.007804
0.062544
0.079556
0.062474
-0.006509
-0.100480
-0.121385
-0.012728
0.156230
0.225732
0.142097
-0.024329
-0.159467
-0.170227
-0.068327
0.069274
0.122375
0.024417
-0.122214
-0.146342
-0.050862
0.046080
0.043090
-0.008797
-0.034377
-0.002994
0.033762
0.023855
0.011730
0.008761
0.006063
-0.009389
-0.017669
-0.018126
-0.014071
-0.020518
-0.022632
-0.004999
0.003363
-0.033900
-0.056503
-0.002308
0.083423
0.116338
0.072528
0.022138
0.036126
0.093651
0.094137
0.015546
-0.103291
-0.176001
-0.160647
-0.092864
-0.058341
-0.046864
-0.031952
0.008761
0.047664
0.048377
0.021825
-0.029283
-0.035180
0.012439
0.106205
0.147439
0.077697
-0.052548
-0.106371
-0.050869
0.018862
0.056451
0.019385
-0.006375
-0.019021
-0.029089
-0.029441
-0.020399
0.003928
0.013725
0.025802
0.031349
0.027204
-0.013689
-0.029191
0.003165
0.044484
0.053514
0.014843
-0.003666
0.005410
0.015679
-0.009148
-0.065805
-0.111166
-0.073670
0.007193
0.044617
0.015661
-0.056641
-0.091519
-0.045698
0.041468
0.098963
0.093383
0.038083
-0.005187
-0.009921
0.028954
0.041691
0.010784
-0.034119
-0.066269
-0.040742
-0.017240
-0.010698
-0.023841
-0.040254
-0.022450
-0.008514
-0.001641
-0.016445
-0.041413
-0.024318
0.013684
0.057245
0.076477
0.052773
0.020207
-0.000813
-0.014243
-0.026632
-0.023786
0.000762
0.052984
0.085800
0.058419
0.003408
-0.032538
-0.012005
0.027340
0.044793
0.035814
0.010106
-0.020678
-0.037518
-0.025123
0.005893
0.025350
-0.007515
-0.052107
-0.052104
-0.012491
0.017392
0.015516
0.010774
0.022534
0.045607
0.047017
0.026706
0.006514
0.000456
0.003829
0.002285
-0.002985
0.005080
0.010556
