0.001060
0.000577
-0.000197
-0.000708
-0.000887
-0.000488
-0.000388
-0.000964
-0.001563
-0.001650
-0.000761
-0.000619
-0.000713
-0.000871
-0.001038
-0.000883
-0.000307
0.000061
0.000173
0.000025
-0.000268
-0.000343
-0.000367
-0.000171
-0.000388
0.000161
0.000273
-0.000102
0.000141
0.000054
-0.000242
-0.000526
-0.000727
-0.001085
-0.001749
-0.001980
-0.002067
-0.002200
-0.002569
-0.002856
-0.003674
-0.004463
-0.004851
-0.004450
-0.004906
-0.006069
-0.007525
-0.009209
-0.012969
-0.017319
-0.021956
-0.025918
-0.031342
-0.037351
-0.046130
-0.056515
-0.064003
-0.064474
-0.053260
-0.033135
0.019987
0.071892
0.104705
0.137902
0.116713
0.076463
-0.013358
-0.057213
-0.043231
-0.008855
0.068039
0.100203
0.122462
0.032853
-0.075654
-0.167804
-0.112120
-0.059749
0.111730
0.190800
0.025870
0.018633
-0.121504
-0.206479
-0.166976
0.017819
0.206461
0.194820
0.073544
-0.013545
-0.055898
-0.068366
-0.028544
0.059010
0.138859
0.096921
-0.004290
-0.083123
-0.073078
-0.033227
-0.010337
-0.014256
-0.007871
0.005419
0.039414
0.058941
0.060655
0.009681
-0.033937
-0.072167
-0.049112
-0.027040
-0.003367
0.030075
-0.000237
-0.050727
-0.089162
-0.035740
0.040068
0.081104
0.043635
0.018313
-0.044466
-0.014659
-0.030167
0.004223
0.025943
-0.022088
-0.024582
-0.034933
0.015717
0.025997
-0.002982
-0.013651
0.005319
-0.011801
0.013749
0.011930
0.013920
-0.013285
-0.025745
0.017365
0.035594
0.042692
0.027912
0.018734
-0.038340
-0.088422
-0.051608
-0.001259
0.010170
0.015953
0.062217
0.057254
0.048131
-0.049749
-0.001315
0.005315
-0.102823
-0.008708
-0.003145
-0.024308
-0.000441
0.012341
-0.043543
-0.085639
-0.131911
0.002154
0.105364
0.080404
0.075453
0.033945
0.053986
-0.045003
-0.106082
-0.076291
0.127436
0.265991
0.142020
-0.052528
-0.176201
-0.219933
-0.038845
0.234436
0.189836
0.056837
-0.257882
-0.293100
-0.151946
-0.113893
0.071260
0.256859
0.207219
-0.059447
-0.413401
-0.360066
0.112887
0.405064
0.579035
0.262234
-0.152993
-0.355897
-0.327222
-0.008709
0.202707
0.164753
-0.036032
-0.183672
-0.162213
-0.080329
-0.047674
0.093244
0.123667
0.078737
0.059278
0.080517
0.231610
0.021609
-0.257852
-0.297841
-0.223329
-0.038002
0.082073
0.219004
0.241188
0.041737
-0.096378
-0.043339
0.070199
0.080699
0.042518
0.092135
0.219223
0.170981
0.061066
-0.094147
-0.300823
-0.361668
-0.320198
-0.090420
0.172083
0.266928
0.105063
-0.114976
-0.118796
0.119496
0.211844
0.005499
-0.290193
-0.087068
0.089326
0.108820
0.256564
-0.012345
-0.452148
-0.565203
-0.054038
0.429466
0.413209
0.209774
0.079856
-0.045548
-0.181413
-0.306506
0.085608
0.401151
0.473572
0.307828
-0.272572
-0.219291
0.010817
0.087495
-0.074510
-0.289252
-0.256239
-0.318129
-0.359807
-0.288994
-0.262543
-0.195447
-0.085553
0.162269
0.241236
-0.033514
-0.085807
0.013459
0.299478
0.466961
0.376148
0.209452
-0.106707
-0.311247
-0.301011
0.008544
0.195835
0.034199
-0.179563
-0.191353
-0.038187
0.140496
0.035127
0.239333
0.515569
0.181674
-0.048020
-0.385434
-0.492691
-0.268910
0.196315
0.489658
0.147197
-0.217651
-0.268834
0.060354
0.304627
0.006887
-0.273046
-0.192598
0.144188
0.495308
0.323439
-0.049200
-0.431632
-0.334157
0.174502
0.441763
0.395771
-0.091775
-0.453764
-0.393152
-0.041953
0.336031
0.339511
0.060577
-0.352038
-0.478918
-0.074964
0.408586
0.439773
-0.106941
-0.613599
-0.451747
0.140477
0.478466
0.188115
-0.341322
-0.455247
-0.141983
0.294148
0.438906
0.169009
-0.219533
-0.347673
-0.024993
0.360643
0.380504
0.038753
-0.213443
-0.093546
0.192625
0.283595
0.074867
-0.177889
-0.206482
-0.054670
0.129281
0.172025
0.024091
-0.115666
-0.128421
-0.006741
0.060479
-0.028218
-0.135535
-0.098162
0.055871
0.138515
0.027158
-0.129551
-0.139559
0.018668
0.189308
0.176108
0.027093
-0.112409
-0.121205
0.007417
0.118730
0.114754
0.008891
-0.064055
-0.044059
0.073714
0.141065
0.042321
-0.076645
-0.145451
-0.089810
0.023131
0.060647
0.012597
-0.076060
-0.067648
0.026169
0.057353
0.073281
0.088754
0.123702
0.114305
0.053151
0.129219
0.057973
-0.164444
-0.248547
-0.334728
-0.441032
-0.427488
-0.124187
0.143175
0.085129
0.012348
0.008771
0.027497
-0.024216
-0.040468
0.194487
0.417144
0.378902
0.110015
-0.129001
-0.119380
-0.023803
0.035013
0.013592
-0.048539
-0.104734
-0.111836
-0.009720
0.088288
0.062267
-0.084702
-0.144614
-0.057189
0.024143
0.030695
0.030093
0.049010
0.016834
-0.114519
-0.161067
0.013241
0.211485
0.194458
-0.081181
-0.274624
-0.148896
0.131234
0.220637
0.060228
-0.147194
-0.192723
-0.048968
0.103338
0.156171
0.064902
-0.054875
-0.075996
0.000183
0.105134
0.144239
0.022247
-0.145717
-0.178985
-0.049242
0.117580
0.128926
-0.029378
-0.146181
-0.075970
0.054201
0.103226
0.036884
-0.039926
-0.034439
-0.015433
-0.007975
0.009813
-0.004720
-0.030372
-0.052106
-0.051328
-0.000486
0.018885
-0.010107
-0.027668
-0.009411
0.038548
0.044692
-0.002435
-0.037360
-0.009756
0.046100
0.047531
-0.001237
-0.050740
-0.044388
0.003619
0.032900
0.024600
-0.016946
-0.057838
-0.040305
0.009902
0.053371
0.056340
0.003899
-0.035875
-0.027258
0.011830
0.028691
0.009116
-0.013198
-0.011968
0.005774
0.018610
0.014907
0.000362
-0.015923
-0.025730
-0.007376
0.025050
0.039780
0.007522
-0.032012
-0.034833
-0.004062
