0.000114
0.000096
-0.000026
0.000094
0.000086
-0.000050
-0.000609
-0.000909
-0.000701
0.000154
0.001034
0.001561
0.001224
0.000483
-0.001380
-0.002644
-0.002626
-0.002028
-0.000650
-0.000057
0.000642
0.000415
-0.000037
-0.001010
-0.002132
-0.002219
-0.001346
-0.000212
0.000409
0.000175
-0.001333
-0.002882
-0.004228
-0.003885
-0.002894
-0.003091
-0.003643
-0.005280
-0.006925
-0.009597
-0.011540
-0.014489
-0.016675
-0.020787
-0.025472
-0.032871
-0.039626
-0.048404
-0.055006
-0.056067
-0.045981
-0.023212
0.013197
0.071291
0.117299
0.137717
0.124312
0.073881
-0.039280
-0.119589
-0.182050
-0.170519
-0.048420
0.025779
0.104090
0.132239
0.106907
0.034737
-0.055518
-0.038111
0.059985
0.134165
0.139766
0.108523
0.061692
-0.000884
-0.082727
-0.127664
-0.112422
-0.037059
-0.005913
0.017955
0.022587
-0.055033
-0.060529
-0.070818
-0.038799
0.063263
0.168205
0.217315
0.120838
-0.051406
-0.176150
-0.163184
-0.044076
0.127832
0.222291
0.171997
-0.004315
-0.172746
-0.200849
-0.089479
0.064744
0.132359
0.101899
0.010832
-0.075619
-0.122877
-0.090075
-0.002862
0.078668
0.099768
0.052520
-0.026659
-0.068694
-0.029578
0.037448
0.057953
-0.017422
-0.111407
-0.130503
-0.054243
0.046193
0.087657
0.054673
-0.005129
-0.034316
-0.004572
0.037538
0.023691
-0.018039
-0.046916
-0.033405
0.004997
0.025610
-0.016131
-0.060566
-0.072216
-0.026838
0.006962
0.009445
0.032312
0.019613
0.038519
0.059996
0.059096
-0.020231
-0.105600
-0.113156
-0.036546
0.058035
0.081370
0.142089
0.078999
-0.111610
-0.165145
-0.129469
-0.152419
-0.123922
0.028313
0.125098
0.069217
-0.025829
-0.010546
-0.002850
-0.057510
-0.079263
0.041080
0.236200
0.270208
0.136920
-0.040408
-0.123756
-0.123145
-0.075717
0.012007
0.076649
0.062163
-0.011008
-0.080069
-0.093210
-0.030362
0.079272
0.131531
0.053928
-0.087049
-0.116658
0.028443
0.186343
0.166297
0.000598
-0.116224
-0.065870
0.130350
0.233056
0.158996
-0.041581
-0.210773
-0.230713
-0.087946
0.039036
0.035738
-0.052854
-0.156382
-0.185867
-0.138222
-0.074276
-0.072556
0.000155
0.137738
0.227228
0.192131
0.096687
-0.007162
-0.072086
-0.023819
0.062272
0.063586
-0.056698
-0.263776
-0.280375
-0.067892
0.176854
0.260377
0.159698
0.064573
-0.002276
-0.027167
0.103291
0.278308
0.336605
0.305940
0.019152
-0.294236
-0.376481
-0.427344
-0.449389
-0.182848
0.238882
0.368789
0.157978
-0.102589
-0.255553
-0.257887
-0.173051
0.115679
0.494286
0.587095
0.367263
-0.059343
-0.324136
-0.313904
-0.191210
0.155136
0.348848
0.189217
-0.264437
-0.536036
-0.324220
-0.078758
0.160178
0.221989
0.189577
-0.023326
-0.276971
-0.198769
0.191948
0.483075
0.332098
-0.053956
-0.224878
-0.028337
0.222775
0.269215
-0.016079
-0.275025
-0.292092
-0.380666
-0.344693
-0.097889
-0.048499
-0.087776
0.029072
0.304786
0.301904
0.116695
0.000628
0.001465
0.128755
0.067192
0.032835
0.125505
0.326089
0.206376
-0.213651
-0.399372
-0.400198
-0.330462
-0.230907
-0.088794
-0.011249
-0.061946
-0.131591
-0.119926
-0.138401
-0.134751
-0.020199
0.252009
0.545197
0.472203
0.136460
-0.124111
-0.173774
-0.107359
-0.123231
-0.067399
0.102759
0.232786
0.149219
-0.130431
-0.299681
-0.218440
0.073947
0.327255
0.349985
0.151620
-0.138560
-0.262713
-0.093020
0.123139
0.132916
-0.016395
-0.134725
-0.094930
0.058309
0.169882
0.079080
-0.078949
-0.126844
-0.007418
0.196880
0.275428
0.146737
-0.166602
-0.383291
-0.275396
-0.031126
0.135902
0.051085
-0.163387
-0.223749
-0.060660
0.185688
0.274542
0.146988
-0.007750
-0.038592
0.052430
0.170465
0.162266
0.051236
-0.063013
-0.046094
0.043635
0.090648
0.021064
-0.077055
-0.073377
0.024746
0.079524
0.011414
-0.082103
-0.072966
0.029975
0.111182
0.115656
-0.017708
-0.078764
-0.067647
-0.021199
0.028904
-0.085310
-0.314584
-0.432420
-0.213547
0.155539
0.287797
0.145509
-0.068311
-0.143898
-0.082441
0.040855
0.220115
0.307598
0.223709
0.047946
-0.052264
-0.014532
0.020595
0.019036
0.031902
0.039603
0.037324
0.020738
0.020101
0.032469
0.085739
-0.049414
-0.193421
-0.230836
-0.330377
-0.379340
-0.260741
0.075752
0.219771
0.097435
-0.042875
-0.089790
-0.014747
0.031897
0.076665
0.230971
0.319080
0.271776
0.072517
-0.139279
-0.191093
-0.120183
0.045391
0.145680
0.079675
-0.078719
-0.158441
-0.103789
0.007637
0.084696
0.062379
-0.000993
-0.102657
-0.175674
-0.109685
0.061558
0.173208
0.098010
-0.114791
-0.217945
-0.067106
0.174778
0.269548
0.085158
-0.135748
-0.186330
-0.045390
0.126683
0.130727
-0.008380
-0.127621
-0.111568
-0.012566
0.090389
0.100629
0.020446
-0.066085
-0.090918
-0.004957
0.106861
0.105494
-0.015708
-0.141269
-0.127848
-0.007092
0.072986
0.046830
-0.033491
-0.070521
-0.031358
0.027568
0.037939
0.008691
-0.012672
-0.012581
0.019429
0.044441
0.019905
-0.033561
-0.057864
-0.013193
0.051465
0.051558
-0.027784
-0.088278
-0.062976
0.015144
0.056914
0.005244
-0.065004
-0.074735
-0.020480
0.055497
0.052008
-0.010594
-0.066069
-0.059198
0.023165
0.079340
0.063207
-0.002139
-0.050132
-0.033466
0.017003
0.040427
0.012733
-0.033560
-0.052730
-0.018949
0.033123
0.038394
-0.006809
-0.048659
-0.038478
0.022997
0.061533
0.032603
-0.016231
-0.029776
0.002716
0.043886
0.036778
-0.002281
-0.030071
-0.027770
-0.004420
0.006781
-0.009845
-0.044743
-0.059611
-0.045125
-0.000783
0.033972
0.026552
-0.006353
-0.029248
-0.011805
0.021256
0.032399
0.020701
0.013509
0.027732
0.041977
0.037214
0.019945
0.007118
0.013759
0.028410
0.028442
