0.000565
-0.000235
-0.000665
-0.000121
-0.000474
-0.000787
0.000113
0.000851
-0.000408
-0.001475
-0.000657
0.000437
0.000422
0.000539
0.000916
-0.000237
-0.002107
-0.002949
-0.003812
-0.003634
-0.001061
0.001758
0.001919
0.000208
-0.001133
-0.002440
-0.003656
-0.003432
-0.001024
0.000353
-0.000604
-0.001940
-0.002780
-0.003770
-0.005001
-0.004079
-0.002366
-0.001322
-0.002545
-0.003078
-0.004826
-0.006360
-0.008246
-0.007165
-0.006721
-0.005900
-0.006488
-0.007328
-0.010535
-0.014073
-0.016899
-0.020413
-0.019362
-0.021641
-0.022580
-0.032377
-0.035122
-0.047660
-0.053431
-0.065353
-0.058248
-0.060976
-0.041810
-0.017665
0.047331
0.098900
0.122956
0.173936
0.112007
0.002693
-0.093690
-0.130025
-0.176252
-0.085784
0.106950
0.251800
0.224466
0.101293
-0.024384
-0.165596
-0.206267
-0.078954
0.174256
0.329523
0.282708
0.046714
-0.185892
-0.265376
-0.171905
0.014790
0.157521
0.166282
0.047760
-0.102595
-0.151869
-0.060024
0.086464
0.171017
0.119237
-0.010507
-0.112539
-0.082809
0.045445
0.115411
0.097487
-0.020413
-0.098754
-0.076155
0.015986
0.074684
0.071436
0.010166
-0.035550
-0.044857
-0.115779
-0.062122
-0.081047
-0.228227
-0.232087
-0.059294
0.024832
0.062648
0.152857
0.190465
0.119806
0.013716
0.031537
0.081174
0.082304
0.035217
0.009113
-0.002670
-0.024150
-0.102399
-0.133596
-0.145402
-0.131041
-0.091288
-0.011311
0.057876
0.047614
-0.004071
-0.031268
-0.032682
-0.013096
0.023842
-0.007312
0.059672
-0.061554
-0.079502
0.014890
-0.057182
0.003612
0.037065
-0.004559
0.040950
-0.002534
-0.017140
0.049726
0.100175
0.100860
0.033721
0.086392
0.103994
0.010970
-0.002068
0.010983
0.025192
0.001833
-0.015054
0.109458
0.053406
0.003250
-0.073180
-0.232462
-0.204698
-0.152130
0.041549
0.242203
0.123691
0.030638
0.039954
-0.000990
-0.007781
0.052873
0.265656
0.324061
0.173617
0.003539
-0.249510
-0.427139
-0.437592
-0.386639
-0.237320
-0.044002
0.166241
0.416064
0.438811
0.233259
-0.059934
-0.257552
-0.211290
0.040001
0.382168
0.637129
0.492263
-0.002306
-0.553325
-0.766162
-0.470699
0.071612
0.473396
0.505776
0.136855
-0.206917
-0.197460
-0.154867
0.058181
0.189025
0.033371
-0.222605
-0.266967
0.004507
0.200632
0.199752
0.056161
-0.151239
-0.284778
-0.255070
0.040311
0.379850
0.382339
0.149371
-0.155029
-0.306322
-0.267933
-0.128281
0.114737
0.205042
0.086233
-0.037946
-0.107144
-0.094880
-0.080961
0.007757
0.145655
0.178168
0.026873
-0.176947
-0.172117
-0.013359
0.097409
0.068270
0.001447
-0.025899
0.035753
0.104121
0.050519
-0.061196
-0.156667
-0.106686
0.048883
0.076935
-0.028287
-0.145809
-0.143640
-0.029616
0.088610
0.061283
-0.020907
-0.035828
0.084319
0.088057
0.069185
-0.004201
-0.072561
-0.009662
-0.058440
-0.020614
-0.048653
-0.051188
0.020179
0.094898
0.159366
0.098743
-0.043122
-0.129014
-0.070711
0.131410
0.289718
0.274012
0.126205
-0.058686
-0.203816
-0.361989
-0.331145
-0.143485
0.011929
0.114614
0.071532
-0.040410
-0.190720
-0.191702
0.021942
0.305051
0.318682
0.064637
-0.195166
-0.208932
0.039369
0.139271
0.018543
-0.242510
-0.420852
-0.347486
-0.016749
0.280798
0.294957
0.085307
-0.087999
-0.041337
0.125302
0.199216
0.148419
0.056357
-0.011578
-0.051396
-0.055850
-0.054727
-0.040245
-0.029597
-0.009038
0.042367
0.084663
0.102125
0.099874
0.144586
0.259226
0.293698
0.188197
0.021110
-0.314005
-0.481107
-0.487890
-0.553029
-0.490522
-0.154980
0.167476
0.223641
0.194764
0.139816
0.074786
-0.070173
0.001308
0.315933
0.546362
0.515187
0.222811
-0.121976
-0.309982
-0.273920
-0.079826
0.129049
0.122662
-0.044098
-0.170634
-0.118143
-0.002419
0.048063
0.071675
0.068396
-0.005138
-0.123979
-0.171007
-0.049326
0.070826
0.067250
-0.040608
-0.131577
-0.036696
0.153052
0.218715
0.089937
-0.100671
-0.136855
-0.005087
0.080353
0.054921
-0.039662
-0.102598
-0.129666
-0.096331
0.011026
0.083511
0.041454
-0.026031
-0.040279
0.048058
0.097850
0.014646
-0.089644
-0.143181
-0.132755
-0.085224
-0.009827
0.042415
0.072284
0.033724
-0.001319
-0.004823
0.064707
0.107910
0.099057
0.078606
0.038688
0.002571
-0.037030
-0.049448
-0.024766
0.025704
0.041783
0.037467
0.029389
0.028514
0.007164
-0.000631
0.035958
0.086356
0.086506
0.024348
-0.066256
-0.114965
-0.108077
-0.078538
-0.033423
0.007238
0.004828
-0.024792
-0.030789
-0.005066
0.054736
0.084245
0.058998
0.012704
-0.003343
0.031046
0.056787
0.036933
-0.003887
-0.037602
-0.039183
-0.004935
0.028193
0.042806
0.043057
0.039854
0.018255
-0.006706
-0.010016
0.006584
0.016878
0.010206
0.001531
-0.009890
-0.033361
-0.058028
-0.054021
-0.015099
0.020334
0.006118
-0.023263
-0.034066
-0.024152
-0.023123
-0.019303
-0.019313
-0.010537
0.011406
0.007680
-0.002573
-0.022206
-0.027987
-0.014051
0.004614
0.030376
0.036884
0.001215
-0.031763
-0.031272
-0.016372
-0.001871
-0.013759
-0.012659
0.007997
0.013037
0.007646
-0.021551
-0.039367
-0.024150
