-0.001021
-0.001534
-0.001581
-0.000979
-0.000208
0.000080
-0.000084
-0.000589
-0.002092
-0.003320
-0.003320
-0.002662
-0.002588
-0.002288
-0.001621
-0.001087
-0.001297
-0.000931
0.000379
0.001043
0.000988
0.001024
0.002149
0.003778
0.003959
0.002819
0.001727
0.000535
-0.000099
0.000724
0.001612
0.002435
0.001323
-0.001057
-0.005243
-0.006116
-0.004677
-0.001536
0.002586
0.007466
0.006564
0.001661
-0.002309
-0.012252
-0.007572
0.002227
0.016683
0.021392
0.027671
0.029797
0.014525
-0.021064
-0.024123
-0.002637
-0.005957
-0.023711
-0.007887
-0.016345
-0.074198
-0.031526
-0.039198
-0.012639
0.068764
0.085706
0.070334
-0.001303
-0.014616
0.013095
-0.037814
-0.021597
0.060707
0.068588
0.012303
-0.082272
-0.081616
-0.033959
-0.009944
0.003508
0.047381
0.051668
-0.004494
-0.064486
-0.091497
-0.013236
0.044910
0.061632
0.108729
0.072264
-0.026286
-0.076860
-0.029954
0.005233
-0.025504
-0.001827
0.027241
0.015976
-0.062331
-0.108637
-0.022564
0.050707
0.011933
-0.074814
-0.099391
0.004903
0.098862
0.130865
0.183643
0.150269
-0.109852
-0.303401
-0.262169
-0.033172
0.187537
0.172149
0.067954
-0.041961
-0.145975
-0.160068
-0.053312
0.180985
0.298836
0.176233
0.059009
-0.193664
-0.245966
-0.155810
-0.083233
-0.046346
-0.031064
0.098396
0.102859
0.077270
0.040898
0.017866
-0.061575
-0.149259
-0.103395
0.168620
0.354423
0.238401
0.031383
-0.244442
-0.517775
-0.430170
-0.168532
0.109827
0.372318
0.311429
-0.058621
-0.395292
-0.308448
0.216405
0.588798
0.475438
0.258360
-0.107969
-0.443114
-0.451820
-0.088300
0.328424
0.353871
-0.019658
-0.369324
-0.404790
-0.254388
-0.018199
0.195712
0.402176
0.339310
0.074967
-0.155641
-0.247969
-0.091702
0.067942
0.130619
0.095836
0.004806
0.032268
0.050454
0.023017
-0.058884
-0.278251
-0.260353
-0.090005
0.088708
0.193747
0.040645
-0.085007
-0.089760
-0.055896
0.124717
0.250479
0.112674
-0.019053
-0.026948
0.054876
0.133292
0.081113
-0.046532
-0.151038
-0.256073
-0.283883
-0.154777
0.040255
0.237771
0.282215
0.213588
0.023610
-0.178659
-0.154442
-0.009323
0.098715
0.091167
0.003666
-0.061236
-0.061913
-0.054894
0.052079
0.082679
0.019019
0.004414
-0.028361
-0.089346
-0.105163
-0.048010
0.041598
0.031843
-0.054299
-0.062750
0.012257
0.146058
0.179010
0.174173
0.111510
0.071803
0.029684
-0.102557
-0.118967
-0.109208
-0.227791
-0.252829
-0.082927
0.092200
0.141425
0.062213
0.028869
0.021511
0.011163
0.115589
0.199929
0.087388
-0.051037
-0.120305
-0.116510
-0.027883
0.030252
0.027352
-0.067139
-0.082419
0.032258
0.075929
0.041875
0.056723
0.093653
0.035766
-0.087887
-0.149386
-0.099043
-0.018725
0.053885
0.072666
0.011916
-0.081989
-0.045321
0.076567
0.076962
-0.060395
-0.167958
-0.073581
0.126363
0.212081
0.128804
-0.020610
-0.168562
-0.202468
-0.010013
0.193968
0.224637
0.121493
-0.031417
-0.113652
-0.157073
-0.146828
-0.057595
0.026148
0.042620
0.003412
-0.055409
-0.034593
0.041209
0.046887
0.039337
0.055932
0.068152
0.034356
-0.022544
-0.020163
-0.018843
-0.086151
-0.098552
-0.032737
0.043900
0.075334
0.043448
-0.012470
-0.080453
-0.099500
-0.025171
0.090801
0.138848
0.078682
-0.021256
-0.106744
-0.135643
-0.063299
0.039975
0.125937
0.116138
0.029230
-0.055567
-0.120807
-0.083523
0.012073
0.081824
0.033852
-0.049244
-0.102307
-0.122132
-0.069756
0.003680
0.099655
0.135219
0.084829
0.033522
-0.027943
-0.090060
-0.106198
-0.094745
0.030089
0.098131
0.039173
-0.028156
-0.136089
-0.156331
-0.081595
0.058838
0.191726
0.208847
0.140417
0.025429
-0.130775
-0.187117
-0.077612
0.076168
0.161870
0.091589
-0.043294
-0.137864
-0.159787
-0.075168
0.047045
0.103681
0.083877
0.012865
-0.027010
-0.023204
-0.015491
-0.008515
0.006358
0.037474
0.037592
0.021702
0.001588
0.007666
0.004305
-0.030803
-0.052840
-0.044838
0.020442
0.057566
0.022951
-0.025745
-0.042320
-0.012475
0.020806
0.041099
0.055513
0.024174
-0.001029
-0.015236
-0.015854
0.006108
-0.011756
-0.000800
0.008262
-0.001599
-0.006772
-0.024971
-0.013688
0.009144
0.023532
0.023776
-0.004458
-0.036150
-0.024537
0.009334
0.033658
0.020026
