-0.002212
-0.001952
-0.001011
0.000051
0.000436
0.000974
0.000067
-0.000466
-0.000284
0.000922
0.001881
0.003582
0.003896
0.002553
0.001683
-0.001240
-0.001244
0.000030
0.000516
0.001157
0.001209
-0.000683
-0.001293
-0.002796
-0.001032
0.000377
0.001641
0.002047
0.000605
-0.000921
-0.003602
-0.005994
-0.007565
-0.007484
-0.009205
-0.008090
-0.012125
-0.011571
-0.018359
-0.018642
-0.028810
-0.029233
-0.041101
-0.045683
-0.055587
-0.063273
-0.081909
-0.095855
-0.105146
-0.104371
-0.095696
-0.077618
0.038432
0.027713
0.108230
0.175640
0.155849
0.094683
0.041172
0.041197
0.018598
-0.004448
0.012046
0.110718
0.069229
-0.021243
-0.107646
-0.066237
-0.001115
0.061733
0.161629
0.222202
0.190753
0.044052
-0.105745
-0.165836
-0.102262
0.020427
0.133133
0.144306
0.026396
-0.120595
-0.160501
-0.065491
0.053804
0.145020
0.174863
0.140356
0.029631
-0.089655
-0.098454
-0.004167
0.096281
0.084532
0.035227
-0.105371
-0.093556
-0.029191
-0.033534
-0.038917
-0.097905
-0.091955
-0.070153
-0.012982
0.072124
0.045507
-0.013634
0.029537
0.064431
0.096965
0.032851
-0.038290
0.001408
0.010393
0.039745
0.059642
0.055597
0.009354
-0.154110
-0.223613
-0.174690
-0.114774
0.006751
0.136313
0.183041
0.134118
0.011023
-0.031566
-0.052631
-0.076696
-0.071090
-0.067126
-0.071850
-0.120167
-0.170115
-0.130889
-0.017078
0.061462
0.086404
0.055976
0.044010
0.029939
0.059337
0.104095
0.129888
0.124301
0.098245
-0.024782
-0.146344
-0.166082
-0.105676
0.032393
0.138425
0.138447
0.007986
-0.065454
0.037239
0.196297
0.233156
0.134816
-0.056911
-0.189374
-0.244747
-0.063051
0.047960
0.137376
0.076272
-0.034771
-0.080525
-0.139326
-0.139373
-0.110341
0.097616
0.199663
0.352154
0.217595
-0.072116
-0.381378
-0.445600
-0.268396
0.102331
0.443992
0.501617
0.239820
-0.412675
-0.797892
-0.660348
-0.223704
0.125132
0.283598
0.284278
0.270192
0.117105
0.023102
0.042002
0.114597
0.179384
-0.013683
0.069427
0.208821
0.004823
-0.293865
-0.414043
-0.310977
-0.242336
-0.136189
0.130364
0.235506
-0.004911
-0.317170
-0.280776
0.234785
0.626555
0.611716
0.253783
-0.187448
-0.436659
-0.300942
0.156232
0.423137
0.212136
-0.215543
-0.425899
-0.296933
0.029933
0.252764
0.290491
0.133821
-0.181832
-0.337081
-0.226181
0.125691
0.317350
0.049354
-0.374974
-0.486754
-0.100121
0.361964
0.476347
0.227990
0.001499
-0.076565
0.001689
0.118261
0.131901
-0.021204
-0.242570
-0.188806
-0.017809
0.069659
-0.001025
-0.101274
-0.058939
0.057521
0.093990
0.070862
0.046402
0.060225
0.111038
0.067740
0.017943
-0.039030
-0.107555
-0.169548
-0.150880
-0.076270
-0.041404
-0.057791
-0.042486
0.006355
0.055164
0.054297
0.064436
0.100109
0.073894
0.039319
0.004986
-0.001222
-0.019988
-0.001746
-0.006238
0.063363
0.080743
-0.014503
-0.061715
-0.088074
-0.096862
-0.034782
0.107159
0.194174
0.129066
0.002033
-0.029651
-0.015517
0.006988
-0.022726
0.002843
0.091088
0.133097
0.036321
-0.099778
-0.182817
-0.236374
-0.200961
-0.028995
0.144775
0.172557
0.033957
-0.097758
-0.063389
0.055368
0.153901
0.150891
0.096089
0.010033
-0.035755
-0.033987
0.031223
0.039522
-0.011659
-0.041756
-0.016796
-0.001208
-0.052937
-0.056336
-0.029546
0.027106
0.044283
-0.008658
-0.089674
-0.140730
-0.137240
-0.065943
-0.019675
-0.041639
-0.044874
-0.042096
-0.012456
0.056896
0.104700
0.064230
-0.010023
-0.044715
0.000152
0.066817
0.059113
0.007877
-0.045764
-0.028151
0.053187
0.058850
0.014267
-0.003966
-0.008200
0.031762
0.088945
0.102471
0.033734
-0.057565
-0.080819
-0.029948
0.017674
-0.006593
-0.022890
-0.038121
-0.055398
-0.029663
-0.000847
0.022323
0.003039
-0.026230
-0.028315
-0.014485
0.007597
0.014071
0.009656
-0.010620
-0.043356
-0.038448
0.024771
0.083832
0.078089
0.018390
-0.022530
-0.006919
0.032733
0.031867
0.014698
-0.001036
-0.017005
-0.018519
-0.024531
-0.018812
-0.004229
0.010139
0.011187
0.004012
0.005142
0.008618
0.002720
-0.005447
-0.023089
-0.028554
-0.020919
-0.011369
-0.008481
-0.019610
-0.002957
-0.009023
-0.020105
-0.006661
0.039555
0.087007
0.078931
0.031559
-0.022210
-0.042130
-0.036075
-0.039769
-0.030990
0.000692
0.015792
-0.030109
-0.072445
-0.039630
0.014004
0.039774
0.032550
0.026873
0.023753
0.009669
-0.004124
0.007156
0.025087
0.007507
-0.038211
-0.056030
-0.035580
0.012837
0.032769
0.006873
-0.031507
-0.040542
-0.002323
0.022829
0.021369
0.002807
-0.003442
-0.000454
0.005179
-0.001640
-0.001086
0.003064
-0.013179
-0.029005
-0.026865
-0.004763
0.003123
0.007387
-0.004903
-0.018855
-0.018079
