0.000626
0.000378
0.000403
0.000421
0.000295
0.000327
0.000004
-0.000114
0.000257
0.000587
0.000913
0.001138
0.001163
0.001011
0.000356
0.000463
0.000717
0.000800
0.000297
-0.000614
-0.001369
-0.001727
-0.001967
-0.001946
-0.001513
-0.001085
-0.000293
0.000116
0.000417
-0.000028
-0.000499
-0.000983
-0.001017
-0.001552
-0.002744
-0.004566
-0.006393
-0.007686
-0.008653
-0.009785
-0.011293
-0.014306
-0.018323
-0.023422
-0.029640
-0.037458
-0.047321
-0.058734
-0.072193
-0.082711
-0.083543
-0.069167
-0.041286
0.023440
0.082485
0.125433
0.161523
0.140812
0.078780
0.004137
-0.031910
-0.017985
0.023572
0.081428
0.127277
0.093143
-0.014067
-0.113046
-0.135212
-0.078820
0.025520
0.137120
0.165131
0.082595
-0.048770
-0.127877
-0.112149
-0.023336
0.068640
0.106127
0.064320
-0.035138
-0.116929
-0.104009
-0.002609
0.083035
0.095694
0.063257
0.021571
-0.021874
-0.044697
-0.020436
0.006851
-0.007958
-0.051224
-0.065070
-0.034987
0.007003
0.037972
0.060029
0.063830
0.045524
0.012641
-0.011679
-0.011728
-0.001408
0.020056
0.032775
0.013299
-0.034817
-0.075287
-0.075289
-0.032270
0.019568
0.051680
0.035130
-0.007463
-0.060401
-0.075438
-0.045792
-0.012079
0.035795
0.041043
0.023722
0.029975
0.012504
-0.012572
-0.003303
-0.019469
-0.043518
-0.023772
0.025200
0.040904
0.054192
0.022186
-0.075469
-0.093612
-0.090205
-0.030549
0.057004
0.095906
0.086319
0.043756
-0.048444
-0.077266
-0.068019
-0.032579
0.002962
0.012944
0.046353
0.040149
0.042193
0.023880
0.036101
0.040412
0.064814
0.045724
0.092868
0.024160
0.055500
-0.016988
-0.033439
-0.069478
-0.128217
0.064340
-0.094546
-0.038078
0.018968
-0.131416
-0.259585
-0.137392
0.113504
0.141930
0.022773
0.071670
0.129444
0.077494
-0.154304
-0.232339
0.051777
0.252349
0.273373
-0.003620
-0.268337
-0.317887
-0.130173
0.175609
0.381279
0.222281
-0.132026
-0.395331
-0.403129
-0.169240
0.141754
0.494051
0.470079
0.052337
-0.502882
-0.714444
-0.433141
0.113965
0.530820
0.426498
0.145303
-0.060964
-0.126801
-0.115807
-0.068517
-0.078147
0.112137
0.315939
0.208584
-0.110465
-0.405710
-0.284938
-0.019320
0.237468
0.414171
0.210889
-0.060959
-0.225270
-0.154383
0.069831
0.237457
0.152240
-0.151270
-0.414151
-0.411865
-0.190002
0.083696
0.265125
0.203097
-0.002216
-0.157379
0.058051
0.221113
0.262788
0.211511
0.003383
-0.352865
-0.473005
-0.163178
0.255549
0.344213
0.136608
-0.105885
-0.168523
-0.187424
-0.172725
0.182602
0.455216
0.505391
0.167217
-0.248255
-0.395269
-0.216442
0.086453
0.253159
0.173352
-0.069852
-0.154815
-0.109819
-0.046380
0.047135
0.227034
0.193964
0.094938
-0.030436
-0.168402
-0.112352
-0.068244
-0.086682
-0.159888
-0.115187
0.065294
0.204763
0.131826
-0.011829
-0.137179
-0.136332
-0.013247
0.063854
0.106574
0.109973
0.048396
-0.059858
-0.156832
-0.183432
-0.206431
-0.073810
0.132942
0.114198
-0.049386
-0.255716
-0.156122
0.191050
0.419919
0.423426
0.127428
-0.277434
-0.400848
-0.291868
-0.157337
0.011470
0.227629
0.291293
0.163496
-0.040838
-0.238488
-0.354734
-0.339706
-0.100408
0.279053
0.420498
0.176863
-0.234426
-0.443917
-0.300388
0.006954
0.341991
0.449541
0.253763
-0.058724
-0.211001
-0.052002
0.214320
0.238730
0.046990
-0.111116
-0.132664
-0.071270
-0.085930
-0.067571
0.000547
0.054047
0.033458
-0.018940
0.022324
0.132751
0.176701
0.095813
-0.025131
-0.092527
-0.067860
0.025008
0.095499
0.047502
-0.060985
-0.153462
-0.116914
-0.007589
0.092123
0.095438
0.059482
0.076013
0.103315
0.111583
0.034419
-0.022145
0.017356
0.094870
0.126468
0.110227
0.030888
-0.019091
-0.010958
0.004882
0.072718
0.046945
0.098223
0.035883
-0.222459
-0.331977
-0.413160
-0.599381
-0.602424
-0.284157
0.053360
0.192844
0.135680
-0.040768
-0.210173
-0.132414
0.025834
0.349103
0.675662
0.673580
0.321217
-0.181942
-0.415147
-0.316524
-0.020830
0.278553
0.326894
0.046648
-0.315247
-0.501602
-0.322604
0.050055
0.271505
0.199400
0.000684
-0.165916
-0.162656
0.003910
0.169786
0.250143
0.055356
-0.212173
-0.277788
-0.039062
0.302210
0.322228
-0.005578
-0.330309
-0.300065
0.041614
0.300296
0.211542
-0.095391
-0.262250
-0.130150
0.085971
0.178027
0.116058
0.033514
-0.031384
-0.056497
0.009767
0.086134
0.117484
0.055424
-0.078376
-0.115926
-0.015462
0.086754
0.083017
-0.008844
-0.083947
-0.065255
-0.023699
0.021570
0.041697
0.010854
-0.051702
-0.103586
-0.059153
0.058125
0.108540
0.024063
-0.051361
-0.064722
-0.003986
0.067359
0.061295
-0.029884
-0.065370
-0.012628
0.048427
0.050604
-0.048571
-0.094869
-0.034262
0.062927
0.080478
0.013402
-0.039560
-0.038520
-0.001474
0.044215
0.053629
0.030015
-0.027754
-0.049507
0.019539
0.096267
0.080417
-0.052216
-0.126449
-0.043994
0.081212
0.105383
0.016996
-0.076678
-0.054001
0.028179
0.061430
0.024983
-0.025997
-0.034457
-0.007707
0.049336
0.056371
0.003656
-0.061164
-0.080640
-0.022859
0.053945
0.069401
-0.000698
-0.056545
-0.017104
0.056449
0.066180
0.000260
-0.061729
-0.037752
0.035865
0.078773
0.047462
-0.032996
-0.066254
-0.064073
-0.028383
0.007741
-0.000633
-0.025808
-0.030307
0.014698
0.042300
0.033160
-0.008407
-0.015685
0.033016
0.065081
0.043616
-0.009021
-0.037283
-0.019720
0.015590
0.019203
-0.012301
-0.049946
-0.055968
-0.022284
0.037857
0.053474
0.016565
-0.037684
-0.053552
-0.002875
0.055964
0.062991
0.011824
-0.040730
-0.051959
-0.011456
0.017047
0.005390
-0.017019
-0.011591
0.007947
0.019365
0.007081
-0.008818
-0.001762
0.018447
0.028428
0.013412
-0.009798
-0.024547
-0.017644
0.002083
0.027459
