-0.000841
-0.000521
-0.000315
-0.000430
-0.000976
-0.001051
-0.000680
-0.000125
0.000208
0.000302
0.000291
-0.000057
-0.000275
-0.000514
-0.000223
-0.000104
0.000149
0.000522
0.000010
-0.000730
-0.001157
-0.000989
-0.000567
-0.000436
-0.000148
-0.000162
-0.000423
-0.000386
-0.000544
-0.000014
0.000495
0.000653
0.000821
0.000476
-0.000462
-0.000838
-0.001093
-0.000671
-0.000293
-0.000317
-0.000772
-0.001449
-0.001713
-0.001908
-0.001474
-0.001304
-0.001098
-0.000666
-0.000580
-0.001321
-0.002168
-0.002705
-0.003606
-0.003848
-0.004843
-0.005791
-0.007061
-0.008033
-0.009462
-0.011274
-0.013365
-0.015596
-0.018668
-0.023117
-0.028396
-0.034737
-0.040862
-0.048255
-0.051764
-0.053197
-0.044747
-0.029624
0.000700
0.033992
0.068639
0.094740
0.092979
0.073118
0.044039
0.003883
-0.004458
0.026660
0.058136
0.100607
0.098206
0.049730
-0.012690
-0.074605
-0.098433
-0.041479
0.041599
0.087462
0.087680
0.028073
-0.050047
-0.102594
-0.100789
-0.048356
-0.001711
0.016709
0.008683
-0.024400
-0.031859
0.006473
0.044317
0.031353
-0.018961
-0.040212
-0.040559
-0.028519
0.023577
0.081433
0.084500
0.011686
-0.070180
-0.078189
-0.030113
0.026693
0.068047
0.043574
0.002043
-0.043331
-0.077729
-0.054291
-0.016299
-0.011537
0.021469
-0.017496
-0.045411
0.017044
0.036889
0.074178
0.066137
0.026478
-0.080804
-0.083321
-0.029248
-0.008970
0.117546
0.129415
-0.037205
-0.135886
-0.127468
-0.012043
0.134471
0.138037
0.070965
-0.034232
-0.074374
-0.053472
0.013140
0.109309
0.116544
0.054369
-0.045197
-0.147113
-0.102452
0.031889
0.145851
0.184318
0.093298
-0.018255
-0.074759
-0.041668
0.045256
0.101695
0.094770
0.080638
0.022319
-0.022011
-0.160278
-0.294109
-0.264854
-0.219655
-0.104004
0.015400
0.062714
0.106168
0.102698
0.044746
0.042561
-0.005729
-0.030794
0.024111
0.152441
0.233531
0.183202
0.017497
-0.165287
-0.272235
-0.220542
0.059225
0.261560
0.358072
0.331661
0.085994
-0.222852
-0.271110
-0.304645
-0.306085
-0.105602
0.102176
0.213438
0.051485
-0.094091
-0.210689
-0.309876
-0.347043
-0.229787
0.226086
0.623468
0.548698
0.091521
-0.444267
-0.653490
-0.388530
0.138190
0.605366
0.586565
0.174296
-0.221608
-0.319112
-0.175343
0.030288
0.191326
0.218403
0.074093
-0.180885
-0.326828
-0.239499
-0.038127
0.089572
-0.004005
-0.170738
-0.165597
-0.022553
0.164864
0.211940
0.111643
0.067249
0.033353
0.043122
0.044763
-0.109917
-0.173629
-0.107208
0.007303
0.056450
0.003284
-0.015599
0.031119
0.039440
0.074988
0.066749
0.057591
0.022053
-0.001859
0.113956
0.105432
0.027334
0.006142
-0.094022
-0.280550
-0.295049
-0.154773
0.174861
0.332719
0.325027
0.208171
-0.114223
-0.339538
-0.497550
-0.304901
0.154878
0.441575
0.479455
0.195396
-0.226244
-0.377998
-0.408907
-0.185456
0.125193
0.252297
0.345958
0.142528
-0.077856
-0.197939
-0.181841
-0.090428
-0.040186
0.026802
0.075435
0.133790
0.103189
-0.001884
-0.134207
-0.168062
-0.056081
0.173091
0.296961
0.220683
-0.021392
-0.230655
-0.222966
-0.028110
0.141678
0.148754
0.057650
-0.038958
0.019626
0.106990
0.115464
0.084892
-0.030438
-0.142091
-0.079215
-0.043686
-0.092522
-0.179950
-0.185852
-0.103823
-0.012105
0.052244
0.093928
0.088481
0.019401
-0.023492
0.032403
0.160865
0.166635
0.088113
-0.015577
-0.078833
-0.091649
-0.063906
-0.014840
0.039006
0.099727
0.123594
0.141399
0.075680
-0.008851
-0.049531
-0.124360
-0.216436
-0.207268
-0.034712
0.097233
0.176867
0.075006
-0.095648
-0.209676
-0.276391
-0.182476
0.054519
0.226150
0.214581
0.095341
-0.073549
-0.171393
-0.178768
-0.003525
0.216228
0.282159
0.149598
-0.014481
-0.065062
-0.013587
0.045123
0.073156
0.032723
-0.049038
-0.113695
-0.116842
-0.064243
-0.000515
-0.000016
-0.087912
-0.141188
-0.080216
0.111222
0.229393
0.182660
0.080356
0.028430
0.062543
0.146906
0.219350
0.268874
0.133848
-0.112280
-0.325906
-0.498930
-0.515574
-0.402255
-0.170066
0.091068
0.201201
0.159641
-0.004457
-0.184233
-0.247929
-0.163956
0.109266
0.422930
0.539322
0.415695
0.106765
-0.196165
-0.341870
-0.269001
0.032386
0.292677
0.309965
0.087309
-0.189967
-0.305756
-0.218175
-0.014902
0.172098
0.181558
0.038552
-0.120293
-0.156790
-0.023870
0.097390
0.075333
-0.052760
-0.107311
-0.045967
0.070280
0.107526
0.032898
-0.022814
-0.023780
0.011848
0.048496
0.048900
0.027419
0.008143
-0.031577
-0.059496
-0.056855
-0.012361
0.033647
0.037795
0.040222
0.007086
-0.054818
-0.087916
-0.054050
0.015482
0.057891
0.033652
0.002128
-0.002923
0.009556
0.003339
-0.049391
-0.062049
-0.021763
0.057005
0.084780
0.015370
-0.068802
-0.084911
-0.040241
0.026383
0.059178
0.034816
-0.029178
-0.069591
-0.062386
-0.042754
-0.000972
0.003463
-0.007073
-0.002949
-0.007930
-0.001464
0.005853
-0.002500
0.023227
0.055717
0.041867
-0.017874
-0.052411
-0.024244
0.026701
0.043370
0.011060
-0.024336
-0.029035
0.011091
0.039007
0.030018
-0.015994
-0.059465
-0.058701
-0.005531
0.048789
0.052043
0.000638
-0.062279
-0.074476
-0.007278
0.059559
0.065219
0.015558
-0.025423
-0.012758
0.014280
0.043411
0.024451
-0.025987
-0.053821
-0.030357
0.009183
0.018159
0.015333
0.019118
0.014416
0.012121
0.013585
0.015778
0.016177
0.005371
0.011879
0.006784
-0.011175
-0.026041
-0.042513
-0.034373
-0.019694
-0.012651
