-0.000489
-0.000349
-0.000439
-0.000425
-0.000805
-0.000983
-0.000951
-0.000944
-0.000988
-0.000981
-0.000768
-0.000308
-0.000421
-0.000391
-0.000550
-0.000587
-0.000964
-0.001218
-0.000891
-0.000400
-0.000008
0.000013
-0.000409
-0.001436
-0.001903
-0.002568
-0.002013
-0.001495
-0.000429
-0.000223
-0.000340
-0.000943
-0.001460
-0.002554
-0.002831
-0.003149
-0.003543
-0.003589
-0.004462
-0.004788
-0.006238
-0.007692
-0.011171
-0.012101
-0.015917
-0.017245
-0.026238
-0.028353
-0.039938
-0.058694
-0.062244
-0.072065
-0.072933
-0.057795
-0.009893
0.045246
0.090107
0.121470
0.138833
0.095005
0.000497
-0.065969
-0.066537
-0.015543
0.058815
0.124164
0.140292
0.067950
-0.094366
-0.224290
-0.236712
-0.115437
0.058765
0.211841
0.235483
0.128118
-0.017638
-0.107648
-0.104060
0.007508
0.095956
0.141449
0.077754
0.000177
-0.043611
-0.052307
-0.017726
-0.027849
0.057217
-0.093378
0.000304
0.127239
0.075775
0.081390
0.008535
-0.027266
-0.053104
-0.047742
0.015899
0.057366
-0.110967
-0.131635
-0.032115
0.096597
0.084905
-0.010877
-0.106146
-0.223573
-0.237926
-0.181256
-0.005587
0.194973
0.284143
0.214272
0.100885
-0.056433
-0.144778
-0.122314
-0.007772
0.085727
0.157169
0.134159
-0.013764
-0.185588
-0.267684
-0.145169
0.028014
0.199058
0.228869
0.098296
-0.072261
-0.168833
-0.156752
0.094561
0.255977
0.268229
0.102181
-0.186193
-0.298993
-0.406474
-0.318158
-0.026766
0.224514
0.325609
0.265264
0.020691
-0.190187
-0.319766
-0.173919
0.167192
0.437985
0.542480
0.297750
-0.069819
-0.366231
-0.464324
-0.346882
-0.076398
0.243041
0.390850
0.253921
-0.051152
-0.347781
-0.413207
-0.201732
0.125063
0.346936
0.338165
0.138428
-0.090357
-0.188061
-0.163319
-0.054222
0.083128
0.174333
0.202715
0.126823
-0.014662
-0.080281
-0.059708
0.051370
0.088266
0.094602
0.080700
0.073557
0.014386
-0.030262
-0.051327
-0.159313
-0.232942
-0.223932
-0.126611
-0.155924
-0.134548
0.038655
0.095530
0.028559
0.020377
0.055007
0.098798
-0.023732
-0.151364
-0.123231
0.010507
0.104853
0.116043
0.053449
-0.089888
-0.203757
-0.240897
0.004496
0.272165
0.254371
0.133839
0.070928
0.025994
-0.044081
-0.032000
0.124682
0.107035
-0.100124
-0.341220
-0.281880
-0.048317
0.224509
0.331432
0.191601
-0.055010
-0.309797
-0.122042
0.087521
0.056405
-0.029266
0.073470
0.215575
0.211542
0.013471
0.019730
-0.032149
-0.228872
-0.407058
-0.477347
-0.186041
-0.023295
-0.018079
-0.076282
0.021782
0.204802
0.396299
0.430509
0.222255
-0.085966
-0.278954
-0.283788
-0.047316
0.348083
0.505247
0.282599
-0.208997
-0.536323
-0.500708
-0.211005
0.153635
0.475252
0.538273
0.265861
-0.114886
-0.302349
-0.151053
0.116541
0.202436
0.055658
-0.110075
-0.217932
-0.233179
-0.139704
-0.007672
0.100708
0.162982
0.128244
0.095754
0.030393
-0.016030
-0.017014
-0.005202
0.057924
0.157090
0.198515
0.025541
-0.035290
-0.173025
-0.200895
0.006626
0.121251
-0.016769
-0.234822
-0.233508
-0.034689
0.102343
0.037713
-0.059857
-0.170902
-0.242097
-0.221037
0.082261
0.390316
0.452969
0.229026
-0.071814
-0.172346
-0.113879
-0.019156
0.096225
0.153115
0.103442
-0.012325
-0.178990
-0.242482
-0.166055
0.016903
0.149456
0.127466
-0.025552
-0.146097
-0.093458
0.062251
0.138045
0.078850
-0.059523
-0.123609
-0.013739
0.104737
0.096281
0.001120
-0.106786
-0.085298
0.029541
0.100792
0.116416
0.044119
-0.043482
-0.033584
0.053229
0.105925
0.031608
-0.096685
-0.135782
-0.109121
-0.045389
0.008978
0.027068
0.005439
-0.028765
-0.006377
0.006429
-0.065423
-0.118380
-0.073901
0.096638
0.232783
0.179834
0.025346
-0.116264
-0.150903
-0.092613
0.040061
0.117178
0.135515
0.059220
-0.033591
-0.048939
-0.027380
0.029359
0.057350
0.062926
0.041535
0.044577
-0.020386
-0.018110
-0.060276
-0.215086
-0.249427
-0.304225
-0.340455
-0.237949
-0.024616
0.182732
0.225361
0.121482
0.042247
-0.052723
-0.142327
-0.104251
0.129615
0.394273
0.406697
0.169767
-0.144122
-0.266281
-0.211973
-0.046529
0.153628
0.217975
0.111998
-0.085176
-0.218761
-0.198114
-0.056337
0.086676
0.123838
0.007765
-0.143093
-0.165314
-0.020605
0.132958
0.140006
0.016696
-0.084654
-0.045956
0.075203
0.121871
0.059460
-0.037938
-0.080404
-0.042131
0.006380
0.029812
0.012818
-0.006652
-0.019930
-0.031013
-0.024669
0.011459
0.050606
0.074358
0.043651
0.005726
-0.034874
-0.074449
-0.067337
-0.074829
-0.038304
-0.002159
0.008195
0.020878
-0.026769
-0.073577
-0.052830
0.036840
0.111693
0.074919
0.006210
-0.035089
-0.027798
0.009868
0.029279
0.027901
0.000517
-0.022310
-0.052562
-0.066994
-0.008210
0.055843
0.059799
0.005825
-0.068089
-0.052627
0.009284
0.042852
0.048504
0.019898
-0.002612
-0.014630
-0.021096
-0.016868
-0.000613
-0.002158
-0.010277
-0.001601
-0.004376
-0.005095
0.017335
0.034567
0.031475
0.009170
-0.017931
-0.015785
0.003570
0.024204
0.037318
0.022230
-0.014969
-0.040569
-0.027246
0.020326
0.048923
0.029842
-0.017553
-0.050955
-0.028942
0.014390
0.042254
0.036244
0.009762
