-0.000039
-0.000146
-0.000268
0.000096
-0.000087
-0.000107
-0.000378
-0.000528
-0.000320
-0.000316
-0.000310
-0.000369
-0.000616
-0.000807
-0.000796
-0.001052
-0.001462
-0.001662
-0.001567
-0.001934
-0.001922
-0.001942
-0.001280
-0.000657
-0.000793
-0.000514
-0.000673
-0.000253
-0.000114
-0.000604
-0.001468
-0.001140
-0.000804
-0.000841
-0.001289
-0.001481
-0.001290
-0.001904
-0.001866
-0.002106
-0.001647
-0.001061
-0.000873
-0.000965
-0.000818
-0.000814
-0.001400
-0.001898
-0.002024
-0.001973
-0.001824
-0.002027
-0.002122
-0.002316
-0.002210
-0.002065
-0.001973
-0.001450
-0.001892
-0.001437
-0.001358
-0.000989
-0.001647
-0.002199
-0.002076
-0.002546
-0.002706
-0.002820
-0.003648
-0.004364
-0.004431
-0.004557
-0.005089
-0.006124
-0.007604
-0.009492
-0.011856
-0.015591
-0.018685
-0.024919
-0.030683
-0.035397
-0.035717
-0.037226
-0.022475
0.007629
0.034917
0.063759
0.089888
0.097713
0.062764
0.016922
-0.015472
-0.035012
-0.030594
-0.014324
0.015039
0.028091
-0.012744
-0.078571
-0.104239
-0.088128
-0.036271
0.049177
0.104825
0.104552
0.036798
-0.034268
-0.076322
-0.068678
-0.009022
0.075856
0.115739
0.076596
-0.004944
-0.070004
-0.066479
-0.021090
0.036842
0.057100
0.052636
-0.001307
-0.063167
-0.082277
-0.060952
-0.018511
0.030230
0.060800
0.047211
0.002630
-0.009730
0.010743
0.035378
0.040101
0.028093
0.023194
0.006511
-0.005995
-0.043682
-0.082318
-0.085107
-0.062853
-0.047824
-0.022899
0.018200
0.035668
0.005733
-0.034264
-0.021720
0.004911
0.012113
0.046229
0.077099
0.084606
0.047648
-0.004285
-0.029546
-0.031006
-0.070249
-0.090800
-0.032514
0.020991
0.045480
0.042922
0.035318
-0.004535
-0.081846
-0.099615
-0.062581
-0.062354
-0.030813
0.058479
0.109212
0.088003
0.022152
-0.017853
-0.035987
-0.061165
-0.022917
0.068710
0.167218
0.171773
0.053654
-0.105290
-0.191453
-0.144069
-0.021094
0.100549
0.159374
0.117565
-0.029267
-0.152857
-0.170060
-0.085556
0.034833
0.126445
0.146270
0.048815
-0.056588
-0.096445
-0.044002
0.019001
0.027540
-0.016027
-0.072502
-0.080848
-0.010723
0.080186
0.104418
0.078554
0.035236
-0.011138
-0.066961
-0.044668
0.007960
0.088253
0.079906
0.034154
0.026561
0.021073
0.015813
0.017897
-0.020758
-0.086390
-0.094486
-0.046151
0.123522
0.099488
0.008647
-0.073569
-0.161627
-0.180716
-0.077390
0.114521
0.245105
0.123227
-0.077572
-0.200062
-0.291520
-0.124176
0.057846
0.228397
0.194071
0.010176
-0.147537
-0.233405
-0.190881
-0.062251
0.127931
0.228680
0.172100
0.001517
-0.067669
-0.077047
-0.031992
0.034161
0.132532
0.176277
0.112326
0.006354
-0.100476
-0.123756
-0.101777
0.005809
0.049886
0.080057
0.042948
0.008549
0.013492
-0.031290
-0.058927
-0.023406
0.074610
0.127222
0.094560
-0.043174
-0.065791
-0.088600
-0.080462
-0.017331
0.029333
0.051836
0.015721
-0.038103
-0.041714
-0.033498
-0.004023
0.113214
0.118917
0.108885
-0.010540
-0.089806
-0.078034
-0.053858
0.021489
0.041899
0.055023
0.042960
0.004026
-0.014369
0.012375
0.024576
0.045467
0.024929
0.012030
0.000493
0.000913
0.006587
-0.021608
0.002165
0.008965
0.015753
-0.002562
-0.007969
-0.001900
-0.004991
-0.002813
-0.024012
-0.016942
-0.072015
-0.094296
-0.042119
-0.024983
-0.025229
0.008651
0.045594
0.047455
-0.025618
-0.072514
-0.018529
0.023554
0.077653
0.095496
0.074820
-0.004586
-0.103770
-0.130949
-0.082411
-0.008590
0.040884
0.076410
0.082548
0.030775
-0.058818
-0.076433
-0.017106
0.045412
0.060650
0.056936
0.043626
0.015041
-0.008235
-0.019259
-0.029173
-0.049179
-0.052210
-0.025049
0.028500
0.025563
-0.018511
-0.075663
-0.107762
-0.082953
-0.008831
0.091952
0.132351
0.096114
0.002390
-0.035268
-0.020342
0.010677
0.054440
0.051864
0.004567
-0.042422
-0.070692
-0.058271
-0.010150
0.025998
0.047706
0.015748
-0.027071
-0.039099
-0.002223
0.055559
0.078442
0.068065
0.020872
-0.017751
-0.035344
-0.020818
0.004483
-0.008907
-0.047795
-0.076790
-0.072868
-0.022795
0.019410
0.028749
0.007521
-0.011678
-0.002695
0.014058
0.028717
0.032468
0.031220
0.016453
0.003943
0.002864
0.004355
-0.004567
-0.025595
-0.054641
-0.044103
-0.013891
0.006996
0.019460
0.022509
0.019171
-0.011551
-0.039837
-0.021723
0.023985
0.043232
0.030337
-0.003769
-0.032404
-0.042546
-0.042931
