-0.000214
0.000209
0.000455
-0.000018
-0.000159
0.000013
0.000403
-0.000228
-0.001011
-0.001223
-0.001654
-0.001497
-0.000762
-0.000215
0.000153
0.000715
0.001260
0.000654
0.000077
0.000402
0.000658
0.001334
0.000598
0.000510
-0.001268
-0.001118
-0.002673
-0.001469
-0.002915
-0.001763
-0.003257
-0.002882
-0.005603
-0.006953
-0.009993
-0.015748
-0.024445
-0.038475
-0.046804
-0.067865
-0.059003
-0.055577
-0.012559
0.037555
0.087349
0.141331
0.145616
0.115841
0.044208
-0.023977
-0.049350
-0.024359
-0.005328
0.036756
0.040556
0.002855
-0.103836
-0.180052
-0.144347
-0.057652
0.053328
0.098953
0.111721
0.061609
0.013004
-0.036046
-0.019583
0.015126
0.080764
0.084177
0.030745
-0.011624
-0.064573
-0.035780
-0.048181
-0.060280
-0.105237
-0.066669
0.007421
0.085357
0.089094
0.043947
0.004067
-0.068763
-0.085622
-0.051568
0.066312
0.160850
0.181864
0.064072
-0.069288
-0.155012
-0.125271
-0.017348
0.063415
0.120428
0.090867
0.009556
-0.089937
-0.125463
-0.075787
0.030913
0.096181
0.101091
0.047687
-0.007846
-0.046332
-0.054599
-0.031343
0.001057
0.021806
0.033779
0.042964
-0.017360
-0.082050
-0.125914
-0.109025
-0.066684
0.039735
0.137270
0.158830
0.083521
-0.011351
-0.033054
-0.089893
-0.071281
0.016646
0.079830
0.070065
-0.000403
-0.055876
-0.090287
-0.082238
-0.010566
0.086972
0.090989
0.035249
-0.011698
-0.024733
-0.023282
-0.034615
-0.004788
0.023293
0.035532
0.013563
0.011731
0.031461
0.045928
0.030393
-0.025645
-0.059835
-0.070326
-0.057659
-0.030673
-0.005941
-0.014723
-0.017684
-0.002998
0.033085
0.049623
0.002377
-0.023700
-0.010915
0.018533
0.048535
0.071377
0.078529
-0.005294
-0.093585
-0.126449
-0.110636
-0.021310
0.042297
0.111134
0.140483
0.016795
-0.167398
-0.214594
-0.104294
0.037101
0.139962
0.132200
0.029527
-0.145359
-0.293718
-0.219333
0.007057
0.198239
0.275519
0.187904
0.023579
-0.142841
-0.231000
-0.133339
0.075847
0.220652
0.185892
0.045952
-0.081759
-0.165610
-0.150547
-0.049023
0.075877
0.136116
0.124280
0.065544
-0.018493
-0.084580
-0.105894
-0.029608
0.052854
0.082958
0.051046
0.007506
-0.011147
-0.043384
-0.049988
-0.036232
0.011569
0.070120
0.054547
0.031772
0.004837
-0.032384
-0.026997
-0.012904
0.023889
0.062349
0.079791
0.050831
-0.000993
-0.027471
-0.030925
0.015183
0.055575
0.063983
0.021517
-0.057737
-0.075803
-0.044727
0.012456
0.047237
0.025697
-0.005295
-0.063298
-0.090264
-0.046546
0.003993
0.049442
0.051553
0.005864
-0.040924
-0.086600
-0.069655
0.012196
0.079691
0.096311
0.054505
0.004623
-0.045771
-0.078857
-0.072877
-0.009834
0.059756
0.081097
0.051780
0.004496
-0.035503
-0.051781
-0.019068
0.007793
0.025203
0.030477
0.022363
-0.021463
-0.079104
-0.089558
-0.068939
-0.089670
-0.100770
-0.046875
0.026497
0.061995
0.062542
0.073543
0.053057
0.004112
-0.034527
0.009644
0.078640
0.081689
0.047032
-0.011662
-0.051869
-0.070754
-0.071841
-0.020549
0.034271
0.051380
0.037479
0.002361
-0.008191
-0.007669
-0.004265
0.003697
-0.000931
-0.002815
-0.006522
-0.008235
-0.002023
0.006139
0.007981
-0.005139
-0.021052
-0.017277
-0.000045
0.008466
0.003665
0.000229
-0.000527
-0.002933
-0.000141
