-0.000875
-0.000974
-0.000982
-0.000991
-0.000496
-0.000584
-0.000729
-0.000664
-0.000925
-0.000622
-0.000423
-0.000126
-0.000470
-0.000135
-0.001109
-0.001344
-0.002984
-0.002813
-0.004637
-0.004431
-0.007277
-0.006723
-0.008428
-0.005636
-0.004497
0.001219
0.003080
0.006616
0.004425
0.001502
-0.007381
-0.020313
-0.027534
-0.043643
-0.031707
-0.062911
-0.035701
-0.018974
-0.014336
0.004928
0.054199
0.085864
0.065234
0.048697
0.045595
0.053221
0.011928
0.024925
0.049435
0.061771
0.007170
-0.048967
-0.097154
-0.069045
-0.026028
0.014542
0.046776
0.041178
0.001425
-0.077117
-0.107566
-0.087016
-0.001584
0.057498
0.095638
0.072515
0.036079
-0.017135
-0.014282
0.012440
0.067578
0.076264
0.054756
0.050991
-0.017084
-0.070180
-0.101749
-0.092659
-0.086750
-0.028721
0.023984
0.059897
0.029750
0.010512
0.038609
0.006305
-0.042333
-0.033535
0.041722
0.105566
0.090589
0.011667
-0.068991
-0.136054
-0.124582
-0.049396
0.040044
0.089026
0.081238
0.027094
-0.049280
-0.092231
-0.070280
0.012770
0.076965
0.096780
0.054136
0.008014
-0.028927
-0.055869
-0.019220
0.026666
0.043047
0.036796
0.018957
-0.019555
-0.057048
-0.089237
-0.051658
-0.014338
0.005696
0.026449
0.023261
0.020939
0.021078
0.012824
0.008156
0.010988
0.015262
0.037051
0.016758
-0.013419
-0.048467
-0.084092
-0.085880
-0.041236
0.036042
0.092739
0.085690
0.030639
-0.044809
-0.070194
-0.048119
0.010265
0.091661
0.120315
0.094716
0.029396
-0.035418
-0.059985
-0.039663
-0.010373
0.016783
0.022688
-0.005575
-0.039831
-0.095725
-0.102318
-0.033720
0.003201
0.031400
0.064570
0.068680
0.059995
0.034459
0.014492
0.014329
-0.014498
-0.037294
-0.026996
-0.030687
-0.036128
-0.019607
-0.013954
0.001420
-0.006402
0.024808
0.088926
0.041679
0.006586
-0.001227
-0.063771
-0.121409
-0.137282
-0.075131
0.007947
0.016773
0.013457
-0.012054
-0.062533
-0.095823
-0.028487
0.141733
0.256468
0.232470
0.069674
-0.095673
-0.199946
-0.196389
-0.061160
0.100352
0.176361
0.144020
0.033582
-0.127248
-0.232215
-0.172260
0.031028
0.208213
0.224823
0.090906
-0.059047
-0.135307
-0.117581
-0.039104
0.040422
0.092421
0.102122
0.060958
0.005740
-0.033439
-0.050868
-0.033418
-0.022004
-0.010202
-0.023318
-0.034697
0.014924
0.042274
0.020153
-0.012659
-0.027677
0.014334
0.072158
0.080139
0.050165
-0.009036
-0.043443
-0.050231
-0.021622
0.014307
0.010822
-0.009449
-0.037985
-0.038582
-0.020266
0.008180
0.037124
0.051019
0.025926
-0.007889
-0.034758
-0.021752
-0.010175
0.003753
0.016824
-0.017604
-0.049973
-0.065536
-0.031649
0.008155
0.014939
0.025764
0.029723
0.003429
-0.001429
-0.015444
-0.034199
-0.066695
-0.086785
-0.041341
0.003435
0.028973
0.017124
0.000822
0.003459
0.011280
0.027388
0.031511
0.026956
0.020639
0.009313
-0.008527
-0.041410
-0.064254
-0.040256
-0.003661
0.023682
0.025642
0.008807
0.002446
0.009661
0.021281
0.031782
0.029286
0.013919
0.005551
-0.005578
-0.012921
-0.023122
-0.024634
-0.014796
0.010034
0.023840
0.025339
