-0.001071
-0.000731
-0.000754
-0.000776
-0.000785
-0.001332
-0.001426
-0.001433
-0.001261
-0.001503
-0.001576
-0.001349
-0.001145
-0.000994
-0.001285
-0.001473
-0.001691
-0.001163
-0.001127
-0.001267
-0.001125
-0.001108
-0.001014
-0.001272
-0.001430
-0.001196
-0.000694
-0.000562
-0.000855
-0.000871
-0.001416
-0.002108
-0.001629
-0.001078
-0.000922
-0.001412
-0.001885
-0.002014
-0.002843
-0.002955
-0.003397
-0.003378
-0.004945
-0.006732
-0.009013
-0.010879
-0.013754
-0.017943
-0.024130
-0.032138
-0.040013
-0.047011
-0.046656
-0.037625
-0.012815
0.020881
0.057757
0.092637
0.106986
0.088246
0.048844
0.001782
-0.030452
-0.039709
-0.009046
0.036216
0.055525
0.036610
-0.019691
-0.080644
-0.116623
-0.092006
-0.007198
0.078874
0.112162
0.090137
0.009890
-0.060678
-0.092284
-0.071301
-0.001224
0.071083
0.080249
0.021049
-0.038105
-0.060763
-0.047519
-0.021072
0.021425
0.041328
0.029384
-0.003243
-0.014119
0.009842
0.018843
0.004606
-0.009548
-0.050585
-0.058202
-0.005284
0.086096
0.142147
0.114080
0.043762
-0.048715
-0.127166
-0.124250
-0.025428
0.089516
0.154824
0.092524
-0.013582
-0.106091
-0.120795
-0.076325
0.004825
0.072243
0.079300
0.022678
-0.030997
-0.063455
-0.089708
-0.017397
0.061471
0.087154
0.040815
-0.011093
-0.022806
-0.011921
-0.051384
-0.027874
0.018802
0.000855
-0.027763
-0.010892
0.051177
0.041088
-0.004354
-0.016746
-0.000076
-0.006747
0.023705
0.064605
0.091608
0.046778
-0.037381
-0.084067
-0.105530
-0.080456
-0.014618
0.065205
0.077962
0.021240
-0.041366
-0.032357
0.001638
0.028966
0.050629
0.073292
0.064617
0.009111
-0.018939
-0.024209
0.002481
-0.008820
-0.061575
-0.084283
-0.079590
-0.047498
0.005872
0.058388
0.065067
0.022905
-0.031841
-0.021021
0.052570
0.126914
0.155576
0.156017
0.079648
-0.015031
-0.048091
-0.114550
-0.111133
-0.131470
-0.156410
-0.149620
-0.130457
-0.047388
0.053614
0.064726
0.018192
-0.058819
-0.172165
-0.140300
0.015974
0.233149
0.297926
0.201339
0.034396
-0.151657
-0.282177
-0.218769
0.048687
0.273593
0.268787
0.080016
-0.115243
-0.260886
-0.277192
-0.141643
0.090624
0.241485
0.190958
0.029363
-0.101936
-0.129072
-0.060445
0.044348
0.127892
0.126107
0.051322
-0.030809
-0.043902
-0.029824
-0.025764
-0.008090
-0.010921
-0.015122
-0.047497
-0.083631
-0.039176
0.014345
0.062166
0.087058
0.063851
0.063499
0.027822
-0.052327
-0.108753
-0.101689
-0.051903
0.050000
0.130098
0.139171
0.056332
-0.052363
-0.104927
-0.088940
-0.006809
0.091834
0.161265
0.105317
-0.008678
-0.111629
-0.139935
-0.106215
-0.028770
0.062285
0.077504
0.047553
0.011019
-0.016598
-0.008954
0.015396
0.033989
0.050585
0.008578
-0.032867
-0.050195
-0.076646
-0.075363
-0.079456
-0.052613
-0.000142
0.042660
0.098570
0.118557
0.096070
0.075730
0.029235
-0.015949
-0.033885
-0.097411
-0.166020
-0.150991
-0.041297
0.049381
0.060706
0.052895
0.040213
-0.008428
-0.071629
-0.041621
0.083538
0.163824
0.156582
0.089586
-0.028389
-0.141646
-0.190904
-0.082211
0.103095
0.175783
0.120920
0.000495
-0.094022
-0.135456
-0.109289
-0.020884
0.070345
0.089802
0.027368
-0.042647
-0.058248
-0.035121
-0.014210
0.007006
0.045924
0.081506
0.061047
0.002933
-0.053373
-0.045079
-0.020032
-0.016403
-0.015030
-0.008015
-0.001636
-0.002818
0.000031
0.009818
0.022901
0.034242
0.060843
0.060353
0.034073
-0.034848
-0.100615
-0.108202
-0.077558
0.006032
0.061602
0.037757
-0.004338
-0.047719
-0.057776
-0.022080
0.010632
0.042737
0.034607
0.003715
-0.008135
-0.010930
0.010770
0.018627
0.004785
-0.003351
-0.008369
-0.000178
0.010171
-0.005992
-0.011765
-0.018976
-0.017118
-0.003856
-0.012273
-0.010786
-0.029338
-0.055461
-0.048923
-0.020985
0.014712
0.032033
0.017486
-0.008222
-0.036000
-0.035774
-0.003522
0.028749
0.031020
-0.000176
-0.035114
-0.053326
-0.035931
-0.004193
