-0.006492
-0.006613
-0.004825
-0.003018
-0.000428
-0.000855
-0.003661
-0.000873
-0.006737
-0.000688
0.000495
0.009043
0.011632
0.011549
0.019843
0.009601
0.010418
0.003506
0.000657
-0.009846
-0.006532
-0.002662
0.002792
0.002342
-0.002410
-0.010674
-0.031688
-0.033804
-0.027899
0.000527
0.023188
0.041048
0.027026
-0.001860
-0.022383
-0.024398
-0.004921
0.034891
0.065638
0.064681
0.033668
-0.020232
-0.047486
-0.045142
-0.004744
0.040541
0.052876
0.023472
-0.019507
-0.056583
-0.062810
-0.028517
0.022361
0.056361
0.053877
0.018839
-0.023286
-0.035073
-0.019318
0.023248
0.044668
0.038028
0.011402
-0.029263
-0.044134
-0.030967
0.002068
0.022077
0.028518
0.018664
0.002940
-0.016214
-0.023252
-0.005412
0.011403
0.022087
0.017266
0.012455
-0.000622
-0.004776
-0.006211
-0.000374
0.005139
0.013870
0.027779
0.021129
0.018927
0.000622
-0.030217
-0.043585
-0.038629
-0.014330
0.011905
0.016273
0.004027
-0.022051
-0.039584
-0.023840
-0.007775
0.009492
0.029790
0.017025
-0.000909
-0.035173
-0.066338
-0.045493
-0.001062
0.029750
0.044580
0.035800
0.011031
-0.028082
-0.046095
-0.001773
0.058526
0.076345
0.052549
0.015416
-0.043100
-0.080297
-0.079663
-0.035578
0.026461
0.073654
0.079741
0.037992
-0.031424
-0.073402
-0.043871
0.004846
0.038200
0.057655
0.051759
0.007696
-0.038982
-0.069180
-0.038850
0.011650
0.046364
0.072102
0.056237
0.000502
-0.054821
-0.078406
-0.064144
-0.018814
-0.009091
-0.021221
-0.019219
-0.037269
-0.033500
-0.000289
0.053787
0.093116
0.071455
0.004806
-0.032499
-0.032045
-0.006193
0.063137
0.086537
0.059643
-0.026621
-0.127778
-0.157685
-0.094574
0.017807
0.122919
0.141056
0.078087
-0.001200
-0.060866
-0.090052
-0.038039
0.039453
0.081611
0.055763
-0.054375
-0.101341
-0.072883
-0.013753
-0.010103
0.023400
0.015185
-0.076718
-0.102505
-0.068716
0.013444
0.057827
0.110163
0.158000
0.052898
-0.070036
-0.065760
-0.071367
-0.064294
-0.012690
0.034371
0.052770
0.004270
-0.033015
-0.036176
-0.050173
-0.050941
0.006164
0.042154
0.093730
0.110354
0.023916
-0.070325
-0.145460
-0.149333
-0.081297
0.017984
0.107657
0.135452
0.073530
0.004714
-0.059096
-0.049451
0.037002
0.068160
0.081152
0.079386
0.006099
-0.094499
-0.114206
-0.038365
0.074010
0.081312
0.065674
0.028750
-0.064581
-0.093777
-0.073679
0.021992
0.115844
0.135689
0.080412
-0.020790
-0.090747
-0.103104
-0.053814
0.043763
0.124650
0.141107
0.078129
-0.026530
-0.097055
-0.114687
-0.058459
0.020920
0.063096
0.058475
0.018630
-0.017433
-0.039133
-0.033564
0.014896
0.062842
0.058194
0.023967
-0.023035
-0.031917
-0.034910
-0.027336
-0.021661
-0.016292
-0.010828
-0.015769
0.030669
0.035198
0.005452
-0.026393
-0.034853
0.013832
0.049294
0.050181
0.037129
0.002491
-0.021481
-0.015895
0.012595
0.048706
0.047208
0.015019
-0.025243
-0.071888
-0.082904
-0.087459
-0.060978
-0.037143
-0.007694
-0.023182
-0.067368
-0.032747
0.014180
0.048477
0.075439
0.077712
0.016793
-0.052597
-0.096073
-0.052753
-0.035846
-0.022552
0.002701
0.036401
0.035910
0.030246
0.021351
-0.022608
0.031656
0.068462
0.024709
-0.075030
-0.121014
-0.113297
-0.095228
-0.077655
0.024225
0.102508
0.069576
0.029930
0.027865
0.053444
0.055331
0.055233
0.056937
0.054572
0.003429
-0.039354
-0.077401
-0.110925
-0.114326
-0.056644
0.033522
0.079589
0.075905
0.016619
-0.010524
-0.027286
-0.033244
-0.013091
0.002420
0.037805
0.041298
-0.029832
-0.075300
-0.058383
-0.005702
0.065321
0.096338
0.112991
0.061908
-0.031615
-0.094248
-0.063883
0.008165
0.025890
0.033243
0.009075
-0.012703
-0.035750
-0.033540
0.034399
0.090511
0.077805
0.040603
0.007852
-0.013956
-0.033100
-0.067165
-0.060002
-0.025806
0.006666
0.020261
0.007372
0.002701
-0.001593
-0.022785
-0.043541
-0.035326
-0.004907
0.008098
0.000040
-0.017893
-0.044860
-0.059130
-0.049566
0.000777
0.049051
0.053430
0.032113
-0.001628
0.000840
0.032734
0.043528
0.033685
0.016432
-0.001289
-0.010981
-0.008814
0.019715
0.037870
0.017917
-0.021835
-0.035875
-0.011428
0.016836
0.037810
0.030832
0.007349
-0.023171
-0.052555
-0.048826
-0.019421
0.008841
0.033998
0.027051
