0.000691
0.001242
0.002014
0.002634
0.002714
0.002360
0.002365
0.001686
0.000815
0.000543
0.001287
0.002003
0.001402
0.000229
-0.000527
-0.001122
-0.001238
-0.001093
-0.000310
0.001210
0.001489
0.000834
-0.000354
-0.000872
-0.001504
-0.002004
-0.002243
-0.001074
-0.000175
-0.001968
-0.005230
-0.008982
-0.010680
-0.012568
-0.013739
-0.015508
-0.016465
-0.021977
-0.029652
-0.038470
-0.039470
-0.036108
-0.024996
0.005083
0.037697
0.066484
0.084913
0.095346
0.064326
0.012731
-0.005377
-0.011288
-0.011524
0.019805
0.061472
0.052725
-0.027196
-0.100017
-0.120942
-0.121970
-0.059473
0.045628
0.111890
0.103957
0.002310
-0.104438
-0.112771
-0.046882
0.052411
0.141075
0.166477
0.106233
-0.039570
-0.145795
-0.119381
-0.022090
0.068649
0.105185
0.060111
-0.027451
-0.109497
-0.123562
-0.060029
0.026473
0.082073
0.081588
0.034521
-0.023053
-0.033993
-0.036188
-0.006061
0.030665
0.026047
0.005906
-0.015243
-0.027684
-0.022820
-0.018140
-0.000520
0.014062
0.008868
0.012272
0.008233
-0.006001
-0.013865
-0.014210
-0.018178
-0.002078
0.005792
0.009520
-0.005910
-0.016103
-0.027745
-0.001357
0.036944
0.027924
0.016943
-0.018746
-0.063930
-0.079739
-0.062478
-0.013686
0.054850
0.073030
0.063811
0.012515
-0.029292
-0.033085
-0.020109
0.027432
0.092412
0.110398
0.058784
-0.018272
-0.090771
-0.127046
-0.094330
-0.005914
0.069024
0.079948
0.042841
0.005055
-0.057905
-0.087218
-0.031961
0.072548
0.127587
0.089139
0.011793
-0.041182
-0.065967
-0.106484
-0.129706
-0.084048
-0.002107
0.034192
0.042309
0.064368
0.080163
0.036839
-0.034347
-0.029086
0.007270
0.013687
0.029200
0.071760
0.094838
0.049797
-0.044830
-0.075484
-0.067463
-0.058011
-0.034240
-0.002331
0.003536
-0.027176
-0.072616
-0.105123
-0.084916
-0.005808
0.098813
0.156860
0.160332
0.070209
-0.009649
-0.043936
-0.023089
0.046906
0.104942
0.112431
0.042026
-0.102041
-0.172937
-0.148528
-0.121366
-0.047237
0.057408
0.112906
0.045719
-0.039400
-0.027398
0.041044
0.046076
0.034087
0.054870
0.073947
0.054333
0.002597
-0.036166
-0.034836
-0.056165
-0.055838
0.007146
0.083122
0.049068
-0.033930
-0.088783
-0.100736
-0.095525
-0.072171
0.015561
0.040235
-0.058504
-0.126206
-0.018403
0.047833
0.219533
0.258868
0.189782
0.085619
-0.111744
-0.243256
-0.243811
-0.187660
-0.055773
0.133704
0.130951
0.159116
0.080302
-0.089233
-0.213766
-0.300843
-0.220402
0.157501
0.404821
0.468745
0.294145
-0.078619
-0.329271
-0.509806
-0.407442
-0.004778
0.450615
0.615662
0.334996
-0.164030
-0.443968
-0.438322
-0.204514
0.095630
0.339079
0.380148
0.162303
-0.106722
-0.231366
-0.166602
-0.051183
0.086817
0.199291
0.236665
0.082019
-0.039382
-0.141257
-0.136410
-0.057034
-0.056993
0.081084
0.006879
-0.043721
-0.010129
-0.101520
-0.128956
-0.010767
0.190937
0.244166
0.134420
-0.007587
-0.132075
-0.239789
-0.219551
-0.032422
0.177180
0.236341
0.068113
-0.190830
-0.296328
-0.276464
-0.143373
0.077470
0.247470
0.281429
0.116844
-0.070082
-0.143055
-0.166356
-0.038820
0.154727
0.247187
0.179719
-0.065254
-0.184742
-0.114291
-0.029542
0.022468
0.049363
0.055936
0.026799
-0.043147
-0.046645
-0.004218
-0.002648
-0.002474
-0.015040
0.036476
0.020356
-0.034076
0.019641
0.036626
0.012754
-0.040511
-0.049594
0.008350
0.029785
0.021042
-0.014335
-0.034593
-0.022929
-0.009202
0.044482
0.076882
0.036537
-0.010489
-0.036634
-0.029015
0.007360
0.048850
0.062055
0.017910
-0.037618
-0.085410
-0.062838
-0.041792
-0.036019
0.011114
0.020300
0.027801
0.019196
0.016383
0.028987
-0.007656
-0.048221
-0.026297
0.023576
0.095820
0.098016
0.040350
-0.045177
-0.134216
-0.102713
-0.009573
0.081005
0.085456
0.017444
-0.033623
-0.044124
-0.017431
0.014537
0.002328
-0.014791
-0.002899
0.028781
0.039252
0.003197
-0.020633
-0.044101
-0.024531
0.004985
0.021078
0.016831
-0.024642
-0.043868
-0.030683
0.006979
0.028759
0.015380
0.006819
0.014384
0.012176
0.009152
-0.004183
0.008883
0.027199
0.032030
0.025935
-0.019514
-0.077401
-0.107947
-0.068783
0.019181
0.066250
0.062409
0.040940
-0.009345
-0.028941
-0.027683
-0.004666
0.028729
0.028131
0.037881
0.037926
0.011315
-0.016774
-0.030072
-0.015987
0.012619
0.021763
0.013108
-0.001761
-0.020784
-0.021487
-0.026520
-0.043966
-0.055301
-0.060429
-0.036172
0.008207
0.029877
0.014571
-0.010992
-0.022409
-0.008904
0.024535
0.047866
0.035266
0.012347
0.006841
-0.001557
-0.016117
-0.017862
-0.011154
