-0.001015
-0.001290
-0.001299
-0.001296
-0.001375
-0.001533
-0.001468
-0.001373
-0.001452
-0.001202
-0.001309
-0.001332
-0.001779
-0.001957
-0.002073
-0.002376
-0.002685
-0.003001
-0.003027
-0.002965
-0.002681
-0.002903
-0.003118
-0.003329
-0.003651
-0.003513
-0.003327
-0.003093
-0.003108
-0.003302
-0.003459
-0.003705
-0.003914
-0.003522
-0.003614
-0.003439
-0.003219
-0.003319
-0.002919
-0.003147
-0.003213
-0.003329
-0.003285
-0.003509
-0.003407
-0.003358
-0.003502
-0.003305
-0.002988
-0.002850
-0.002917
-0.003583
-0.003594
-0.003931
-0.003786
-0.003962
-0.003856
-0.004502
-0.003866
-0.004049
-0.003678
-0.004750
-0.005154
-0.005817
-0.006722
-0.007787
-0.010511
-0.012034
-0.015578
-0.009093
-0.015472
0.001492
0.010383
0.024283
0.032806
0.024760
0.029250
-0.014862
-0.040036
-0.040033
-0.033528
-0.005405
0.013297
0.045719
0.046590
-0.012338
-0.035134
-0.059296
-0.041692
-0.011858
0.043587
0.068581
0.039076
0.013106
-0.021760
-0.027979
-0.038269
-0.004838
0.018844
0.033451
-0.003631
-0.007450
-0.033026
-0.002467
-0.032265
-0.030931
0.008661
-0.057595
0.052367
0.037979
0.054994
0.066403
-0.006384
-0.064706
-0.098635
-0.083342
-0.021856
0.029762
0.098381
0.160932
0.083364
-0.033958
-0.111658
-0.063277
-0.093878
0.001474
0.077064
0.078665
0.082729
-0.039123
-0.068505
-0.100475
-0.079870
0.057126
0.144158
0.155023
0.078987
-0.046032
-0.091818
-0.095525
-0.084731
0.012450
0.081428
0.080831
0.025245
-0.071853
-0.056241
-0.015593
0.026690
0.079334
0.074361
0.008981
-0.007985
-0.031613
-0.020412
0.013623
-0.021213
0.016021
0.014182
0.006318
-0.013441
-0.006859
0.009992
0.033591
0.031991
0.002632
0.004428
0.001013
-0.003822
-0.018528
-0.014114
-0.011746
0.035152
0.035015
0.042392
-0.000223
-0.044622
-0.025693
-0.030548
0.031594
0.045883
0.016486
0.000840
-0.035888
-0.026917
0.004733
0.003167
0.017515
0.032768
-0.006848
-0.026312
-0.032815
-0.024412
-0.001027
0.012062
0.014712
0.000608
-0.011126
0.003718
0.033506
0.035941
0.021928
-0.017353
-0.022525
-0.032917
-0.012189
0.023986
0.032304
0.001396
-0.035852
-0.059614
-0.061349
-0.030113
0.014313
0.072410
0.063473
0.025869
-0.021347
-0.034125
-0.038056
-0.020862
-0.009536
0.015745
0.025023
0.008595
0.003391
-0.015811
-0.047132
-0.037769
0.012849
0.022940
0.049925
0.020390
0.030483
-0.022107
-0.114119
-0.075952
-0.072098
-0.032289
0.047327
0.030600
0.061513
0.043644
0.003496
0.017126
-0.021402
-0.060436
-0.102657
-0.063146
0.039569
0.101624
0.058974
0.003614
-0.030492
-0.064517
-0.133331
-0.074527
0.089257
0.167314
0.118221
-0.014657
-0.126998
-0.137857
-0.080935
0.005534
0.107527
0.113024
0.075967
-0.008809
-0.059964
-0.028719
0.036743
0.073416
0.079853
0.031112
-0.017634
-0.049958
-0.101613
-0.085373
-0.063393
-0.019777
0.006888
0.043265
0.112135
0.073050
-0.035188
-0.093891
-0.086903
-0.011664
0.045126
0.089306
0.076369
-0.034821
-0.168129
-0.188845
-0.036462
0.102734
0.176927
0.159203
0.040002
-0.099213
-0.170956
-0.115973
0.051733
0.152447
0.153522
0.088597
-0.050308
-0.152379
-0.135739
-0.011702
0.104252
0.123866
0.098693
0.049354
-0.036735
-0.102326
-0.124193
-0.067400
0.030998
0.093312
0.102448
0.052573
-0.016228
-0.041651
-0.048654
-0.034852
0.014592
0.074054
0.078436
0.017796
-0.095993
-0.161409
-0.141703
-0.110852
-0.019029
0.055500
0.074764
0.005732
-0.069508
-0.032741
0.029869
0.076916
0.118520
0.139166
0.085683
-0.017691
-0.046740
0.010604
0.065319
0.092531
0.067388
0.010803
-0.068530
-0.106928
-0.067523
-0.021374
-0.001365
-0.008867
0.012293
0.014015
-0.029615
-0.013964
0.046238
0.059084
0.009291
-0.034954
-0.000089
0.062361
0.049888
0.011616
0.001688
0.011342
0.005468
-0.032639
-0.020943
-0.009624
-0.007672
0.004079
0.008904
0.008122
-0.035216
-0.045826
0.010356
0.042030
0.016983
0.008225
-0.000440
0.000558
-0.007243
-0.020825
0.008564
0.041879
0.031082
-0.003495
-0.005800
-0.021615
