0.013962
-0.021612
-0.048579
-0.036727
-0.003502
0.023963
0.025896
0.008657
0.006995
-0.004779
-0.016775
-0.005536
0.021679
0.041936
0.018827
-0.014839
-0.027697
-0.022213
-0.034556
-0.027729
-0.011884
0.015736
-0.003757
-0.034544
-0.031601
-0.022565
-0.039025
-0.035091
0.000719
0.005004
-0.020298
-0.021525
0.040778
0.067986
0.056953
0.045778
0.046245
0.005310
-0.027826
-0.026925
0.028325
0.073822
0.070207
0.013345
-0.061298
-0.108928
-0.117182
-0.050736
0.035880
0.082557
0.063730
0.032724
-0.012821
-0.053546
-0.060357
-0.001407
0.066528
0.065480
0.025498
-0.000223
-0.004312
-0.008058
-0.012604
-0.023627
-0.042128
-0.032843
-0.015377
0.003749
0.014376
0.025979
0.032674
-0.004726
-0.019064
0.006105
0.007345
-0.011193
0.000899
0.046174
0.079187
0.048858
0.014992
-0.011286
-0.059626
-0.095726
-0.069458
0.020179
0.098305
0.085667
0.001977
-0.080003
-0.110684
-0.068134
0.014512
0.108256
0.139236
0.099987
-0.027013
-0.149151
-0.139769
-0.064257
0.033508
0.102370
0.127124
0.064818
-0.038705
-0.121623
-0.106974
-0.062561
-0.030321
0.017321
0.047680
0.044008
-0.016868
-0.092258
-0.146191
-0.087063
0.004733
0.094410
0.138066
0.147674
0.099709
-0.011088
-0.105955
-0.056149
0.088360
0.194419
0.197496
0.044276
-0.122713
-0.223976
-0.201978
-0.113595
-0.023774
0.055046
0.113679
-0.006348
-0.149735
-0.154250
-0.071614
-0.005497
0.054822
0.157009
0.206761
0.138740
0.023947
-0.036600
-0.100661
-0.158823
-0.135631
0.006227
0.144486
0.173805
0.036756
-0.132690
-0.256899
-0.213029
-0.073258
0.095191
0.216366
0.213567
0.079895
-0.115388
-0.240107
-0.218403
-0.023351
0.143602
0.182268
0.082962
-0.049438
-0.102758
-0.057808
0.018811
0.091480
0.105428
0.072307
0.019260
-0.041265
-0.074951
-0.023088
0.042448
0.040218
-0.019152
-0.066342
-0.066329
0.013224
0.111864
0.174892
0.162870
0.052788
-0.009448
-0.052334
-0.064934
-0.087114
-0.077179
-0.051468
-0.050457
-0.035048
-0.006656
0.044001
0.055843
0.071488
0.029744
-0.018950
-0.067720
-0.084020
-0.058813
0.021808
0.131785
0.109675
-0.014798
-0.121423
-0.146288
-0.098168
0.012903
0.112006
0.235877
0.155823
-0.031026
-0.116341
-0.123447
-0.094540
-0.035831
0.061765
0.162616
0.171289
0.029994
-0.060183
-0.099446
-0.086883
-0.010722
0.113677
0.143863
0.083487
-0.015631
-0.161379
-0.283831
-0.254797
-0.013930
0.189395
0.243091
0.190090
0.115901
-0.063926
-0.241659
-0.192264
0.034316
0.277150
0.295495
0.110674
-0.160590
-0.378847
-0.372868
-0.110558
0.208343
0.385105
0.305465
0.089790
-0.132687
-0.275622
-0.191036
0.054977
0.220622
0.196391
0.051628
-0.108862
-0.151167
-0.115621
-0.022647
0.041140
0.058788
0.005895
-0.044153
-0.022966
0.028805
0.034194
-0.045137
-0.086828
-0.062514
0.003613
0.039865
0.058443
0.048106
-0.024194
-0.077818
-0.040542
0.051092
0.134257
0.130368
0.027652
-0.093061
-0.154561
-0.112208
0.004245
0.106263
0.109360
0.018267
-0.093896
-0.126436
-0.066095
0.024147
0.094310
0.080968
0.000867
-0.098966
-0.130381
-0.080296
-0.004841
0.057665
0.044513
-0.014122
-0.037155
-0.028786
-0.001028
0.038321
0.039502
0.028152
-0.012681
-0.013329
0.036511
0.057099
0.021777
-0.046740
-0.071993
-0.049544
-0.000076
0.045388
0.066861
0.036411
-0.021979
-0.052256
-0.029231
0.010357
0.046025
0.046790
0.021151
-0.007206
-0.024819
-0.013227
0.005925
0.019662
0.024892
0.017754
0.006171
0.038075
0.083277
0.103102
0.089151
0.025798
-0.011469
-0.025499
-0.080738
-0.091656
-0.110851
-0.167280
-0.190326
-0.125424
0.009890
0.081453
0.079241
0.056442
0.022380
-0.030237
-0.037876
0.057942
0.174647
0.193419
0.130369
0.039946
-0.036783
-0.098695
-0.118229
-0.048454
0.031811
0.058992
0.026106
-0.039934
-0.077213
-0.089879
-0.071222
-0.023288
0.025131
0.051410
0.061912
0.065825
0.059166
0.042692
0.007735
-0.021984
-0.024853
0.010304
0.031549
0.009378
-0.052595
-0.083220
-0.060482
-0.034039
-0.005199
0.022151
0.027036
0.016395
-0.010565
-0.022025
0.011405
0.039585
0.061371
0.034415
-0.020462
-0.066184
-0.081665
-0.043663
0.009443
0.059268
0.081505
0.046704
-0.007639
-0.041870
-0.042912
-0.009110
0.000630
0.005290
0.013418
0.001073
-0.017466
-0.040094
-0.030046
-0.007321
-0.004434
-0.003988
0.004590
0.010384
0.002339
-0.021172
-0.034857
-0.032427
-0.021880
-0.010490
0.001292
0.019210
0.011644
-0.010539
-0.033694
-0.033729
-0.010002
0.007344
