0.000236
-0.000008
-0.000567
-0.000663
-0.000642
-0.000627
-0.000161
-0.000097
-0.000267
-0.000132
-0.000223
-0.000207
0.000352
0.000756
0.000602
0.000267
-0.000021
-0.000114
-0.000010
-0.000257
-0.000466
-0.000169
0.000193
0.000235
0.000129
0.000085
-0.000006
-0.000034
0.000009
0.000180
-0.000400
-0.000170
-0.000395
-0.000469
-0.000627
-0.001200
-0.000961
-0.001398
-0.001847
-0.002436
-0.002878
-0.003500
-0.003523
-0.004920
-0.005106
-0.006575
-0.006420
-0.008786
-0.007832
-0.009142
-0.007404
-0.006267
-0.002124
-0.002919
-0.001036
0.011674
-0.002925
-0.000762
0.011031
0.011030
0.001419
0.025578
0.052095
0.048247
0.030065
0.019882
0.015921
-0.023239
-0.057717
-0.047267
-0.007698
0.011516
0.003222
-0.005890
0.002141
-0.011863
-0.042045
-0.051386
-0.012515
0.028567
0.040550
0.025757
0.015289
-0.020622
-0.031482
-0.039643
-0.018806
0.045604
0.053973
0.092150
0.060543
0.001681
-0.055560
-0.067093
-0.031206
0.018608
0.044316
0.058424
0.047976
-0.025285
-0.081788
-0.111724
-0.043860
0.028747
0.066397
0.054977
0.029140
-0.018085
-0.043887
-0.044139
-0.001658
0.047621
0.050245
0.027365
-0.019278
-0.020704
-0.049911
-0.028672
-0.027709
-0.047365
-0.064903
-0.063960
-0.041564
-0.012484
-0.019278
-0.034859
0.019609
0.025270
0.034410
0.024760
0.047432
0.043193
0.040023
0.034107
0.035104
0.035329
-0.007317
-0.023145
-0.072573
-0.103901
-0.078973
0.012108
0.106019
0.139146
0.067556
-0.023774
-0.089756
-0.092402
-0.030144
0.056669
0.128507
0.114847
0.037919
-0.055761
-0.090823
-0.063110
0.010225
0.051200
0.055289
0.029419
-0.018994
-0.056178
-0.077459
-0.060172
-0.037481
-0.025289
-0.016123
0.012707
0.031777
0.027434
-0.016834
-0.064022
-0.091551
-0.073699
-0.025656
0.031482
0.116156
0.165384
0.121072
0.024433
-0.052072
-0.096775
-0.094835
-0.032446
0.079865
0.166306
0.175847
0.052772
-0.041050
-0.089123
-0.096712
-0.027097
0.068050
0.106382
0.004512
-0.107150
-0.115702
-0.056270
-0.017304
0.049901
0.072591
0.039470
-0.060102
-0.074180
0.005737
0.116857
0.175693
0.084486
-0.054295
-0.208768
-0.281569
-0.225488
-0.001044
0.178190
0.269726
0.125835
-0.067254
-0.198747
-0.230554
-0.060684
0.076758
0.166815
0.106247
0.004413
-0.144908
-0.122041
-0.075220
0.018862
0.060214
0.155687
0.297221
0.148692
0.219284
0.100079
-0.004318
0.018392
-0.057355
-0.207024
-0.396879
-0.359101
-0.098262
0.049040
0.043198
0.208374
0.204003
0.055055
-0.171112
-0.164756
0.133297
0.200721
0.295458
0.286263
0.006074
-0.288544
-0.402793
-0.399776
-0.242337
-0.002544
0.336102
0.496722
0.105509
-0.167878
-0.175838
-0.066642
-0.100133
-0.091643
0.040125
0.377497
0.387558
0.050501
-0.172096
-0.261492
-0.261133
-0.243196
0.061880
0.336931
0.412989
0.183454
-0.050295
-0.278897
-0.383111
-0.281688
0.075513
0.404437
0.319305
0.150709
-0.082646
-0.178337
-0.164467
-0.129796
0.114104
0.242421
0.084680
-0.091143
-0.255663
-0.233779
-0.112215
-0.066742
0.179220
0.235329
0.145863
0.160538
0.125339
0.102650
-0.112159
-0.385964
-0.311355
-0.063092
0.171673
0.226942
0.117862
-0.006304
-0.290518
-0.485063
-0.379567
0.016139
0.377930
0.498763
0.404029
0.165411
-0.170809
-0.368614
-0.309483
-0.071352
0.178669
0.253070
0.148373
-0.060815
-0.254154
-0.303060
-0.096739
0.116133
0.256691
0.210724
0.066501
-0.050735
-0.118670
-0.080995
0.046278
0.103616
0.023887
-0.019488
-0.064382
-0.027910
-0.007825
0.016664
0.090300
0.099255
0.072059
-0.039526
-0.114019
-0.127819
-0.065452
0.028943
0.077718
0.059350
0.045859
0.015946
-0.001415
-0.009954
-0.060619
-0.042176
-0.005359
0.094742
0.107780
0.059045
-0.024552
-0.070842
-0.048936
0.022834
0.102003
0.114155
0.085802
0.022204
0.009517
-0.034226
-0.077088
-0.097717
-0.110303
-0.149855
-0.190069
-0.218797
-0.209800
-0.133531
-0.001680
0.214980
0.305647
0.247096
0.101909
-0.069054
-0.090353
-0.013057
0.136438
0.233430
0.187962
0.074959
-0.019632
-0.048980
0.022181
0.110594
0.178531
0.132190
-0.087575
-0.309149
-0.554221
-0.634243
-0.447828
-0.102724
0.201068
0.338157
0.294359
0.120869
-0.113328
-0.227775
-0.066227
0.231248
0.450444
0.413708
0.214583
-0.086786
-0.380055
-0.538774
-0.417508
-0.047756
0.298889
0.414626
0.267956
0.022729
-0.193026
-0.284098
-0.162347
0.093081
0.254590
0.205947
0.015534
-0.109397
-0.130848
-0.137542
-0.105277
0.010542
0.183160
0.241555
0.116038
-0.038925
-0.123248
-0.107122
-0.063947
-0.042833
-0.018741
-0.029388
-0.045000
-0.039679
-0.015801
0.042509
0.080034
0.069991
0.092539
0.097207
0.036739
-0.088431
-0.187510
-0.138598
-0.000319
0.122726
0.126978
0.067023
0.007927
-0.046911
-0.065069
-0.031481
0.022238
0.054378
0.021781
-0.019725
-0.034231
-0.037249
-0.061872
-0.072431
0.002884
0.053326
0.054312
0.006937
-0.016108
0.002563
0.020192
0.016032
0.011658
0.026769
0.026414
0.001912
-0.044639
-0.051466
-0.037125
0.004029
0.014563
0.017799
0.015004
-0.004832
-0.015278
-0.011851
0.035304
0.069469
0.052358
0.000283
-0.029177
-0.035926
-0.035992
-0.043897
-0.014762
0.014165
0.031777
0.029088
0.008694
0.006053
-0.012101
-0.028218
-0.032331
-0.008260
0.024073
0.040184
0.022325
-0.000322
-0.013948
-0.018909
-0.004059
0.017342
0.029195
0.026734
0.013392
-0.009894
0.001228
0.002174
-0.009456
