-0.000874
-0.000858
-0.000319
-0.000143
0.000175
0.000438
0.000427
-0.000159
-0.000700
-0.000976
-0.000832
-0.000604
-0.000596
-0.000165
-0.000482
-0.000105
-0.000248
0.000040
-0.000963
-0.000536
-0.001318
-0.000989
-0.003051
-0.002613
-0.004340
-0.004774
-0.004504
-0.003168
-0.003481
0.000156
-0.000850
-0.001416
-0.007769
-0.006724
-0.010122
-0.034295
-0.013316
-0.019213
-0.007585
0.017015
0.058050
0.077649
0.073420
0.054341
0.013794
-0.030744
-0.071909
-0.053665
-0.027578
0.029169
0.048318
0.030697
-0.032538
-0.068782
-0.082107
-0.058191
0.004063
0.079350
0.123345
0.066026
-0.009638
-0.063369
-0.056505
-0.035324
0.030258
0.090260
0.084812
0.022840
-0.034705
-0.052865
-0.041104
-0.008317
0.026511
0.050486
0.028085
-0.025021
-0.056210
-0.035828
-0.013411
0.003107
0.006103
0.002280
-0.004661
-0.033199
-0.020261
-0.013515
-0.019851
-0.007327
-0.009605
-0.022904
-0.011176
-0.021139
-0.025570
-0.016117
-0.016833
0.017687
0.055034
0.042740
0.040918
0.030208
-0.006864
-0.014481
-0.037991
0.078236
0.140689
0.028136
-0.015577
-0.052009
-0.162028
-0.093138
-0.058866
0.048963
0.134655
-0.000109
-0.029184
-0.096785
-0.128253
-0.069248
0.064894
0.136935
0.126815
0.019150
-0.078468
-0.105037
-0.101819
-0.023436
0.027536
0.039093
0.016129
0.001226
0.001290
-0.013079
-0.045852
-0.002996
0.022084
-0.013761
-0.014804
0.045288
0.114385
0.065817
-0.029297
-0.081015
-0.087711
-0.045353
0.051938
0.159623
0.197380
0.070285
-0.115313
-0.148061
-0.080073
0.046360
0.143325
0.157851
0.130370
-0.024750
-0.173482
-0.170191
-0.077707
0.023767
0.089520
0.086012
0.004358
-0.104793
-0.104085
-0.019756
0.029215
-0.008716
-0.039606
0.001824
-0.055190
-0.064851
0.047252
0.126199
0.056753
-0.073146
-0.089081
-0.019866
-0.048797
-0.075615
0.018461
0.115648
0.119980
0.040651
0.047487
0.084310
0.085491
0.060832
0.010734
0.078760
0.095020
0.016068
-0.050240
-0.189427
-0.223183
-0.235850
-0.159959
0.073206
0.180867
0.011191
-0.144247
-0.244324
-0.242068
-0.128433
0.074566
0.376068
0.406850
0.132939
-0.186759
-0.296142
-0.211750
0.061263
0.304882
0.462595
0.269472
-0.142774
-0.370502
-0.429663
-0.191570
0.168229
0.354612
0.299509
0.028790
-0.239911
-0.270054
-0.137096
0.073590
0.237433
0.195238
0.050448
-0.081508
-0.125378
-0.104224
-0.024637
0.049820
0.065194
0.087728
0.047377
0.066654
-0.019779
-0.002047
-0.025168
-0.033771
0.026255
0.044251
0.094620
0.043938
-0.049844
-0.139056
-0.192198
-0.159004
0.088096
0.296127
0.283138
-0.031341
-0.231848
-0.272600
-0.094932
0.139901
0.270250
0.289098
0.072530
-0.210276
-0.367973
-0.230259
0.019631
0.264989
0.359261
0.216414
-0.072141
-0.251106
-0.190694
0.005487
0.072458
0.006945
-0.001782
-0.002454
-0.015813
-0.010474
0.034587
0.076885
0.061503
-0.004440
-0.047913
-0.011099
0.025386
0.039676
-0.027232
-0.111155
-0.179239
-0.207089
-0.079935
0.086395
0.148968
0.078108
0.020738
0.100600
0.169221
0.033465
-0.142770
-0.227106
-0.174125
-0.024416
0.110438
0.164808
0.063061
-0.095880
-0.167546
-0.123988
0.032918
0.257017
0.363893
0.270342
-0.020511
-0.276242
-0.290697
-0.146831
0.068117
0.185843
0.125111
-0.026907
-0.189469
-0.177211
-0.002449
0.151602
0.161446
0.060947
-0.085655
-0.175011
-0.166030
-0.059057
0.095112
0.133097
0.109649
0.049502
0.003851
-0.014871
-0.023260
-0.040020
-0.058175
-0.065620
-0.074832
-0.101580
-0.107951
-0.080025
-0.049540
0.028919
0.134113
0.182294
0.155510
0.102018
0.089062
0.155995
0.190046
0.202433
0.144790
-0.032697
-0.240641
-0.372355
-0.425897
-0.387339
-0.166430
0.083164
0.196766
0.158218
0.100002
0.046555
-0.052389
-0.118803
-0.056653
0.108636
0.224637
0.223027
0.134341
-0.030701
-0.213480
-0.305397
-0.187165
0.104425
0.307100
0.276853
0.082041
-0.143810
-0.242686
-0.185566
-0.020423
0.142540
0.145613
0.023037
-0.106586
-0.127845
-0.003907
0.121295
0.152050
0.087648
-0.011088
-0.065995
-0.100509
-0.075106
0.032600
0.111048
0.059456
-0.091696
-0.192361
-0.144891
-0.001220
0.104205
0.100625
0.047614
0.006933
-0.000340
0.010496
0.038491
0.021500
-0.044434
-0.101908
-0.110423
-0.015968
0.089157
0.087287
0.021912
-0.034647
-0.061515
-0.021861
-0.004397
0.026199
0.048798
0.004716
-0.044687
-0.071415
-0.037423
0.034705
0.090054
0.064714
0.014521
-0.022803
-0.017518
-0.016429
-0.015633
0.011986
0.009657
-0.001861
-0.018413
-0.011249
0.012953
-0.004902
-0.035759
-0.030190
0.007147
0.060041
0.042128
-0.005200
-0.028371
-0.018854
0.014094
0.032989
0.038960
0.013226
-0.027579
-0.055508
-0.050662
-0.013954
0.029198
0.043947
0.009589
-0.050661
-0.083016
-0.083082
-0.053471
-0.010893
0.011703
0.021056
0.000438
-0.016530
-0.003257
0.020801
0.064284
0.070878
0.058118
0.042385
0.015897
-0.006012
-0.026212
-0.012348
0.009829
0.015269
-0.003282
-0.023870
-0.034138
-0.028653
-0.015809
0.005833
0.037975
0.037747
0.005895
-0.041467
-0.069037
-0.045021
-0.018485
-0.000137
0.026985
0.035413
0.022055
-0.009486
-0.019116
-0.011110
0.002157
0.021929
0.035321
0.029577
0.002226
