-0.005868
-0.012775
-0.010397
-0.006100
0.001666
-0.002609
0.001836
0.003786
-0.001987
-0.002298
0.005230
-0.001037
0.004039
-0.001892
-0.002360
0.015684
-0.006853
-0.015306
0.001546
-0.007804
-0.013614
-0.007686
0.016474
0.023384
-0.006158
-0.012491
-0.011182
-0.020776
-0.025113
-0.002251
0.017890
0.046501
0.018213
-0.024065
-0.037713
-0.036728
-0.006140
0.013364
0.046816
0.061148
0.024445
-0.021476
-0.055087
-0.074528
-0.031724
0.035519
0.083978
0.057914
0.001451
-0.046186
-0.085940
-0.052668
0.001446
0.047144
0.083979
0.085178
0.038147
-0.045102
-0.092405
-0.062881
-0.000978
0.037948
0.038861
0.028900
0.014077
-0.003407
-0.025013
-0.047831
-0.032872
0.002787
0.034696
0.051615
0.037913
0.020214
-0.016693
-0.045730
-0.038678
-0.012481
0.023467
0.036104
0.022338
0.004486
-0.013391
-0.032940
-0.022439
0.000494
0.018554
0.021837
0.002564
-0.006386
-0.003648
-0.009622
-0.002712
0.005718
0.006154
0.003561
-0.001392
0.012998
0.018384
0.021081
0.007945
-0.004857
-0.003770
0.017260
0.031630
0.024007
-0.020382
-0.077024
-0.100695
-0.103240
-0.051288
0.028598
0.126520
0.126168
0.057863
-0.000467
-0.058371
-0.074316
-0.044669
0.040781
0.117085
0.092077
-0.021077
-0.115953
-0.165200
-0.144079
-0.075380
0.026897
0.148154
0.207108
0.135772
-0.024911
-0.149822
-0.167866
-0.078106
0.035847
0.117952
0.148529
0.105751
-0.008823
-0.131880
-0.181898
-0.119484
0.015598
0.137667
0.184930
0.119573
-0.011478
-0.137935
-0.181965
-0.089425
0.071751
0.208407
0.216503
0.110983
-0.078411
-0.259430
-0.262837
-0.178459
-0.090894
0.047547
0.176816
0.156100
0.024944
-0.094419
-0.078919
0.020684
0.087442
0.152676
0.140256
0.056619
-0.024120
-0.080171
-0.095955
-0.072588
-0.052658
-0.034571
-0.022920
-0.007456
0.020866
0.038519
0.039484
0.020892
-0.011215
-0.011945
-0.001557
-0.004217
0.057536
0.062259
0.019443
0.001933
-0.031886
-0.050813
-0.069350
0.006925
0.113214
0.093085
0.045171
-0.005632
-0.088023
-0.189449
-0.213559
-0.093570
0.089328
0.199157
0.236682
0.172569
0.013243
-0.144479
-0.226031
-0.163756
-0.007989
0.170128
0.237888
0.107794
-0.146079
-0.241910
-0.187319
-0.081974
0.100092
0.251541
0.279032
0.073614
-0.143118
-0.193510
-0.132824
0.012246
0.126147
0.160481
0.041429
-0.145862
-0.185666
-0.077187
0.062965
0.133011
0.118479
0.037648
-0.119426
-0.208323
-0.153004
0.011410
0.162950
0.161097
0.102031
0.014247
-0.031254
-0.047589
-0.086190
-0.063697
-0.015572
0.043785
0.071516
0.050290
0.017668
-0.050721
-0.103907
-0.093533
-0.032337
0.036919
0.068256
0.061047
0.020724
-0.063891
-0.108645
-0.102851
-0.070126
-0.019557
0.019094
0.061988
0.103585
0.135456
0.151146
0.150482
0.071813
-0.021763
-0.140973
-0.191363
-0.120658
-0.039835
0.026422
0.027818
-0.016150
-0.061280
-0.076528
-0.024746
0.088542
0.141844
0.104440
0.029276
-0.021612
-0.020996
0.017265
0.030713
-0.020540
-0.084908
-0.122202
-0.086702
-0.011551
0.067118
0.127604
0.113797
0.030315
-0.064128
-0.093289
-0.072362
-0.036022
-0.012917
0.000098
0.013431
0.012655
0.027267
0.043298
0.041669
0.047114
0.046801
0.020004
-0.008647
0.009890
0.061347
0.065753
0.002936
-0.088635
-0.116780
-0.085944
-0.032996
0.042394
0.077110
0.078152
0.033284
-0.040733
-0.073091
-0.080454
-0.067171
-0.042518
-0.015403
0.018885
0.030803
0.012703
-0.002436
0.004888
0.030806
0.053414
0.060279
0.068945
0.075061
0.050134
-0.004006
-0.045617
-0.050226
-0.034459
-0.027600
-0.014267
-0.003107
-0.011099
-0.042647
-0.081664
-0.071096
-0.015978
0.041983
0.059792
0.032233
0.019235
0.025656
0.028432
0.018786
0.004879
0.009025
0.006113
-0.005764
-0.006340
0.008848
0.017204
-0.001439
-0.034219
-0.052957
-0.049937
-0.026877
-0.003228
0.026929
0.051715
0.050397
0.021504
-0.025147
-0.040203
-0.018706
0.001384
0.007818
0.013989
0.017981
0.013085
-0.011505
-0.031855
-0.032956
-0.017405
