-0.011905
0.003544
0.022537
0.026555
0.013436
-0.001554
-0.008074
0.000487
-0.001830
-0.010972
-0.015162
-0.021417
-0.023476
-0.010326
0.020721
0.035206
0.025084
0.001477
-0.021747
-0.029634
-0.015550
0.012941
0.045114
0.050178
0.024308
-0.027620
-0.054742
-0.047256
-0.021334
0.013290
0.049205
0.043435
0.002911
-0.019247
-0.045362
-0.054986
-0.044627
0.020382
0.059235
0.046604
0.021184
0.018392
0.007524
-0.013879
-0.026351
-0.005928
0.059473
0.057881
0.023386
0.004482
-0.035032
-0.095679
-0.093586
-0.038491
0.047074
0.072491
0.068843
0.068117
-0.009353
-0.085766
-0.103778
-0.050257
0.044257
0.095370
0.061153
0.012628
-0.040926
-0.081788
-0.111496
-0.083146
0.025286
0.068944
0.062323
0.043984
0.007102
-0.030035
-0.048040
-0.028666
0.015323
0.023757
0.016504
0.030088
0.038714
0.022151
-0.019363
-0.035140
-0.028597
-0.013124
-0.003882
0.012538
0.023682
0.028191
0.004781
-0.048611
-0.054008
-0.045829
-0.023730
0.046221
0.097490
0.042270
-0.033016
-0.025888
0.017099
0.026245
0.011935
0.030334
0.044028
0.003722
-0.034668
-0.033834
-0.034396
-0.018003
0.013802
0.040349
0.040783
0.002099
-0.022462
-0.041678
-0.054359
-0.023270
0.005857
0.044018
0.054752
0.019279
-0.000790
-0.065878
-0.109712
-0.076457
-0.010337
0.073680
0.103409
0.063526
0.002775
-0.064675
-0.084623
-0.045159
0.010000
0.041195
0.011478
-0.012716
-0.014111
-0.026380
-0.031400
0.030187
0.073144
0.044062
-0.027830
-0.063230
-0.031927
-0.004079
0.012747
0.034483
0.042597
0.003233
-0.039756
-0.066832
-0.039014
-0.020750
0.025828
0.067159
0.084947
0.063049
-0.001787
-0.049067
-0.061662
-0.050918
-0.019214
0.041871
0.066856
0.108441
0.026086
-0.044183
-0.055912
-0.023966
0.009937
0.017551
0.018467
0.001770
-0.041555
-0.034010
0.004500
-0.004471
0.013120
-0.029850
0.030039
0.014849
-0.000118
0.043780
0.051061
0.027793
-0.020006
-0.044251
-0.014731
-0.009496
-0.046238
-0.029390
-0.057795
-0.037087
-0.044355
0.025949
0.081437
0.026266
-0.009193
-0.074253
-0.102565
-0.010725
0.094280
0.135458
0.093463
-0.011211
-0.015067
-0.098694
-0.125403
0.009981
0.082527
0.067230
-0.031930
-0.121769
-0.085954
-0.063287
0.023833
0.160018
0.130766
0.034260
-0.076055
-0.099107
-0.019384
0.046919
0.106384
0.138042
0.050083
-0.050512
-0.142721
-0.110831
-0.038350
-0.004250
0.050553
0.028553
0.010385
-0.027909
-0.059349
-0.017603
0.026807
0.051172
0.064179
0.013829
-0.007213
0.000032
0.029038
0.093573
0.070642
0.071189
0.032288
-0.032509
-0.019044
-0.034306
-0.026383
-0.006430
-0.031238
-0.043620
-0.085778
-0.099582
-0.062396
-0.052709
-0.005297
0.023327
0.004633
0.008703
0.012694
0.048268
0.064522
0.036469
0.048901
-0.007132
-0.053842
-0.061428
-0.037924
0.019449
0.037774
0.056296
0.055692
-0.023859
-0.099276
-0.070600
0.036044
0.107889
0.092882
0.099999
0.061155
-0.045494
-0.157611
-0.163906
-0.052431
-0.000456
-0.005019
-0.009700
-0.017336
-0.047538
-0.058104
0.001074
0.094885
0.111339
0.054778
0.008205
-0.010126
-0.000194
0.012016
0.033940
0.043406
0.023122
-0.040644
-0.079353
-0.056554
0.007801
0.053622
0.038284
0.014393
-0.013893
-0.033776
-0.042296
-0.014760
0.028686
0.024311
-0.016928
-0.029423
-0.015929
0.014745
0.035521
0.041126
0.041315
0.022261
-0.020055
-0.050491
-0.021338
-0.018823
-0.027664
-0.029281
-0.012038
0.026923
0.017352
0.016425
0.030912
0.003590
0.000228
0.012683
0.030002
0.059138
0.033216
0.001440
-0.045619
-0.093516
-0.072972
-0.033513
0.025720
0.072433
0.057415
0.019555
-0.030594
-0.058527
-0.027155
0.011692
0.037766
0.046718
0.015547
-0.021449
-0.036290
-0.026196
-0.015955
-0.026338
-0.039974
-0.022569
0.011562
0.037803
0.043283
0.014847
-0.008028
-0.014198
-0.017641
-0.006019
0.022308
0.027529
0.006487
-0.019268
-0.042309
-0.026811
-0.018744
0.009664
0.045248
0.035295
0.009252
-0.034446
-0.038415
-0.000055
