-0.016605
-0.011996
0.000891
0.012819
0.015666
0.002024
-0.024781
-0.049125
-0.058655
-0.051808
-0.029570
0.006397
0.040483
0.051842
0.047384
0.043271
0.032691
0.012556
-0.001448
0.007370
0.025347
0.032285
0.028121
0.026260
0.017521
-0.009058
-0.039094
-0.050716
-0.031003
-0.002874
0.023878
0.034587
0.019358
-0.010793
-0.033232
-0.034127
-0.012992
0.018124
0.049584
0.066456
0.050196
0.013663
-0.016904
-0.015117
0.007173
0.027631
0.031460
0.022953
0.000188
-0.028615
-0.039382
-0.034941
-0.022801
-0.000263
0.022209
0.028010
0.014970
0.002858
0.000997
0.002411
0.003129
0.004874
0.006540
0.007245
0.000625
-0.018161
-0.040221
-0.053414
-0.043566
-0.020902
0.007485
0.033043
0.040807
0.025116
0.002267
-0.015449
-0.014526
0.001960
0.017599
0.024489
0.015847
0.002647
-0.014677
-0.036122
-0.054557
-0.057361
-0.039666
-0.010099
0.016371
0.030305
0.027674
0.012908
-0.006172
-0.021560
-0.015943
0.009638
0.041438
0.060013
0.055341
0.022180
-0.016547
-0.015899
-0.016270
-0.016003
-0.001649
-0.009652
-0.043116
-0.063543
-0.023629
0.035124
0.073706
0.073831
0.048554
-0.008419
-0.088687
-0.118667
-0.044348
0.085617
0.166832
0.134256
0.029489
-0.077018
-0.151655
-0.150099
-0.058706
0.086393
0.185037
0.172323
0.057544
-0.072282
-0.136438
-0.094774
0.011831
0.104643
0.102497
0.018654
-0.093761
-0.182945
-0.185160
-0.130412
-0.037219
0.065108
0.120726
0.084374
0.010627
-0.017397
0.010020
0.020400
-0.015463
-0.030680
-0.026421
-0.019441
-0.025608
-0.063340
-0.094327
-0.113552
-0.115719
-0.044661
0.065868
0.153624
0.163373
0.095788
-0.000701
-0.101523
-0.132034
-0.046855
0.098892
0.175189
0.124474
-0.011129
-0.123277
-0.155841
-0.108538
-0.012945
0.075813
0.118149
0.072997
-0.014310
-0.086117
-0.100242
-0.053848
0.027089
0.092811
0.099360
0.051628
0.003788
0.002134
0.014402
0.011959
-0.001228
-0.006120
0.005188
0.012467
0.003336
-0.013075
-0.021245
-0.010711
0.010453
0.030554
0.039261
0.024598
-0.003053
-0.028923
-0.044340
-0.039685
-0.016135
0.010216
0.017662
-0.001146
-0.028238
-0.036051
-0.020000
0.018874
0.057614
0.066612
0.037516
-0.013045
-0.058485
-0.071419
-0.054018
-0.022271
0.001752
0.008773
-0.004261
-0.031374
-0.039049
-0.037078
-0.018727
0.008445
0.013653
0.005357
-0.008137
-0.019983
-0.016527
-0.015514
0.002632
0.023421
0.016508
0.001221
-0.011560
0.000169
0.025815
0.037835
0.030611
0.012079
-0.018690
-0.031990
-0.023475
0.003948
0.036793
0.043048
0.032420
0.003693
-0.037329
-0.062658
-0.053517
-0.026277
-0.002254
-0.006833
-0.014186
-0.015886
-0.012074
-0.000088
0.006527
0.015268
0.027152
0.044254
0.056488
0.055948
0.041023
0.022842
-0.001293
-0.021742
-0.034398
-0.029247
-0.000908
0.021023
0.018413
0.006099
-0.010642
-0.016524
