-0.012638
0.004064
0.014138
0.021176
0.015006
0.005393
0.001259
0.012214
0.031509
0.029440
0.006001
-0.013845
-0.027522
-0.030701
-0.015174
0.009096
0.026193
0.018342
-0.008110
-0.033538
-0.046440
-0.045713
-0.009229
0.033794
0.035131
0.001193
-0.029258
-0.030824
-0.018721
0.007040
0.037115
0.049768
0.037772
-0.004576
-0.039005
-0.027227
0.014619
0.041026
0.043869
0.020999
-0.022816
-0.054704
-0.059873
-0.042266
-0.009456
0.031472
0.050882
0.032139
-0.001468
-0.017109
-0.022437
-0.024591
-0.021782
0.007474
0.052577
0.074490
0.070487
0.030278
-0.028630
-0.059894
-0.053789
-0.029192
-0.009693
0.006295
0.020122
-0.002937
-0.052507
-0.057441
-0.001772
0.056513
0.072586
0.047822
0.000791
-0.060091
-0.094050
-0.053640
0.026605
0.081572
0.066480
-0.006143
-0.075978
-0.113893
-0.088212
0.000378
0.096468
0.149907
0.113668
0.007130
-0.095274
-0.144956
-0.106359
-0.003078
0.107400
0.143714
0.090975
-0.006882
-0.073465
-0.079824
-0.037126
0.044903
0.117867
0.127829
0.076659
-0.022565
-0.103055
-0.070096
-0.050228
-0.006142
0.046965
0.021384
-0.020605
-0.077251
-0.133982
-0.124188
-0.058333
0.041264
0.102266
0.072354
0.052892
-0.022339
-0.161529
-0.236170
-0.179268
-0.012258
0.179788
0.264368
0.218678
0.061141
-0.116088
-0.188967
-0.140806
0.015027
0.189808
0.272919
0.198258
0.007173
-0.185121
-0.248702
-0.152948
0.003276
0.098865
0.108161
0.054148
-0.016989
-0.080641
-0.111431
-0.082441
0.006751
0.098273
0.113907
0.048534
-0.048163
-0.094778
-0.039220
0.014240
0.036080
0.066233
0.029191
0.012470
-0.011108
-0.061439
-0.070439
-0.033798
0.067291
0.122213
0.063037
-0.032325
-0.120290
-0.120827
-0.011147
0.112175
0.169400
0.108555
0.025181
-0.035163
-0.073213
-0.064057
-0.004080
0.062432
0.096667
0.062582
-0.019584
-0.075986
-0.073659
-0.027881
0.006825
0.029806
0.031314
-0.009463
-0.063464
-0.083697
-0.064955
-0.018856
0.028623
0.053996
0.049994
0.031863
0.006517
-0.020051
-0.041600
-0.033976
0.013470
0.049694
0.039857
-0.008671
-0.059877
-0.061119
-0.018265
0.024778
0.071636
0.071754
0.043734
-0.001511
-0.027925
-0.015459
-0.019593
-0.031528
-0.039225
-0.042050
-0.030788
-0.024308
-0.009958
0.029184
0.024853
0.005238
-0.031532
-0.047973
-0.017995
0.050491
0.088506
0.060458
-0.007587
-0.081480
-0.110587
-0.088057
-0.005311
0.084617
0.107813
0.055964
-0.001813
-0.044830
-0.035674
0.011709
0.032564
0.026731
-0.018059
-0.102678
-0.153309
-0.101799
0.029551
0.124138
0.128793
0.101384
0.047150
-0.056331
-0.126650
-0.064616
0.073399
0.153225
0.118667
0.023764
-0.073941
-0.142755
-0.149903
-0.060628
0.076421
0.165900
0.161285
0.087441
0.003821
-0.043077
-0.041176
0.024592
0.122985
0.166652
0.136287
0.046849
-0.042036
-0.129718
-0.209594
-0.253348
-0.245910
-0.209423
-0.142493
-0.068982
-0.008520
0.042818
0.062867
0.063466
0.045320
0.058035
0.120731
0.182388
0.173444
0.088525
-0.008025
-0.064970
-0.094755
-0.076396
-0.015498
0.018221
-0.011450
-0.072089
-0.076891
-0.000562
0.087467
0.125645
0.099901
0.030017
-0.046772
-0.096340
-0.062897
0.037749
0.110688
0.094371
0.012469
-0.064913
-0.095022
-0.078330
-0.026788
0.031477
0.058305
0.032513
-0.022635
-0.077342
-0.080341
-0.035565
0.016027
0.058695
0.076922
0.081748
0.063124
0.020438
-0.017738
-0.042380
-0.057090
-0.046488
-0.024077
0.002639
0.015569
-0.002477
-0.027852
-0.031142
-0.012630
0.026639
0.051508
0.049624
0.034848
-0.000706
-0.027425
-0.030150
-0.015230
0.005835
0.013548
0.008808
0.006015
-0.001746
-0.007353
-0.010213
-0.011452
-0.005442
0.001567
0.004377
