0.026281
-0.003053
0.001335
-0.006400
-0.017618
-0.006925
0.018397
0.017201
0.005017
-0.011792
-0.004287
-0.017653
-0.019322
0.004953
0.017698
0.030591
0.002511
0.028763
-0.003974
0.010439
0.006026
-0.015666
-0.027275
-0.079160
0.001797
0.049104
0.017061
0.027992
0.030476
-0.001680
-0.030192
-0.084724
0.045976
0.083334
-0.019250
-0.002411
-0.009311
0.003880
-0.061307
-0.093585
0.039121
0.081967
0.016886
0.002514
0.019527
0.018439
-0.048923
-0.041091
0.001831
-0.043331
-0.018939
-0.037745
-0.005442
0.034745
0.003687
0.096079
0.036465
-0.044574
0.004704
-0.038158
-0.042490
-0.055092
-0.030286
0.129415
0.104373
-0.065370
-0.112128
-0.101857
-0.030394
0.015346
0.021275
0.083948
0.097944
0.051457
-0.051809
-0.127049
-0.044097
0.030421
0.051030
0.087444
0.059169
-0.043723
-0.113471
-0.077098
0.006789
0.028060
-0.008062
0.064028
0.052577
0.044266
-0.033704
-0.032195
0.018351
-0.024212
0.034854
0.032354
-0.035911
-0.060489
-0.046648
0.009734
0.097235
-0.012090
0.002392
0.067865
-0.002228
-0.018448
-0.072305
-0.037240
0.071083
0.067405
0.028322
-0.041197
-0.101968
-0.107522
-0.027496
0.059834
0.100630
0.096063
0.061874
0.009630
0.015959
0.008729
-0.013059
-0.031195
-0.084471
-0.078824
-0.039783
-0.019026
0.001697
0.059250
0.057434
-0.006757
-0.061872
-0.024908
0.024351
0.065008
0.074374
0.062686
-0.007556
-0.087763
-0.114901
-0.070763
-0.045654
-0.006902
0.062168
0.093404
0.081697
0.012938
-0.024457
-0.050215
-0.000506
-0.046752
-0.060298
0.016739
0.014178
-0.018718
-0.034635
-0.000066
0.057178
0.015744
-0.019541
0.043041
0.067461
0.067276
0.023820
-0.007374
0.009061
-0.013623
-0.054159
-0.084447
-0.103680
0.003458
0.082184
0.160482
0.185929
0.033298
-0.096313
-0.136140
-0.140599
-0.035711
0.069359
0.063492
0.036626
-0.053303
-0.048104
-0.032978
-0.023426
0.061248
0.138915
0.099742
0.001786
-0.061534
-0.132059
-0.136116
-0.128315
-0.043765
0.049156
0.062423
0.045108
-0.010024
0.013733
0.075739
0.069531
0.030421
0.019850
-0.013909
-0.071258
-0.052504
0.047501
0.049469
-0.019761
-0.065219
-0.048325
-0.015028
-0.001398
0.048097
0.066990
0.048265
0.022222
0.015845
-0.050220
-0.099618
-0.094134
-0.021380
0.066208
0.097228
0.088555
0.052533
-0.003945
-0.059376
-0.059367
-0.007298
0.082677
0.104932
0.051486
-0.025182
-0.079098
-0.084494
-0.059190
-0.013965
0.043012
0.068919
0.055538
0.034058
-0.014351
-0.063560
-0.063978
-0.013900
0.047283
0.054467
0.016863
-0.029139
-0.050550
-0.039949
0.001236
0.049691
0.054648
0.039359
0.002264
-0.024114
-0.030524
-0.028848
-0.004210
-0.013093
0.000857
0.010671
-0.004022
0.009249
0.002804
-0.028166
-0.050950
-0.035818
0.005401
0.026086
-0.018938
-0.045118
-0.044282
-0.029227
0.004810
0.024623
0.042496
0.053059
0.028948
-0.027554
-0.059180
-0.041582
-0.012039
-0.016663
-0.003309
0.020624
0.013575
-0.039490
-0.072677
-0.053010
-0.009675
0.018088
0.025512
0.060548
0.065072
0.013869
-0.020899
-0.007869
0.032803
0.046900
0.011670
0.032663
0.055665
0.007647
-0.054650
-0.085134
-0.041965
-0.013107
-0.028745
-0.024565
-0.013717
-0.020111
-0.048155
-0.047262
-0.037866
0.001216
0.035457
0.015573
0.005587
0.035603
0.063846
0.044238
-0.013296
0.007570
0.076385
0.043198
-0.043166
-0.087747
-0.038361
0.007145
0.012177
0.027835
0.058806
0.046884
-0.024055
-0.070444
-0.025446
0.040216
0.052613
0.027847
0.014172
-0.002566
-0.059657
-0.115547
-0.085306
-0.011456
0.017961
0.024969
0.012374
0.031220
0.048797
0.021159
0.024430
0.026428
0.029933
0.044464
0.020831
0.000215
-0.033356
-0.056407
-0.055601
-0.058563
-0.025395
0.030294
0.057131
0.038882
0.004914
-0.007179
-0.014912
-0.015182
0.008757
0.048241
0.045077
-0.004821
-0.051783
-0.055161
-0.011566
0.008848
0.025474
0.031199
0.005198
0.009608
-0.005846
-0.013622
-0.011178
-0.019981
0.003923
-0.013822
-0.013698
-0.007278
-0.030204
-0.022733
-0.013255
0.008411
0.025713
0.011647
0.011396
