-0.025040
-0.010398
-0.004573
-0.002037
-0.002262
-0.002933
0.002971
-0.007665
-0.000756
0.003797
-0.010338
-0.019877
-0.029416
-0.009345
0.019511
0.026941
0.026109
0.010795
-0.014264
-0.034144
-0.058270
-0.059564
-0.041965
-0.027746
-0.002056
0.013919
0.040346
0.059864
0.038280
0.007169
-0.021205
-0.036741
-0.012120
0.021601
0.061098
0.077483
-0.000432
-0.085185
-0.136020
-0.130312
-0.054645
0.053080
0.145851
0.160157
0.070213
-0.036621
-0.101644
-0.088428
-0.001305
0.070211
0.141017
0.120331
-0.021191
-0.151884
-0.153975
-0.053480
0.054288
0.132194
0.174904
0.134182
-0.021241
-0.188068
-0.239246
-0.129435
0.028814
0.124632
0.132551
0.078084
-0.018902
-0.104649
-0.121677
-0.049393
0.061337
0.145982
0.169684
0.125210
0.043351
-0.057593
-0.120486
-0.109468
-0.084356
-0.077987
-0.016233
0.047223
0.066182
0.042327
-0.008572
-0.044731
-0.052266
-0.024766
-0.011389
-0.019880
0.009749
0.052280
0.012859
-0.042833
-0.030168
0.018181
0.048095
0.027691
0.006263
0.006389
-0.022581
-0.014654
0.028018
0.057182
0.055152
-0.011148
-0.078976
-0.118938
-0.116200
-0.038993
0.064341
0.151162
0.177220
0.066786
-0.033802
-0.111004
-0.095592
0.035843
0.101836
0.097868
-0.033202
-0.128448
-0.123578
-0.099321
-0.001411
0.122072
0.120297
0.027054
-0.130391
-0.232620
-0.151484
-0.019636
0.089381
0.108051
0.070414
-0.003811
-0.101148
-0.100013
0.057399
0.162024
0.140141
0.042816
-0.024342
-0.011352
0.006051
0.032902
0.034326
-0.033852
-0.124254
-0.141839
-0.064365
0.083043
0.138499
0.124385
0.041445
-0.047245
-0.122729
-0.101808
0.025252
0.123427
0.159738
0.074168
-0.015032
-0.068184
-0.089528
-0.046878
0.029970
0.068473
0.068121
-0.001743
-0.012564
-0.011945
-0.044216
-0.076759
-0.078826
0.005059
0.068591
0.086683
0.081967
0.045461
-0.010277
-0.042623
-0.049587
0.004423
0.066619
0.095062
0.055735
-0.023975
-0.063963
-0.068896
-0.021505
0.038411
0.049915
0.031659
-0.015127
-0.077405
-0.119051
-0.112541
-0.141378
-0.213235
-0.254349
-0.184923
-0.078448
0.052734
0.160786
0.222063
0.193211
0.062552
0.018350
0.041348
0.083195
0.107968
0.103197
0.068161
0.028703
-0.084209
-0.141641
-0.119663
-0.047568
0.007078
-0.011458
-0.028450
-0.015301
-0.008400
-0.015178
-0.008429
0.021126
0.057926
0.041225
0.014065
0.000120
0.012971
0.026727
0.033230
0.056980
0.072143
0.045266
0.006101
-0.019050
0.002252
0.068817
0.172157
0.164588
0.096317
0.039207
-0.125702
-0.303377
-0.300210
-0.147468
-0.007805
0.045012
0.082827
0.062356
-0.097461
-0.260400
-0.261742
-0.024659
0.242808
0.382733
0.390491
0.275496
0.039426
-0.245731
-0.368674
-0.201936
0.067443
0.223022
0.199834
0.049202
-0.132711
-0.287709
-0.309646
-0.138420
0.082120
0.208217
0.179235
0.040991
-0.073085
-0.154682
-0.163776
-0.084893
0.044572
0.153103
0.153091
0.064766
0.007989
-0.013777
-0.027462
-0.054627
-0.060853
-0.022066
0.031662
0.060672
0.014151
-0.039522
-0.055604
-0.032135
-0.005804
0.015468
0.048080
0.040473
-0.023537
-0.094534
-0.088371
-0.000338
0.057401
0.095690
0.118828
0.085164
0.019785
-0.057076
-0.071284
0.014335
0.091291
0.107516
0.055798
-0.030558
-0.082676
-0.108317
-0.071294
0.007623
0.059778
0.063158
0.025519
-0.014394
-0.017846
-0.002960
0.016843
0.032937
0.034956
0.025830
-0.009659
-0.046510
-0.053015
-0.029036
-0.001515
0.015895
0.004745
-0.007685
-0.003170
0.014526
0.022923
-0.007489
-0.040926
-0.039700
-0.029323
-0.030292
-0.001407
0.019075
0.012034
-0.034807
-0.049207
-0.013822
-0.005055
-0.010227
0.010446
0.030591
0.008186
-0.036108
-0.054638
-0.018829
-0.000159
0.009875
0.015922
0.007830
-0.007568
-0.026503
-0.037579
-0.018687
0.014857
0.033451
0.027934
0.008306
0.006939
0.007132
-0.003357
-0.013036
0.010660
0.046866
0.048411
0.010068
-0.021680
-0.022092
