0.000191
0.000784
0.001224
0.001888
0.002193
0.002072
0.001755
0.001377
0.000485
0.000128
-0.000092
-0.000036
0.000127
0.000105
-0.000843
-0.001464
-0.002508
-0.002290
-0.003715
-0.004028
-0.006084
-0.007681
-0.011482
-0.017831
-0.017253
-0.023998
-0.024915
-0.017823
-0.011813
-0.001012
0.021569
0.041466
0.060264
0.070015
0.071562
0.065447
0.034466
0.002434
-0.011486
-0.026366
-0.027873
-0.011489
-0.001990
0.008403
-0.012009
-0.033002
-0.046952
-0.040698
-0.012571
0.011858
0.038863
0.059008
0.031391
-0.012632
-0.021877
-0.015521
0.005552
0.023637
0.047934
0.042167
-0.001581
-0.036550
-0.042526
-0.019672
0.026376
0.056871
0.054175
0.026076
-0.015279
-0.043354
-0.051122
-0.027448
0.027687
0.065607
0.061921
0.015485
-0.046132
-0.075858
-0.066178
-0.025101
0.030028
0.056507
0.055258
0.012656
-0.053890
-0.102601
-0.111745
-0.050987
0.032852
0.087113
0.097565
0.086583
0.035598
-0.009563
-0.065847
-0.097454
-0.079028
-0.059271
-0.022087
0.041083
0.087024
0.070645
-0.000676
-0.075692
-0.089794
-0.081461
-0.022619
0.083794
0.156950
0.148523
0.046025
-0.112321
-0.210483
-0.169037
-0.028131
0.106414
0.154180
0.114231
0.015088
-0.099613
-0.163894
-0.115355
0.032861
0.176764
0.201436
0.080866
-0.082115
-0.185909
-0.179040
-0.069848
0.073172
0.165225
0.145780
0.028829
-0.105470
-0.166946
-0.120999
0.003515
0.119973
0.163805
0.088916
-0.033395
-0.133785
-0.161372
-0.079304
0.042088
0.127403
0.147203
0.104306
0.034297
-0.012260
-0.045631
-0.026673
0.010906
0.001176
-0.032679
-0.059370
-0.095491
-0.114488
-0.100712
-0.070155
-0.012025
0.062949
0.120374
0.094436
0.034343
-0.001064
-0.032806
-0.058365
-0.051667
-0.006733
0.068568
0.113190
0.048130
-0.094099
-0.180902
-0.141147
-0.047787
0.017632
0.051006
0.080105
0.051068
-0.061172
-0.149688
-0.115297
0.038676
0.177163
0.206898
0.112918
-0.025029
-0.121165
-0.128999
-0.024943
0.093790
0.120925
0.037869
-0.081252
-0.174069
-0.190832
-0.096460
0.104587
0.256280
0.218384
0.039956
-0.130853
-0.168123
-0.041887
0.157662
0.274697
0.230381
0.021317
-0.195103
-0.293218
-0.227606
-0.035353
0.146468
0.228510
0.179824
0.036288
-0.085845
-0.138800
-0.119174
-0.010079
0.080930
0.079787
0.002262
-0.077409
-0.087906
-0.041814
-0.010192
0.006578
-0.020371
-0.022796
0.034477
0.074076
0.046004
-0.024420
-0.084793
-0.092542
-0.062285
0.027655
0.163491
0.204344
0.137583
-0.049480
-0.083968
-0.062075
-0.040762
0.081141
0.110379
-0.011436
-0.156057
-0.202660
-0.133529
-0.020230
0.089786
0.254342
0.202143
-0.025861
-0.184245
-0.159492
0.050792
0.207467
0.148547
-0.020705
-0.131535
-0.199633
-0.186550
-0.049112
0.152796
0.197303
0.044157
-0.101523
-0.130158
-0.031733
0.101842
0.259743
0.252622
-0.012681
-0.302135
-0.328935
-0.151465
0.076570
0.196896
0.213373
0.111014
-0.075931
-0.177333
-0.171370
0.000523
0.114645
0.123689
0.033016
-0.046976
-0.113305
-0.110946
-0.009354
0.029946
-0.001235
-0.035467
-0.044496
-0.001217
0.066132
0.080978
0.087248
0.012590
-0.008378
0.022459
0.008810
-0.010140
-0.018037
0.041007
0.090467
0.082960
0.054023
0.014789
-0.016588
-0.051320
-0.061822
-0.025316
0.038913
0.070460
0.036167
-0.052757
-0.122393
-0.159465
-0.146248
-0.024061
0.120144
0.133979
0.055953
-0.013923
-0.066200
-0.074499
-0.077086
-0.008997
0.065333
0.130199
0.131427
0.072503
-0.049757
-0.159821
-0.162206
-0.035597
0.124648
0.214226
0.209161
0.018222
-0.192662
-0.276950
-0.210923
-0.081125
0.095836
0.205897
0.185504
0.006494
-0.138971
-0.128324
-0.024291
0.063334
0.101630
0.099055
0.047901
-0.029087
-0.116824
-0.116206
-0.056852
-0.001392
0.046976
0.086235
0.145802
0.166562
0.040085
-0.106074
-0.244033
-0.356657
-0.315850
-0.118881
0.088346
0.162136
0.111308
0.053842
-0.031958
-0.108695
-0.069100
0.127026
0.367400
0.459725
0.300707
0.007739
-0.246793
-0.377006
-0.328480
-0.127306
0.133569
0.246150
0.160517
-0.050714
-0.241209
-0.281046
-0.140182
0.114707
0.321551
0.331627
0.171755
-0.042936
-0.178328
-0.153575
-0.064766
0.021609
0.076418
0.085817
0.056224
-0.028564
-0.071552
-0.045914
-0.006262
0.005725
-0.041977
-0.045823
0.014950
0.067852
0.058221
-0.017027
-0.077937
-0.077420
-0.020740
0.056601
0.063779
0.000092
-0.079173
-0.122849
-0.077512
0.019066
0.101864
0.115949
0.080538
0.038617
0.014076
0.032987
0.056378
0.057997
0.039371
-0.005820
-0.062436
-0.091177
-0.084073
-0.027088
0.016562
0.026771
0.018807
-0.009218
-0.030827
-0.033272
0.005166
0.062446
0.078859
0.048540
0.021071
-0.013840
-0.030049
-0.043722
-0.042699
-0.022375
0.000368
0.016465
0.016730
-0.011740
-0.051600
-0.064647
-0.052976
0.004695
0.020256
0.007442
-0.009785
-0.007480
0.010462
0.011413
-0.004982
-0.017453
-0.003651
0.002165
0.009584
0.015415
0.009296
-0.016935
-0.031730
-0.026361
0.004454
0.013221
0.012243
0.021014
0.019563
0.022304
0.005179
0.003775
0.012045
-0.004444
-0.017575
-0.033774
-0.052258
