-0.016296
-0.015895
-0.021543
-0.015371
-0.002573
0.001517
0.009193
0.024106
0.040573
0.050073
0.049642
0.057272
0.047442
0.032840
0.014286
0.006164
-0.001779
0.002295
0.005149
-0.005270
-0.011380
-0.033062
-0.044333
-0.038064
-0.018332
-0.001076
0.013418
0.012239
0.010911
-0.004012
-0.012371
0.012400
0.032926
0.035498
0.012506
-0.020021
-0.026923
-0.009650
0.008980
0.023952
0.014434
-0.012372
-0.057428
-0.100167
-0.091634
-0.033833
0.033669
0.060261
0.033923
-0.013876
-0.048863
-0.053799
-0.024330
0.022610
0.060338
0.061397
0.021041
-0.023533
-0.048747
-0.043133
-0.018928
0.002862
0.009869
0.004610
-0.009613
-0.025378
-0.025663
-0.024579
-0.013011
-0.014186
-0.012188
0.009355
0.018538
0.022633
0.022282
0.006044
-0.013953
-0.020715
-0.013281
0.005942
0.001756
-0.014434
-0.031142
-0.045714
-0.041802
-0.026867
-0.013641
-0.004635
-0.004926
-0.019858
-0.033889
-0.022497
0.022299
0.062329
0.077154
0.050028
-0.003175
-0.050292
-0.062107
-0.027413
0.021515
0.048787
0.030321
-0.028518
-0.087495
-0.101240
-0.070282
-0.003891
0.053246
0.075002
0.056690
-0.012416
-0.063001
-0.047659
0.001373
0.043917
0.068069
0.058653
0.021145
-0.034590
-0.076017
-0.072666
-0.061235
-0.029053
0.011099
0.039842
0.048346
0.033988
0.000183
-0.023652
-0.022404
0.035973
0.083671
0.086557
0.055186
-0.015742
-0.075216
-0.091797
-0.023713
0.041937
0.101803
0.109971
0.018478
-0.143141
-0.229715
-0.185075
-0.041083
0.095708
0.145050
0.130975
0.024562
-0.081215
-0.128820
-0.066005
0.079129
0.171333
0.139765
0.063704
-0.020618
-0.081565
-0.078563
-0.043385
0.019053
0.051829
0.029794
0.010057
0.014123
0.033046
0.045993
0.028576
0.003801
-0.008639
-0.011639
0.013393
0.048265
0.068650
0.043522
0.005490
-0.012219
0.010346
0.039193
0.050820
0.043629
-0.008389
-0.036087
-0.053555
-0.027060
0.007035
0.028393
0.015776
-0.042403
-0.060302
-0.020440
0.050991
0.133859
0.141906
0.070353
0.016609
-0.042695
-0.075297
-0.051505
0.027829
0.108930
0.117010
0.040609
-0.046965
-0.116076
-0.150005
-0.120970
-0.023608
0.105665
0.129455
0.012790
-0.156915
-0.256195
-0.247031
-0.106823
0.114570
0.311201
0.373376
0.198098
-0.057496
-0.210883
-0.207703
-0.054766
0.122600
0.165885
0.068143
-0.110995
-0.257556
-0.276716
-0.187013
-0.003190
0.119663
0.090813
0.020718
-0.012310
0.007660
0.048320
0.059778
0.063762
0.043871
-0.001236
-0.012336
0.005905
0.052341
0.077365
0.037191
-0.038251
-0.059435
0.007569
0.034426
-0.014790
-0.073321
-0.168071
-0.238821
-0.175526
-0.030081
0.091882
0.135896
0.122151
0.058725
-0.041512
-0.068597
-0.002635
0.076086
0.137720
0.142739
0.067508
-0.027795
-0.116580
-0.189988
-0.204928
-0.166968
-0.075966
0.039764
0.100896
0.112841
0.071329
-0.013382
-0.046663
-0.034626
0.023883
0.090242
0.105295
0.066537
0.015639
-0.022036
-0.023189
-0.030541
-0.049725
-0.056566
-0.088358
-0.077875
-0.034152
0.035344
0.095110
0.086657
0.002705
-0.087133
-0.115201
-0.060949
0.015152
0.080586
0.118035
0.094867
0.027370
-0.032220
-0.047996
-0.004479
0.059893
0.123713
0.164453
0.168999
0.120614
0.067202
0.031442
-0.087688
-0.182484
-0.215591
-0.282126
-0.404231
-0.392572
-0.220098
0.033698
0.180789
0.261856
0.290311
0.163406
-0.044629
-0.172763
-0.002119
0.351415
0.554904
0.466437
0.117733
-0.356382
-0.702004
-0.790784
-0.450103
0.093454
0.466830
0.438914
0.045539
-0.343638
-0.452527
-0.266447
0.169354
0.546163
0.622984
0.396838
-0.025058
-0.292274
-0.262167
-0.063231
0.133659
0.216179
0.146914
-0.019041
-0.238516
-0.314861
-0.170911
0.011977
0.117952
0.098484
-0.004344
-0.014779
0.034893
0.089841
0.149807
0.150746
0.159116
0.133751
0.065880
0.016406
-0.059970
-0.125001
-0.127210
-0.049977
0.081933
0.150761
0.088626
0.031169
-0.031366
-0.020626
0.013027
0.044821
0.137766
0.105604
-0.004705
-0.114194
-0.191042
-0.190072
-0.110741
-0.022388
0.068893
0.030270
-0.010164
-0.028997
-0.113894
-0.121877
-0.043116
0.083816
0.174678
0.174230
0.114718
0.026796
-0.114445
-0.174410
-0.099493
0.064223
0.184294
0.134147
0.008066
-0.098145
-0.171149
-0.159111
-0.068813
0.018514
0.052662
-0.012693
-0.088018
-0.092197
-0.044862
0.034111
0.083576
0.089817
0.067021
0.016863
-0.029778
-0.033515
-0.011847
0.017221
-0.014643
-0.086909
-0.099065
-0.076402
-0.007431
0.029590
-0.004352
-0.035692
-0.047120
0.004632
0.047186
0.059344
0.059806
-0.008877
-0.075849
-0.064250
0.000094
0.031524
0.004772
-0.048469
-0.071624
-0.078533
-0.054037
0.003306
0.064776
0.100118
0.062352
-0.023681
-0.084525
-0.072554
-0.000075
0.084850
0.100702
0.039680
-0.063525
-0.134108
-0.118480
-0.032785
0.050510
0.091500
0.080625
0.015814
-0.047368
-0.064451
-0.051112
-0.038536
-0.014534
0.012830
0.028905
0.007961
-0.033556
-0.042298
-0.030847
-0.013173
0.002587
0.025006
0.034888
0.043600
0.045924
0.046595
0.030063
-0.015707
-0.028643
-0.020897
-0.002374
0.018628
0.007100
-0.012714
-0.022784
-0.033941
-0.024058
-0.008723
0.003041
0.023683
0.046296
0.053671
0.050606
0.029966
0.009347
-0.003403
0.003397
0.035298
0.046850
0.023117
-0.019062
-0.048964
-0.046820
-0.020981
0.007088
0.028122
0.025775
0.006399
-0.012900
-0.022370
-0.001493
0.035923
0.055386
0.049502
0.010605
-0.017168
-0.031688
-0.039272
-0.001131
0.052657
0.066162
0.024312
-0.024122
-0.027026
-0.003561
0.016433
0.031940
0.036665
0.025137
-0.011240
-0.043898
-0.033604
-0.006926
0.004963
