0.014781
0.012489
0.020078
0.008552
0.007786
0.019826
-0.004600
0.015581
0.037697
0.021693
0.009422
0.021389
0.003025
-0.025642
-0.046529
-0.022426
-0.010621
-0.020844
-0.005079
0.004424
0.006388
0.007153
-0.009157
-0.013415
0.002010
-0.000321
0.000085
-0.010483
-0.008007
0.000852
-0.006861
-0.005791
0.012546
0.026464
0.025632
0.011861
0.012770
0.017146
0.035101
0.052980
0.057143
0.054655
0.021245
-0.060659
-0.120762
-0.110381
-0.039864
0.034123
0.070755
0.083748
0.043337
-0.037900
-0.119451
-0.122769
-0.037224
0.101265
0.163199
0.114323
0.020064
-0.087940
-0.150563
-0.137271
-0.043363
0.072834
0.135916
0.102440
0.006040
-0.099602
-0.139645
-0.094826
-0.017167
0.046700
0.063280
0.021211
-0.058440
-0.096612
-0.073942
-0.033664
0.011764
0.061527
0.071241
0.021880
-0.028522
-0.032514
-0.003387
-0.002655
-0.019605
-0.016852
-0.008776
-0.001205
-0.004728
0.017109
0.054207
0.046403
0.006445
-0.011724
-0.014664
0.011815
0.049251
0.098066
0.089800
0.018014
-0.047211
-0.097597
-0.077702
-0.014156
0.066793
0.107029
0.095414
0.030173
-0.050160
-0.115921
-0.081626
0.022709
0.107168
0.124862
0.059570
-0.018547
-0.086813
-0.100730
-0.049389
0.040282
0.104946
0.140901
0.101793
0.016671
-0.079846
-0.126104
-0.096677
-0.027507
0.040437
0.062698
0.037582
-0.010986
-0.056472
-0.084454
-0.056004
-0.007083
0.074255
0.090448
0.079872
-0.011845
-0.044860
-0.026692
-0.055140
-0.015744
0.018445
-0.024541
-0.113629
-0.106335
-0.030274
0.043180
0.047920
0.072659
0.000262
-0.110282
-0.177640
-0.153165
0.010251
0.174440
0.206307
0.104678
-0.056355
-0.215791
-0.229831
-0.096507
0.150755
0.327701
0.298804
0.107881
-0.114305
-0.274880
-0.266827
-0.078786
0.162914
0.286785
0.187859
-0.007476
-0.171014
-0.194869
-0.106355
0.019513
0.114612
0.144471
0.095063
0.014625
-0.009155
-0.003025
0.028445
0.026588
0.036887
0.013691
-0.067520
-0.103024
-0.031664
0.026111
0.073605
0.093279
-0.010859
-0.055295
-0.054959
-0.099516
-0.117291
-0.035731
0.112019
0.173191
0.019734
-0.120284
-0.167450
-0.197997
-0.136058
0.050043
0.252991
0.284428
0.090278
-0.118335
-0.167370
-0.111554
0.012581
0.161435
0.221393
0.146081
-0.077193
-0.233770
-0.166238
-0.027834
0.146535
0.239154
0.214344
0.050956
-0.131773
-0.146506
-0.026852
0.008733
0.049565
0.075091
0.004896
-0.157542
-0.292911
-0.197207
-0.027541
0.084264
0.112027
0.153064
0.078768
-0.014391
-0.109858
-0.072204
-0.003259
0.002544
0.013737
0.052346
0.093078
0.093373
0.085665
0.111514
0.111815
0.021757
0.062450
0.002390
-0.115629
-0.215844
-0.256820
-0.238887
-0.184304
-0.092362
0.028711
0.055724
0.039734
0.069474
0.102613
0.102204
0.053604
0.016879
0.024292
0.056556
-0.030673
-0.126133
-0.181904
-0.115542
-0.025398
0.017046
0.015326
0.020643
0.029927
0.011873
-0.048433
-0.073435
-0.020516
0.055639
0.101105
0.067215
0.025229
-0.031548
-0.033488
0.038851
0.147449
0.232497
0.190866
0.027393
-0.117193
-0.185134
-0.129487
-0.031017
0.027359
0.030788
0.002096
-0.057540
-0.078954
0.000208
0.107694
0.211410
0.196952
0.117007
0.002855
-0.111464
-0.114730
-0.070455
-0.082329
-0.114942
-0.082715
-0.014386
0.024922
0.050081
0.127450
0.131290
0.047879
-0.046722
-0.060462
0.042991
0.091497
0.055457
0.018337
-0.020081
-0.063779
-0.089815
-0.085826
0.011641
0.093993
0.085434
0.019542
-0.066294
-0.108143
-0.092290
-0.058754
-0.013081
0.015617
-0.000728
-0.023831
-0.043155
-0.029549
-0.000556
0.019823
0.016040
-0.001741
-0.007854
-0.016600
-0.006619
0.022392
0.042899
0.031112
-0.002362
-0.005431
0.011315
0.050883
0.079232
0.067354
0.025789
-0.022352
-0.039104
-0.019999
0.006011
0.013126
-0.009153
-0.035348
-0.051965
-0.040601
0.019745
0.079362
0.103769
0.085932
0.026781
-0.026275
-0.069377
-0.073330
-0.029577
-0.041464
-0.059017
-0.110506
-0.178929
-0.193916
-0.136857
-0.025031
0.069009
0.105125
0.111499
0.062162
-0.035978
-0.085933
-0.075627
0.033032
0.114432
0.119126
0.074323
-0.007159
-0.066460
-0.077325
-0.040263
0.054636
0.118848
0.091469
0.032160
-0.038731
-0.052812
-0.039441
-0.019181
0.000869
-0.004802
-0.028710
-0.044426
-0.039536
-0.005775
0.037195
0.035114
0.009981
-0.025591
-0.029193
-0.005104
0.023303
0.030804
0.017825
0.002036
-0.023032
-0.021194
-0.004680
0.034964
0.047653
0.007604
-0.024384
-0.014936
0.024608
0.039546
0.014863
-0.019581
-0.039942
-0.043185
-0.025924
0.001427
0.040050
0.062426
0.057974
0.035239
0.001568
-0.001394
0.000794
-0.005973
-0.000058
