-0.000503
-0.001484
-0.003985
-0.005134
-0.005520
-0.005538
-0.006405
-0.007153
-0.005080
-0.013079
-0.010478
-0.004820
-0.003872
0.008929
0.022713
0.038960
0.043587
0.035953
0.035059
0.019460
0.004309
0.001692
-0.013232
-0.009352
-0.006917
-0.027895
-0.030141
-0.018140
-0.005392
-0.000266
-0.013580
-0.013314
-0.013885
-0.032962
-0.021269
0.020061
0.054774
0.059259
0.029191
-0.009316
-0.039443
-0.046339
-0.006769
0.057607
0.099104
0.086694
0.024547
-0.041349
-0.077784
-0.072859
-0.019968
0.052301
0.091437
0.061806
-0.010136
-0.067671
-0.078495
-0.046874
0.016464
0.073553
0.084985
0.054883
-0.004500
-0.049973
-0.056577
-0.030334
0.002857
0.028928
0.027433
-0.003550
-0.037571
-0.042811
-0.015839
0.003478
0.010537
0.009470
0.000526
-0.024284
-0.037284
-0.013428
0.030179
0.048812
0.035575
0.006008
-0.023809
-0.048397
-0.047515
-0.004407
0.046014
0.072592
0.036524
-0.001260
-0.038748
-0.066843
-0.041820
-0.002846
0.014251
0.012835
0.003183
-0.001177
-0.022009
-0.055946
-0.027455
-0.000936
-0.021263
-0.046523
-0.014339
0.048109
0.057424
0.035463
0.010702
-0.048667
-0.119335
-0.130322
-0.070258
0.033859
0.123785
0.180117
0.163845
0.034398
-0.104163
-0.166675
-0.145263
-0.035299
0.094598
0.182883
0.194874
0.054635
-0.156320
-0.268626
-0.264653
-0.106049
0.106624
0.229539
0.227525
0.066545
-0.109264
-0.214045
-0.157255
0.011133
0.141392
0.211237
0.201507
0.045415
-0.131550
-0.158471
-0.058550
0.101986
0.166251
0.176097
0.115514
-0.049094
-0.178545
-0.183442
-0.094897
0.039615
0.082246
0.042275
-0.000158
-0.067060
-0.085830
-0.060408
-0.004060
0.071645
0.103145
0.092508
0.065843
-0.016731
-0.084352
-0.106195
-0.063878
0.021833
0.069062
0.047992
0.032808
-0.031688
-0.080473
-0.110326
-0.128113
-0.069144
-0.006131
0.066389
0.047039
0.005769
-0.010763
0.037618
0.057098
0.100827
0.043320
0.024977
0.015573
-0.060789
-0.018316
-0.028601
0.004045
0.027132
0.054174
-0.036648
-0.164360
-0.187860
-0.110363
-0.014564
0.094192
0.188556
0.157991
0.073189
-0.047539
-0.088038
-0.104146
-0.055435
0.112844
0.250810
0.276669
0.169099
-0.025455
-0.205703
-0.245886
-0.190814
-0.044526
0.083518
0.148056
0.143778
0.005546
-0.173359
-0.266002
-0.242461
-0.152095
-0.073673
-0.117676
-0.056853
0.136136
0.303537
0.385404
0.309731
0.130249
-0.110590
-0.342887
-0.365914
-0.032991
0.358546
0.516488
0.289825
-0.117482
-0.429464
-0.577120
-0.400636
0.007107
0.453358
0.555919
0.316094
-0.069137
-0.358387
-0.447483
-0.273698
0.008295
0.302539
0.405571
0.253235
0.050208
-0.123622
-0.106558
-0.074565
-0.065837
-0.151034
-0.139643
-0.048010
0.073269
0.032298
-0.017185
0.046548
0.076265
-0.033016
-0.125556
-0.009143
0.157691
0.324472
0.248297
0.122928
-0.021443
-0.145338
-0.221360
-0.236243
-0.140643
0.053831
0.155144
0.096307
0.060303
0.001247
-0.034175
-0.092389
-0.079802
0.021617
0.121228
0.090697
-0.009967
-0.064314
-0.047274
-0.008351
0.007502
0.057324
0.128804
0.183615
0.064955
-0.072320
-0.190019
-0.279474
-0.329872
-0.295254
-0.122910
0.100942
0.266293
0.256511
0.159387
0.028324
-0.021289
-0.038915
0.047683
0.261013
0.431604
0.365879
0.147494
-0.112201
-0.335584
-0.407703
-0.437369
-0.375892
-0.275734
-0.181611
-0.118156
-0.051035
0.035702
0.149198
0.140676
0.022587
-0.072322
-0.038813
0.169558
0.347827
0.430910
0.361148
0.126345
-0.240701
-0.523087
-0.482057
-0.125519
0.253638
0.403017
0.255420
-0.058063
-0.311344
-0.430230
-0.277550
0.049678
0.288255
0.324250
0.181230
0.022889
-0.038205
-0.057496
-0.025831
0.061699
0.107637
0.047951
-0.082314
-0.136606
-0.070043
-0.002722
-0.017634
-0.057407
-0.069596
-0.021803
0.035485
0.069416
0.084041
0.087378
0.073029
0.065098
0.094355
0.106495
0.067379
-0.046637
-0.141226
-0.141054
-0.063466
0.023337
0.086715
0.103363
0.063811
-0.016205
-0.080756
-0.080464
-0.020302
0.047168
0.054712
0.004387
-0.083860
-0.130736
-0.125040
-0.080010
-0.000624
0.058553
0.073639
0.035839
-0.014824
-0.014675
0.000701
0.008818
0.024312
0.075856
0.100325
0.058505
-0.032424
-0.082132
-0.048181
0.021461
0.064490
0.085749
0.087471
0.004669
-0.104105
-0.149780
-0.067667
-0.012146
-0.008047
-0.052605
-0.073862
-0.092843
-0.110217
-0.072004
0.004331
0.077101
0.075773
0.037740
0.016013
0.046494
0.057107
0.087183
0.076549
0.067128
0.020213
-0.038900
-0.038633
-0.016341
0.003863
-0.025873
-0.076306
-0.113858
-0.109919
-0.072280
0.001622
0.062006
0.095171
0.062586
0.011444
-0.010245
-0.007685
0.037498
0.067576
0.079743
0.057477
0.002047
-0.026935
-0.043361
-0.060239
-0.042184
-0.012258
0.004541
0.015896
0.004840
-0.003043
-0.023178
-0.029949
-0.002511
0.023280
0.027339
0.018715
0.026848
0.032350
0.014755
-0.006412
-0.005044
-0.004578
-0.010301
-0.023135
-0.007205
0.005477
-0.000275
-0.008759
-0.017801
-0.014260
-0.010599
-0.005112
0.009829
0.019912
0.013764
0.010302
