-0.000560
-0.000476
-0.000595
-0.000754
-0.001209
-0.001606
-0.001589
-0.001449
-0.000925
-0.000420
-0.000043
0.000269
0.000275
-0.000131
-0.000274
-0.000329
-0.000418
-0.000247
0.000047
0.000457
0.000658
0.000722
0.000646
0.000388
0.000437
0.000321
0.000342
0.000223
0.000291
0.000009
-0.000476
-0.001178
-0.001397
-0.001330
-0.001142
-0.001071
-0.001795
-0.001925
-0.002624
-0.002916
-0.003287
-0.003126
-0.002810
-0.002539
-0.003110
-0.003399
-0.004491
-0.005124
-0.005994
-0.006766
-0.008709
-0.011078
-0.012357
-0.020407
-0.022165
-0.024312
-0.022202
-0.015115
-0.004504
0.016870
0.035304
0.045125
0.044817
0.055412
0.047526
0.025811
0.019265
0.018927
0.012380
0.001594
-0.000074
-0.009225
-0.019541
-0.031795
-0.043028
-0.046978
-0.024623
0.011786
0.031427
0.031326
0.019673
-0.004991
-0.034645
-0.043036
-0.029523
0.005700
0.036738
0.033458
0.002943
-0.019711
-0.015562
0.005256
0.026038
0.043866
0.043331
0.009606
-0.027049
-0.035050
-0.010910
0.014933
0.023891
0.004257
-0.033576
-0.051048
-0.034973
0.010735
0.054058
0.082075
0.071355
0.014672
-0.058716
-0.095808
-0.074404
-0.027208
0.024819
0.046154
0.035200
0.015395
-0.009341
-0.033738
-0.035263
-0.011951
0.020915
0.042057
0.045299
0.038740
0.015067
-0.017007
-0.043393
-0.047248
-0.031957
-0.002289
0.027155
0.031686
0.011116
-0.024065
-0.044306
-0.037941
-0.007640
0.025107
0.036771
0.015189
-0.020114
-0.038787
-0.033814
0.002999
0.026404
0.014255
0.016840
-0.018569
-0.049035
0.002686
0.011770
0.039992
0.076740
0.013532
-0.070121
-0.105517
-0.048960
0.025957
0.066219
0.143607
0.153895
-0.004947
-0.163019
-0.213979
-0.136789
0.012364
0.117289
0.144427
0.075739
-0.071996
-0.216101
-0.277571
-0.144985
0.096491
0.271952
0.323985
0.187186
-0.024124
-0.193696
-0.236021
-0.157160
-0.016472
0.105602
0.172293
0.134726
-0.013501
-0.126463
-0.182684
-0.046509
0.128032
0.147497
0.122207
0.076441
0.004571
-0.073621
-0.116448
-0.067463
0.038621
0.025878
0.020515
0.037486
-0.009257
-0.036526
-0.044008
0.003793
0.068002
0.057478
0.023321
0.008919
-0.031961
-0.035620
-0.040403
-0.006627
0.088433
0.130244
0.099559
0.013596
-0.059213
-0.057581
-0.014981
0.011520
0.029913
0.010482
-0.004117
-0.035913
-0.079406
-0.095184
-0.072997
0.012009
0.078984
0.092407
0.041243
-0.042888
-0.125610
-0.158731
-0.115707
-0.004426
0.122242
0.156390
0.102499
0.017488
-0.078667
-0.101608
-0.046040
0.051097
0.124455
0.105422
0.037828
-0.055497
-0.141015
-0.142260
-0.050188
0.045300
0.101348
0.083776
0.043573
0.001519
-0.039505
-0.049771
-0.045732
-0.006735
0.046346
0.041242
-0.017534
-0.046410
-0.037648
-0.016187
0.018301
-0.003272
-0.014808
-0.039645
-0.070648
-0.055333
0.010888
0.083631
0.095541
0.102595
0.048665
0.008855
-0.034463
-0.039533
-0.053185
-0.015408
0.052970
0.096988
0.034800
-0.068371
-0.036048
-0.033883
-0.085176
-0.074231
0.052667
0.123229
0.081440
-0.011131
-0.003588
0.005393
-0.057324
-0.103465
-0.069482
0.006932
0.042599
0.009885
-0.010678
0.015714
0.018958
-0.005932
-0.024145
-0.003418
0.036663
0.028036
0.003022
0.008678
0.031637
0.037284
-0.007855
-0.017040
-0.018319
-0.013667
-0.013492
-0.016753
-0.046113
-0.049404
-0.050628
-0.023511
-0.016879
-0.041513
0.020426
0.047810
-0.004659
-0.061498
-0.023845
0.093740
0.183174
0.175983
0.127574
0.112511
0.015685
0.000917
0.048148
0.020764
0.039031
-0.044113
-0.247480
-0.348271
-0.208782
0.095856
0.281828
0.189557
0.074031
-0.199347
-0.545745
-0.654897
-0.367115
0.206036
0.631884
0.618034
0.246990
-0.236974
-0.616285
-0.543522
-0.056267
0.623218
1.000000
0.772110
0.083782
-0.656679
-0.965622
-0.690865
-0.019238
0.581696
0.727536
0.423420
-0.051344
-0.405895
-0.420953
-0.135617
0.256464
0.522191
0.447975
0.145041
-0.201652
-0.431102
-0.441333
-0.299291
-0.080205
0.036563
-0.004079
-0.109971
-0.188156
-0.193863
-0.118968
0.040429
0.185671
0.228702
0.149885
0.029860
-0.016911
-0.073074
-0.088205
0.035165
0.131266
0.180307
0.133319
0.009121
-0.083096
-0.160254
-0.153800
-0.039999
0.114468
0.256928
0.243263
0.067715
-0.080132
-0.155076
-0.142726
-0.072324
0.036767
0.144617
0.120329
0.012496
-0.076290
-0.139615
-0.179444
-0.173556
-0.069545
0.098598
0.190909
0.144742
0.037487
-0.061969
-0.122044
-0.132331
-0.050750
0.103949
0.191988
0.156848
0.040727
-0.062343
-0.078355
-0.051902
-0.010394
0.041678
0.047294
0.023850
-0.013264
-0.023978
0.009123
0.037885
0.017475
-0.023635
-0.015359
0.008509
0.014014
0.014991
0.011740
0.003354
-0.012825
-0.034050
-0.035105
-0.015792
0.019679
0.036405
0.021565
-0.004434
-0.013322
-0.000234
0.006241
0.016916
0.026230
0.001360
-0.031204
-0.054661
-0.052492
-0.011616
0.020331
0.030887
0.007642
-0.031424
-0.037560
-0.019992
-0.004188
0.016864
0.033950
0.051038
0.044705
0.011388
-0.013098
-0.027238
-0.019407
0.001401
0.027136
0.050908
0.057834
0.016781
-0.055933
-0.091215
-0.046672
0.024486
0.059410
0.064762
0.034954
-0.019607
-0.079940
-0.088629
-0.033856
0.033603
0.063521
0.053547
0.011981
-0.039568
-0.076881
-0.088921
-0.042244
0.021677
0.058880
0.031417
-0.022294
-0.065380
-0.076758
-0.049146
-0.005412
0.031939
0.044428
0.050111
0.037442
0.006896
-0.021548
-0.008668
0.038695
0.084897
0.073486
0.008412
-0.046771
-0.069235
-0.059790
-0.031705
0.012486
0.047803
0.031702
-0.023887
-0.054047
-0.036907
-0.003216
0.012488
0.024656
0.030075
0.017362
-0.009773
-0.035562
-0.017419
0.023330
0.045981
0.030176
-0.007415
-0.033070
-0.029699
-0.011711
0.007082
0.033140
0.037774
0.012804
-0.023741
-0.050289
-0.028945
0.021705
0.043136
0.034936
0.014638
0.011853
0.014758
-0.004639
-0.011715
-0.002684
