0.008495
-0.022279
-0.015771
-0.013532
0.013426
0.042539
0.048626
0.047843
0.004677
-0.036272
-0.037573
-0.041366
-0.011846
0.024622
0.008473
0.013953
0.000126
-0.018345
0.016341
-0.005644
0.003243
-0.012338
0.000289
0.000271
0.010485
0.005292
0.025436
-0.000119
-0.026864
-0.000119
-0.003144
0.021014
0.014713
0.009629
-0.025906
-0.022370
-0.006251
0.025487
0.030546
0.008515
0.003400
-0.033236
-0.030180
-0.026789
0.031393
0.058735
0.034693
0.017505
-0.051930
-0.064978
-0.041043
0.009357
0.056786
0.054333
0.018871
-0.002011
-0.034897
-0.037755
-0.008385
0.012113
0.027618
0.018830
-0.002853
-0.004440
-0.020106
-0.014391
-0.009663
0.001131
0.002133
0.030109
0.033162
-0.006784
-0.003086
-0.049164
-0.042513
-0.016335
0.039392
0.056206
0.042771
0.020779
-0.020935
-0.055721
-0.081150
-0.013377
0.027030
0.034185
0.015674
-0.012944
-0.034138
-0.040956
0.005216
0.036662
0.066757
0.053866
0.034742
-0.013835
-0.066667
-0.100652
-0.107312
-0.070757
-0.044497
0.027292
0.061736
0.069333
0.051229
0.031027
0.031132
0.017187
0.011230
0.038785
0.067626
0.019661
-0.022173
-0.078231
-0.118343
-0.077752
-0.051093
-0.002309
0.009444
0.067382
0.061604
-0.014300
-0.041589
-0.007111
0.013613
-0.020510
0.008525
0.022972
0.033642
-0.025345
-0.048820
-0.049524
-0.030917
0.010224
0.050440
0.065556
0.019725
-0.031097
-0.072103
-0.082021
-0.026791
0.036168
0.082851
0.098291
0.031545
-0.022628
-0.034589
-0.029400
0.006615
0.068797
0.088585
0.074699
-0.035828
-0.100125
-0.059484
-0.011603
0.060734
0.065234
0.007253
-0.036765
-0.038866
-0.024776
0.008606
0.032859
0.017008
-0.038992
-0.083398
-0.069180
-0.034351
0.057476
0.102912
0.077447
-0.006057
-0.060504
-0.037555
-0.019611
0.031253
0.050205
0.012553
-0.046047
-0.040680
-0.026491
-0.028375
-0.026775
-0.003454
0.000829
-0.074820
-0.060579
0.070119
0.120738
0.057001
0.000676
-0.025601
-0.047981
-0.057593
-0.011011
0.086100
0.077773
0.020909
-0.008550
-0.040507
-0.011842
0.028960
0.033024
0.051260
0.043529
-0.030850
-0.068787
-0.065887
-0.029537
-0.019081
-0.031923
0.007647
-0.004502
-0.060935
-0.057076
-0.028794
0.007140
0.051609
0.106230
0.095136
0.003859
-0.062651
-0.034373
-0.017295
-0.044901
-0.014803
0.036143
0.010207
-0.070797
-0.053507
0.008907
0.048350
0.031571
0.038253
0.053002
-0.014291
-0.058579
-0.063557
0.018303
0.063988
0.060489
0.005498
-0.086088
-0.123609
-0.074270
0.069026
0.158767
0.146541
0.067989
-0.021449
-0.074670
-0.021084
0.046058
0.085122
0.046648
-0.006348
0.001958
0.002630
-0.018539
-0.039764
-0.018323
0.025341
0.036145
0.005846
0.016232
0.039887
0.021839
-0.046432
-0.063157
-0.021562
0.014247
-0.007255
-0.032936
-0.008047
0.002391
0.016981
0.056072
0.070800
0.024317
-0.015010
-0.018893
-0.001329
-0.011043
-0.022037
0.016162
0.041660
0.033007
-0.005014
-0.033395
-0.035320
-0.010646
0.052916
0.099674
0.059918
-0.033617
-0.087704
-0.084257
-0.038521
0.028418
0.060790
0.031402
-0.019507
-0.051805
-0.028655
0.021364
0.039188
0.020959
-0.009297
-0.043583
-0.069470
-0.069453
-0.072541
-0.061440
-0.036815
-0.019244
0.021901
0.027597
-0.022024
-0.044458
-0.036313
-0.000686
0.052888
0.067578
0.082331
0.063022
0.015930
0.000316
-0.007295
-0.024827
-0.039984
-0.037729
-0.043152
-0.034309
-0.032868
-0.011541
-0.031701
-0.069533
-0.080920
-0.031159
0.025729
0.072440
0.124352
0.063632
0.004781
-0.049385
-0.124585
-0.189027
-0.094937
0.092621
0.140269
0.080930
0.070901
0.053061
-0.082952
-0.203316
-0.092599
0.156672
0.228897
0.152182
0.016829
-0.094374
-0.162137
-0.175706
-0.038164
0.118925
0.128819
0.046057
-0.057908
-0.112215
-0.150459
-0.168587
-0.055155
0.069953
0.073005
-0.027845
-0.083586
-0.024769
0.038375
0.052517
0.093485
0.151759
0.148944
0.059482
-0.040346
-0.052793
-0.017389
0.017609
0.019963
-0.002059
-0.049553
-0.084059
-0.072861
-0.038566
0.003195
0.012496
0.016622
0.010333
0.009042
0.023546
0.005393
-0.025606
-0.030832
-0.005567
0.072382
0.110873
0.069567
0.026895
-0.022008
-0.051451
-0.042607
0.000132
0.049077
0.034314
-0.017274
-0.037176
-0.028917
-0.011371
0.007976
0.027791
0.030304
0.011902
-0.005960
-0.015131
-0.009087
0.017240
0.017201
-0.014371
-0.050405
-0.047956
-0.011910
-0.000942
0.007201
0.015483
0.025700
0.009878
-0.022132
-0.020700
-0.009637
-0.001605
0.000426
0.024076
0.046149
0.020428
-0.038033
-0.056932
-0.010129
