0.000129
-0.000211
-0.001015
-0.000938
-0.000532
0.000101
0.000720
0.000924
0.000390
-0.000407
-0.000963
0.000104
0.001268
0.001741
0.001683
0.000545
-0.000115
-0.001018
-0.000910
-0.000012
0.000652
0.000960
0.000553
-0.000718
-0.000943
-0.000624
-0.000557
0.000278
0.000179
-0.000221
-0.000416
-0.001303
-0.001713
-0.001333
-0.001693
-0.001839
-0.002878
-0.004266
-0.004743
-0.005665
-0.006422
-0.007874
-0.009220
-0.010342
-0.012152
-0.014294
-0.016283
-0.018360
-0.022254
-0.025865
-0.028961
-0.029407
-0.028588
-0.022489
-0.010417
0.004952
0.024053
0.046515
0.060133
0.061831
0.055538
0.033321
0.008273
-0.012273
-0.017376
-0.000379
0.021070
0.033600
0.038625
0.021189
-0.008399
-0.030640
-0.029965
-0.002589
0.033272
0.064770
0.064549
0.032165
-0.010900
-0.037558
-0.039723
-0.016650
0.026279
0.057700
0.054814
0.019777
-0.020408
-0.046248
-0.050345
-0.030118
-0.008921
0.008949
-0.005818
-0.021814
-0.035355
-0.038410
-0.022661
0.001119
0.029691
0.022414
0.007369
-0.004306
-0.010133
-0.017352
-0.003433
0.015535
0.025337
-0.013391
-0.019435
-0.036421
-0.036557
0.005524
0.008289
0.039157
0.051566
0.008894
-0.073213
-0.106221
-0.090290
-0.034017
0.011661
0.080913
0.132839
0.059538
-0.054951
-0.121699
-0.103774
-0.018050
0.084499
0.143715
0.136911
0.043557
-0.077226
-0.155251
-0.141995
-0.019824
0.107990
0.144715
0.097808
0.005921
-0.063623
-0.079685
-0.054978
0.003688
0.061089
0.083771
0.046637
-0.019600
-0.072176
-0.065974
-0.028852
0.008208
0.041372
0.043544
0.030855
0.001674
-0.019741
-0.022552
-0.007737
0.028849
0.032070
0.034876
0.018535
0.002610
-0.010980
-0.031426
-0.010171
0.005646
0.015077
-0.011107
-0.010560
-0.001171
-0.004463
-0.021905
-0.014291
-0.002298
0.015099
0.006706
-0.014207
0.080438
0.094505
0.040104
-0.015074
-0.089054
-0.182559
-0.197301
-0.076488
0.081389
0.165188
0.145318
0.075777
-0.101092
-0.254162
-0.235438
-0.056213
0.171134
0.307598
0.245393
0.037371
-0.171337
-0.295761
-0.249714
-0.072193
0.177458
0.323582
0.237467
0.002710
-0.228524
-0.305370
-0.176919
0.051148
0.215845
0.238154
0.119017
-0.040083
-0.171473
-0.199574
-0.102682
0.053190
0.154987
0.140364
0.022981
-0.141702
-0.234674
-0.216450
-0.100623
0.036959
0.152670
0.169204
0.088849
0.000464
-0.070896
-0.061987
0.012560
0.115266
0.176031
0.153797
0.073785
-0.019582
-0.086773
-0.105220
-0.062175
0.013654
0.092600
0.105783
0.067631
-0.005504
-0.085470
-0.095683
-0.025058
0.057859
0.087523
0.070682
0.014886
-0.043970
-0.067817
-0.019076
0.070049
0.117561
0.091290
-0.020998
-0.146940
-0.195051
-0.142092
-0.028216
0.082702
0.133248
0.106115
0.016026
-0.064124
-0.073012
-0.024674
0.052968
0.114046
0.114394
0.043697
-0.025480
-0.076204
-0.053471
-0.034980
-0.014689
-0.007617
-0.047317
-0.048507
-0.041207
-0.072394
-0.092672
-0.039814
0.023762
0.073990
0.049271
0.032557
0.000769
-0.088251
-0.125481
-0.060735
0.053386
0.130792
0.099709
0.011862
-0.077575
-0.127006
-0.113681
-0.019132
0.105236
0.175242
0.135564
0.022852
-0.061964
-0.090730
-0.057738
0.010643
0.092317
0.051067
-0.028761
-0.057454
-0.041954
-0.025988
-0.027819
-0.028647
-0.036847
-0.093299
-0.121423
-0.028805
0.095214
0.164418
0.132965
0.078693
0.003681
-0.086276
-0.117846
-0.041706
0.062629
0.098494
0.117254
0.083255
0.016324
-0.025300
-0.023555
0.002282
-0.012581
-0.029256
-0.007266
0.049988
0.094225
0.096473
0.024636
-0.018407
-0.086185
-0.182230
-0.152667
-0.065312
0.002301
0.010164
-0.001844
-0.053069
-0.096934
-0.046732
0.100697
0.157414
0.062366
-0.022781
-0.045805
-0.023622
-0.002384
0.061662
0.092496
0.044143
-0.053347
-0.130876
-0.109051
-0.018937
0.084718
0.129880
0.099985
0.023548
-0.053177
-0.108912
-0.072855
0.017399
0.087655
0.091626
0.032866
-0.019311
-0.058514
-0.064564
-0.037348
0.008274
0.049151
0.046083
0.008365
0.001865
0.027882
0.030749
-0.004592
-0.023053
-0.012987
-0.015273
-0.016371
-0.020571
-0.019466
-0.013984
-0.010857
0.007736
0.022115
0.038546
0.039665
0.009428
-0.037073
-0.042813
-0.001100
0.038493
0.045365
0.025391
-0.002974
-0.048676
-0.073046
-0.066959
-0.029798
-0.009448
-0.011456
-0.017390
-0.025328
-0.020801
-0.012224
0.009930
0.036565
0.063764
0.048631
0.007366
-0.020370
-0.005344
0.025165
0.037130
0.028502
0.002190
-0.008306
-0.018044
-0.018414
-0.011901
-0.003538
-0.000104
-0.010534
-0.018649
-0.009148
-0.003823
-0.011076
-0.010173
-0.010496
-0.004928
-0.014358
-0.031159
-0.036789
-0.034196
-0.021510
