0.000292
0.000150
0.000459
0.000793
0.001006
0.000828
0.000855
0.000530
0.000448
0.000758
0.000709
0.000719
0.000597
0.000909
0.000962
0.000233
-0.000294
-0.000560
-0.000715
-0.000524
-0.000017
0.000237
0.000231
-0.000100
-0.000866
-0.001077
-0.000903
-0.000694
-0.000347
-0.000449
-0.000897
-0.001412
-0.001937
-0.002009
-0.002092
-0.002132
-0.002278
-0.002304
-0.003212
-0.004021
-0.005112
-0.005681
-0.006486
-0.006521
-0.006102
-0.008027
-0.009020
-0.010477
-0.014993
-0.018858
-0.021673
-0.026171
-0.031403
-0.036631
-0.039395
-0.040762
-0.036065
-0.020836
0.007553
0.036232
0.058722
0.075527
0.074485
0.040728
0.008093
-0.010689
-0.012478
0.007702
0.032738
0.061690
0.060862
0.023489
-0.030186
-0.061505
-0.046905
-0.003787
0.039379
0.061801
0.057216
-0.000270
-0.087459
-0.123070
-0.098227
-0.042539
0.019984
0.098640
0.125148
0.061508
-0.017876
-0.057643
-0.076486
-0.080542
-0.013846
0.093124
0.158201
0.120519
0.023874
-0.076795
-0.149539
-0.148855
-0.056288
0.081710
0.165610
0.142043
0.023149
-0.117024
-0.193897
-0.158332
-0.025897
0.109128
0.162431
0.104130
-0.017720
-0.124212
-0.160128
-0.094936
0.020346
0.105073
0.110423
0.036161
-0.060042
-0.115100
-0.092989
-0.009076
0.079237
0.114286
0.087814
0.011436
-0.073719
-0.110052
-0.061430
0.016446
0.068281
0.076866
0.043865
-0.014585
-0.084520
-0.090799
-0.042818
0.019009
0.064520
0.089480
0.069819
0.006789
-0.059141
-0.099422
-0.090766
-0.045804
0.038909
0.118897
0.166678
0.154653
0.071944
-0.028473
-0.106043
-0.105773
-0.070321
-0.022213
0.011291
0.024307
0.008196
-0.038311
-0.043788
-0.025449
0.027536
0.017818
0.035183
0.059711
0.067154
0.089057
0.082725
0.042395
-0.054387
-0.104064
-0.112578
-0.040385
0.018352
0.091539
0.102231
0.014643
-0.085198
-0.111250
-0.042123
0.067732
0.156063
0.136112
0.066494
-0.067128
-0.126802
-0.151821
-0.094547
0.049033
0.128204
0.030763
-0.084567
-0.129961
-0.172498
-0.154055
-0.039873
0.161811
0.169592
0.067152
-0.039866
-0.096629
-0.093725
-0.053712
0.041652
0.124932
0.108794
-0.009340
-0.099674
-0.150441
-0.085328
-0.026411
0.038908
0.120635
0.092826
0.024718
-0.002966
0.000389
-0.002211
-0.013641
-0.006075
0.043866
0.037813
-0.015224
-0.065299
-0.084007
-0.065842
-0.037939
0.036049
0.094276
0.171448
0.181443
0.076534
-0.011274
-0.043786
-0.076539
-0.148478
-0.123721
-0.009859
0.102953
0.091706
0.096609
0.089444
-0.044627
-0.183903
-0.178921
0.041194
0.294457
0.380315
0.239538
0.021209
-0.227968
-0.420607
-0.377069
-0.088484
0.241008
0.372997
0.261946
0.040128
-0.181053
-0.313188
-0.216047
0.016268
0.196706
0.208497
0.057126
-0.110215
-0.208625
-0.217431
-0.140316
0.010741
0.152603
0.227209
0.152576
0.027251
-0.050054
-0.060807
-0.026922
0.011869
0.069094
0.057651
0.030625
-0.065276
-0.152193
-0.136587
-0.100187
-0.125386
-0.090575
0.042717
0.099346
0.054062
-0.005753
0.023793
0.007151
-0.080618
-0.088005
0.049062
0.146085
0.144867
0.060118
-0.046278
-0.114718
-0.160161
-0.106518
0.011505
0.128311
0.135112
0.044187
-0.073518
-0.143164
-0.126946
-0.033802
0.085392
0.140652
0.115961
0.019278
-0.065820
-0.064492
0.008945
0.075786
0.075997
0.034509
-0.015226
-0.039344
-0.045514
-0.001008
0.059901
0.070620
0.017346
-0.025343
0.011154
0.058615
0.097211
0.105608
0.074956
0.029648
-0.021650
-0.093302
-0.138469
-0.167176
-0.169259
-0.154391
-0.110654
-0.045610
-0.007972
0.015720
0.005968
0.000957
-0.027785
-0.006150
0.060707
0.130002
0.145553
0.100072
0.017720
-0.066976
-0.090354
-0.055543
0.036127
0.075021
0.053840
-0.002965
-0.024816
-0.028521
-0.033228
-0.024971
-0.004526
-0.005338
-0.033932
-0.020468
0.036010
0.099278
0.077010
0.008455
-0.038447
-0.042676
-0.025475
-0.000117
0.026333
0.027142
-0.007109
-0.061613
-0.072395
-0.040955
0.003994
0.018915
0.015275
0.002506
-0.011325
-0.008934
0.018794
0.065452
0.072381
0.042178
-0.011788
-0.053248
-0.059965
-0.024146
0.007189
0.019680
0.028357
0.033245
0.025121
0.000381
-0.008912
-0.003275
0.007062
0.007404
0.023325
0.034942
0.042425
0.026061
0.000000
-0.017598
-0.027172
-0.022212
-0.008084
0.012793
0.005117
-0.015868
-0.045770
-0.059400
-0.041144
-0.000131
0.028903
0.038611
0.016420
-0.018333
-0.021795
0.007348
0.031153
0.023716
0.000684
