0.042048
0.016160
-0.019920
-0.043435
-0.038725
-0.012386
0.019397
0.036453
0.023620
-0.003472
-0.031489
-0.033111
-0.011667
0.001215
0.011767
0.007490
-0.001187
-0.001961
0.004988
0.018370
0.016890
0.003420
-0.013873
-0.032067
-0.035809
-0.025468
-0.001368
0.024265
0.027566
-0.001882
-0.034097
-0.054286
-0.056034
-0.029528
0.003752
0.049806
0.076355
0.059803
0.006589
-0.028266
-0.043540
-0.029168
0.007937
0.021784
0.017053
-0.007460
-0.037900
-0.078308
-0.087310
-0.071564
-0.021121
0.024741
0.036869
0.046780
0.040615
0.027283
-0.001619
-0.026863
-0.014156
0.031313
0.091716
0.120172
0.073997
-0.024442
-0.116774
-0.137997
-0.070235
0.041990
0.122915
0.122468
0.035120
-0.082171
-0.148953
-0.107896
0.015399
0.122834
0.140653
0.062393
-0.051357
-0.102651
-0.066098
-0.003262
0.055533
0.066728
0.015806
-0.042120
-0.068799
-0.041130
0.006449
0.032188
0.028867
0.007080
-0.019098
-0.054112
-0.060477
-0.018418
0.041560
0.065527
0.042667
-0.003212
-0.034280
-0.023088
0.009433
0.049476
0.069205
0.038796
-0.017395
-0.050655
-0.054606
-0.013438
0.028144
0.030036
0.016422
-0.032815
-0.062781
-0.053877
-0.036710
-0.021902
-0.009674
0.010863
0.026852
-0.003447
-0.055029
-0.052064
-0.013979
-0.000209
-0.010849
-0.015321
-0.008265
-0.004060
-0.008016
0.014668
0.043433
0.057013
0.053743
0.048159
0.034146
0.010955
-0.025171
-0.024082
-0.015369
0.003431
0.012421
-0.020001
-0.031025
-0.058259
-0.051867
-0.020133
0.061610
0.115501
0.093202
0.018804
-0.032353
-0.007489
0.040736
0.092179
0.094207
0.044514
-0.041793
-0.118641
-0.136999
-0.083056
-0.003859
0.053775
0.040085
-0.022448
-0.093448
-0.124415
-0.085388
0.021633
0.149383
0.191210
0.105773
-0.028827
-0.109860
-0.093733
0.000301
0.098859
0.168895
0.142615
0.017058
-0.120032
-0.157740
-0.077652
0.056402
0.139507
0.123075
0.039395
-0.054414
-0.036220
0.063875
0.136918
0.167161
0.138904
-0.008915
-0.154167
-0.205960
-0.202561
-0.119959
-0.063197
-0.077000
-0.120339
-0.200031
-0.253716
-0.164091
0.069414
0.228364
0.233564
0.171150
0.042295
-0.032772
0.044239
0.084392
0.077808
0.053812
-0.055019
-0.152063
-0.184980
-0.182184
-0.089223
0.013038
-0.004505
-0.000853
0.036661
0.064891
0.079515
0.090481
0.127979
0.095955
0.035610
-0.013365
-0.062093
-0.052762
-0.026570
-0.005019
0.019267
-0.000711
-0.039616
-0.055513
-0.045169
0.089906
0.164173
0.134882
0.089742
-0.058904
-0.172048
-0.178727
-0.029550
0.155405
0.185315
0.082864
-0.046361
-0.108588
-0.165893
-0.194763
-0.080328
0.114067
0.227888
0.167229
0.004279
-0.128664
-0.141867
-0.088799
0.018182
0.186160
0.240620
0.112666
-0.091041
-0.197457
-0.120699
0.028643
0.139200
0.173252
0.069009
-0.104880
-0.201912
-0.154495
-0.002172
0.086368
0.064281
0.002586
-0.061289
-0.085743
-0.065694
-0.009672
0.044652
0.039084
-0.047112
-0.107588
-0.052366
0.079604
0.152448
0.103083
0.007868
-0.081527
-0.119654
-0.088247
0.025183
0.148311
0.178322
0.034214
-0.167877
-0.247330
-0.177395
-0.008511
0.137265
0.159425
0.061951
-0.050934
-0.109120
-0.051848
0.079244
0.142112
0.098247
0.017663
-0.033824
-0.025971
-0.005359
0.004050
0.020956
0.048601
0.077307
0.073128
0.061519
0.064973
0.085855
0.092968
0.068519
0.001326
-0.101520
-0.193120
-0.271857
-0.281841
-0.184758
-0.050707
0.016264
0.014851
-0.004087
-0.024114
-0.045911
-0.064773
0.018295
0.206811
0.350067
0.306030
0.089934
-0.119569
-0.208881
-0.165381
-0.033542
0.099996
0.145654
0.028738
-0.176909
-0.238511
-0.087260
0.098860
0.163747
0.108144
0.022895
-0.050075
-0.102131
-0.072487
0.042045
0.128621
0.074325
-0.065026
-0.121415
-0.049748
0.046278
0.063878
0.032886
0.005260
-0.014675
-0.045970
-0.060230
-0.006741
0.079493
0.104586
0.039482
-0.028631
-0.034143
0.007393
0.021252
0.010064
0.014830
0.011369
-0.036038
-0.101485
-0.108800
-0.046377
0.013884
0.015545
-0.017314
-0.029097
0.004962
0.039659
0.046194
0.042606
0.033912
0.021517
-0.002890
-0.025180
-0.003274
0.039288
0.046195
-0.001199
-0.052407
-0.034427
0.018151
0.043458
0.038328
0.023183
0.010389
-0.008583
-0.021644
-0.007974
0.013118
-0.000766
-0.035373
-0.034737
0.000043
0.022652
0.006426
-0.036447
-0.042680
-0.000939
0.030572
0.021108
-0.012193
-0.014159
0.016757
0.036760
