-0.009260
0.006995
0.015592
0.011078
0.001338
0.002351
0.003160
0.001216
0.007756
0.016505
0.022219
0.017113
0.002445
-0.010242
-0.015956
-0.014307
-0.021072
-0.020896
-0.025885
-0.040809
-0.033642
-0.025444
0.003656
0.031079
0.046171
0.047870
0.022201
0.003013
-0.001959
0.004818
0.014350
0.040071
0.055447
0.049659
0.000120
-0.049539
-0.087328
-0.060698
0.001144
0.033845
0.065865
0.005482
-0.058935
-0.086512
-0.057834
0.005284
0.045401
0.085413
0.048277
-0.052980
-0.106285
-0.082373
-0.017379
0.029132
0.021709
0.027059
0.059329
0.033116
-0.030533
-0.073995
-0.066798
-0.025949
0.001544
0.017777
0.047254
0.067194
0.051187
-0.004164
-0.051717
-0.040388
-0.026565
-0.026840
-0.027077
0.000538
0.036351
0.050757
-0.004027
-0.090359
-0.149494
-0.158546
-0.078376
0.037604
0.130015
0.125509
0.047448
-0.022057
-0.046818
-0.033122
0.009813
0.113581
0.223718
0.236160
0.181187
0.027531
-0.152073
-0.149664
-0.110116
-0.107318
-0.038853
0.064155
0.142637
0.106097
-0.028608
-0.158953
-0.218636
-0.229856
-0.185544
0.003473
0.334027
0.541851
0.380231
-0.038677
-0.454989
-0.576251
-0.256292
0.225106
0.559302
0.539607
0.075361
-0.452118
-0.686373
-0.448467
0.063646
0.438735
0.426037
0.102442
-0.270493
-0.370718
-0.159282
0.149684
0.344536
0.200916
0.055696
-0.067474
-0.059240
0.086921
0.160063
0.123407
-0.053985
-0.191527
-0.292898
-0.292957
-0.202725
-0.026773
0.206732
0.281404
0.146199
-0.101708
-0.248018
-0.273091
-0.144141
0.248018
0.624045
0.660961
0.245847
-0.298923
-0.565923
-0.461291
-0.131035
0.231565
0.447209
0.339525
-0.073613
-0.515070
-0.615053
-0.318541
0.124820
0.466377
0.531296
0.333286
-0.023620
-0.342612
-0.390064
-0.178042
0.138452
0.328048
0.299157
0.136789
-0.057705
-0.232938
-0.288559
-0.137467
0.161067
0.369931
0.288580
0.055336
-0.174424
-0.276847
-0.203120
0.000749
0.234063
0.306714
0.121141
-0.130998
-0.206845
-0.120891
0.005424
0.033475
0.011155
0.002666
0.005091
0.010782
-0.016069
-0.041228
-0.049582
-0.033109
-0.000629
0.048268
0.106865
0.098207
0.012805
-0.068013
-0.030228
0.069508
0.094633
0.037637
-0.039652
-0.026726
0.026513
0.028115
-0.044807
-0.060432
0.021910
0.013279
0.002705
-0.014953
-0.110490
-0.180281
-0.194754
-0.063378
0.123973
0.196413
0.100179
-0.085270
-0.182702
-0.168506
-0.061798
0.119635
0.249170
0.239988
0.108015
-0.099778
-0.234772
-0.220761
-0.058048
0.140253
0.227678
0.145337
-0.067652
-0.245216
-0.269701
-0.116489
0.099822
0.215875
0.153507
-0.007540
-0.145751
-0.169348
-0.091520
0.026569
0.141803
0.177043
0.115014
0.011433
-0.040773
-0.036452
-0.013417
0.030605
0.062865
0.053298
0.000223
-0.067728
-0.087203
-0.053217
0.008657
0.072428
0.074057
0.004210
-0.051275
-0.018286
0.117857
0.241712
0.234501
0.142047
0.054520
0.012769
-0.002381
-0.055154
-0.108877
-0.188340
-0.306721
-0.356937
-0.325281
-0.194615
-0.071997
-0.045939
-0.083665
-0.115714
-0.062663
0.032270
0.164867
0.296564
0.318748
0.208250
0.023443
-0.114835
-0.118667
-0.001330
0.117208
0.126246
0.016462
-0.144095
-0.236517
-0.190290
-0.035928
0.141737
0.214029
0.125699
-0.037875
-0.126609
-0.048252
0.101471
0.167458
0.098762
-0.031508
-0.114909
-0.105853
-0.025445
0.068139
0.094016
0.020064
-0.093089
-0.121801
-0.033054
0.073619
0.105582
0.057658
-0.009911
-0.039747
-0.018384
0.034488
0.105100
0.120809
0.056246
-0.036243
-0.071581
-0.021858
0.046177
0.049379
-0.011174
-0.058794
-0.065095
-0.044716
-0.042749
-0.029724
0.001867
0.011420
-0.003108
-0.031909
-0.036346
-0.012284
-0.011350
-0.025661
-0.021534
0.015097
0.042552
0.023573
0.008396
0.026607
0.060705
0.055259
0.003383
-0.026273
-0.000430
0.035495
0.036329
0.014680
-0.011268
-0.040322
-0.073145
-0.088173
-0.065204
-0.019923
0.022421
0.015395
-0.022565
-0.035434
-0.021921
-0.000709
0.006045
0.023021
0.033046
0.012382
-0.014129
-0.031907
-0.012463
0.026694
0.033602
0.021693
0.013398
0.015328
0.019936
0.013532
-0.003624
-0.018585
-0.012880
-0.008230
-0.005622
-0.000551
0.018042
0.029029
0.011421
-0.021788
-0.024983
0.002697
0.021249
0.026799
0.003820
