-0.001249
-0.001142
-0.001438
-0.001606
-0.001537
-0.001621
-0.001095
-0.001570
-0.000917
-0.000615
-0.000653
-0.000403
-0.000634
-0.000646
-0.000719
-0.000337
-0.000185
-0.000199
-0.000140
-0.000356
-0.000639
-0.000831
-0.000780
-0.000491
-0.000425
-0.000588
-0.000870
-0.001336
-0.001808
-0.001990
-0.002451
-0.003003
-0.004025
-0.004962
-0.006106
-0.007049
-0.008269
-0.010460
-0.012306
-0.015832
-0.019416
-0.025626
-0.031315
-0.036782
-0.037751
-0.033239
-0.021260
0.008479
0.045389
0.069968
0.086374
0.077369
0.039362
-0.026238
-0.075301
-0.052038
-0.027578
0.040122
0.110684
0.110402
0.064341
-0.036868
-0.104771
-0.114666
-0.057282
0.052347
0.121774
0.130287
0.061113
-0.044270
-0.098781
-0.112501
-0.073467
-0.002900
0.045107
0.074033
0.065340
0.025900
-0.014830
-0.035848
-0.023735
-0.000938
0.027614
0.063158
0.049791
0.004858
-0.048883
-0.099884
-0.055667
0.025124
0.085208
0.089785
0.018639
-0.059607
-0.089600
-0.046229
0.031406
0.106384
0.098789
0.026281
-0.057618
-0.107441
-0.093195
-0.013816
0.073712
0.105549
0.077051
-0.008078
-0.086667
-0.113571
-0.059462
0.044251
0.119415
0.119079
0.039297
-0.054060
-0.092212
-0.071005
-0.006971
0.060544
0.066258
-0.008045
-0.049118
-0.094755
-0.124991
-0.058632
0.049730
0.128557
0.109551
0.030078
-0.064611
-0.100913
-0.066744
0.014697
0.104122
0.168076
0.104541
0.003002
-0.097609
-0.128578
-0.068431
0.006751
0.108452
0.059054
0.052444
-0.038208
-0.094834
-0.057578
0.002973
0.215038
0.116142
-0.031486
-0.120925
-0.221116
-0.136874
-0.055093
0.146404
0.095836
-0.030875
-0.098151
-0.311181
-0.190371
-0.057587
0.137986
0.322100
0.268392
0.097076
-0.228764
-0.378069
-0.196017
0.158893
0.459175
0.437719
0.149448
-0.221048
-0.506601
-0.423164
-0.165376
0.164770
0.312242
0.136930
-0.202317
-0.404435
-0.275497
-0.077927
0.211046
0.339261
0.258663
0.095798
-0.054917
-0.105589
-0.064532
0.002308
0.093426
0.221134
0.170643
0.179211
0.043095
-0.139414
-0.205866
-0.159301
-0.027998
0.067498
0.115972
0.076052
0.009441
-0.150076
-0.093969
-0.061423
0.052609
0.083719
-0.009738
-0.029118
-0.068143
0.001221
0.115863
0.197394
0.170293
0.088931
0.032795
0.084099
0.067555
0.001548
-0.075686
-0.191151
-0.236573
-0.222509
-0.216634
-0.035132
0.014562
-0.014028
-0.072554
-0.201014
-0.176148
-0.099705
0.192178
0.401853
0.431392
0.276760
-0.108192
-0.324078
-0.330939
-0.194898
0.105213
0.300456
0.350265
0.164343
-0.156974
-0.362376
-0.293127
0.034441
0.305035
0.425875
0.245432
-0.071817
-0.307084
-0.354732
-0.134677
0.090246
0.195548
0.182753
-0.065069
-0.243617
-0.199031
0.011027
0.342932
0.397441
0.276128
0.041913
-0.162217
-0.096876
-0.066550
-0.027264
0.019985
-0.052210
-0.043821
-0.088673
-0.098322
-0.002352
0.083709
0.158536
0.065693
-0.037941
-0.076795
-0.040478
0.072701
0.179160
0.138325
-0.019087
-0.177579
-0.262347
-0.197042
-0.003555
0.199606
0.207781
0.082589
-0.068492
-0.140824
-0.073615
0.018998
0.080573
0.042399
-0.089834
-0.159136
-0.204711
-0.168745
-0.089827
-0.019410
0.044921
0.041196
0.082664
0.138083
0.149217
0.127795
0.025267
-0.031537
-0.035631
-0.042427
0.016055
0.050773
0.052429
0.001450
-0.069593
-0.155102
-0.192322
-0.107477
0.036994
0.142519
0.191568
0.134677
0.004170
-0.054271
-0.055368
-0.004083
0.033617
0.010027
-0.011962
-0.055243
-0.064382
-0.014083
0.009307
0.065590
0.053695
0.025085
-0.022861
-0.053670
0.030996
0.144256
0.249237
0.268822
0.204796
0.134722
0.105793
0.115232
0.094587
-0.056385
-0.175537
-0.341539
-0.389061
-0.337579
-0.317711
-0.213956
-0.239059
-0.218421
-0.217190
-0.193616
-0.074639
0.036240
0.305598
0.448736
0.444576
0.332070
0.041036
-0.066237
-0.095750
-0.013440
0.118220
0.061617
-0.026744
-0.199977
-0.281457
-0.236897
-0.136041
0.041079
0.086121
0.079778
0.022931
-0.051338
0.010557
0.102291
0.169163
0.107983
-0.031275
-0.118551
-0.112301
-0.014782
0.059407
0.048092
-0.027159
-0.107671
-0.120988
-0.042764
0.056515
0.123445
0.113315
0.028661
-0.052575
-0.056509
0.010269
0.076466
0.073534
0.014664
-0.049683
-0.074254
-0.042611
-0.010598
-0.012395
-0.043518
-0.051947
-0.030943
-0.015916
-0.008166
0.008478
0.029200
0.030881
0.031592
0.019162
0.010807
0.020916
0.031477
0.060797
0.066650
0.032308
-0.014153
-0.048497
-0.015281
0.029574
0.039512
0.035532
0.012000
-0.007923
-0.021742
-0.010692
-0.000452
0.007243
0.017636
0.003098
-0.007304
-0.025902
-0.045041
-0.024981
0.000350
0.008300
-0.008775
-0.024720
-0.011097
0.024343
0.041824
0.020500
-0.007961
-0.048757
-0.042938
-0.006437
0.030320
0.049969
0.013960
-0.022115
-0.030353
-0.007040
0.010647
