0.000047
-0.000826
-0.001933
-0.003150
-0.003374
-0.002348
-0.000395
0.000844
0.000665
-0.000958
-0.002814
-0.003578
-0.002130
0.000579
0.002208
0.001834
0.000519
-0.001000
-0.001057
-0.001184
-0.001316
-0.001509
-0.003128
-0.004546
-0.005003
-0.003023
-0.001738
0.000254
0.000845
0.001197
-0.001811
-0.003616
-0.005626
-0.005316
-0.006916
-0.007681
-0.010835
-0.011855
-0.014782
-0.016906
-0.017704
-0.022639
-0.015535
-0.041679
-0.027154
-0.046438
-0.076271
-0.072223
-0.100662
-0.113508
-0.114861
-0.118029
-0.106083
-0.058832
-0.017530
0.074673
0.178252
0.289766
0.308858
0.337861
0.271331
0.080559
-0.061629
-0.188029
-0.213007
-0.219870
-0.051543
0.143673
0.190578
0.141825
-0.017513
-0.126614
-0.164630
-0.108008
0.075985
0.264412
0.339615
0.102302
-0.152072
-0.314895
-0.350232
-0.153425
0.078851
0.242588
0.187053
0.012043
-0.106495
-0.051886
0.032677
0.142755
0.210612
0.191272
0.073132
-0.114131
-0.145469
-0.054155
0.087363
0.092841
-0.031859
-0.093082
-0.078833
0.024612
0.114445
0.111956
0.065069
-0.003557
-0.042761
-0.048425
-0.040647
-0.005364
0.012154
0.007947
-0.033113
-0.103756
-0.128846
-0.084647
0.036936
0.070878
0.053019
-0.009627
-0.071828
-0.062865
-0.077035
-0.060132
-0.040400
-0.043763
0.011548
0.046116
0.089325
0.069593
-0.051477
-0.098697
-0.092314
0.010289
0.103022
0.178505
0.135722
0.028163
-0.065505
-0.106190
-0.063271
-0.000969
0.045199
0.092191
0.093876
0.058235
0.070520
0.002046
0.016918
0.027598
0.076897
0.056630
0.018689
-0.016051
-0.231888
-0.205574
-0.130864
-0.051856
0.135242
0.195921
0.234607
0.068421
-0.051867
-0.130375
-0.113346
-0.028097
0.016143
0.176010
0.101916
-0.055766
-0.253050
-0.292708
-0.168973
-0.016489
0.184051
0.094008
-0.240349
-0.530777
-0.586210
-0.137551
0.401433
0.755091
0.674558
0.131310
-0.384517
-0.544216
-0.172482
0.281912
0.525619
0.450654
0.120509
-0.221384
-0.364806
-0.259731
-0.155336
-0.074489
-0.014222
-0.051931
0.042376
0.209385
0.242855
0.032500
-0.325059
-0.423216
-0.123815
0.297126
0.461730
0.214475
-0.318063
-0.582281
-0.357802
0.121381
0.473269
0.377845
-0.032076
-0.417750
-0.308324
0.074771
0.381847
0.306959
0.072436
-0.054267
-0.281947
-0.105812
0.025576
-0.036194
-0.114140
-0.153148
0.155155
0.314414
0.330831
0.121774
-0.185346
-0.192997
-0.132562
0.176250
0.421346
0.327284
0.129546
-0.249555
-0.418975
-0.354855
-0.235162
-0.095576
-0.017913
0.099392
0.155804
0.172546
0.170440
0.086565
0.004220
0.002814
-0.009343
0.111790
0.212550
0.352437
0.481963
0.389802
0.114615
-0.229166
-0.201220
-0.375031
-0.431287
-0.209409
-0.311164
-0.319696
-0.205600
0.163220
0.368277
0.086791
-0.151416
-0.573374
-0.665364
-0.326886
-0.050582
0.281318
0.512433
0.588270
0.407160
0.007773
-0.249111
-0.171192
-0.000310
0.113440
0.181842
0.310391
0.329913
0.129756
-0.137093
-0.337718
-0.305672
-0.172188
-0.025116
0.007810
-0.020002
-0.006296
-0.063865
-0.096447
-0.161536
-0.169330
0.059410
0.191434
0.093870
-0.177242
-0.492799
-0.426590
-0.042744
0.437820
0.610895
0.289269
-0.084793
-0.251532
-0.034266
0.309070
0.348848
0.175897
-0.031514
-0.062470
0.047203
0.043690
-0.016090
-0.122721
-0.162109
-0.010161
0.107347
0.117191
0.021926
-0.115122
-0.064324
0.014697
0.057409
0.107577
0.041798
0.019164
-0.008605
-0.043219
-0.021259
-0.061728
-0.064379
-0.021756
-0.019997
-0.009370
-0.009345
-0.015620
0.001458
0.006329
0.022301
-0.010880
-0.013413
0.020842
0.063625
0.023025
-0.070576
-0.097215
-0.028469
0.057679
0.101524
0.084358
-0.052702
-0.092322
-0.069193
0.019728
0.099166
0.071363
0.020506
-0.009174
-0.024100
0.033608
0.077726
0.077487
0.059325
-0.030118
-0.087640
-0.092440
-0.047963
0.016672
0.029042
-0.042555
-0.057183
-0.046052
0.019881
0.085039
0.015033
-0.063291
-0.079183
-0.000010
0.106480
0.107064
0.007235
-0.092233
-0.144825
-0.029435
0.134995
0.132148
0.042178
-0.088330
-0.101008
0.045307
0.102746
0.051586
-0.032835
-0.096640
-0.023150
0.032654
0.024438
-0.033115
-0.146282
-0.111674
0.004523
0.088479
0.091778
-0.009060
-0.079020
-0.029396
0.098457
0.141304
0.032353
-0.113948
-0.134629
-0.024868
0.045128
0.046233
-0.020967
-0.076226
-0.059386
-0.025843
0.011928
-0.012244
-0.078588
-0.053175
0.041872
0.097542
0.031189
-0.097654
-0.181095
-0.124964
0.048015
0.117218
0.044625
-0.084808
-0.137066
-0.046664
0.062978
0.109262
0.078827
-0.020752
-0.066649
-0.040891
-0.009466
0.020105
0.033822
0.029503
0.017004
-0.003314
-0.005029
0.026453
0.042286
0.046008
0.031406
-0.014821
-0.040997
-0.041026
0.006648
0.076691
0.050795
-0.049951
-0.130675
-0.113639
-0.014262
0.073441
0.070011
0.008925
-0.045519
-0.058404
-0.006065
0.037623
0.035256
0.000115
-0.031365
-0.014903
0.029862
0.045808
0.019696
-0.028663
-0.061955
-0.041569
0.016476
0.059087
0.062525
0.028378
0.000662
0.004881
0.011527
0.009605
0.004329
0.016360
0.033904
0.037308
0.023671
0.002682
-0.002495
0.002522
-0.007311
-0.025411
-0.029912
-0.014901
0.008805
0.008210
-0.015349
-0.038022
-0.045509
-0.024300
0.012302
0.036180
0.032550
0.004919
-0.021224
-0.019923
0.008227
0.034057
