-0.003597
-0.003479
-0.003298
-0.002938
-0.002659
-0.002371
-0.001978
-0.001643
-0.001653
-0.001574
-0.001604
-0.001143
-0.000866
-0.000850
-0.001308
-0.001608
-0.001912
-0.002101
-0.002096
-0.002614
-0.002546
-0.002451
-0.001414
-0.001453
-0.000746
-0.002110
-0.001783
-0.002547
-0.002172
-0.004009
-0.004497
-0.005905
-0.005530
-0.005466
-0.005318
-0.005142
-0.007009
-0.005805
-0.009838
-0.006630
-0.013379
-0.009383
-0.019831
-0.015175
-0.028892
-0.025053
-0.044075
-0.045777
-0.071272
-0.083007
-0.113468
-0.130995
-0.159983
-0.185180
-0.137152
-0.146057
-0.008039
0.068066
0.266056
0.239285
0.410380
0.381022
0.066883
0.076525
-0.168204
-0.167361
-0.105300
0.067932
0.280431
0.252191
0.144522
-0.150259
-0.315507
-0.254533
-0.208438
0.038676
0.227071
0.251553
0.155556
-0.087335
-0.144110
-0.036652
0.143620
0.137267
-0.031622
-0.180505
-0.187807
0.010165
0.140504
0.218673
0.243115
0.130406
-0.031404
-0.203004
-0.123224
0.126935
0.298873
0.298363
0.085748
-0.115685
-0.210628
-0.167307
-0.065575
-0.058223
0.033662
0.147782
0.136002
-0.004274
-0.319517
-0.465695
-0.322354
0.029051
0.354074
0.288509
-0.032585
-0.363131
-0.424171
-0.085790
0.291674
0.443036
0.293944
-0.060772
-0.254566
-0.120492
0.222911
0.409917
0.252882
-0.097696
-0.379290
-0.325659
-0.022895
0.277526
0.377757
0.183567
-0.173699
-0.396225
-0.305277
0.048668
0.367354
0.421842
0.179016
-0.197280
-0.350140
-0.228417
0.122963
0.346450
0.222085
-0.054502
-0.298597
-0.225446
0.031251
0.244504
0.229641
-0.013573
-0.181010
-0.166308
0.014719
0.179535
0.131596
-0.038006
-0.159525
-0.119679
0.010308
0.094668
0.074824
-0.036594
-0.095524
-0.106455
-0.053148
0.019713
0.075897
0.107774
0.047739
-0.049613
-0.145138
-0.148105
-0.058156
0.037209
0.084073
0.059622
-0.011712
-0.083424
-0.089639
-0.037677
0.004886
0.026637
0.005280
-0.048928
-0.063988
-0.064009
-0.037000
0.020778
0.007131
-0.001862
-0.023331
0.001541
0.037934
-0.035244
-0.080533
-0.150525
-0.127328
-0.069262
-0.064064
-0.034310
-0.050085
-0.031899
-0.030056
-0.069684
-0.024361
0.060095
0.159362
0.238025
0.222233
0.217602
0.105589
0.025202
-0.033482
-0.190449
-0.220310
-0.241716
-0.177333
-0.116578
-0.065959
0.066265
0.104430
0.073660
-0.002043
-0.137605
-0.148038
-0.032683
0.142678
0.361085
0.395640
0.338284
0.123787
-0.062787
-0.117738
-0.076904
0.200250
0.206701
0.030065
-0.195092
-0.409126
-0.367564
-0.203042
0.130415
0.354861
0.331784
0.161734
-0.155443
-0.342783
-0.274572
-0.024278
0.296566
0.281196
0.099964
-0.230217
-0.617684
-0.554476
-0.316480
-0.012567
0.075466
-0.027863
-0.070605
-0.143395
-0.112577
-0.046963
0.222647
0.625020
0.599715
0.243249
-0.201013
-0.357406
-0.059075
0.240754
0.380408
0.133998
-0.251879
-0.424185
-0.280388
0.104107
0.327711
0.260801
0.022974
-0.143380
-0.136224
0.048224
0.258110
0.301986
0.121749
-0.195200
-0.354703
-0.170926
0.144854
0.265347
0.030702
-0.258221
-0.304923
-0.076036
0.247423
0.296032
0.134573
-0.068788
-0.168425
-0.055032
0.142492
0.288104
0.250210
0.011961
-0.197716
-0.198457
-0.069692
0.064250
0.091850
-0.006407
-0.130117
-0.192820
-0.130821
-0.014687
0.019798
-0.043988
-0.137665
-0.131810
-0.012061
0.095105
0.115066
0.000176
-0.141867
-0.207655
-0.140256
0.016367
0.129963
0.116983
-0.007186
-0.113349
-0.115786
-0.000112
0.159521
0.260356
0.238010
0.138439
0.029706
0.015632
0.082554
0.130230
0.081420
-0.068383
-0.184603
-0.143117
-0.021862
0.053885
0.011198
-0.107919
-0.169448
-0.152406
-0.024355
0.108090
0.131457
0.037425
-0.108062
-0.124193
-0.021689
0.083008
0.112355
0.050945
-0.014611
-0.036768
0.012219
0.058990
0.084906
0.089964
0.082034
0.069160
0.041479
0.032212
-0.017547
-0.029535
-0.003420
0.024386
0.042787
0.001821
-0.035961
-0.045571
-0.002524
0.055991
0.045949
0.002630
-0.038391
-0.038495
0.020910
0.046330
0.020656
-0.025308
-0.051820
-0.032139
-0.010635
0.009013
0.017575
-0.012477
-0.007520
0.014706
0.013973
-0.001494
-0.033529
-0.035067
-0.023253
-0.011542
-0.000419
0.009090
-0.003474
-0.018714
-0.029146
-0.023920
-0.002231
0.016034
0.032270
0.023834
0.010177
-0.011786
-0.044668
-0.042080
0.006703
0.057021
0.054738
-0.015018
-0.061898
-0.054164
-0.014761
0.017423
0.002660
0.001076
-0.004271
-0.011008
-0.008916
-0.019575
-0.014574
-0.006369
0.002318
0.003407
0.010621
0.003851
-0.025052
-0.039254
-0.024596
0.023854
0.050519
0.026238
-0.020830
-0.038610
-0.011137
0.019787
0.034942
0.008536
-0.022269
-0.007434
0.016006
0.027041
0.005046
-0.021524
-0.010505
0.021002
0.042044
0.028221
-0.007893
-0.035790
-0.039624
-0.012538
0.020057
0.043775
0.031932
-0.017489
-0.043297
-0.019826
0.027898
0.037613
0.002522
-0.035678
-0.033602
0.008868
