0.000490
-0.000089
-0.000692
-0.001377
-0.001377
-0.000052
0.001481
0.002556
0.002856
0.001344
-0.000887
-0.002579
-0.001766
0.000121
0.003081
0.003838
0.003311
0.000319
-0.002612
-0.004726
-0.003538
-0.000007
0.003263
0.003641
0.000145
-0.004260
-0.008540
-0.007481
-0.004772
-0.001093
-0.007178
-0.007745
-0.020372
-0.027650
-0.052313
-0.041426
-0.064990
-0.131011
-0.040408
-0.053153
-0.091840
0.006184
0.021636
0.013080
-0.031555
-0.047190
0.049325
0.099593
0.114755
0.142316
0.171033
0.081166
-0.068882
-0.081307
-0.030678
0.094100
0.145927
0.073826
-0.010348
-0.113511
-0.105638
-0.026352
0.053842
0.070649
0.024611
-0.066458
-0.108235
-0.123157
-0.117861
0.023787
0.065678
-0.064444
-0.093937
0.031117
0.108561
0.138769
0.004539
-0.179988
-0.137255
0.029886
0.333460
0.477601
0.215074
-0.125600
-0.559503
-0.659809
-0.130610
0.486746
0.664333
0.250919
-0.266283
-0.627039
-0.479591
0.063764
0.302164
0.317491
0.207748
0.096837
-0.036401
-0.219904
-0.087358
0.126541
0.183784
-0.005284
-0.176713
-0.095650
0.073116
0.022183
-0.372855
-0.582692
-0.449127
-0.053477
0.529621
0.781885
0.511019
-0.066814
-0.392017
-0.278368
-0.101385
0.116446
0.255313
0.339123
0.135904
-0.265805
-0.474489
-0.495343
-0.266075
0.160062
0.540264
0.546896
0.187587
-0.090110
-0.098821
-0.047168
-0.029705
0.076265
0.294779
0.334492
0.078695
-0.294736
-0.426633
-0.225467
0.105155
0.288253
0.152647
-0.092478
-0.154935
0.063808
0.249238
0.138990
-0.133303
-0.216953
0.006389
0.233393
0.245569
0.062021
-0.066860
-0.022068
0.086330
0.149830
0.051131
-0.071276
-0.063555
-0.090727
-0.169467
-0.270654
-0.362681
-0.339210
-0.103007
0.284542
0.434279
0.190090
-0.159864
-0.244025
-0.151444
-0.056594
0.110539
0.301675
0.311109
0.064840
-0.189670
-0.260982
-0.193266
-0.046612
0.139868
0.283512
0.236009
0.063580
-0.046181
-0.095911
-0.109436
-0.076487
0.038697
0.097385
-0.048332
-0.231740
-0.216233
-0.005050
0.116815
0.003578
-0.133318
-0.093207
0.092460
0.229992
0.197306
0.032811
-0.162871
-0.228245
-0.092047
0.107610
0.167516
0.022379
-0.149371
-0.158374
-0.022520
0.082369
0.063141
0.010801
-0.010083
-0.002205
0.008988
0.023746
0.019466
-0.055266
-0.136694
-0.095566
0.048665
0.144967
0.090846
-0.021857
-0.059475
-0.032413
0.011341
0.044321
0.055071
0.003105
-0.079513
-0.098724
-0.038427
0.008669
-0.019742
-0.065053
-0.048154
0.022176
0.053938
0.020836
-0.023615
-0.041566
-0.048203
-0.036537
0.005460
0.041534
0.024237
-0.031621
-0.065728
-0.047519
-0.001668
0.007945
0.003804
0.009238
0.018147
0.014581
-0.013857
-0.030439
-0.037618
-0.039290
-0.030268
-0.009447
0.017389
0.011682
-0.012951
-0.007772
0.008058
0.022366
0.019280
0.013883
0.000393
-0.019426
-0.050530
-0.101036
-0.118060
-0.113322
-0.100010
-0.086451
-0.053122
0.013831
0.065577
0.088528
0.090776
0.079094
0.074333
0.070240
0.087594
0.101418
0.078638
0.026413
-0.035652
-0.076394
-0.089623
-0.084233
-0.058892
-0.039255
-0.041045
-0.051495
-0.056088
-0.028395
-0.000968
0.020817
0.021471
-0.004157
-0.012641
0.004007
0.035730
0.058253
0.047430
0.019763
-0.001610
0.009674
0.039451
0.055255
0.042330
-0.007115
-0.050269
-0.049398
-0.014026
0.018802
0.002646
-0.036702
-0.049245
-0.043118
0.000274
0.027214
0.011251
-0.013211
-0.005023
0.035890
0.049745
0.035441
-0.004820
-0.038064
-0.030648
-0.000327
0.029969
0.044211
0.032796
0.011848
-0.008541
-0.011251
0.001257
0.012195
0.013910
