0.002046
0.000085
-0.001526
-0.001439
0.000000
0.001856
0.003066
0.003547
0.001682
-0.000903
-0.003493
-0.003457
-0.001850
0.000361
0.001075
-0.000120
-0.003360
-0.010821
-0.022790
-0.026788
-0.023028
-0.049097
-0.031224
-0.002239
-0.003904
0.011548
0.032517
0.069868
0.017439
-0.002569
-0.007973
-0.017219
-0.008402
-0.126738
-0.100140
-0.062663
-0.087079
-0.025579
0.017616
0.101063
0.100058
-0.007852
-0.103043
-0.117777
0.027069
0.141055
0.182201
0.132661
-0.038317
-0.143514
-0.192807
-0.053578
0.132688
0.181507
0.149426
-0.024698
-0.184781
-0.142552
0.145561
0.385196
0.245023
-0.102337
-0.345949
-0.320431
-0.080582
0.179906
0.373054
0.318411
-0.084290
-0.530208
-0.505652
-0.000337
0.466086
0.535528
0.256784
-0.119828
-0.360820
-0.313103
-0.012479
0.296856
0.364031
0.168691
-0.119050
-0.292541
-0.229030
-0.021199
0.174969
0.229000
0.076765
-0.114689
-0.218686
-0.175927
-0.022404
0.092255
0.069071
-0.077517
-0.180047
-0.077860
0.183159
0.400073
0.326343
-0.042522
-0.236798
-0.123186
0.106566
0.230894
-0.013661
-0.407686
-0.532074
-0.179863
0.343900
0.509619
0.228958
-0.257682
-0.505140
-0.315943
0.117203
0.482169
0.457992
0.155559
-0.154679
-0.316545
-0.275998
-0.138539
0.014968
0.089509
0.073758
0.037781
-0.003567
-0.033365
-0.072007
-0.048227
0.095499
0.247726
0.237768
0.006449
-0.193296
-0.178116
-0.006739
0.098382
-0.007789
-0.165843
-0.170189
0.046169
0.253581
0.206097
-0.048986
-0.275468
-0.218511
0.076409
0.300339
0.235368
-0.052256
-0.248323
-0.176649
0.041112
0.167156
0.077906
-0.055456
-0.083606
-0.009969
0.097717
0.075449
-0.063780
-0.167104
-0.118540
0.030012
0.120250
0.102667
-0.005808
-0.089389
-0.055732
0.038293
0.086994
0.045750
-0.004100
-0.009506
-0.023217
-0.038806
-0.040427
-0.044508
-0.053892
-0.057454
-0.044321
-0.017174
0.026639
0.042922
0.026537
0.010134
-0.004550
0.018058
0.068322
0.098198
0.073131
-0.000585
-0.046885
-0.046898
-0.041832
-0.055034
-0.062975
-0.020005
0.038340
0.058189
0.023702
-0.041706
-0.074125
-0.037125
0.044360
0.103597
0.079906
-0.003315
-0.073412
-0.081030
-0.008370
0.059987
0.044209
-0.032908
-0.085494
-0.050258
0.027940
0.068424
0.028252
-0.051073
-0.073531
-0.019116
0.059937
0.082678
0.015324
-0.056365
-0.057421
0.005342
0.068402
0.051105
-0.025472
-0.067308
-0.028710
0.046081
0.065617
0.014052
-0.052945
-0.069713
-0.011538
0.043191
0.033060
-0.016938
-0.059612
-0.057709
-0.027933
0.004424
0.011253
-0.001632
-0.002994
0.009715
0.014219
-0.017781
-0.054161
-0.048172
0.003606
0.040402
0.014705
-0.055937
-0.096938
-0.054638
0.012874
0.037773
0.008774
-0.037206
-0.045686
-0.002142
0.047651
0.053530
0.019982
-0.019273
-0.022596
0.009407
0.032757
0.014796
-0.032269
-0.048704
-0.015909
0.025995
0.034663
-0.001159
-0.030927
-0.027862
-0.008927
0.011886
0.008743
-0.011710
-0.018163
-0.011958
-0.002901
-0.003863
-0.015093
-0.012702
0.002632
0.027083
0.028915
