-0.004632
-0.005041
-0.004107
-0.002075
-0.001540
-0.000974
-0.002498
-0.004325
-0.009431
-0.013507
-0.018410
-0.021629
-0.023631
-0.020752
-0.014857
-0.017162
0.006000
0.025233
0.034982
0.046488
0.050551
0.027130
-0.019291
-0.047668
-0.036679
-0.001145
0.033900
0.053736
0.043593
-0.000309
-0.066866
-0.094311
-0.059891
0.019920
0.084642
0.086183
0.026023
-0.047099
-0.075477
-0.043120
0.020774
0.060664
0.053372
0.006480
-0.040261
-0.054714
-0.023748
0.024487
0.053580
0.036245
-0.013301
-0.048617
-0.037648
0.010100
0.042713
0.025456
-0.030658
-0.063006
-0.042780
0.016158
0.055221
0.049377
0.010355
-0.008178
-0.007842
0.005121
0.005768
0.000489
-0.012936
-0.003499
0.019539
0.001175
0.025436
-0.042388
-0.095308
-0.072616
-0.033333
-0.008066
-0.018458
0.017068
0.047908
0.017151
-0.025909
-0.043009
-0.047333
-0.051967
-0.054369
0.016786
0.069171
0.033558
-0.058637
-0.118432
-0.117444
0.005841
0.207333
0.288899
0.218001
0.045959
-0.108956
-0.174612
-0.133235
0.007943
0.155439
0.201698
0.093798
-0.113355
-0.239046
-0.194373
-0.058631
0.088472
0.151359
0.084276
-0.021952
-0.050158
0.002100
0.039298
0.036585
0.030102
0.029367
0.001705
-0.037475
-0.041347
0.028266
0.081884
0.064401
-0.015956
-0.093618
-0.068549
0.023095
0.107117
0.080882
0.008973
-0.067183
-0.070999
-0.017667
0.029963
0.041362
-0.020321
-0.036261
-0.015092
-0.019628
-0.046273
-0.045719
-0.087559
-0.132157
-0.098436
0.018240
0.146890
0.161724
0.079171
-0.036710
-0.077007
-0.022521
0.187997
0.306094
0.148080
-0.091117
-0.350538
-0.382679
-0.106430
0.183985
0.220859
0.074514
-0.127831
-0.213513
-0.110510
0.154881
0.281977
0.173593
0.009809
-0.140448
-0.071361
-0.158535
-0.219368
-0.128542
-0.198619
-0.247103
0.001979
0.447008
0.621877
0.299648
-0.137628
-0.389895
-0.346734
0.025569
0.459067
0.699266
0.400163
-0.211892
-0.689269
-0.687283
-0.223754
0.301008
0.551019
0.358698
-0.102087
-0.425576
-0.400182
-0.121093
0.192085
0.315016
0.199015
-0.048552
-0.224705
-0.261364
-0.098146
0.127436
0.129438
-0.043607
-0.134997
-0.007744
0.229555
0.332213
0.172233
-0.123251
-0.245360
-0.144557
0.021166
0.155802
0.049526
-0.171476
-0.178600
-0.056580
0.043057
0.016160
-0.001204
0.095186
0.118277
0.083632
-0.103255
-0.253848
-0.170413
-0.037736
0.096461
0.162840
0.137628
0.087657
0.011964
-0.052550
-0.100252
-0.094029
0.042088
0.261291
0.345051
0.140939
-0.154545
-0.310551
-0.262205
-0.126027
0.034290
0.089988
0.028282
-0.010759
-0.045737
-0.038298
0.014778
0.073205
0.149162
0.174115
0.134537
0.047944
-0.040010
-0.050370
0.042928
0.148870
0.074715
-0.139161
-0.298970
-0.209337
0.063578
0.262011
0.209987
-0.068183
-0.280592
-0.207309
0.062635
0.243299
0.171574
-0.051864
-0.178758
-0.059857
0.154598
0.197909
0.071051
-0.100665
-0.180179
-0.097588
0.042950
0.086135
-0.000309
-0.076848
-0.046069
0.057949
0.095483
0.048156
-0.060201
-0.092510
0.044204
0.204222
0.242351
0.084926
-0.138543
-0.235499
-0.159869
-0.029297
-0.035268
-0.119390
-0.157878
-0.182622
-0.133294
-0.048249
-0.018377
-0.037073
0.018641
0.183682
0.237714
0.114629
-0.012867
-0.017816
0.081437
0.094475
0.014905
-0.026523
0.006584
0.098306
0.108157
-0.029584
-0.253738
-0.312095
-0.088755
0.196020
0.272745
0.081392
-0.189973
-0.273024
-0.116949
0.128224
0.301092
0.231972
-0.035442
-0.268356
-0.259179
-0.008652
0.220916
0.199309
-0.048230
-0.247816
-0.171740
0.057260
0.209320
0.138780
-0.045722
-0.110972
-0.031291
0.099327
0.140993
0.065931
-0.060120
-0.119421
-0.033335
0.065951
0.084716
0.019503
-0.044927
-0.026101
0.007405
0.010315
-0.012729
-0.017648
0.011642
-0.002500
-0.042664
-0.071621
-0.059724
0.008423
0.057685
0.081301
0.024373
-0.076255
-0.116928
-0.072965
0.022256
0.020704
-0.084509
-0.166825
-0.132579
-0.014073
0.081082
0.135397
0.139835
0.079865
0.003256
-0.026230
0.028411
0.086587
0.083296
0.042071
0.004647
-0.040674
-0.110710
-0.144705
-0.092839
-0.019981
-0.002046
0.001205
0.005836
0.003658
0.001191
0.009370
0.012983
-0.010748
-0.054285
-0.085616
-0.041953
0.022829
0.020173
-0.016074
-0.045786
-0.013019
0.033144
0.066819
0.090880
0.051087
0.012982
-0.013187
-0.010020
0.003715
-0.022974
-0.040624
-0.051567
-0.037276
-0.007038
0.001514
0.019727
0.022059
0.019004
0.016277
0.004355
0.008739
0.010308
0.017081
-0.001856
-0.029762
-0.036769
-0.024500
0.005241
0.019156
0.014948
-0.008002
-0.015328
0.015932
0.053342
0.058550
0.023178
-0.022943
-0.035869
-0.006482
0.042733
0.051239
0.009628
-0.039756
-0.063819
-0.040706
-0.000899
0.014822
-0.001868
-0.022732
-0.034297
-0.035840
-0.016958
0.024005
0.043993
0.032975
0.015169
0.002777
0.009026
0.010533
0.014273
0.018522
0.013117
-0.002896
-0.025328
-0.030021
-0.015295
0.009087
0.024936
0.015259
-0.012189
-0.016876
-0.000207
0.030195
0.040562
0.009246
