-0.005863
-0.004839
-0.012856
-0.011378
-0.021766
-0.007267
-0.019355
-0.001944
0.019935
0.016912
0.039580
0.038513
0.038469
0.002801
-0.016871
-0.026615
-0.032539
-0.023649
-0.004942
0.002794
-0.006583
-0.023805
-0.050490
-0.040130
-0.024738
0.036451
0.062306
0.081218
0.043288
0.000287
-0.022907
-0.034632
-0.023340
-0.030708
0.039372
0.019493
0.001862
-0.046033
-0.020990
-0.011338
-0.011035
0.033653
0.054958
0.078483
0.024315
0.004942
-0.025810
-0.041349
-0.047673
-0.003254
0.031508
0.034151
0.020465
-0.034656
-0.035289
-0.040256
0.014333
0.069833
0.072929
0.033929
-0.048157
-0.077542
-0.127507
-0.097000
-0.016131
0.087571
0.105490
0.050898
-0.000270
-0.048975
-0.020856
-0.003539
0.071725
0.097136
0.056256
-0.020679
-0.093694
-0.078660
-0.038175
0.031252
0.050375
0.038071
-0.008055
-0.009672
-0.044123
-0.016653
0.022756
-0.011960
-0.064163
-0.077091
-0.030089
-0.091415
-0.047060
0.067987
0.112886
0.012170
0.077237
0.240569
0.235886
0.058382
-0.072499
-0.108428
-0.217501
-0.199900
-0.073041
0.019177
-0.013043
-0.093782
-0.138562
-0.118240
0.007379
0.181661
0.257331
0.273572
0.173779
-0.072493
-0.235096
-0.158840
0.083127
0.218929
0.156351
-0.022122
-0.182676
-0.278213
-0.201645
-0.033271
0.162436
0.228621
0.101123
-0.076256
-0.169003
-0.126984
-0.041825
0.104684
0.158122
0.141660
0.021258
-0.041573
-0.039437
-0.005081
0.071492
0.033709
-0.014728
-0.071413
-0.021757
-0.049358
-0.044376
-0.066975
-0.072361
-0.026931
0.030926
0.142346
0.078295
0.060537
-0.034963
0.034645
-0.019084
-0.072428
-0.025338
-0.061958
-0.145709
-0.158307
-0.016769
0.118454
0.180292
0.143169
0.187487
0.029767
-0.174022
-0.237626
-0.036541
0.166654
0.232224
0.118547
-0.065796
-0.247413
-0.224977
-0.007173
0.068115
0.152863
0.153372
0.038175
-0.147826
-0.197901
-0.091572
0.141280
0.134758
0.038976
-0.012411
-0.211213
-0.236139
-0.048685
0.277189
0.399855
0.223798
-0.055335
-0.169991
-0.283815
-0.283583
-0.081239
0.162637
0.258385
0.086255
-0.058657
-0.232618
-0.304961
-0.178919
0.078012
0.286215
0.338461
0.230055
0.037953
-0.220187
-0.399125
-0.292678
0.001729
0.254633
0.318718
0.200602
-0.014375
-0.190624
-0.234839
-0.078316
0.122686
0.275422
0.220163
0.032480
-0.093482
-0.166976
-0.086851
0.038209
0.099025
0.060055
-0.042932
-0.169439
-0.157735
-0.086008
-0.036499
0.091954
0.168444
0.180296
0.035267
-0.090421
-0.107426
-0.110153
-0.075554
-0.002834
0.077479
0.168995
0.196898
0.173912
0.127037
-0.016075
-0.102657
-0.173488
-0.206447
-0.242083
-0.254571
-0.139113
0.099403
0.273360
0.220807
0.102420
-0.025717
-0.137170
-0.090277
0.147728
0.388517
0.381922
0.057283
-0.360041
-0.598538
-0.515630
-0.178104
0.232811
0.475359
0.423153
0.152541
-0.179564
-0.322128
-0.154921
0.145581
0.364527
0.270749
-0.040536
-0.231609
-0.206252
-0.060211
0.011447
0.022551
0.040719
0.057883
0.054367
0.040458
0.038867
-0.032363
-0.074822
-0.086157
-0.065086
-0.011383
0.010989
0.049374
0.020453
-0.085440
-0.209015
-0.222464
-0.099173
0.057210
0.092152
-0.002172
-0.068678
-0.059186
0.000532
0.089300
0.212860
0.246619
0.123804
-0.013271
-0.032416
0.035403
0.035787
-0.034624
-0.093368
-0.151361
-0.174825
-0.105101
0.020287
0.116160
0.108173
0.044468
0.037136
0.041969
0.032581
0.020758
0.006670
-0.015835
-0.065465
-0.086259
-0.058410
0.006135
0.020485
0.006739
-0.017982
-0.060643
-0.037204
-0.001062
0.065463
0.106945
0.062384
0.002757
-0.036364
-0.029345
0.002614
0.022852
0.038850
0.051842
0.009104
-0.036551
-0.048686
-0.029623
-0.011913
-0.027508
-0.042535
-0.047808
-0.007795
0.041789
0.096634
0.112860
0.060557
0.017507
-0.008947
-0.013649
-0.016848
-0.035541
-0.026679
-0.008138
-0.013005
-0.014178
-0.017001
-0.028033
-0.022877
-0.002034
0.036790
0.059558
0.037480
-0.017095
-0.087602
-0.128997
-0.146976
-0.110397
-0.030427
0.044333
0.051353
-0.003355
-0.039171
-0.031492
0.023037
0.074017
0.100822
0.085007
0.031605
-0.012308
0.002597
-0.007522
-0.053400
-0.077820
-0.057300
-0.010882
-0.024475
-0.048631
-0.048618
-0.048982
-0.049556
-0.023739
0.053566
0.079706
0.036784
-0.010534
-0.021159
0.017032
0.009911
0.016441
0.077044
0.098480
0.044385
-0.021197
-0.042101
-0.019719
-0.006617
-0.014236
0.017533
0.025430
0.012026
-0.008206
-0.030409
-0.026485
-0.024199
-0.024094
-0.025505
-0.008186
0.010723
0.031552
0.005996
-0.024956
-0.013812
0.004937
0.037313
0.045380
0.037349
0.037131
0.026209
0.001920
-0.002861
0.014036
0.019570
0.000387
-0.026739
-0.018627
