0.004997
0.002354
0.000701
0.001687
0.003968
0.005814
0.006142
0.004510
0.001346
-0.000711
-0.000240
0.001679
0.003001
0.003602
0.003726
0.003388
0.002818
0.001818
0.002611
0.001792
0.001261
-0.000715
0.001057
0.001471
0.005488
0.004826
0.005373
0.001159
0.001466
0.001019
0.004840
0.004398
0.002226
-0.000660
-0.006140
-0.004034
-0.007134
-0.003713
-0.016384
-0.019015
-0.044725
-0.049330
-0.097791
-0.049861
-0.163477
-0.161363
-0.023487
-0.115258
0.032008
0.151098
0.209725
0.175417
0.074928
0.075330
0.059428
0.016587
0.033933
0.068852
0.112055
-0.013972
-0.129493
-0.124613
-0.096767
0.014471
0.033660
0.034256
-0.016533
-0.039163
-0.021562
0.049496
0.086343
0.074621
0.023269
-0.051707
-0.085391
-0.066641
0.016813
0.074315
0.065861
-0.021335
-0.067306
-0.047226
0.038436
0.112283
0.100814
0.019843
-0.061906
-0.071281
-0.026758
0.009277
-0.003686
-0.023643
-0.030928
0.001771
0.031487
0.045455
0.038972
-0.012881
0.020078
0.018459
0.047654
0.009628
-0.049111
0.016001
-0.121220
-0.126089
-0.042226
-0.113777
-0.129748
-0.023028
0.110548
0.124544
0.029552
-0.005418
-0.031469
-0.101610
-0.146189
-0.060701
0.115648
0.122815
0.031445
-0.098468
-0.158087
-0.038430
0.133248
0.219792
0.163344
-0.005011
-0.092359
-0.049860
0.025897
0.077815
0.057450
0.013467
-0.074744
-0.143590
-0.134027
-0.038932
0.078582
0.072785
0.005649
-0.059402
-0.055746
0.066974
0.157343
0.133493
0.037042
-0.090377
-0.114895
-0.070771
-0.008268
0.002216
-0.053325
-0.069978
-0.091129
-0.031696
0.013103
0.019661
0.036472
0.006767
-0.015601
0.013235
0.088903
0.117191
0.077566
-0.009563
-0.113353
-0.132352
-0.005254
0.148532
0.180078
0.147261
0.041937
-0.103390
-0.155291
-0.149003
-0.067844
0.071655
0.162202
0.138968
-0.035911
-0.204484
-0.213292
-0.073396
0.097082
0.119322
0.086697
0.008306
-0.084520
-0.091357
-0.007940
0.111480
0.190522
0.144368
-0.090640
-0.170570
-0.218978
-0.311908
-0.135024
-0.079361
-0.186703
-0.025954
0.213228
0.295841
0.040663
-0.141877
0.006488
0.148540
0.264581
0.150876
0.055733
0.062516
0.027043
0.025812
-0.062522
-0.145413
-0.091961
-0.061169
0.001110
-0.008290
-0.077191
0.079618
0.205050
0.252585
0.100680
-0.112153
-0.176054
-0.226984
-0.099024
0.157796
0.313996
0.203414
-0.236562
-0.559482
-0.427179
0.006895
0.499245
0.592450
0.295006
-0.131187
-0.367911
-0.227937
0.005878
0.051488
-0.128636
-0.212179
-0.141616
0.134584
0.486699
0.377618
-0.054919
-0.373136
-0.362935
-0.037083
0.236962
0.425143
0.380382
0.156398
-0.148154
-0.469490
-0.481222
-0.239862
0.263617
0.549264
0.336571
-0.113729
-0.440250
-0.327335
-0.006649
0.244398
0.218757
0.038286
-0.035355
-0.182238
-0.224039
-0.063036
0.149590
0.244725
0.012777
-0.165413
-0.172944
0.027898
0.285976
0.260532
0.069442
-0.197815
-0.265027
-0.073061
0.154427
0.258850
0.062535
-0.240590
-0.333367
-0.129576
0.192248
0.273819
0.105935
-0.141404
-0.233104
-0.065371
0.130675
0.128070
-0.103237
-0.231536
-0.138480
0.074585
0.222600
0.148247
-0.063705
-0.175579
-0.097326
0.010037
0.052858
0.006368
-0.016281
-0.038768
-0.064627
-0.069436
-0.068938
-0.064561
-0.038937
0.103570
0.193056
0.106253
-0.058231
-0.189744
-0.138492
0.021998
0.133676
0.164178
0.025518
-0.140226
-0.181202
-0.084597
0.047340
0.080461
0.058238
0.045794
0.080914
0.101351
0.054666
-0.013527
-0.031556
0.003935
0.071255
0.106889
0.012606
-0.147074
-0.184926
-0.063852
0.101102
0.124199
0.006315
-0.113041
-0.130480
0.009291
0.129412
0.129130
0.020621
-0.112600
-0.121910
-0.000310
0.105323
0.075594
-0.031008
-0.087764
-0.064770
-0.005504
0.044959
0.071410
0.044419
-0.006306
-0.057094
-0.054718
0.004453
0.029796
0.034613
0.002851
-0.030687
-0.011983
0.007969
0.010642
0.016350
-0.000009
0.018072
0.016226
-0.000269
0.006271
0.013518
0.013585
-0.019466
-0.049906
-0.031314
0.047618
0.073543
0.023442
-0.052186
-0.088480
-0.032497
0.021266
0.049947
0.031897
-0.047938
-0.091657
-0.078997
0.005149
0.083488
0.067265
0.004088
-0.065216
-0.055995
0.011618
0.041384
0.051794
-0.001660
-0.042191
-0.044682
-0.009647
0.039849
0.028307
-0.016516
-0.053859
-0.033399
0.026828
0.087381
0.082671
0.033319
-0.011016
-0.009356
0.018457
0.029860
0.025404
0.007134
-0.016269
-0.028232
-0.038897
-0.024818
0.023195
0.046083
0.036723
-0.012793
-0.031114
0.012105
0.031010
0.004408
-0.045325
-0.056561
-0.031563
-0.004323
-0.008852
-0.017029
-0.012814
-0.020072
-0.018070
-0.006482
0.024044
0.031057
0.011463
0.007128
0.034943
0.041490
0.008911
-0.028310
-0.018253
0.013737
0.019510
0.000087
-0.030457
-0.019954
0.012806
0.026885
0.018599
0.001166
-0.017777
-0.029465
-0.017119
0.000271
-0.019813
-0.072716
-0.086741
-0.053633
-0.013138
0.025515
0.047744
0.051044
0.027898
0.021056
0.027284
0.028177
0.025293
0.044376
0.063182
0.045138
0.004407
-0.036512
-0.034016
-0.013405
-0.003416
-0.015213
-0.019077
-0.004283
-0.002665
-0.015431
-0.023049
-0.017986
-0.012503
-0.019787
-0.031046
-0.034827
-0.019242
-0.000820
0.001562
0.001491
0.001474
0.025721
0.041343
0.034554
0.029658
0.032873
0.037774
0.010469
-0.001728
0.007343
