0.000406
0.000446
0.000152
-0.000176
0.000123
0.000381
0.000391
0.000138
-0.000034
0.000232
0.000902
0.001188
0.001415
0.000869
-0.000094
-0.001702
-0.000733
0.000881
0.002233
0.002547
0.001488
0.001023
0.000487
0.001102
0.000712
0.002063
-0.000183
0.000316
-0.002443
-0.001489
-0.004174
-0.002165
-0.010027
-0.012860
-0.022935
-0.037397
-0.059918
-0.061891
-0.055067
-0.087391
-0.005413
0.098691
0.117133
0.116862
0.198451
0.074977
-0.146988
-0.234769
-0.226891
-0.073777
-0.002843
0.129098
0.221436
0.124529
-0.011805
-0.131083
-0.099659
0.025189
0.165073
0.192678
0.000284
-0.084041
-0.062606
0.034393
0.100691
-0.009602
-0.127142
-0.184382
-0.089071
0.047866
0.160554
0.173317
0.115276
-0.005602
-0.143167
-0.149311
-0.009301
0.174460
0.199369
0.037524
-0.160550
-0.203570
-0.057070
0.122081
0.139725
0.001515
-0.162969
-0.071677
0.150576
0.202057
0.105057
-0.059266
-0.158761
-0.095444
0.047078
0.112891
0.034958
-0.065357
-0.064206
-0.018572
0.072385
0.020122
-0.120881
-0.136162
-0.024383
0.105620
0.095072
-0.001173
-0.100055
-0.179486
-0.185372
-0.106933
0.067820
0.249045
0.257958
0.119121
-0.024487
-0.144112
-0.109336
0.038273
0.078279
0.044611
0.042597
0.116479
0.098396
-0.084073
-0.240234
-0.219387
0.004092
0.209720
0.201214
0.035236
-0.145912
-0.155219
-0.042726
0.063460
0.104882
0.050019
-0.037013
-0.120580
-0.139842
-0.076219
0.006543
0.076499
0.038004
-0.037132
-0.010854
0.036449
0.083704
0.101718
0.033532
-0.036485
-0.048044
-0.009032
0.032216
-0.022591
-0.085416
-0.074309
-0.045069
-0.020207
-0.019559
-0.005728
0.061750
0.164311
0.152995
-0.018884
-0.160737
-0.167024
-0.037372
0.120839
0.163217
0.078596
0.040204
0.016742
-0.041008
-0.060595
-0.107468
0.013602
0.134247
0.020267
-0.050432
-0.059360
-0.067858
-0.021799
0.076157
0.085886
-0.052379
-0.101158
-0.041442
0.059973
0.165607
0.141718
0.033583
-0.084227
-0.105039
0.004121
0.075169
0.051273
-0.026035
-0.071443
-0.032377
0.020248
0.026402
-0.086446
-0.104867
-0.002502
0.038047
0.052536
0.073976
0.059635
0.003607
-0.078247
-0.226657
-0.329467
-0.355412
-0.227122
0.137963
0.466312
0.347265
-0.052748
-0.317713
-0.257363
0.064432
0.407983
0.469445
0.174425
-0.183626
-0.398676
-0.278387
-0.003103
0.119767
0.119054
0.100221
-0.008572
-0.095095
-0.080184
-0.050900
-0.016685
0.190557
0.341877
0.092491
-0.197183
-0.136571
-0.001524
-0.089651
-0.001610
-0.038310
-0.130698
-0.163152
-0.269632
-0.138440
0.091531
0.448051
0.540957
0.217261
-0.130090
-0.391447
-0.296861
0.010751
0.296491
0.461047
0.246358
-0.118122
-0.509492
-0.639252
-0.201661
0.314388
0.544501
0.270569
-0.233388
-0.395805
-0.193000
0.298892
0.486461
0.215762
-0.153133
-0.400575
-0.191603
0.049741
0.162748
0.106265
-0.115760
-0.160201
-0.140198
0.029814
0.172637
0.114205
0.061613
-0.041395
-0.126424
-0.121428
-0.004238
0.210181
0.166772
-0.019166
-0.239134
-0.300755
-0.034710
0.172554
0.269958
0.108599
-0.118834
-0.119563
-0.074017
0.003700
0.036722
0.039589
0.041445
-0.050503
-0.074844
-0.039237
0.050663
0.144311
0.083508
-0.006731
-0.055452
-0.003241
0.091957
0.069369
-0.051779
-0.150674
-0.111865
0.022806
0.058009
-0.006063
-0.069197
-0.071399
-0.001729
0.025834
0.037162
0.031258
0.014006
0.039989
0.019971
0.006341
0.005226
0.009003
0.063381
0.062021
-0.009947
-0.074723
-0.069715
0.011480
0.070139
0.042261
-0.036713
-0.110463
-0.108149
-0.085295
-0.060095
-0.020192
-0.047002
-0.034239
-0.013266
-0.034862
0.039651
0.048505
0.062509
0.071960
0.058935
0.068680
0.028725
0.098079
0.078809
0.010471
-0.052599
-0.133634
-0.072579
0.010290
0.067550
0.067837
-0.034415
-0.098793
-0.112147
-0.025015
0.067033
0.064110
0.030993
-0.018605
0.003384
0.021979
0.039802
0.051950
0.043337
0.002668
-0.083909
-0.080496
0.002229
0.060910
0.042391
-0.014649
-0.021602
-0.007283
0.005016
0.001228
0.025871
0.038323
0.008874
0.004891
-0.000404
0.017449
0.019985
-0.002377
-0.047151
-0.082372
-0.047342
-0.001135
0.029500
0.038885
0.001652
-0.025272
-0.002047
0.013826
-0.048576
-0.053721
-0.000621
0.002866
0.015443
0.033264
0.018844
-0.050832
-0.078428
-0.058855
0.002060
0.057722
0.003553
-0.035235
-0.028300
0.006508
0.042286
0.006451
-0.009064
-0.032314
-0.039853
-0.004480
0.036746
0.064800
0.012644
-0.043857
-0.058661
-0.004349
0.032656
-0.006771
-0.026777
-0.025935
0.007276
0.035211
0.006143
-0.021062
-0.033835
0.015696
0.031646
0.005984
0.026505
0.029527
-0.012577
-0.063130
-0.012173
0.026093
-0.000881
-0.019526
-0.035811
-0.014594
-0.004695
-0.003831
0.011540
0.006576
