0.001900
-0.000347
-0.001625
-0.001114
-0.000372
0.000347
0.000571
-0.001402
-0.001240
0.000965
0.002534
0.003451
0.002589
0.001344
0.000333
0.000440
-0.000114
-0.000377
-0.000292
0.000439
0.001025
-0.000424
-0.001071
-0.000446
0.000329
-0.002183
-0.003174
-0.002736
0.001528
-0.000677
-0.002678
-0.007174
-0.006043
-0.009084
-0.010953
-0.019803
-0.022931
-0.035168
-0.032748
-0.031868
-0.039640
0.031188
0.031969
0.047463
0.044375
-0.013399
0.011737
-0.076258
-0.120529
0.032632
0.101615
0.085197
0.043005
-0.011094
-0.061345
-0.109125
-0.098415
0.015289
0.192726
0.174469
-0.030280
-0.172544
-0.192258
-0.062705
0.129302
0.199257
0.131820
-0.018891
-0.133365
-0.110165
0.024085
0.157245
0.171792
0.029352
-0.153686
-0.221422
-0.098248
0.121059
0.226734
0.094148
-0.152399
-0.298468
-0.212808
0.103477
0.314158
0.305479
0.055004
-0.160909
-0.070367
-0.018985
0.057251
0.018863
-0.271407
-0.334971
-0.119502
0.167756
0.406581
0.262463
-0.106428
-0.393651
-0.417878
-0.044133
0.353018
0.622995
0.510606
-0.018239
-0.454138
-0.487437
-0.215827
0.098946
0.281495
0.272436
0.097941
-0.128765
-0.249218
-0.229614
-0.035808
0.202509
0.276534
0.053091
-0.174326
-0.194145
-0.145731
0.009007
0.137430
0.021351
-0.155859
-0.151755
0.014569
0.181887
0.237659
0.110362
-0.140524
-0.278862
-0.172239
0.191802
0.481171
0.378231
-0.118424
-0.541945
-0.467698
-0.033540
0.430659
0.497216
0.123083
-0.239668
-0.321836
-0.105596
0.099271
0.096333
-0.007303
-0.056693
-0.009905
-0.037239
-0.028100
0.064591
0.093322
0.025140
-0.013776
-0.066162
-0.098077
-0.008588
0.108711
0.130479
0.041337
-0.042009
-0.100074
-0.087884
0.014865
0.016422
-0.046208
-0.012617
0.078547
0.162073
0.114784
-0.008243
-0.082952
-0.140986
-0.052776
0.142848
0.173220
0.170533
-0.067014
-0.281358
-0.284156
-0.147022
0.173316
0.274527
0.264377
0.033976
-0.089982
-0.194432
-0.280468
-0.027158
0.141148
0.094660
-0.068669
-0.163595
-0.348134
-0.356222
-0.071148
0.098334
0.130627
0.044553
0.031544
0.144353
0.107273
-0.041573
-0.046984
0.170143
0.213196
-0.018823
-0.249047
-0.255458
0.119843
0.404284
0.222653
-0.082371
-0.232662
-0.211039
0.027702
0.220852
0.199563
0.105613
0.016859
-0.084728
-0.227047
-0.200981
0.083733
0.340661
0.225893
-0.097322
-0.282536
-0.081621
0.145754
0.121024
0.098896
-0.108529
-0.228855
-0.060126
0.259650
0.322110
-0.017515
-0.273867
-0.286708
-0.148219
-0.009849
0.019462
0.034728
0.154895
0.197930
0.172660
0.024857
-0.141391
-0.171481
-0.005547
0.171862
0.140532
0.018440
-0.115518
-0.139369
-0.094185
-0.004561
0.058073
0.063601
0.023906
-0.017743
0.058124
0.165967
0.146340
0.013760
-0.129103
-0.101976
0.091025
0.262403
0.137569
-0.243425
-0.473515
-0.375344
-0.106611
0.109550
0.166768
0.031863
-0.139267
-0.177948
-0.017411
0.170047
0.139183
-0.031220
-0.110109
-0.056505
0.054622
0.084932
0.069828
0.079527
0.097678
0.083150
-0.029971
-0.078609
-0.047700
0.002429
0.040182
0.005227
-0.015662
-0.066075
-0.106279
-0.080412
-0.045753
0.084209
0.152085
0.081645
-0.028807
-0.106297
-0.098612
0.021228
0.137212
0.241177
0.053076
-0.125527
-0.020592
-0.060926
-0.038979
-0.080155
-0.218790
-0.273857
-0.127467
0.165143
0.284070
0.202533
0.015365
-0.204814
-0.219024
-0.231062
-0.129691
0.149223
0.388775
0.487488
0.181792
-0.252801
-0.450532
-0.206042
0.189022
0.413279
0.346043
0.026694
-0.254717
-0.320498
-0.182059
0.062287
0.228354
0.157812
-0.076972
-0.264280
-0.210206
0.073364
0.297355
0.203448
-0.088642
-0.273162
-0.141443
0.167970
0.300028
0.114976
-0.161883
-0.184528
-0.001231
0.156311
0.156127
-0.003383
-0.171125
-0.186165
0.006354
0.156187
0.167131
0.020504
-0.159254
-0.159213
-0.044298
0.086437
0.119273
0.036941
-0.024464
-0.070029
-0.058416
0.018033
0.049196
0.024511
-0.059397
-0.091189
-0.073122
0.010335
0.065489
0.020202
-0.037907
-0.082239
-0.067139
-0.009841
0.089398
0.144582
0.091515
-0.014063
-0.096030
-0.037578
0.067652
0.110465
0.070915
-0.052870
-0.101178
-0.071360
-0.021548
0.025923
0.019862
-0.039677
-0.097981
-0.068262
-0.010622
0.010117
0.003810
-0.006265
0.030535
0.074046
0.081457
0.060966
0.008701
-0.007519
0.014986
0.014890
-0.011952
-0.027323
0.010328
0.028611
0.002790
-0.026360
-0.049035
-0.068771
-0.062491
-0.027027
0.010097
-0.000516
-0.012015
0.016697
0.031169
0.053235
0.033161
0.007848
0.010216
0.012199
0.036967
0.034475
0.025626
-0.005887
-0.055409
-0.050978
-0.022640
0.019573
0.020312
-0.017188
-0.012832
-0.007000
-0.006122
-0.013926
-0.024323
-0.008788
0.009208
0.024372
-0.006442
-0.017361
-0.029059
-0.053935
-0.012286
0.031026
0.038523
0.027478
0.019481
-0.009877
-0.038963
-0.021144
-0.008489
0.014928
0.040088
0.015836
-0.010935
-0.055947
-0.052952
-0.010977
0.001910
0.016311
0.012074
0.010077
0.004984
-0.011957
0.016373
0.035254
0.010707
-0.023870
-0.027167
-0.003818
0.015319
0.009246
-0.032648
-0.042849
-0.050417
-0.032134
0.011736
0.035401
0.020318
-0.010219
0.000477
0.034234
0.062828
0.037559
0.003202
0.006733
0.029067
0.066103
0.056032
0.004270
-0.050590
-0.071277
-0.027596
0.005830
0.007072
-0.024939
-0.042681
-0.038145
-0.021676
0.017020
0.016012
-0.010441
-0.013112
0.017539
0.046853
0.054931
0.035027
-0.013155
-0.034421
-0.011933
0.011463
0.021945
0.005087
-0.002445
0.010313
0.008032
-0.001003
-0.017582
-0.016515
0.009825
0.039677
0.036805
-0.004130
