0.001604
0.001481
0.000102
-0.001274
-0.001584
-0.001128
0.000019
0.000305
-0.000051
-0.000670
-0.000482
-0.000327
0.000431
0.000501
-0.000158
-0.001226
-0.001560
-0.001043
0.000797
0.002113
0.001603
-0.000087
-0.002151
-0.002016
-0.002147
0.000793
0.000738
0.002575
-0.000973
-0.001410
-0.006282
-0.004749
-0.007081
-0.002400
-0.004081
-0.003735
-0.009963
-0.013659
-0.023348
-0.030555
-0.034372
-0.057088
-0.081409
-0.130281
-0.097096
-0.205414
-0.162360
-0.009808
-0.008421
0.125168
0.263154
0.261998
0.181190
-0.060955
-0.188823
-0.063929
-0.062135
0.076881
0.299929
0.350179
0.185274
-0.115500
-0.314121
-0.278461
-0.065431
0.164614
0.239491
0.173071
0.006324
-0.128271
-0.154231
-0.148217
-0.041894
0.056148
0.086817
-0.012139
-0.100720
-0.110338
-0.033054
0.077049
0.065851
0.046801
0.047930
0.031063
0.052148
0.082940
0.085167
0.080435
0.059926
0.036564
-0.063834
-0.187964
-0.220359
-0.036330
0.235547
0.269288
0.098128
-0.130759
-0.252393
-0.134186
0.083335
0.212153
0.154581
-0.012280
-0.123368
-0.107303
-0.026702
-0.027345
-0.088022
-0.129607
-0.094795
-0.015414
0.059927
0.109663
0.106460
0.038321
-0.024082
-0.056626
-0.002253
0.090585
0.137878
0.075103
-0.050251
-0.123221
-0.148534
-0.013076
0.071706
-0.066522
-0.154649
-0.043132
0.137050
0.244592
0.138809
-0.004148
-0.079259
-0.117486
-0.031842
0.104797
0.116178
0.010694
-0.086207
-0.098946
-0.038752
-0.001959
0.023266
-0.022309
-0.071703
-0.094713
-0.036002
0.061780
-0.011214
-0.133863
-0.142192
0.000360
0.087599
0.032313
0.055990
0.118374
0.101400
-0.008201
-0.123278
-0.037147
0.115019
0.179194
0.141637
-0.048891
-0.193319
-0.169917
-0.033122
0.107204
0.096627
-0.003387
-0.051750
-0.037047
0.004312
0.030170
0.071647
0.058938
-0.039727
-0.111059
-0.100791
0.026407
0.142567
0.084175
-0.061673
-0.160515
-0.106842
0.064774
0.167709
0.142237
-0.002565
-0.077422
-0.023046
0.069743
0.123486
0.054578
-0.064230
-0.112414
-0.032276
0.047785
0.043168
0.009426
-0.036368
-0.037540
-0.003859
0.027992
0.064390
0.046521
0.014022
-0.036001
-0.040196
-0.017022
-0.026036
0.001642
0.043071
0.085222
0.023973
-0.073178
-0.093162
-0.033179
0.064804
0.120114
0.127811
0.089566
0.018039
-0.041550
-0.026986
0.022632
0.019130
-0.055901
-0.154831
-0.176671
-0.095822
-0.034220
0.012619
0.023611
-0.003703
-0.051485
-0.094508
-0.034956
0.035885
0.086873
0.091220
0.035796
-0.017475
-0.098922
-0.124537
-0.082319
-0.032756
0.012891
0.004086
-0.009251
-0.054913
-0.071811
-0.014597
0.020230
0.057306
0.040351
-0.021334
-0.041838
-0.016992
0.040102
0.060030
0.012403
-0.009149
0.014601
0.049932
0.048474
0.026318
0.005663
-0.023240
-0.024748
-0.030336
-0.003362
0.000734
-0.020023
-0.034985
-0.035328
-0.007524
0.008094
0.029421
0.032801
0.030377
0.024744
-0.001279
-0.010280
-0.016056
-0.026463
-0.017907
-0.027349
-0.032224
-0.022872
-0.008959
0.017612
0.017339
0.003150
0.003154
0.015371
0.033109
0.044708
0.037359
