-0.000358
-0.000102
0.000144
0.000216
0.000460
0.000050
0.000320
0.000378
0.000378
0.000224
-0.000090
-0.000358
-0.000318
0.000297
0.000122
-0.000040
-0.000656
-0.001094
-0.001800
-0.001464
-0.000930
-0.000329
0.000518
0.000299
-0.000035
-0.000500
-0.000795
-0.001174
-0.000783
0.000591
0.001149
0.000817
-0.000776
-0.002556
-0.003283
-0.003090
-0.002314
-0.002359
-0.003207
-0.005536
-0.008139
-0.011924
-0.013404
-0.015559
-0.016195
-0.019391
-0.021204
-0.027850
-0.029240
-0.026139
-0.017241
-0.011794
0.013589
0.041242
0.010019
0.042543
0.048105
0.008068
0.038781
0.054822
0.082279
0.092674
0.052891
-0.001268
-0.074618
-0.093441
-0.089092
-0.046463
0.067502
0.113621
0.056304
-0.068697
-0.157801
-0.136444
-0.050514
0.079795
0.161494
0.123023
0.015877
-0.118243
-0.175932
-0.082753
0.083676
0.187153
0.148971
0.018317
-0.100719
-0.121204
-0.033507
0.061963
0.082381
0.022481
-0.073097
-0.113457
-0.090258
-0.005494
0.125868
0.164907
0.063769
-0.081887
-0.142731
-0.073835
0.043443
0.136526
0.141801
0.058425
-0.056778
-0.155143
-0.155952
-0.060312
0.076935
0.161236
0.106964
-0.023869
-0.127966
-0.128882
-0.023632
0.087060
0.118717
0.059745
-0.033833
-0.084049
-0.071427
-0.010775
0.049950
0.057203
0.014616
-0.030749
-0.037653
-0.000243
0.045844
0.050684
0.002232
-0.055326
-0.060047
-0.013987
0.023869
0.017389
-0.017975
-0.049001
-0.034195
0.000757
0.021338
0.024225
0.011573
0.009587
0.012617
0.013507
-0.004315
-0.027286
-0.032376
-0.004492
0.023221
0.041043
0.011088
-0.022338
-0.040619
-0.003144
0.052965
-0.022202
-0.019919
-0.023608
-0.065700
-0.018212
0.050037
0.083253
0.051753
-0.024163
-0.051069
-0.073528
-0.035517
0.027646
0.077253
0.123424
0.008652
-0.013226
-0.118289
-0.204330
-0.035389
0.063329
0.085680
-0.005812
-0.028043
0.034456
-0.060021
-0.022728
-0.006240
0.021304
0.053394
-0.080652
-0.049162
0.043078
0.138682
0.111533
-0.113037
-0.230652
-0.181650
0.015338
0.194530
0.157406
0.022701
-0.107966
-0.136607
-0.033438
0.039975
0.099301
0.066621
-0.033732
-0.147303
-0.237618
-0.014678
0.131362
0.099659
0.073647
-0.063189
-0.089095
0.001821
0.093817
0.112586
-0.035018
-0.073457
0.009656
0.118369
0.143639
0.007673
-0.071164
-0.112669
-0.023928
0.100272
0.074870
-0.010295
-0.065332
-0.066545
-0.022197
-0.028884
0.021734
0.076360
0.080386
0.027808
0.009513
0.036856
0.041150
0.151147
0.131646
0.112701
0.071264
0.048564
-0.044926
-0.136143
-0.275792
-0.354880
0.008562
0.163980
0.170372
0.084722
-0.191064
-0.285139
-0.246100
0.036094
0.329216
0.435017
0.353378
-0.070357
-0.296136
-0.264797
-0.036281
0.249886
0.267176
0.077698
-0.188639
-0.366130
-0.280259
0.013343
0.188568
0.152637
-0.082614
-0.253633
-0.314101
-0.218522
0.170038
0.298469
0.079393
-0.110513
-0.174017
0.006832
0.080491
-0.009052
-0.186949
-0.336380
-0.130526
0.234783
0.396983
0.309447
-0.009599
-0.217728
-0.194594
0.004663
0.195557
0.271409
0.389692
0.146880
-0.168085
-0.268517
-0.214732
-0.135661
-0.051784
0.098731
0.194573
0.063135
-0.109736
-0.082400
0.045190
0.045999
-0.035708
0.054889
0.236733
0.309229
0.153473
-0.160552
-0.323339
-0.238185
-0.000016
0.248060
0.277335
0.264270
0.009584
-0.276292
-0.191667
0.032283
0.194052
0.138808
-0.023539
-0.090445
-0.152565
-0.102116
0.041862
0.097273
0.080219
-0.090567
-0.107856
0.061376
0.146426
0.118350
-0.061381
-0.255364
-0.346238
-0.243272
0.054333
0.299718
0.302188
0.018325
-0.318717
-0.333772
-0.088786
0.239365
0.411233
0.253412
0.013867
-0.184605
-0.214428
-0.115313
-0.065494
-0.047678
-0.074134
-0.079642
0.035953
0.126765
0.054476
-0.087820
-0.143689
-0.014490
0.138268
0.198057
0.111725
-0.078081
-0.169934
-0.154987
-0.062414
-0.002981
0.005588
0.059862
0.127622
0.152440
0.042572
-0.076201
-0.097651
-0.034466
0.083191
0.098080
-0.025607
-0.163928
-0.221864
-0.140528
-0.027825
-0.031063
-0.025898
-0.006805
0.081382
0.141704
0.142192
0.125704
0.064866
0.064734
0.060757
0.030989
0.008617
-0.021488
0.002422
-0.002997
-0.078293
-0.120505
-0.162711
-0.076077
-0.001509
0.055499
0.021097
-0.095974
-0.145518
-0.123000
0.041251
0.170476
0.176515
0.082787
-0.019880
-0.066749
-0.024659
0.075651
0.136210
0.086489
0.049836
0.058197
0.079390
0.140308
0.128874
0.116962
0.199677
0.136691
-0.119392
-0.297860
-0.441410
-0.535210
-0.369097
0.066039
0.391597
0.368352
0.174069
-0.083893
-0.296103
-0.334543
-0.175330
0.318114
0.746933
0.577222
0.066686
-0.498856
-0.720904
-0.494139
0.006508
0.457064
0.418144
0.097801
-0.187275
-0.327491
-0.188341
0.016747
0.190503
0.222626
0.060884
-0.078293
-0.148171
-0.017575
0.166161
0.127506
-0.142959
-0.394945
-0.277547
0.203229
0.510407
0.303889
-0.227395
-0.471911
-0.186403
0.241633
0.314398
-0.015384
-0.267711
-0.229957
0.051545
0.207077
0.093173
-0.084577
-0.135784
0.018987
0.170751
0.166899
0.013456
-0.143779
-0.160756
-0.036669
0.085117
0.096634
0.006780
-0.073108
-0.052987
0.008745
0.029770
-0.011842
-0.074171
-0.094080
-0.028290
0.037457
-0.001420
-0.077617
-0.089993
-0.021222
0.060097
0.074825
0.063014
0.056830
0.051181
0.048521
0.064343
0.078813
0.072999
0.035104
-0.010148
-0.000591
-0.004905
-0.026114
-0.040539
-0.053863
-0.029128
-0.010835
-0.019420
-0.023036
-0.025539
0.007030
0.028327
0.016814
0.000686
-0.006159
0.013963
0.009111
-0.017175
-0.039392
-0.024017
0.021124
0.022559
-0.001085
-0.013142
-0.021505
-0.009441
0.005658
0.014128
