0.000530
0.000347
0.000132
-0.000001
-0.000271
-0.000357
-0.000840
-0.001378
-0.001514
-0.002044
-0.001694
-0.000912
-0.000844
-0.002002
-0.002607
-0.002479
-0.002329
-0.002105
-0.001717
-0.002005
-0.002270
-0.002201
-0.002403
-0.001954
-0.000984
0.000116
-0.000090
-0.000103
-0.000692
-0.000958
-0.001722
-0.002431
-0.005138
-0.007141
-0.011227
-0.013192
-0.017003
-0.019908
-0.025673
-0.031479
-0.039520
-0.048664
-0.053536
-0.065525
-0.045979
-0.044219
-0.016308
0.047138
0.052167
0.065135
0.083112
0.063554
0.021892
0.015065
0.073567
0.095781
0.098180
0.061576
-0.010839
-0.068236
-0.120209
-0.130451
-0.055590
0.031108
0.065989
-0.002103
-0.086878
-0.134002
-0.132906
0.059122
0.067242
0.072266
0.126714
0.027767
0.040344
0.005749
-0.033949
0.030813
0.037187
0.020001
-0.075539
-0.097955
-0.026802
-0.060309
-0.035379
-0.039378
-0.006540
0.095353
0.110608
0.079999
0.002155
-0.029787
0.067620
0.169454
0.197691
0.082686
-0.064002
-0.136788
-0.100379
0.055452
0.120842
0.051943
-0.079958
-0.172748
-0.132406
0.009507
0.118583
0.125729
0.026316
-0.104579
-0.173805
-0.125438
0.023866
0.116626
0.077642
-0.000177
-0.022164
0.015229
0.093832
0.123753
0.109719
-0.010128
-0.129691
-0.105164
-0.001214
0.112081
0.081001
-0.027736
-0.181815
-0.275094
-0.104543
0.078687
0.086606
-0.027960
-0.086932
-0.018022
0.072935
0.234638
0.213129
0.055625
-0.082103
-0.208760
-0.165479
-0.043173
0.065485
0.192535
0.148513
0.001553
-0.150659
-0.141784
0.071680
0.202544
0.220823
0.035798
-0.242118
-0.239729
-0.028067
0.020883
-0.013314
-0.079279
-0.062712
-0.125346
-0.125511
-0.021675
0.127576
0.238041
0.090430
0.012287
-0.078844
-0.002460
0.113322
0.079483
0.041428
-0.082606
-0.118282
-0.086789
-0.050276
-0.007129
0.023028
0.017756
-0.009148
-0.019997
0.060390
0.127216
0.082753
0.081357
0.000656
-0.034240
0.029981
0.032278
-0.034528
-0.131480
-0.143427
-0.020961
0.084582
0.115066
0.064471
-0.120108
-0.239109
-0.202138
-0.024054
0.215086
0.281456
0.148746
-0.091097
-0.182987
-0.128822
-0.012462
0.137172
0.131841
0.078974
-0.040536
-0.083478
-0.025291
0.009354
0.034527
0.015073
-0.000677
-0.011444
-0.042566
-0.075508
0.023384
0.081836
0.012964
-0.064741
-0.106487
-0.185873
-0.177486
0.009071
0.226756
0.290760
0.185791
-0.000891
-0.134260
-0.133078
-0.071858
0.104355
0.273646
0.232333
-0.095438
-0.426340
-0.449711
-0.170187
0.175236
0.380844
0.319860
0.051750
-0.291552
-0.387726
-0.160279
0.304148
0.567351
0.357665
-0.003285
-0.336096
-0.508182
-0.374754
-0.041361
0.237453
0.309554
0.088391
-0.069216
-0.085338
-0.058224
-0.089687
-0.070240
0.121076
0.328346
0.330817
0.205978
0.085080
-0.222057
-0.416300
-0.346304
-0.194876
-0.036955
0.014595
0.096644
0.121511
0.099780
0.092851
-0.076771
-0.211223
-0.330364
-0.164348
0.287788
0.534363
0.423900
-0.113654
-0.503265
-0.444416
-0.094388
0.396448
0.531445
0.286198
-0.112427
-0.403662
-0.334474
-0.100882
0.153753
0.282500
0.177428
-0.066780
-0.316138
-0.281924
0.038228
0.327106
0.293236
-0.036585
-0.279283
-0.154039
0.210105
0.375605
0.149619
-0.230329
-0.367802
-0.136571
0.156389
0.239294
0.086240
-0.142694
-0.219339
-0.088290
0.116425
0.181875
0.057183
-0.068257
-0.064108
0.023955
0.058495
-0.003039
-0.053368
-0.037491
0.012908
0.034116
0.010352
0.002594
-0.000211
-0.023638
-0.036483
-0.026045
0.052148
0.110654
0.056736
-0.018752
-0.043912
-0.013181
0.035592
0.047516
0.037835
0.006261
-0.016362
-0.026673
-0.006964
0.040646
0.035353
-0.028311
-0.086783
-0.098217
-0.054743
0.004777
0.015402
0.004798
-0.023065
-0.029264
-0.020719
-0.011357
-0.007552
-0.010046
-0.011140
-0.015964
-0.026450
-0.023190
-0.003667
0.013533
0.014506
-0.010950
-0.035796
-0.052606
-0.042052
-0.003231
0.056263
0.052429
0.007582
-0.026416
-0.017332
0.031681
0.036988
-0.011038
-0.050695
-0.031304
0.043567
0.093238
0.070133
-0.001141
-0.065972
-0.054078
-0.008882
0.051763
0.051831
-0.003340
-0.050871
-0.060533
-0.012182
0.014072
-0.018959
-0.069571
-0.076689
-0.029703
0.006333
-0.003772
-0.026614
-0.043336
-0.017124
0.031259
0.046751
0.018941
-0.008991
-0.018290
-0.008246
0.008121
0.003895
0.000875
0.005543
0.012770
0.007588
0.002902
0.013885
0.018190
0.032383
0.057730
0.052087
0.024664
-0.009846
-0.016509
0.003167
0.026732
0.032245
-0.012403
-0.060773
-0.068684
-0.037500
0.012705
0.041247
-0.001700
-0.044716
-0.040086
-0.012772
0.020917
0.028409
0.033933
0.029393
0.023031
0.004685
-0.041361
-0.053335
-0.041196
-0.014778
0.019309
0.047410
0.051079
0.021789
0.000436
0.011501
0.031986
0.039153
0.020038
0.002096
0.018334
0.015473
-0.010618
-0.056967
-0.073921
-0.029573
0.009709
0.027443
0.014881
-0.000062
-0.001569
-0.006785
0.014185
0.031573
0.024142
-0.006884
-0.035442
-0.020350
-0.000444
0.001730
-0.017594
-0.026342
0.002681
0.038926
0.046287
0.017204
-0.003514
0.020128
