-0.000388
-0.000490
-0.000683
-0.000218
-0.000287
-0.000362
-0.000534
-0.000777
-0.000952
-0.001094
-0.001160
-0.001132
-0.000792
-0.000632
-0.000406
-0.000474
-0.000681
-0.000903
-0.000761
-0.000882
-0.000516
-0.000524
-0.000255
-0.000590
-0.000848
-0.000920
-0.001143
-0.000660
-0.001182
-0.000031
-0.001358
-0.000715
-0.002503
-0.001642
-0.004803
-0.004259
-0.008526
-0.008089
-0.012720
-0.015600
-0.019730
-0.026269
-0.026825
-0.028541
-0.025905
-0.012342
0.008486
0.011397
0.049637
0.043601
0.064605
0.037199
0.037186
0.049155
0.010850
0.010328
-0.006752
-0.026073
-0.087031
-0.090095
-0.089278
-0.044634
-0.028115
0.039574
0.073739
0.038656
-0.021149
-0.039732
-0.007889
-0.002837
0.044544
0.061546
0.082606
0.003475
-0.045243
-0.046899
0.031176
0.076006
0.114440
0.064023
-0.027394
-0.119850
-0.174391
-0.115645
-0.023213
0.093084
0.085756
0.033469
-0.112326
-0.130821
-0.086447
0.065075
0.181332
0.225076
0.147141
-0.009273
-0.125181
-0.173503
-0.059979
0.018939
0.120205
0.079637
-0.005928
-0.096282
-0.124030
-0.077208
0.004360
0.071737
0.105359
0.096435
0.013367
-0.031798
-0.062062
-0.037844
-0.003224
0.033047
0.059310
0.052572
0.009277
-0.038240
-0.039263
-0.040482
-0.039466
-0.012770
0.047172
0.095161
0.059372
-0.030499
-0.079328
-0.066602
-0.038500
0.047373
0.099951
0.132803
0.056479
-0.072093
-0.127963
-0.125296
-0.100116
-0.028173
0.065981
0.107639
0.120406
0.004094
-0.053979
-0.090362
-0.082464
-0.067342
-0.008742
0.089050
0.076806
0.045426
-0.018003
-0.051946
-0.076139
-0.091077
-0.089220
0.028304
0.117491
0.135498
0.088535
-0.038117
-0.047828
-0.127326
-0.161042
-0.115183
-0.008088
0.149301
0.248242
0.196217
0.073177
-0.077384
-0.202848
-0.159700
-0.059470
0.060855
0.127068
0.164668
0.091080
-0.050287
-0.191841
-0.163322
-0.063533
0.021830
0.142463
0.207859
0.218355
0.064416
-0.130951
-0.228429
-0.178393
-0.077313
0.023514
0.082707
0.126803
0.013049
-0.153975
-0.129185
-0.050788
0.019196
0.048401
0.134354
0.160626
0.051258
-0.132676
-0.107689
-0.021878
0.053966
0.114183
0.048636
-0.045943
-0.182009
-0.152386
-0.019736
0.139253
0.193088
0.143763
0.068598
-0.034851
-0.162683
-0.183105
-0.064659
0.091410
0.163672
0.115999
0.033600
-0.100768
-0.240947
-0.339103
-0.232429
0.030070
0.220592
0.278399
0.231283
0.140707
-0.008568
-0.210955
-0.262531
-0.107513
0.137825
0.290272
0.277791
0.129386
-0.113291
-0.286274
-0.266061
-0.059622
0.186030
0.319909
0.270409
0.100440
-0.116759
-0.227447
-0.142864
0.055219
0.182114
0.151788
0.032173
-0.127908
-0.206573
-0.148506
-0.114535
-0.040809
0.094880
0.120989
0.095105
-0.011051
-0.064693
-0.049134
-0.165165
-0.263414
-0.162311
-0.012250
0.114095
0.136444
0.186676
0.123856
-0.073299
-0.098838
-0.020049
0.232744
0.295961
0.112544
-0.113935
-0.283936
-0.304898
-0.136152
0.033769
0.071324
0.021274
-0.133251
-0.168113
-0.105311
0.048815
0.190901
0.235402
0.097584
-0.118555
-0.194634
-0.066751
0.153116
0.241103
0.157731
-0.040003
-0.158136
-0.150442
-0.032531
0.089606
0.101661
0.051867
0.005648
-0.057893
-0.134348
-0.099012
0.024173
0.118225
0.085770
-0.014478
-0.019968
0.066433
0.135632
0.133511
0.110435
0.022305
-0.143279
-0.165669
-0.068955
0.007596
0.049388
0.017937
0.021038
0.029500
0.014387
0.017714
0.025706
0.029683
0.022477
0.029477
0.003968
-0.037763
-0.057460
-0.042233
-0.031445
-0.005045
0.060106
0.104209
0.109421
0.063815
0.027152
-0.025352
0.032457
0.053980
-0.072699
-0.098774
-0.181985
-0.330324
-0.401305
-0.227145
0.092454
0.201953
0.158014
0.177275
0.137537
-0.026679
-0.129620
0.014771
0.296030
0.329252
0.147668
-0.093167
-0.251805
-0.315468
-0.332320
-0.189643
0.075901
0.230633
0.143972
-0.039380
-0.137769
-0.093193
-0.026926
0.020225
0.110518
0.159454
0.117356
0.018350
-0.074805
-0.035789
0.017423
0.015228
-0.012106
-0.027938
0.007052
-0.005832
-0.054515
-0.081990
-0.062485
-0.060297
-0.030876
-0.004338
0.051140
0.121373
0.071958
0.021033
-0.001425
0.040707
0.096106
0.064326
-0.030880
-0.119908
-0.147671
-0.112022
-0.050466
0.030255
0.078374
0.057052
0.017433
-0.043931
-0.038660
0.033948
0.084384
0.085511
0.018775
-0.040500
-0.056592
-0.053911
-0.023562
-0.009809
-0.010445
-0.031354
-0.041603
0.017044
0.057372
0.055580
0.008848
-0.067276
-0.085953
-0.033650
0.054339
0.099869
0.050895
-0.036352
-0.071464
-0.015165
0.057088
0.079102
0.047257
0.007029
0.000914
-0.010836
-0.020926
-0.018440
-0.033258
-0.046347
-0.041278
-0.013288
0.017568
0.010627
-0.008813
-0.001383
0.024765
0.025378
0.009303
-0.013992
-0.013238
0.016365
0.037031
0.031375
-0.004412
-0.026807
-0.017575
0.006195
0.007471
-0.018416
-0.023423
0.012498
0.045885
