-0.000122
-0.001522
-0.001934
-0.001538
-0.000688
0.000177
0.000612
-0.000189
-0.001624
-0.002517
-0.002279
-0.001721
-0.001470
-0.002185
-0.002814
-0.003377
-0.003738
-0.003150
-0.002522
-0.002137
-0.001899
-0.002548
-0.004157
-0.005278
-0.005429
-0.004709
-0.003880
-0.002928
-0.002113
-0.002381
-0.003772
-0.005232
-0.005647
-0.005244
-0.003908
-0.002838
-0.002791
-0.003524
-0.004450
-0.004636
-0.004843
-0.004260
-0.002856
-0.003265
-0.004519
-0.006043
-0.007568
-0.007569
-0.007581
-0.008337
-0.010458
-0.013963
-0.017900
-0.021892
-0.025275
-0.027477
-0.030377
-0.033282
-0.037622
-0.041068
-0.040054
-0.040755
-0.038328
-0.033838
-0.037013
-0.042012
-0.040506
-0.021973
-0.025140
0.014343
0.099755
0.094630
0.128812
0.147226
0.071766
0.000294
-0.056472
-0.025917
0.024334
0.104706
0.143858
0.067272
-0.007321
-0.115987
-0.166313
-0.081280
0.064510
0.208448
0.190153
0.031199
-0.148233
-0.200914
-0.044503
0.134697
0.232729
0.201929
0.013947
-0.166959
-0.262757
-0.204320
0.005030
0.168671
0.231348
0.093545
-0.092891
-0.134801
-0.082931
0.017921
0.063952
0.041762
0.024894
0.044384
0.138387
0.135287
0.006787
-0.127609
-0.275810
-0.139941
0.084709
0.187521
0.144324
-0.000765
-0.084541
-0.119292
-0.110553
-0.053340
-0.006751
0.022781
0.121681
0.011947
0.138500
0.195807
-0.022597
-0.038037
-0.184784
-0.252865
-0.183580
0.060587
0.394717
0.222557
-0.089961
-0.202026
-0.208434
-0.105048
-0.062763
0.081639
0.196966
0.270771
0.141795
-0.301409
-0.540270
-0.507943
-0.191667
0.294429
0.469094
0.417952
0.152652
-0.167541
-0.232879
-0.201297
0.002385
0.189376
0.251516
0.176946
-0.004922
-0.065180
-0.096172
-0.136099
-0.174404
-0.173103
-0.006061
0.180413
0.243267
0.101124
-0.171973
-0.202642
-0.032396
0.170399
0.243307
0.138392
0.000244
-0.120072
-0.074814
0.044942
0.110147
0.042452
-0.020795
-0.067171
0.004432
0.032694
0.087064
0.125340
-0.020593
0.072915
-0.006836
-0.042925
0.067082
0.070342
0.029500
-0.122001
0.039101
0.211639
-0.034402
-0.033227
-0.118666
-0.252319
-0.246241
-0.228489
0.050793
0.113623
0.124174
0.074347
-0.107237
-0.199158
-0.288856
-0.082745
0.216453
0.337162
0.276844
-0.055871
-0.238137
-0.275279
-0.151079
0.069296
0.062912
-0.073936
-0.193446
-0.187956
0.027993
0.104313
0.073239
-0.070312
-0.270962
-0.354497
-0.137950
0.355333
0.606246
0.334057
-0.175518
-0.429079
-0.092347
0.431892
0.425076
0.198306
-0.333353
-0.553317
-0.292378
-0.004379
0.110564
-0.021835
-0.034357
0.162630
0.156823
0.086238
-0.114525
-0.085529
0.178604
0.073969
0.242645
0.200418
-0.092785
-0.332234
-0.300371
0.088296
0.145894
0.037297
-0.003603
-0.151362
-0.070081
-0.186137
-0.020104
0.368841
0.586234
0.504178
-0.063182
-0.230443
-0.210032
0.022421
0.269321
0.069718
-0.265664
-0.324163
-0.167102
0.111381
0.046769
-0.018888
-0.000529
-0.121200
-0.271122
-0.376342
0.005774
0.502293
0.635968
0.339318
-0.274799
-0.584545
-0.177433
0.309555
0.476672
0.169161
-0.246388
-0.486717
-0.385685
-0.014783
0.251782
0.268697
0.096357
-0.061264
-0.124006
-0.069091
0.053153
0.241437
0.264466
0.085306
-0.156356
-0.215301
-0.082567
0.015871
0.027224
-0.031501
-0.019818
0.077155
0.078031
-0.028708
-0.078247
0.017873
0.138360
0.148648
0.034540
-0.128622
-0.151850
-0.008566
0.122818
0.079049
-0.088438
-0.201436
-0.121118
0.096857
0.247329
0.185950
-0.010903
-0.123240
-0.089871
0.035732
0.111180
0.041176
-0.069690
-0.130843
-0.061190
0.057846
0.062847
0.001252
-0.065926
-0.070737
-0.005122
0.061703
0.085138
0.016969
-0.087478
-0.122751
-0.098930
-0.038605
0.009456
0.016279
-0.007307
-0.024916
-0.044870
-0.048287
0.003078
0.068877
0.051504
-0.025540
-0.065785
-0.058478
0.018238
0.057832
0.041977
0.007300
-0.023151
-0.006565
0.017308
0.045648
0.064270
0.049371
0.010031
-0.030053
0.002111
0.040618
0.019431
-0.035865
-0.069398
-0.052741
-0.020694
0.011831
0.044204
0.055769
0.021725
0.003809
-0.003955
0.012946
0.033165
0.036169
-0.017238
-0.082844
-0.076549
-0.019532
0.023871
-0.006321
-0.010074
-0.031847
-0.006321
0.064890
0.065447
0.039563
-0.017781
-0.033844
-0.010641
-0.033233
-0.039475
-0.052696
-0.044821
0.013748
0.005423
-0.018404
-0.034832
-0.068961
-0.026156
0.035006
0.041936
0.032582
-0.033653
-0.054321
-0.046050
0.018337
0.056782
-0.010198
-0.016301
-0.032424
0.014703
0.097763
0.120180
0.073267
-0.027160
-0.042532
-0.056349
-0.044668
0.002716
0.009252
0.033320
-0.007368
-0.045853
-0.068389
-0.074072
-0.030066
0.010761
0.084105
0.104488
0.042284
-0.016317
-0.052949
-0.032923
0.012255
0.044711
0.045842
0.006473
-0.008218
-0.022241
0.000698
0.022822
-0.006861
-0.035254
-0.023310
0.015287
0.024523
-0.003575
-0.043370
-0.035254
0.009408
0.043086
0.061397
0.041051
0.008544
0.009176
0.036918
0.032760
-0.000708
-0.013556
-0.021212
0.008753
0.021868
-0.000674
-0.028693
-0.055653
-0.028321
0.018114
0.041734
0.021275
-0.019662
-0.019271
-0.006988
0.012747
0.016414
-0.024103
-0.059155
-0.060909
0.009007
0.063988
0.055921
0.007269
-0.045895
-0.037942
0.012300
0.043215
0.036846
0.015714
0.004088
0.013613
0.015027
0.000523
-0.036649
-0.038604
-0.000205
0.031537
0.032386
0.001464
-0.026136
-0.016515
0.005478
0.012152
-0.001216
-0.012619
0.005730
0.022445
0.023811
0.002926
-0.010041
-0.001625
0.008532
0.006795
0.019803
0.021491
-0.009085
-0.043710
-0.044282
-0.012496
0.008896
0.006448
-0.022057
