-0.000260
-0.000121
-0.000071
0.000874
0.001414
0.001752
0.001482
0.000983
-0.000052
0.000023
0.000052
0.000084
-0.000261
-0.000173
0.000213
-0.000565
-0.001161
-0.002144
-0.001743
-0.001281
-0.001038
-0.000308
-0.000247
-0.000362
0.000140
0.000601
0.000675
0.000647
-0.000050
-0.000690
-0.001132
-0.001320
-0.001490
-0.001339
-0.000932
-0.001722
-0.002367
-0.003756
-0.004307
-0.004212
-0.004557
-0.005808
-0.007272
-0.010149
-0.011179
-0.012848
-0.015957
-0.020469
-0.026020
-0.033276
-0.047614
-0.061451
-0.081224
-0.109358
-0.127706
-0.133165
-0.135282
-0.085186
0.008264
0.093410
0.178124
0.236550
0.198840
0.096072
-0.032516
-0.110892
-0.058258
0.068863
0.202209
0.249019
0.183881
0.000534
-0.225336
-0.310565
-0.189577
0.074144
0.317288
0.344548
0.163318
-0.079304
-0.226057
-0.186199
-0.033442
0.144614
0.199514
0.115923
-0.052776
-0.186578
-0.182982
-0.039369
0.138317
0.127864
0.041836
-0.068300
-0.118352
-0.036874
0.020829
0.057397
0.045791
0.009412
0.014423
-0.021922
-0.051616
-0.082767
-0.058410
0.056385
0.131189
0.123832
0.015926
-0.126043
-0.148424
-0.109157
-0.004853
0.068388
0.066297
0.030870
-0.017370
-0.056332
-0.055771
0.016582
-0.001667
0.182676
0.135842
-0.144861
-0.150930
-0.144173
-0.160814
-0.051170
0.147994
0.256794
0.142299
0.031383
-0.190305
-0.316130
-0.272025
-0.329597
0.003526
0.332660
0.362127
0.093336
-0.297112
-0.350369
-0.217197
0.055003
0.370785
0.384023
0.237259
-0.016322
-0.201814
-0.132054
-0.029220
0.142206
0.160999
-0.017609
-0.209214
-0.267634
0.000232
0.270267
0.241891
0.026253
-0.191148
-0.153602
0.116849
0.332304
0.361510
0.116403
-0.068600
-0.141658
-0.112831
0.090011
0.121036
-0.074350
-0.376216
-0.373233
-0.034612
0.311028
0.331475
0.225532
0.066107
-0.143296
-0.155199
0.094963
0.284691
0.212474
-0.011032
-0.171540
-0.204145
-0.255759
-0.228118
-0.205107
-0.054825
0.013654
0.145300
0.083083
-0.195653
-0.192950
-0.155496
-0.084216
0.082172
0.248662
0.325792
0.163188
0.005310
-0.105622
-0.225014
-0.202003
-0.038961
0.290119
0.403174
0.185341
-0.119100
-0.460726
-0.457202
-0.140597
0.227004
0.388220
0.186624
-0.093737
-0.280991
-0.148944
-0.087812
0.163480
0.313997
0.218087
0.144110
-0.080343
-0.339246
-0.402063
-0.158627
0.179117
0.275391
0.103972
0.019251
-0.039732
-0.084282
-0.231990
-0.160843
0.151430
0.426764
0.410115
0.065015
-0.254360
-0.321309
-0.170244
0.102351
0.244729
0.215247
0.095256
-0.090936
-0.123453
-0.085841
-0.060859
-0.012322
-0.043654
-0.138785
-0.188164
-0.088411
0.163461
0.254624
0.144496
-0.140398
-0.397938
-0.283171
0.055764
0.441078
0.551757
0.265035
-0.110290
-0.428491
-0.397742
-0.127069
0.234814
0.408126
0.212957
0.007133
-0.184905
-0.207179
-0.051164
0.098346
0.193543
0.125684
-0.072871
-0.219615
-0.289381
-0.132957
0.075875
0.036789
-0.169835
-0.358692
-0.241694
0.093353
0.291805
0.256518
0.054146
-0.085346
-0.030239
0.080603
0.164138
0.136265
0.075534
0.034588
0.009285
0.025634
0.005372
-0.031828
-0.050745
-0.030823
0.029438
0.011288
-0.055122
-0.084446
-0.036526
0.013333
0.013329
-0.009214
-0.015197
0.009637
0.042260
0.052034
0.022453
0.006312
0.021159
0.060011
0.057128
0.009220
-0.067851
-0.097327
-0.060825
0.038135
0.077325
0.051927
-0.002881
-0.046842
-0.006270
0.042837
0.042677
0.020144
0.005045
0.021682
0.047233
0.032793
0.006481
-0.048137
-0.031633
-0.022381
0.008639
0.037179
0.011642
-0.019205
-0.061580
-0.077411
-0.089846
-0.075523
-0.043086
-0.019210
0.010241
-0.013842
-0.082268
-0.048968
0.057215
0.168687
0.159729
0.036307
-0.086483
-0.130638
-0.034834
0.084868
0.136008
0.082821
-0.058388
-0.184829
-0.189792
-0.073755
0.057093
0.093239
0.043646
-0.030793
-0.042551
-0.018780
-0.015112
-0.020695
-0.008048
0.026989
0.030612
0.016863
0.010020
0.013200
0.000327
-0.017748
-0.029805
-0.029798
0.001628
0.038370
0.060912
0.036578
-0.027721
-0.048946
-0.027220
0.015602
0.020316
-0.004592
-0.022220
-0.035500
-0.018742
0.015082
0.025543
-0.009939
-0.056678
-0.073605
-0.029267
0.033422
0.061610
0.018255
-0.029723
-0.037688
0.007553
0.080696
0.105834
0.059889
-0.021908
-0.048029
-0.006444
0.045816
0.061157
0.024838
-0.023496
-0.036152
-0.026198
0.015152
0.028610
0.024745
0.009424
-0.008007
-0.005008
-0.012106
0.007477
0.033339
0.031587
-0.005221
-0.043839
-0.042404
-0.011781
0.020586
0.044522
0.021021
-0.042421
-0.059316
-0.023031
0.030024
0.051349
0.001835
-0.044792
-0.042058
-0.015866
0.026701
0.057687
0.036129
-0.009232
-0.035832
-0.017577
0.010424
0.016515
0.003306
-0.028182
-0.026500
-0.013351
0.000960
0.005375
-0.005341
-0.016041
-0.027738
0.004599
0.046002
0.040867
0.007882
-0.029715
-0.036160
-0.006064
0.014353
0.026020
0.009366
-0.014841
-0.017615
-0.020077
-0.010784
-0.001410
0.015377
