-0.001201
-0.000578
-0.000447
-0.000482
-0.000718
-0.001331
-0.001388
-0.000702
-0.000047
0.000057
-0.000084
-0.000490
-0.001134
-0.001135
-0.000590
-0.000021
0.000285
0.000622
0.000507
-0.000012
-0.000131
-0.000470
-0.000499
-0.000230
0.000145
0.000460
0.000418
0.000344
0.000012
-0.000044
-0.000397
-0.001023
-0.001247
-0.001993
-0.002320
-0.003295
-0.004171
-0.005085
-0.005595
-0.007158
-0.009013
-0.011823
-0.014659
-0.018107
-0.019941
-0.020924
-0.021756
-0.020070
-0.020347
-0.011548
0.001745
0.025990
0.043172
0.063626
0.080169
0.036502
-0.014902
-0.037608
-0.066779
-0.081132
-0.023790
0.084463
0.111782
0.034390
-0.026726
-0.084842
-0.130939
-0.086576
0.050177
0.211343
0.255767
0.130934
-0.075600
-0.219685
-0.226986
-0.109908
0.075048
0.180968
0.141973
0.032951
-0.092597
-0.158719
-0.115868
0.019176
0.164182
0.178939
0.057469
-0.062613
-0.080914
-0.015353
0.043622
0.033638
-0.013032
-0.039254
-0.021006
0.004619
0.015342
0.006062
0.006222
0.017344
0.022450
-0.009383
-0.025605
0.009327
-0.043505
-0.063019
-0.033417
-0.077830
-0.023311
0.095675
0.135191
0.085079
-0.033758
-0.082386
-0.077971
-0.037375
0.024871
0.066911
0.131921
0.132154
0.007044
-0.134463
-0.183175
-0.093007
0.082017
0.188913
0.155977
0.013365
-0.118370
-0.133539
-0.062347
0.017363
0.046353
0.022603
-0.047978
-0.108137
-0.098818
-0.016909
0.071864
0.103930
0.057844
0.000483
-0.026178
-0.011840
0.024626
0.028408
0.024178
-0.036756
0.033758
0.015594
-0.135566
-0.119316
-0.159800
-0.146862
-0.020241
0.113731
0.197929
0.068259
0.010809
-0.032962
-0.072693
0.039872
0.069466
0.135456
0.201941
0.063113
-0.134170
-0.273494
-0.270668
-0.091432
0.081895
0.157085
0.078802
-0.027118
-0.100981
-0.143796
-0.135861
-0.054443
-0.032529
0.007786
0.013687
-0.070924
-0.025508
0.096508
0.211709
0.165279
0.004997
-0.158260
-0.187292
-0.014117
0.173683
0.234515
0.188258
0.040743
-0.125370
-0.255969
-0.301873
-0.191308
0.043716
0.317573
0.446951
0.345570
0.038479
-0.329038
-0.287150
0.038519
0.286359
0.420279
0.177407
-0.295496
-0.488514
-0.321055
0.019884
0.213587
0.178445
0.090880
0.017834
-0.060397
-0.187531
-0.102689
0.165218
0.292843
0.219698
0.077468
-0.075791
-0.161976
-0.153164
-0.099917
-0.065478
0.037601
0.138430
0.148535
0.141710
0.099902
-0.007023
-0.089483
-0.115603
-0.064727
-0.009873
0.017201
-0.004206
-0.079942
-0.077869
-0.055487
-0.018810
-0.051693
0.041581
-0.053716
0.020246
0.129726
-0.050332
0.037310
0.035713
-0.048931
-0.150137
-0.260680
0.015966
0.048740
-0.042998
0.044907
-0.003283
0.035027
-0.108625
0.022652
0.208607
0.350833
0.320149
-0.106428
-0.313625
-0.318519
-0.189383
0.085717
0.247593
0.258123
0.027010
-0.347672
-0.447022
-0.340007
0.024330
0.218534
0.149241
0.051637
-0.042565
-0.026726
0.019301
0.027947
0.025981
-0.034781
-0.087247
0.001201
0.223772
0.396088
0.286567
-0.003055
-0.315942
-0.331426
-0.077522
0.097212
0.090374
-0.013130
-0.091484
-0.037035
0.025501
-0.000357
-0.017029
-0.055130
0.091035
0.197443
0.254024
0.165113
0.075603
0.184592
0.054764
-0.125793
-0.215323
-0.199689
-0.154638
-0.125026
-0.078656
-0.020609
-0.009275
0.125514
0.230833
0.092198
-0.192909
-0.370130
-0.105045
0.382049
0.587896
0.367785
-0.126489
-0.487702
-0.486523
-0.229680
0.131977
0.264751
0.152086
-0.132721
-0.325088
-0.247410
0.004933
0.284336
0.296337
0.168203
0.049611
-0.040664
-0.052986
-0.040020
-0.161178
-0.370113
-0.445839
-0.198861
0.256650
0.521139
0.412160
-0.064519
-0.515716
-0.597474
-0.209467
0.406123
0.778353
0.623485
0.084113
-0.404598
-0.508363
-0.270151
0.081341
0.347458
0.330499
0.103527
-0.168792
-0.328680
-0.248816
-0.011012
0.236120
0.293397
0.057552
-0.237702
-0.326767
-0.044705
0.321422
0.372621
0.053779
-0.300409
-0.264336
0.092762
0.377183
0.263645
-0.146412
-0.380377
-0.228687
0.062761
0.209930
0.107612
-0.065562
-0.124201
-0.064272
0.037597
0.070505
0.075160
0.071803
0.047162
0.058637
0.018764
-0.030880
-0.073884
-0.127911
-0.112417
-0.073439
0.008055
0.061758
0.037364
0.007686
-0.026400
-0.015513
0.020748
0.050861
0.100130
0.088150
0.055731
0.013808
-0.014160
0.011755
-0.008152
-0.027136
-0.041906
-0.066156
-0.050096
-0.035096
-0.030623
-0.031458
-0.038388
-0.018433
-0.037187
-0.067211
-0.060070
-0.030480
0.011563
0.028525
0.005951
-0.047478
-0.091921
-0.047596
0.024242
0.063006
0.060759
-0.016043
-0.053004
-0.016612
0.063740
0.075473
-0.010018
-0.101684
-0.089453
0.017895
0.093210
0.060511
-0.027151
-0.076533
-0.057473
0.036239
0.093410
0.075297
0.009462
-0.050502
-0.036363
0.037029
0.110553
0.097312
-0.002119
-0.049792
-0.023733
0.014589
0.015715
-0.019759
-0.040614
-0.021350
0.023105
0.046452
0.026024
-0.008135
-0.034336
-0.029643
0.011371
0.032164
0.011983
-0.034605
-0.051094
-0.016592
0.002554
0.005538
-0.019867
-0.048895
-0.026342
0.000960
0.009948
-0.002558
0.012030
0.045212
0.068649
0.048930
-0.012652
-0.060020
-0.034877
0.046271
0.080415
0.043051
-0.026599
-0.055046
-0.032455
0.003902
-0.003582
-0.043675
-0.068086
-0.063653
-0.030986
0.015011
0.021770
0.004175
0.000889
-0.006149
0.013297
0.032462
0.042936
0.018297
-0.013243
0.001369
0.002495
-0.009652
-0.031239
-0.039569
-0.033373
-0.029772
-0.011363
-0.000640
0.002280
0.025831
0.056705
0.081641
0.056074
0.014389
0.020184
0.029775
0.031757
0.002437
-0.034429
-0.040524
-0.019632
0.003023
-0.013273
-0.046263
-0.046364
-0.017503
0.021582
0.036324
0.024014
0.010508
-0.004386
0.009917
0.028489
0.041984
0.034949
-0.000137
-0.026636
-0.033086
-0.004686
0.019459
0.022519
0.017901
0.000707
-0.020936
-0.023773
-0.015525
-0.003589
