0.003850
0.003195
0.001803
0.000305
0.000298
0.001136
0.002067
0.002318
0.002622
0.002620
0.002326
0.002253
0.001964
0.002098
0.001546
0.001269
0.001089
0.000999
0.000647
0.000100
-0.000095
0.000355
0.001556
0.002520
0.002829
0.002293
0.001867
0.001024
0.000468
-0.000451
-0.000760
-0.001867
-0.003496
-0.005369
-0.006965
-0.007973
-0.009702
-0.010823
-0.013877
-0.017530
-0.024759
-0.033171
-0.043359
-0.053917
-0.066933
-0.075053
-0.078473
-0.073731
-0.043562
0.007886
0.080206
0.128119
0.179755
0.198731
0.115421
0.078502
0.028616
-0.019837
0.026354
0.030011
0.005786
-0.035394
-0.126875
-0.194714
-0.213266
-0.135520
0.033481
0.145823
0.172676
0.121072
0.043528
0.005519
0.019471
0.090263
0.150393
0.119283
0.023238
-0.078978
-0.136402
-0.130154
-0.070699
0.015438
0.053168
0.033956
-0.000589
-0.006020
0.020042
0.038609
0.037546
0.026208
0.003108
-0.014726
-0.022410
-0.026193
-0.037662
-0.046357
-0.022324
0.018128
0.046895
0.042878
0.024062
0.022909
0.027215
0.020383
-0.001953
-0.030351
-0.044031
-0.024335
0.000231
0.002720
-0.006068
-0.017229
-0.016315
-0.005945
0.003685
0.003980
0.003497
0.005562
-0.004874
-0.032682
-0.066348
-0.078981
-0.059769
-0.035794
-0.022545
-0.009301
0.003466
0.018049
0.034449
0.033131
0.019907
0.025841
0.046830
0.042499
0.015040
-0.009337
-0.022452
-0.025879
-0.018528
-0.012811
-0.018256
-0.027263
-0.031734
-0.010125
0.016702
0.021828
0.007714
-0.015089
-0.042522
-0.054800
-0.052788
-0.037677
-0.024698
-0.016559
-0.004788
0.010327
0.006310
-0.001880
0.006494
0.041872
0.086221
0.079553
0.058210
0.005413
-0.003608
0.004480
0.076565
0.062636
0.052840
0.090775
0.014687
-0.020854
-0.019593
-0.006170
-0.078363
-0.098623
-0.066748
-0.067132
-0.111170
-0.180582
-0.198277
-0.095572
-0.029864
0.048867
0.170048
0.213288
0.140689
-0.032495
-0.087205
0.006315
0.158311
0.229692
0.131923
-0.019999
-0.149611
-0.218381
-0.144062
-0.016258
0.112595
0.133802
0.037435
-0.071633
-0.139831
-0.071554
0.060126
0.112894
0.013021
-0.155091
-0.236081
-0.129525
0.067000
0.138485
0.060498
-0.076010
-0.132054
-0.066687
0.057756
0.113499
0.093556
0.036429
-0.095721
-0.189737
-0.240853
-0.326383
-0.421612
-0.356522
-0.036029
0.302337
0.431189
0.311731
0.060622
-0.162612
-0.180338
0.120608
0.535445
0.665352
0.392537
-0.104115
-0.456277
-0.499779
-0.206112
0.156568
0.262074
0.156220
-0.031823
-0.153869
-0.183105
-0.122236
0.039346
0.208595
0.298350
0.233460
0.025755
-0.166109
-0.270560
-0.181850
0.017628
0.164317
0.180061
0.075597
-0.014751
-0.032886
-0.047094
-0.086009
-0.047748
0.110435
0.237883
0.191367
0.034867
-0.115830
-0.180128
-0.082302
0.081749
0.185855
0.192726
0.076572
-0.035103
-0.064953
-0.037888
0.018291
0.068937
0.103070
0.088399
0.063584
0.047526
0.022837
0.012239
-0.025457
-0.147743
-0.246748
-0.226195
-0.202237
-0.266316
-0.266123
-0.141274
0.016696
0.156937
0.152002
0.050749
-0.028343
-0.000116
0.161446
0.301152
0.300273
0.166338
0.005222
-0.116523
-0.214686
-0.228734
-0.151948
-0.025212
0.056110
-0.008342
-0.125735
-0.187012
-0.118314
0.041816
0.172425
0.182828
0.060012
-0.079141
-0.130163
-0.044598
0.102666
0.157055
0.055301
-0.099512
-0.135393
0.001929
0.148190
0.234027
0.144328
-0.138424
-0.248043
-0.164910
-0.077523
-0.098355
-0.098921
-0.000932
0.051986
0.045560
-0.019319
-0.100073
-0.143988
-0.125970
0.053990
0.297978
0.390163
0.240305
-0.063704
-0.252997
-0.211404
0.030257
0.265573
0.289028
0.107658
-0.111053
-0.214913
-0.160744
-0.026724
0.078332
0.111671
0.052975
-0.080278
-0.199639
-0.162137
0.034507
0.207652
0.150791
-0.081169
-0.219396
-0.085268
0.164751
0.225815
0.035049
-0.184300
-0.196391
-0.014272
0.139819
0.117680
-0.018215
-0.123139
-0.098620
0.008726
0.089940
0.087415
0.037621
-0.001952
-0.004664
0.019786
0.037486
0.030011
0.000098
-0.026225
-0.030108
-0.017424
0.001082
0.019856
0.029852
0.018320
-0.025906
-0.056401
-0.028506
0.031490
0.063222
0.023615
-0.045676
-0.079757
-0.049042
0.013784
0.042627
0.029282
-0.013047
-0.038160
-0.022695
0.009727
0.033027
0.018521
-0.007691
-0.010286
0.015204
0.024013
-0.005092
-0.034561
-0.027308
0.011268
0.027165
-0.005389
-0.036444
-0.031672
-0.000734
0.021426
0.005113
-0.022618
-0.029734
-0.007516
0.014761
0.018174
0.001399
-0.034688
-0.041587
-0.001332
0.039331
0.041472
-0.006554
-0.045061
-0.037705
0.001084
0.035795
0.016694
-0.021546
-0.043102
-0.020880
0.014004
0.015666
0.002814
-0.007154
-0.003135
0.001058
-0.001883
-0.013999
-0.015589
0.003582
0.028778
0.036661
0.008249
-0.034681
-0.048968
-0.019301
0.028770
0.043246
0.004542
-0.041921
-0.052940
