0.000433
0.000094
0.000357
0.000257
0.000516
0.000975
0.001345
0.001278
0.000801
0.000258
0.000368
0.001147
0.001661
0.001613
0.001320
0.000737
-0.000077
-0.000666
-0.000579
-0.000169
-0.000361
-0.000826
-0.000783
-0.000681
-0.000401
-0.000119
0.000486
0.000740
0.000432
0.000008
-0.000673
-0.000952
-0.000917
-0.000828
-0.001203
-0.001569
-0.003065
-0.003632
-0.005042
-0.004989
-0.005952
-0.006009
-0.005928
-0.009966
-0.010423
-0.012564
-0.018885
-0.021865
-0.025908
-0.032823
-0.045077
-0.059617
-0.071441
-0.074336
-0.073577
-0.046206
0.023030
0.082713
0.136395
0.174867
0.165203
0.088876
-0.015633
-0.084381
-0.078259
-0.024929
0.030492
0.081845
0.073709
-0.030762
-0.161716
-0.218353
-0.149688
0.010664
0.161187
0.219338
0.158157
0.049263
-0.035093
-0.053217
-0.002086
0.059947
0.076175
0.034000
-0.048101
-0.101714
-0.074576
0.006306
0.064345
0.048869
-0.016221
-0.049784
-0.033049
0.004541
0.014177
-0.034596
-0.080000
-0.084219
-0.042319
0.031654
0.111682
0.141844
0.089575
-0.004050
-0.066898
-0.069603
-0.014567
0.072560
0.156415
0.159253
0.032720
-0.138536
-0.245839
-0.211239
-0.053193
0.107741
0.170211
0.099426
-0.037763
-0.142274
-0.154304
-0.063812
0.068306
0.141063
0.102194
-0.029598
-0.125383
-0.100921
0.015606
0.120496
0.103758
0.037513
-0.056248
-0.109012
-0.026496
0.018141
-0.038829
-0.058993
-0.023147
0.042021
0.031863
-0.030890
-0.061004
-0.071651
-0.030896
0.062990
0.142159
0.170717
0.106124
-0.017191
-0.091474
-0.104513
-0.066174
-0.009647
0.057286
0.079750
0.030993
-0.047911
-0.096075
-0.099396
-0.051929
0.028799
0.106735
0.120109
0.056280
-0.013220
-0.048751
-0.040400
-0.023660
-0.006104
0.018827
0.041662
0.048900
0.010777
-0.050404
-0.077135
-0.052575
0.029022
0.100819
0.097255
0.021199
-0.062942
-0.079175
-0.024562
0.020395
-0.003387
-0.043449
-0.023984
0.021715
0.039494
0.022184
-0.025698
-0.058378
-0.043806
0.016109
0.056404
0.051469
0.014224
-0.035524
-0.052825
-0.038388
-0.025451
-0.030376
-0.006654
0.046846
0.056834
0.012354
-0.030334
-0.032792
-0.011403
0.047352
0.107934
0.138123
0.126343
0.025465
-0.067256
-0.131825
-0.145181
-0.113588
-0.045990
0.055462
0.094154
0.026123
-0.047314
-0.056126
-0.044309
-0.003740
0.073272
0.191664
0.225816
0.174777
0.051427
-0.064501
-0.151727
-0.169472
-0.125038
-0.113448
-0.085558
-0.224971
-0.424455
-0.333711
-0.141389
0.153527
0.328849
0.154412
-0.160266
-0.398801
-0.277011
0.032113
0.415428
0.575091
0.294402
-0.154973
-0.401153
-0.268871
0.060690
0.236618
0.185346
0.027455
-0.043191
0.040609
0.165407
0.215934
0.073302
-0.118411
-0.142427
-0.071136
0.016458
0.104948
0.099613
-0.036502
-0.293761
-0.367366
-0.140189
0.235838
0.431296
0.226244
-0.135503
-0.267095
-0.000773
0.377866
0.529870
0.244349
-0.149225
-0.276519
-0.114564
0.062349
0.117306
0.048623
-0.247779
-0.272938
-0.098373
-0.066151
-0.171637
-0.188769
0.055591
0.319165
0.428074
0.245306
-0.085729
-0.385483
-0.310270
-0.014666
0.504852
0.614608
0.312401
0.056978
-0.417987
-0.465678
-0.183249
0.062727
0.001628
-0.217287
-0.228507
-0.163202
-0.149220
0.043300
0.188176
0.175136
-0.102873
-0.369677
-0.121596
0.382753
0.757483
0.580568
0.016062
-0.511465
-0.692285
-0.298848
0.273045
0.444299
0.188377
-0.264464
-0.455012
-0.236724
0.102806
0.302207
0.229984
0.000182
-0.140173
-0.098051
0.046136
0.102208
-0.015403
-0.149266
-0.197990
-0.082087
0.078769
0.088848
0.014515
-0.069155
-0.040370
0.067427
0.127506
0.113318
0.075653
0.041917
-0.003254
-0.006606
0.007109
0.020215
0.019833
0.013588
0.036736
0.047606
0.059952
0.043463
-0.008038
-0.040208
-0.045719
-0.036854
-0.021746
-0.012105
-0.010942
-0.009928
-0.028715
-0.029813
0.006277
0.048177
0.063193
0.045946
0.037983
0.038917
0.029587
-0.003714
-0.041658
-0.032288
-0.009709
-0.008745
-0.019950
-0.023735
-0.010565
-0.000475
-0.004433
-0.001209
0.012532
0.028771
0.026762
0.009536
0.000933
-0.019259
-0.038381
-0.033851
0.000037
0.032884
0.031486
-0.000411
-0.040560
-0.034040
0.006380
0.021893
0.004148
-0.033189
-0.048978
-0.031081
-0.006168
0.010923
-0.000086
-0.030588
-0.049360
-0.028291
0.022888
0.056198
0.040646
-0.007809
-0.035201
-0.019647
0.023943
0.040706
0.009984
-0.033894
-0.049117
-0.023533
0.013694
0.034094
0.028975
0.004629
-0.018061
-0.008959
0.005069
0.000623
-0.013498
-0.005381
0.017450
0.021440
-0.007846
-0.048276
-0.048672
-0.013436
0.030279
0.025796
-0.022349
-0.059674
-0.044417
0.009533
0.047410
0.032967
-0.014154
-0.048582
-0.048560
-0.010848
0.030893
0.042279
0.008632
-0.030335
-0.033652
-0.003770
