-0.000220
0.020013
0.033730
0.042546
0.031488
0.018862
0.011795
0.011572
0.018464
0.019236
0.023621
0.024694
0.021765
0.026382
0.030735
0.021948
0.002098
-0.020805
-0.038232
-0.037942
-0.021847
0.001098
0.007810
0.005349
-0.005476
-0.020367
-0.022323
-0.016633
0.002505
0.026700
0.031589
0.007710
-0.035198
-0.063738
-0.054725
-0.025870
0.007834
0.009733
-0.008780
-0.022413
-0.022234
0.002299
0.045727
0.077308
0.069920
0.018918
-0.027267
-0.035004
-0.010317
0.021847
0.022246
-0.006756
-0.054144
-0.072206
-0.051790
-0.019520
0.001197
0.004655
-0.007158
-0.024270
-0.034094
-0.033246
-0.021484
-0.013191
-0.008927
-0.019526
-0.037584
-0.053030
-0.060430
-0.051023
-0.021178
0.001853
0.006598
-0.003014
-0.009230
-0.000693
0.019499
0.048932
0.067285
0.063607
0.065142
0.068756
0.099630
0.119350
0.102454
0.077351
-0.013069
-0.080226
-0.134273
-0.125213
-0.070243
-0.026015
0.002921
-0.012730
-0.032352
-0.051983
-0.051748
-0.005244
0.076968
0.153025
0.207481
0.149574
0.040897
-0.062410
-0.116466
-0.100849
-0.098260
-0.106805
-0.162420
-0.227809
-0.239636
-0.229198
-0.147464
-0.016517
0.082048
0.128089
0.109787
0.095435
0.107249
0.144133
0.181346
0.189472
0.166196
0.096083
0.009635
-0.039889
-0.034216
-0.011504
-0.005646
-0.024657
-0.059271
-0.083822
-0.062429
-0.023293
0.006911
0.019459
0.008868
0.005824
-0.003148
-0.006993
0.007358
0.030249
0.045912
0.021738
-0.021293
-0.044797
-0.032602
0.008813
0.024960
-0.011512
-0.046692
-0.042850
0.002282
0.049010
0.046643
0.015743
-0.011012
-0.006617
0.023802
0.047658
0.047243
0.019252
-0.011385
-0.030992
-0.032109
-0.014730
0.000540
