0.003854
0.003971
0.003900
0.003541
0.002661
0.000995
-0.000906
-0.002529
-0.002966
-0.002745
-0.001963
-0.001180
-0.000722
-0.000471
-0.000348
0.000198
0.001463
0.003057
0.003933
0.004028
0.002790
0.001888
0.000055
-0.000257
-0.000314
0.001228
0.001881
0.002181
0.000825
-0.001108
-0.003766
-0.005720
-0.005544
-0.005672
-0.004241
-0.004808
-0.004424
-0.009743
-0.012293
-0.018949
-0.018110
-0.021883
-0.016874
-0.018442
-0.012371
-0.009448
0.003640
0.028059
0.035214
0.055347
0.079451
0.072305
0.043788
0.015396
-0.012891
-0.049565
-0.110512
-0.069372
-0.020676
-0.000952
-0.004248
0.030585
0.032180
-0.034822
-0.073178
-0.048624
0.038694
0.072082
0.087820
0.080852
0.042374
-0.032830
-0.077457
-0.063275
-0.001394
0.062278
0.092315
0.078488
0.006731
-0.059798
-0.073357
-0.027010
0.012234
0.036634
0.035612
0.020430
-0.023255
-0.061657
-0.034068
-0.001762
0.036521
0.048276
0.040283
-0.004244
-0.026238
-0.021313
-0.017557
-0.019230
-0.024815
-0.035129
-0.042271
-0.014072
0.047868
0.092630
0.074945
0.052733
0.003366
-0.034151
-0.061187
-0.028752
0.030454
0.063765
0.042221
-0.027606
-0.083201
-0.105276
-0.059048
0.013012
0.075646
0.093843
0.060447
0.000098
-0.062130
-0.090413
-0.049278
0.003625
0.026935
0.014793
0.007436
0.015111
0.010196
-0.000745
-0.003327
0.003559
-0.000225
0.007533
0.022215
0.059406
0.036892
-0.019754
-0.079211
-0.134334
-0.135272
-0.106597
-0.038412
0.054905
0.114845
0.063658
-0.017915
-0.076667
-0.069883
-0.066110
0.016095
0.120522
0.159394
0.132768
0.057693
0.052190
-0.049955
-0.125653
-0.110858
-0.016564
0.016906
0.013671
0.005479
-0.024730
-0.071211
-0.137137
-0.084660
0.032466
0.153814
0.144501
0.121412
0.060166
-0.007126
-0.089859
-0.163695
-0.110224
-0.031369
0.086291
0.149321
0.144964
0.105497
0.015957
-0.071321
-0.110172
-0.098254
-0.014535
0.080544
0.087336
0.004046
-0.108778
-0.173394
-0.180882
-0.124571
-0.053237
0.048737
0.102888
0.142734
0.141392
0.066862
-0.039899
-0.061495
0.000271
0.070523
0.137675
0.132575
0.150424
0.015637
-0.156395
-0.233849
-0.167378
-0.049730
0.044031
0.066828
-0.007270
-0.165668
-0.290524
-0.181846
0.068976
0.300743
0.277615
0.131364
-0.019577
-0.124189
-0.096934
0.025377
0.198831
0.260463
0.143023
-0.052654
-0.209346
-0.239259
-0.146583
0.030338
0.153429
0.139207
0.050928
-0.035276
-0.075158
-0.074476
-0.035139
0.041475
0.117174
0.163080
0.136500
0.065622
-0.011429
-0.071032
-0.063409
-0.056764
-0.038636
-0.017511
-0.035311
-0.082917
-0.155999
-0.176227
-0.064379
0.095938
0.200358
0.197127
0.082620
-0.040622
-0.102307
-0.054216
0.054123
0.110975
0.070098
-0.000972
-0.060904
-0.095867
-0.110936
-0.068772
0.025082
0.081703
0.085585
0.066873
0.047535
-0.015649
-0.056927
-0.049350
-0.015965
-0.022105
-0.052493
-0.040258
-0.001126
0.011130
-0.001037
-0.020058
-0.052816
-0.058700
-0.019838
0.045603
0.086833
0.083173
0.028219
-0.021815
-0.036602
-0.051677
-0.066715
-0.077277
-0.053147
0.014104
0.048917
0.030180
-0.024288
-0.053148
-0.027196
0.011809
0.037961
0.062208
0.067789
0.063908
0.048190
0.027387
0.007162
-0.022894
-0.041093
-0.043857
-0.031586
-0.037224
-0.052101
-0.053709
-0.049046
-0.052723
-0.059964
-0.055507
-0.004393
0.026751
0.013462
-0.001990
0.009539
0.059370
0.108201
0.113573
0.069377
-0.009048
-0.060026
-0.029573
0.041097
0.089347
0.062726
0.001170
-0.049314
-0.071754
-0.070548
-0.038835
0.004833
0.043643
0.059350
0.046378
0.008276
-0.044924
-0.072958
-0.050087
0.005289
0.036420
0.034526
0.013649
-0.004918
-0.008112
-0.009043
-0.010731
0.001319
0.025573
0.039827
0.023406
-0.015284
-0.049147
-0.053848
-0.024726
0.012996
0.044296
0.038987
-0.002138
-0.026309
-0.022188
-0.000024
0.006999
0.002641
0.011984
0.026752
0.019813
-0.012657
-0.048960
-0.054579
-0.025791
0.013532
0.041474
0.036618
-0.003034
-0.048854
-0.050736
-0.021188
0.008844
0.012964
0.004619
0.005673
-0.004803
-0.015231
-0.011259
-0.008086
-0.010394
-0.004709
0.011664
0.016859
-0.005310
-0.028662
-0.026477
-0.017615
-0.014392
-0.011062
-0.014928
-0.013949
0.002050
0.028370
0.040916
0.013360
-0.020111
-0.028204
