-0.000191
0.000188
0.000538
0.000870
0.001257
0.001408
0.001682
0.001689
0.001650
0.001461
0.000881
0.000703
0.000639
0.000792
0.000785
0.000573
0.000496
0.000088
-0.000173
-0.000384
-0.000550
-0.000823
-0.001292
-0.001597
-0.001216
-0.001078
-0.000227
0.000089
-0.000292
-0.000691
-0.001322
-0.001544
-0.001385
-0.000679
-0.000511
-0.001082
-0.001417
-0.001376
-0.001236
-0.001273
-0.001030
-0.000738
-0.001522
-0.002670
-0.004318
-0.005035
-0.005537
-0.006672
-0.008673
-0.010266
-0.013440
-0.016193
-0.019680
-0.024353
-0.030954
-0.040935
-0.047226
-0.059561
-0.075500
-0.081492
-0.083035
-0.082126
-0.058677
-0.017859
0.018797
0.062144
0.109509
0.119231
0.097797
0.065149
0.050018
0.044417
0.037851
0.067825
0.104538
0.107274
0.046479
-0.016934
-0.048070
-0.057185
-0.040676
0.001265
0.054407
0.069677
0.054435
0.016079
-0.032714
-0.042300
-0.021348
0.025494
0.051914
0.055044
0.051396
0.025437
0.017858
-0.006330
-0.043536
-0.007863
0.014106
0.007171
-0.026042
-0.060246
0.010623
0.008462
0.071820
0.112675
-0.094774
-0.110914
-0.036625
-0.087796
-0.007624
0.097264
0.226296
0.166094
-0.053164
-0.203794
-0.285255
-0.193247
-0.053912
0.127126
0.283805
0.204066
-0.010135
-0.229769
-0.379156
-0.236855
0.054398
0.329434
0.415682
0.220403
-0.096166
-0.305359
-0.295191
-0.180683
-0.054775
0.169047
0.289455
0.090665
-0.107562
-0.214981
-0.145644
-0.005378
0.009706
-0.028354
-0.011226
0.099213
0.134854
0.063038
-0.123407
-0.305293
-0.264025
-0.054636
0.200550
0.309535
0.230259
0.107877
-0.030838
-0.008490
0.020037
-0.006554
0.052063
0.072164
-0.059685
-0.222941
-0.179740
-0.040451
0.147354
0.334771
0.313244
0.143789
-0.133807
-0.394444
-0.324281
-0.031237
0.304108
0.424413
0.236547
-0.150521
-0.500078
-0.442303
-0.054263
0.265167
0.326203
0.166788
-0.012598
-0.104099
-0.147116
-0.053281
0.050383
0.160628
0.108599
-0.103262
-0.173656
-0.101515
0.057778
0.134068
0.027728
-0.084994
-0.177213
-0.056457
0.096678
0.098703
-0.039393
-0.132658
-0.039457
0.050464
0.141246
-0.062041
-0.211747
-0.167696
-0.058440
-0.010747
0.026971
0.111539
0.122509
0.036767
-0.033143
-0.018589
-0.052731
-0.090752
-0.153797
0.035431
0.232445
0.252787
0.118609
-0.011712
-0.077893
-0.190392
-0.044074
0.199792
0.269698
0.176073
-0.078867
-0.430073
-0.484514
-0.133170
0.412166
0.558394
0.275013
-0.078241
-0.294032
-0.234602
-0.025631
0.160213
0.232853
0.164785
0.014106
-0.092710
-0.122236
-0.057155
0.025448
0.170738
0.237460
0.100254
-0.200282
-0.477251
-0.527748
-0.247316
0.170197
0.406595
0.223530
-0.120636
-0.358323
-0.134058
0.365652
0.517274
0.339208
-0.013571
-0.303373
-0.416203
-0.213895
0.127443
0.273271
0.135873
-0.071373
-0.273897
-0.401847
-0.394876
-0.167322
0.278336
0.592241
0.499371
0.070737
-0.353807
-0.467938
-0.239299
0.164271
0.441645
0.345149
0.014484
-0.309198
-0.333706
-0.089891
0.191434
0.292780
0.168341
0.010081
-0.092407
-0.088109
-0.023759
0.033899
0.010409
-0.049997
-0.080237
-0.048786
0.044201
0.120101
0.131188
0.050333
-0.036277
-0.095021
-0.056873
0.050401
0.112542
0.058216
-0.068603
-0.124097
-0.087006
-0.024154
0.022684
0.057323
0.087633
0.105362
0.063136
-0.012263
-0.054188
-0.051787
-0.022839
-0.004375
-0.018835
-0.056777
-0.086483
-0.084640
-0.067765
-0.020999
0.032999
0.060800
0.048667
0.007482
-0.013569
0.035130
0.085681
0.069711
-0.010182
-0.079556
-0.052302
0.014941
0.040999
-0.034340
-0.094047
-0.052691
0.053782
0.113145
0.051258
-0.048826
-0.100835
-0.061186
0.026618
0.053907
-0.006770
-0.089632
-0.126475
-0.071896
-0.003772
0.038023
0.021630
-0.023087
-0.025619
0.014371
0.071963
0.070956
0.024704
-0.023228
-0.020473
0.027107
0.043862
0.015116
-0.035870
-0.041134
0.011534
0.042680
0.023018
-0.023701
-0.015537
0.029064
0.048640
0.011945
-0.062648
-0.086129
-0.053080
-0.000009
0.009967
-0.010160
-0.059151
-0.080615
-0.037465
0.017463
0.039968
-0.000010
-0.056205
-0.041776
0.020968
0.059685
0.028614
-0.042931
-0.064800
-0.045403
0.016208
0.052553
0.042216
0.012850
0.009889
0.043002
0.052859
0.031029
0.002604
0.014688
0.058156
0.078621
0.068172
0.004917
-0.072120
-0.074504
0.002845
0.081396
0.055267
-0.036667
-0.105574
-0.093939
-0.016628
0.048960
0.051842
0.000399
-0.045981
-0.011956
0.045210
0.058556
0.024902
-0.017138
-0.014417
0.000458
0.017705
0.007364
-0.008545
-0.014789
-0.025400
-0.017696
-0.008136
0.007829
0.030133
0.051687
0.048425
-0.000329
-0.038381
-0.037209
0.004151
0.054639
0.052107
0.000014
-0.061746
-0.074226
-0.015980
0.036057
0.030220
-0.020615
-0.052109
-0.034201
-0.005946
0.022892
0.016399
-0.012961
-0.019470
-0.004440
0.020677
0.022563
0.003921
-0.015613
-0.029361
-0.005254
0.038559
0.052846
0.028507
-0.014042
-0.031259
-0.026811
-0.017448
-0.008856
-0.006540
0.004617
0.013547
-0.000064
-0.023404
-0.033257
-0.006770
0.030909
0.045087
0.034077
