-0.001441
-0.001478
-0.001322
-0.001115
-0.000914
-0.001265
-0.001784
-0.002093
-0.001989
-0.001466
-0.000312
0.000311
0.000422
0.000197
-0.000314
-0.000735
-0.001050
-0.000831
-0.000309
0.000154
0.000476
0.000243
-0.000283
-0.000842
-0.001509
-0.001113
-0.000867
0.000069
0.000259
-0.000146
-0.000774
-0.001406
-0.001959
-0.002651
-0.003482
-0.004176
-0.004581
-0.004531
-0.005248
-0.007130
-0.009050
-0.011624
-0.013526
-0.017181
-0.018578
-0.024762
-0.029999
-0.035493
-0.040505
-0.048711
-0.052758
-0.031802
-0.016981
0.009916
0.067243
0.100502
0.106095
0.094279
0.048665
-0.008768
-0.052246
-0.057779
-0.012706
0.052170
0.097322
0.095258
0.035209
-0.055720
-0.125799
-0.127505
-0.057494
0.040820
0.117160
0.121914
0.050610
-0.053855
-0.126228
-0.111219
-0.023940
0.079054
0.131246
0.102522
0.015300
-0.066233
-0.101190
-0.060100
0.015842
0.085436
0.094255
0.046737
-0.034126
-0.113198
-0.081305
-0.037281
-0.014903
0.022411
0.020296
-0.031793
-0.060241
-0.029832
0.044276
0.075641
0.060427
0.036372
-0.005994
-0.042933
-0.052490
0.003466
0.084556
0.121031
0.068537
-0.025803
-0.100222
-0.095713
-0.018895
0.063407
0.085435
0.044836
-0.008266
-0.043564
-0.047554
-0.016976
0.043292
0.078876
0.065741
0.005249
-0.055625
-0.060050
0.002798
0.042560
0.024506
-0.025403
-0.066482
-0.060458
-0.033251
-0.016135
-0.021979
-0.034668
-0.021292
-0.027245
-0.073809
-0.102017
-0.083566
0.005269
0.111896
0.158812
0.119398
0.006980
-0.111050
-0.123062
-0.073972
-0.004916
0.087901
0.107982
0.063341
-0.007180
-0.092350
-0.085569
-0.016110
0.038312
0.123287
0.111435
0.028021
-0.033756
-0.101841
-0.067015
-0.036367
-0.032257
0.035484
0.082700
0.060278
-0.030248
-0.098648
-0.072919
-0.003499
0.073757
0.164193
0.146154
0.033407
-0.111862
-0.238579
-0.229247
-0.099791
0.080335
0.168483
0.093819
-0.057717
-0.205735
-0.285609
-0.222689
-0.020411
0.215306
0.327191
0.252523
0.054405
-0.121963
-0.161930
-0.061565
0.118019
0.221795
0.215864
0.146077
0.040014
-0.043798
-0.090239
-0.071665
-0.012221
0.077611
0.094462
0.027124
-0.055131
-0.106134
-0.051838
0.089060
0.189632
0.120129
-0.051889
-0.192530
-0.183384
-0.108483
0.016839
0.168937
0.215343
0.035254
-0.181334
-0.246278
-0.147035
0.041718
0.105875
0.114031
0.074962
0.024802
-0.033605
-0.070710
-0.046585
-0.003055
0.055367
0.050318
-0.004463
-0.052580
-0.013299
0.036422
0.030079
-0.010697
-0.025806
0.040700
0.088697
0.055621
-0.011571
-0.012849
0.083261
0.190873
0.043329
-0.141120
-0.286769
-0.383765
-0.286122
-0.054423
0.189698
0.266633
0.137346
-0.085944
-0.248791
-0.287800
-0.178712
0.065484
0.443080
0.564676
0.316712
-0.149706
-0.520917
-0.494615
-0.095771
0.287926
0.365992
0.116240
-0.255585
-0.497656
-0.570796
-0.272306
0.157922
0.483205
0.547364
0.200671
-0.258627
-0.474508
-0.287333
0.170000
0.490199
0.456410
0.183913
-0.118163
-0.295304
-0.323976
-0.201999
0.065716
0.293248
0.327899
0.156394
-0.099932
-0.247933
-0.189335
0.057836
0.249414
0.229796
0.063176
-0.119285
-0.222023
-0.163270
-0.020139
0.094882
0.106992
0.071678
0.094049
0.123264
0.130117
0.126581
0.110768
0.068342
-0.066277
-0.204307
-0.319812
-0.336494
-0.150055
0.033565
0.138499
0.092660
-0.067724
-0.294339
-0.402606
-0.223695
0.179410
0.502936
0.567472
0.396400
0.008293
-0.330944
-0.379722
-0.047639
0.384752
0.532108
0.257594
-0.223872
-0.536008
-0.607468
-0.394304
-0.003372
0.325485
0.412064
0.105563
-0.301067
-0.424658
-0.137244
0.296189
0.467998
0.264650
-0.067417
-0.201233
-0.106495
0.051966
0.069694
-0.022757
-0.098086
-0.084327
-0.002930
0.033488
-0.003618
-0.055441
-0.029256
0.083011
0.163480
0.105834
-0.011097
-0.113944
-0.086062
0.059818
0.134065
0.083570
-0.044698
-0.115160
-0.064610
0.045041
0.126508
0.093028
-0.037593
-0.123471
-0.107699
-0.014712
0.048001
0.021989
-0.042803
-0.073225
-0.053780
-0.026520
-0.004322
0.026223
0.065722
0.070053
0.052030
0.008481
-0.020098
0.001006
0.042152
0.066891
0.052982
0.000344
-0.042350
-0.054868
-0.020413
0.015967
0.003618
-0.017701
-0.052684
-0.051620
-0.012059
0.022773
0.019448
-0.001757
0.000202
0.035443
0.057469
0.045375
0.007826
-0.039934
-0.031299
0.006397
0.038670
0.030560
-0.021446
-0.064858
-0.092969
-0.073663
-0.019735
-0.010468
-0.006691
-0.030295
-0.032883
0.006430
0.007368
0.009449
0.001076
0.011824
0.016707
0.011075
0.018882
0.010362
0.006802
0.013671
0.014007
0.022892
0.020520
0.016319
0.021863
0.020204
0.031006
0.021876
0.002823
-0.002885
-0.007074
-0.009856
-0.020143
-0.031985
-0.026577
-0.031278
-0.038393
-0.032069
-0.020565
-0.007268
-0.004673
0.006722
0.026334
0.042893
0.057621
0.055518
0.024703
-0.016392
-0.046621
-0.037668
-0.005420
-0.004389
-0.028976
-0.050674
-0.047123
-0.033715
-0.016953
0.007626
0.021149
0.019374
0.006693
0.005351
0.014098
0.009681
0.000472
0.007482
0.012397
-0.001556
-0.007445
0.006974
