-0.000195
0.000648
0.001396
0.000992
0.000399
0.000028
0.000196
0.000702
0.001301
0.002018
0.001886
0.001381
0.000773
0.000694
0.000489
0.000571
0.000704
0.001158
0.001583
0.001600
0.001144
0.000973
0.000965
0.000686
0.001015
0.001303
0.001307
0.000786
0.000098
-0.000568
-0.000870
-0.001228
-0.001483
-0.002023
-0.002858
-0.004062
-0.005664
-0.006771
-0.007508
-0.008264
-0.008781
-0.009174
-0.009664
-0.009974
-0.010063
-0.009899
-0.008134
-0.006072
-0.003530
-0.000561
0.002019
0.005596
0.012926
0.018986
0.026085
0.038026
0.042711
0.042131
0.033306
0.029849
0.002817
-0.021502
-0.011039
-0.035499
-0.033957
0.001023
0.004727
0.003360
0.008141
-0.009702
-0.037139
-0.039136
-0.030793
-0.010039
0.040048
0.057914
0.046104
0.021437
-0.016011
-0.046111
-0.048605
-0.010474
0.030274
0.051982
0.015462
-0.017598
-0.079274
-0.109490
-0.058789
0.000481
0.030875
0.044945
0.020632
-0.030824
-0.111608
-0.133056
-0.039477
0.046190
0.135388
0.144189
0.122080
0.062217
-0.031045
-0.118484
-0.117658
-0.016614
0.109783
0.177559
0.141083
0.045115
-0.064208
-0.139954
-0.130570
-0.054020
0.058036
0.134276
0.109173
0.053193
-0.043372
-0.111515
-0.098107
-0.033298
0.033163
0.034699
-0.060045
-0.088035
-0.067021
-0.110036
-0.106451
0.039524
0.221704
0.260968
0.126145
-0.064264
-0.177299
-0.144098
0.020873
0.224066
0.298709
0.197502
-0.025391
-0.228955
-0.295206
-0.233570
-0.016206
0.164203
0.154600
0.001040
-0.124841
-0.101449
-0.000682
0.065231
0.068525
0.014883
-0.005838
0.034369
0.105386
0.163042
0.129694
0.074817
-0.086881
-0.175025
-0.085760
-0.034715
-0.050809
-0.086023
-0.069020
-0.040941
-0.039272
-0.003458
0.006724
-0.039303
-0.110972
-0.094506
0.117416
0.317962
0.337889
0.143205
-0.113375
-0.278749
-0.225812
-0.000648
0.191706
0.186808
0.006037
-0.172209
-0.259015
-0.190935
-0.021473
0.150085
0.221574
0.104393
-0.086179
-0.123685
-0.053421
0.056495
0.067932
0.024262
-0.009139
0.003474
0.083889
0.094210
0.022104
-0.093459
-0.129386
-0.066463
0.083355
0.181207
0.238171
0.118054
0.111747
0.096316
-0.217504
-0.310367
-0.280208
-0.303223
-0.263000
-0.010500
0.237889
0.242778
0.095949
-0.082627
-0.237068
-0.291459
-0.128220
0.208691
0.462376
0.503162
0.225142
-0.248784
-0.619697
-0.580799
-0.005020
0.506280
0.627401
0.312718
-0.191499
-0.512321
-0.571711
-0.304193
0.178509
0.566489
0.563108
0.117643
-0.473608
-0.605119
-0.244663
0.143449
0.179416
0.040932
0.025062
0.162893
0.253950
0.117251
-0.181560
-0.404854
-0.327877
0.060991
0.405397
0.492767
0.182118
-0.200964
-0.304852
-0.271090
-0.063108
0.188402
0.325125
0.192197
-0.007510
-0.116600
-0.154735
-0.218524
-0.095641
0.157728
0.292996
0.052539
-0.324365
-0.370789
-0.041156
0.316722
0.369343
0.134514
-0.138537
-0.198751
-0.116818
0.023880
0.066701
0.150476
0.102299
0.100332
0.087405
-0.033394
-0.091775
-0.059518
-0.006360
0.014185
0.061280
0.090118
0.051641
-0.073740
-0.050032
-0.010159
-0.041076
-0.150770
-0.146021
0.013496
0.199319
0.237309
0.078112
-0.198895
-0.404490
-0.316729
-0.028285
0.282524
0.388436
0.196619
-0.184667
-0.392714
-0.270287
0.144841
0.479597
0.526070
0.233539
-0.090771
-0.149365
-0.134361
0.002411
-0.020373
-0.234827
-0.470616
-0.335651
0.031122
0.290750
0.277427
0.102376
0.001498
-0.201321
-0.257888
-0.025005
0.363564
0.434264
0.167902
-0.181991
-0.342014
-0.366767
-0.192996
0.059144
0.171445
0.078034
-0.136186
-0.155483
0.033885
0.248813
0.249817
0.084052
-0.143823
-0.297318
-0.253861
0.021907
0.286224
0.273562
-0.124953
-0.493444
-0.439715
0.052552
0.522907
0.518570
0.126799
-0.262116
-0.285882
-0.010768
0.263810
0.299489
0.101864
-0.166672
-0.269843
-0.145613
0.050303
0.110244
0.027568
-0.048706
-0.032456
0.026728
0.015336
-0.025699
-0.037996
0.012488
0.061140
0.026809
-0.031208
-0.028749
0.029608
0.059872
0.031512
-0.017795
-0.054698
-0.026169
0.025494
0.048867
0.018388
-0.037533
-0.059161
-0.031860
0.037882
0.063988
0.029215
-0.012742
0.005923
0.050042
0.056660
-0.009172
-0.038421
0.001469
0.046939
0.043122
-0.003460
-0.033661
-0.032491
0.002160
0.017782
0.003735
-0.023962
-0.056849
-0.060038
-0.001483
0.057419
0.034624
-0.052957
-0.112625
-0.086449
-0.008123
0.034493
0.035128
0.005346
-0.017742
-0.011395
-0.022687
-0.021870
-0.005020
0.012583
0.037281
0.038169
0.022016
-0.018722
-0.044881
-0.023484
0.001197
0.009651
-0.014144
-0.037509
-0.026497
-0.004726
0.019512
0.012158
-0.033359
-0.024950
0.018589
0.044460
0.013239
-0.047135
-0.057042
-0.031677
0.003642
0.016874
0.021879
0.026691
0.015565
0.013775
0.024804
0.031736
0.039107
0.013262
0.003838
0.020117
0.027658
0.023779
-0.012828
-0.039015
-0.024696
0.006894
0.005333
-0.031729
-0.049002
-0.008937
0.044985
0.054983
0.010018
-0.034003
-0.047869
-0.009113
0.031443
0.029028
0.016299
-0.014640
-0.046026
-0.046436
-0.002230
0.053293
0.051681
0.012163
-0.004329
-0.008770
0.002516
-0.003771
0.006184
0.025826
0.025021
0.023739
0.015534
0.005149
-0.000936
0.006936
0.009814
-0.004775
-0.009704
0.008776
0.014676
-0.003234
-0.024540
-0.026924
-0.030294
-0.035792
-0.024841
0.003094
0.035650
0.034167
