-0.000026
0.000297
0.000322
0.000497
-0.000144
-0.000493
-0.000676
-0.000630
-0.000215
-0.000653
-0.000967
-0.000962
-0.000751
-0.000486
-0.000457
-0.000626
-0.001196
-0.001583
-0.001664
-0.001121
-0.001048
-0.001183
-0.001155
-0.001387
-0.001053
-0.000933
-0.000732
-0.000727
-0.000981
-0.001167
-0.001511
-0.001685
-0.001591
-0.001785
-0.001878
-0.002243
-0.002099
-0.001964
-0.002308
-0.002485
-0.002767
-0.002645
-0.002595
-0.002571
-0.002516
-0.002538
-0.002925
-0.002785
-0.002641
-0.002776
-0.003338
-0.003261
-0.003762
-0.003067
-0.002849
-0.003009
-0.002765
-0.003387
-0.003241
-0.003185
-0.002187
-0.003029
-0.002025
-0.003124
-0.002553
-0.003789
-0.002876
-0.003455
-0.002941
-0.003953
-0.003858
-0.005113
-0.005858
-0.006999
-0.007862
-0.007460
-0.008808
-0.006303
-0.010546
0.003155
-0.010967
0.012879
0.009564
0.016926
0.020047
-0.019209
0.030334
-0.030517
-0.064753
0.007818
-0.012280
-0.039338
-0.022903
-0.010285
-0.014400
-0.054181
-0.013129
0.017122
0.027132
0.057935
0.039716
0.032247
0.012647
0.034630
-0.011096
-0.062927
-0.048657
-0.077163
-0.064374
0.008805
0.076448
0.116311
0.082498
0.003096
-0.067902
-0.078868
-0.011666
0.078847
0.167106
0.179419
0.068013
-0.091431
-0.173753
-0.135909
0.014803
0.151408
0.156046
0.054473
-0.085451
-0.147671
-0.112163
-0.020691
0.092815
0.128748
0.082378
-0.014350
-0.108293
-0.102679
-0.000177
0.111187
0.127741
0.043087
-0.051470
-0.081515
-0.014937
0.042210
0.042353
0.002768
-0.032156
-0.024108
-0.006104
-0.001771
-0.016206
0.005016
0.048736
0.058432
0.099572
-0.002681
-0.131183
0.003494
-0.012820
-0.034249
-0.023390
0.010168
0.099763
0.052255
0.003918
-0.088301
-0.139669
-0.101371
-0.029735
0.103193
0.203820
0.149539
-0.001634
-0.178030
-0.239809
-0.133106
0.072746
0.226746
0.218785
0.052036
-0.136401
-0.244041
-0.227401
-0.078784
0.121810
0.276780
0.206554
-0.017964
-0.185126
-0.156473
-0.029444
0.046376
0.050421
0.073560
0.129389
0.141885
0.019234
-0.171029
-0.242501
-0.131802
0.109358
0.220886
0.131673
-0.101093
-0.248268
-0.172704
0.062765
0.214801
0.211815
0.132360
-0.045166
-0.152010
-0.145949
-0.072464
0.016950
0.023507
0.004408
-0.006366
-0.049247
-0.013163
0.061708
0.105145
0.083339
-0.012437
0.041071
0.146659
0.055174
-0.024820
-0.037790
-0.085092
-0.015355
-0.005583
-0.029638
-0.079177
-0.091779
-0.049460
-0.101622
-0.147579
-0.255916
-0.099043
0.036601
0.075479
0.091013
-0.006154
-0.070406
-0.130965
-0.021930
0.079014
0.087144
0.262791
0.338674
0.134857
-0.127804
-0.381585
-0.270042
0.028759
0.202711
0.305790
0.177381
-0.122538
-0.303670
-0.242824
-0.013514
0.170153
0.249609
0.171901
-0.133919
-0.320392
-0.265710
0.018782
0.317920
0.367973
0.110790
-0.346740
-0.648532
-0.399141
0.189845
0.599799
0.556171
0.105229
-0.288073
-0.356234
-0.160487
0.123546
0.241694
0.269080
0.239447
0.077693
-0.031123
-0.228808
-0.280675
-0.125756
0.032135
0.089837
0.068508
0.059362
0.049377
-0.065302
-0.160216
-0.128134
0.006650
0.157188
0.189035
0.143124
0.001681
-0.089716
-0.094036
0.056837
0.155487
0.112931
-0.035642
-0.095252
-0.006897
0.085196
0.045110
-0.074671
-0.162513
-0.126919
0.058620
0.160811
0.195298
-0.010577
-0.207798
-0.166645
-0.052833
0.025527
0.100929
0.088801
0.056591
0.044066
0.012331
-0.155743
-0.321632
-0.201286
0.010287
0.216400
0.344715
0.260040
-0.067929
-0.403374
-0.484076
-0.118849
0.323672
0.576807
0.430050
-0.070054
-0.448655
-0.488778
-0.206795
0.141419
0.311385
0.287118
0.114012
-0.127217
-0.229317
-0.176167
0.012730
0.117395
0.070456
-0.024271
0.025793
0.120571
0.077199
-0.126301
-0.356391
-0.328454
-0.022219
0.340331
0.373441
0.060840
-0.228390
-0.225387
-0.101128
-0.007531
0.072184
0.193065
0.248595
0.160555
0.002353
-0.141176
-0.179286
-0.094124
0.082224
0.181858
0.155638
0.027832
-0.090429
-0.132045
-0.098918
-0.049982
-0.029251
-0.003181
-0.021471
-0.027481
0.005150
0.093020
0.118087
0.096280
0.014509
-0.006101
0.105774
0.102894
0.030919
-0.009503
-0.055052
-0.172206
-0.266501
-0.193498
0.016049
0.162457
0.204171
0.176657
0.010410
-0.238882
-0.366648
-0.194838
0.169801
0.352971
0.221956
-0.038438
-0.235522
-0.245849
-0.112686
0.098718
0.263136
0.256901
0.087555
-0.141850
-0.205160
-0.065482
0.155891
0.257820
0.154128
-0.070443
-0.211549
-0.175178
-0.005972
0.116868
0.079848
-0.106434
-0.209387
-0.092795
0.085019
0.163596
0.055303
-0.126627
-0.230942
-0.188574
-0.044307
0.067501
0.037623
-0.052935
-0.093538
-0.001014
0.087026
0.088425
0.028722
0.047887
0.179928
0.333877
0.362888
0.284921
0.088820
-0.184766
-0.299132
-0.377265
-0.448881
-0.375646
-0.058424
0.280990
0.324567
0.136301
-0.140870
-0.379227
-0.434324
-0.234215
0.289611
0.722545
0.740365
0.344122
-0.254134
-0.593919
-0.531037
-0.148598
0.306025
0.496522
0.318331
-0.089387
-0.449602
-0.446545
-0.155766
0.173979
0.329704
0.223428
0.002546
-0.176610
-0.126841
0.125055
0.255606
0.095570
-0.180660
-0.286536
-0.038840
0.209416
0.129858
-0.135817
-0.286425
-0.143874
0.091993
0.196698
0.145989
0.010747
-0.080767
-0.056760
0.031830
0.117472
0.117098
0.053476
-0.013765
-0.031700
-0.019024
-0.016976
-0.046104
-0.079679
-0.051208
0.038967
0.097131
0.094877
0.039531
-0.020895
-0.050245
-0.065885
-0.032830
0.018252
0.064292
0.038962
-0.070778
-0.154066
-0.137613
-0.066403
0.009831
0.034256
0.020182
-0.008976
-0.038593
-0.010044
0.036348
0.062951
0.037351
-0.011668
-0.016797
0.032070
0.057114
0.023737
-0.022062
-0.019775
0.016258
0.028251
0.017044
-0.015317
-0.011872
0.029500
0.051972
0.027205
0.000577
0.010193
0.044968
0.055831
0.017950
-0.040555
-0.065436
-0.030273
0.026866
0.061317
0.025418
-0.049783
-0.080601
-0.047509
-0.004261
0.019294
0.013681
0.009129
0.014680
0.004450
-0.018089
-0.041983
-0.050669
-0.024284
0.026013
0.058381
0.047963
-0.001755
-0.040015
-0.037971
-0.002831
0.056259
0.077630
0.033479
-0.022547
-0.034348
-0.001513
0.028517
0.032855
0.008328
-0.014767
-0.019730
-0.021885
-0.016376
-0.019231
-0.017059
0.002612
-0.007590
-0.038048
-0.063551
-0.072995
-0.033481
0.025355
0.065429
0.044323
-0.009458
-0.041271
-0.027201
0.012277
0.039150
0.041859
0.020780
-0.005407
-0.030108
-0.024467
-0.009120
-0.005056
-0.023223
-0.028109
-0.006100
0.016456
0.027023
0.034829
0.039482
0.035894
0.013974
-0.012546
-0.011791
0.006763
0.037384
0.037293
0.006798
