-0.000320
-0.000698
-0.000062
0.000394
0.000660
0.000329
0.000170
0.000820
0.001216
0.001154
0.000800
0.000924
0.001775
0.002299
0.002366
0.002306
0.001481
0.000064
-0.000549
0.000341
0.000761
0.000167
-0.000386
-0.000549
-0.001228
-0.001071
-0.000749
0.000085
-0.000295
-0.000249
-0.002615
-0.003372
-0.005431
-0.006291
-0.009092
-0.007324
-0.005868
-0.003225
-0.003522
-0.006359
-0.004487
-0.015362
-0.020724
-0.012369
-0.024961
-0.014760
0.002495
0.015056
0.037514
0.032804
0.042179
-0.013931
-0.042779
-0.058594
-0.075835
-0.046701
0.022624
0.064336
0.073665
0.003760
-0.074505
-0.061417
-0.120177
-0.017171
0.150028
0.244975
0.211436
0.061120
-0.083634
-0.214211
-0.198869
-0.055708
0.127992
0.230410
0.124680
-0.060575
-0.179877
-0.176526
-0.027045
0.126281
0.233605
0.145827
0.015026
-0.093382
-0.130866
-0.000695
0.099315
0.128935
0.044217
-0.052950
-0.096002
-0.071603
0.022132
0.056660
-0.005206
-0.050281
-0.073965
-0.035349
0.027827
0.077011
0.036869
-0.046300
-0.098721
-0.095521
-0.054358
0.020176
0.049649
0.020882
-0.007434
0.014472
0.045896
-0.010254
-0.026261
0.035924
0.135093
0.085720
-0.026074
-0.059337
-0.047685
-0.049801
0.011977
0.073164
0.132926
0.120872
0.024381
-0.118321
-0.178363
-0.090269
0.048039
0.147107
0.133352
0.067423
-0.024811
-0.084256
-0.129900
-0.120579
-0.041406
0.068524
0.126276
0.113992
0.017499
-0.101988
-0.147370
-0.098849
-0.018524
0.048971
0.082857
0.063606
0.014214
-0.028313
-0.016213
-0.012052
-0.037704
-0.047222
-0.021344
0.051670
0.096648
0.095880
0.051207
-0.058813
-0.147833
-0.152231
-0.037308
0.108148
0.167207
0.141821
0.032712
-0.088220
-0.147640
-0.101321
0.033860
0.179813
0.235544
0.168699
-0.060601
-0.233468
-0.234719
-0.133874
0.001683
0.079308
0.113480
0.022844
-0.129279
-0.193415
-0.132408
0.010618
0.110188
0.116532
0.094335
0.033846
-0.032423
-0.059725
-0.007233
0.096881
0.135671
0.089290
-0.024461
-0.094804
-0.121848
-0.048003
0.086580
0.149831
0.103670
-0.039875
-0.135110
-0.178570
-0.115498
0.036718
0.184206
0.158385
-0.020109
-0.251725
-0.353316
-0.297017
-0.182494
-0.071775
0.041078
0.122403
0.167949
0.173142
0.062969
-0.055800
-0.106782
-0.025554
0.116211
0.222991
0.220335
0.091733
-0.033456
-0.045290
-0.035257
-0.036836
-0.095842
-0.137972
-0.067577
0.057020
0.147426
0.132661
0.038009
-0.096394
-0.159391
-0.048518
0.147049
0.244895
0.154679
-0.029028
-0.139165
-0.071874
0.083349
0.167475
0.091924
-0.074487
-0.182847
-0.105592
0.071653
0.135969
0.038807
-0.133732
-0.218370
-0.169449
-0.055448
0.045198
0.095407
0.117317
0.140471
0.126038
0.056284
-0.034158
-0.015666
0.093577
0.218432
0.231036
0.076770
-0.104402
-0.292387
-0.353982
-0.266531
-0.127459
0.019506
0.058059
-0.039577
-0.178787
-0.247694
-0.147868
0.050977
0.237553
0.340075
0.292827
0.096951
-0.129753
-0.182808
-0.042088
0.162465
0.238155
0.151000
-0.030177
-0.196642
-0.260755
-0.186630
0.028279
0.210609
0.212930
0.035048
-0.167941
-0.214472
-0.074737
0.134161
0.237856
0.125601
-0.067982
-0.165547
-0.085145
0.072647
0.127075
0.038253
-0.098642
-0.136715
-0.047057
0.062717
0.094469
0.031420
-0.052315
-0.059560
0.005599
0.109969
0.125150
0.035750
-0.076678
-0.100784
-0.022050
0.054500
0.071402
0.004631
-0.010338
-0.058141
-0.133082
-0.122244
-0.109122
-0.082463
-0.068564
-0.032622
-0.008610
-0.031371
-0.047507
-0.077190
-0.085839
-0.066676
-0.009677
0.104458
0.182463
0.171888
0.053808
-0.070435
-0.074816
0.034924
0.171262
0.212748
0.124074
-0.024828
-0.116749
-0.113396
-0.032261
0.053403
0.081494
0.020188
-0.093167
-0.170383
-0.132601
-0.020052
0.072669
0.064556
-0.035336
-0.110635
-0.077012
0.043966
0.120004
0.074235
-0.029631
-0.073520
-0.010826
0.072879
0.087059
0.030705
-0.040611
-0.056901
-0.017379
0.042904
0.060494
0.028014
-0.016629
-0.027734
0.002805
0.035426
0.041328
0.025120
0.006226
-0.010844
-0.010934
-0.001567
0.011878
0.026691
0.030109
0.020958
0.001744
-0.015167
-0.011480
0.006221
0.020025
0.013636
-0.009338
-0.021621
-0.019673
-0.012501
-0.014501
-0.031598
-0.037546
-0.020706
0.004156
0.022464
0.013695
-0.007184
