0.001629
0.001589
0.001361
0.001343
0.000621
0.000617
0.001069
0.001217
0.001388
0.000943
0.001721
0.001943
0.001311
0.000755
0.000735
0.000527
0.000473
0.000546
0.001260
0.001167
0.000094
0.000497
0.001523
0.001695
0.002328
0.001651
0.000080
-0.000598
-0.001140
-0.001754
-0.002942
-0.003657
-0.004913
-0.005774
-0.008715
-0.011334
-0.013918
-0.015937
-0.020756
-0.023713
-0.029059
-0.034184
-0.041860
-0.043572
-0.043257
-0.037870
-0.013752
0.010856
0.036334
0.071739
0.104463
0.090583
0.066960
0.042608
0.015974
-0.017185
-0.041839
0.002886
0.061435
0.032120
-0.042275
-0.080829
-0.099729
-0.120753
-0.137474
-0.037344
0.096147
0.078993
0.026770
0.030778
0.065401
0.104030
0.120067
0.141063
0.080794
-0.051804
-0.097639
-0.029750
0.066713
0.085084
0.029203
-0.040773
-0.126799
-0.163868
-0.090575
0.044154
0.147733
0.132488
0.040698
-0.060001
-0.089376
-0.031956
0.070340
0.088494
0.060013
-0.028603
-0.132692
-0.063006
-0.068139
-0.154805
-0.120742
0.031823
0.212766
0.252005
0.140874
-0.005249
-0.146314
-0.170727
-0.039428
0.150191
0.240834
0.140915
-0.029015
-0.148518
-0.192974
-0.147546
-0.049760
0.059960
0.125650
0.096783
0.024114
-0.079628
-0.140011
-0.101528
0.003230
0.108503
0.108274
0.005867
-0.089157
-0.080449
0.001060
0.044100
0.028485
0.005378
0.003595
0.041519
0.053273
0.024616
-0.029599
-0.077629
-0.051958
0.019350
0.061398
0.046031
-0.024782
-0.065864
-0.041132
-0.013528
0.004777
0.011865
0.026356
0.042224
0.048593
0.018036
-0.019383
-0.077549
-0.089038
-0.042068
0.036842
0.063137
0.033233
-0.040053
-0.060007
-0.035653
0.026819
0.110218
0.048430
0.111358
0.033965
-0.082530
-0.087013
-0.106813
-0.132803
-0.190194
-0.059307
0.196397
0.217110
0.060986
-0.028593
-0.135508
-0.211216
-0.205286
0.064466
0.314253
0.352388
0.165321
-0.181445
-0.387894
-0.395018
-0.161761
0.194323
0.372404
0.189652
-0.171793
-0.488464
-0.543509
-0.292846
0.188189
0.467547
0.437713
0.112535
-0.234219
-0.307819
-0.089158
0.171537
0.284716
0.244801
0.055080
0.014257
-0.084824
-0.044865
0.013007
0.034263
-0.070599
-0.222777
-0.095340
0.080049
0.068788
-0.024589
-0.042848
-0.037413
-0.122432
-0.186740
0.030101
0.303239
0.431289
0.245386
-0.081261
-0.366967
-0.466928
-0.202198
0.219266
0.470651
0.322610
0.015945
-0.242209
-0.295529
-0.127155
0.130208
0.280389
0.149100
-0.090418
-0.201668
-0.038189
0.211118
0.226359
0.019198
-0.205821
-0.134637
0.144000
0.223982
0.090221
-0.139342
-0.189896
-0.039031
0.126600
0.132693
0.001188
-0.146106
-0.164001
-0.017402
0.148040
0.150120
-0.005419
-0.054838
0.011451
0.122862
0.141738
0.093392
0.111835
0.056928
-0.075140
-0.136356
-0.174855
-0.247871
-0.234612
0.010727
0.243721
0.204213
-0.016857
-0.162587
-0.131321
-0.056630
0.048279
0.197987
0.310899
0.272458
0.089973
-0.138602
-0.282953
-0.265882
-0.084396
0.132125
0.219281
0.079773
-0.196575
-0.369698
-0.295717
-0.020604
0.234604
0.285241
0.088315
-0.154015
-0.199746
0.016390
0.281130
0.287143
0.034752
-0.197070
-0.184188
0.002880
0.116055
0.062833
-0.046631
-0.105675
-0.043038
0.041142
0.062696
0.021931
-0.064039
-0.049653
0.049273
0.098224
0.018034
-0.063409
-0.051620
-0.015329
-0.014166
-0.003478
-0.001148
-0.019330
-0.061232
-0.061432
-0.008648
0.007090
0.014449
-0.000523
-0.005905
-0.032774
-0.069993
-0.068525
-0.008239
0.053274
0.077886
0.048637
0.005350
-0.019615
-0.003625
0.028055
0.042649
0.011465
-0.038052
-0.040495
-0.022006
0.003241
-0.015104
-0.034815
-0.017603
0.003419
-0.000329
-0.014397
-0.013463
0.022444
0.046439
0.028981
-0.017380
-0.060692
-0.042245
0.001948
0.037641
0.042212
0.008385
-0.027565
-0.019853
0.015994
0.033199
0.013100
-0.034883
-0.049228
-0.011633
0.036238
0.033382
-0.022599
-0.059808
-0.031624
0.036257
0.070505
0.039129
-0.014060
-0.042108
-0.026512
-0.005417
0.006374
-0.015343
-0.051524
-0.062486
-0.045019
-0.024193
-0.041003
-0.048300
-0.008464
0.046446
0.060320
0.019905
-0.033453
-0.036693
0.013876
0.078850
0.088257
0.035526
-0.036290
-0.052550
-0.006484
0.038360
0.057908
0.031064
-0.003935
-0.025711
-0.015081
0.010176
-0.002926
-0.029991
-0.028839
-0.002686
0.012460
-0.018341
-0.037185
-0.024480
-0.003248
0.026211
0.048051
0.035549
-0.006605
-0.035070
-0.031241
-0.006010
0.004397
0.006805
-0.002860
-0.023410
-0.023719
-0.006111
