-0.001699
-0.001560
-0.001475
-0.001305
-0.001077
-0.000802
-0.001116
-0.002077
-0.002242
-0.001895
-0.000919
-0.000123
0.000564
0.000436
-0.000595
-0.001678
-0.002480
-0.002153
-0.001257
-0.000428
-0.000185
-0.000855
-0.002205
-0.003401
-0.003612
-0.003349
-0.001972
-0.000386
0.000481
-0.000167
-0.002607
-0.004957
-0.006020
-0.005802
-0.005267
-0.003826
-0.003043
-0.003017
-0.004722
-0.006249
-0.008094
-0.008601
-0.009965
-0.010293
-0.012538
-0.013759
-0.015819
-0.015578
-0.015334
-0.009553
-0.008393
-0.002939
0.007695
0.008031
0.018952
0.017437
0.037577
0.016325
0.032442
0.025234
-0.006662
0.008025
-0.016413
-0.030000
-0.019053
0.014839
0.017114
0.020684
-0.006448
0.006204
-0.038341
-0.083186
-0.034543
0.029664
0.083832
0.093861
0.079858
0.034288
-0.013268
-0.065190
-0.042571
0.021810
0.072660
0.073728
0.019454
-0.057253
-0.098621
-0.102162
-0.060571
0.020024
0.079546
0.085073
0.051229
0.003800
-0.022008
-0.019083
-0.009492
0.028600
0.048746
0.052914
0.021720
-0.012359
-0.036966
-0.040616
-0.024450
-0.017591
0.019694
0.015897
0.016316
-0.000003
-0.012980
0.000713
-0.000079
0.013160
0.026420
0.023781
-0.019818
-0.025083
-0.020143
0.013775
0.020932
0.015385
-0.004247
-0.066101
-0.088857
-0.078582
-0.010677
0.052758
0.087424
0.072216
0.000539
-0.068427
-0.087425
-0.053583
0.015170
0.053275
0.053698
0.032469
-0.018037
-0.066203
-0.076104
-0.041644
-0.002754
0.003826
0.003120
-0.000930
-0.017390
-0.045714
-0.058115
-0.027009
0.035884
0.093429
0.113551
0.093659
0.027914
-0.028220
-0.079342
-0.094169
-0.054752
-0.023687
-0.017991
-0.018536
-0.019507
-0.010046
0.009243
0.037457
0.063150
0.043513
-0.000844
-0.008218
0.020572
0.050119
0.062167
0.030585
-0.033808
-0.106254
-0.131101
-0.067803
0.041964
0.147649
0.162219
0.092260
-0.038782
-0.140243
-0.108900
-0.018912
0.117932
0.131562
0.085229
0.027139
-0.044398
-0.114332
-0.118616
-0.026698
0.064731
0.091973
0.027590
0.040748
0.010475
-0.000344
-0.029698
-0.022122
0.012741
0.044532
0.035045
0.004561
-0.007530
-0.070307
-0.113817
-0.171703
-0.118924
-0.019580
0.049395
0.035017
0.013368
-0.004572
0.002991
-0.017889
0.005983
0.034549
0.051851
0.063019
-0.018629
-0.117651
-0.205211
-0.154711
-0.063170
0.012394
0.032006
0.046240
0.028142
0.017108
-0.034363
-0.083779
-0.051101
0.077764
0.227581
0.183049
0.115680
0.000307
-0.108275
-0.143559
-0.074834
0.068018
0.135416
0.139778
0.065510
-0.028733
-0.159586
-0.149715
-0.008253
0.163945
0.236719
0.154403
0.044300
-0.077993
-0.087522
-0.036534
0.087500
0.117930
0.029077
-0.088871
-0.166227
-0.158478
-0.097585
-0.004546
0.074130
0.140603
0.106309
0.016452
-0.041961
-0.007964
0.070895
0.117354
0.113475
0.047528
-0.054119
-0.151668
-0.178752
-0.120775
-0.042258
0.013138
0.022379
0.070427
0.100641
0.068105
-0.002558
-0.065099
-0.072993
-0.038340
0.054309
0.115998
0.095436
0.008109
-0.066725
-0.105259
-0.108168
-0.045373
0.066581
0.127565
0.086486
0.011573
-0.067679
-0.115575
-0.121200
-0.086061
0.003562
0.058914
0.063711
0.041333
0.025180
0.015575
-0.034545
-0.065383
-0.029012
0.052082
0.079313
0.045421
-0.014371
-0.039970
-0.031833
-0.029166
-0.017797
-0.004928
0.027066
0.045088
0.055323
0.044528
0.024000
-0.007574
-0.016134
0.007284
0.014351
0.023670
-0.000966
-0.012411
-0.010782
0.008478
0.029849
0.024112
0.021283
0.005853
-0.014156
-0.051340
-0.052779
-0.016730
0.013623
0.016300
-0.003696
-0.030908
-0.054435
-0.056760
-0.031338
0.012372
0.012800
-0.016535
-0.051880
-0.069283
-0.071216
-0.054674
-0.034753
-0.012864
0.022824
0.023159
0.016179
-0.001643
0.005619
0.022935
0.005519
0.002597
0.011407
-0.005789
-0.049804
-0.063743
-0.035215
-0.018017
-0.020461
0.006073
0.039236
0.032803
-0.012167
-0.023062
0.008130
0.032422
0.044400
0.042347
0.028797
-0.015094
-0.060292
-0.043925
0.010537
0.039145
0.030629
0.004371
0.005493
0.006604
-0.007974
-0.012602
-0.007752
-0.000704
-0.010451
-0.018182
-0.016987
-0.018720
-0.018525
-0.005699
0.019708
0.042338
0.033261
0.017077
0.015393
0.015474
0.018856
0.010752
0.014853
0.013636
0.005053
0.003758
-0.003390
-0.000471
-0.009290
0.001761
0.024267
0.021290
0.013425
0.003502
-0.003914
-0.001669
0.003875
0.038767
0.058266
0.034677
0.036126
-0.018813
-0.072349
-0.087850
-0.129576
-0.158673
-0.142424
-0.028328
0.065343
0.061800
0.045331
0.039378
-0.007837
-0.088387
-0.062551
0.096504
0.198024
0.169126
0.055697
-0.065465
-0.143277
-0.191178
-0.118160
0.036662
0.131345
0.116364
0.026289
-0.047788
-0.076718
-0.079110
-0.017904
0.081669
0.118655
0.075023
-0.003590
-0.036674
-0.014862
-0.010943
-0.029436
-0.034444
-0.013557
0.028618
0.023395
-0.017402
-0.031924
-0.012723
0.006967
-0.009350
-0.018423
-0.003773
0.026041
0.014423
-0.012013
-0.009220
0.003664
0.026462
0.023105
0.014295
-0.011354
-0.053304
-0.058975
-0.022184
0.045298
0.087609
0.051627
-0.002197
-0.031264
-0.029035
-0.000861
0.018325
0.029533
0.011494
-0.027542
-0.046333
-0.045001
-0.020104
0.005970
0.012328
0.009892
0.002742
0.015140
0.031352
0.033355
0.023971
-0.000379
-0.023313
-0.019679
0.003300
0.027539
0.028256
-0.000444
-0.028501
-0.035445
-0.000763
0.035232
