0.012351
0.016954
0.025215
0.027648
0.022488
0.028051
0.036239
0.038390
0.020090
-0.002264
-0.017100
-0.013183
-0.004266
0.004950
0.009582
0.004103
-0.009611
-0.016283
-0.003724
0.010560
0.030956
0.036793
0.022333
0.005826
-0.003382
-0.000979
0.013721
0.022790
0.022911
-0.001062
-0.042710
-0.067379
-0.076965
-0.037932
-0.024040
-0.013854
0.060720
0.048204
0.030401
0.012021
0.008456
-0.000263
-0.022078
-0.028321
-0.030419
0.024459
0.046495
0.094611
0.052592
-0.028529
-0.113612
-0.156976
-0.112467
-0.027041
0.105699
0.202405
0.195266
0.030753
-0.142799
-0.230236
-0.147607
0.023829
0.173943
0.214002
0.111849
-0.064732
-0.219329
-0.244118
-0.144746
0.039340
0.163694
0.179852
0.060432
-0.088383
-0.150457
-0.076960
0.039428
0.097003
0.135142
0.102627
0.052756
-0.024294
-0.067423
-0.049379
0.004999
0.037316
0.021884
-0.011389
-0.082913
-0.129603
-0.084621
0.000164
0.071625
0.080836
0.037977
-0.021709
-0.058709
-0.027445
0.029706
0.090374
0.038972
-0.005836
-0.081703
-0.098431
-0.038489
0.043329
0.072523
0.047019
0.006308
-0.027286
0.012751
0.033602
0.105189
0.060839
0.006124
-0.092581
-0.126250
-0.040351
0.048526
0.099896
0.061529
-0.029761
-0.083755
-0.074781
-0.080163
-0.023282
0.010641
0.052860
0.044321
-0.037803
-0.113716
-0.134140
-0.043268
0.065792
0.115691
0.074881
0.011925
-0.053059
-0.012601
0.038595
0.121176
0.138530
0.081147
0.044502
-0.113913
-0.158221
-0.157311
-0.063381
-0.025151
0.023652
0.036657
0.042145
0.024910
0.037781
0.022792
0.060834
-0.011863
-0.032185
0.164051
0.128587
0.198455
-0.009008
-0.142609
-0.263659
-0.238039
-0.028734
0.188306
0.230787
0.024224
-0.134593
-0.290642
-0.265068
-0.111129
0.180230
0.397599
0.345656
0.051403
-0.240186
-0.344536
-0.197961
0.060017
0.272685
0.379311
0.221175
-0.026754
-0.198326
-0.327727
-0.131669
0.101111
0.167640
0.026593
-0.171279
-0.213400
-0.119106
0.079895
0.195272
0.193058
0.027692
-0.211931
-0.248292
-0.033385
0.272433
0.411755
0.273821
-0.052467
-0.335963
-0.368644
-0.210193
0.079359
0.247733
0.227339
0.016842
-0.207984
-0.304974
-0.194254
0.054110
0.281857
0.323813
0.088567
-0.078695
-0.140161
-0.066277
0.104030
0.132212
0.024051
-0.141403
-0.222592
-0.176794
-0.055762
0.090327
0.199623
0.191447
0.020142
-0.166331
-0.196170
-0.026645
0.201378
0.273040
0.170728
-0.048514
-0.250676
-0.245816
-0.069313
0.139986
0.209211
0.073014
-0.108888
-0.208334
-0.148322
0.050531
0.208842
0.244708
0.083127
-0.152953
-0.271249
-0.209431
-0.020456
0.135873
0.171927
0.089731
-0.054895
-0.148861
-0.142325
-0.039126
0.087865
0.149626
0.112297
0.047590
-0.008033
-0.059288
-0.052729
-0.030792
0.032368
0.088229
0.098902
0.035261
-0.037402
-0.071163
-0.040477
0.024475
0.048549
0.037485
-0.005615
-0.034254
-0.023938
0.005751
0.010067
-0.008077
-0.041210
-0.011208
0.033450
0.049970
0.012395
-0.047486
-0.059482
-0.016792
0.041190
0.063453
0.049257
0.018472
-0.005244
-0.001448
0.018598
-0.020309
-0.038236
-0.064388
-0.105111
-0.123767
-0.075000
0.015849
0.068777
0.098212
0.069293
-0.002449
-0.102310
-0.146577
-0.037634
0.146947
0.248312
0.177971
0.002736
-0.142046
-0.173495
-0.089625
0.047633
0.145945
0.124223
0.009408
-0.110036
-0.150860
-0.089569
-0.001065
0.066094
0.100472
0.052133
-0.031522
-0.090102
-0.069592
0.019132
0.088984
0.066358
-0.017775
-0.080075
-0.065283
-0.013092
-0.003350
0.012729
0.016892
0.005798
-0.022500
-0.043526
-0.015611
0.032030
0.052291
0.032136
0.007314
-0.003043
-0.010204
-0.015706
-0.011806
0.004926
0.016912
0.004687
-0.024896
-0.033929
0.013168
0.057982
0.057544
0.014852
-0.037797
-0.052180
-0.020563
0.028708
0.050450
0.037100
-0.011270
-0.060832
-0.057124
0.000112
0.053585
0.045755
-0.004660
-0.042760
-0.035435
-0.012058
0.002255
-0.001408
0.000389
0.006007
-0.001665
-0.011577
-0.013611
-0.004695
0.002827
0.010039
0.021652
0.039232
0.029622
0.000506
-0.026639
-0.021159
0.000019
-0.002532
-0.015877
-0.017380
