0.000303
-0.000090
-0.000159
-0.000253
-0.000043
-0.000086
-0.000028
-0.000429
-0.000640
-0.000318
-0.000406
-0.000335
-0.000369
-0.000117
-0.000404
-0.000547
-0.000504
-0.000627
-0.000645
-0.000631
-0.000445
-0.000385
-0.000384
-0.000421
-0.000291
0.000428
0.000512
0.000481
0.000361
-0.000125
-0.000104
-0.000293
-0.000598
-0.000563
-0.000466
-0.000613
-0.000753
-0.000812
-0.000815
-0.001257
-0.001599
-0.001950
-0.001809
-0.001426
-0.000872
-0.000749
-0.000975
-0.001463
-0.002310
-0.002354
-0.003120
-0.002556
-0.003420
-0.003528
-0.005249
-0.006593
-0.008708
-0.009487
-0.010737
-0.011819
-0.012740
-0.014287
-0.015183
-0.016567
-0.015206
-0.014583
-0.008063
-0.003482
0.010399
0.019683
0.032126
0.035431
0.039094
0.012769
0.001133
-0.016549
-0.033765
-0.012292
-0.000892
0.043700
0.046861
0.044016
0.007657
-0.021984
-0.057443
-0.048384
-0.010226
0.028091
0.070403
0.046945
0.017110
-0.037795
-0.056878
-0.055895
-0.018892
0.011205
0.031891
0.028852
0.005894
-0.002949
-0.001248
0.018555
0.016860
0.005343
-0.014652
-0.013532
0.005879
0.024890
0.035080
0.017440
-0.014115
-0.047141
-0.056110
-0.027731
0.015107
0.047292
0.043186
0.008489
-0.031258
-0.043377
-0.018912
0.014309
0.046197
0.045311
0.030996
-0.001477
-0.027748
-0.022664
-0.022278
0.009045
0.011058
0.013196
-0.015263
-0.032175
-0.035584
-0.022157
0.019570
0.022296
0.021557
-0.016092
-0.040959
-0.064478
-0.059861
-0.035229
-0.005490
0.022274
0.030717
0.039427
0.029059
0.008132
-0.012509
-0.021693
-0.014438
0.010259
0.041569
0.051926
0.034762
-0.009243
-0.046608
-0.054298
-0.033302
0.001216
0.028046
0.032760
0.004657
-0.029597
-0.069681
-0.054663
-0.038535
0.003023
0.054037
0.017631
-0.005668
-0.021874
-0.049217
-0.058376
-0.011377
0.075765
0.130256
0.128775
0.055617
-0.024817
-0.091306
-0.116031
-0.059316
0.056842
0.156545
0.139406
0.031041
-0.114624
-0.198627
-0.160810
-0.034294
0.111962
0.199035
0.160792
0.031409
-0.123920
-0.190980
-0.126997
0.022852
0.143821
0.138831
0.046627
-0.060823
-0.083362
-0.061940
0.000558
0.053812
0.082756
0.048223
-0.013493
-0.063465
-0.067933
-0.013166
0.052456
0.094699
0.062285
-0.017355
-0.099236
-0.107323
-0.038827
0.055591
0.089805
0.073356
-0.001187
-0.063673
-0.084211
-0.037228
0.029886
0.084651
0.075254
0.019411
-0.028428
-0.060707
-0.054929
-0.008499
0.021382
0.028715
0.032596
0.017361
0.013211
-0.002730
-0.022506
-0.026771
-0.008882
0.004015
0.045966
0.057641
0.048186
-0.003942
-0.012233
-0.051060
-0.060132
-0.037053
-0.006626
0.027779
0.026970
0.008435
-0.027498
-0.046970
-0.098327
-0.080076
-0.025875
0.054635
0.098350
0.090010
-0.007405
-0.084316
-0.155667
-0.154643
-0.060421
0.091937
0.236275
0.200797
0.064350
-0.128716
-0.210077
-0.226751
-0.108655
0.080350
0.266144
0.222990
0.009318
-0.191352
-0.306675
-0.185882
-0.015765
0.144795
0.179773
0.013723
-0.239153
-0.241574
-0.058437
0.253863
0.496433
0.451200
0.180159
-0.087260
-0.353772
-0.428567
-0.166059
0.184411
0.340157
0.214632
-0.024049
-0.227448
-0.229602
-0.193018
0.001323
0.140869
0.195179
0.173436
0.112595
0.034383
-0.039787
-0.044340
-0.016643
0.028815
-0.020911
-0.015289
0.049951
0.133847
0.082484
-0.090302
-0.206333
-0.149472
-0.011860
0.136110
0.199316
0.191647
0.092659
-0.051827
-0.142655
-0.118686
0.016066
0.077094
0.123475
0.028437
-0.135314
-0.240966
-0.196039
-0.043415
0.092656
0.153575
0.041754
-0.067373
-0.178025
-0.126214
0.044862
0.208184
0.284907
0.168202
-0.035460
-0.268568
-0.287716
-0.135839
0.099321
0.199590
0.117688
-0.048139
-0.224311
-0.267268
-0.197552
-0.014017
0.181795
0.243227
0.115821
-0.059806
-0.128456
-0.058113
0.079412
0.158251
0.103012
0.013357
-0.054022
-0.040961
-0.026381
-0.035751
-0.059957
-0.056168
-0.027585
0.000239
0.030213
0.044195
0.062781
0.063738
0.027980
-0.047738
-0.045839
0.024326
0.130097
0.139924
0.036010
-0.068496
-0.106624
-0.069915
0.000103
0.043422
0.067832
0.053470
-0.005901
-0.047108
-0.062042
-0.020633
0.062791
0.109356
0.100385
0.025825
-0.070616
-0.093407
-0.054053
0.027957
0.062482
0.030450
-0.061441
-0.119665
-0.088772
-0.003848
0.079629
0.098770
0.049903
-0.025241
-0.042778
-0.027839
0.038301
0.068632
0.023401
-0.031819
-0.072850
-0.059681
-0.030857
-0.001009
0.007492
-0.002415
-0.048830
-0.078723
-0.069248
-0.023953
0.035265
0.037363
0.001283
-0.041853
-0.036873
-0.002382
0.026640
0.024892
0.018879
0.023136
0.022947
0.012890
-0.005330
-0.023311
-0.037822
-0.035381
-0.006537
0.027554
0.025348
-0.011311
-0.045152
-0.029614
0.002441
0.029391
0.026768
0.018191
0.012284
0.001649
0.000449
-0.003585
