-0.001704
-0.001237
-0.000473
-0.000011
-0.000044
-0.000577
-0.000976
-0.000580
-0.000522
0.000159
0.000254
-0.000126
-0.000556
-0.000983
-0.001202
-0.001175
-0.001022
-0.001339
-0.001259
-0.000952
-0.000721
-0.000297
0.000099
-0.000734
-0.001444
-0.001553
-0.000916
-0.000311
-0.000244
-0.000046
-0.000413
-0.001177
-0.001785
-0.002183
-0.001679
-0.001410
-0.001575
-0.001620
-0.002390
-0.003135
-0.004212
-0.005335
-0.006385
-0.007007
-0.007671
-0.009072
-0.011198
-0.013396
-0.016677
-0.019960
-0.022406
-0.022851
-0.022167
-0.018434
-0.010142
0.002252
0.018426
0.034955
0.046698
0.044002
0.032522
0.013480
-0.005828
-0.016569
0.001648
0.039879
0.066443
0.063217
0.028483
-0.020279
-0.071254
-0.088845
-0.054609
0.022844
0.088412
0.092138
0.031841
-0.052130
-0.101938
-0.088426
-0.019230
0.065246
0.115841
0.096504
0.017101
-0.071171
-0.105247
-0.064372
0.017134
0.078440
0.082415
0.034361
-0.026171
-0.063628
-0.059833
-0.020975
0.026039
0.052160
0.043535
0.009234
-0.026073
-0.043646
-0.025846
0.008497
0.035657
0.040268
0.001362
-0.030255
-0.062489
-0.056500
-0.022718
-0.007396
0.005904
0.032821
0.045412
0.030095
0.024870
0.006563
-0.010793
-0.045429
-0.049219
-0.005905
0.039527
0.048387
0.018191
-0.036409
-0.081306
-0.091658
-0.079519
-0.016807
0.052455
0.079520
0.039921
-0.033693
-0.080096
-0.064058
-0.003295
0.060846
0.091648
0.057185
-0.004701
-0.072770
-0.100998
-0.061917
-0.008931
0.033461
0.036231
-0.010849
-0.053972
-0.026429
0.025115
0.084497
0.112345
0.085160
0.033492
-0.016305
-0.023583
0.012212
0.071396
0.082818
0.042706
-0.034459
-0.075982
-0.073666
-0.027803
0.031459
0.052530
0.042013
-0.002049
-0.040577
-0.053727
-0.027668
0.009223
0.048504
0.042454
0.014105
-0.019619
-0.034545
-0.015882
0.004531
0.061015
0.040779
-0.002158
-0.008406
-0.070248
-0.049990
-0.003674
0.024726
0.058034
0.003587
-0.040318
-0.066519
-0.059882
-0.056233
0.003385
0.059497
0.067238
0.042711
-0.050424
-0.096456
-0.127211
-0.050277
0.040847
0.086785
0.125752
0.061210
-0.050281
-0.115200
-0.111079
0.001228
0.099052
0.124292
0.129759
0.021266
-0.086661
-0.117884
-0.064389
0.036682
0.088098
0.023509
-0.049913
-0.054232
-0.022207
0.026932
0.061146
0.084955
0.052672
-0.035463
-0.126594
-0.124385
-0.111335
0.003175
0.075172
0.063120
-0.010110
-0.070337
0.021941
0.080199
0.103604
0.013061
0.009118
0.058568
0.058897
0.008081
-0.049153
-0.082456
-0.133918
-0.201533
-0.202015
-0.024806
0.102945
0.163599
0.102393
-0.030862
-0.163519
-0.196833
-0.064961
0.152478
0.271041
0.226711
0.104704
-0.077080
-0.167723
-0.193998
-0.056984
0.132438
0.316750
0.252914
0.060872
-0.206875
-0.181217
-0.079814
0.082102
0.358053
0.130515
-0.006744
-0.190629
-0.227655
-0.239889
-0.105315
0.050937
0.243830
0.096684
-0.100358
-0.032177
-0.145010
-0.049749
-0.087590
0.198506
0.432379
0.340348
0.101272
-0.162702
-0.435331
-0.451825
-0.116116
0.243434
0.461738
0.260012
-0.112982
-0.486676
-0.636215
-0.470905
0.056107
0.585253
0.716496
0.365745
-0.193069
-0.464494
-0.442816
-0.100078
0.259364
0.478399
0.430146
0.077711
-0.236932
-0.384339
-0.307074
0.010149
0.228853
0.254241
0.150797
-0.205437
-0.432734
-0.399236
-0.110610
0.177725
0.332701
0.202561
0.034698
-0.066244
-0.138946
-0.083741
0.050189
0.255363
0.352823
0.172355
-0.100692
-0.130800
-0.164848
-0.054756
-0.089372
-0.144026
-0.089225
-0.093984
-0.039110
0.059550
0.165068
0.168512
0.095805
-0.045831
-0.117872
-0.158068
-0.101428
0.061399
0.227047
0.224665
0.031260
-0.230505
-0.320039
-0.197965
0.065059
0.358846
0.452407
0.306714
-0.081342
-0.381026
-0.357525
-0.042573
0.228144
0.262060
0.033609
-0.194709
-0.250190
-0.193648
-0.016131
0.128508
0.178026
0.085920
-0.027569
-0.071995
-0.034019
0.022498
0.110821
0.176569
0.195624
0.093758
-0.103713
-0.201555
-0.144167
-0.035307
0.013843
0.033772
0.003000
-0.000074
-0.001332
0.011673
0.016134
-0.045331
-0.112162
-0.084906
0.058132
0.193129
0.166904
0.022676
-0.133716
-0.202587
-0.156998
-0.082847
-0.002532
0.079886
0.096892
0.009812
-0.097649
-0.141850
-0.036109
0.082928
0.141483
0.120985
0.059516
-0.005408
-0.039312
-0.049877
-0.045576
-0.026764
-0.025738
0.002361
0.030293
0.066504
0.052273
0.030024
0.003061
0.038412
0.044221
0.130423
0.125178
-0.040665
-0.130706
-0.263920
-0.304329
-0.244148
-0.025443
0.128305
0.156018
0.067700
-0.018763
-0.080973
-0.150142
-0.074712
0.148768
0.370701
0.332823
0.111542
-0.174171
-0.307003
-0.281942
-0.131326
0.081595
0.224812
0.159795
-0.070207
-0.250068
-0.243017
-0.075742
0.085904
0.189385
0.172351
0.051366
-0.088172
-0.119413
-0.008300
0.119836
0.143186
0.060386
-0.021863
-0.033778
0.022494
0.039705
-0.014952
-0.057051
-0.043539
-0.000989
0.005988
-0.013865
-0.025639
-0.005227
0.019272
0.010113
-0.016306
-0.017713
0.002999
0.026017
0.024469
0.017956
0.005855
-0.041617
-0.067903
-0.034092
0.038396
0.088556
0.060886
-0.014383
-0.055089
-0.046117
-0.001534
0.066364
0.085751
0.044999
-0.036255
-0.091519
-0.077907
-0.020691
0.043232
0.040167
0.008478
-0.044700
-0.070731
-0.056873
-0.016530
0.013741
0.007613
-0.013585
-0.041492
-0.041243
-0.019904
0.019909
0.043189
0.057054
0.051180
0.048161
0.059141
0.050843
0.029894
0.010556
0.014020
0.024333
0.017934
-0.023577
-0.063713
-0.077878
-0.065504
-0.014103
0.019440
0.009113
-0.024040
-0.065428
-0.070420
-0.034695
0.024026
0.084797
0.083204
0.014076
-0.052512
-0.073335
-0.037346
0.021011
0.054161
0.033845
-0.007408
-0.022782
-0.021452
0.013692
0.030474
0.023979
0.020688
0.011810
0.012731
0.016812
0.007159
-0.000915
-0.002135
0.005955
0.025849
0.016679
-0.004034
-0.015556
0.001230
0.024949
0.023429
-0.001580
-0.009772
0.012672
0.023374
0.018150
-0.005285
