-0.049197
-0.038140
-0.004315
0.028187
0.037808
0.021108
-0.009668
-0.032127
-0.032203
-0.016236
0.012112
0.023780
0.025395
-0.003380
-0.009421
-0.022374
-0.045619
-0.016739
-0.008553
-0.013199
-0.022888
-0.010480
0.019604
0.032894
0.032181
0.016950
-0.003142
-0.020569
-0.036571
0.005482
0.062125
0.096412
0.069361
-0.004197
-0.059261
-0.076130
-0.027816
0.034082
0.093996
0.083052
0.014913
-0.062937
-0.102730
-0.071899
-0.005468
0.052715
0.060075
0.012728
-0.052619
-0.079565
-0.052879
0.005294
0.044493
0.045931
0.024263
-0.002947
-0.018726
-0.024510
-0.011198
0.015752
0.035988
0.038167
0.013732
-0.017743
-0.049778
-0.039029
-0.011000
0.023275
0.024454
0.019507
-0.004348
0.015383
0.011103
0.044167
0.046552
0.062925
0.036642
0.010597
0.036485
-0.076593
-0.030023
-0.126781
-0.103492
-0.098850
-0.038284
0.024564
0.058262
0.055081
-0.051886
-0.051135
-0.133044
-0.063588
-0.017308
0.107304
0.205362
0.191041
0.085572
-0.082023
-0.159584
-0.139179
-0.027723
0.124428
0.203349
0.195912
0.054293
-0.070366
-0.224953
-0.225256
-0.093789
0.004483
0.072393
0.042703
0.015536
-0.050662
-0.054331
-0.075784
-0.017384
0.009273
0.009023
0.007149
0.007845
0.028350
0.011837
-0.036466
-0.076413
-0.053525
-0.014856
0.022641
0.072955
0.082004
0.039389
-0.051294
-0.100938
-0.111182
-0.002872
0.116207
0.121554
0.046843
-0.085970
-0.103148
-0.076979
0.030587
0.107160
0.187231
0.149124
0.042373
-0.089815
-0.159542
-0.144205
-0.055408
0.100624
0.177738
0.143181
0.004615
-0.123937
-0.179882
-0.079618
0.001094
0.226384
0.278850
0.180667
0.030051
-0.132502
-0.193357
-0.185112
-0.061811
0.056100
0.140776
0.057765
0.008292
-0.071748
-0.105176
-0.094917
0.007783
0.198021
0.287610
0.236515
0.036611
-0.131056
-0.208884
-0.151862
-0.064106
0.040903
0.073290
0.001582
-0.093252
-0.176936
-0.119906
0.012352
0.170656
0.244745
0.168081
0.018563
-0.070425
-0.089899
-0.121539
-0.080933
-0.021096
0.039920
0.025826
-0.065343
-0.157060
-0.228964
-0.198748
-0.090066
0.075650
0.240319
0.273887
0.134191
-0.062752
-0.207169
-0.237441
-0.128150
0.053802
0.228534
0.252288
0.094234
-0.142025
-0.313769
-0.317667
-0.131115
0.146415
0.349911
0.344459
0.128042
-0.117393
-0.246976
-0.202229
-0.038920
0.135153
0.237947
0.225897
0.064696
-0.140107
-0.242650
-0.159404
0.034454
0.194639
0.219093
0.092859
-0.080853
-0.176384
-0.128379
0.001180
0.102852
0.111382
0.048232
-0.024767
-0.069002
-0.070678
-0.032401
0.020651
0.060178
0.058818
0.031060
0.000389
-0.015653
-0.016535
-0.001404
0.027089
0.039014
0.021341
-0.029578
-0.058436
-0.042157
-0.010460
0.001036
-0.013912
-0.018824
-0.017401
0.010151
0.018701
0.029701
0.025571
0.009351
0.006216
0.003597
0.027019
0.026899
0.010932
0.000571
0.001414
-0.016846
-0.047536
-0.060055
-0.042114
-0.011281
0.009746
0.000318
-0.016004
-0.033973
-0.040078
-0.030371
-0.022750
-0.002846
0.005975
0.002766
-0.020930
-0.037718
-0.026612
-0.000024
0.020644
0.049413
0.059515
0.041069
0.022161
0.003665
0.017896
0.027931
0.013455
-0.013580
-0.031861
-0.021405
-0.000850
0.022911
0.024714
0.005485
-0.029404
-0.052785
-0.031218
0.016217
0.058821
0.055399
0.036023
0.002639
-0.008985
-0.003996
0.014533
0.044400
0.053338
0.037852
0.011347
-0.006176
0.005127
0.039839
0.028084
0.048798
-0.053199
-0.131693
-0.171653
-0.209620
-0.165512
-0.083466
0.036967
0.062211
0.050022
0.000879
-0.028312
-0.067569
-0.057684
0.030792
0.173542
0.214083
0.143554
0.018506
-0.110680
-0.134140
-0.086793
0.035771
0.130811
0.134591
0.013531
-0.104534
-0.154674
-0.104393
0.002116
0.076957
0.112539
0.066174
-0.025375
-0.080637
-0.059868
0.021614
0.082474
0.062913
0.004144
-0.041468
-0.042381
-0.020717
-0.013891
-0.009519
0.015212
0.025719
0.007678
-0.031151
-0.058989
-0.032825
0.022313
0.055466
0.049402
0.024460
-0.003589
-0.006989
0.000012
0.002767
0.004180
-0.003733
-0.001038
0.009413
0.021655
0.034776
0.030684
0.005681
-0.016651
-0.028379
-0.012752
0.017743
0.030927
0.019245
0.002344
-0.024272
-0.037413
-0.032840
0.002517
0.023775
0.003876
-0.021351
-0.043006
-0.027618
-0.017602
-0.003144
