0.001380
0.002002
0.001991
0.001357
0.000287
0.000188
0.000964
0.002045
0.002599
0.002160
0.001548
0.000938
0.001204
0.001550
0.002351
0.003037
0.002999
0.002028
0.001305
0.001346
0.001518
0.001824
0.001438
0.000892
-0.000090
-0.001118
-0.002043
-0.002602
-0.002931
-0.003834
-0.005519
-0.008475
-0.010584
-0.012217
-0.012658
-0.012836
-0.011658
-0.008900
-0.002251
0.008313
0.020594
0.034480
0.050428
0.055930
0.048504
0.035586
0.010573
-0.007642
-0.035162
-0.036489
-0.006161
0.013772
0.017504
0.027792
0.036762
-0.003023
-0.039989
-0.040348
-0.004463
0.028737
0.050630
0.054715
0.045108
0.011868
-0.040561
-0.066475
-0.051413
0.001329
0.045171
0.059994
0.030479
-0.005261
-0.031650
-0.036283
-0.019491
0.010913
0.046962
0.053709
0.025573
-0.024673
-0.049208
-0.040487
-0.005304
0.013160
0.022429
0.011835
-0.007018
-0.011450
-0.021084
-0.006372
-0.002615
0.002163
0.003696
0.001857
-0.011688
-0.018698
-0.010655
-0.007659
-0.003083
-0.005158
-0.017424
-0.024485
-0.006262
0.001133
-0.000251
-0.009079
-0.014192
-0.007276
0.006004
0.017362
0.025766
0.020781
-0.000058
-0.046465
-0.078662
-0.069224
-0.047624
-0.035589
0.007388
0.034522
0.014163
0.016309
-0.004566
-0.007946
-0.004004
0.011655
0.027974
0.052710
0.053171
0.030330
0.015604
-0.021752
-0.025192
-0.023002
0.000709
0.019073
0.032860
0.026903
0.005575
-0.017384
-0.028974
-0.008799
0.011346
0.028025
0.014453
-0.002708
-0.013439
-0.008918
0.006659
0.010022
0.015957
0.016208
0.017384
0.002644
-0.014348
-0.020678
-0.037138
-0.039254
-0.046040
-0.061193
-0.056595
-0.025768
0.012284
0.053065
0.046562
-0.004901
-0.040990
-0.031091
-0.009027
0.043078
0.093952
0.073610
0.049861
-0.028617
-0.060252
-0.075287
-0.031142
0.071526
0.012860
0.003289
-0.050901
-0.091040
-0.134777
-0.064662
0.066651
0.065856
0.066025
-0.035914
-0.024405
-0.033075
0.010704
0.086942
0.150056
0.144138
0.002499
-0.081478
-0.118066
-0.067374
0.003758
0.022636
-0.042586
-0.109958
-0.147759
-0.154207
-0.093931
-0.007798
0.086677
0.137043
0.094697
0.025209
0.002483
0.062881
0.119581
0.132038
0.063603
0.000411
-0.014149
-0.017210
-0.021672
-0.059060
-0.031116
0.003219
0.031094
0.034398
0.002395
-0.009146
0.003068
0.035808
0.043423
0.057350
0.019300
0.056512
0.030845
-0.041231
-0.075618
-0.099109
-0.022269
-0.017392
0.011849
-0.062938
0.013354
0.089496
0.052646
0.042569
0.015839
-0.069189
-0.217331
-0.163483
-0.016858
0.178047
0.187915
0.134121
0.040593
-0.128195
-0.317109
-0.286474
0.064661
0.405090
0.538055
0.278948
-0.101814
-0.374296
-0.415689
-0.280795
0.115902
0.471887
0.329739
-0.058360
-0.462365
-0.566560
-0.361570
0.007448
0.408632
0.617600
0.338905
-0.099541
-0.363277
-0.314473
0.039436
0.238785
0.309770
0.198696
0.012719
-0.213244
-0.348176
-0.293129
-0.017314
0.272542
0.290650
0.123953
-0.183729
-0.265480
-0.156773
0.056781
0.228501
0.293933
0.232960
0.031435
-0.124870
-0.162874
-0.123524
-0.150559
-0.103483
-0.083518
0.072490
0.084455
0.009338
-0.003033
-0.101448
-0.113225
-0.114826
0.028406
0.204277
0.310904
0.175198
0.045962
-0.113913
-0.191205
-0.116186
-0.005310
0.175375
0.256023
0.129973
-0.173993
-0.381334
-0.367623
-0.097806
0.146128
0.213583
0.118293
-0.051999
-0.206084
-0.204528
-0.053031
0.166664
0.270420
0.183515
0.034127
-0.078095
-0.071446
0.026949
0.156736
0.193283
0.070978
-0.162789
-0.347570
-0.303750
-0.098594
0.099860
0.216664
0.122743
-0.041281
-0.154930
-0.137081
-0.005631
0.112389
0.128777
0.039872
-0.053869
-0.061733
0.029990
0.074454
0.047694
-0.018718
-0.032193
0.017869
0.052791
0.040359
-0.008019
-0.037553
-0.049404
-0.078705
-0.093293
-0.042672
0.030314
0.088302
0.079528
0.013292
-0.018485
0.005036
0.107252
0.228710
0.272867
0.206921
0.059977
-0.045011
-0.115297
-0.171706
-0.165733
-0.195309
-0.290743
-0.322098
-0.193892
-0.010365
0.144450
0.224963
0.165722
0.041897
-0.130184
-0.182688
-0.028015
0.210121
0.334530
0.239545
0.011541
-0.189450
-0.239654
-0.171627
0.023166
0.193399
0.205178
0.089056
-0.062345
-0.114411
-0.064695
-0.024767
0.044094
0.069795
0.037412
-0.024378
-0.067142
-0.038614
-0.009220
-0.017523
-0.060720
-0.025778
0.045340
0.097497
0.043548
-0.047249
-0.039396
0.030259
0.054349
0.003972
-0.057937
-0.079322
-0.035386
0.020242
0.046735
0.046719
0.021806
-0.012877
-0.008115
0.030483
0.025752
-0.020653
-0.065568
-0.035612
0.052742
0.086977
0.047753
-0.035302
-0.074822
-0.061317
-0.019654
0.009096
0.016076
0.004881
-0.019398
-0.030912
-0.021348
-0.000171
0.007184
0.004548
0.003804
0.010986
0.030484
0.013792
-0.006637
0.001145
0.010875
0.027036
0.014119
-0.008309
-0.004904
0.022358
0.009187
-0.022769
-0.038906
-0.031221
-0.005656
0.023597
0.015528
-0.002521
