-0.004677
-0.003668
-0.003067
-0.002240
-0.003362
-0.003703
-0.006008
-0.003804
-0.003265
-0.004669
-0.010189
-0.007302
-0.013910
-0.052356
-0.033571
-0.019304
-0.060149
-0.029435
0.046387
0.034968
0.025325
0.072737
0.086599
0.055575
0.018742
-0.002894
-0.000890
0.003547
-0.018299
-0.003909
0.037496
0.045812
0.008478
-0.044635
-0.084831
-0.071311
-0.015854
0.023905
0.047422
0.052082
0.002224
-0.047226
-0.071801
-0.070619
-0.007286
0.066289
0.107880
0.072839
0.014557
-0.051191
-0.070168
-0.024864
0.015991
0.047526
0.066641
0.070663
0.025881
-0.041099
-0.092452
-0.075221
0.008573
0.054492
0.068674
0.050970
-0.000309
-0.028327
-0.034588
-0.019783
0.011785
0.052398
0.048758
0.028844
0.006755
-0.018449
-0.045899
-0.018429
0.005898
0.032907
0.056693
0.020818
-0.012584
-0.039498
-0.013054
-0.027964
0.005669
0.023160
0.012160
-0.002814
-0.016843
0.002448
0.016567
0.070740
0.062110
0.058468
0.007689
-0.029499
-0.084496
-0.043777
0.015651
0.041885
0.054864
-0.042240
-0.077489
-0.152316
-0.136882
-0.054921
0.018346
0.012140
0.013735
-0.013448
-0.067373
-0.113921
-0.059493
0.099590
0.161763
0.095528
-0.012556
-0.084253
-0.104956
-0.043123
0.022108
0.154428
0.115035
0.021761
-0.075303
-0.125815
-0.077426
0.014798
0.134116
0.176144
0.098157
-0.057079
-0.113893
-0.087592
-0.018974
0.041149
0.112400
0.158759
0.116087
-0.035074
-0.180210
-0.173097
-0.088423
-0.021615
0.023264
0.051362
0.088118
0.123929
0.135259
0.118196
0.146537
0.035968
-0.031097
-0.028560
-0.075724
-0.097161
-0.148752
-0.065291
-0.009298
0.029323
0.051035
0.066558
0.027236
-0.110136
-0.169520
-0.153729
0.015530
0.144650
0.209717
0.171658
-0.037323
-0.252990
-0.356879
-0.224602
0.044945
0.270697
0.286277
0.169508
-0.021545
-0.151929
-0.162277
-0.061060
0.116365
0.191240
0.192779
0.070801
-0.065107
-0.177991
-0.240830
-0.200797
-0.080340
0.093099
0.190264
0.183795
0.029760
-0.051924
-0.082202
-0.047554
0.005376
0.018695
0.047639
0.050812
-0.016519
-0.103333
-0.086344
-0.057443
0.024631
0.036476
0.073179
0.057599
0.072283
0.000166
0.127770
0.225691
0.042396
0.045981
-0.180340
-0.357431
-0.460879
-0.193450
0.233655
0.405730
0.350672
0.075538
-0.175139
-0.441579
-0.353176
0.016812
0.472541
0.606485
0.251771
-0.221844
-0.513874
-0.505994
-0.271815
0.044165
0.360946
0.429359
0.228513
-0.104224
-0.321054
-0.166173
0.031935
0.130680
0.062625
-0.043865
-0.099075
-0.080020
0.029618
0.138115
0.095765
-0.095326
-0.247226
-0.128682
0.202800
0.364294
0.244208
0.018403
-0.126282
-0.172799
-0.191630
-0.150484
-0.015169
0.153508
0.189255
0.049613
-0.114770
-0.174993
-0.127802
0.034721
0.228054
0.263117
0.087993
-0.162130
-0.244261
-0.106622
0.091806
0.166204
0.117368
0.024144
-0.010312
-0.092112
-0.128751
-0.102322
0.026758
0.107191
0.053592
-0.014916
-0.092229
-0.033060
0.027939
0.124122
0.156712
0.196518
0.105526
0.007289
0.006125
-0.121252
-0.224712
-0.366693
-0.330469
-0.181547
-0.002768
0.117004
0.039461
-0.100418
-0.258526
-0.218132
-0.032623
0.194380
0.358039
0.397282
0.233669
-0.029534
-0.208326
-0.219486
-0.002700
0.173483
0.246470
0.141479
-0.047881
-0.210861
-0.249228
-0.125546
0.060349
0.163993
0.095044
-0.022440
-0.126709
-0.116449
-0.032176
0.081224
0.158960
0.108582
-0.020311
-0.128243
-0.120882
-0.017942
0.066237
0.054257
0.010142
-0.022488
-0.041163
-0.070582
-0.078248
-0.010682
0.076589
0.138296
0.071091
-0.008741
-0.044225
-0.002594
0.031881
0.027810
0.015901
-0.033640
-0.054173
-0.062146
-0.004112
0.033777
0.041022
-0.031791
-0.062774
-0.037555
0.030706
0.096866
0.085806
0.056867
-0.005484
-0.019461
-0.032807
-0.008066
0.017840
0.037890
0.018594
-0.032390
-0.075706
-0.067965
-0.002978
0.013240
0.022920
0.017363
0.029769
0.017424
-0.016889
-0.011364
0.001432
0.022447
0.010089
0.000220
0.003235
0.007415
-0.008785
-0.035926
-0.033285
-0.003776
0.004225
-0.034917
-0.079607
-0.062596
-0.006453
0.030850
0.049244
0.026014
0.024666
-0.001925
-0.015596
0.000500
0.049436
0.077906
0.062774
0.035361
0.000186
-0.001232
0.002452
0.015358
0.023140
0.023754
-0.014612
-0.052079
-0.064813
-0.032262
0.013382
0.041235
0.027909
-0.010744
-0.033544
-0.024023
0.011563
0.036528
0.036466
0.012004
-0.012938
-0.009535
0.011142
0.017516
0.017819
0.003651
-0.005773
-0.008656
-0.006374
-0.010183
