0.000166
-0.000014
0.000301
0.000020
0.000022
-0.000344
-0.000599
-0.000759
-0.001429
-0.001537
-0.001344
-0.001164
-0.000254
-0.000105
-0.000913
-0.000945
-0.001191
-0.001703
-0.002462
-0.002548
-0.001615
-0.000817
-0.000699
0.000040
-0.000447
0.000421
0.000372
0.001158
-0.000740
-0.000360
-0.002055
-0.002896
-0.005218
-0.006232
-0.008010
-0.009540
-0.008285
-0.007723
-0.004691
-0.008048
-0.003333
-0.009529
-0.004920
-0.011901
-0.004029
-0.017630
-0.014632
-0.025638
-0.013614
-0.047256
-0.042218
-0.044148
-0.070648
-0.158247
-0.201283
-0.094403
-0.472685
-0.303475
0.050899
-0.115073
0.081328
0.604547
0.849302
0.619000
0.419257
0.502052
0.461410
-0.012991
-0.301081
-0.161446
-0.086503
-0.374096
-0.722034
-0.647040
-0.198621
0.058333
0.114146
0.152615
0.297731
0.472154
0.400853
0.168166
0.021879
0.063079
0.132345
-0.046512
-0.430845
-0.604823
-0.378877
-0.009103
0.102023
-0.048480
-0.149249
0.112437
0.410514
0.378278
0.068631
-0.138914
0.054464
0.196971
-0.052109
-0.497009
-0.614048
-0.126338
0.361814
0.309420
-0.089740
-0.257451
0.115326
0.547170
0.495560
-0.035670
-0.447993
-0.227102
0.148715
0.129898
-0.248796
-0.538824
-0.301273
0.169420
0.352487
0.065184
-0.180325
-0.098568
0.121457
0.106061
-0.123132
-0.169947
-0.147766
-0.142302
-0.014634
0.044871
-0.069069
-0.265947
-0.189065
-0.037908
-0.293289
-0.317557
-0.134853
0.036423
0.166762
0.288910
0.484889
0.578872
0.424896
0.314524
0.361856
0.379292
0.292518
0.215193
0.294342
0.287124
0.086656
-0.192540
-0.355438
-0.435361
-0.354614
-0.129582
-0.076653
-0.307694
-0.431134
-0.128135
0.294829
0.422782
0.363728
0.358349
0.312915
-0.053444
-0.450141
-0.357362
0.143094
0.374146
-0.054553
-0.631954
-0.728535
-0.204878
0.358401
0.392584
0.012145
-0.251387
-0.092947
0.223107
0.281583
0.095138
-0.057266
-0.003366
0.016166
-0.169944
-0.372086
-0.250146
0.130826
0.276680
-0.026348
-0.391214
-0.346035
0.249827
0.594879
0.221221
-0.371406
-0.667319
-0.077493
0.352591
0.188489
-0.160488
-0.388866
-0.203396
0.143232
0.240645
-0.034060
-0.282547
-0.349314
-0.102187
0.088336
-0.043871
-0.275183
-0.350602
-0.235093
-0.022249
0.037419
0.254216
0.592888
0.766537
0.499113
-0.154032
-0.398987
-0.195450
0.208221
0.423252
0.427148
0.287739
0.106257
0.051482
-0.000459
-0.017910
-0.058094
-0.154953
-0.026218
0.220957
0.534064
0.589479
0.314056
-0.026663
-0.275651
-0.117700
-0.007196
-0.197799
-0.507979
-0.576926
-0.213582
0.270982
0.469491
0.093378
-0.408115
-0.336861
-0.048967
0.132159
0.132713
0.059057
0.050003
-0.051849
-0.191712
-0.262446
-0.071071
0.081204
0.068663
0.049391
-0.136523
-0.248742
-0.261382
0.054241
0.241829
0.060573
-0.114762
-0.328656
-0.408209
-0.481194
-0.125756
0.135531
0.094029
-0.127723
-0.118675
0.406987
0.757886
0.538476
-0.153198
-0.598836
-0.573758
-0.258094
0.077796
0.237511
0.190111
-0.003336
-0.188586
-0.157589
0.030259
0.297418
0.305351
0.043494
-0.272100
-0.333639
-0.102406
0.159542
0.295217
0.190938
-0.022167
-0.211854
-0.176296
-0.024904
0.151798
0.205702
0.106303
-0.031589
-0.022635
0.162576
0.330677
0.304722
0.027400
-0.195371
-0.212872
0.034543
0.271138
0.225947
0.064477
0.026819
0.121518
0.195137
0.148337
-0.038846
-0.162382
-0.115570
0.036033
0.180473
0.135551
0.123892
0.252276
0.280594
0.178400
-0.113375
-0.218266
-0.085284
-0.123560
-0.298225
-0.347004
-0.223665
-0.070522
0.051621
0.094301
0.048857
-0.088648
-0.063162
0.201893
0.325984
0.127499
-0.353484
-0.679895
-0.474709
0.058676
0.443651
0.297142
-0.127298
-0.469438
-0.408536
-0.161409
-0.008787
0.043576
0.035656
0.170290
0.231947
0.122480
-0.146511
-0.304607
-0.159899
0.063154
0.093894
-0.078697
-0.164591
-0.139081
-0.093518
-0.136929
-0.197239
-0.056272
0.184005
0.300019
0.127122
-0.144940
-0.156729
0.051947
0.239013
0.117901
-0.166493
-0.250892
-0.112276
0.068278
0.104937
0.152861
0.193960
0.129840
-0.030634
-0.132108
-0.048998
0.183032
0.400129
0.313379
0.003887
-0.260948
-0.176203
0.157836
0.304812
0.047796
-0.319993
-0.326616
0.044912
0.332660
0.222773
-0.093779
-0.221789
0.005118
0.267143
0.234374
-0.039252
-0.226135
-0.130256
0.161722
0.292430
0.103969
-0.075671
-0.042108
0.117030
0.204310
0.049365
-0.144405
-0.161966
-0.008432
0.170415
0.091099
-0.079582
-0.125918
-0.028205
0.145500
0.146508
0.023633
-0.019050
0.017143
0.001028
0.008688
0.098832
0.103493
0.030577
-0.022022
-0.014240
-0.034044
-0.139075
-0.164257
-0.104045
-0.072470
-0.051556
-0.019856
0.051416
0.055015
-0.028112
-0.076937
-0.044843
0.023267
0.074367
0.116061
-0.004331
-0.086692
-0.035632
-0.002565
-0.030153
-0.086155
-0.021674
0.054597
0.002434
-0.091114
-0.079944
-0.029786
0.042021
0.054973
-0.004722
0.002700
0.102303
0.099494
-0.049375
-0.162118
-0.165307
-0.063916
0.028511
0.055774
-0.042030
-0.161899
-0.182940
-0.083729
0.017822
0.071737
0.171304
0.164864
-0.023537
-0.203499
-0.192904
-0.057774
0.070475
0.090126
0.013139
-0.094581
-0.157674
-0.037545
0.112854
0.141192
0.011373
-0.112872
-0.101063
-0.019745
0.133681
0.178961
0.065683
-0.088454
-0.118143
-0.034313
0.035340
0.024559
-0.060908
-0.025723
0.126385
0.234442
0.165287
-0.045777
-0.152408
-0.077509
0.066353
0.090490
0.023230
0.026340
0.058226
0.074078
0.017531
-0.041893
-0.045962
0.035853
0.051458
-0.013990
-0.025060
-0.007290
0.044366
0.056639
0.039025
-0.022938
-0.034634
-0.000738
0.000974
-0.020235
0.002146
0.087580
0.117028
0.045001
-0.073862
-0.069352
0.017625
0.053367
0.036432
-0.006739
