0.001269
0.001354
0.001545
0.001769
0.003016
0.001084
-0.001051
-0.004592
-0.004047
-0.004107
-0.002389
-0.003139
-0.001555
-0.002687
-0.002568
-0.001642
0.001696
0.002593
-0.001591
-0.000509
-0.001098
0.003137
-0.004100
-0.001230
-0.009181
-0.000969
-0.012485
-0.005696
-0.012619
0.000410
-0.019990
-0.008281
-0.027183
-0.021720
-0.081755
-0.094739
0.005529
-0.279632
-0.153351
0.027906
-0.158419
-0.201921
0.119828
0.276758
-0.089074
-0.096944
0.173475
0.426304
0.110464
-0.115218
0.375271
0.401422
0.141051
-0.022024
0.299267
0.568186
0.377104
0.042528
-0.220269
-0.284692
-0.339981
-0.150387
-0.229582
-0.536734
-0.516639
-0.190545
0.186352
0.284320
0.289413
0.501006
0.535483
0.154761
-0.266317
-0.200479
0.260386
0.457827
0.025739
-0.526051
-0.733080
-0.461206
0.025863
0.225520
0.053786
-0.153411
-0.244263
0.083562
0.308772
0.270064
0.094487
0.002882
-0.051645
-0.245981
-0.201572
-0.287184
-0.090777
0.038658
0.180475
0.072840
0.129844
0.173113
0.024328
-0.214472
-0.671311
-0.611426
-0.176869
0.441362
0.384084
0.216128
0.119084
-0.182924
-0.659381
-0.586752
0.037207
0.388472
0.339722
0.139758
0.166493
0.306011
0.364657
0.476090
0.584798
0.428131
0.158089
-0.013565
-0.156671
-0.305513
-0.192321
-0.162063
-0.296936
-0.657162
-0.613005
-0.135347
0.402260
0.460482
0.072446
-0.065596
0.138194
0.433955
0.499357
0.473913
0.150195
-0.317769
-0.543421
-0.462002
-0.153912
0.041863
-0.073928
-0.329784
-0.346766
-0.148219
0.052391
0.308202
0.177299
0.021837
0.029097
0.188460
0.212331
-0.051817
-0.321861
-0.362712
-0.120081
0.001087
0.009180
-0.109766
0.046759
0.291473
0.480471
0.496923
0.080150
-0.462648
-0.555371
-0.246600
-0.122498
-0.437359
-0.660883
-0.513137
-0.164882
0.101114
0.108801
0.282968
0.493611
0.650460
0.248008
-0.207311
-0.288076
-0.047083
0.299672
0.241566
-0.064223
-0.166095
0.074492
0.427724
0.409917
0.126745
-0.082612
0.035038
0.245986
0.303323
0.305024
0.078293
0.129124
0.194376
0.336247
0.206659
-0.070996
-0.331810
-0.380499
-0.265036
-0.094466
0.005966
-0.025512
-0.124365
-0.109857
-0.026417
0.080468
0.210196
-0.026084
-0.201866
-0.339874
-0.077723
0.180187
0.433367
0.056520
-0.309066
-0.292079
-0.218676
-0.144726
-0.185208
0.020103
0.069993
0.014746
-0.298828
-0.453732
-0.351539
-0.053566
0.352424
0.310650
-0.072310
-0.226305
0.005990
0.420327
0.242266
-0.393678
-0.737973
-0.340327
0.175964
0.313927
0.085868
-0.254477
-0.288695
-0.220486
0.054149
0.210170
0.281610
0.142185
0.016712
0.001865
0.051264
-0.018549
-0.056293
0.178474
0.068225
-0.353714
-0.647054
-0.403173
-0.050623
0.324985
0.505529
0.483281
0.140278
-0.249602
-0.100019
0.317277
0.472128
0.197098
-0.142152
-0.170505
0.201803
0.571289
0.584602
0.313392
-0.073401
-0.314614
-0.076207
0.234910
0.376255
0.142693
0.109892
0.367476
0.623110
0.412960
-0.107144
-0.426089
-0.527307
-0.163206
0.016845
-0.149581
-0.368427
-0.223862
0.144858
0.312406
0.165470
-0.158295
-0.278149
-0.234884
-0.010665
0.154100
0.206116
-0.001278
-0.209923
-0.104380
-0.027436
0.124126
0.027952
-0.197021
-0.354811
-0.233854
-0.081959
-0.156569
-0.386582
-0.456202
-0.076898
0.211453
0.146217
-0.094334
-0.163660
0.055475
0.214714
0.092490
-0.145160
-0.282823
-0.153179
0.085774
0.173124
-0.115015
-0.486241
-0.660004
-0.381691
0.163060
0.418061
0.310516
0.011936
-0.117477
0.038149
0.253563
0.281682
0.037310
-0.287376
-0.283201
-0.048169
0.138917
0.038396
-0.178042
-0.182303
0.097516
0.287131
0.228292
-0.000167
-0.284175
-0.169637
0.125502
0.361932
0.231017
-0.078407
-0.184592
0.014523
0.296900
0.335362
0.136500
-0.099352
-0.156089
-0.040901
0.156375
0.201593
0.094109
-0.010896
0.005946
0.100947
0.108714
-0.022347
-0.116570
-0.050718
0.084359
0.175468
0.166520
0.035919
-0.028236
-0.010310
0.090771
0.147747
0.197126
0.155912
-0.050752
-0.153945
-0.135492
0.008017
0.124783
0.113187
0.040256
0.103351
0.217310
0.216753
0.066505
-0.140779
-0.181697
-0.084635
-0.023367
-0.059189
-0.163106
-0.186168
0.038804
0.280625
0.286433
0.092452
-0.118035
-0.102221
0.087297
0.174251
0.036703
-0.113956
-0.100148
0.113805
0.243057
0.187314
-0.030861
-0.257195
-0.330348
-0.249417
-0.100586
-0.100056
-0.090415
-0.036185
0.049238
0.097091
0.155919
0.117225
-0.050623
-0.148864
-0.142400
-0.214757
-0.324040
-0.286128
-0.071867
0.080568
0.037828
-0.122772
-0.302985
-0.251954
-0.002167
0.126878
0.024008
-0.135457
-0.151824
-0.033234
0.051205
0.145157
0.094916
-0.002021
-0.097115
-0.124709
-0.165071
-0.204431
-0.209706
-0.125240
0.080791
0.168103
0.146183
-0.032026
-0.164556
-0.149902
0.003069
0.129853
0.187948
0.112657
0.011568
0.050165
0.113352
0.116254
-0.007526
-0.076143
-0.034243
0.012352
0.018342
0.042923
0.085104
0.075716
0.064669
0.057912
0.084494
0.116174
0.045566
-0.021759
-0.066967
-0.018535
0.125431
0.208508
0.181474
0.083322
-0.022730
-0.055894
-0.003264
0.015543
0.022892
0.088624
0.213073
0.285892
0.167348
-0.051182
-0.166307
-0.144708
-0.025732
0.056412
0.086434
0.063164
0.087742
0.131141
0.080274
-0.015557
-0.092511
-0.066231
-0.041757
0.004214
0.072002
0.157329
0.148306
0.053174
-0.075877
-0.179080
-0.153479
-0.074358
0.037172
0.047672
-0.026374
-0.045574
0.013901
0.056152
-0.014804
-0.104689
-0.148538
-0.107350
0.006079
0.099245
0.113887
0.009690
-0.039121
-0.088206
-0.092724
-0.055848
-0.066764
-0.050560
-0.047572
-0.043312
-0.068670
-0.014733
0.034342
0.071492
0.048590
-0.087715
-0.200686
-0.205591
-0.108599
0.032125
0.100598
0.051939
0.024969
0.023668
0.013928
-0.086738
-0.156823
-0.076946
0.019391
0.019843
0.006078
0.030418
0.049190
0.025380
-0.047340
-0.091061
-0.030495
0.016789
0.021941
-0.048865
-0.095227
-0.011610
0.120217
0.135901
-0.013853
-0.085075
-0.067659
-0.029348
-0.021470
0.025401
0.024470
0.031707
0.030295
-0.011697
-0.016362
0.014009
0.047358
0.023470
-0.045149
-0.088581
0.031440
0.149244
0.179145
0.097731
-0.049551
-0.136028
-0.124284
-0.014634
0.131513
0.168249
0.069768
-0.009323
-0.042555
-0.086834
-0.114210
-0.052398
0.063414
0.150673
0.187355
0.115939
-0.075522
-0.194790
-0.096654
0.098721
0.188597
0.126781
0.002435
-0.070544
-0.060357
-0.009266
0.010824
-0.038571
-0.081683
-0.071840
-0.004538
0.111197
0.185086
0.116029
-0.052739
-0.141610
-0.071738
0.011155
0.008765
-0.033546
-0.013229
0.072245
0.138934
0.118897
-0.031442
-0.183893
-0.204989
-0.122591
0.020558
0.119353
0.131933
0.068090
-0.010918
-0.077552
-0.125148
-0.072592
0.003091
0.068223
0.071261
0.065520
0.025311
-0.004262
-0.035065
-0.079953
-0.058900
-0.056268
-0.077599
-0.112938
-0.021118
0.145686
0.205717
0.081888
-0.124844
-0.230410
-0.183674
-0.057319
0.041971
0.105574
0.092529
0.005689
-0.049351
-0.072879
-0.035199
0.004499
0.015303
-0.008603
-0.023568
0.038727
0.110920
0.120396
0.023713
-0.043955
-0.098022
-0.101474
-0.063685
-0.009213
0.082083
0.139940
0.088032
-0.046203
-0.110182
-0.129622
-0.088021
0.010878
0.107058
0.154762
0.138716
0.089114
0.006177
-0.082818
-0.126923
-0.100445
0.015751
0.115480
0.156621
0.126752
0.002967
-0.128584
-0.169220
-0.080061
0.018796
0.057273
0.066667
0.119018
0.119785
0.029674
-0.064405
-0.110070
-0.057695
0.042330
0.098947
0.063139
0.005425
-0.030893
-0.011964
0.007558
-0.033249
-0.050702
0.008829
0.093811
0.117940
0.048826
-0.070814
-0.124708
-0.097327
-0.000616
0.083849
0.079267
0.024018
-0.052597
-0.082087
-0.026501
0.054343
0.051216
-0.005652
-0.059989
-0.046470
0.000380
0.016623
-0.000966
-0.035683
-0.054135
-0.052292
0.028289
0.091815
0.058786
-0.010840
-0.059056
-0.077614
-0.032093
0.062738
0.102950
0.022927
-0.103122
-0.131435
-0.039764
0.046575
0.067095
0.030716
-0.013217
-0.049530
-0.056990
-0.006259
0.018079
0.026923
0.009950
-0.031927
-0.053944
0.000031
0.080708
0.087914
0.005946
-0.082565
-0.068669
0.015773
0.057551
0.015076
-0.042102
-0.059532
-0.021440
0.007433
0.033262
