0.004078
0.003752
0.002823
0.002200
0.001887
0.000142
-0.000939
-0.002621
-0.000904
-0.000640
0.002052
0.000063
0.001259
-0.001395
0.000974
-0.001170
0.000913
-0.001735
-0.000391
-0.003016
-0.003268
-0.004077
-0.005448
-0.002489
-0.006127
0.000514
-0.009586
-0.001181
-0.016525
0.000248
-0.022013
-0.016683
-0.097700
-0.033998
-0.127962
-0.203470
-0.060017
-0.137952
-0.038300
-0.105679
0.041331
0.058354
-0.098972
-0.078281
0.010717
0.294040
0.190562
0.096695
0.119858
0.070855
-0.100607
-0.328923
-0.005364
0.463323
0.597580
0.310544
-0.050037
-0.092383
-0.025455
0.215997
0.416511
0.454827
0.183214
-0.192221
-0.258942
-0.352599
-0.468518
-0.436928
-0.210146
-0.047803
-0.176049
-0.191057
0.199521
0.693025
0.686873
0.197820
-0.204856
-0.146624
0.235369
0.444719
0.151406
-0.427023
-0.709538
-0.477517
-0.036848
0.101487
-0.128012
-0.290685
-0.091842
0.252131
0.331403
0.090664
-0.075087
0.057474
0.266598
0.229508
-0.102017
-0.369459
-0.378004
-0.160348
-0.037284
-0.066823
-0.220915
-0.187667
-0.121892
0.067142
0.021458
-0.269215
-0.176792
-0.160696
-0.041899
-0.054991
0.159572
0.352678
0.281651
0.144267
-0.024565
-0.022230
-0.158523
-0.117690
0.083315
0.103574
-0.155798
-0.476081
-0.400505
-0.128307
0.130817
0.344691
0.409940
0.296319
-0.094677
-0.269043
-0.092144
0.222931
0.462540
0.438813
0.279357
-0.035958
-0.251578
-0.115860
0.315876
0.652084
0.455549
0.014304
-0.235339
-0.126748
0.079483
0.189412
0.132834
-0.015859
-0.143186
-0.181770
-0.082080
-0.024061
-0.059666
-0.100065
0.034046
0.209137
0.226671
0.125586
0.041138
0.001541
-0.095125
-0.233262
-0.231660
-0.086871
0.026228
-0.042935
-0.137474
-0.192746
-0.167715
-0.102454
-0.002600
0.044600
0.020538
-0.131939
-0.198498
-0.094903
-0.208247
-0.109023
-0.010078
0.052352
-0.001296
-0.084020
-0.125840
-0.254128
-0.265946
-0.266534
-0.091831
-0.006860
0.022786
0.120687
0.134003
0.089897
-0.006416
0.008644
0.086543
0.111470
0.092078
-0.062793
-0.160603
-0.177889
-0.125134
0.022447
0.085957
0.118354
0.071692
0.000393
-0.031982
-0.038034
0.055582
0.143526
0.161374
0.104026
0.055905
0.083359
0.172551
0.229288
0.162538
0.018357
-0.065359
-0.002046
0.149601
0.239974
0.169406
0.092758
0.084829
0.168319
0.249235
0.218912
0.147499
0.124757
0.183388
0.190226
0.112775
-0.063288
-0.169006
-0.140006
-0.093055
-0.026881
-0.054945
-0.097054
-0.087202
-0.069436
-0.068554
-0.043395
0.037832
0.082606
0.094857
0.027289
-0.064456
-0.117438
-0.108045
0.011131
0.091159
0.008150
-0.188192
-0.279977
-0.234050
-0.155697
-0.063316
-0.018516
-0.041374
-0.116199
-0.159109
-0.145225
-0.146024
-0.173386
-0.181491
-0.135186
-0.115373
-0.148392
-0.153695
-0.103394
-0.034862
-0.026549
-0.068678
-0.095354
-0.054570
0.027450
0.042938
0.014193
-0.035734
-0.036736
0.025403
0.102907
0.089831
-0.017571
-0.087920
-0.068067
0.031819
0.053444
0.027262
0.010851
0.030178
0.073784
0.086483
0.081328
0.057251
0.036894
0.040632
0.050228
0.082376
0.113783
0.130220
0.129857
0.114952
0.096552
0.044037
0.005349
-0.007008
0.000794
0.033290
0.064538
0.107353
0.137138
0.107311
0.096526
0.081839
0.098421
0.075803
0.024740
-0.016388
-0.021928
0.004437
-0.003606
0.069512
0.067892
0.049911
0.039358
0.049361
0.079744
0.045183
0.007875
0.019791
0.024402
0.049219
0.116570
0.112003
0.013302
-0.094760
-0.122555
-0.164891
-0.123819
-0.006418
0.138926
0.229614
0.169583
0.054831
-0.129504
-0.273834
-0.226998
-0.030507
0.200216
0.247170
0.149899
-0.044167
-0.222686
-0.262165
-0.179284
-0.000474
0.074532
0.050916
-0.082838
-0.195492
-0.172899
-0.114552
-0.034652
0.019128
0.015626
-0.024922
-0.113596
-0.104862
-0.015856
0.051299
0.029376
-0.052159
-0.087955
-0.093952
-0.044962
-0.063497
-0.108144
-0.134887
-0.124578
-0.071828
-0.012464
0.002691
-0.061495
-0.132019
-0.097737
-0.019826
0.042280
0.055007
0.043416
0.017023
-0.080051
-0.118567
-0.084817
0.028770
0.065834
0.027204
-0.030228
-0.043504
-0.004667
0.032376
0.031819
-0.041569
-0.057486
0.004130
0.061844
0.076387
0.048247
-0.007406
0.014398
0.078381
0.102793
0.034224
-0.046355
-0.020099
0.067525
0.116193
0.053613
0.021601
0.034669
0.058769
0.103896
0.106780
0.082874
0.029422
0.008931
0.035367
0.047150
0.018335
-0.013060
0.032537
0.106509
0.120094
0.073485
0.025581
0.037049
0.006075
-0.042383
-0.028040
0.033957
0.103834
0.123129
0.116328
0.053730
-0.020376
-0.046863
0.009250
0.052575
0.020340
-0.001596
-0.011067
0.002264
-0.001678
0.019629
0.069051
0.076914
0.044466
-0.032515
-0.067731
-0.049051
0.019059
0.083748
0.060533
0.001646
-0.047866
-0.047385
-0.056278
-0.059840
-0.071934
-0.074162
-0.056121
-0.041614
0.009501
0.033020
0.034980
0.012634
-0.021868
-0.104904
-0.155164
-0.111895
-0.037788
0.017872
0.049373
0.058489
0.023799
-0.002808
-0.056700
-0.116969
-0.157110
-0.133255
-0.016895
0.081215
0.100994
0.035478
-0.026215
-0.090419
-0.113492
-0.071675
-0.025908
0.012847
0.020560
0.010402
-0.020676
-0.032552
-0.039985
-0.043753
-0.040572
-0.044215
-0.044894
-0.019833
0.016865
0.033302
0.031483
0.010608
-0.009573
-0.021411
-0.036494
-0.022532
-0.009428
0.003875
0.026760
0.056219
0.093620
0.071363
0.027086
-0.052768
-0.095433
-0.049733
-0.006804
0.027850
0.045415
0.101195
0.121464
0.061538
-0.015078
-0.038065
-0.035380
-0.054938
0.011182
0.072718
0.085670
0.060012
0.036231
0.026986
-0.034551
-0.050885
-0.003845
0.045796
0.040242
-0.019089
-0.033720
0.014496
0.077318
0.114353
0.084358
0.028129
-0.051096
-0.119125
-0.104357
-0.052764
0.048164
0.099224
0.063591
-0.002470
-0.057113
-0.061625
-0.055241
-0.019758
-0.010676
-0.020868
-0.025171
0.000437
0.064744
0.084525
0.056883
-0.001170
-0.020235
-0.034392
-0.092178
-0.091560
-0.045374
0.015229
0.066850
0.113737
0.084277
-0.047049
-0.146911
-0.163660
-0.049041
0.089432
0.123958
0.050181
-0.038659
-0.074172
-0.079703
-0.041805
0.000688
0.012932
-0.006340
-0.020260
0.003962
0.038042
0.079769
0.041976
-0.040093
-0.105733
-0.129765
-0.056414
0.040379
0.116356
0.087916
0.020533
-0.039528
-0.048360
-0.000618
-0.003513
-0.011346
-0.020409
-0.015929
0.008312
0.037525
0.074597
