-0.002397
-0.003886
-0.002528
-0.005575
-0.003708
-0.002637
0.003897
-0.000466
0.003323
-0.001840
0.003443
-0.003262
0.005269
0.002203
0.005692
-0.001955
0.001875
0.001679
-0.006875
-0.009754
-0.019174
-0.001048
-0.017608
0.005977
-0.026170
0.020057
-0.024146
0.011181
-0.104292
0.007143
-0.117874
-0.164703
-0.035793
-0.030095
-0.023461
-0.115573
0.282535
-0.059027
-0.024705
-0.336838
-0.117852
0.162532
-0.302972
-0.035837
0.250166
0.576207
-0.037895
-0.302132
-0.210445
-0.126023
-0.164719
-0.486310
-0.008792
0.375632
0.572135
0.673166
0.592991
0.481838
0.286812
0.495898
0.452195
0.085300
-0.194024
-0.050985
0.289612
0.031518
-0.434452
-0.580112
-0.297937
-0.120096
-0.271309
-0.397981
-0.116432
0.337951
0.454376
0.135417
-0.165571
0.007563
0.460902
0.658259
0.253187
-0.431059
-0.716145
-0.349330
0.158312
0.154289
-0.306157
-0.548182
-0.248784
0.191181
0.263280
0.011896
-0.136185
0.021935
0.238589
0.188878
-0.066639
-0.268777
-0.192647
-0.015791
0.011731
-0.186332
-0.349213
-0.282066
-0.051028
0.093442
-0.005040
-0.064199
-0.222654
-0.113371
-0.005426
-0.047256
-0.101824
-0.047586
0.102764
0.053560
0.032670
0.017773
0.113355
0.057460
-0.071932
-0.022125
0.130667
0.139138
0.058736
-0.014946
-0.026992
0.005997
0.041375
-0.004392
-0.058189
-0.071409
-0.083905
-0.011640
-0.025085
-0.026649
-0.010874
0.043393
0.085583
0.039413
-0.059544
-0.102815
-0.093597
-0.074900
-0.112127
-0.093272
0.075407
0.240313
0.334192
0.195445
0.081428
0.118324
0.114881
0.030732
-0.068779
0.054980
0.256184
0.339686
0.329279
0.200902
0.055124
0.001915
0.210728
0.392798
0.274878
0.081625
-0.101199
-0.074364
0.011345
0.104889
0.146252
-0.061392
-0.280116
-0.345773
-0.185355
0.083944
0.284402
0.325733
0.100861
-0.224246
-0.388690
-0.289785
-0.005708
0.136244
0.069851
-0.136436
-0.276325
-0.230497
-0.085633
0.041041
0.019167
-0.090105
-0.175900
-0.169338
-0.064674
0.040050
0.053324
0.008288
-0.051275
-0.082754
-0.126452
-0.190868
-0.239199
-0.231294
-0.182804
-0.097186
-0.088039
-0.123039
-0.162897
-0.054058
-0.061380
-0.147183
-0.069277
-0.108182
-0.038175
0.083598
0.323325
0.300423
-0.017298
-0.175811
-0.126451
-0.057765
-0.128220
-0.041522
0.168145
0.171388
-0.097857
-0.236844
-0.111621
0.155824
0.306343
0.275247
0.127054
-0.051313
-0.026325
0.116093
0.200060
0.155807
0.056216
0.006529
-0.001996
-0.088875
-0.148064
-0.019094
0.227987
0.302772
0.081784
-0.182490
-0.165960
0.077619
0.219251
0.097593
-0.132521
-0.214642
-0.070945
0.175378
0.309065
0.224154
0.064239
0.013985
0.040778
0.048269
-0.064534
-0.098654
0.017886
0.173528
0.184018
0.097344
0.062120
0.071482
0.064864
-0.021389
-0.094028
-0.105789
-0.062539
0.038771
0.138508
0.141751
0.076001
0.019225
0.012018
-0.024046
-0.117786
-0.168613
-0.106640
-0.066126
-0.055257
-0.010577
0.114803
0.221771
0.197042
0.069986
-0.061295
-0.187623
-0.244637
-0.147962
0.015122
0.132740
0.127571
0.081494
0.001687
-0.022264
-0.008982
0.015453
0.043123
0.012947
-0.044243
-0.101733
-0.127854
-0.104235
-0.092862
-0.096447
-0.143582
-0.198869
-0.165007
-0.071095
0.061190
0.094474
0.030186
-0.045542
-0.094170
-0.036660
0.067244
0.118206
0.054482
-0.086717
-0.224520
-0.317148
-0.291418
-0.190943
-0.072639
-0.080116
-0.119147
-0.108114
-0.093195
0.016376
0.140809
0.214321
0.160325
-0.009790
-0.159488
-0.188988
-0.064115
0.086312
0.155968
0.096494
-0.036440
-0.099575
-0.121061
-0.078855
-0.012956
0.011098
0.039518
0.038837
0.016771
0.029462
0.105735
0.180139
0.133857
0.038417
-0.012681
0.027458
0.063703
0.066723
0.090883
0.092506
0.093546
0.113782
0.144839
0.113479
0.038459
-0.008522
-0.011782
-0.027328
-0.032034
0.029862
0.156014
0.212668
0.127090
0.023237
-0.025927
-0.025287
-0.015331
0.015100
0.065051
0.050563
0.010259
0.014298
0.059555
0.080243
0.039656
-0.003000
-0.060168
-0.071480
0.005390
0.133275
0.172743
0.070895
-0.075216
-0.142161
-0.059067
0.050276
0.072421
0.027419
0.008581
0.023125
-0.015072
-0.088797
-0.121443
-0.076989
-0.007659
0.025613
0.044392
0.014223
-0.024824
-0.033728
-0.038371
-0.073967
-0.110857
-0.089574
-0.021329
0.019865
0.018442
0.026382
0.020997
-0.010753
-0.060136
-0.085218
-0.089659
-0.080176
-0.063871
-0.021265
0.017000
0.006635
-0.012494
-0.005041
-0.011442
-0.057452
-0.111380
-0.115800
