-0.000746
0.000854
0.000864
-0.001830
-0.003846
-0.006312
-0.003668
-0.002541
0.000028
-0.002899
-0.003023
-0.005377
-0.002793
-0.005865
-0.006339
-0.007744
-0.003902
-0.000446
-0.001570
-0.001915
-0.007181
-0.002335
-0.009291
0.000127
-0.012442
-0.000719
-0.014013
0.006254
-0.020443
-0.000820
-0.030774
-0.024381
-0.103432
-0.071742
-0.096685
-0.277126
-0.020013
-0.084922
0.007834
0.109189
0.198531
0.208726
0.013260
-0.075428
-0.200917
-0.006213
-0.020913
0.032754
0.111585
-0.044238
-0.199675
-0.416626
-0.296309
0.033725
0.350879
0.406779
0.184374
-0.013400
0.007982
0.325975
0.660956
0.764505
0.490310
0.064438
-0.298240
-0.423455
-0.268170
0.011588
0.133211
-0.022537
-0.286266
-0.467946
-0.327425
0.122030
0.569518
0.568063
0.082184
-0.350097
-0.315347
0.057289
0.359296
0.275817
-0.101719
-0.385533
-0.330216
-0.040981
0.082266
-0.055157
-0.211420
-0.129364
0.100213
0.198092
0.086433
-0.100330
-0.110932
0.032672
0.159045
0.059247
-0.192077
-0.334487
-0.242421
-0.082367
-0.002490
-0.072040
-0.230926
-0.144251
-0.122686
-0.141682
-0.065020
-0.048897
-0.015131
0.014969
0.148216
0.136727
0.023128
-0.005728
0.064193
0.078922
-0.068561
-0.074251
0.066308
0.139247
0.020486
-0.070792
-0.031697
0.123346
0.221434
0.222843
0.099198
-0.079526
-0.127015
-0.154633
-0.138530
-0.149122
-0.174364
-0.181920
-0.093855
0.050778
0.053575
0.001186
0.057771
0.135942
0.069894
-0.063058
-0.105035
-0.002406
0.099620
0.139801
0.128908
0.080727
0.068054
0.098923
0.124493
0.045145
0.003319
-0.024578
0.025770
0.142120
0.236000
0.260002
0.191285
0.174197
0.185444
0.162781
0.068474
0.032755
0.046427
0.089067
0.133914
0.180373
0.218830
0.116862
-0.062332
-0.227250
-0.250921
-0.194244
-0.189325
-0.189886
-0.139183
0.022745
0.147320
0.105437
-0.056525
-0.195271
-0.169179
-0.013426
0.143340
0.177787
0.042847
-0.107336
-0.185022
-0.136248
-0.081872
-0.120532
-0.156922
-0.134355
-0.065653
-0.059242
-0.132024
-0.202781
-0.215522
-0.147170
-0.100880
-0.108422
-0.133597
-0.177086
-0.138401
-0.200129
-0.172090
-0.160309
-0.110521
0.110018
0.314745
0.361719
0.103915
-0.124809
-0.266672
-0.271591
-0.164482
0.013213
0.216346
0.178818
-0.078683
-0.247503
-0.176905
0.028514
0.191588
0.283913
0.217320
0.073082
-0.013454
-0.003894
0.082352
0.126959
0.119054
0.085829
0.025019
-0.036798
-0.079077
-0.018244
0.125009
0.189497
0.121546
-0.078689
-0.168126
-0.053360
0.143091
0.176661
0.069618
-0.049320
-0.099596
-0.026645
0.084332
0.158332
0.132128
0.074058
0.031400
0.047885
0.062107
0.023943
0.018641
0.104838
0.139493
0.100655
0.048366
0.019898
0.067248
0.087580
0.059905
0.020768
-0.005916
-0.029065
-0.016872
0.060159
0.101602
0.078635
0.009005
-0.037070
-0.025054
-0.057332
-0.057474
-0.037082
-0.024254
-0.000111
0.047458
0.180913
0.263049
0.235718
0.087400
-0.122907
-0.228683
-0.159127
-0.042412
0.075345
0.091024
-0.081853
-0.228986
-0.282002
-0.196505
-0.054428
0.090054
0.171430
0.087021
-0.065545
-0.201639
-0.232493
-0.136444
0.020642
0.121536
0.088524
-0.085302
-0.267200
-0.305422
-0.192034
-0.044443
0.054304
0.036907
-0.062098
-0.131685
-0.187379
-0.089460
0.034811
0.095622
0.107083
0.038620
0.001735
-0.051270
-0.012204
0.028948
0.031256
-0.045927
-0.156470
-0.166874
-0.167797
-0.141866
-0.098044
-0.001502
0.042419
0.037851
0.015697
0.019265
0.029521
0.010739
0.014250
0.022098
0.045545
0.021341
0.002637
0.040840
0.101543
0.119503
0.095418
0.051582
0.021251
0.011495
0.019038
0.051520
0.073098
0.074283
0.092049
0.125346
0.127576
0.100146
0.055445
0.000534
-0.010001
0.030910
0.053007
0.043384
0.023337
0.054014
0.081095
0.060275
0.024268
0.019291
0.047832
0.057694
0.039021
0.001445
-0.029083
-0.031401
0.010154
0.078127
0.117587
0.085111
0.021690
-0.009479
0.001009
0.004812
-0.001024
0.004497
-0.003739
-0.026729
-0.040495
-0.025609
0.014218
0.054068
0.085305
0.065706
0.003311
-0.039907
-0.053228
-0.034588
-0.016852
-0.005880
0.006646
-0.004788
-0.028198
-0.006787
-0.007165
-0.081305
-0.153766
-0.134606
-0.073219
-0.017478
0.027169
0.061472
0.092733
0.030694
-0.054509
-0.155330
-0.179237
-0.110051
-0.016039
0.089174
0.102093
0.051016
-0.038673
-0.080856
-0.078010
-0.085631
-0.034115
0.036288
0.082972
0.056731
-0.012721
-0.096407
-0.116849
-0.035831
0.032179
0.057680
-0.061594
-0.132959
-0.078299
0.041796
0.079259
0.016117
0.005430
-0.047944
-0.052367
-0.010370
0.040428
0.044237
-0.012420
-0.005884
0.027310
0.059068
0.035047
0.026389
0.030374
-0.038199
-0.070605
-0.029403
0.066559
0.096247
0.017962
-0.069331
-0.084202
-0.017137
0.060995
0.138626
0.145348
0.014296
-0.083275
-0.087709
-0.004591
0.056547
0.051844
0.025168
-0.011034
0.019352
0.012468
0.030091
0.010534
-0.081428
-0.129681
-0.085098
0.019981
0.116149
0.207774
0.171391
0.027806
-0.135808
-0.212268
-0.156647
-0.005868
0.136133
0.149015
0.090335
0.007022
-0.065635
-0.088266
-0.069621
-0.049446
-0.018287
0.036067
0.093250
0.097314
0.013038
-0.101302
-0.130109
-0.057803
0.040175
0.077961
0.035423
-0.052971
-0.087619
-0.048385
0.005026
0.079084
0.069184
-0.010288
-0.087281
-0.079421
-0.043795
-0.022247
0.039549
0.050922
0.022297
-0.024334
-0.048048
-0.004622
0.020776
-0.011644
-0.039983
-0.009738
0.016298
-0.016258
-0.026481
-0.031290
-0.046366
-0.031218
0.031108
0.073425
0.021053
-0.057221
-0.077497
-0.028518
0.010436
-0.010892
-0.021259
-0.034973
-0.054980
-0.006808
0.047231
0.059414
0.050092
0.019469
-0.043456
-0.073420
-0.064660
-0.022455
0.067698
0.132581
0.098067
-0.001094
-0.089489
-0.185491
-0.167917
-0.080618
-0.053813
0.011416
0.199472
0.282138
0.193653
0.103949
-0.021411
-0.128964
-0.188016
-0.148587
-0.034634
0.101785
0.158914
0.088930
-0.013491
-0.094868
-0.112573
-0.086316
-0.001259
0.096914
0.133429
0.077748
0.015284
0.027887
0.039833
0.026235
-0.007611
-0.083511
-0.115124
-0.036436
0.099827
0.130128
0.050353
-0.014568
-0.061698
-0.052234
-0.018363
-0.005789
-0.003015
0.008001
0.038357
0.046054
0.022328
-0.037933
-0.046550
0.000813
0.035900
0.028245
