-0.001306
-0.001264
-0.000558
-0.000478
0.000232
0.000359
0.000986
0.001102
0.000385
-0.001216
-0.000859
-0.000987
0.000213
-0.000824
-0.002154
-0.003803
-0.003638
-0.002531
-0.002131
-0.001613
-0.002642
-0.001354
-0.003805
-0.001657
-0.005467
-0.000932
-0.004802
0.002034
-0.003783
-0.000431
-0.009275
-0.003627
-0.012105
-0.005135
-0.012648
-0.015450
-0.029054
-0.067055
-0.041347
-0.151327
-0.155843
-0.114061
-0.202480
-0.159375
0.000781
-0.079873
-0.097766
-0.048367
-0.072934
-0.074787
0.087056
0.372600
0.422361
0.298614
0.070031
-0.056840
-0.193778
-0.219170
0.126512
0.559422
0.644763
0.349985
0.025255
-0.118258
0.034509
0.314814
0.499770
0.371373
-0.115574
-0.553149
-0.806352
-0.722891
-0.374108
0.008484
0.260633
0.233848
0.059934
-0.044163
0.126555
0.396273
0.526995
0.361865
0.039537
-0.126833
-0.057705
0.005699
-0.156242
-0.437057
-0.536923
-0.350825
-0.037452
0.085464
-0.080503
-0.239812
-0.228434
0.191289
0.317038
0.090547
-0.050423
-0.233052
-0.163231
0.152122
0.386602
0.243120
-0.202018
-0.515014
-0.457345
-0.273190
-0.196491
-0.071577
0.221602
0.292864
0.032309
-0.318888
-0.346045
-0.064265
0.205202
0.321640
0.172291
-0.118543
-0.294790
-0.213828
0.074029
0.335730
0.423034
0.326548
0.084636
-0.173871
-0.261959
0.007367
0.370355
0.557839
0.422687
0.071275
-0.055864
0.166983
0.438827
0.410151
0.062415
-0.232614
-0.165940
0.059225
0.104857
-0.133668
-0.402263
-0.378650
-0.103051
0.149452
0.145883
0.034853
0.012244
0.099276
0.183706
0.087050
-0.087914
-0.175154
-0.048003
0.042518
-0.059039
-0.262898
-0.363108
-0.192755
0.053561
0.154161
-0.000983
-0.145029
-0.133798
0.017939
0.122361
0.075780
-0.024715
-0.137967
-0.231069
-0.299454
-0.295355
-0.227032
-0.085184
0.037550
0.077070
0.020991
-0.048139
-0.032884
0.075802
0.180505
0.130289
0.012357
-0.126957
-0.212054
-0.217568
-0.172427
-0.058923
0.067874
0.148787
0.118017
-0.010406
-0.174725
-0.220983
-0.086282
0.105101
0.219102
0.187086
0.043310
-0.060393
-0.043808
0.133657
0.283137
0.278406
0.156934
-0.008703
-0.061447
-0.065148
0.022957
0.099426
0.142153
0.108328
0.031241
0.020160
0.052947
0.102832
0.102452
0.127743
0.133526
0.135940
0.124528
0.091540
0.105236
0.083682
0.042202
0.007694
0.013200
0.136468
0.235809
0.328272
0.281993
0.055751
-0.217689
-0.309707
-0.158040
-0.049977
0.014378
-0.140873
-0.335056
-0.384624
-0.269222
0.040894
0.261936
0.346093
0.177190
-0.093697
-0.305718
-0.370546
-0.259144
-0.076235
0.111006
0.127461
-0.102399
-0.396717
-0.508615
-0.344577
-0.060572
0.222667
0.277633
0.017902
-0.169866
-0.234179
-0.161130
-0.079850
0.004944
0.037952
-0.032254
-0.099956
-0.089090
-0.018962
-0.066960
-0.120650
-0.070740
0.066640
0.078273
-0.059201
-0.148984
-0.108515
0.010065
0.138375
0.224625
0.216773
0.106594
-0.025622
-0.046782
0.007977
0.042277
0.064135
0.079760
0.100931
0.071854
0.010269
0.017638
0.093308
0.189630
0.168886
0.077892
-0.003372
-0.022062
0.004609
0.051572
0.087045
0.058081
0.016809
-0.002448
0.014489
0.029431
0.047489
0.043185
0.058289
0.072034
0.081866
0.050099
0.001719
-0.013461
-0.015664
0.019601
0.065705
0.139843
0.136750
0.071497
-0.017764
-0.037048
0.002016
0.023045
0.052862
0.044522
-0.016104
-0.090582
-0.079822
-0.032389
0.015775
0.058439
0.101077
0.069453
-0.036910
-0.125825
-0.138790
-0.053703
0.067842
0.118412
0.053948
-0.030536
-0.115083
-0.112774
-0.016125
0.043151
-0.001096
-0.080895
-0.095006
-0.055831
-0.046967
0.014819
0.069504
0.078172
0.058996
-0.017827
-0.065777
-0.119240
-0.105738
-0.055160
0.004670
0.050199
0.016089
-0.005334
0.016556
0.049122
0.034579
-0.032854
-0.089381
-0.092113
-0.045433
0.007210
0.050760
0.026831
-0.074963
-0.127295
-0.075794
0.055745
0.127827
0.065673
-0.063531
-0.181474
-0.167291
-0.067140
-0.022567
-0.018934
-0.047576
-0.062573
-0.016833
0.017019
0.037332
-0.043127
-0.117184
-0.098061
0.003156
0.088630
0.065380
0.007257
-0.023850
0.027757
0.009536
-0.012787
0.007499
-0.017492
-0.033217
-0.007133
0.028780
0.007328
-0.042674
-0.022465
0.049187
0.089865
0.041870
-0.009146
0.019055
0.042748
0.055553
0.063601
0.039768
-0.013920
-0.065391
-0.004076
0.121644
0.185137
0.141673
0.057314
-0.027483
-0.104725
-0.093038
-0.037224
0.027495
0.088493
0.116959
0.120583
0.103299
0.051112
-0.017038
-0.062184
-0.056674
-0.028963
0.019182
0.048425
0.051404
0.062834
0.057067
0.016645
-0.042871
-0.049362
-0.042490
0.004777
0.056453
0.067132
0.021502
-0.046478
-0.037106
0.031117
0.119411
0.080108
-0.023403
-0.127374
-0.172612
-0.116758
0.002149
0.111268
0.111836
0.065636
-0.025302
-0.061578
-0.069131
-0.059007
-0.013727
0.001567
-0.005716
-0.040405
-0.044558
-0.018704
0.013297
0.020796
-0.028724
-0.063923
-0.062485
-0.049082
-0.031510
-0.010065
0.008696
-0.029936
-0.066123
-0.063936
-0.020878
0.029533
0.057650
0.072613
-0.000027
-0.106005
-0.161659
-0.114545
0.010529
0.088946
0.087897
0.029556
-0.017468
-0.053241
-0.096793
-0.095575
-0.045634
0.032022
0.100086
0.108328
0.060344
-0.015628
-0.110033
-0.147910
-0.060075
0.063695
0.095925
0.066467
0.060999
0.042995
-0.025875
-0.052802
-0.043316
-0.012185
0.011728
0.021390
0.076810
0.092330
0.047612
-0.014714
-0.014175
0.010384
0.027536
0.071598
0.066384
0.016867
-0.044664
-0.044615
-0.020261
0.037256
0.098960
0.071475
0.032862
-0.028837
-0.047047
-0.008854
0.023384
0.046717
0.036020
0.013511
-0.008589
-0.003525
0.029932
0.027843
-0.013228
-0.049440
-0.067529
-0.065092
-0.006664
0.058191
0.101353
0.094704
0.009165
-0.076636
-0.106251
-0.064866
0.004163
0.069303
0.095927
0.062234
-0.044023
-0.141472
-0.166447
-0.101525
0.027700
0.130775
0.169494
0.088373
-0.066764
-0.157291
-0.104998
-0.020193
0.022042
0.036838
0.038228
0.036601
0.025027
0.020685
-0.047159
-0.099617
-0.093161
-0.053766
0.008861
0.036368
0.051276
0.048266
0.046619
-0.006507
-0.050760
-0.074521
-0.088677
-0.056411
0.024917
0.090028
0.076076
0.042438
-0.019545
-0.089197
-0.154026
-0.087761
-0.059715
-0.045331
0.048544
0.045541
0.009588
0.077007
0.147814
0.077651
0.030390
0.014499
0.014112
-0.006274
-0.023949
-0.001056
0.028662
0.019660
-0.058386
-0.115666
-0.134888
-0.044644
0.067160
0.149900
0.175141
0.086255
-0.047609
-0.142712
-0.104176
-0.021106
0.069217
0.125301
0.074291
-0.042110
-0.113658
-0.081767
-0.026232
0.028079
0.039049
-0.000201
-0.042553
-0.020250
0.053909
0.074504
0.031599
-0.037227
-0.058822
-0.043537
0.015943
0.068990
0.062897
0.029773
0.009417
0.004715
-0.036623
-0.068187
-0.070479
-0.028954
0.029215
0.059685
0.056102
0.008774
-0.019042
-0.017385
-0.018925
