0.000876
0.001415
0.000818
0.000264
-0.000228
-0.000023
0.000362
0.000569
0.000649
-0.000408
-0.000246
-0.001305
0.000602
-0.001036
0.000840
-0.002171
0.001010
-0.003038
0.001552
-0.002127
0.002829
-0.002384
0.001126
-0.002268
0.000682
-0.000723
-0.001675
0.000896
-0.006826
0.000162
-0.011685
0.005361
-0.018181
0.010924
-0.025604
0.003849
-0.063585
0.003510
-0.094997
-0.104468
-0.016528
-0.101606
-0.035702
0.039046
0.171021
-0.014808
0.135220
0.057755
-0.115433
-0.069688
-0.121442
0.008755
0.018083
-0.066189
-0.044069
-0.076335
-0.157656
-0.167523
-0.026964
0.045901
0.046494
0.031580
-0.133402
0.014047
0.236678
0.415675
0.463132
0.307647
0.354898
0.387500
0.471942
0.409944
0.182814
-0.103934
-0.496803
-0.604602
-0.559428
-0.295370
-0.018752
0.171094
0.112146
-0.246794
-0.428229
-0.230830
0.247879
0.556661
0.478405
0.190053
0.004803
0.022503
0.077604
-0.000565
-0.198178
-0.301941
-0.226570
-0.110212
-0.131060
-0.241817
-0.239973
-0.038364
0.210190
0.260726
0.101403
-0.026190
0.012831
0.129455
0.091207
-0.079244
-0.209920
-0.162653
-0.058408
-0.110688
-0.241811
-0.327813
-0.269352
-0.136383
-0.026477
-0.290542
-0.221123
0.055049
0.299047
0.581404
0.370802
0.063290
-0.210078
-0.088831
-0.033426
-0.043444
-0.125880
-0.074813
0.170095
0.072503
-0.133413
-0.240668
-0.025575
0.110336
0.396531
0.329524
0.215676
-0.157046
-0.332298
-0.188715
-0.141608
0.001672
-0.325740
-0.181065
-0.087963
0.119915
0.152423
-0.039950
-0.111332
-0.254222
-0.080629
0.163482
0.375825
0.388232
0.225845
0.301229
0.333811
0.309214
0.235920
0.148224
0.363178
0.333116
0.238850
0.029881
-0.172627
-0.193288
-0.128471
0.075662
0.010694
-0.178534
-0.271280
-0.247797
-0.228863
-0.235739
-0.038790
0.239848
0.403078
0.318745
0.142258
-0.005253
-0.092851
-0.127482
0.004357
0.080759
-0.039256
-0.242399
-0.383848
-0.380917
-0.362053
-0.223541
-0.046112
0.109273
0.116727
-0.050725
-0.140795
-0.098276
-0.096292
0.020849
0.031027
0.116351
0.003795
-0.199109
-0.204339
-0.148481
-0.014067
-0.110403
-0.148928
-0.219438
-0.238364
-0.213265
-0.062865
0.204067
0.291259
0.154137
-0.040767
-0.111811
-0.010023
0.092024
0.169237
0.167085
0.074971
-0.039589
-0.162263
-0.117472
-0.041427
0.056390
0.084395
0.125085
0.126433
0.013899
-0.035487
-0.037274
0.075058
0.153905
0.143576
0.075171
0.042699
0.011467
-0.052798
-0.093423
-0.087048
-0.015712
-0.004898
-0.005675
0.016408
0.130587
0.170342
0.198209
0.193913
0.115054
-0.046400
-0.158766
-0.066337
0.042870
0.181849
0.302602
0.372789
0.266221
0.065107
-0.026405
0.008447
0.020563
-0.108992
-0.260792
-0.208938
0.034288
0.330376
0.460629
0.326117
0.101485
-0.097471
-0.101147
0.048248
0.178039
0.260991
0.143211
-0.085572
-0.374211
-0.712905
-0.790378
-0.496143
0.005841
0.305115
0.289676
0.037146
-0.253473
-0.343293
-0.142873
0.270075
0.531655
0.425671
0.084852
-0.277387
-0.413624
-0.398088
-0.301880
-0.289364
-0.312868
-0.357494
-0.513177
-0.352676
-0.149355
0.134094
0.430547
0.601645
0.454528
-0.033729
-0.352868
-0.283726
0.016194
0.104056
-0.038812
-0.209068
-0.263591
-0.175721
0.060186
0.240641
0.199957
0.025695
-0.016457
0.041796
0.059151
-0.027553
-0.069146
0.022090
0.143385
0.224684
0.173661
0.063089
-0.009569
0.028348
0.130989
0.179084
0.037201
-0.190394
-0.282904
-0.088766
0.221774
0.342305
0.252456
0.020313
-0.114874
-0.067662
0.069704
0.135588
0.026867
-0.110204
-0.145091
-0.056668
0.083426
0.183078
0.179464
0.128037
0.089771
0.064462
-0.012067
-0.036676
0.031401
0.100021
0.114893
0.073170
0.040135
0.073228
0.100440
0.084033
0.043917
-0.059862
-0.101584
-0.098116
-0.048518
0.044744
0.105034
0.098432
0.033818
-0.019232
-0.071434
-0.112844
-0.065044
0.042166
0.178025
0.157268
-0.051478
-0.208142
-0.190016
-0.044423
0.081424
0.102204
0.038681
-0.044958
-0.171731
-0.122919
0.031639
0.068791
0.028848
0.018255
0.055605
0.006282
-0.098334
-0.101752
-0.032530
0.034836
0.068096
0.038452
-0.051714
-0.167825
-0.203309
-0.099130
0.065215
0.065784
-0.032596
-0.061446
-0.072260
-0.077908
-0.038704
0.027064
0.038989
-0.055347
-0.150352
-0.138035
-0.053829
0.009425
0.053542
0.093221
0.065332
-0.008193
-0.066185
-0.053187
-0.017450
-0.025615
-0.061693
-0.101116
-0.079376
-0.013054
0.063825
0.092693
0.040863
-0.100343
-0.200145
-0.144337
-0.003812
0.076160
0.074258
0.023079
-0.002801
0.039830
0.053053
0.055540
-0.005134
-0.055203
-0.049455
0.029686
0.074198
0.019984
-0.065590
-0.075813
0.058255
0.166886
0.163827
0.066429
-0.013874
-0.035686
0.004153
0.077737
0.146374
0.141721
0.065449
0.006535
-0.025863
-0.037329
-0.020589
0.022946
0.070257
0.068851
0.042849
0.049988
0.032690
0.005966
0.004651
0.079756
0.132023
0.055190
-0.060462
-0.130635
-0.074293
0.029480
0.121558
0.112746
0.017771
-0.063289
-0.053252
0.012448
-0.008362
-0.022582
0.013441
0.048337
0.040887
0.016683
-0.002776
-0.006429
-0.016865
-0.049751
-0.094563
-0.144860
-0.114463
0.033358
0.175353
0.164631
0.024376
-0.122480
-0.184187
-0.146877
-0.043781
0.022417
0.053672
0.043077
-0.029840
-0.085743
-0.054626
0.025816
0.016656
-0.044110
-0.090320
-0.066718
-0.031532
-0.016363
0.024285
0.036627
0.007584
-0.053992
-0.063459
-0.060783
-0.050972
-0.010275
0.041797
0.088335
0.016120
-0.066804
-0.087798
-0.027217
0.024871
0.021541
0.023728
0.018148
-0.018812
-0.074380
-0.098531
-0.083373
-0.012771
0.062991
0.173330
0.195393
0.075897
-0.102102
-0.173183
-0.111036
-0.004338
0.098725
0.105658
0.065226
0.017108
-0.013326
-0.012047
0.011103
0.034538
0.024916
0.011270
0.044190
0.043271
0.023961
0.004781
0.017080
0.036949
0.030946
0.016628
-0.018002
-0.034763
-0.047346
-0.022967
0.024735
0.067225
0.050596
0.007442
-0.016819
-0.030620
-0.064041
-0.052171
0.036779
0.049818
0.012817
-0.024741
0.000163
0.058758
0.082430
0.071641
-0.016081
-0.125504
-0.195496
-0.132566
0.030719
0.168941
0.208858
0.119475
-0.015955
-0.154298
-0.195415
-0.112393
0.006308
0.101860
0.084564
0.042164
0.037304
0.044474
-0.006612
-0.128165
-0.169660
-0.140123
-0.000208
0.144329
0.167130
0.084314
-0.035879
-0.113598
-0.135839
-0.057820
0.020999
0.040422
0.046583
0.070164
0.059081
-0.003300
-0.042646
-0.066867
-0.076830
-0.064541
-0.034032
0.044878
0.060564
0.045922
0.016669
-0.016895
-0.036177
-0.064088
-0.038522
-0.008066
0.043476
0.054633
0.055845
0.027025
-0.030580
-0.047244
-0.061378
-0.031735
-0.018771
0.031884
0.062261
0.055976
-0.004504
-0.098707
-0.094341
-0.049219
0.047946
0.099474
0.100092
0.060798
0.011222
-0.013329
-0.077784
-0.116470
-0.087323
0.007664
0.069579
0.067020
0.034039
-0.025727
-0.064340
-0.054857
-0.001398
-0.014310
-0.037171
-0.000225
0.084186
0.152362
0.118544
0.000533
-0.127264
-0.179423
-0.138877
0.000965
0.151270
0.190820
0.087595
-0.070435
-0.169236
-0.129169
-0.005061
0.087336
0.106410
0.067467
0.012795
-0.012788
0.024707
0.057506
-0.000118
-0.094913
-0.118202
-0.024384
0.066774
0.104282
0.081035
0.007012
-0.063171
-0.121864
-0.078496
-0.002566
0.078768
0.096159
0.061329
0.022400
-0.029190
-0.026715
-0.025693
0.004712
-0.010144
-0.009474
