-0.001831
0.000676
0.003312
0.004753
0.005107
0.004910
0.002021
-0.001920
-0.003495
-0.001139
0.003005
0.004632
0.003099
-0.000658
-0.003343
-0.003306
0.001957
0.007211
0.010757
0.006973
0.003504
-0.000833
-0.001266
-0.002895
0.000587
0.004650
0.008235
0.004495
-0.002383
-0.005742
-0.008381
-0.009848
-0.007911
-0.001570
-0.008879
-0.023093
-0.087098
-0.048443
-0.149980
-0.158872
-0.029541
-0.098925
0.034752
-0.004576
0.044959
0.031258
-0.166872
-0.240679
-0.126724
0.197447
0.178573
0.352450
0.390559
0.136899
-0.277080
-0.511649
-0.238956
0.212439
0.557430
0.541157
0.309149
-0.170721
-0.374175
-0.125097
0.403152
0.651635
0.480314
0.135142
-0.204732
-0.325944
-0.242829
0.038777
0.291271
0.316658
0.063579
-0.271778
-0.305946
-0.026494
0.263356
0.242985
-0.088909
-0.312958
-0.327637
-0.142532
0.025132
0.087344
0.069527
0.081849
0.186945
0.200196
-0.030769
-0.330163
-0.333788
0.018118
0.374312
0.307042
-0.084114
-0.449998
-0.431627
-0.197901
0.110271
0.180014
0.066976
-0.169288
-0.277145
-0.277959
-0.379533
-0.138528
-0.053688
-0.004107
-0.043101
-0.009446
0.096160
0.096973
0.145002
0.138377
0.052222
-0.083335
-0.021034
0.128385
0.082142
-0.200641
-0.372092
-0.275072
0.022172
0.233175
0.247114
0.054202
-0.121347
-0.142798
-0.097693
-0.028030
0.023803
0.090892
0.143055
0.170079
0.036550
-0.214333
-0.261943
-0.031102
0.286994
0.336614
0.107836
-0.105167
-0.126303
0.072561
0.259167
0.246024
0.061904
-0.013569
0.139186
0.406626
0.465784
0.277293
0.127921
0.116059
0.251328
0.277184
0.046050
-0.162241
-0.269468
-0.169376
-0.027582
0.011350
-0.057675
-0.137157
-0.059134
-0.021206
-0.072124
-0.247394
-0.233247
0.021523
0.309866
0.456019
0.303272
0.038804
-0.192878
-0.240001
-0.117366
-0.020647
-0.045091
-0.175848
-0.333357
-0.460658
-0.472812
-0.343732
-0.135846
0.039383
0.082564
0.021078
-0.068969
-0.138294
-0.126223
-0.021983
0.081057
0.117564
0.069222
-0.075971
-0.247704
-0.344081
-0.305822
-0.155324
-0.028944
0.008228
-0.037908
-0.112033
-0.118386
-0.024189
0.136287
0.240578
0.229467
0.153969
0.069734
0.043628
0.014734
-0.009482
-0.034417
-0.084576
-0.050898
-0.019500
0.046390
0.100632
0.144060
0.131257
0.032201
-0.031222
-0.076403
-0.026329
0.034571
0.093136
0.098952
0.064862
0.054398
0.094932
0.174421
0.172647
0.082860
-0.015663
-0.066814
-0.062750
0.014438
0.111651
0.136436
0.111236
0.086018
0.075384
0.095819
0.087603
0.077167
0.066969
0.024613
-0.029484
-0.056635
0.001130
0.064769
0.099531
0.124695
0.154463
0.097069
-0.011873
-0.034403
0.009213
0.090220
0.150728
0.187017
0.156413
0.084296
-0.012918
-0.032246
-0.075741
-0.171299
-0.218553
-0.127664
0.090761
0.254639
0.337179
0.193098
-0.019317
-0.240930
-0.443032
-0.527688
-0.448389
-0.226800
-0.022451
0.126045
0.133194
-0.014544
-0.207655
-0.282034
-0.139150
0.042217
0.190834
0.189050
0.113620
-0.020509
-0.186546
-0.271289
-0.396303
-0.243535
-0.149782
-0.184455
-0.243417
-0.225780
-0.070113
0.026524
0.125697
0.095622
0.006934
-0.158463
-0.214591
-0.035479
0.183709
0.242195
0.098885
-0.039219
-0.069243
-0.063676
-0.005752
0.039468
0.067643
0.045207
-0.008870
-0.033813
-0.014595
0.041535
0.110634
0.196440
0.178148
0.078054
-0.055913
-0.059891
0.060685
0.171363
0.139094
0.030540
-0.002482
0.028570
0.081254
0.061262
0.007322
-0.003262
0.042237
0.085493
0.068483
0.000409
-0.024888
0.037580
0.149897
0.188227
0.119467
-0.005494
-0.089736
-0.054197
0.002740
0.043422
0.061040
0.077796
0.086450
0.054854
0.022915
0.030053
0.086468
0.124238
0.122582
0.063333
-0.029264
-0.039439
0.008857
0.051205
0.029243
-0.004998
0.006797
0.025412
0.028470
-0.007073
-0.037722
-0.075766
-0.062466
-0.010750
0.040875
0.077490
0.078826
0.080658
0.028958
-0.057950
-0.143032
-0.159025
-0.091890
-0.019373
-0.008438
-0.018336
-0.020156
-0.023423
-0.013587
0.025438
0.044747
-0.021216
-0.079537
-0.133098
-0.121491
-0.096387
-0.032865
0.068026
0.113239
0.137543
0.058956
-0.050352
-0.182184
-0.254467
-0.201919
-0.079814
0.053472
0.102832
0.091261
0.054818
0.049249
0.006455
-0.083653
-0.090241
-0.101504
-0.099902
-0.068804
-0.038092
0.036322
0.095817
0.104592
0.033720
-0.083099
-0.184818
-0.160005
-0.001870
0.081114
0.058842
0.009107
-0.013304
0.013796
0.000077
-0.008595
-0.034229
-0.061313
-0.045969
0.022470
0.099630
0.072043
0.040699
0.005742
-0.040498
-0.095802
-0.097715
-0.019516
0.060438
0.073837
0.043046
0.028105
0.019296
0.033907
-0.007662
-0.040730
-0.034488
-0.002924
0.076110
0.116057
0.073669
0.021498
0.010391
0.030490
0.026238
0.007655
0.011746
0.042379
0.073262
0.034460
-0.013496
-0.049055
-0.050670
-0.018091
0.019442
0.050589
0.099683
0.149113
0.122265
0.043523
-0.076382
-0.171206
-0.141260
-0.030590
0.060930
0.093473
0.084945
0.049831
0.022647
-0.032923
-0.074981
-0.035303
0.019930
0.014997
-0.018524
-0.040541
-0.054618
-0.003838
0.062964
0.086024
0.000244
-0.079807
-0.074787
-0.061737
-0.056275
-0.056634
-0.029100
0.053799
0.095513
0.076947
0.041628
-0.037289
-0.122711
-0.165107
-0.122742
-0.075997
0.013032
0.124644
0.151700
0.086328
-0.063467
-0.171817
-0.147800
-0.041827
0.013127
0.012150
0.022822
0.014207
0.007661
-0.014712
-0.057485
-0.056005
0.007270
0.065960
0.046060
-0.025192
-0.073844
-0.055135
0.012777
0.075680
0.047135
-0.033959
-0.066819
-0.031372
-0.002401
-0.002689
0.014198
0.057803
0.071854
0.042387
0.015971
0.001346
0.003190
0.018021
