-0.003509
-0.001243
0.001237
0.004718
0.008102
0.008697
0.007141
0.004301
0.000670
-0.000929
-0.000618
-0.000398
-0.002941
-0.006020
-0.008961
-0.012338
-0.012902
-0.007562
-0.003118
-0.001365
-0.004173
-0.008022
-0.011173
-0.008081
-0.003177
0.000554
-0.002421
-0.006045
-0.009111
-0.003247
0.005817
0.008024
0.007760
-0.000748
-0.003484
-0.012341
-0.006572
-0.015508
-0.011941
-0.025205
-0.026037
-0.034728
-0.024074
-0.041063
-0.030198
-0.039193
-0.044746
-0.136792
-0.172257
-0.090140
-0.357844
-0.219897
0.078307
0.194899
0.324294
0.666146
0.871986
0.540672
0.148587
-0.122621
-0.144405
-0.300899
-0.365494
-0.180184
-0.114899
-0.237535
-0.449365
-0.475537
-0.138655
0.359426
0.590330
0.429424
0.114014
-0.090115
-0.001222
0.173422
0.208757
0.113626
-0.078101
-0.225085
-0.381001
-0.452476
-0.226828
0.150693
0.321949
0.080490
-0.232486
-0.176762
0.237230
0.561495
0.442085
-0.038642
-0.488997
-0.428085
-0.073786
0.141887
-0.007500
-0.384297
-0.394719
-0.030419
0.370932
0.445997
0.182491
-0.044045
-0.079287
0.060888
0.123361
0.005266
-0.189893
-0.279198
-0.211936
-0.140640
-0.190564
-0.163043
-0.027729
0.233813
0.257733
0.041751
-0.052317
-0.134184
-0.009099
0.068696
0.079720
-0.137452
-0.332357
-0.388482
-0.114745
0.184566
0.132347
0.036563
-0.066073
-0.226507
-0.392130
-0.055790
0.324481
0.386911
0.055973
-0.055513
0.169536
0.232239
0.236127
0.306089
0.465081
0.474345
0.433785
0.453997
0.273970
-0.101653
-0.471132
-0.660777
-0.737974
-0.677636
-0.274787
0.156114
0.337036
0.180344
0.049381
0.154980
0.278471
0.325354
0.315509
0.399632
0.292954
-0.104627
-0.476207
-0.513789
-0.326060
-0.147457
-0.112102
-0.272493
-0.336832
-0.145153
0.214263
0.432508
0.277743
0.078891
-0.027467
-0.039884
0.037124
0.017240
-0.087531
-0.059636
0.111441
0.215750
0.102617
-0.245258
-0.615021
-0.557542
-0.097851
0.312361
0.342806
0.007852
0.045156
0.124938
-0.023138
-0.162751
-0.400865
-0.513767
-0.354331
-0.063259
-0.135122
-0.333018
-0.020213
0.214183
0.441665
0.272269
-0.068164
-0.297953
-0.177579
0.422109
0.478253
0.128499
-0.052801
0.320218
0.633693
0.556788
0.292829
0.210135
0.185770
0.112803
-0.157844
-0.231733
-0.007438
0.090570
-0.272508
-0.762844
-0.685939
-0.174143
0.375231
0.453364
0.180596
0.039498
0.264296
0.611454
0.486330
-0.053276
-0.339278
-0.137481
0.240150
0.091895
-0.331314
-0.593975
-0.460419
-0.163116
0.025572
0.117328
-0.013083
-0.059508
-0.043298
0.109783
0.081948
-0.028003
0.058028
0.250966
0.279361
-0.161483
-0.579243
-0.662879
-0.336446
0.046358
0.217710
0.195252
0.108545
0.164762
0.394528
0.465665
0.267635
-0.012563
-0.275916
-0.497796
-0.719712
-0.730798
-0.486944
-0.108504
0.211751
0.229624
0.228993
0.014884
-0.077513
0.202013
0.340332
0.315957
-0.165193
-0.301930
-0.224015
-0.067822
0.022023
0.035366
0.117739
-0.147761
-0.078022
0.078360
0.212494
0.042523
-0.184834
0.025874
0.402908
0.655033
0.369953
-0.230302
-0.539742
-0.271321
0.270623
0.521737
0.354039
0.117177
0.091559
0.176154
0.031774
-0.016096
0.131338
0.367127
0.273857
-0.169136
-0.408520
-0.169867
0.334170
0.450328
0.105815
-0.221142
-0.030178
0.400166
0.575073
0.235108
-0.147412
-0.341749
-0.251604
-0.209541
-0.318501
-0.336067
-0.385685
-0.214273
-0.025083
0.204238
0.057714
-0.045991
0.175791
0.301333
0.102335
-0.306339
-0.351120
-0.237473
-0.121120
-0.088261
0.023414
0.040013
0.032999
-0.074772
-0.158181
-0.317522
-0.204327
0.156456
0.079815
-0.076559
-0.333848
-0.307654
-0.208027
0.196010
0.517657
0.388664
-0.102015
-0.564623
-0.437907
-0.086741
0.056120
-0.043380
-0.213040
-0.227316
0.060305
0.211462
0.057726
-0.251654
-0.269238
0.078104
0.444110
0.334728
-0.068993
-0.393696
-0.231180
0.297650
0.620926
0.414630
-0.129236
-0.497090
-0.386034
0.004015
0.163916
-0.027983
-0.280969
-0.177069
0.190365
0.489320
0.389213
0.151137
0.004512
0.146142
0.274837
0.127013
-0.252591
-0.567205
-0.342972
0.193929
0.642494
0.468730
0.009551
-0.347631
-0.161757
0.222418
0.352008
0.138863
-0.139457
-0.086567
0.136285
0.323141
0.186403
0.050433
-0.020437
0.099409
0.152639
0.027465
-0.231025
-0.323647
-0.110902
0.139767
0.295631
0.292726
0.148056
-0.016194
-0.090246
-0.165042
-0.193400
-0.119053
0.025297
0.081292
0.117434
0.114682
0.155704
0.100412
0.049993
0.039719
0.008767
-0.027696
-0.115524
-0.142192
-0.100249
-0.031766
0.029862
0.187251
0.209332
0.050869
-0.172660
-0.218526
-0.182168
-0.129763
-0.097992
-0.119271
-0.105856
-0.080635
0.015956
0.018462
-0.101774
-0.230741
-0.141728
0.019000
0.222312
0.177290
-0.019400
-0.147490
-0.087367
0.033219
0.065241
0.048306
-0.173601
-0.460209
-0.586604
-0.343110
-0.060378
0.101690
0.097454
0.017509
-0.017567
0.142201
0.214654
0.169030
-0.067722
-0.279977
-0.269976
-0.039175
0.251784
0.201660
-0.049007
-0.277814
-0.129279
0.038772
0.196162
0.018861
-0.172876
-0.264549
-0.193726
0.082039
0.031167
-0.085249
-0.158344
0.058521
0.215136
0.295488
0.239760
0.069682
-0.044318
-0.063277
0.050160
0.103468
0.089665
0.054786
0.078246
0.164286
0.256852
0.183051
0.010577
-0.107883
-0.049681
0.062529
0.161113
0.157682
0.086430
0.080162
0.144052
0.157215
-0.024099
-0.176367
-0.173407
-0.055433
0.077919
0.158327
0.181117
0.073996
-0.068738
-0.082513
-0.000287
0.043523
0.001901
-0.018492
0.016335
0.151278
0.197541
0.052085
-0.164116
-0.328486
-0.237980
-0.001774
0.248047
0.306154
0.193704
0.048321
-0.057155
-0.123016
-0.170545
-0.081599
-0.014072
0.016357
0.014162
0.039373
0.049070
-0.013295
-0.116035
-0.131282
-0.032563
0.027308
0.026432
-0.057697
-0.137730
-0.133852
-0.040155
0.047534
0.106370
0.116403
0.035532
-0.099485
-0.201940
-0.199299
-0.090809
-0.006876
-0.009738
-0.064979
-0.105103
-0.015950
0.158732
0.188571
0.051899
-0.131810
-0.269200
-0.187828
-0.011921
0.165129
0.204571
0.057116
-0.097594
-0.123714
-0.008582
0.025095
0.025292
-0.012527
-0.053861
-0.104540
-0.135651
-0.052911
0.064659
0.146807
0.129502
0.094376
-0.007157
-0.094597
-0.126326
-0.096794
0.002147
0.089490
0.117540
0.096994
0.058602
-0.042277
-0.089688
-0.096654
-0.066700
0.010573
0.065425
0.065183
0.010195
-0.026091
0.026398
0.125539
0.179066
0.148532
-0.015048
-0.192561
-0.209250
-0.071343
0.043767
0.140675
0.173223
0.122182
-0.021419
-0.132844
-0.098581
-0.050914
0.004333
0.056759
0.094484
0.072903
0.088871
0.122854
0.129170
0.057413
-0.065585
-0.131368
-0.167672
-0.132477
-0.049318
0.017586
0.056765
0.077337
0.103927
0.058984
-0.035990
-0.093322
-0.069668
0.031506
0.124988
0.156276
0.072126
-0.029221
-0.103427
-0.149917
-0.132609
-0.032043
0.057462
0.093960
0.049419
-0.063490
-0.123113
-0.117480
-0.013790
0.104184
0.182415
0.164003
0.047901
-0.091832
-0.183365
-0.205775
-0.135328
-0.001016
0.055646
0.057570
0.055732
0.070956
0.049517
-0.020189
-0.127177
-0.192376
-0.145375
0.064951
0.271875
0.243797
0.014116
-0.233079
-0.261569
-0.089084
0.083129
0.074733
-0.030533
-0.087835
-0.036692
-0.001259
-0.020598
-0.013666
0.006611
0.032319
0.071755
0.076132
0.064961
0.056977
0.010559
-0.056289
-0.087269
-0.018199
0.041416
0.043299
0.004432
-0.024470
-0.078233
-0.098824
-0.033198
0.059072
0.123880
0.121155
0.065288
-0.008536
-0.017624
0.033286
0.064903
-0.010721
-0.118469
-0.160193
-0.092859
0.020092
0.110763
0.101205
0.019437
-0.023011
-0.042626
-0.012866
0.028389
0.088766
0.132060
0.140467
0.106518
-0.004078
-0.141538
-0.213214
-0.146110
0.002139
0.136970
0.184102
0.153804
0.058863
-0.048816
-0.149418
-0.175670
-0.107349
0.025675
0.150188
0.166356
0.088012
-0.026398
-0.088518
-0.130218
-0.123093
-0.068722
0.047111
0.122770
0.100902
0.041492
-0.025587
-0.067428
-0.107587
-0.083127
-0.029735
0.028831
0.074185
0.084837
0.046423
0.008554
-0.033466
-0.082944
-0.090891
-0.035018
0.032359
0.073986
0.077404
0.005808
-0.079199
-0.124997
-0.055545
0.038285
0.110097
0.128474
0.081270
0.000233
-0.088286
-0.140430
-0.105724
-0.002152
0.082937
0.083934
0.032111
-0.002391
-0.041055
-0.058935
-0.056403
-0.005279
0.037417
0.071688
0.089242
0.070664
0.010959
-0.095480
-0.131048
-0.055611
0.039659
0.087074
0.080898
0.028009
-0.038346
-0.107703
-0.080692
0.004775
0.056822
0.064107
0.040560
0.013909
-0.004436
0.003972
-0.017314
-0.030877
-0.017175
