0.003354
0.000591
-0.001452
-0.001991
-0.000674
0.001987
0.004337
0.003918
0.000875
-0.002985
-0.004560
-0.003837
-0.001566
-0.000198
0.000527
-0.000958
-0.004721
-0.006231
-0.006212
-0.002138
-0.000957
0.002506
-0.000176
-0.001183
-0.007503
-0.004405
-0.004365
0.002099
-0.000259
0.000069
-0.006702
-0.010639
-0.013771
-0.012687
-0.003065
-0.002362
0.007230
-0.004300
0.002390
-0.021460
-0.005949
-0.032079
-0.004289
-0.075747
-0.030597
-0.107848
-0.181505
-0.098019
-0.125981
-0.055460
0.002813
0.148295
0.040780
0.035152
-0.113663
-0.202976
-0.098881
-0.020510
0.197222
0.305460
0.362882
0.182222
-0.107055
-0.311130
-0.238831
0.175373
0.450369
0.493078
0.387629
0.203978
0.007467
-0.088146
0.154705
0.437646
0.445235
0.160258
-0.251525
-0.620498
-0.771045
-0.637940
-0.201693
0.168073
0.160365
-0.055937
-0.134839
0.030297
0.213954
0.339423
0.422299
0.470368
0.354003
0.014498
-0.309026
-0.390962
-0.257125
-0.079332
-0.028823
-0.115125
-0.294142
-0.396376
-0.284690
-0.017841
0.213282
0.274621
0.237680
0.196029
0.124734
-0.007873
-0.120064
-0.096181
0.015102
0.026508
-0.117346
-0.299040
-0.339308
-0.240142
-0.086725
0.021513
0.085500
0.112199
0.131767
0.107887
0.081306
0.022570
0.012566
0.007405
0.007503
-0.037768
-0.471196
-0.494157
-0.407953
-0.389372
-0.102251
0.202985
0.415125
0.384133
0.497720
0.523357
0.230373
-0.206161
-0.406541
-0.187536
0.005809
0.000276
0.083373
0.050039
-0.114609
-0.317488
-0.413700
-0.331511
-0.165323
0.164605
0.377393
0.345424
0.143378
-0.063268
-0.112735
0.046269
0.379765
0.553838
0.471816
0.352985
0.151254
0.011531
-0.104828
0.024523
0.261473
0.274837
0.072646
-0.125977
-0.163429
-0.122300
-0.013190
0.075116
0.065361
-0.037865
-0.106948
-0.143404
-0.091201
0.018611
0.224899
0.394486
0.352866
0.070177
-0.327584
-0.569507
-0.501476
-0.202321
0.079616
0.136448
0.046115
-0.069803
-0.130480
-0.157777
-0.114512
0.007242
0.178579
0.251207
0.164602
-0.085221
-0.405544
-0.410210
-0.362033
-0.297807
-0.165423
-0.091622
-0.211981
-0.237622
-0.026750
0.125495
0.148308
0.079502
0.060693
0.009177
-0.144933
-0.179101
0.086301
0.388025
0.377375
0.122818
-0.098997
-0.272902
-0.338695
-0.270296
-0.086204
0.084194
0.140491
0.146988
0.143876
0.079787
-0.031233
-0.076608
-0.017431
0.098229
0.089329
-0.040791
-0.127838
-0.105367
0.028412
0.132928
0.190440
0.271888
0.293637
0.214436
0.020206
-0.164466
-0.175906
0.025497
0.270832
0.364454
0.294658
0.162848
0.059226
0.061366
0.152338
0.138780
0.020492
0.011463
0.146625
0.224783
0.139877
-0.038248
-0.080542
0.012124
0.063361
0.055911
0.000787
-0.099094
-0.210579
-0.262252
-0.220827
-0.125632
-0.013258
0.141598
0.258329
0.217890
0.035534
-0.128102
-0.192223
-0.126669
0.000757
0.083242
0.062871
-0.038709
-0.198906
-0.318367
-0.322208
-0.198289
-0.020370
0.014528
-0.099069
-0.248447
-0.294654
-0.281429
-0.221804
-0.111600
0.016548
0.086593
0.058589
-0.045081
-0.131511
-0.190460
-0.185311
-0.052116
0.048183
0.068450
0.024824
0.048503
0.082421
0.063652
0.011750
-0.044551
-0.049494
-0.096882
-0.114902
-0.047798
0.076631
0.142823
0.110527
0.046941
-0.014201
0.011040
0.107343
0.157206
0.108510
-0.002041
-0.077638
-0.044051
0.081222
0.170374
0.180225
0.121558
0.037773
-0.007797
-0.023639
-0.018185
0.008926
0.114258
0.173952
0.125224
0.022324
-0.031639
-0.044476
-0.010853
0.052652
0.091112
0.089382
0.029063
0.017125
0.035117
0.083451
0.116530
0.126945
0.107032
0.044418
-0.046957
-0.088530
-0.026836
0.057118
0.104449
0.089827
0.045652
0.004740
0.016408
0.057297
0.080167
0.023898
-0.077730
-0.122205
-0.069726
0.079833
0.241710
0.306810
0.214488
0.003056
-0.200731
-0.286536
-0.225494
-0.063915
0.104307
0.179033
0.107027
-0.043620
-0.223140
-0.270625
-0.191127
-0.101762
-0.001532
-0.010318
-0.025001
-0.095570
-0.163347
-0.113299
-0.010923
0.068275
0.023062
-0.032623
-0.086658
-0.105697
-0.101656
-0.094108
-0.038470
-0.050538
-0.087836
-0.076450
-0.103571
-0.117119
-0.096173
-0.056939
-0.010791
-0.031547
-0.051401
-0.033040
0.020235
0.084729
0.090114
0.025565
-0.100146
-0.163191
-0.139943
-0.058107
0.037983
0.030914
-0.003523
-0.014205
-0.028340
0.013070
0.042034
0.108675
0.129098
0.066065
0.001677
-0.082136
-0.074905
-0.018838
0.085717
0.177222
0.167990
0.068233
-0.048657
-0.081144
-0.019897
0.053932
0.089016
0.088802
0.079650
0.069525
0.045476
0.045244
0.079396
0.110523
0.064145
-0.002644
-0.042950
-0.062850
-0.041733
0.041506
0.104169
0.082100
0.022222
0.016588
0.074354
0.089986
0.048608
-0.010876
-0.018185
0.002386
0.043817
0.048898
0.050744
0.054232
0.064491
0.075139
0.048026
0.007613
-0.048328
-0.050761
-0.028402
-0.004918
0.005121
