-0.003518
-0.004309
-0.003865
-0.004422
-0.003953
-0.004499
-0.002833
-0.002698
-0.001573
-0.002510
-0.002006
-0.001938
-0.002271
-0.001694
-0.002953
-0.001133
-0.004508
-0.000784
-0.004393
0.001838
-0.004583
0.002602
-0.006383
0.001903
-0.007692
0.001877
-0.006529
0.001057
-0.005287
0.000009
-0.006917
-0.010815
-0.005303
-0.030911
-0.028490
-0.106108
-0.037792
-0.249351
-0.179629
-0.180571
-0.238803
-0.082481
0.040146
0.250479
0.208769
0.268086
0.183235
0.033183
-0.119416
-0.115739
0.021006
0.099444
0.142130
0.176210
0.154607
0.107317
0.126202
0.213561
0.294217
0.210494
0.079843
-0.092626
-0.175476
-0.078869
0.065397
0.134668
0.002037
-0.202908
-0.356990
-0.366542
-0.191787
0.032353
0.217255
0.260565
0.191420
0.092559
0.011524
0.020149
0.076447
0.108639
0.059868
-0.067107
-0.163627
-0.196005
-0.174328
-0.140479
-0.112519
-0.049580
0.042396
0.078823
0.041419
-0.057002
-0.061585
0.016140
0.138768
0.127964
0.003614
-0.213648
-0.266371
-0.191680
-0.230501
-0.121544
-0.191508
-0.157054
-0.043104
0.159634
0.334410
0.235192
0.077024
-0.078580
-0.104032
-0.189880
-0.220076
-0.062794
0.133575
0.167043
-0.023776
-0.208324
-0.211232
-0.061607
0.106665
0.170318
0.121119
-0.004034
-0.071067
-0.029561
0.063063
0.123548
0.159925
0.200791
0.219595
0.157956
0.070334
0.083234
0.174336
0.244153
0.168824
0.029491
-0.014099
0.060630
0.167050
0.149477
0.025070
-0.066317
-0.089315
-0.045534
-0.018338
-0.003703
-0.014272
-0.034678
-0.010074
0.025996
0.092616
0.115652
0.116474
0.080259
0.006499
-0.073931
-0.146213
-0.158281
-0.157405
-0.159573
-0.147981
-0.092900
-0.046043
-0.045355
-0.077998
-0.079019
-0.019690
0.034655
0.024891
-0.038776
-0.097652
-0.097291
-0.091636
-0.117231
-0.181551
-0.245273
-0.216751
-0.109770
0.019095
0.038990
-0.031316
-0.083629
-0.045033
0.038210
0.080631
0.081058
0.037632
0.016973
0.015837
0.004351
-0.049987
-0.139190
-0.143753
-0.041082
0.092563
0.133997
0.067576
-0.036799
-0.088474
-0.054775
0.044994
0.107680
0.074732
-0.001483
-0.029373
0.053469
0.122587
0.142135
0.093097
0.047031
0.034166
0.045330
0.061836
0.050264
0.031422
0.058974
0.137576
0.176308
0.155689
0.080184
0.042456
0.056667
0.113946
0.116453
0.085281
0.089606
0.090762
0.140338
0.132494
0.084179
0.055748
0.080145
0.148741
0.137186
0.075441
-0.053487
-0.118739
-0.117893
-0.180995
-0.235672
-0.248657
-0.189822
-0.088169
0.029918
0.090846
0.079270
-0.011936
-0.112562
-0.139511
-0.046728
0.078214
0.113602
0.051747
-0.097725
-0.200531
-0.251554
-0.201331
-0.152415
-0.107504
-0.179278
-0.185967
-0.176246
-0.251113
-0.121283
-0.030414
0.045618
0.008895
0.002856
-0.005956
-0.044892
-0.008735
0.012844
-0.005025
-0.125724
-0.138311
-0.017466
0.113582
0.058314
-0.101497
-0.162252
-0.076037
0.057981
0.141608
0.132703
0.057433
0.010966
0.003133
0.056071
0.063979
0.045742
0.092625
0.165699
0.162098
0.049498
-0.050588
-0.019290
0.093630
0.133586
0.054176
-0.031747
-0.022980
0.059146
0.130705
0.123003
0.074209
0.026184
0.045518
0.061886
0.030411
-0.017805
-0.039112
0.003233
0.046140
0.058986
0.026547
0.034796
0.071753
0.109539
0.083872
0.012000
-0.016083
0.025688
0.096200
0.095281
0.063279
0.017817
-0.010373
-0.034907
-0.043112
-0.027668
-0.012283
0.012551
0.052432
0.064671
-0.004955
-0.060988
-0.047408
0.008167
0.029993
0.024882
0.043274
0.050602
0.033084
-0.000837
-0.050363
-0.099046
-0.097200
-0.014228
0.084791
0.094804
0.014460
-0.088763
-0.141577
-0.148097
-0.117558
-0.042760
0.031911
0.069999
0.030512
-0.028781
-0.076810
-0.110919
-0.118065
-0.084209
-0.004762
0.045048
0.038887
-0.025050
-0.061394
-0.042927
-0.010926
0.044107
0.079391
0.015032
-0.073729
-0.095240
-0.060883
-0.034933
-0.080525
-0.170659
-0.230055
-0.203077
-0.093771
0.005665
0.008059
-0.021278
-0.035764
-0.025457
-0.039435
-0.059841
-0.064247
-0.052282
-0.012267
0.025523
0.038761
0.012564
-0.001871
0.030502
0.059271
0.042369
0.003104
0.000356
0.036167
0.048690
0.014953
-0.030468
-0.033850
0.016848
0.086668
0.125714
0.109657
0.052043
0.015458
0.008143
0.003985
-0.006942
0.003363
0.057826
0.125570
0.148131
0.092610
0.021384
-0.008056
0.010659
0.036735
0.028235
-0.012899
-0.039713
-0.015413
0.050208
0.104873
0.107618
0.076125
0.038757
0.003598
-0.040508
-0.065198
-0.034410
0.023637
0.059521
0.078862
0.091214
0.080222
0.040254
-0.003354
-0.052471
-0.080963
-0.055230
0.020387
0.067975
0.056021
0.022603
