-0.001040
-0.002047
-0.002391
-0.002515
-0.001692
-0.002159
-0.002422
-0.002537
-0.002806
-0.003364
-0.003456
-0.003036
-0.003122
-0.002530
-0.002086
-0.000295
-0.000997
-0.000153
-0.001486
0.000674
-0.002422
-0.001528
-0.005269
-0.002858
-0.006381
-0.003804
-0.004358
-0.001416
-0.001564
-0.000728
-0.003413
-0.006095
-0.006011
-0.019619
-0.026348
-0.066206
-0.030497
-0.161353
-0.147550
-0.102072
-0.195370
-0.118446
-0.022314
0.102977
0.066924
0.096924
0.141900
0.078017
-0.010979
-0.057736
0.054189
0.100941
0.075542
0.089354
0.126978
0.117502
0.051983
0.070145
0.138021
0.162611
0.135079
0.107300
0.095657
0.044309
-0.000471
-0.008164
0.044712
0.054477
-0.031151
-0.132536
-0.200097
-0.229424
-0.239270
-0.167509
-0.018211
0.151308
0.229023
0.192492
0.109207
0.022643
-0.019072
-0.012315
0.034788
0.067821
0.034132
-0.054738
-0.145167
-0.201139
-0.194210
-0.147520
-0.045729
0.034563
0.062591
0.000214
-0.056768
-0.068422
-0.002629
0.051639
0.060861
0.027302
-0.097902
-0.170305
-0.275767
-0.220102
-0.183780
-0.069956
0.076951
0.142210
0.158719
0.062188
0.010455
-0.081188
-0.117474
-0.095278
-0.010672
0.067681
0.061670
0.001865
-0.063518
-0.109513
-0.116200
-0.068992
0.010745
0.066386
0.077001
0.068817
0.062621
0.065369
0.091313
0.116367
0.137176
0.131058
0.127328
0.121457
0.115477
0.150889
0.157104
0.157863
0.121702
0.089670
0.064446
0.035660
0.002708
-0.015449
-0.006382
-0.010142
-0.023170
-0.042590
-0.042527
-0.021004
-0.003554
-0.001952
0.018005
0.058935
0.116145
0.148919
0.141906
0.064857
-0.084149
-0.218561
-0.259749
-0.215333
-0.145573
-0.086965
-0.039459
-0.027101
-0.061209
-0.100922
-0.099418
-0.045878
0.017125
0.067737
0.057190
-0.018783
-0.126172
-0.197352
-0.176797
-0.102442
-0.043277
-0.038073
-0.086400
-0.137961
-0.153834
-0.119821
-0.034313
0.033969
0.083282
0.103759
0.091204
0.046468
-0.022509
-0.061611
-0.050250
-0.005105
0.030671
0.017095
-0.018643
-0.043252
-0.030549
0.019585
0.047881
0.048749
0.020887
0.024188
0.046155
0.072070
0.091918
0.071133
0.043140
0.033966
0.046073
0.059374
0.061704
0.073831
0.089590
0.070535
0.033527
-0.009837
0.003441
0.048859
0.112045
0.167966
0.152643
0.095660
0.044874
0.036607
0.082675
0.132901
0.134931
0.111891
0.075576
0.055111
0.060897
0.086798
0.122447
0.114234
0.026260
-0.115705
-0.240742
-0.294525
-0.280805
-0.171889
-0.033680
0.066710
0.057098
-0.009631
-0.051774
-0.075313
-0.022642
0.056328
0.128534
0.128679
0.021617
-0.138220
-0.263947
-0.290982
-0.253543
-0.192277
-0.153942
-0.148471
-0.139853
-0.117130
-0.086127
-0.033855
0.056894
0.071278
0.064567
0.070334
-0.008948
-0.129227
-0.204369
-0.147978
-0.040113
0.055043
0.098263
0.081506
-0.000995
-0.125131
-0.178968
-0.111017
0.015360
0.091764
0.107118
0.087081
0.060099
0.040648
0.042275
0.054716
0.070896
0.069845
0.059411
0.056658
0.042892
0.018801
0.020425
0.061073
0.092585
0.097303
0.073253
0.048576
0.047470
0.062084
0.043841
0.002631
-0.003264
0.033828
0.072895
0.080507
0.052979
0.011323
-0.000958
0.014097
0.018227
0.018789
0.014210
0.010349
0.044425
0.062720
0.064902
0.043640
0.027581
0.025830
0.017951
-0.001946
-0.019017
0.018447
0.085511
0.128398
0.100236
0.024787
-0.069589
-0.118293
-0.099610
-0.058644
-0.008749
0.034206
0.059302
0.080253
0.079692
0.052137
0.012860
-0.032499
-0.051532
-0.064638
-0.052716
-0.026170
-0.002883
0.050302
0.064082
-0.006337
-0.108325
-0.140454
-0.112106
-0.059270
-0.010524
0.013109
-0.001506
-0.041366
-0.053670
-0.035773
-0.001686
-0.002429
-0.014544
-0.013550
-0.010022
-0.017584
-0.008880
-0.002998
-0.016791
-0.036375
-0.072469
-0.103592
-0.162993
-0.182012
-0.143226
-0.086329
-0.012998
0.016819
0.010238
-0.037678
-0.075299
-0.066088
-0.028698
0.003696
0.002163
0.002111
0.003214
0.006927
-0.008676
-0.033472
-0.042145
-0.044097
-0.019679
0.005484
0.020802
0.009515
-0.002035
0.027372
0.054884
0.057877
0.028310
0.017320
0.035288
0.053075
0.064003
0.061012
0.046491
