0.000311
0.000359
0.000735
0.000943
0.000636
0.000797
0.000999
0.001083
0.001125
0.000405
0.000367
0.000331
0.000234
0.001128
0.001179
0.001212
0.000864
0.000802
0.000626
0.000591
0.000232
0.000701
0.001155
0.000578
-0.000200
-0.000966
0.000321
-0.000733
0.001055
-0.000880
0.001002
-0.002246
-0.000019
-0.003345
0.001046
-0.002171
0.000921
-0.002885
-0.000522
-0.002735
-0.001619
-0.000486
-0.003188
0.000625
-0.008163
0.001577
-0.011805
0.004519
-0.018586
0.005070
-0.027387
-0.001943
-0.087319
-0.039736
-0.099567
-0.178609
-0.118352
-0.128151
-0.017808
-0.147263
0.068995
0.126291
0.010497
-0.090895
0.009075
0.214311
0.097583
0.080397
0.081915
0.140043
-0.032478
-0.205212
0.003004
0.298026
0.466298
0.304928
0.051419
-0.159095
-0.171799
0.066078
0.307895
0.352442
0.115602
-0.185979
-0.353529
-0.288424
-0.121485
0.161479
0.336173
0.239114
-0.181523
-0.610386
-0.540711
-0.000169
0.527885
0.497842
0.111510
-0.182498
-0.118989
0.080893
0.096199
-0.040012
-0.144971
-0.036930
0.099346
0.038566
-0.223235
-0.410176
-0.228210
0.159236
0.356758
0.142998
-0.226208
-0.322284
-0.078693
0.211050
0.227896
0.016339
-0.187248
-0.200106
-0.151162
-0.297001
-0.355283
-0.241639
-0.117615
0.080538
0.215871
0.299401
0.221299
0.091935
0.053745
-0.039969
-0.166655
-0.248621
-0.022190
0.249678
0.233022
-0.072547
-0.330316
-0.284493
-0.113339
0.139415
0.173088
0.060122
-0.062190
-0.119532
-0.099995
-0.049590
0.105548
0.171349
0.258018
0.217399
0.040554
-0.151118
-0.116683
0.113648
0.164596
0.056591
-0.103147
0.033098
0.278684
0.409683
0.305302
0.073063
0.016381
0.118236
0.338352
0.280030
0.109218
-0.022167
-0.022885
0.023953
-0.112753
-0.259664
-0.324321
-0.133855
0.053911
0.124066
-0.006734
-0.161029
-0.156940
-0.049860
0.141282
0.266759
0.342735
0.232694
-0.024397
-0.249220
-0.322397
-0.220897
-0.024447
0.058676
-0.091615
-0.369197
-0.460727
-0.289039
-0.010524
0.104238
0.094689
0.070415
-0.069338
-0.135659
-0.178476
-0.216445
-0.162520
0.083017
0.149186
-0.006785
-0.110071
-0.111993
-0.069289
-0.136323
-0.191438
-0.177210
-0.112807
-0.086399
0.036916
0.263564
0.345774
0.232722
0.026376
-0.055858
-0.075413
-0.039636
0.055415
0.052237
-0.031039
-0.184403
-0.161552
-0.032274
0.156773
0.267980
0.128305
-0.056177
-0.140429
-0.065547
0.085734
0.231185
0.240320
0.117692
-0.035762
-0.060873
0.070693
0.178782
0.106102
-0.024031
-0.053824
0.023018
0.107956
0.060834
-0.034566
-0.029513
0.064284
0.162511
0.138350
0.053337
-0.007440
-0.005211
0.100059
0.115857
0.034633
-0.071415
-0.050742
0.092178
0.210745
0.172053
0.007026
-0.062049
-0.006810
0.128295
0.286330
0.406565
0.312663
0.091241
-0.157029
-0.421540
-0.536675
-0.501781
-0.246060
0.090502
0.260306
0.241677
0.066816
-0.170469
-0.392200
-0.394934
-0.132603
0.192223
0.328592
0.189079
-0.110477
-0.362510
-0.415898
-0.239704
0.043610
0.215121
0.200172
0.012036
-0.177150
-0.286527
-0.223082
-0.044259
0.081529
0.048214
-0.136428
-0.296910
-0.342313
-0.227774
-0.051949
0.095422
0.116691
0.021764
-0.082736
-0.134200
-0.075881
0.071040
0.193149
0.222267
0.118081
-0.051600
-0.144220
-0.112176
0.025101
0.147999
0.151423
0.055384
-0.037759
-0.071209
-0.024561
0.058892
0.107957
0.110853
0.076184
0.012992
-0.000083
0.029852
0.091254
0.139570
0.119598
0.061735
-0.018126
-0.041210
-0.037710
-0.003435
0.052850
0.087378
0.099632
0.061671
0.010580
-0.028851
-0.019578
0.028714
0.043638
0.029900
-0.000831
-0.016336
0.040133
0.079876
0.084557
0.057512
0.020003
0.013020
-0.003351
-0.013198
-0.017456
0.022623
0.054203
0.084161
0.066123
0.015617
-0.012114
-0.007176
0.020645
0.045639
0.081230
0.035093
0.002013
-0.023087
-0.023066
-0.016312
-0.018938
0.013227
0.026506
0.027497
0.003994
0.005358
0.025901
-0.005179
-0.087988
-0.145212
-0.117475
-0.016501
0.113294
0.172679
0.139293
0.022231
-0.135954
-0.205778
-0.216856
-0.135569
-0.008184
0.096435
0.136877
0.047986
0.002311
0.012043
0.057513
0.034722
-0.090026
-0.169799
-0.170496
-0.061644
0.045409
0.103894
0.111690
0.034236
-0.058297
-0.155354
-0.186487
-0.104321
0.043129
0.150718
0.106629
-0.012216
-0.113775
-0.095836
-0.015434
0.024605
0.002056
-0.051422
-0.028077
-0.022703
-0.048382
-0.057082
-0.044751
0.027316
0.085630
0.090796
0.015146
-0.073752
-0.100550
-0.073580
-0.017289
0.022138
0.049548
0.032725
0.000181
-0.009014
-0.050338
-0.064458
-0.016741
0.021133
0.019675
0.000162
-0.003030
-0.030845
0.002573
0.079735
0.123814
0.080346
-0.017306
-0.094962
-0.108730
-0.030308
0.057622
0.153462
0.141009
0.036400
-0.056313
-0.063688
-0.011637
0.076432
0.145373
0.114745
0.026104
-0.060662
-0.084225
-0.016702
0.088439
0.110648
0.035224
-0.057810
-0.079230
-0.023348
0.043244
0.051621
0.039620
0.025415
0.018157
0.003069
0.012992
0.016529
0.021371
0.045508
0.009594
-0.071349
-0.143527
-0.124158
-0.003863
0.115798
0.122789
0.042491
-0.015924
-0.027630
-0.014481
-0.006059
-0.029607
-0.034889
-0.054688
-0.014336
0.026051
0.033519
0.039899
0.011981
-0.034320
-0.119128
-0.113543
-0.057415
0.001987
0.050466
0.049504
0.000062
-0.050940
-0.056640
-0.015926
0.021026
-0.015417
-0.065172
