0.000190
0.000475
0.001270
0.001861
0.002018
0.001481
0.000137
-0.001136
-0.001549
-0.001491
-0.001098
-0.000678
0.000625
0.000645
0.000906
-0.000420
-0.000328
-0.001665
-0.000388
-0.000900
0.001499
0.000095
0.001593
-0.000075
-0.000131
-0.002405
-0.002391
-0.001907
-0.002543
-0.000164
-0.002529
0.003472
-0.002848
0.003761
-0.007049
0.002506
-0.008827
0.006833
-0.013846
0.004710
-0.016175
-0.012073
-0.064179
-0.051769
-0.054443
-0.212472
-0.025114
-0.041874
-0.012483
0.124433
0.234658
0.206130
0.050371
-0.067420
-0.209690
-0.241876
-0.164980
-0.045311
0.094294
0.158416
-0.015996
-0.205670
-0.469898
-0.382623
-0.070098
0.248340
0.407096
0.457571
0.430336
0.168582
-0.077740
-0.239734
-0.181919
-0.039799
0.363569
0.713789
0.718249
0.338834
-0.206648
-0.447893
-0.426941
-0.184735
0.170151
0.494001
0.471677
0.075054
-0.378660
-0.566695
-0.245580
0.305824
0.593458
0.341389
-0.193228
-0.518540
-0.413077
-0.056728
0.185773
0.172214
0.045370
0.004574
0.041084
-0.012302
-0.224043
-0.355884
-0.170654
0.213584
0.404745
0.173284
-0.250188
-0.490497
-0.366410
0.019485
0.230086
0.172589
-0.132998
-0.307192
-0.286895
-0.175491
-0.008006
0.014773
-0.043469
-0.154610
-0.022565
0.006435
-0.037430
-0.020240
0.082481
0.143830
-0.007418
-0.163433
-0.212170
-0.137333
-0.117338
0.023565
0.238435
0.300046
0.112264
-0.145603
-0.255545
-0.194786
0.021303
0.218597
0.239835
0.094960
-0.121672
-0.187232
-0.059861
0.056095
0.078749
0.050025
0.079323
0.102750
0.044105
-0.045247
-0.104229
0.016496
0.194980
0.238942
0.132302
-0.070098
-0.169075
-0.143713
0.022297
0.142505
0.114746
0.038883
-0.038519
-0.014046
0.038534
0.108410
0.170365
0.195706
0.170573
0.063576
-0.045807
-0.092051
-0.038361
0.117432
0.268291
0.320594
0.234436
0.033853
-0.180342
-0.255948
-0.139420
0.046098
0.149674
0.179121
0.134501
0.061546
0.008275
-0.030111
-0.070960
-0.107193
-0.074210
-0.035043
-0.021946
-0.109497
-0.177455
-0.142649
-0.049088
0.042309
0.064221
0.034143
-0.042513
-0.075396
-0.084875
-0.056281
-0.044197
-0.057130
-0.074929
-0.116949
-0.137271
-0.164395
-0.170917
-0.175963
-0.157088
-0.118355
-0.077096
-0.031151
-0.012851
-0.016026
-0.007339
0.017004
0.046064
0.034026
-0.024958
-0.086230
-0.086638
-0.021103
-0.030163
-0.071617
-0.101989
-0.086598
-0.025869
0.012625
0.015821
-0.016653
-0.056675
-0.060598
0.018413
0.098277
0.117981
0.076751
0.037307
0.017714
0.013385
0.027231
0.023659
0.040610
0.080004
0.106967
0.079352
-0.010278
-0.072423
-0.032206
0.074097
0.155977
0.141338
0.039305
-0.053326
-0.043253
0.048835
0.102290
0.070215
0.010896
0.012329
0.063607
0.084099
0.038084
-0.025772
-0.005549
0.069372
0.124503
0.088162
-0.005674
-0.059604
-0.019146
0.068398
0.111216
0.078788
-0.025620
-0.058022
-0.010632
0.040649
0.053122
0.027201
0.011900
0.014641
0.013329
0.001898
-0.013006
-0.002919
0.045569
0.055519
0.046625
0.006285
-0.031840
-0.013627
0.008841
0.016066
-0.003097
-0.024791
-0.018729
0.003652
0.015918
-0.025641
-0.056028
-0.035588
0.003489
0.004373
-0.016928
-0.000760
0.017791
0.031547
-0.007744
-0.071196
-0.127742
-0.105953
-0.008854
0.084832
0.101835
0.032690
-0.067890
-0.136376
-0.139146
-0.078234
0.022746
0.071990
0.063183
0.004783
-0.072516
-0.117862
-0.101828
-0.039591
0.022566
0.057214
0.033616
-0.033297
-0.080037
-0.073963
-0.000419
0.052417
0.043362
-0.041316
-0.126293
-0.139775
-0.063001
0.061564
0.106244
0.054824
-0.032575
-0.100871
-0.099004
-0.060805
-0.029333
0.014703
0.031779
0.043079
0.006259
-0.030752
-0.025702
-0.009117
0.006885
0.013679
-0.022070
-0.083615
-0.073823
0.005141
0.087674
0.095721
0.069051
0.002923
-0.058714
-0.056756
-0.023828
0.040720
0.068656
0.073060
0.059952
0.022366
