-0.002585
0.000501
0.001772
0.001136
-0.001539
-0.003915
-0.004446
-0.001044
0.002714
0.005589
0.004496
0.001338
-0.004105
-0.006771
-0.006447
-0.003901
-0.002067
-0.004035
-0.006738
-0.011821
-0.012149
-0.011272
-0.002341
0.001115
0.008087
0.003367
0.004263
-0.005348
-0.002865
-0.004460
0.004381
0.004924
0.005763
-0.005006
-0.011520
-0.019580
-0.030370
-0.056710
-0.103480
-0.042382
-0.268003
-0.205908
-0.057876
-0.126092
0.051780
0.272007
0.426220
0.199693
0.000727
-0.174353
-0.331713
-0.367600
-0.224623
0.190158
0.400878
0.284292
-0.049316
-0.297873
-0.375071
-0.062028
0.421026
0.783547
0.850358
0.509904
0.058563
-0.360633
-0.439170
-0.306391
0.004224
0.389167
0.388188
0.022470
-0.304725
-0.366858
-0.212884
-0.023968
0.096936
0.174804
0.142116
0.003346
-0.111345
-0.146675
-0.084867
0.091083
0.272485
0.281333
0.046233
-0.220769
-0.307572
-0.171289
0.018912
0.083122
0.049559
0.007175
-0.016940
-0.084547
-0.159222
-0.192315
-0.073353
0.073625
0.100120
0.032287
-0.116338
-0.185439
-0.105074
0.022213
0.040062
-0.057225
-0.163534
-0.177609
-0.117863
-0.071707
-0.067952
-0.089979
-0.043986
0.033419
0.035294
0.013110
-0.013881
0.067038
0.189078
0.152768
0.049110
-0.041790
-0.049037
-0.010293
0.043303
0.068408
0.024666
-0.102010
-0.230132
-0.167498
-0.060721
0.065988
0.116900
0.083638
0.075019
-0.017655
-0.046630
-0.089244
-0.038567
0.136911
0.160204
0.053540
-0.133105
-0.212709
-0.218150
-0.129611
0.043348
0.156341
0.114383
-0.031067
-0.042829
-0.009175
0.025091
0.017622
0.059864
0.146896
0.158340
0.096211
-0.020705
-0.016868
0.044259
0.165534
0.224403
0.236422
0.169255
0.011298
-0.036128
0.019474
0.123421
0.136930
0.160116
0.161743
0.112952
0.013455
-0.028553
0.020207
0.030147
0.010672
-0.018912
-0.028101
-0.073538
-0.112117
-0.096728
-0.024035
0.043765
0.063408
0.052161
0.009347
-0.029699
-0.012792
0.068792
0.142453
0.114386
-0.033416
-0.198504
-0.302367
-0.307279
-0.234885
-0.133164
-0.056728
-0.039163
-0.065854
-0.092635
-0.102656
-0.100162
-0.074199
-0.032223
0.049765
0.089012
0.032049
-0.048332
-0.113046
-0.123242
-0.097539
-0.070709
-0.064747
-0.087264
-0.111061
-0.127234
-0.125341
-0.101695
-0.076843
-0.064398
-0.048436
-0.027227
0.017606
0.063794
0.088253
0.080864
0.052615
0.025220
0.013663
0.005029
0.030000
0.035035
0.011079
-0.002645
-0.032009
-0.042849
-0.019204
0.037017
0.058615
0.064748
0.031379
0.038905
0.048518
0.010377
0.015514
0.102058
0.151652
0.110210
0.066080
0.006725
-0.013414
-0.007477
0.029308
0.049415
0.060212
0.031885
0.047972
0.083039
0.059723
0.040446
0.030254
0.062201
0.059437
0.079467
0.081662
0.059928
0.033626
0.034499
0.033146
0.009456
0.008364
0.014444
0.055855
0.067666
0.062851
0.058508
0.038021
0.034196
0.064306
0.059762
0.030384
-0.015098
-0.020512
0.012385
0.058725
0.116303
0.148582
0.143304
0.090337
0.043669
-0.050365
-0.138142
-0.179743
-0.160409
-0.069985
0.009024
-0.010538
-0.083093
-0.095740
-0.083959
-0.034206
0.037721
0.077200
0.054616
-0.020508
-0.111711
-0.145651
-0.156253
-0.112436
-0.094428
-0.070439
-0.120566
-0.284800
-0.242077
-0.211554
-0.113116
0.073158
0.193793
0.182023
0.019046
-0.105565
-0.169460
-0.153719
-0.135697
-0.036319
0.102127
0.111787
0.002004
-0.168448
-0.251696
-0.232210
-0.083238
0.103591
0.171601
0.097655
-0.043285
-0.102675
-0.063576
0.049048
0.133442
0.186120
0.158017
0.028769
-0.114460
-0.161162
-0.097538
0.016922
0.127751
0.150068
0.111654
0.030610
-0.035465
-0.061812
-0.026418
0.031358
0.087034
0.146963
0.139043
0.064691
-0.001655
-0.035605
-0.002621
0.074902
0.101740
0.070380
0.036769
0.012772
0.004223
0.044504
0.075453
0.063874
0.031523
0.002735
0.009839
0.058497
0.077417
0.068567
0.063297
0.051579
0.045957
0.036035
0.025649
0.000915
-0.003578
0.032915
0.070948
0.065900
-0.031038
-0.080429
-0.068312
-0.015021
0.068516
0.108168
0.114365
0.071353
0.023832
-0.044653
-0.077116
-0.064292
-0.020292
0.062392
0.105603
0.051690
-0.050560
-0.116713
-0.116436
-0.070218
0.015185
0.057523
0.035974
0.019267
-0.013554
-0.014209
-0.017996
-0.041932
-0.075661
-0.095363
-0.105981
-0.082779
0.012503
0.087638
0.118950
0.080847
-0.008159
-0.105335
-0.166034
-0.137448
-0.070773
0.016131
0.037528
0.020246
-0.023641
-0.064929
-0.057014
-0.026196
-0.017436
-0.079041
-0.121087
-0.142346
-0.099346
-0.039056
0.044145
0.058566
0.027898
0.003527
-0.062366
-0.072195
-0.073273
-0.046993
-0.016741
0.012701
-0.010550
-0.020040
-0.000086
-0.026947
-0.009580
0.019078
0.034742
0.012780
-0.023792
