0.002182
0.001295
-0.000906
-0.002770
-0.003176
-0.001971
0.000564
0.002890
0.003057
0.001053
-0.001267
-0.000599
0.001476
0.003088
0.002482
-0.001414
-0.004556
-0.007143
-0.005384
-0.003597
0.000939
0.000809
0.000148
-0.006022
-0.006191
-0.006272
-0.000152
0.001199
0.002651
0.000389
-0.001255
-0.001461
-0.001142
0.006388
0.004070
0.008469
-0.003378
0.005289
-0.005918
0.010224
-0.007457
0.007668
-0.018171
-0.007442
-0.084095
-0.069892
-0.085713
-0.201032
-0.138462
-0.131783
-0.019482
-0.112891
0.043315
0.113031
0.023815
-0.122799
-0.091784
0.265935
0.292402
0.228959
0.145425
0.170075
-0.070550
-0.359798
-0.247561
0.255127
0.702797
0.639005
0.216416
-0.217784
-0.306376
-0.009626
0.317811
0.332952
0.142339
-0.156466
-0.369769
-0.492032
-0.451124
-0.205152
0.109058
0.257045
0.068243
-0.171997
-0.112607
0.333958
0.638845
0.376761
-0.178316
-0.414438
-0.113559
0.273499
0.230563
-0.203064
-0.530613
-0.389082
0.016720
0.226654
0.040794
-0.212858
-0.177363
0.139430
0.309334
0.100169
-0.207347
-0.364857
-0.192723
0.068854
0.038853
-0.206487
-0.161049
0.164159
0.374969
0.185922
-0.227595
-0.420982
-0.332205
-0.090779
0.125616
0.271114
0.217171
0.038797
-0.175346
-0.334779
-0.236844
-0.002027
0.263972
0.289131
0.056391
-0.243480
-0.344145
-0.099364
0.226253
0.437982
0.327757
0.095818
-0.098050
-0.168020
-0.010863
0.256282
0.431401
0.314913
0.097570
-0.070310
-0.066574
0.059766
0.093612
0.048216
-0.031110
-0.021159
0.050660
0.098391
0.096563
0.061302
0.010360
-0.021942
0.002021
-0.007380
-0.035564
-0.030413
0.025305
0.052378
-0.033286
-0.150682
-0.204920
-0.140368
-0.024894
0.041551
-0.000582
-0.109693
-0.135866
-0.043338
0.085314
0.115547
0.039972
-0.070037
-0.139246
-0.101575
-0.028531
-0.014332
-0.084064
-0.186644
-0.286170
-0.306830
-0.218371
-0.046343
0.120890
0.143201
-0.002891
-0.177066
-0.174323
0.002567
0.231651
0.293166
0.115639
-0.101419
-0.155737
-0.056762
0.020778
-0.036907
-0.168765
-0.205130
-0.082730
0.074398
0.105999
0.037175
-0.003449
0.084167
0.172312
0.113088
-0.047013
-0.106613
-0.008190
0.129114
0.191658
0.100459
-0.006885
-0.005070
0.109393
0.157352
0.080204
-0.062326
-0.083000
0.060168
0.203704
0.241500
0.137016
0.044297
0.065336
0.162278
0.133020
0.010881
-0.068621
-0.043345
0.037386
0.071878
0.065672
0.048261
0.087468
0.181343
0.213441
0.135231
-0.034783
-0.171778
-0.238014
-0.266023
-0.264835
-0.210066
0.022495
0.175499
0.177776
0.060707
-0.046056
-0.067047
-0.120093
-0.149050
-0.133027
-0.032992
0.030973
-0.003381
-0.119110
-0.247315
-0.262573
-0.148892
-0.095254
-0.066584
-0.107376
-0.165306
-0.133762
-0.056866
0.061090
0.060398
0.033832
-0.022408
-0.055332
-0.075296
-0.057913
0.015586
0.039643
-0.040223
-0.176535
-0.162054
-0.058605
0.040860
0.057985
0.016789
0.001289
0.039135
0.094771
0.103720
0.074653
0.022886
0.016079
0.051906
0.039011
-0.021005
-0.050172
0.013039
0.124979
0.155145
0.061977
-0.006217
0.027381
0.114824
0.136349
0.047771
-0.028260
-0.088629
-0.053063
0.012687
0.059305
0.081467
0.067139
0.068006
0.072180
0.092188
0.066658
0.038275
0.017563
-0.026453
-0.070246
-0.062407
0.039598
0.194404
0.253737
0.168585
-0.015384
-0.136230
-0.115933
-0.025227
0.058261
0.057266
0.030526
0.001878
0.036352
0.080640
0.063605
-0.011483
-0.061621
-0.070997
-0.092189
-0.077398
-0.049125
0.024269
0.096059
0.118025
0.085485
0.009295
-0.048879
-0.080956
-0.108783
-0.115601
-0.070755
-0.017007
0.055192
0.079032
0.040333
-0.009841
-0.060555
-0.076719
-0.066651
-0.043114
-0.021772
-0.005788
-0.001801
-0.006871
-0.015428
-0.013541
-0.027867
-0.010408
-0.038496
-0.051284
-0.009572
-0.021779
-0.026434
-0.049775
-0.023003
