-0.002635
-0.003366
-0.000855
-0.002206
0.002943
-0.001564
0.003214
-0.005525
0.002467
-0.009880
0.001389
-0.011208
0.000431
-0.025182
-0.041086
-0.037195
-0.078355
-0.132893
-0.069886
-0.064465
-0.120248
0.032631
0.049238
0.054526
-0.006803
0.038321
-0.058982
-0.058892
-0.000314
-0.000671
0.109052
0.090952
0.195628
0.144458
0.110097
0.163993
0.275152
0.229725
0.088774
0.085633
0.065852
0.042419
-0.029872
-0.068149
-0.118451
-0.190144
-0.209111
-0.176845
-0.105947
-0.025925
0.080968
0.131577
0.069853
-0.006996
0.014568
0.114618
0.186868
0.153844
0.054805
-0.041296
-0.091943
-0.120445
-0.144609
-0.131987
-0.064101
0.014396
0.027381
-0.038835
-0.104500
-0.076345
0.026912
0.132923
0.134815
0.054408
-0.055301
-0.079977
-0.073973
-0.045771
-0.082216
-0.068992
-0.111876
-0.172703
-0.124878
-0.244766
-0.146793
-0.020573
0.122553
0.195363
0.171821
0.183687
0.047041
-0.008267
-0.095868
-0.068874
-0.029186
-0.021423
0.092124
0.047881
-0.033144
-0.197641
-0.195922
-0.072708
0.017433
0.109997
0.077454
0.081725
-0.034067
-0.049035
0.000362
-0.005901
0.011697
-0.014872
0.022068
0.038258
0.077165
0.162664
0.217480
0.215438
0.161464
0.106956
0.092515
0.122773
0.246373
0.300310
0.210299
0.047788
-0.142697
-0.213662
-0.206986
-0.113828
-0.036236
-0.038384
-0.069528
-0.084027
-0.059951
-0.011368
0.064032
0.154358
0.203947
0.148783
-0.023309
-0.135582
-0.114991
-0.036910
0.039821
0.037447
-0.029982
-0.146608
-0.247976
-0.268612
-0.167966
-0.020544
0.119963
0.126389
0.015561
-0.220662
-0.250864
-0.196484
-0.063882
0.114441
0.024617
-0.069201
-0.144877
-0.052971
-0.049391
-0.092996
-0.103981
-0.063596
-0.004753
-0.068560
-0.048903
0.056772
0.111469
0.091639
0.072893
0.046550
0.011688
0.016099
0.023732
-0.005981
-0.047409
-0.102911
-0.070907
0.005860
0.079484
0.094532
0.047101
-0.003177
-0.043977
-0.032037
-0.021787
-0.042543
-0.022556
-0.004707
0.030748
0.128764
0.227961
0.275042
0.177119
0.038977
-0.045444
-0.043517
-0.031832
-0.022363
0.064329
0.210254
0.324114
0.333055
0.224104
0.073676
0.036398
0.085846
0.185643
0.221846
0.135522
-0.028768
-0.142519
-0.165761
-0.144111
-0.141723
-0.151017
-0.052412
0.016134
-0.008910
-0.100794
-0.150202
-0.110961
-0.028307
0.089703
0.165291
0.170895
0.071251
-0.098037
-0.228588
-0.275132
-0.197547
-0.029445
0.099705
0.055527
-0.115276
-0.258624
-0.281698
-0.176402
-0.050520
0.012493
-0.021151
-0.098612
-0.174037
-0.147316
-0.181774
-0.171627
-0.092760
-0.094402
-0.060700
-0.008517
0.144440
0.169554
0.073645
-0.039599
-0.091487
-0.098052
-0.118168
-0.029285
0.076777
0.121936
0.033145
-0.048512
-0.075462
-0.072591
-0.000244
0.093941
0.167277
0.140055
0.040887
-0.040674
-0.054118
0.025843
0.145979
0.189767
0.137233
0.037102
-0.031493
-0.015402
0.047633
0.086604
0.065680
-0.000419
-0.025512
0.019185
0.070298
0.072821
0.048256
0.066550
0.094250
0.072428
-0.009408
-0.048649
-0.019306
0.062437
0.131254
0.111389
0.019288
-0.055206
-0.029647
0.055069
0.114463
0.094347
0.051563
0.019777
0.020194
0.027728
0.018521
0.014788
0.037670
0.078137
0.111082
0.086351
0.030998
0.011709
0.041266
0.071666
0.069421
0.023135
-0.054028
-0.086629
-0.109909
-0.113086
-0.094485
-0.070902
-0.034600
0.003796
-0.015253
-0.080620
-0.137519
-0.138744
-0.040535
0.052640
0.063180
-0.005729
-0.092333
-0.138744
-0.118412
-0.064706
-0.020205
-0.016208
-0.051997
-0.100392
-0.115806
-0.080328
-0.013885
0.022252
0.034290
0.020887
-0.035257
-0.050378
-0.116529
-0.142579
-0.129197
-0.095732
-0.056940
-0.069171
-0.071720
-0.099516
-0.057600
0.011601
0.084195
0.094096
0.047479
0.016481
-0.003189
-0.009635
-0.051600
-0.052044
-0.003858
0.064430
0.128173
0.125258
0.058438
-0.008058
-0.018626
0.020225
0.049530
0.040387
0.017340
0.017066
0.038514
0.065988
0.078528
0.061766
0.034286
0.023540
0.023393
0.014055
-0.001748
0.005007
0.037846
0.053212
0.052250
