-0.000562
-0.000029
0.000821
0.001305
0.000370
-0.001449
-0.003122
-0.002998
-0.002213
-0.000685
-0.001850
-0.002016
-0.003419
-0.002914
-0.002911
-0.000233
0.000232
0.000542
-0.001658
-0.002983
-0.002834
-0.002450
0.000618
-0.001617
0.000760
-0.004622
-0.000683
-0.004554
0.006089
0.000560
0.008585
-0.003232
0.002212
-0.008677
-0.001446
-0.010951
-0.006795
-0.016097
-0.018625
-0.052158
-0.091017
-0.009017
-0.198118
-0.089047
-0.020525
-0.040907
0.037781
0.107094
0.225777
0.034223
-0.110000
-0.183162
-0.129683
-0.132282
-0.101376
0.111518
0.181429
0.134875
0.021364
0.061379
0.238698
0.454206
0.569233
0.453768
0.219547
-0.038290
-0.113585
-0.125279
-0.197862
-0.347556
-0.537506
-0.577582
-0.418030
-0.179126
0.116117
0.392023
0.518110
0.363347
0.026996
-0.084417
0.172300
0.507454
0.453391
0.001939
-0.437485
-0.537239
-0.321752
-0.115615
-0.110368
-0.201554
-0.168373
0.031750
0.189299
0.139269
0.008360
0.036398
0.262633
0.414425
0.244234
-0.138631
-0.388258
-0.313950
-0.097391
-0.014531
-0.113704
-0.204407
-0.156347
-0.028357
0.050105
0.067213
0.095526
0.171970
0.207348
0.131306
-0.030611
-0.126548
-0.094192
0.001502
0.019938
-0.076576
-0.176557
-0.154136
-0.041888
0.038156
0.051548
0.024926
0.080203
0.079080
0.115160
-0.026948
-0.211418
-0.139527
-0.094407
-0.164964
-0.146694
-0.017091
0.038905
0.133613
0.292489
0.397166
0.188943
-0.105527
-0.219651
-0.156201
-0.155888
-0.273231
-0.044599
0.138209
0.049003
-0.058884
-0.149850
-0.174425
-0.090977
0.159601
0.368906
0.313336
0.055934
-0.119073
-0.061886
0.066724
0.143876
0.277722
0.300947
0.266601
0.165046
0.091495
0.099066
0.175581
0.328134
0.173018
-0.035692
-0.184341
-0.199061
-0.137257
-0.177674
-0.204633
-0.239323
-0.181630
-0.103499
0.002968
0.040136
-0.017376
0.032148
0.144544
0.240753
0.189001
0.032531
-0.076891
-0.087549
-0.037083
-0.045768
-0.125377
-0.201834
-0.225971
-0.176503
-0.122043
-0.050809
0.014380
0.072012
0.084709
0.041882
-0.016226
-0.034697
0.015200
0.077396
0.040142
-0.090051
-0.192558
-0.188388
-0.085241
-0.059475
-0.082156
-0.350822
-0.275197
-0.128789
-0.142041
-0.014840
-0.014640
0.109249
0.124638
0.224038
0.168089
0.001945
-0.142208
-0.126386
0.169607
0.311157
0.213799
-0.023897
-0.159261
-0.128099
-0.016598
0.005506
-0.009871
-0.065407
-0.135888
-0.152931
-0.046050
0.052091
0.151732
0.186148
0.201370
0.093623
-0.157105
-0.190032
-0.052305
0.196308
0.231042
0.143412
0.080329
0.027128
0.102153
0.152336
0.205452
0.157874
0.072789
0.064357
0.037519
0.110156
0.177215
0.265806
0.294318
0.195577
0.045801
-0.069643
-0.098819
-0.118025
-0.115073
-0.156598
-0.196033
-0.196909
-0.124345
-0.017877
0.027166
0.026283
0.052480
0.098779
0.117992
0.089351
0.065886
0.070871
0.061342
-0.016570
-0.164107
-0.301731
-0.335424
-0.255547
-0.126627
-0.046977
-0.077870
-0.112760
-0.141094
-0.097672
-0.103754
0.038420
0.050613
-0.087715
-0.100736
-0.248850
-0.274757
-0.141047
0.221357
0.384887
0.161282
-0.162021
-0.344280
-0.286923
-0.218578
-0.047084
0.223863
0.372774
0.200510
-0.161524
-0.350726
-0.277965
0.011010
0.268647
0.335258
0.172642
-0.157147
-0.253097
-0.141137
0.100425
0.239820
0.230085
0.183866
0.029221
-0.054081
-0.068105
0.049486
0.175977
0.210183
0.088341
-0.077389
-0.121784
-0.054411
0.040752
0.054374
0.071135
0.140891
0.185762
0.091162
-0.035319
-0.124952
-0.006478
0.148345
0.202601
0.076611
-0.115095
-0.121318
0.028406
0.240723
0.222133
0.092973
-0.001014
0.025409
0.106595
0.136191
0.136930
0.119453
0.170215
0.201067
0.130911
0.050036
0.005453
-0.051058
-0.149011
-0.290617
-0.461981
-0.523932
-0.264978
0.189988
0.466216
0.371316
0.038374
-0.248834
-0.415280
-0.443921
-0.232051
0.144358
0.430308
0.363017
-0.003413
-0.395416
-0.521590
-0.272824
0.099497
0.330289
0.207592
-0.128600
-0.386618
-0.434576
-0.208325
0.086016
0.310979
0.309853
0.111165
-0.184233
-0.383291
-0.275295
0.000850
0.220765
0.113097
-0.075893
-0.297340
-0.327816
-0.167216
-0.111782
-0.008693
0.132879
0.301641
0.203291
-0.087550
-0.297009
-0.251469
-0.019001
0.224068
0.340428
0.258985
0.078797
-0.109078
-0.106592
-0.011594
0.049815
0.066568
0.096325
0.130511
0.103402
0.019173
-0.040735
0.003363
0.072338
0.108561
0.088732
0.012872
-0.049277
-0.048835
-0.007055
0.072525
0.111075
0.061874
-0.012632
-0.044194
0.011869
0.061168
0.045070
0.027244
0.022757
0.020703
0.034624
0.073692
0.084270
0.070920
0.048468
0.007883
0.003381
0.008477
0.010002
0.022984
0.043622
0.061152
0.051510
0.046954
0.015714
0.001099
-0.015606
-0.039953
-0.013173
0.008702
-0.005788
-0.018895
0.028634
0.073106
0.110060
0.078526
-0.024681
-0.117028
-0.149080
-0.112033
-0.013884
0.021630
-0.003835
-0.019296
-0.014261
0.075671
0.103116
0.059751
-0.058411
-0.142207
-0.149877
-0.092432
-0.015580
0.020991
0.079143
0.084253
0.068661
-0.024628
-0.108079
-0.191205
-0.168473
-0.029245
0.076108
0.082031
-0.051298
-0.081688
-0.007900
0.082685
0.067695
-0.008990
-0.102099
-0.164068
-0.107498
0.002733
0.062409
0.057099
-0.014004
-0.098490
-0.095104
-0.105160
-0.097892
-0.017097
0.090087
0.091954
0.066302
0.022887
-0.045373
-0.067341
-0.060897
0.041340
0.105216
0.067734
-0.041138
-0.102730
-0.067231
-0.030486
0.011462
0.025142
0.001279
-0.017259
-0.003735
0.025306
0.010843
-0.013683
0.010584
0.076379
0.106621
0.052570
-0.020024
-0.063571
-0.038772
0.026898
0.062008
0.058646
0.034053
0.005283
-0.048011
-0.069823
-0.023363
0.063159
0.138879
0.111937
0.047630
-0.018423
-0.065199
-0.001095
0.084778
0.124997
0.105393
0.048679
-0.030293
-0.098279
-0.094018
-0.067996
0.019606
0.080436
0.060676
0.017768
-0.014720
0.007171
0.031250
0.044365
0.007738
-0.018368
-0.011408
-0.024844
-0.021097
0.002189
0.030813
0.007417
0.001625
-0.014387
-0.044909
-0.036414
-0.049807
-0.035462
-0.009837
0.044399
0.093208
0.082262
0.022406
-0.062645
-0.101003
-0.103192
