-0.000002
0.000246
0.000178
0.000015
0.000359
0.001372
0.001913
0.000422
-0.002310
-0.003852
-0.002976
-0.000864
0.000074
0.000639
-0.000258
-0.000610
-0.001708
-0.001001
-0.000087
0.002054
0.001595
0.000371
-0.003432
-0.003327
-0.001411
0.001341
0.002695
0.002309
0.004326
0.001674
0.003358
-0.002471
0.001267
-0.006354
-0.001234
-0.011740
-0.004835
-0.014220
-0.002855
-0.012899
-0.002960
-0.009059
-0.001959
-0.001992
0.001791
0.000760
-0.007401
0.008294
-0.030882
-0.032358
-0.151882
0.027493
-0.242174
-0.191715
0.053749
-0.060044
0.013219
0.144788
0.301629
0.016932
-0.104122
-0.145789
-0.099171
-0.110357
-0.099589
-0.078269
-0.092645
-0.148775
-0.217382
-0.290801
0.020231
0.587230
0.752664
0.661155
0.512971
0.525518
0.343642
0.185583
0.081721
-0.038190
-0.287118
-0.526783
-0.633692
-0.676448
-0.494566
-0.168598
0.082480
0.153161
0.158169
0.345258
0.559183
0.545987
0.343620
0.077221
0.018918
0.015339
-0.037885
-0.290284
-0.462216
-0.555436
-0.452184
-0.277556
-0.034256
0.275377
0.217774
0.057145
0.000464
0.186347
0.306734
0.170929
-0.006547
-0.161293
-0.600508
-0.710700
-0.275178
0.155529
0.164572
0.084767
0.312531
0.496112
0.400401
0.110420
0.103912
-0.045097
-0.393106
-0.509820
-0.347560
-0.126387
-0.300360
-0.411195
-0.252439
0.163200
0.298937
0.227150
0.153709
0.209023
0.468856
0.483643
0.346113
-0.197591
-0.546159
-0.455737
-0.137442
-0.038330
0.029453
0.217773
0.569157
0.722481
0.507079
0.182991
0.089651
0.071291
-0.244970
-0.534749
-0.554787
-0.205962
-0.064645
-0.014527
-0.164498
-0.318485
-0.252080
0.067028
0.373040
0.469887
0.361567
0.247082
0.226853
0.102553
-0.057453
-0.145374
-0.102777
-0.133140
-0.364908
-0.618836
-0.675161
-0.500192
0.089918
0.691812
0.804819
0.352820
-0.136986
-0.287872
-0.102464
0.113740
-0.068503
-0.411210
-0.663701
-0.500487
-0.070751
0.138811
0.087087
-0.017713
0.100351
0.289157
0.373699
0.300280
0.183159
0.154532
0.182909
0.192210
-0.014503
-0.296662
-0.412404
-0.478244
-0.458241
-0.389943
-0.196502
0.048503
0.150510
0.236660
0.242083
0.229411
0.190344
0.135300
0.050298
0.024224
0.124661
0.161469
0.129590
0.182513
0.337953
0.479238
0.325003
0.092407
-0.050918
0.046456
0.293488
0.259335
-0.024866
-0.327779
-0.400712
-0.351211
-0.190256
-0.135501
0.034245
0.159435
0.121616
0.032432
-0.074986
-0.167565
-0.163486
0.115279
0.341802
0.297684
-0.116286
-0.489384
-0.501205
-0.197100
0.189468
0.376696
0.243317
-0.035106
-0.187091
-0.202325
-0.192415
-0.151236
-0.147227
-0.196145
-0.194216
-0.156565
-0.071190
0.163806
0.358125
0.189173
-0.103138
-0.156353
-0.042914
-0.079998
-0.290670
-0.405129
-0.313286
-0.226242
-0.198434
-0.140776
-0.069111
0.026325
0.089480
0.115704
0.087041
0.151085
0.349077
0.471285
0.264024
-0.100482
-0.241543
-0.052815
0.168372
0.132129
-0.069146
-0.319385
-0.475942
-0.295736
0.222652
0.486584
0.353733
0.003274
-0.097897
0.055470
0.234633
0.191869
-0.036530
-0.166017
-0.126996
0.174885
0.390376
0.357749
-0.007962
-0.155636
-0.062422
0.177309
0.180592
0.019240
-0.139396
-0.261257
0.000115
0.342052
0.505451
0.342816
0.099382
-0.204804
-0.347706
-0.179427
0.093671
0.304412
0.384873
0.374272
0.268235
-0.045417
-0.197888
-0.150966
0.053351
0.189001
0.078534
-0.124089
-0.229320
-0.070518
0.089777
0.217371
0.176721
0.053586
-0.080406
-0.131216
-0.051675
0.009498
-0.011975
-0.149781
-0.288371
-0.350171
-0.287815
-0.203260
-0.148079
-0.100485
-0.015347
0.087145
0.118091
0.004944
-0.046013
-0.007113
0.011102
-0.142870
-0.337013
-0.243473
-0.093232
0.199146
0.230515
0.105470
-0.129728
-0.247486
-0.181443
-0.124652
-0.049792
-0.058789
-0.006364
-0.079117
-0.084992
-0.052126
-0.000822
-0.087582
-0.110945
-0.158973
-0.054929
-0.113109
-0.245368
-0.315861
-0.249879
-0.070509
0.077137
0.271379
0.239492
0.155089
0.053569
0.112836
0.000233
-0.129645
-0.219626
-0.058280
0.170257
0.430793
0.519449
0.358365
0.018252
-0.253178
-0.194238
0.062419
0.284437
0.083285
-0.211393
-0.269118
0.015631
0.318812
0.447249
0.324350
0.033153
-0.185208
-0.207810
-0.120434
-0.054405
0.056328
0.256976
0.308618
0.109987
-0.119091
-0.106890
0.010561
0.068499
0.035712
-0.053625
-0.077451
0.034542
0.193782
0.267980
0.169776
0.001969
-0.074717
-0.074365
-0.024669
-0.019932
-0.040991
-0.032544
0.086884
0.158349
0.155280
0.108522
-0.004917
-0.125735
-0.078067
0.109952
0.145900
0.025694
-0.150248
-0.107882
-0.006584
0.096347
0.152110
0.140671
-0.076039
-0.285708
-0.266888
-0.119193
0.020310
0.038165
0.162509
0.145776
0.060869
-0.117952
-0.207256
-0.212721
-0.128566
-0.016988
0.036999
0.053299
-0.019741
-0.067481
-0.042610
0.063924
0.038195
-0.126375
-0.244675
-0.070964
0.143579
0.150056
-0.043679
-0.160028
-0.124632
0.025465
0.130446
0.029427
-0.053918
-0.023314
0.000720
-0.133620
-0.273133
-0.175125
0.049649
0.109583
-0.051648
-0.226845
-0.129240
0.084148
0.113213
-0.118860
-0.157909
0.007401
0.017539
-0.059456
-0.138662
-0.055189
0.065138
0.168877
0.072474
-0.129158
-0.178466
-0.077572
0.059149
0.047807
-0.006149
-0.074186
-0.056052
0.031926
0.076969
0.117938
0.124501
0.031413
-0.075423
-0.050559
0.031819
0.037892
0.029653
0.088608
0.168285
0.080489
-0.103388
-0.122470
-0.026010
0.065479
0.121216
0.098682
0.036352
0.039004
0.056792
-0.051693
-0.111731
-0.016544
0.161555
0.217414
0.091109
-0.052240
-0.139622
-0.061989
0.072854
0.204472
0.196356
0.060676
-0.041849
-0.086707
-0.114305
-0.111619
-0.040211
0.098697
0.212901
0.219314
0.071955
-0.105288
-0.179017
-0.123195
0.010558
0.055973
0.091656
0.075481
0.046461
-0.038411
-0.135995
-0.122477
-0.041288
0.111261
0.182075
0.095375
-0.060167
-0.158404
-0.092736
0.017906
0.071886
0.058822
-0.023948
-0.070332
-0.054552
0.009543
0.055659
0.060707
-0.019186
-0.167124
-0.226363
-0.093523
0.109815
0.176494
0.097284
-0.047558
-0.139824
-0.075960
0.011523
0.028061
-0.015219
-0.047247
-0.033575
0.034809
0.158213
0.129176
-0.014735
-0.158543
-0.157785
-0.069503
0.005333
0.071848
0.091132
0.085576
0.063137
0.036531
-0.093918
-0.189951
-0.109534
0.055551
0.127841
0.034722
-0.058152
-0.054415
0.010303
0.055531
0.013347
0.004844
0.080302
0.110747
0.023693
-0.072437
-0.105043
-0.093944
0.019006
0.066141
0.083764
0.101017
0.048934
-0.078800
-0.179977
-0.147287
-0.057199
0.057148
0.177063
0.232389
0.149482
-0.028167
-0.154466
-0.154752
-0.096213
0.058365
0.165737
0.175983
0.122678
0.038826
-0.065957
-0.166005
-0.177974
-0.070166
0.099458
0.171729
0.107952
-0.000614
-0.025678
0.008578
-0.008472
-0.070066
-0.065745
-0.005142
0.064718
0.093057
0.068356
-0.009012
-0.086304
-0.106829
-0.091577
-0.050702
-0.004880
0.055719
0.115930
0.121436
0.069206
-0.041157
-0.117591
-0.078030
-0.003990
0.046105
0.045328
-0.001703
-0.067270
-0.098169
-0.064795
0.014067
0.094012
0.094728
0.041849
-0.020930
-0.052409
-0.019556
0.005726
-0.020316
-0.103904
-0.113453
0.021208
0.167142
0.147263
-0.061019
-0.203959
-0.193569
-0.042271
0.107431
0.124314
0.094069
-0.014164
-0.072331
-0.081338
-0.023202
0.009803
0.005360
0.042579
0.055566
0.036891
-0.078074
-0.115007
-0.066088
0.038489
0.107207
0.078358
-0.042752
-0.155504
-0.118122
0.003240
0.069698
0.054356
0.044321
0.061748
0.088576
0.068904
-0.017540
-0.109345
-0.130365
-0.090119
0.008367
0.117936
0.140395
0.021969
-0.129426
-0.160902
-0.059109
0.099035
0.162922
0.081210
-0.059397
-0.108962
-0.015036
0.073429
0.052381
-0.029088
-0.045355
0.002917
0.006567
-0.046252
-0.053512
0.000471
0.073420
0.077574
0.025644
-0.065479
-0.070285
0.044543
0.135106
0.071672
-0.078174
-0.122737
-0.029586
0.065361
0.056214
0.034711
-0.016678
-0.021209
-0.025617
0.015843
0.014278
-0.039553
-0.088872
-0.092447
0.005530
0.078420
0.126455
0.059066
-0.044512
-0.094913
-0.066529
0.013842
0.079621
0.061861
-0.000052
-0.014284
-0.039466
-0.039918
-0.025368
-0.027494
-0.027652
-0.025893
-0.000106
0.030898
0.051840
0.025375
0.000177
-0.004379
-0.007146
0.001477
-0.019887
0.018193
0.091653
0.100320
0.008889
-0.092714
-0.106275
-0.053630
0.023795
0.052667
0.030684
-0.008338
-0.028699
-0.065304
-0.053150
-0.008323
0.034420
0.043530
0.041064
0.066557
0.064063
0.034151
-0.059866
-0.078649
-0.039319
0.016388
0.081480
0.051722
-0.006291
-0.058798
-0.080379
-0.076879
-0.063838
-0.037523
-0.070406
-0.124090
-0.116981
-0.067597
-0.012967
0.085730
0.211365
0.225105
0.160191
0.067321
-0.027035
-0.088750
-0.099893
-0.051043
0.016468
0.060287
0.027382
-0.014782
-0.058507
-0.034568
0.025620
0.009906
0.028249
0.050589
0.001321
-0.058457
-0.056896
0.015146
0.043683
0.032203
-0.017996
-0.067139
-0.067599
-0.028127
0.013805
0.034396
0.082834
0.039870
-0.029260
-0.063214
-0.012888
0.060398
0.048606
-0.009988
