-0.002260
-0.001097
-0.001165
-0.000317
0.000247
0.000672
-0.001459
-0.002192
-0.003425
-0.002505
-0.002370
-0.000148
0.001636
0.003133
0.003110
0.000259
-0.001731
-0.006580
-0.004693
-0.006979
-0.000970
-0.004231
0.002894
-0.004795
0.000696
-0.007771
-0.000041
-0.007368
-0.000974
0.000634
0.004462
-0.008841
-0.010099
-0.015532
-0.041882
-0.094882
-0.186910
-0.064880
-0.392006
-0.290647
-0.014019
-0.066112
0.121365
0.312570
0.559261
0.168504
-0.280022
-0.399293
-0.272493
-0.243172
-0.012170
0.599763
0.879622
0.705843
0.168305
-0.089751
-0.169154
-0.103133
0.100616
0.268062
0.182895
-0.156654
-0.533076
-0.710414
-0.513378
-0.165236
0.179667
0.308488
0.258710
0.053538
-0.065897
0.037981
0.307841
0.523152
0.320062
-0.020973
-0.172314
-0.150679
-0.194047
-0.364951
-0.385288
-0.209033
-0.006644
0.039450
-0.076117
-0.147974
-0.051764
0.180344
0.370822
0.336821
0.114127
-0.114419
-0.159233
-0.057050
-0.004448
-0.100707
-0.237307
-0.228204
-0.117108
-0.058709
-0.086817
-0.069762
0.059492
0.194768
0.196600
0.094400
0.004258
0.010430
0.048631
0.044953
-0.031141
-0.112351
-0.137701
-0.109516
-0.051331
-0.065183
-0.086279
-0.067982
0.038879
0.113838
0.133573
0.064704
0.075176
0.050334
0.134019
0.020974
-0.119138
-0.057919
-0.231005
-0.056375
-0.165330
-0.343393
-0.331663
-0.264247
-0.218763
-0.105569
0.261103
0.325567
0.242925
0.056052
-0.039763
-0.105318
-0.214881
0.033396
0.492648
0.790383
0.538213
-0.055155
-0.396953
-0.396507
0.038246
0.471966
0.625357
0.513386
0.193143
-0.022919
-0.097810
-0.000221
0.123739
0.077922
-0.059818
-0.301953
-0.568216
-0.571620
-0.227060
0.238627
0.355261
0.108711
-0.174186
-0.171464
0.067958
0.247157
0.269097
0.109631
-0.022777
-0.028352
-0.049479
-0.163198
-0.298111
-0.229460
-0.051365
0.061554
-0.029637
-0.248779
-0.314720
-0.202304
0.135891
0.272371
0.178844
-0.025363
-0.174685
-0.154645
0.027065
0.099786
-0.021152
-0.091210
-0.306099
-0.376748
-0.314310
-0.072666
0.132852
0.252068
0.282888
0.135183
0.075508
0.032808
0.138870
0.237715
0.191230
0.060325
-0.087484
-0.252949
-0.411975
-0.378297
-0.203124
0.090584
0.275604
0.226943
-0.061272
-0.330789
-0.345170
-0.103420
0.283170
0.269695
-0.013952
-0.220633
-0.230546
-0.107396
0.149046
0.430314
0.427380
0.229520
-0.006384
-0.174523
-0.343833
-0.471379
-0.250742
0.289700
0.702929
0.621415
0.152141
-0.145284
-0.108559
0.160005
0.355335
0.292167
-0.029407
-0.379462
-0.420928
-0.113879
0.348027
0.490275
0.367846
0.173638
0.074308
0.006672
-0.065231
0.029025
0.180732
0.191154
-0.004094
-0.201075
-0.244953
-0.152698
-0.013813
0.129514
0.187658
0.127559
-0.069867
-0.265746
-0.316123
-0.286452
-0.168775
-0.002680
0.190918
0.257233
0.119195
-0.133800
-0.357785
-0.381433
-0.264048
-0.037762
0.123702
0.133618
0.030026
-0.131362
-0.198312
-0.154170
-0.045778
0.022219
0.015834
-0.055508
-0.105728
-0.200470
-0.149892
-0.151747
-0.204643
-0.166109
-0.180680
-0.040285
0.157417
0.356407
0.318335
0.140657
-0.026214
-0.137325
-0.174770
-0.214350
-0.134691
0.092062
0.280488
0.199158
-0.027852
-0.224149
-0.235144
-0.007463
0.248669
0.362555
0.228767
-0.025121
-0.147741
-0.097222
0.063324
0.125068
0.061029
0.027274
0.036017
0.030265
0.010592
-0.006933
-0.031611
-0.072102
-0.093882
-0.075371
-0.059366
-0.054650
-0.017931
0.110023
0.241394
0.275152
0.180989
0.059191
-0.046942
-0.078980
-0.087159
-0.074456
0.028042
0.086946
0.128827
0.160390
0.220350
0.155186
-0.016506
-0.094776
-0.084844
-0.061310
-0.044051
0.031399
0.092287
0.155745
0.206396
0.158902
0.037481
-0.140374
-0.230697
-0.196200
-0.108576
-0.006446
0.097629
0.172736
0.161082
0.121767
-0.000005
-0.145414
-0.201388
-0.122248
0.004116
0.071730
0.116636
0.108520
0.054492
-0.055647
-0.145328
-0.184553
-0.180510
-0.102888
0.066787
0.219035
0.222074
0.098156
-0.010465
-0.080221
-0.154845
-0.120573
0.036178
0.255262
0.308987
0.196444
0.008585
-0.224118
-0.262406
-0.223491
-0.187970
-0.124696
-0.054405
0.060844
0.069930
0.018062
-0.071860
-0.095978
-0.156118
-0.203040
-0.167781
-0.092441
0.080385
0.133660
0.075644
-0.068491
-0.224724
-0.232288
-0.082935
0.004241
0.028638
-0.061405
-0.177472
-0.169561
-0.029997
0.178316
0.183513
0.053596
-0.106755
-0.168266
-0.151956
-0.042605
0.137742
0.204790
0.139082
-0.009132
-0.078693
-0.060799
-0.006916
0.039703
0.080998
0.118835
0.085808
0.035603
0.006764
0.029521
0.096557
0.114988
0.124261
0.049731
-0.065667
-0.114307
-0.046407
0.093574
0.140105
0.119080
0.038198
-0.003864
0.004844
0.012033
0.034175
0.040088
0.053923
0.078402
0.071917
0.033937
-0.003902
-0.008719
0.025950
0.040505
0.003255
-0.050536
-0.053086
0.002040
0.064396
0.057694
0.025294
-0.010672
-0.007264
0.036005
0.050865
0.050461
0.003033
-0.017053
-0.018710
0.001970
-0.012325
-0.043422
-0.036537
0.001721
0.049686
-0.013229
-0.086397
-0.106374
-0.065263
-0.014838
0.040505
0.070536
0.010333
-0.022971
0.001229
0.006469
-0.072750
-0.140130
-0.112691
-0.049543
0.054292
0.060816
-0.050089
-0.130044
-0.114569
0.010907
0.070068
0.039611
-0.032418
-0.068688
-0.057824
0.009465
0.077365
0.065155
-0.010454
-0.107133
-0.136649
-0.144910
-0.088479
0.029648
0.139243
0.144290
0.050815
-0.066275
-0.119344
-0.093273
-0.012852
0.058595
0.086235
0.071407
-0.012757
-0.074850
-0.073547
-0.004094
0.080334
0.093379
0.046222
0.012772
-0.012119
0.008560
0.048342
0.053640
-0.007346
-0.069419
-0.030942
0.019041
0.069706
0.094159
0.102919
0.095383
0.015501
-0.108520
-0.178981
-0.125966
-0.020738
0.115135
0.186076
0.146859
0.020005
-0.111059
-0.117499
-0.033960
0.053649
0.057598
0.030462
-0.006462
-0.071645
-0.062159
0.041319
0.130511
0.104553
-0.004421
-0.104570
-0.127513
-0.043209
0.054589
0.098252
0.074913
0.017363
-0.011377
0.002511
0.032153
0.008539
-0.055998
-0.115674
-0.091048
-0.025890
0.048400
0.146910
0.170241
0.094685
-0.072805
-0.191822
-0.205083
-0.132151
0.008095
0.122531
0.174184
0.150143
0.054780
-0.081529
-0.177693
-0.172607
-0.083018
0.038780
0.134811
0.120831
0.042364
-0.040022
-0.060413
-0.056609
-0.051971
-0.043242
-0.056587
-0.004041
0.034602
0.030275
-0.025075
-0.022221
0.042071
0.076267
0.063261
-0.030650
-0.097608
-0.089329
-0.011958
0.051656
0.063815
0.011793
-0.028781
-0.005718
0.029733
0.037510
-0.029847
-0.072538
-0.065205
-0.004709
0.019493
0.012963
0.046221
0.060529
0.055102
0.002571
-0.043888
-0.063028
-0.019014
-0.011851
-0.010189
0.040970
0.054620
0.061802
0.010472
-0.034119
-0.108558
-0.131656
-0.077928
-0.000357
0.085231
0.094673
0.081141
0.031342
0.020563
-0.040291
-0.069865
-0.045613
-0.012462
0.034715
0.012172
0.031072
0.062815
0.114571
0.079021
0.006572
-0.065310
-0.114795
-0.105636
-0.054003
0.077172
0.124377
0.112745
0.025496
-0.044452
-0.072686
-0.051222
0.001524
0.017091
0.052218
0.036383
0.022203
-0.015036
-0.028781
-0.011279
0.011418
0.013070
-0.015628
-0.012038
-0.027983
-0.037162
-0.021211
0.024435
0.052079
0.059434
0.048641
-0.013639
-0.050833
-0.051887
-0.023367
0.001467
-0.000898
-0.009260
