0.002050
0.002323
0.002347
0.000972
-0.000558
-0.004669
-0.006223
-0.008316
-0.004523
-0.002932
0.003520
0.002163
0.003641
-0.002110
0.001391
-0.000161
0.003852
0.000512
-0.000350
-0.004939
-0.006996
-0.002242
-0.003265
0.005480
-0.007161
0.006106
-0.011211
0.010990
-0.024211
0.001448
-0.035934
-0.041905
-0.197328
-0.111881
-0.211588
-0.491420
-0.119358
-0.055559
-0.038379
0.172337
0.568284
0.420892
-0.000887
-0.164529
-0.170698
-0.080763
-0.031189
0.406229
0.828074
0.806348
0.362144
-0.058754
-0.214236
-0.262302
-0.176590
-0.078783
-0.225430
-0.480064
-0.651230
-0.526064
-0.157341
0.327035
0.679303
0.632376
0.307449
-0.120929
-0.268618
-0.052808
0.318229
0.517933
0.237441
-0.269655
-0.635070
-0.592158
-0.309627
-0.108799
0.013436
0.101943
0.143181
0.082736
-0.045502
-0.084554
0.086824
0.369875
0.499154
0.300675
-0.128063
-0.493120
-0.544785
-0.305187
-0.008230
0.116344
0.023249
-0.122692
-0.169994
-0.090726
0.060125
0.219879
0.323980
0.287975
0.108310
-0.113521
-0.229692
-0.186640
-0.063068
0.004028
-0.027722
-0.111866
-0.156418
-0.130213
-0.032787
0.067535
0.123944
0.150553
0.131553
0.087657
0.022976
-0.011945
-0.005934
0.040482
0.045680
-0.019859
-0.163784
-0.196126
-0.315420
-0.249104
-0.051981
-0.016635
-0.033573
-0.033958
0.047345
-0.274035
-0.254520
-0.464197
-0.461170
-0.016486
0.180164
0.523262
0.664910
0.761015
0.414300
-0.032006
-0.308030
-0.047275
0.378378
0.334998
0.363011
0.355969
0.376547
0.227003
0.013963
-0.235350
-0.478488
-0.520067
-0.463998
-0.306754
-0.187962
0.010641
0.221860
0.365568
0.292265
0.081706
-0.021846
0.085508
0.212663
0.110095
-0.143514
-0.314040
-0.213870
-0.057660
-0.035523
-0.097078
-0.138674
-0.068958
0.003354
0.005148
-0.058325
-0.080972
0.037286
0.176481
0.194714
0.018423
-0.179722
-0.228197
-0.097795
0.006495
-0.006949
-0.132857
-0.160359
-0.137299
-0.064128
-0.074149
-0.159604
-0.145874
-0.140256
-0.031359
-0.047603
0.064153
0.260028
0.470757
0.499955
0.198442
-0.121424
-0.334479
-0.328417
-0.225693
0.002730
0.112105
0.016356
-0.105592
-0.231258
-0.210517
-0.139197
0.051911
0.224072
0.220751
0.096714
-0.202264
-0.356194
-0.209476
0.166452
0.408762
0.331844
-0.074394
-0.335819
-0.312124
-0.126493
0.180996
0.203977
0.014792
-0.185798
-0.057666
0.174245
0.285521
0.210849
0.201207
0.325529
0.278814
0.133592
-0.083654
-0.152638
-0.014638
0.149625
0.240047
0.229378
0.097010
0.033190
0.098416
0.225580
0.306603
0.208205
0.023385
0.003722
0.012159
-0.059813
-0.160901
-0.190031
-0.188208
-0.221283
-0.186759
-0.086858
0.038151
0.013420
0.005456
0.045327
0.083300
-0.024253
-0.137974
-0.044371
0.173013
0.326765
0.193692
-0.172804
-0.533288
-0.534466
-0.276813
0.019714
0.131488
0.011896
-0.179884
-0.238269
-0.168713
-0.047882
0.031937
0.064348
0.087156
-0.051707
-0.246520
-0.477613
-0.409583
-0.031856
0.396827
0.518772
0.193842
-0.192479
-0.398705
-0.310843
-0.155757
0.049149
0.275777
0.347886
0.164767
-0.127303
-0.307808
-0.203119
0.118973
0.401888
0.402879
0.037773
-0.306386
-0.370012
-0.148625
0.134307
0.288350
0.266489
0.115509
-0.042773
-0.150458
-0.151162
-0.071931
0.102362
0.223973
0.120678
-0.112733
-0.196347
-0.030023
0.158354
0.229447
0.134222
0.025980
-0.017632
0.011965
0.029246
-0.005055
0.000896
0.076144
0.149612
0.098304
0.011206
-0.055365
0.039879
0.160512
0.189683
0.078637
-0.098667
-0.092567
0.050411
0.179110
0.139618
0.047897
-0.006901
-0.016108
0.037598
0.086783
0.063800
0.038598
0.018218
-0.016489
-0.096510
-0.184022
-0.136361
-0.000775
0.143345
0.179803
0.095194
0.011385
-0.016105
0.038735
0.095525
0.095439
0.131913
0.088991
-0.036091
-0.227360
-0.356522
-0.336633
-0.322185
-0.243190
-0.120758
0.032548
0.059799
-0.016173
-0.082644
-0.077842
-0.022257
-0.007095
0.085295
0.142324
0.161679
0.032759
-0.149468
-0.254564
-0.302151
-0.170713
0.007901
0.151892
0.143581
-0.008798
-0.178900
-0.264743
-0.219395
-0.115753
-0.011674
0.083961
0.133673
0.070194
-0.042491
-0.122238
-0.046025
0.088856
0.159179
0.126042
0.002234
-0.103991
-0.167118
-0.094833
0.049859
0.174164
0.168318
0.079519
0.012111
-0.012501
0.018584
0.067664
0.099129
0.036872
-0.045280
-0.076867
-0.050145
-0.003131
0.016577
0.051388
0.079071
0.040941
-0.011583
-0.011512
0.050751
0.127508
0.161361
0.101695
0.007024
-0.043942
-0.015537
0.060302
0.120588
0.113726
0.043426
-0.045535
-0.075937
-0.033322
0.025315
0.093709
0.120747
0.115572
0.072561
0.040972
0.040582
0.047519
0.027374
-0.003591
-0.036806
-0.054060
-0.010323
0.033287
0.055882
0.020300
-0.005249
-0.079539
-0.136738
-0.063123
0.049718
0.132368
0.070122
-0.015922
-0.070500
-0.129802
-0.100909
0.012590
0.125067
0.108360
0.016189
-0.051025
-0.097628
-0.075512
-0.030809
0.012773
-0.019108
-0.061878
-0.095484
-0.081453
0.009069
0.083040
0.132764
0.071042
-0.050062
-0.166022
-0.187080
-0.102116
0.013605
0.090205
0.070809
-0.035192
-0.129548
-0.131725
-0.043344
0.022105
0.044965
0.014897
-0.043930
-0.053526
-0.035264
0.013620
0.042124
0.052344
0.033244
-0.024778
-0.088359
-0.096376
-0.047706
0.002598
0.024755
0.018350
-0.017876
-0.031317
-0.015885
0.035528
0.049791
-0.000685
-0.055953
-0.077253
-0.025069
0.001967
0.041152
0.061315
0.069037
0.059308
0.029003
