0.001401
0.000958
0.000193
-0.000130
-0.000491
-0.000140
0.000328
0.000389
0.000411
0.000308
0.000543
0.000669
0.001128
0.000993
0.001263
0.001277
0.001170
0.000350
-0.000234
-0.000790
-0.000668
0.000197
0.000854
0.002095
0.001776
0.001576
-0.000711
-0.000524
-0.002790
-0.000067
-0.002027
0.000848
-0.003148
-0.001602
-0.006425
-0.003282
-0.005897
-0.002206
-0.002753
-0.001848
-0.000550
-0.001875
0.004054
-0.002454
0.007263
-0.009081
0.004511
-0.016379
0.002674
-0.025137
0.008958
-0.032740
0.002040
-0.095828
-0.022478
-0.066165
-0.238362
0.052693
-0.097275
-0.025047
0.123109
0.203455
0.111656
-0.069283
-0.238904
-0.281752
-0.128018
-0.140926
0.141246
0.375122
0.336279
0.110657
-0.122120
-0.087798
0.091859
0.389073
0.602958
0.597323
0.401585
0.060291
-0.213519
-0.373610
-0.358025
-0.410107
-0.487162
-0.484683
-0.420362
-0.213933
0.153290
0.556843
0.699030
0.435211
0.033799
-0.056395
0.112250
0.255731
0.198311
-0.025418
-0.242246
-0.393716
-0.412248
-0.320746
-0.162017
0.007660
0.097841
0.103696
0.046137
0.005779
0.056577
0.190431
0.294265
0.243582
0.042193
-0.169439
-0.268146
-0.255412
-0.211441
-0.146664
-0.060710
-0.001081
-0.010460
-0.059453
-0.037669
0.083043
0.226692
0.254570
0.144847
-0.027239
-0.118894
-0.116603
-0.045672
-0.021137
-0.061543
-0.130789
-0.132556
-0.090511
-0.023585
0.018534
0.033416
0.117630
0.063949
0.046580
0.003714
-0.012051
-0.009725
0.092304
0.064435
0.069476
-0.148984
-0.229895
-0.179000
-0.173390
-0.109896
-0.014589
0.133247
-0.014259
-0.068158
-0.493386
-0.340094
-0.167300
0.017782
0.274397
0.452662
0.647731
0.312024
-0.005380
-0.294645
-0.134005
0.036604
0.226713
0.490533
0.493512
0.384931
0.014429
-0.195719
-0.010652
0.245031
0.450209
0.298189
-0.195294
-0.635125
-0.760030
-0.459556
-0.069974
0.229628
0.280257
0.174812
-0.057921
-0.319108
-0.201090
0.191352
0.620658
0.595501
0.109554
-0.404049
-0.548820
-0.241227
0.095731
0.161887
-0.049359
-0.257316
-0.250865
-0.127486
-0.042374
-0.033497
0.024091
0.186312
0.271448
0.152805
-0.132235
-0.286907
-0.167500
0.085263
0.192684
0.045546
-0.212167
-0.313050
-0.211688
-0.006907
0.106713
0.086941
0.025250
-0.226613
-0.187453
-0.186348
-0.238134
-0.071293
0.123635
0.216273
0.170308
0.272655
0.286433
0.215659
-0.056883
-0.181800
-0.138137
-0.145240
-0.059987
0.043948
0.153665
0.035232
-0.168943
-0.238864
-0.156402
-0.072757
0.053555
0.132779
0.091983
-0.050184
-0.181735
-0.104562
-0.048585
0.071961
0.126058
0.155932
0.081168
-0.092717
-0.072950
-0.093626
0.072329
0.177679
0.138992
0.177398
0.290136
0.453176
0.370379
0.154640
-0.011091
0.014043
0.098930
0.203934
0.263769
0.201495
0.128765
-0.033494
-0.182394
-0.296043
-0.292239
-0.130483
0.069289
0.185657
0.081931
-0.105226
-0.225197
-0.154021
0.032955
0.213103
0.278267
0.168023
-0.024981
-0.181594
-0.234835
-0.237357
-0.154336
-0.090128
-0.079259
-0.063232
-0.095006
-0.093662
-0.114100
-0.048096
0.017664
0.054821
0.059302
0.013849
-0.020222
-0.238337
-0.236153
-0.321535
-0.308823
-0.174054
-0.111549
-0.013592
-0.009555
0.141571
0.115014
0.061760
-0.050079
-0.118761
-0.092479
-0.080853
0.102305
0.295914
0.402781
0.242882
-0.097461
-0.250093
-0.153079
0.013619
0.064798
-0.000503
-0.099009
-0.166893
-0.059688
0.105454
0.224331
0.161213
-0.015927
-0.100275
-0.081195
-0.014151
-0.023749
0.005067
0.067980
0.077066
0.005763
-0.025380
0.100042
0.171148
0.107513
0.014084
-0.071860
-0.112479
-0.069507
0.105414
0.266423
0.237900
0.116933
0.044385
0.056994
0.056676
0.011149
-0.047099
-0.001967
0.107142
0.127482
0.121152
0.059746
0.081492
0.144360
0.298732
0.381169
0.241461
0.113846
0.035413
0.018444
-0.132009
-0.234237
-0.363193
-0.495097
-0.436205
-0.158739
0.143592
0.209426
0.195088
0.090775
-0.026386
-0.185752
-0.258295
-0.132164
0.115718
0.341727
0.303457
-0.040071
-0.386031
-0.524907
-0.398863
-0.117742
0.123037
0.208182
0.045514
-0.144531
-0.252057
-0.118915
0.131504
0.289340
0.184398
-0.207724
-0.570124
-0.631952
-0.317225
0.044842
0.218440
0.102955
-0.110526
-0.144891
-0.025479
0.125271
0.158839
0.118314
0.080008
0.060550
0.019808
-0.083461
-0.136751
-0.011043
0.203061
0.275041
0.096439
-0.147995
-0.232978
-0.105483
0.126036
0.206408
0.108660
-0.058553
-0.078233
0.049643
0.150198
0.172323
0.106700
0.034140
-0.048039
-0.087132
-0.094885
-0.075236
-0.002622
0.072881
0.096396
0.066956
0.027190
0.029645
0.053596
0.076847
0.082813
0.012259
-0.043633
-0.050515
0.021941
0.064041
0.071892
0.080752
0.067583
0.062276
-0.000688
-0.033022
-0.037801
0.045157
0.131344
0.126627
0.059917
-0.021395
0.022698
0.098202
0.132379
0.046174
-0.120955
-0.167479
-0.083880
0.089515
0.197467
0.115999
-0.044644
-0.156487
-0.110486
-0.030545
0.033634
0.111377
0.114387
0.003912
-0.110332
-0.132505
-0.119071
-0.051557
0.103237
0.261829
0.184348
-0.107620
-0.346680
-0.348863
-0.099851
0.193909
0.319004
0.212064
-0.051473
-0.204519
-0.192458
-0.095650
0.057830
0.103911
0.097101
0.009022
-0.072875
-0.119031
-0.141976
-0.037776
0.092109
0.145815
-0.001938
-0.150073
-0.147181
-0.026618
0.104982
0.102499
-0.077037
-0.277626
-0.275086
-0.091355
0.114876
0.153763
0.057244
-0.080815
-0.174178
-0.131415
-0.042394
0.048097
0.076051
0.054728
0.024626
-0.025724
-0.062036
-0.034182
0.033427
0.029631
-0.011941
-0.094260
-0.114671
-0.074240
0.030515
0.164702
0.164908
0.055258
-0.098640
-0.159060
-0.142174
-0.013740
0.149372
0.180117
0.108141
-0.009209
-0.040635
-0.009770
0.057610
0.101399
0.061176
-0.015868
-0.064158
-0.033870
-0.003944
0.047304
0.097436
0.095091
0.062404
0.005090
-0.000877
0.025554
0.047317
0.082457
0.089734
0.048929
-0.023439
-0.051687
-0.027614
-0.014113
-0.014732
-0.005197
0.038872
0.044464
-0.001382
-0.014902
0.016585
0.048446
0.077459
0.070443
0.032205
-0.063194
-0.153217
-0.122809
-0.022354
0.063318
0.082197
0.079398
0.023797
-0.046107
-0.075065
-0.013510
0.070733
0.081656
0.028127
-0.042396
-0.087431
-0.090154
-0.045404
0.008168
0.040803
0.010814
-0.045013
-0.080733
-0.043610
0.013665
0.040782
0.031804
-0.044389
-0.119751
-0.129676
-0.038847
0.045405
0.047333
0.015320
-0.020448
-0.027831
-0.039458
-0.049301
-0.061219
-0.037858
0.005149
0.055846
0.066176
-0.007122
-0.080063
-0.107830
-0.064101
-0.005426
0.032758
0.023271
0.038209
0.075306
0.063089
0.005397
-0.067760
-0.073236
-0.036893
0.007634
0.054458
0.069689
0.032908
