0.000420
0.000533
0.000547
-0.000333
-0.001615
-0.002024
-0.001457
-0.000815
-0.000504
-0.000246
-0.000390
-0.000959
-0.000548
-0.000510
-0.000962
-0.001228
-0.001213
-0.001081
-0.000958
-0.000228
-0.000289
0.000344
0.000443
0.001635
0.001823
0.002113
0.000273
0.000007
-0.000796
-0.001354
-0.003071
-0.004515
-0.005912
-0.006934
-0.005995
-0.007783
-0.005585
-0.007679
-0.004236
-0.007317
-0.002122
-0.006854
-0.001670
-0.007376
0.000498
-0.004008
0.003598
-0.002388
0.002163
-0.004916
-0.007050
-0.006274
-0.012351
-0.026653
-0.062242
0.013043
-0.158161
-0.057285
-0.036839
-0.083304
-0.029251
-0.088852
0.112632
-0.062830
-0.106427
-0.008748
0.113776
0.087696
-0.124446
0.047724
-0.024032
-0.183419
-0.211017
0.020911
0.253812
0.373432
0.601526
0.574220
0.358680
0.117764
0.159593
0.178913
-0.060160
-0.213407
-0.149981
-0.007930
-0.167090
-0.567496
-0.706048
-0.529993
-0.170813
0.154786
0.368518
0.527615
0.520101
0.324856
0.061867
-0.043055
0.050361
0.210784
0.263959
-0.017327
-0.506065
-0.749768
-0.497594
0.009868
0.214345
0.010593
-0.191588
-0.065549
0.244727
0.339851
0.155264
-0.020116
0.030283
0.194227
0.161930
-0.136823
-0.453657
-0.467728
-0.162720
0.139651
0.120997
-0.154623
-0.299313
-0.087450
0.260836
0.373065
0.186498
-0.017604
-0.021857
0.081033
0.056602
-0.109261
-0.220204
-0.161839
-0.024983
0.010684
-0.108530
-0.249019
-0.125353
0.079491
0.244647
0.225136
0.064706
-0.012767
0.040042
0.142730
0.121374
-0.021927
-0.238981
-0.026710
-0.035111
-0.048477
0.032620
-0.522291
-0.577916
-0.362009
-0.258372
-0.341330
-0.240336
0.170136
0.392366
0.721890
0.614565
0.343238
-0.156569
-0.347958
-0.036557
0.183135
0.375026
0.504806
0.634558
0.271973
-0.139988
-0.088568
0.198951
0.470911
0.422914
0.127386
-0.288425
-0.506579
-0.390133
-0.234624
-0.025158
0.136122
0.170475
-0.056131
-0.323811
-0.246978
0.196221
0.575860
0.478649
-0.060224
-0.541102
-0.423867
0.102320
0.445990
0.203288
-0.289555
-0.497811
-0.315000
-0.000683
0.076239
-0.011157
-0.069100
0.064562
0.154600
0.032304
-0.202367
-0.255972
-0.047844
0.145510
0.156211
-0.270342
-0.449831
-0.466053
-0.277913
0.041098
0.101625
0.104013
0.018726
0.025656
-0.014301
0.121709
0.214640
0.266886
0.353079
0.190645
0.016238
-0.136458
-0.174971
-0.177939
-0.155283
-0.162101
-0.245386
-0.268162
-0.216024
-0.079736
0.012438
0.016421
0.044297
0.186310
0.131430
0.011556
-0.152044
-0.234912
-0.139392
0.097663
0.383468
0.355238
0.213355
0.037667
0.067027
-0.061385
-0.269258
-0.349946
-0.246057
0.122940
0.351508
0.383389
0.291634
0.271944
0.255158
0.190438
0.069464
-0.031945
-0.107640
-0.180424
-0.060198
0.251947
0.449117
0.361634
0.128140
-0.042052
-0.007414
0.202866
0.389551
0.243802
-0.089713
-0.355271
-0.329828
-0.113984
-0.001361
0.049503
0.056997
0.140148
0.190786
0.096176
-0.264863
-0.521096
-0.411326
-0.080465
0.243205
0.316143
0.206731
-0.064207
-0.255242
-0.353390
-0.239086
-0.017956
0.108013
0.105733
-0.043370
-0.226411
-0.339420
-0.230620
-0.041394
0.047330
-0.038841
-0.175658
-0.243815
-0.196775
-0.087416
0.009199
-0.071854
-0.143675
-0.205536
-0.216798
0.019808
0.354568
0.539123
0.217027
-0.216201
-0.448853
-0.385800
-0.173223
0.058789
0.321883
0.348687
0.110040
-0.214418
-0.369329
-0.235668
0.093172
0.374088
0.446013
0.219919
-0.130759
-0.289735
-0.183242
0.039813
0.237844
0.307491
0.188464
-0.051050
-0.213431
-0.186680
0.003517
0.225808
0.202950
0.012723
-0.180391
-0.157147
0.002666
0.107104
0.084235
-0.048057
-0.066363
-0.020105
0.095939
0.126888
0.098751
0.102227
0.144069
0.102673
-0.050341
-0.121874
-0.058000
0.118557
0.211590
0.200556
0.067482
-0.011528
-0.000932
0.052255
0.059061
-0.016534
-0.026151
0.001924
0.055682
0.058903
0.048443
0.022684
0.004907
-0.031438
-0.100146
-0.099528
-0.008145
0.119397
0.162008
0.082889
-0.048565
-0.071345
0.011792
0.085850
0.087191
0.064433
0.039074
0.002875
0.022688
0.011688
-0.066363
-0.137578
-0.152419
-0.097138
-0.055597
-0.051064
-0.078020
-0.051445
0.009227
0.030462
0.003252
-0.065478
-0.027281
-0.014378
0.026680
0.035972
0.001717
-0.008884
-0.102268
-0.069175
-0.056422
-0.100470
-0.242975
-0.298984
-0.175292
-0.072290
0.003579
0.009806
0.055152
0.028268
-0.018689
-0.023335
-0.005609
-0.009754
-0.065080
-0.070981
-0.063136
-0.043239
-0.048559
-0.065581
-0.061023
-0.077751
-0.054930
-0.028051
0.018764
0.066199
0.054446
0.039977
0.009760
-0.018631
-0.056663
-0.031308
0.061673
0.142767
0.120634
0.034817
-0.021169
-0.043297
-0.037370
-0.053670
-0.045780
-0.038333
0.011943
0.103984
0.159218
0.179827
0.122655
0.065412
0.019940
-0.002686
0.018757
0.031530
0.057768
0.038527
0.020509
0.029036
0.069677
0.118514
0.092397
0.047163
-0.012225
-0.021379
-0.000796
0.005167
0.039951
0.122048
0.198196
0.181550
0.088503
-0.029856
-0.086076
-0.077537
-0.048134
0.002850
0.033752
0.075216
0.102058
0.075250
-0.005519
-0.106877
-0.102233
-0.062204
-0.013625
0.023233
0.074224
0.106338
0.104451
0.079243
-0.015547
-0.062742
-0.102858
-0.104077
-0.127104
-0.088250
0.021139
0.069322
0.094218
0.029654
-0.038245
-0.085994
-0.078418
-0.026514
-0.034382
-0.037800
-0.003616
0.036866
0.015515
-0.074378
-0.118053
-0.122215
-0.096784
-0.039292
-0.005374
0.029446
0.058359
0.083829
0.043568
-0.043653
-0.084519
-0.061530
-0.007181
-0.021909
-0.029757
-0.037833
-0.012435
0.009278
0.017650
0.019183
-0.018367
-0.009753
-0.060371
-0.114723
-0.105488
0.010718
0.094905
0.086049
0.070171
0.030890
-0.019387
-0.082774
-0.075047
-0.027261
0.051964
0.082721
0.093942
0.065113
-0.015169
-0.040893
0.001675
0.043985
-0.011592
-0.047998
-0.060943
-0.021930
0.041537
0.072101
0.068823
0.078154
0.069820
0.027101
-0.002318
-0.023727
-0.036188
