0.001184
0.000443
-0.000430
-0.001745
-0.002655
-0.003655
-0.003555
-0.003204
-0.001918
-0.001014
0.000881
0.002010
0.002146
0.001741
-0.000040
0.000889
0.000162
0.002769
0.000281
0.002141
-0.003113
-0.002122
-0.007687
-0.004544
-0.007242
-0.001866
-0.004449
-0.001641
-0.002122
0.000105
0.003736
0.002277
0.009081
-0.001198
0.007432
-0.009505
0.006747
-0.019692
0.012793
-0.029962
-0.004624
-0.086037
0.012087
-0.108218
-0.143585
0.076680
-0.102552
0.021301
0.014033
0.227142
-0.081502
-0.157239
0.029792
-0.160203
-0.044480
-0.018467
0.314978
0.138902
-0.149379
-0.261885
-0.305664
-0.211382
-0.114811
0.459950
0.747392
0.696891
0.385233
0.149438
0.146427
0.060041
0.125863
0.027190
-0.186481
-0.455081
-0.707109
-0.690074
-0.430523
-0.006255
0.311227
0.355422
0.248448
0.097619
0.064500
0.194541
0.388732
0.457575
0.227408
-0.088026
-0.264901
-0.328831
-0.350440
-0.325872
-0.172190
-0.008391
0.005944
-0.097309
-0.156679
-0.023291
0.227758
0.403655
0.366941
0.143195
-0.079388
-0.162118
-0.113270
-0.065620
-0.117102
-0.209283
-0.227940
-0.141203
-0.057086
-0.047202
-0.026948
0.080008
0.226775
0.251855
0.129853
-0.014532
-0.031826
0.019517
0.067191
-0.010683
-0.140555
-0.247500
-0.213452
-0.065504
-0.147712
-0.114666
-0.084905
-0.061055
0.038420
0.215688
0.297530
0.158628
0.154979
0.218545
0.196008
-0.088466
-0.197814
-0.162753
-0.067546
-0.095878
-0.262636
-0.389999
-0.472189
-0.292244
-0.211697
0.092686
0.320009
0.502998
0.570393
0.376768
0.231774
-0.045362
-0.201354
-0.365334
-0.173349
0.104148
0.204000
0.211602
0.101307
0.180758
0.311495
0.488397
0.451716
0.219002
-0.038285
-0.216096
-0.145161
0.008953
0.108975
0.056128
-0.134085
-0.312484
-0.396084
-0.349710
-0.156879
0.099920
0.273868
0.232736
0.080702
0.002449
0.024943
0.075022
0.072271
0.028421
-0.050824
-0.146728
-0.199189
-0.200414
-0.156509
-0.132495
-0.101593
-0.036146
0.046278
0.079129
0.029700
-0.047625
-0.057446
0.014316
0.096905
0.073003
-0.061253
-0.167550
-0.305064
-0.251256
-0.129848
-0.181537
-0.258012
-0.218634
-0.117415
0.034327
0.226750
0.336363
0.278353
0.090415
-0.019905
0.022638
0.071057
0.030145
0.060674
0.114925
0.136699
-0.027746
-0.205533
-0.251724
-0.197594
-0.016992
0.088776
0.128582
0.016585
-0.109391
-0.087118
-0.005878
0.114633
0.123185
-0.087018
-0.229907
-0.272549
-0.228984
-0.069917
0.176786
0.413133
0.299672
0.035769
-0.153099
-0.122483
-0.111100
-0.049772
0.204340
0.426329
0.493888
0.289825
0.115861
-0.031319
-0.031995
0.090055
0.271713
0.335310
0.096041
-0.129704
-0.132372
0.134006
0.334427
0.279660
0.048759
-0.193426
-0.422697
-0.420336
-0.198468
0.130823
0.309658
0.180671
0.099795
-0.001620
-0.077522
-0.211481
-0.261045
-0.154836
-0.032875
0.081204
0.097562
0.073362
-0.060331
-0.179505
-0.190263
-0.121377
-0.005175
0.066107
0.030200
-0.056528
-0.166172
-0.191773
-0.202547
-0.125283
-0.087635
-0.058509
-0.111801
-0.136479
-0.035043
-0.251367
-0.235029
-0.294173
-0.246492
-0.008260
0.365724
0.611108
0.299982
-0.070430
-0.367848
-0.316504
-0.228331
-0.036647
0.220293
0.329710
0.188985
-0.094580
-0.241555
-0.201024
0.045044
0.296876
0.399003
0.181370
-0.094188
-0.237309
-0.209115
-0.032496
0.173183
0.260591
0.179384
0.002635
-0.146654
-0.138060
-0.015730
0.126071
0.120564
-0.055397
-0.237728
-0.215094
0.015263
0.179490
0.164815
0.117903
0.099661
0.120005
0.057042
-0.046523
-0.111747
-0.107375
0.017310
0.161892
0.238997
0.203431
0.111878
0.032916
0.019233
0.007150
0.012100
0.028030
0.034775
0.077007
0.054260
0.030784
-0.012329
-0.001300
0.051704
0.055620
0.053643
0.009898
-0.012863
-0.018933
0.052554
0.082515
0.097103
0.061149
0.002316
0.018615
0.069548
0.133563
0.087705
-0.018167
-0.195444
-0.298009
-0.242717
-0.119619
0.036870
0.147958
0.055945
-0.179223
-0.348313
-0.298421
-0.064485
0.167011
0.243887
0.082567
-0.187902
-0.360516
-0.234883
-0.010711
0.133896
0.111870
-0.032651
-0.142313
-0.247239
-0.210252
-0.090951
0.104288
0.251574
0.212345
0.033333
-0.229018
-0.315410
-0.193487
0.033765
0.116501
0.004610
-0.125875
-0.198838
-0.158682
-0.110282
-0.044535
0.045116
0.166460
0.249414
0.179726
-0.021548
-0.208567
-0.170315
0.042838
0.242613
0.232722
0.045841
-0.122508
-0.149971
-0.029787
0.085736
0.115782
0.031549
-0.064959
-0.075170
-0.009837
0.089226
0.140897
0.173059
0.142235
0.056322
-0.051673
-0.103269
-0.078564
-0.034139
0.050082
0.114095
0.134133
0.093588
0.040686
0.009500
0.009362
0.045446
0.092324
0.095456
0.042677
0.000807
0.037454
0.116048
0.099066
0.040583
-0.006637
-0.016841
-0.018961
-0.007021
0.044759
0.029578
0.032140
0.043250
0.065272
0.042911
-0.014570
-0.007764
0.026950
0.074301
0.017624
-0.031620
-0.066068
-0.060026
-0.044243
-0.051006
-0.021477
-0.041394
-0.030923
0.000956
0.063269
0.059724
-0.012160
-0.047028
-0.073604
-0.030836
0.024339
0.062085
0.054862
-0.038618
-0.093221
-0.100824
-0.071298
-0.042199
-0.006298
0.014696
-0.024096
-0.040167
-0.048860
-0.024062
-0.005107
0.047379
0.091684
0.013628
-0.101727
-0.196881
-0.192558
-0.082188
0.050620
0.121154
0.088558
0.002216
-0.081782
-0.076050
-0.025054
-0.019226
-0.015935
-0.041196
-0.018632
-0.008897
-0.021737
-0.029869
-0.006038
0.096731
0.088092
0.015155
-0.073367
-0.084720
-0.062957
-0.036994
0.015659
0.043749
0.064216
0.042396
0.024687
-0.036594
-0.098999
-0.092227
0.008495
0.106424
0.083490
0.000026
-0.027625
0.010389
0.063934
0.089225
0.066636
-0.000679
-0.118205
-0.117338
-0.022855
0.091132
0.172072
0.138850
0.060045
-0.033128
-0.044440
-0.021529
0.030720
0.038853
-0.033114
-0.046185
0.019945
0.113583
0.112872
0.052552
-0.039449
-0.094546
-0.078214
-0.004046
0.057141
0.050428
0.021195
-0.013955
-0.015712
-0.029051
-0.012243
0.000175
-0.000072
-0.006881
-0.017499
0.013440
0.019623
0.027513
0.039011
