0.000448
0.000300
-0.000382
-0.002266
-0.002707
-0.003509
-0.003207
-0.003679
-0.003909
-0.004995
-0.004352
-0.003397
-0.001210
-0.000537
-0.000671
-0.000017
-0.000534
0.001012
-0.001412
-0.000024
-0.003857
-0.001315
-0.005510
-0.001247
-0.005899
0.000020
-0.005317
-0.000912
-0.005459
-0.000967
-0.005671
-0.006228
-0.007161
-0.015085
-0.044133
-0.075088
-0.026487
-0.183477
-0.085684
-0.021636
-0.041430
0.070158
0.161725
0.249961
0.063891
-0.012827
-0.133800
-0.157011
-0.127070
-0.103059
0.103540
0.186119
0.172932
0.076107
0.026226
0.094639
0.232626
0.304573
0.244752
0.132092
-0.053269
-0.180910
-0.199812
-0.137454
-0.089062
-0.109235
-0.117221
-0.137268
-0.145411
-0.096498
0.076255
0.251752
0.260845
0.145247
0.040684
0.049169
0.094791
0.062447
-0.048263
-0.138698
-0.147520
-0.117430
-0.129386
-0.165600
-0.152035
-0.051851
0.076322
0.136581
0.091478
0.006401
-0.006915
0.063893
0.123177
0.075791
-0.043491
-0.134062
-0.138921
-0.102667
-0.075366
-0.067005
-0.055766
-0.023918
0.000572
0.022503
0.041867
0.067373
0.089094
0.090201
0.051351
0.008883
-0.045122
-0.064624
-0.089615
-0.068167
-0.080554
-0.108932
-0.061742
-0.083560
-0.051450
-0.029247
0.083827
0.139111
0.120464
0.118955
0.087416
0.070283
-0.032877
-0.084912
-0.092747
-0.088729
-0.085298
-0.060773
0.001715
-0.004784
0.014036
0.008428
-0.056852
-0.014047
0.024689
0.003624
0.007190
0.055607
0.072847
0.007376
-0.014688
0.006027
-0.009546
-0.049968
-0.019946
0.137034
0.184980
0.149606
0.113153
0.066827
0.028813
0.056221
0.202621
0.310110
0.283264
0.109853
-0.077102
-0.203720
-0.174848
-0.060334
0.029570
-0.001377
-0.108731
-0.173305
-0.157723
-0.029182
0.086969
0.112209
0.051090
0.023761
0.038213
0.044420
-0.010428
-0.074400
-0.088832
-0.052845
-0.028592
-0.072427
-0.146657
-0.180748
-0.108391
-0.005801
0.049196
0.017607
-0.021950
-0.023940
0.014505
0.015550
-0.023193
-0.071619
-0.072263
-0.039029
-0.076279
-0.131957
-0.199942
-0.146592
-0.095011
-0.047167
-0.027231
-0.052732
-0.014590
0.056091
0.139386
0.095980
0.032358
0.000671
0.019033
0.063571
0.052365
0.058299
0.019703
-0.033926
-0.061323
-0.102207
-0.058700
-0.001514
0.090297
0.103318
0.045248
-0.028192
-0.069638
-0.013372
0.043008
0.092696
0.037845
-0.049608
-0.115450
-0.097820
-0.029543
0.047725
0.086829
0.081118
0.059664
0.037269
0.050681
0.058089
0.068804
0.064603
0.073468
0.103951
0.141816
0.111797
0.065027
0.061757
0.091331
0.124523
0.129572
0.120628
0.057422
-0.013413
-0.063246
-0.079446
-0.103199
-0.092648
0.004815
0.110963
0.127345
0.027001
-0.096506
-0.157512
-0.125132
-0.050405
0.005681
0.025543
0.015797
0.000544
-0.022153
-0.071042
-0.097118
-0.080592
-0.030371
0.007141
0.011262
-0.032693
-0.059499
-0.054765
-0.025409
-0.054994
-0.130358
-0.178145
-0.154183
-0.080640
-0.057797
-0.030146
-0.140633
-0.155771
-0.141104
-0.085449
0.032213
0.164247
0.260876
0.161223
0.038006
-0.120415
-0.163724
-0.139892
-0.038801
0.112829
0.193496
0.106084
-0.057873
-0.165121
-0.139364
0.008390
0.134772
0.183130
0.094214
-0.020615
-0.071659
0.000393
0.107335
0.131597
0.082625
0.023959
-0.023376
-0.060549
-0.063240
-0.008910
0.073786
0.112552
0.062259
-0.015086
-0.025698
0.039767
0.109806
0.108470
0.048965
-0.018457
-0.035149
-0.014194
0.019369
0.020923
0.030000
0.067869
0.088300
0.058280
0.003994
-0.000353
0.045207
0.108265
0.105597
0.036205
-0.023272
-0.013457
0.055907
0.086458
0.066860
0.037898
0.029492
0.062891
0.074642
0.092541
0.055086
0.033483
0.033280
0.013765
-0.045000
-0.166608
-0.170814
-0.123237
-0.024625
0.034531
0.034999
-0.013916
-0.080422
-0.113961
-0.128895
-0.078679
0.006362
0.095873
0.090689
0.005123
-0.105656
-0.144777
-0.110681
-0.036594
0.012388
-0.025804
-0.087352
-0.138510
-0.122403
-0.041883
0.032963
0.084326
0.027788
-0.049291
-0.091230
-0.090426
-0.028377
0.001577
0.008975
-0.046628
-0.087637
-0.068905
-0.021778
0.004465
-0.024680
-0.050044
-0.023163
-0.009908
-0.027357
-0.046657
-0.024645
0.048410
0.104608
0.103470
0.029791
-0.034658
-0.045586
0.019072
0.087238
0.085199
