0.005385
0.006367
0.005074
0.007038
0.004698
0.006725
0.002484
0.005927
0.002183
0.008136
0.003238
0.008885
0.001990
0.005921
0.000494
0.005199
0.003787
0.004438
0.008461
0.003783
0.010781
-0.006278
0.009407
-0.018459
-0.002831
-0.087956
0.017742
-0.137059
-0.107402
0.007845
-0.050437
0.092473
0.042646
0.228034
0.100725
-0.083906
-0.140716
-0.133933
-0.070080
-0.036534
0.072276
0.240939
0.213620
0.040671
-0.050606
-0.081642
0.069731
0.230821
0.355374
0.279265
0.169887
0.060378
-0.043619
-0.199257
-0.381353
-0.385158
-0.176827
0.069089
0.085447
-0.105359
-0.190699
0.003271
0.257693
0.316953
0.218360
0.222776
0.240621
0.087684
-0.211864
-0.357413
-0.161109
0.139591
0.144557
-0.227836
-0.581876
-0.472993
0.063769
0.486279
0.380328
-0.040317
-0.217109
0.026210
0.304268
0.220164
-0.100083
-0.254514
-0.094405
0.046144
-0.077014
-0.321729
-0.314879
-0.022161
0.269098
0.263003
-0.022342
-0.139695
-0.022171
0.242613
0.280431
0.034618
-0.158645
-0.187385
0.008757
0.030691
-0.073589
-0.206933
-0.117591
0.079004
0.053800
0.008270
-0.180948
-0.096461
0.083516
0.246215
0.203513
-0.060277
-0.171411
-0.048626
0.165962
0.105860
-0.129347
-0.195154
-0.112959
-0.017766
0.056064
-0.035111
0.029693
-0.050897
-0.026397
0.047165
0.011545
0.063642
-0.028001
0.024354
0.091770
0.125791
0.133725
-0.037465
-0.022832
-0.081287
-0.041676
-0.023234
-0.160719
-0.050593
0.113037
0.437904
0.520006
0.344697
0.049620
-0.054015
0.028464
0.096516
0.083540
0.062602
0.010754
-0.142276
-0.291401
-0.336872
-0.188346
-0.103420
-0.081552
-0.065083
0.076304
0.195219
0.224445
0.115223
0.002916
0.005914
0.126296
0.158660
-0.073308
-0.364856
-0.405933
-0.108037
0.151960
0.098387
-0.164290
-0.322468
-0.135002
0.146378
0.308239
0.159308
-0.055972
-0.163331
-0.095380
0.068331
-0.105081
-0.135343
-0.319406
-0.248367
-0.110009
-0.076368
0.042714
0.041048
0.163148
0.153103
0.077838
-0.023802
-0.077260
0.044340
0.143970
0.176139
0.114845
-0.077262
-0.118564
-0.182777
-0.055010
0.030763
0.095299
0.127780
0.036008
0.001383
-0.091833
-0.060534
0.031471
0.099580
0.109172
-0.035403
-0.145996
-0.150228
-0.108100
-0.000694
-0.033722
-0.068192
-0.071838
0.027929
0.132297
0.151288
0.087761
0.047920
0.065672
0.097149
0.084753
-0.003813
-0.060030
-0.018478
0.199325
0.324637
0.311927
0.138092
0.003252
0.001244
0.066252
0.151897
0.061082
-0.048305
-0.143776
-0.162335
-0.095658
-0.086842
-0.077889
0.011495
0.097748
0.103058
-0.016873
-0.162945
-0.146569
-0.026025
0.122524
0.129150
0.043328
-0.079910
-0.189525
-0.141683
-0.052133
0.034616
0.015530
-0.048803
-0.078516
-0.084684
-0.047349
-0.006273
0.031128
0.019403
-0.085856
-0.199176
-0.251962
-0.248791
-0.079194
-0.016561
-0.019027
-0.091032
-0.241048
-0.231176
-0.045561
0.303889
0.460985
0.283143
-0.042407
-0.215897
-0.197796
-0.117906
-0.020812
0.126825
0.200110
0.124658
-0.086329
-0.275761
-0.234765
-0.001691
0.331289
0.403669
0.182155
-0.151804
-0.280110
-0.085423
0.148126
0.249308
0.121663
-0.059110
-0.166872
-0.169567
-0.064438
0.086096
0.210756
0.183610
0.013746
-0.160376
-0.171165
-0.026716
0.093581
0.093349
0.022580
-0.010315
0.005510
0.019245
0.002761
-0.004962
0.048467
0.120580
0.101038
0.017930
-0.046878
0.001520
0.147893
0.229031
0.174200
-0.050136
-0.214426
-0.154412
0.037579
0.143376
0.064632
-0.014781
0.040904
0.152268
0.210004
0.184015
0.053641
-0.097339
-0.161061
-0.072111
-0.029321
-0.065689
-0.066388
-0.020587
0.005164
-0.085787
-0.178197
-0.137481
-0.035974
0.032202
0.087609
0.087321
0.052708
-0.040567
-0.077893
-0.072154
-0.078103
-0.044379
-0.069405
-0.077945
-0.110488
-0.175403
-0.157778
-0.128299
-0.044971
0.045127
0.093062
0.111038
0.053308
0.032880
0.019935
-0.003992
-0.092588
-0.191636
-0.157251
-0.056458
0.020851
-0.032579
-0.122579
-0.136842
-0.057692
0.039737
0.063012
0.046829
0.028912
0.037768
0.062540
0.047103
0.003928
-0.003922
0.036183
0.095249
0.101001
0.037972
-0.029421
-0.040277
-0.022691
-0.007974
-0.036473
-0.039698
0.022620
0.070005
0.073560
0.008819
-0.041210
-0.025069
0.051119
0.117591
0.094845
-0.010434
-0.078369
-0.039244
0.031905
0.076915
0.050469
0.039465
0.064727
0.056112
0.002853
-0.053291
-0.054977
0.024012
0.113130
0.117169
0.048013
-0.008796
0.037825
0.091038
0.093966
0.030056
-0.059074
-0.068124
-0.017580
0.033124
0.056888
0.042004
0.028367
0.048318
0.005008
-0.034649
-0.033070
0.023582
0.065531
0.030701
-0.019804
-0.050884
0.003653
0.051269
0.063606
0.028778
-0.072003
-0.139121
-0.105502
-0.008511
0.061640
0.055685
0.024911
0.024854
0.036336
0.002097
-0.049136
-0.085579
-0.116939
-0.075665
-0.003246
0.039022
0.048332
-0.003130
-0.029157
-0.053460
-0.053975
-0.035593
-0.040649
-0.025373
-0.002482
0.046431
0.045584
0.012158
-0.029416
-0.055321
-0.063432
-0.047336
-0.050692
