-0.001731
-0.001560
-0.000674
0.000870
0.001080
0.000690
0.000849
0.000947
0.001518
0.001649
0.000925
-0.000459
-0.001044
-0.001957
-0.002923
-0.003149
-0.002747
-0.001697
-0.000271
-0.000050
-0.000651
-0.000337
0.000068
0.000463
0.000760
0.000573
0.000680
0.001280
0.001044
-0.000413
-0.002527
-0.003098
-0.002294
-0.001374
-0.001723
-0.002234
-0.001963
-0.001764
-0.002638
-0.003562
-0.005109
-0.005167
-0.005318
-0.005364
-0.005475
-0.004677
-0.004407
-0.004199
-0.002782
-0.004506
-0.005399
-0.008890
-0.007062
-0.007178
-0.001887
-0.004146
-0.003091
-0.010157
-0.010164
-0.019086
-0.016543
-0.020188
-0.016759
-0.020638
-0.020275
-0.019807
-0.028336
-0.033431
-0.057341
-0.047730
-0.090775
-0.152025
-0.247185
-0.186777
-0.369404
-0.307713
0.016749
0.127625
0.358431
0.630580
0.822336
0.553961
0.139055
-0.210509
-0.304018
-0.266311
-0.291417
-0.182959
-0.131946
-0.239716
-0.444905
-0.585498
-0.263715
0.296638
0.649757
0.522420
0.084131
-0.182370
-0.115661
0.163369
0.310213
0.225396
-0.064052
-0.308455
-0.428420
-0.448881
-0.275476
0.053921
0.304376
0.207662
-0.176758
-0.330940
0.007848
0.482501
0.646772
0.188205
-0.390183
-0.520274
-0.228110
0.161933
0.159996
-0.205638
-0.434464
-0.207467
0.138149
0.312237
0.113207
-0.121876
-0.072152
0.009921
0.048584
-0.095044
-0.151075
-0.146941
-0.104808
-0.118991
-0.310668
-0.288707
-0.090900
0.240971
0.301282
0.041690
-0.031490
0.228473
0.526359
0.453830
0.235410
0.117555
0.178658
0.307927
0.336134
0.350522
0.390826
0.283362
-0.081237
-0.574949
-0.821902
-0.550955
0.015233
0.356851
0.186523
-0.225372
-0.436385
-0.158329
0.304436
0.609443
0.547168
0.192528
-0.127035
-0.239989
-0.077035
0.192796
0.250316
-0.061946
-0.529661
-0.737651
-0.424241
0.065879
0.228777
0.090920
-0.083105
-0.109763
0.229706
0.416466
0.450350
0.208623
-0.148104
-0.255796
-0.120786
-0.079990
-0.278419
-0.375628
-0.233084
0.278239
0.262117
-0.104055
-0.190657
-0.064071
0.012038
-0.121057
-0.404191
-0.445980
-0.095196
0.189973
0.251603
0.083837
-0.420294
-0.599695
-0.154712
0.505019
0.514694
-0.144840
-0.555310
-0.306505
0.197316
0.397910
0.467928
0.335573
0.096517
-0.080939
0.042598
0.374623
0.627920
0.612646
0.384745
0.093310
-0.023048
-0.082314
-0.039175
-0.129976
-0.363051
-0.490042
-0.591610
-0.387153
-0.194146
0.042682
0.358761
0.638548
0.497448
0.034581
-0.212931
0.000647
0.412774
0.474102
0.137072
-0.322389
-0.558539
-0.407571
-0.034050
0.078140
-0.106912
-0.420133
-0.369210
-0.205553
0.077773
0.215709
0.053703
-0.113935
-0.009838
0.109349
-0.005737
0.019471
0.058636
0.351761
0.399231
0.171642
-0.234734
-0.494965
-0.574475
-0.351488
-0.064195
-0.170636
-0.373274
-0.380368
0.041804
0.452753
0.389526
-0.057782
-0.494033
-0.440841
0.077518
0.393479
0.271500
-0.031927
-0.091240
0.112940
0.332013
0.301233
0.053602
-0.228571
-0.296365
-0.054710
0.062978
0.038488
0.153059
0.172297
0.045685
-0.028683
0.081731
0.170333
0.194553
0.225059
0.252175
0.161824
0.054080
0.041141
-0.001818
-0.052566
-0.079057
0.027460
0.170997
0.303790
0.331094
0.185614
-0.013629
-0.040338
-0.096567
-0.181768
-0.150907
0.092478
0.287084
0.139329
-0.145565
-0.218891
-0.046877
0.008872
0.007708
-0.057783
-0.170384
-0.225906
-0.219084
-0.153984
-0.175644
-0.269409
-0.183388
0.049352
0.187167
0.104188
0.068795
0.084855
0.110150
-0.079280
-0.310981
-0.379840
-0.337622
-0.101296
0.143381
0.319048
0.075195
-0.315694
-0.506511
-0.248978
0.116628
0.153284
-0.077587
-0.325457
-0.339170
-0.211669
0.038340
0.186179
0.115333
-0.064750
-0.125383
0.017518
0.272666
0.406044
0.213627
-0.114339
-0.283035
-0.126432
0.120733
0.124217
-0.052580
-0.133662
-0.021428
0.074918
-0.046029
-0.234420
-0.163257
0.128329
0.361009
0.288183
0.018178
-0.146128
-0.030571
0.272993
0.395447
0.202850
-0.141644
-0.294500
-0.136275
0.071146
0.164476
0.063954
-0.105792
-0.170791
0.072507
0.397868
0.451200
0.201471
-0.140668
-0.193855
-0.058309
0.119697
0.227754
0.185669
0.066030
-0.009640
0.040945
0.105241
0.072562
0.018574
-0.072827
-0.056192
0.037486
0.102046
0.072371
-0.018192
-0.013283
0.032573
0.068722
-0.049248
-0.143301
-0.108024
0.106450
0.317612
0.229319
-0.093323
-0.306987
-0.214077
0.046850
0.276488
0.240509
0.052036
-0.164967
-0.226055
-0.090942
0.010315
0.023628
0.099439
0.179417
0.119634
-0.082220
-0.234797
-0.223235
-0.077491
0.147294
0.242365
0.098401
-0.143803
-0.266370
-0.215532
-0.036614
0.037691
0.035253
0.049140
0.051154
-0.000116
-0.063517
-0.132615
-0.162659
-0.165698
-0.121958
0.014635
0.112826
0.144143
0.110103
-0.003512
-0.143266
-0.157989
-0.050144
0.029158
-0.018834
-0.113904
-0.118664
-0.050569
-0.027777
-0.018128
-0.006375
0.003996
-0.021818
-0.080013
-0.086112
-0.015066
0.007429
0.002013
0.012567
0.046042
0.007663
-0.100925
-0.064479
-0.001872
0.050080
0.037696
-0.018463
-0.072384
-0.067363
0.049450
0.187168
0.242613
0.095261
-0.067157
-0.113698
-0.032911
0.086997
0.092227
0.036075
-0.022525
-0.053498
0.013424
0.132407
0.164417
0.056879
-0.044770
-0.054630
0.031088
0.140136
0.144790
0.022782
-0.134595
-0.109846
0.054782
0.186665
0.156482
-0.013849
-0.134804
-0.083627
0.065311
0.181393
0.157507
0.017946
-0.096162
-0.106922
0.002646
0.126221
0.134360
0.023733
-0.100775
-0.167843
-0.087675
0.041749
0.128227
0.134467
0.062640
0.013139
-0.005230
-0.052427
-0.133946
-0.113134
0.026541
0.136893
0.119663
0.002786
-0.108392
-0.097132
-0.009504
0.049709
0.027526
-0.039682
-0.041890
0.060918
0.103707
-0.014546
-0.148245
-0.219115
-0.155308
0.004144
0.143464
0.167409
0.046942
-0.133420
-0.238481
-0.189493
-0.033190
0.095753
0.062435
-0.010543
0.010987
0.072709
0.061785
-0.050099
-0.144931
-0.153365
-0.077593
0.041905
0.097951
0.081047
0.002208
-0.051414
-0.048971
-0.052911
-0.077960
-0.109952
-0.080812
-0.002738
0.049711
0.118369
0.153648
0.125206
0.023891
-0.088754
-0.116301
-0.150123
-0.081659
0.059452
0.168472
0.155951
0.037771
-0.108066
-0.168481
-0.090858
0.021566
0.113552
0.066235
-0.019723
-0.011537
0.042339
0.053407
0.005492
-0.046436
-0.045156
0.020564
0.120153
0.136833
-0.000595
-0.148833
-0.183505
-0.069934
0.121742
0.218779
0.139933
-0.018428
-0.122628
-0.121088
-0.062888
-0.003357
0.048655
0.100438
0.105899
0.041292
-0.012784
-0.041657
-0.054655
-0.056460
-0.041643
-0.016605
0.020769
0.074785
0.107087
0.070965
-0.024051
-0.106469
-0.109008
-0.047227
0.026974
0.082650
0.098301
0.054625
-0.031644
-0.066166
-0.057611
-0.028603
0.009163
0.004724
-0.044611
-0.076249
-0.035566
0.037341
0.079205
0.043093
-0.029144
-0.037899
0.004131
0.036684
0.037386
-0.004326
-0.043015
-0.034467
-0.019656
-0.024221
-0.077653
-0.114090
-0.055872
0.015527
0.069375
0.072510
0.017035
-0.025357
