-0.001560
-0.004647
-0.007518
-0.009766
-0.009384
-0.008360
-0.005213
-0.001917
0.001325
0.001169
-0.000710
-0.000922
0.001349
0.002823
0.001461
-0.001413
-0.008366
-0.009683
-0.010211
-0.005281
-0.009801
-0.008840
-0.013054
-0.004083
-0.004673
0.005172
0.002248
0.005795
-0.000925
-0.002728
-0.005645
-0.003777
-0.007687
-0.018705
-0.010252
-0.045453
-0.061391
-0.167746
-0.069700
-0.232767
-0.316036
-0.135154
-0.121146
-0.060432
0.059678
0.396093
0.447905
0.329976
0.311876
0.560324
0.664866
0.338396
0.209728
0.095642
-0.136346
-0.519957
-0.812527
-0.637170
-0.280899
-0.046584
-0.036551
-0.018412
0.077484
0.272962
0.412180
0.360911
0.288238
0.203194
0.181595
0.128317
-0.083107
-0.220826
-0.224590
-0.211228
-0.328290
-0.462914
-0.314987
0.070820
0.296542
0.170807
-0.066457
-0.060553
0.255197
0.535691
0.498186
0.078139
-0.385389
-0.461604
-0.183874
0.057308
-0.029489
-0.345854
-0.384775
-0.098304
0.235493
0.319363
0.142865
0.017261
0.066227
0.159317
0.084316
-0.101722
-0.263947
-0.207227
-0.046458
-0.001454
-0.174360
-0.204392
-0.145340
-0.026069
0.048898
-0.170161
-0.223848
-0.188113
-0.074533
0.065484
0.186726
0.112843
-0.018399
0.006673
0.099536
0.328951
0.483153
0.614893
0.621820
0.509587
0.285010
-0.034034
-0.273935
-0.513846
-0.640517
-0.572037
-0.351701
-0.184706
-0.116201
-0.085574
-0.011057
0.193716
0.359777
0.462117
0.499342
0.403924
0.264697
0.022352
-0.163613
-0.224063
-0.165442
-0.144091
-0.208102
-0.394366
-0.493008
-0.322174
-0.105851
0.227213
0.266754
0.127858
-0.044669
-0.000762
0.222223
0.551884
0.551241
0.236284
-0.162621
-0.454685
-0.459146
-0.444456
-0.413798
-0.316655
-0.091073
0.193664
0.457252
0.367126
-0.035206
-0.413045
-0.446264
-0.408104
-0.102085
-0.032722
0.050374
0.068883
-0.118384
-0.017292
0.099921
0.160913
0.156760
0.410688
0.549247
0.401079
0.144774
-0.042017
0.099632
0.235196
0.366801
0.576018
0.431809
-0.098575
-0.684740
-0.814931
-0.575216
-0.112743
0.199943
0.274759
0.189827
0.019926
0.009890
0.070694
0.135831
0.070998
0.053955
0.116948
0.117785
-0.064067
-0.086317
0.021215
0.086159
-0.058749
-0.277100
-0.240605
-0.266515
-0.198453
-0.098547
-0.063632
0.012448
0.302571
0.448725
0.156605
-0.349410
-0.629982
-0.215353
0.243503
0.289181
0.099345
0.016210
0.280431
0.432468
0.227268
-0.126867
-0.360091
-0.457626
-0.417590
-0.286671
-0.273457
-0.316568
-0.181502
0.180921
0.456981
0.281982
0.030600
-0.057902
-0.016605
0.118767
0.149237
0.036782
-0.432448
-0.710451
-0.460166
0.156641
0.470789
0.400324
0.064976
-0.231555
-0.214912
-0.068553
0.257257
0.475262
0.513744
0.361639
0.126045
0.006812
0.127143
0.195451
0.227880
0.227062
0.161085
0.015490
-0.123965
-0.207220
-0.051289
0.198183
0.341396
0.234537
-0.110845
-0.327155
-0.309900
-0.092842
0.046460
0.090390
0.056768
0.095587
0.152230
0.149236
-0.017008
-0.241016
-0.194802
0.085829
0.289143
0.054622
-0.387905
-0.586559
-0.378981
0.022271
0.243495
0.121225
-0.096133
-0.067060
0.047306
0.085226
-0.008710
-0.137062
-0.222043
-0.252113
-0.233764
-0.135366
-0.045214
0.036063
0.169081
0.177940
-0.044469
-0.395119
-0.507186
-0.278952
0.014745
0.150802
0.033684
-0.138204
-0.160989
0.030458
0.313062
0.354836
0.180780
-0.079005
-0.189517
-0.188736
-0.032479
0.074447
0.011091
-0.001566
0.005811
-0.015344
-0.160441
-0.229095
-0.112783
0.086440
0.158010
0.047341
-0.067326
-0.080535
0.071195
0.241051
0.240838
0.086797
-0.060243
-0.059557
0.051688
0.131882
0.096687
0.032084
0.032686
0.114823
0.209765
0.209850
0.093091
-0.030253
-0.021845
0.050907
0.162766
0.202027
0.117671
0.028006
-0.016464
0.043005
0.094041
0.101271
0.051142
-0.002105
-0.067130
-0.045859
0.090245
0.142448
0.126807
0.118466
0.155483
0.122617
0.045667
0.040559
0.248579
0.416307
0.329331
0.101352
-0.237381
-0.449668
-0.485705
-0.328734
-0.240963
-0.233388
-0.187464
-0.117745
0.016990
0.061144
0.057713
-0.054880
-0.091003
0.004560
0.190313
0.301287
-0.011204
-0.334593
-0.365159
-0.188755
0.001167
0.047925
-0.010007
-0.161361
-0.284298
-0.264075
-0.128636
-0.014397
0.055013
0.206693
0.201425
-0.058630
-0.334472
-0.370031
-0.162815
-0.038868
0.024653
0.096624
0.154677
0.087594
-0.037511
-0.123233
-0.129860
-0.048345
0.041726
0.026648
-0.118249
-0.220106
-0.150293
0.074725
0.246149
0.200089
0.006660
-0.101738
-0.063251
0.055920
0.144958
0.130988
0.050859
-0.010101
-0.001587
0.064550
0.053939
0.002372
0.014100
0.097363
0.121632
0.080194
0.016045
-0.007325
0.033291
0.080017
0.105882
0.073732
0.071018
0.020892
0.048028
0.063579
0.016578
0.007079
-0.013247
-0.018118
0.030529
0.095358
0.091694
0.061242
0.083997
0.119646
0.097642
-0.006443
-0.099804
-0.069175
0.018954
0.109174
0.116046
0.078824
0.058230
0.052820
0.006631
-0.076941
-0.127499
-0.079110
0.093310
0.187674
0.147525
0.039374
-0.023301
0.000585
0.007806
-0.008751
-0.098306
-0.170454
-0.107758
0.080072
0.228589
0.190981
0.022667
-0.140013
-0.150969
-0.053122
0.058253
0.068141
-0.012908
-0.065889
-0.073396
-0.017872
0.007937
-0.000995
-0.038971
-0.071985
-0.004925
0.057078
0.023768
-0.111136
-0.195241
-0.142521
0.029264
0.179917
0.126548
-0.016279
-0.135960
-0.117424
-0.040769
-0.012077
-0.052121
-0.112482
-0.019015
0.065942
0.026692
-0.123534
-0.201435
-0.104978
0.009476
0.069490
0.011578
-0.067295
-0.067609
0.000006
0.043232
0.003760
-0.066865
-0.172148
-0.137354
-0.015332
0.003358
-0.063100
-0.097950
-0.066616
0.029691
0.103101
0.027057
-0.145667
-0.264414
-0.123507
0.168637
0.322640
0.209000
-0.062935
-0.242578
-0.173373
0.037997
0.173293
0.173392
0.076496
-0.015576
-0.046974
-0.064440
-0.014246
0.049850
0.100951
0.086456
0.021329
-0.049565
-0.070841
-0.022201
0.043010
0.096428
0.086082
0.058363
0.051094
0.090547
0.120775
0.075322
-0.014296
-0.081291
-0.070531
-0.007344
0.028917
0.039712
0.026596
0.029021
0.042459
0.074574
0.062334
0.022378
-0.015132
-0.041007
-0.025398
-0.005470
0.050586
0.121513
0.129532
0.011273
-0.127902
-0.172624
-0.078988
0.039147
0.113088
0.107716
0.012757
-0.060688
-0.050921
0.006543
0.053173
0.073343
0.035975
0.008350
-0.016165
-0.041307
-0.042154
-0.036388
-0.062184
-0.094936
-0.071441
0.013976
0.071185
0.019601
-0.064752
-0.112885
-0.064621
0.029382
0.098563
0.085877
0.004700
-0.041869
-0.026262
-0.005456
-0.070402
-0.110535
-0.070051
-0.011474
-0.006521
-0.044353
-0.042313
-0.045587
0.000239
0.054654
0.115923
0.083835
-0.017754
-0.048581
-0.014615
0.008158
-0.049263
-0.038088
-0.026109
0.006567
0.029529
0.052785
0.030054
-0.040905
-0.078548
-0.108570
-0.055915
-0.033202
0.019434
0.109326
0.166750
0.103399
-0.029341
-0.069546
-0.051490
-0.036162
-0.043045
-0.015360
0.015926
0.037667
0.050983
0.034928
-0.030190
-0.051420
-0.029641
0.024375
0.081332
0.074965
0.032856
-0.015292
-0.012231
0.021395
0.070899
0.058597
-0.025473
-0.075279
-0.040980
0.015636
0.056967
0.006421
-0.073311
-0.084638
-0.011817
0.075577
0.096420
0.065713
0.015435
0.015040
0.035244
0.065529
0.013688
-0.080904
-0.117534
-0.057601
0.045518
0.105025
0.095023
0.008033
-0.083634
-0.133516
-0.062406
0.041489
0.102746
0.045647
-0.027225
-0.026083
-0.011896
0.047786
0.083622
0.070175
-0.018990
-0.078203
-0.096097
-0.070321
-0.009124
0.028174
0.047493
0.007260
-0.017920
-0.003088
0.005329
-0.010022
-0.024937
-0.014057
-0.016046
-0.018288
-0.034455
-0.050919
-0.010293
0.027432
0.003503
-0.071826
-0.100064
-0.046152
0.041527
0.078834
0.038898
-0.011857
-0.010715
0.028563
0.060938
0.062930
0.010166
-0.019152
-0.021267
-0.007479
-0.004570
-0.019463
-0.055387
-0.081682
-0.057913
-0.047636
-0.023110
-0.066881
-0.128515
-0.136347
-0.062945
0.063799
0.160328
0.222672
0.182338
0.120702
0.024456
-0.074090
-0.087520
-0.022705
0.063226
0.090669
0.026355
-0.101435
-0.148746
-0.109306
-0.005218
0.072289
0.089981
0.086313
0.062992
0.026890
-0.031179
-0.059253
-0.040485
0.052699
0.131419
0.113024
0.012516
-0.097060
-0.123752
-0.077807
0.026588
0.121288
0.094678
-0.030657
-0.110415
-0.061459
0.021330
0.037569
0.014749
-0.005124
-0.001178
0.034397
0.042933
0.020193
-0.023466
-0.029669
0.005482
0.024552
0.006548
-0.046155
-0.049500
-0.007281
0.048964
0.021627
-0.036119
-0.050838
