-0.005894
-0.010431
-0.010320
-0.007132
-0.003060
-0.004446
-0.002129
0.005912
0.012777
0.010865
0.009581
0.013945
0.011309
0.004416
-0.006734
-0.006622
-0.013959
-0.013009
-0.023785
-0.018003
-0.022263
-0.009309
-0.013202
0.001058
0.005666
0.017328
0.011963
0.007910
-0.003157
-0.003161
-0.011592
-0.050741
-0.056252
-0.133878
0.042267
-0.287854
-0.202569
0.088370
-0.137526
-0.122489
0.086807
0.258555
-0.212160
-0.186474
-0.118553
-0.052158
-0.054549
-0.103586
0.433879
0.546555
0.317805
0.202676
0.522385
0.680062
0.451181
0.225108
0.041105
-0.182169
-0.638024
-0.864612
-0.629763
-0.322695
-0.098072
-0.102004
-0.088861
0.071902
0.299475
0.554316
0.565783
0.357678
0.055354
-0.056150
-0.020163
-0.038366
-0.122217
-0.238747
-0.310455
-0.424846
-0.494795
-0.312762
0.106696
0.385319
0.240700
-0.013498
-0.210430
0.076788
0.530205
0.619767
0.208063
-0.402098
-0.410656
-0.376932
-0.106365
0.137585
0.140275
-0.139350
-0.299737
0.246800
-0.068691
-0.628241
-0.498145
-0.281847
-0.008333
0.211761
0.144929
-0.080665
0.037810
0.132768
0.192932
0.261459
0.309092
0.450597
0.283842
0.078165
0.145837
0.466151
0.707780
0.635386
0.120957
-0.476232
-0.796109
-0.769067
-0.537042
-0.341857
-0.249876
-0.087751
0.162501
0.304488
0.350190
0.305517
0.316918
0.238718
0.088806
-0.016096
0.059024
0.059280
-0.123667
-0.399913
-0.566142
-0.345722
-0.016420
0.298750
0.139616
-0.120745
-0.317936
-0.192821
0.214098
0.424850
0.336995
-0.014293
-0.334939
-0.446035
-0.128562
-0.006771
0.029020
-0.145472
-0.285096
-0.179138
0.184695
0.448593
0.311696
0.034421
-0.338519
-0.363285
-0.238128
-0.082360
0.003218
0.066844
0.080776
0.153667
0.133363
0.215720
0.284265
0.090983
-0.115314
-0.245774
-0.460671
-0.703771
-0.535373
-0.089668
0.484968
0.652357
0.362194
-0.099379
-0.325535
-0.142291
0.429012
0.834843
0.650324
0.173898
-0.249674
-0.168003
0.324328
0.594841
0.381499
-0.108242
-0.337038
-0.154478
0.095221
0.189624
-0.022236
-0.209377
-0.258564
-0.096288
-0.155550
-0.377628
-0.384849
0.050964
0.595397
0.466803
-0.047671
-0.513780
-0.343848
0.235640
0.624072
0.405799
-0.149025
-0.496529
-0.347382
-0.119870
-0.083425
-0.198965
-0.348161
-0.258251
-0.043257
0.139931
-0.084333
-0.063476
-0.011496
0.139549
0.135223
0.100240
0.190492
0.248786
0.237346
-0.032870
-0.241849
-0.559095
-0.629210
-0.544863
-0.241290
0.301113
0.639507
0.563994
0.169922
-0.107347
-0.102066
-0.035222
-0.085993
-0.266777
-0.215959
0.083932
0.385261
0.386272
0.140323
-0.130720
-0.110917
0.065973
0.146100
0.235512
0.241953
0.091676
-0.020687
-0.070909
0.047409
0.265117
0.218831
0.034561
0.093293
0.387008
0.539244
0.419322
0.033085
-0.093272
-0.079671
-0.082663
-0.160703
-0.224305
-0.391734
-0.629098
-0.604747
-0.289404
0.058821
0.105617
0.117774
0.260613
0.380592
0.128245
-0.194114
-0.286509
0.054387
0.392140
0.268647
-0.314691
-0.790643
-0.736229
-0.247798
0.267706
0.327752
-0.005511
-0.392883
-0.354796
-0.003709
0.364671
0.421417
0.286658
-0.016232
-0.329040
-0.314714
-0.015035
0.194815
0.010862
-0.387115
-0.509164
-0.185745
0.184102
0.265084
-0.011854
-0.298775
-0.310005
-0.034145
0.296707
0.257592
0.006052
-0.223226
-0.262453
-0.073710
0.166883
0.303408
0.220877
0.137346
0.069762
0.053702
-0.034193
-0.141772
-0.109466
0.042490
0.258797
0.304476
0.105358
-0.097434
-0.039923
0.160419
0.257412
0.181810
0.018648
-0.089017
-0.013310
0.207905
0.382596
0.272099
-0.003743
-0.173300
-0.188989
-0.088052
0.051550
0.084904
-0.023531
-0.077009
0.054787
0.229486
0.245217
0.098242
-0.096434
-0.154702
-0.044410
0.028393
-0.041545
-0.090579
-0.012274
0.138913
0.203263
0.203632
0.133718
-0.041710
-0.169390
-0.150244
-0.073005
0.004167
0.091148
0.119559
-0.022400
-0.136454
-0.104305
-0.047252
-0.026288
-0.019556
0.062274
0.066998
0.070944
-0.012075
-0.050130
0.017121
0.130615
0.124083
-0.035922
-0.184634
-0.299848
-0.180476
-0.060587
-0.097920
-0.263529
-0.224297
0.054640
0.217049
0.179046
0.009538
-0.108921
-0.210502
-0.198755
-0.085226
0.022388
0.115208
0.057476
-0.095755
-0.210400
-0.136550
0.029624
0.077367
-0.038795
-0.149745
-0.107222
-0.045180
-0.077489
-0.122228
-0.040311
0.165032
0.220722
0.060700
-0.073105
-0.017074
0.181102
0.254361
0.078497
-0.195095
-0.234392
0.050786
0.364567
0.324659
-0.014085
-0.284248
-0.263176
-0.023795
0.128237
0.078108
-0.059153
-0.093653
0.047743
0.218519
0.219965
0.046453
-0.096027
-0.097888
-0.031873
0.000633
-0.021148
-0.057762
-0.026644
0.061281
0.074277
0.038472
-0.007551
-0.016800
-0.005936
0.009705
0.000924
0.016839
0.117369
0.187051
0.158947
0.043873
-0.007044
-0.029779
-0.046560
-0.059879
-0.004837
0.084743
0.067838
-0.006259
-0.040324
-0.024522
-0.017847
0.006111
0.008844
0.016306
0.002237
0.026774
0.033942
-0.023911
-0.034386
0.045268
0.127585
0.017588
-0.143302
-0.165708
-0.064150
0.049849
0.085522
0.030700
-0.065918
-0.121675
-0.052221
0.049052
0.063574
0.014153
-0.013922
-0.006515
-0.049374
-0.098345
-0.077197
-0.016955
0.037122
0.055155
0.006160
-0.073977
-0.097334
-0.028778
0.057527
0.080375
0.014551
-0.054614
-0.100305
-0.066399
0.043217
0.125900
0.083257
-0.053351
-0.130229
-0.120027
-0.037951
0.054215
0.083722
0.007270
-0.077795
-0.095597
-0.012276
0.035553
-0.014392
-0.091651
-0.129379
-0.090387
0.008614
0.111855
0.146749
0.105846
-0.040914
-0.147115
-0.082978
0.049310
0.095586
0.103142
0.060040
-0.011579
-0.084418
-0.107302
-0.040089
0.030428
0.064544
0.025623
-0.071991
-0.099527
0.011558
0.127242
0.123386
0.045345
0.022815
0.048542
0.067743
0.071992
0.010298
-0.126497
-0.171042
-0.077301
0.056255
0.172316
0.194339
0.127566
0.011158
-0.082205
-0.118254
-0.105524
-0.038176
0.027645
0.107479
0.136819
0.119514
0.049063
-0.051068
-0.122231
-0.116582
-0.001847
0.072070
0.077224
0.024070
-0.002746
-0.015303
-0.019226
0.024221
0.022627
-0.019727
-0.071764
-0.046561
0.043100
0.106514
0.077401
0.001922
-0.049917
-0.063822
0.013775
0.052297
0.029722
-0.037665
-0.100477
-0.081658
-0.041776
-0.011341
-0.033911
-0.056870
-0.030664
0.031618
0.079781
0.070234
0.024553
-0.061646
-0.114770
-0.089091
-0.001718
0.125347
0.167181
0.098400
-0.005860
-0.088850
-0.131899
-0.113118
-0.061381
-0.033663
0.014533
0.051530
0.037484
0.004988
-0.048593
-0.063077
-0.019422
0.031656
0.069659
0.093942
0.086683
0.041874
-0.005617
-0.061099
-0.095891
-0.103826
-0.068848
0.006370
0.048762
0.033175
-0.012385
-0.016333
0.008869
0.014478
-0.005400
-0.012140
0.004278
0.029350
0.053567
