-0.005680
-0.003899
-0.002295
0.002821
0.004475
0.003825
-0.002283
-0.004152
-0.001900
0.003400
0.006553
0.003512
0.003447
-0.003818
0.000759
-0.006695
0.003582
-0.006292
0.007176
-0.010945
-0.001873
-0.023426
-0.005490
-0.018633
-0.000084
-0.009023
0.001961
-0.009862
-0.016463
-0.002191
-0.018389
-0.016251
-0.126858
0.000859
-0.266242
-0.109783
-0.200303
-0.176213
-0.085756
-0.210766
-0.102715
-0.073801
0.014677
-0.119059
0.312374
0.539861
0.561299
0.204056
-0.138746
-0.127005
-0.161434
-0.173371
0.090254
0.512177
0.573055
0.193446
-0.300499
-0.404369
0.108784
0.565652
0.473919
-0.028987
-0.559586
-0.653553
-0.386016
0.027407
0.235478
0.264719
0.146821
0.000781
-0.243022
-0.278192
0.085479
0.583047
0.593702
-0.005704
-0.512861
-0.518262
-0.003667
0.411108
0.178920
-0.443724
-0.596566
-0.273526
0.241244
0.317084
-0.026913
-0.151365
-0.071104
0.123741
0.139916
0.106804
-0.038669
-0.021345
0.075558
0.043419
-0.121767
-0.394393
-0.324533
-0.033111
0.204419
0.145133
-0.017536
-0.066209
-0.036492
0.099336
0.202750
0.333160
0.177134
-0.177479
-0.417293
-0.323561
0.048473
0.316772
0.259240
-0.188527
-0.552162
-0.455594
0.057980
0.456801
0.373819
0.039076
-0.134433
-0.012739
0.154413
0.189690
0.196164
0.236357
0.329206
0.381721
0.332874
0.270385
0.201916
0.122605
-0.095201
-0.321929
-0.335462
-0.292748
-0.367896
-0.591212
-0.517798
-0.043143
0.441881
0.534606
0.256545
0.013299
0.065084
0.312116
0.382085
0.140453
-0.181011
-0.290865
-0.218376
-0.188284
-0.331635
-0.476663
-0.347627
0.036045
0.312416
0.277603
-0.056690
-0.271640
-0.106287
0.331983
0.517984
0.102993
-0.495092
-0.744603
-0.429669
0.080818
0.321018
-0.003455
-0.449843
-0.451014
-0.132115
0.217490
0.298193
0.204691
0.092100
-0.017570
-0.032393
-0.068298
-0.171821
-0.262608
-0.015655
0.325634
0.352756
-0.140795
-0.628506
-0.504161
0.121435
0.701478
0.654827
0.078880
-0.500537
-0.465760
-0.052897
0.300065
0.302605
0.149279
0.115286
0.148956
0.140028
0.062934
0.013031
0.035924
0.079606
0.062853
0.005412
-0.065910
-0.068846
-0.017879
0.091782
0.190769
0.197385
0.104898
-0.046300
-0.034143
0.208903
0.436882
0.431015
0.230661
0.129632
0.127262
0.180725
0.105560
-0.189082
-0.492227
-0.534109
-0.265908
-0.103303
-0.090536
-0.161552
-0.091891
0.065450
0.162793
0.160004
-0.005337
-0.125065
-0.129707
0.084255
0.180694
0.076105
-0.202510
-0.532327
-0.481347
-0.166426
0.171448
0.183758
-0.091626
-0.272646
-0.172945
0.007651
0.106817
0.188603
0.213507
0.112573
-0.033764
-0.284625
-0.447784
-0.475108
-0.256915
0.113748
0.212189
0.056399
-0.224512
-0.216382
0.001887
0.297616
0.255002
-0.060183
-0.241009
-0.126378
0.126988
0.174569
0.086950
0.003131
0.057829
0.088601
0.033701
-0.023200
0.026546
0.107459
0.093237
-0.067182
-0.204959
-0.116873
0.126821
0.246987
0.165771
0.019519
0.005085
0.106162
0.128134
0.058624
-0.016183
0.016453
0.083978
0.073415
0.012824
0.016574
0.090348
0.101743
-0.023348
-0.128604
-0.079719
0.114085
0.280890
0.223544
0.026349
-0.100352
0.039820
0.257139
0.278761
0.076943
-0.127352
-0.169284
-0.073802
0.094372
0.152522
0.051805
-0.128557
-0.135008
0.054248
0.198493
0.125005
-0.005234
-0.044652
-0.070333
-0.058081
-0.013482
0.046722
0.091389
0.062088
0.038434
-0.030841
-0.069097
-0.041554
0.019092
0.077820
0.002795
-0.148834
-0.246415
-0.183674
-0.112441
-0.012300
0.095998
0.096369
-0.035308
-0.200743
-0.240292
-0.155548
-0.110097
-0.104042
-0.059166
0.068925
0.189423
0.123527
-0.074841
-0.221147
-0.166626
-0.019423
0.097211
0.026202
-0.206476
-0.301995
-0.178147
0.054583
0.193843
0.138814
-0.053617
-0.248746
-0.271872
-0.110193
0.095760
0.163077
0.084988
-0.104724
-0.168633
-0.059246
0.081505
0.121536
0.089290
0.093335
0.061279
0.017308
-0.037895
-0.068772
-0.070895
-0.007459
0.106539
0.173026
0.117232
0.013608
-0.055712
-0.038842
0.025948
0.062168
0.026790
-0.027220
-0.000681
0.073438
0.134685
0.114289
0.020877
-0.053379
-0.037242
0.033115
0.069060
0.047764
0.049078
0.093610
0.108230
0.052698
0.008576
-0.021459
-0.021450
0.010805
0.033136
0.046477
0.038237
0.051558
0.068467
0.030927
-0.014154
-0.013569
0.006490
0.044938
0.078506
0.109471
0.081462
0.022261
-0.000208
0.008290
-0.019117
-0.077509
-0.071660
-0.034784
0.016414
0.028443
0.046564
0.049493
0.034851
0.007352
-0.049693
-0.092974
-0.092249
-0.021148
0.025390
0.053940
0.015737
-0.057409
-0.066704
-0.039327
0.002751
0.046708
0.045515
-0.006941
-0.076358
-0.127702
-0.094122
-0.007279
0.065477
0.074990
0.031390
-0.054555
-0.122952
-0.120915
-0.041834
0.038250
0.038402
-0.010054
-0.072764
-0.074704
-0.043527
-0.024222
0.025695
0.060638
0.002719
-0.079714
-0.122281
-0.074197
0.027629
0.096098
0.075445
0.021595
-0.053228
-0.092101
-0.079801
-0.092248
-0.044478
0.041408
0.103786
0.053662
-0.064039
-0.144112
-0.111785
0.010777
0.106586
0.126564
0.053372
-0.039841
-0.084812
-0.073568
-0.041254
0.005131
0.082591
0.116321
0.101194
0.034415
-0.058346
-0.095416
-0.065681
-0.002576
0.030446
0.043476
0.056787
0.083117
0.084709
0.047090
-0.013274
-0.081151
-0.084060
-0.029008
0.048444
0.095509
0.089657
0.045846
-0.009424
-0.023459
-0.013687
-0.008968
-0.022867
-0.007503
0.045288
0.087328
0.081738
0.040061
0.005761
-0.033626
-0.049549
-0.012377
0.026164
