0.000803
0.001900
0.000044
-0.000957
0.001198
0.003780
0.002769
0.001627
0.001579
0.001650
0.001266
0.000698
-0.001134
-0.002570
-0.000504
0.000312
-0.000544
-0.003645
-0.001950
-0.001797
0.000182
-0.003432
-0.002580
-0.004670
-0.001189
-0.003997
-0.002976
-0.003936
-0.000473
-0.000426
-0.003000
-0.003313
-0.003751
0.005220
-0.002625
0.002717
-0.010122
0.007005
-0.007514
-0.000531
-0.034623
-0.007053
-0.047584
-0.039630
-0.189405
-0.175118
-0.116709
-0.504596
-0.286206
-0.104495
-0.212492
-0.103775
0.396336
0.588168
0.374621
0.401352
0.561976
0.577869
0.222235
0.015886
0.195420
0.262358
-0.020686
-0.317045
-0.497626
-0.494564
-0.537984
-0.611298
-0.530958
-0.103886
0.499242
0.774741
0.501689
0.028931
-0.086413
0.145399
0.386431
0.283115
-0.023989
-0.193802
-0.244870
-0.356884
-0.526675
-0.465477
0.037016
0.422311
0.297957
-0.193301
-0.422924
-0.019179
0.580617
0.672158
0.169038
-0.371998
-0.429560
0.006309
0.187237
-0.081104
-0.425812
-0.345130
0.072706
0.288566
0.090111
-0.217757
-0.124415
0.328251
0.485580
0.137727
-0.368478
-0.421590
-0.033012
0.225435
0.006847
-0.360246
-0.398705
-0.082033
0.277345
-0.059423
-0.362264
-0.439433
-0.217147
0.052334
-0.080831
-0.182783
-0.155007
-0.029505
0.180060
0.545071
0.571896
0.461805
0.479725
0.587892
0.552354
0.201455
-0.075146
0.043903
0.228652
0.056400
-0.388060
-0.773088
-0.707338
-0.296603
0.077308
0.242231
0.227716
0.148732
0.142140
0.137250
0.166895
0.290496
0.371743
0.322519
0.045829
-0.370977
-0.532461
-0.368274
-0.101255
-0.009327
-0.146683
-0.188716
-0.053128
0.078214
0.122574
0.077995
0.125038
0.304900
0.292100
0.060301
-0.264049
-0.362188
-0.103971
0.149221
0.082766
-0.241286
-0.417743
-0.165192
0.292295
0.436378
0.124558
-0.234882
-0.184164
0.186833
0.338285
0.049486
-0.427212
-0.506886
-0.140419
0.161289
0.103278
-0.244698
-0.354301
-0.057568
0.317179
0.286495
0.044121
-0.199457
-0.107325
0.083812
0.081489
-0.116941
-0.328556
-0.327625
-0.214089
0.068382
-0.016352
-0.162106
-0.126547
0.087266
0.195786
0.170544
0.153744
0.117738
0.049774
-0.009440
0.046200
0.051330
0.004187
0.028303
0.227352
0.461694
0.556023
0.395909
0.238781
0.217730
0.339344
0.396200
0.230008
-0.072761
-0.427464
-0.630763
-0.542762
-0.254494
-0.108889
-0.174670
-0.192728
-0.057923
0.118982
0.241509
0.386078
0.518713
0.403587
0.131375
-0.130621
-0.216808
-0.122165
-0.097746
-0.239191
-0.375836
-0.387224
-0.238127
-0.045734
0.005984
0.005968
0.042531
0.147973
0.219427
0.188761
0.069590
0.050782
-0.014489
-0.083246
-0.299892
-0.385618
-0.302325
-0.212771
-0.246686
-0.330448
-0.156042
0.087458
0.476085
0.547130
0.371164
-0.109074
-0.382569
-0.363685
-0.132566
0.042465
0.061957
0.264755
0.300179
0.221606
-0.118322
-0.450471
-0.430414
-0.088601
0.127937
-0.063774
-0.357192
-0.464467
-0.192055
0.201719
0.313698
0.267518
0.074383
0.026750
0.050132
0.047239
0.071171
0.171528
0.216624
0.045391
-0.102418
-0.193758
-0.025691
0.177700
0.224768
0.077065
-0.060458
0.019680
0.240210
0.278943
0.146093
0.075377
0.216912
0.392270
0.309855
0.085140
-0.097147
-0.067443
0.048544
0.142495
0.019787
-0.081636
0.003303
0.253923
0.374531
0.154983
-0.151614
-0.329470
-0.319691
-0.265511
-0.122427
0.048669
0.110672
0.040661
-0.006009
0.001429
-0.025743
-0.155179
-0.264240
-0.123005
0.125546
0.163915
-0.028605
-0.211831
-0.329442
-0.273551
-0.035802
0.149240
0.165978
-0.081304
-0.314929
-0.316339
-0.064622
0.176317
0.228383
0.139859
-0.079717
-0.240358
-0.343384
-0.199318
0.019305
0.148940
0.029137
-0.213559
-0.196599
0.024070
0.283889
0.221402
-0.089226
-0.325112
-0.247764
-0.082551
-0.075897
-0.117839
-0.065752
0.077950
0.182719
0.072162
0.010471
0.050404
0.161228
0.161880
-0.029251
-0.128654
-0.078830
0.239190
0.345440
0.191670
-0.210903
-0.285369
-0.115223
-0.031444
0.019194
-0.016241
0.025277
0.085560
0.216175
0.256103
0.208290
0.067827
-0.055372
-0.151758
-0.169247
-0.079204
0.163497
0.308170
0.293629
0.102753
-0.015292
0.037620
0.100310
0.078542
-0.040066
-0.041427
-0.001434
0.099312
0.091611
0.071054
0.039567
-0.018473
-0.027383
-0.052982
-0.057745
-0.003952
0.063310
0.083382
0.067654
0.070011
0.116761
0.143060
0.057763
-0.108553
-0.133698
-0.040011
0.063056
0.049621
0.014325
-0.040325
-0.134259
-0.071503
0.086517
0.255667
0.258935
0.082209
-0.173560
-0.361953
-0.337719
-0.101369
0.145535
0.176393
-0.014356
-0.286447
-0.440619
-0.341704
-0.042006
0.252170
0.313233
0.127195
-0.127710
-0.276661
-0.250362
-0.145225
-0.115977
-0.144016
-0.088852
0.051453
0.125569
0.032630
-0.117763
-0.174960
-0.049593
0.089665
0.142620
0.006905
-0.178071
-0.210202
-0.074208
0.097942
0.101364
-0.006780
-0.125615
-0.109623
-0.006041
0.078228
0.014940
-0.082412
-0.049465
0.055900
0.154284
0.067871
-0.118013
-0.208689
-0.072271
0.151700
0.167498
-0.008867
-0.228945
-0.245517
-0.031959
0.228562
0.302503
0.146002
-0.077114
-0.156228
0.020591
0.210151
0.211641
0.038809
-0.080013
0.005409
0.187359
0.241744
0.092997
-0.079111
-0.057716
0.167572
0.324612
0.232857
-0.026304
-0.207245
-0.189361
-0.012223
0.176698
0.238096
0.143693
0.024368
-0.012731
-0.020506
-0.051225
-0.057087
-0.011298
0.033850
0.079693
0.063743
0.026621
-0.004465
0.008462
0.074246
0.119178
0.044108
-0.115262
-0.212533
-0.145102
0.049121
0.195443
0.196460
0.066217
-0.094621
-0.144685
-0.024270
0.087012
0.064865
-0.075505
-0.100225
-0.006999
0.083347
0.077643
-0.011928
-0.047154
-0.047139
-0.032204
-0.058524
-0.043353
-0.017148
-0.007125
0.033423
0.041369
-0.034871
-0.182147
-0.248903
-0.152902
0.009641
0.157241
0.192649
0.077004
-0.081994
-0.181811
-0.231997
-0.213770
-0.069203
0.119320
0.256746
0.228292
0.057132
-0.153708
-0.346142
-0.352327
-0.197959
0.017441
0.178306
0.226023
0.167601
0.045630
-0.046184
-0.115572
-0.157406
-0.168985
-0.078759
0.041252
0.106055
0.118257
0.064888
0.051958
0.028598
-0.039931
-0.116409
-0.187039
-0.102954
0.079405
0.202908
0.172019
0.071231
-0.039189
-0.166637
-0.170562
-0.091945
0.009281
0.063884
0.068996
0.052046
0.023145
0.004743
-0.016718
-0.023479
-0.037873
0.045193
0.174669
0.199573
0.075903
-0.098336
-0.181648
-0.084770
0.077397
0.167889
0.154211
0.011963
-0.124579
-0.153044
0.011753
0.143409
0.125945
-0.010860
-0.122092
-0.059789
0.036877
0.148883
0.173354
0.078016
-0.026443
-0.057133
-0.051042
-0.026513
-0.007512
-0.011651
-0.014114
-0.040526
-0.034484
-0.009707
0.030699
0.051200
0.030066
-0.025607
-0.067438
-0.046217
0.016811
0.058664
0.024265
-0.019339
-0.041829
0.038080
0.138456
0.099632
-0.066380
-0.227390
-0.228722
-0.094177
0.066227
0.145062
0.139040
0.086413
0.001807
-0.056267
-0.082730
-0.113098
-0.098469
-0.038368
0.051521
0.102195
0.076868
0.005090
-0.074859
-0.099466
-0.123949
-0.127328
-0.113609
-0.059947
0.042119
0.125290
0.147389
0.094390
0.031715
-0.049311
-0.107273
-0.096075
-0.021699
0.058083
0.062907
0.040418
0.042334
0.029329
-0.038333
-0.120728
-0.163937
-0.133533
-0.048521
0.068457
0.153579
0.160097
0.085478
-0.000700
-0.068899
-0.075397
-0.014702
0.019107
0.055904
0.074084
0.048418
-0.017438
-0.072398
-0.056088
-0.013633
-0.016950
-0.044065
-0.052073
-0.006461
0.098333
0.201971
0.192556
0.038337
-0.138297
-0.184644
-0.065818
0.108343
0.187989
0.127939
-0.001874
-0.114020
-0.154056
-0.125849
-0.024582
0.094211
0.149884
0.141175
0.090996
0.025953
-0.030624
-0.088412
-0.078174
-0.014061
0.055580
0.072883
0.017211
0.001392
0.022273
0.021412
-0.068049
-0.149371
-0.138635
-0.026855
0.126789
0.182447
0.126440
-0.021960
-0.112535
-0.107777
-0.039990
0.020998
0.030363
0.071023
0.086413
0.061209
-0.007053
-0.101620
-0.178669
-0.204940
-0.147095
-0.013120
0.116252
0.152539
0.103412
0.005366
-0.046798
-0.037498
-0.031168
0.004856
0.059131
0.085387
0.075463
0.037307
-0.014722
-0.065000
-0.100854
-0.111572
-0.061194
0.003630
0.017585
-0.003292
-0.018679
-0.006686
0.035296
0.071065
0.058486
-0.002700
-0.056270
-0.070442
-0.014812
0.075339
0.108839
0.065380
-0.028759
-0.113874
-0.117642
-0.059321
-0.012742
0.014850
0.023174
0.049177
0.065441
0.050950
0.009607
-0.041981
-0.066989
-0.062055
0.002028
0.077813
0.100947
0.055698
-0.019575
-0.082915
-0.115497
-0.095842
-0.031101
0.035390
0.061645
0.039497
0.023663
0.006640
-0.020096
0.006158
0.061898
0.089833
0.056469
0.008415
0.013400
0.032450
0.007617
-0.049413
-0.101320
-0.100094
-0.027004
0.058872
0.072183
0.024708
-0.050074
-0.093853
-0.063121
0.016513
0.101562
0.132390
0.101464
0.020861
-0.052269
-0.089376
-0.074923
-0.015213
0.025291
-0.003047
-0.048297
-0.051833
-0.024123
0.033969
0.052838
0.030253
0.020045
0.051264
0.071013
0.038142
-0.007865
-0.011242
0.019466
0.025550
0.026512
0.019924
0.000937
-0.046374
-0.083012
-0.074585
-0.032318
0.018193
0.047145
0.064914
0.055645
0.024560
-0.019097
-0.051063
-0.065051
-0.050622
-0.015284
0.010610
0.033365
0.033169
0.027927
-0.001024
