0.000565
0.000852
0.000522
0.000290
0.000313
0.000350
-0.000007
0.000098
-0.000074
-0.000365
-0.000181
0.000310
0.000503
-0.000064
-0.000563
-0.001609
-0.001496
-0.000427
-0.000466
-0.001141
-0.001814
-0.001525
-0.001413
-0.001492
-0.001301
-0.001340
-0.001512
-0.001389
-0.001148
-0.001023
-0.001121
-0.000756
-0.000659
-0.001369
-0.001188
-0.000190
-0.000702
-0.000951
-0.001266
-0.001436
-0.002293
-0.001409
-0.002244
-0.001998
-0.002981
-0.003747
-0.005122
-0.006391
-0.006660
-0.008197
-0.006817
-0.008946
-0.007571
-0.010506
-0.007506
-0.012936
-0.007640
-0.011720
-0.004067
-0.009430
-0.002871
-0.013327
-0.011868
-0.015983
-0.020676
-0.035050
-0.031532
-0.035514
-0.054378
-0.078685
-0.132176
-0.064878
-0.341581
-0.161590
-0.079918
-0.283552
0.119474
0.434173
0.583406
0.629295
0.771475
0.725320
0.290052
-0.177748
-0.293717
-0.310609
-0.522319
-0.627430
-0.515543
-0.342736
-0.249759
-0.183648
0.119254
0.441730
0.530222
0.442402
0.242164
0.126671
0.179316
0.281076
0.190201
-0.144482
-0.531227
-0.634471
-0.463462
-0.241532
-0.075577
0.040241
0.110551
0.121922
0.093176
0.145876
0.410326
0.568961
0.371509
-0.151257
-0.625776
-0.519165
-0.134987
0.137554
-0.049592
-0.411813
-0.376742
0.057949
0.544972
0.544509
0.170379
-0.188573
-0.177138
0.058328
0.102951
-0.025539
-0.229328
-0.278396
-0.196978
-0.039999
0.075684
-0.209474
-0.308789
-0.136638
-0.140082
-0.178431
-0.058876
0.136361
0.256595
0.147029
0.046835
-0.010537
0.119195
0.449507
0.521155
0.393418
0.207630
0.348025
0.578396
0.432089
-0.152923
-0.540050
-0.676060
-0.719744
-0.502559
-0.220273
0.063690
0.200738
0.064589
-0.208903
-0.129450
0.222072
0.693499
0.676374
0.095589
-0.235385
-0.141845
0.014881
-0.042292
-0.326384
-0.482061
-0.231065
-0.010088
0.038340
-0.024652
-0.008077
0.127605
0.255263
0.019376
-0.200455
-0.210755
0.075188
0.323638
0.084355
-0.091642
-0.179241
0.032967
0.215934
0.125196
-0.094841
-0.185086
-0.397618
-0.471415
-0.206727
0.174683
0.371930
-0.014802
-0.472534
-0.448124
0.061872
0.531682
0.600290
0.313530
0.140502
0.042611
0.062065
0.074989
0.137680
0.231895
0.338373
0.298539
0.091015
-0.091390
-0.190576
0.015765
0.037212
-0.164361
-0.358713
-0.419505
-0.319072
-0.127228
0.013769
0.129426
0.133295
-0.073587
-0.112049
0.140461
0.384435
0.386772
0.162059
-0.017369
-0.057676
-0.122826
-0.195114
-0.305142
-0.191441
-0.186517
-0.252008
-0.128591
-0.096135
-0.155029
-0.136930
0.162369
0.454170
0.620331
0.372094
-0.090295
-0.422063
-0.391892
-0.131583
-0.131291
-0.265823
-0.447864
-0.412514
-0.097112
0.166935
0.165902
0.016718
0.111899
0.295976
0.322932
0.010845
-0.270458
-0.078565
0.190965
0.393048
0.243685
-0.108799
-0.344675
-0.335326
-0.116437
0.026020
0.023465
-0.108435
-0.191385
-0.080449
0.172686
0.312932
0.279326
0.150980
-0.049314
-0.042874
0.065704
0.143223
0.160008
0.032039
-0.100648
-0.025796
0.218293
0.271336
0.198213
0.042024
0.041215
0.148077
0.331872
0.393621
0.248078
0.214086
0.182673
0.059797
-0.152530
-0.400610
-0.677105
-0.763258
-0.510268
-0.072892
0.220656
0.190979
0.080653
0.047723
0.150402
0.136916
0.018325
0.199956
0.292313
0.092042
-0.135632
-0.128931
-0.103329
-0.132407
-0.279901
-0.332536
-0.320919
-0.310757
-0.144634
-0.133665
-0.064408
0.121137
0.423699
0.491593
0.086327
-0.415245
-0.494383
-0.041021
0.378849
0.274878
-0.137624
-0.356048
-0.177655
0.128510
0.130111
-0.205306
-0.387284
-0.148239
0.222150
0.271646
-0.064491
-0.373799
-0.267773
0.245191
0.606021
0.395486
-0.164635
-0.384646
-0.111940
0.298835
0.329366
-0.066524
-0.408125
-0.354953
0.069290
0.409202
0.339917
-0.000357
-0.260547
-0.154972
0.206228
0.359732
0.218317
-0.076901
-0.212615
-0.079425
0.135606
0.154102
-0.060545
-0.243636
-0.250743
-0.035632
0.227057
0.311282
0.173597
-0.009468
-0.099905
-0.095024
0.030056
0.169027
0.177953
0.154343
0.092173
0.015282
-0.016518
-0.030138
-0.026824
0.006507
0.070314
0.054608
-0.072426
-0.129458
-0.051132
0.105796
0.169554
0.066733
-0.052846
-0.027529
0.108464
0.175046
0.082804
-0.066337
-0.098202
0.020730
0.092696
0.076298
0.088474
0.081755
0.045361
-0.111634
-0.185640
-0.097635
0.078896
0.129534
-0.135673
-0.437451
-0.429982
-0.079028
0.255267
0.217886
-0.054596
-0.223941
-0.114061
0.136659
0.227890
0.128188
-0.120702
-0.285731
-0.230572
-0.094983
-0.033291
-0.054673
-0.082797
-0.024474
0.061156
0.049348
-0.122769
-0.227391
-0.127609
0.061409
0.164444
0.029918
-0.134665
-0.174006
-0.055135
0.070693
0.065076
-0.035286
-0.099181
-0.063402
0.073733
0.158430
0.106479
0.036391
-0.032241
-0.060655
-0.027110
0.011095
0.007385
0.015730
-0.015569
-0.059255
-0.071288
0.018903
0.161300
0.132476
0.022145
-0.049874
-0.039756
0.011914
0.010494
-0.008433
-0.027196
-0.010612
0.073271
0.125199
0.083478
0.037661
0.012318
-0.032170
-0.049885
-0.065066
-0.059068
0.017585
0.082036
0.097864
0.093144
0.095425
0.073637
-0.016719
-0.107005
-0.092228
0.026915
0.163427
0.263107
0.225145
0.103051
0.011122
-0.038946
-0.046793
-0.048367
-0.010625
0.038101
0.032987
-0.007728
0.012100
0.089725
0.049612
-0.084694
-0.150357
-0.096035
0.003882
0.058824
0.071881
0.051783
0.054281
0.050175
0.012994
-0.025956
-0.053853
-0.040202
-0.014724
-0.010679
-0.015865
-0.003102
0.012928
0.004948
-0.020777
-0.027739
-0.030322
-0.004328
0.015249
0.013190
0.005568
-0.018954
-0.092637
-0.127207
-0.028040
0.077220
0.143563
0.121762
0.031979
-0.070052
-0.077366
-0.040315
-0.045042
-0.087588
-0.117665
-0.071967
0.008370
0.076080
0.067553
-0.014285
-0.114427
-0.107443
-0.033768
0.025501
-0.001572
-0.059530
-0.056324
0.028543
0.111764
0.053810
-0.094871
-0.187391
-0.129228
-0.009742
0.090415
0.095943
0.062191
0.025219
-0.028583
-0.030942
-0.028371
-0.044423
-0.060576
-0.036680
0.008533
0.042914
0.083971
0.114801
0.062453
-0.085986
-0.133443
-0.045651
0.093248
0.187572
0.124462
0.043745
-0.014640
-0.022062
-0.038199
-0.100752
-0.109374
-0.058947
0.041025
0.085577
0.082889
0.014603
-0.052592
-0.075951
-0.018640
0.071937
0.068814
0.014180
-0.035242
0.035719
0.134533
0.146215
0.045917
-0.095407
-0.122853
-0.031263
0.070834
0.056863
-0.043777
-0.103601
-0.061388
0.049270
0.075322
0.033937
0.004962
-0.005684
0.034210
0.054365
0.051687
0.025946
-0.045236
-0.102617
-0.066989
-0.005326
0.015826
0.007778
-0.008594
-0.013470
-0.033670
-0.024699
0.008305
0.035665
0.033109
0.016944
0.009626
0.034584
0.019875
-0.083006
-0.115602
-0.063930
0.007144
0.023982
-0.000436
0.012428
0.033593
-0.013304
-0.106125
-0.145848
-0.054537
0.098897
0.172994
0.118043
-0.023737
-0.104679
-0.074088
-0.024625
-0.040295
-0.060146
-0.053896
-0.011807
0.019966
0.023742
-0.011214
-0.048465
-0.043453
-0.025090
0.011776
0.049743
0.105306
0.125795
0.048749
-0.079255
-0.132854
-0.100168
-0.023535
0.019980
0.012210
-0.031372
-0.050450
-0.006789
0.040784
0.044310
0.015790
0.009311
0.015058
0.052772
0.087287
0.060522
-0.023880
-0.080297
-0.077839
-0.047119
-0.021682
0.018764
0.042674
0.000573
-0.051321
-0.045952
0.015082
0.027758
0.013956
0.016372
0.040570
0.068766
0.066733
0.054104
