0.002456
0.002701
0.001179
-0.000933
-0.002537
-0.004110
-0.005082
-0.005250
-0.003807
-0.002682
0.000383
0.001434
0.002433
-0.002281
-0.002783
-0.005678
-0.003688
-0.007921
-0.006143
-0.006993
-0.002290
-0.004276
-0.005276
-0.004357
-0.004650
-0.005187
-0.012261
-0.004905
-0.010843
0.000804
-0.010873
0.003517
-0.013878
0.007543
-0.027793
-0.004922
-0.040548
-0.028206
-0.147299
-0.173630
-0.133963
-0.421952
-0.254663
-0.056608
-0.005987
0.009737
0.285542
0.400937
0.106239
-0.226014
-0.214508
0.124456
0.225493
0.294003
0.490710
0.592388
0.453226
0.165231
-0.045838
0.060911
0.221166
0.058306
-0.422414
-0.751480
-0.635290
-0.163649
0.150107
0.182843
0.123241
0.103791
0.146081
0.112674
0.094649
0.162528
0.275007
0.235526
-0.043892
-0.360596
-0.359823
-0.062666
0.166756
0.027777
-0.349509
-0.466345
-0.127779
0.324429
0.449646
0.137692
-0.176170
-0.072021
0.278099
0.416694
0.137549
-0.320903
-0.473737
-0.238193
0.035827
0.044769
-0.160432
-0.180807
0.006453
0.285297
0.169018
-0.089842
-0.123767
-0.045090
0.033920
-0.117315
-0.245379
-0.208272
-0.032312
0.096184
0.195644
0.221274
0.086133
0.008600
-0.090813
-0.258851
-0.241541
-0.134792
0.119569
0.214856
0.067059
-0.141069
-0.234640
-0.051380
0.106320
0.156537
0.072429
-0.007189
0.027069
-0.021952
-0.228508
-0.294808
-0.003199
0.418433
0.677748
0.628850
0.262707
-0.011585
0.001182
0.289349
0.518747
0.353822
-0.063035
-0.467917
-0.607455
-0.450844
-0.192559
-0.108482
-0.118189
-0.109185
-0.020320
0.139622
0.162070
0.141229
0.223333
0.367417
0.441170
0.215846
-0.153180
-0.414352
-0.406542
-0.207452
-0.021893
-0.000272
-0.161741
-0.300538
-0.245028
0.050432
0.272475
0.296811
0.139576
-0.042813
-0.137819
-0.132819
-0.123954
-0.127035
-0.389470
-0.455681
-0.090290
0.267359
0.318934
0.159590
-0.002171
-0.155323
-0.142779
-0.062458
0.054826
0.007582
-0.055118
0.063718
0.294679
0.226346
-0.085374
-0.330937
-0.154682
0.119237
0.192424
-0.035414
-0.233097
-0.163652
0.016479
0.198713
0.146486
-0.064943
-0.362116
-0.315318
-0.152109
0.029991
0.077652
-0.000987
0.034846
0.245830
0.547022
0.634702
0.434485
0.032712
-0.256768
-0.342214
-0.195095
0.169152
0.441779
0.523542
0.368275
0.155084
0.036427
0.055692
0.137304
0.060353
-0.103625
-0.200874
-0.142416
-0.084969
-0.091540
-0.127956
-0.112730
-0.064203
-0.014275
-0.021372
-0.047240
0.016093
0.100409
0.003335
-0.266839
-0.384945
-0.177133
0.188908
0.355296
0.180365
-0.193805
-0.466246
-0.426123
-0.117363
0.197472
0.261151
0.116295
-0.094957
-0.156998
-0.089953
0.009983
0.066124
-0.018166
-0.143573
-0.292525
-0.234151
-0.239862
-0.201390
-0.234463
-0.367133
-0.293086
-0.082363
0.213390
0.373918
0.587257
0.557114
0.219296
-0.298483
-0.592965
-0.404206
-0.055647
0.254287
0.352781
0.153322
-0.114041
-0.216522
-0.098976
0.103156
0.198535
0.177594
0.079530
-0.080316
-0.214374
-0.170880
0.031047
0.296258
0.356912
0.178689
-0.071777
-0.197968
-0.090929
0.119076
0.203836
0.078903
-0.098904
-0.120936
0.061285
0.231275
0.245879
0.110418
-0.049891
-0.083589
0.028370
0.154974
0.189724
0.149998
0.094650
0.130493
0.128931
0.088956
-0.015752
-0.095653
-0.079869
0.022557
0.137679
0.152157
0.170456
0.221255
0.243718
0.178429
0.031402
-0.132830
-0.255290
-0.305141
-0.284713
-0.247472
-0.178474
-0.097306
0.050669
0.114698
0.082765
-0.124834
-0.285944
-0.319549
-0.203709
-0.092725
-0.080054
0.069163
0.049021
-0.003452
-0.073506
-0.074396
-0.074842
-0.022420
0.069947
0.076752
0.050156
-0.046273
-0.042075
0.011841
-0.007752
-0.080251
-0.171982
-0.251372
-0.297268
-0.307209
-0.212551
-0.084952
0.036551
0.094212
0.157098
0.176980
0.151690
0.104889
0.036820
-0.007878
-0.050786
-0.070385
-0.043633
0.065683
0.167617
0.178291
0.072301
-0.061902
-0.142096
-0.111838
-0.004046
0.063921
0.025575
-0.040224
0.007193
0.175319
0.263029
0.221522
0.066065
-0.126002
-0.186136
-0.091777
0.063838
0.151367
0.145565
0.077976
0.016875
0.010242
0.035833
0.033880
-0.008912
-0.070731
-0.059464
-0.012791
0.080731
0.196518
0.237768
0.201009
0.108535
0.041361
-0.015827
-0.061531
-0.065069
-0.023737
0.028667
0.066156
0.058428
0.063492
0.104693
0.121430
0.040435
-0.130531
-0.239584
-0.167857
0.024754
0.158626
0.145140
0.061887
0.024181
0.031824
0.056100
0.002317
-0.073365
-0.135265
-0.129594
-0.032071
0.101856
0.210024
0.179673
0.010482
-0.202725
-0.290912
-0.208224
-0.005925
0.137494
0.119709
0.033370
-0.055579
-0.111615
-0.102648
-0.016466
0.102901
0.105049
0.003854
-0.133918
-0.190124
-0.104145
0.050016
0.130127
0.015207
-0.146707
-0.207520
-0.115851
-0.002214
0.031746
-0.039526
-0.084774
-0.061443
-0.028816
-0.003574
-0.007435
0.002649
-0.003612
-0.045675
-0.102190
-0.120221
-0.086748
-0.014027
0.000954
-0.027944
-0.090839
-0.109253
-0.036153
0.051830
0.122070
0.084472
0.008892
-0.069433
-0.087685
-0.031104
0.035736
0.113809
0.091112
-0.031709
-0.114469
-0.062313
0.091271
0.164272
0.092108
-0.039794
-0.077170
0.007507
0.092326
0.079412
-0.023902
-0.074924
-0.060510
0.013418
0.102706
0.137771
0.109920
0.038999
-0.007520
-0.037228
-0.038384
0.040247
0.125159
0.125182
0.068612
0.013080
-0.001678
0.008148
0.008269
-0.006973
-0.036034
-0.014294
0.090906
0.164077
0.119656
-0.003542
-0.098785
-0.103968
-0.041581
0.025690
0.082270
0.091089
0.063273
0.038328
0.009100
-0.036695
-0.054473
-0.001245
0.030273
-0.015110
-0.065472
-0.029818
0.048003
0.121340
0.110623
0.020086
-0.102104
-0.134449
-0.069358
-0.004592
0.031354
0.022350
-0.001855
-0.045056
-0.050983
-0.027818
-0.002060
-0.025770
-0.056811
-0.059118
-0.068998
-0.022100
0.060376
0.115397
0.087117
-0.000385
-0.062212
-0.137604
-0.168547
-0.085288
0.050895
0.084373
-0.009565
-0.074684
-0.071712
-0.031042
0.027096
0.078334
0.082325
0.007259
-0.097253
-0.135210
-0.111818
-0.073483
-0.003574
0.084134
0.124600
0.086211
-0.004161
-0.095164
-0.137769
-0.109886
-0.008678
0.076292
0.088784
0.050702
0.022156
0.034591
0.032698
-0.004850
-0.072117
-0.068266
-0.018681
0.022415
0.035359
0.019372
-0.006508
-0.015730
0.003981
-0.002018
-0.042288
-0.086280
-0.055175
0.033959
0.127893
0.152447
0.067753
-0.056793
-0.105905
-0.036608
0.074542
0.133306
0.095705
-0.005529
-0.089102
-0.080032
0.007693
0.063752
0.060539
0.015832
-0.015780
-0.025060
0.002092
0.054463
0.060618
0.024445
-0.011958
-0.040590
-0.045122
0.018184
0.069486
0.091724
0.042411
-0.040428
-0.087684
-0.070581
