0.004624
0.003118
0.001021
0.000105
0.000324
-0.000120
-0.000005
0.000003
0.001345
0.002475
0.003382
0.002998
0.001714
-0.001349
-0.003285
-0.003294
-0.002588
-0.002161
-0.002137
-0.001717
-0.003486
-0.005194
-0.009289
-0.006260
-0.005298
0.000729
-0.002597
0.000552
-0.003650
0.000670
-0.007498
-0.006085
-0.009556
-0.008692
-0.016358
-0.016125
-0.023910
-0.049799
-0.093959
-0.094201
-0.170923
-0.263916
-0.093080
-0.124571
-0.024638
0.093619
0.169172
0.146283
-0.028197
-0.106694
-0.099477
0.090874
0.210385
0.213258
0.103059
0.016674
-0.124902
-0.281861
-0.109330
0.431244
0.788379
0.741954
0.405777
0.118706
-0.033492
-0.088097
-0.032148
-0.076852
-0.301293
-0.568914
-0.700937
-0.694351
-0.351000
0.243391
0.653343
0.606818
0.162798
-0.099913
0.072286
0.382024
0.501305
0.277773
-0.069858
-0.336185
-0.453227
-0.442858
-0.341985
-0.245048
-0.151695
-0.110406
-0.056560
0.076717
0.190798
0.243301
0.255330
0.253227
0.297925
0.260239
0.020227
-0.341622
-0.602136
-0.427958
-0.166795
-0.025665
-0.215128
-0.422537
-0.410854
0.022783
0.494623
0.405036
0.000076
-0.128333
0.203523
0.389396
0.135410
-0.343360
-0.458151
-0.216402
0.188278
0.261816
0.185167
-0.072510
-0.280988
-0.266769
-0.116971
0.048667
-0.039290
-0.154291
-0.138482
0.002487
0.028418
-0.073598
-0.081716
0.086891
0.319714
0.316474
-0.024321
-0.270875
-0.270804
0.116109
0.545624
0.645704
0.395435
0.115456
0.050715
0.194875
0.367408
0.427984
0.438999
0.399082
0.262603
-0.103952
-0.578306
-0.776609
-0.537686
-0.186069
-0.013294
-0.104906
-0.236143
-0.217706
0.021342
0.368101
0.588036
0.509454
0.175689
-0.114584
-0.200446
-0.074843
0.022944
-0.001796
-0.144861
-0.368997
-0.511176
-0.462665
-0.198133
0.100964
0.234254
0.154487
-0.018923
-0.113398
-0.036439
0.168667
0.312916
0.174652
-0.130098
-0.375975
-0.434125
-0.223136
-0.151629
-0.145862
-0.353200
-0.476744
-0.287741
-0.094448
0.153300
0.283861
0.473210
0.358352
0.172463
-0.067680
-0.237873
-0.273309
-0.326968
-0.115796
0.151931
0.254529
0.082901
-0.153875
-0.225482
-0.043742
0.215979
0.308780
0.165807
-0.011189
-0.165660
-0.180107
-0.102653
0.006100
0.195559
0.360501
0.301930
0.053221
-0.163455
-0.181133
0.038727
0.192873
0.114682
-0.090388
-0.203093
-0.162569
-0.029334
0.055401
0.114432
0.200036
0.290842
0.369729
0.396134
0.320874
0.240005
0.271441
0.297830
0.226085
0.065215
-0.017626
-0.063953
-0.129497
-0.246043
-0.404159
-0.420500
-0.175892
0.149865
0.324633
0.223193
-0.048175
-0.243044
-0.241514
-0.065635
0.112247
0.154610
-0.040384
-0.254830
-0.407569
-0.374543
-0.126313
0.168178
0.361930
0.267718
-0.000625
-0.301018
-0.346557
-0.132453
0.140021
0.231983
0.049083
-0.159718
-0.242655
-0.172170
-0.169822
-0.257932
-0.359387
-0.321250
-0.233492
-0.071179
0.097964
-0.053108
-0.111200
0.104547
0.318490
0.272468
0.107103
0.018598
-0.050365
-0.187509
-0.276200
-0.110988
0.083044
0.049496
-0.022533
0.022673
0.116666
0.122826
0.036839
0.006048
-0.021913
-0.073837
-0.117971
-0.071052
0.054841
0.211295
0.280363
0.231962
0.099086
-0.009707
0.046425
0.167938
0.105796
-0.109789
-0.212810
-0.072406
0.169922
0.219357
0.114568
-0.031795
-0.076354
0.014257
0.068643
0.053387
0.032114
0.016709
0.061022
0.158846
0.230959
0.232738
0.155091
0.019164
-0.059816
-0.070898
-0.042878
0.001987
0.057700
0.104965
0.121440
0.061252
-0.045778
-0.068206
-0.066469
0.044029
0.199635
0.240936
0.122812
-0.047463
-0.134683
-0.091879
-0.043176
-0.032326
0.038449
0.151357
0.196590
0.155802
0.043172
-0.060071
-0.116821
-0.099978
0.095337
0.283280
0.226109
-0.072453
-0.332317
-0.478057
-0.436248
-0.265695
-0.084261
0.043920
-0.055925
-0.218592
-0.190938
0.044051
0.123980
-0.131223
-0.397421
-0.290976
0.145242
0.418819
0.302949
-0.106728
-0.342143
-0.299483
-0.081792
0.140312
0.093511
-0.101232
-0.194191
-0.099724
-0.023187
-0.023614
-0.061129
-0.009091
0.060195
0.010045
-0.043210
-0.013960
0.037254
0.016219
-0.053354
-0.043508
0.020702
0.016378
-0.039311
-0.067768
-0.022086
0.064680
0.098440
0.017492
-0.064233
-0.080691
0.033080
0.127264
0.073476
-0.038831
-0.097025
0.027602
0.197798
0.221191
0.071401
-0.068132
-0.082116
0.022592
0.056300
-0.016589
-0.047751
0.042635
0.225017
0.288660
0.167736
-0.017592
-0.074432
0.004498
0.097569
0.067033
-0.030748
-0.047661
0.061588
0.219567
0.266447
0.184996
0.055749
-0.045934
-0.117529
-0.130904
-0.084983
0.054258
0.173833
0.208020
0.155893
0.052985
-0.066826
-0.173409
-0.199008
-0.134587
-0.018460
0.059887
0.126949
0.175077
0.171584
0.082447
-0.041061
-0.150720
-0.176670
-0.168009
-0.108183
-0.017683
0.079811
0.172230
0.201922
0.152811
-0.001643
-0.190050
-0.296090
-0.226176
-0.079225
0.093776
0.213871
0.232800
0.119038
-0.062865
-0.210473
-0.240300
-0.191428
-0.129069
0.001139
0.110246
0.135742
0.084164
-0.006543
-0.090151
-0.111376
-0.088026
-0.037983
-0.003770
-0.014361
-0.047371
-0.056595
-0.024841
0.001100
0.013104
-0.011489
-0.060205
-0.115598
-0.109908
-0.011189
0.057382
0.046413
0.008099
-0.023598
-0.031089
-0.040056
-0.065877
-0.074170
-0.027564
0.030600
0.056421
0.048097
-0.003287
-0.031440
-0.021636
-0.010523
-0.042188
-0.092926
-0.057976
0.058598
0.162374
0.151537
0.062127
-0.042102
-0.120471
-0.137499
-0.080263
0.036176
0.110616
0.120867
0.073701
-0.012390
-0.090328
-0.076677
0.023793
0.114254
0.112475
0.030804
-0.029175
-0.028105
0.022669
0.051840
0.030949
-0.030013
-0.037133
0.025552
0.074227
0.075466
0.038665
-0.033413
-0.105834
-0.121029
-0.043111
0.092499
0.188643
0.189106
0.077486
-0.052512
-0.120146
-0.099602
-0.032146
0.009021
0.007786
0.022702
0.063246
0.109333
0.093097
0.011062
-0.088824
-0.144558
-0.119960
-0.018929
0.086973
0.112564
0.048243
-0.032923
-0.027354
-0.024147
-0.040559
-0.064844
-0.053889
0.003005
0.077393
0.092017
0.016016
-0.075635
-0.096683
-0.038432
-0.006582
-0.016618
-0.014011
0.017429
0.027607
-0.031338
-0.132745
-0.140391
-0.028526
0.100259
0.142960
0.088682
-0.041630
-0.146395
-0.158264
-0.081251
0.040813
0.084627
0.061215
0.033629
0.023564
-0.017759
-0.066522
-0.109764
-0.136167
-0.082213
0.026454
0.118288
0.119971
0.045768
-0.043655
-0.114218
-0.118789
-0.063489
0.025571
0.090738
0.080608
0.050195
0.005343
-0.022884
-0.034365
-0.024015
-0.001264
-0.005322
-0.026520
-0.021992
0.033724
0.080650
0.072851
0.003040
-0.082871
-0.121452
-0.075686
0.046334
0.161665
0.140166
0.029671
-0.041849
-0.033394
0.022629
0.057781
0.033552
-0.036299
-0.070226
-0.059654
-0.021915
0.022093
0.068492
0.094137
0.047230
0.007437
0.016670
0.029694
0.024460
0.005083
0.007858
0.027364
0.031781
0.033333
0.005556
-0.047821
-0.066440
-0.051461
-0.044488
-0.014095
0.038915
