0.000460
0.002204
0.000387
-0.002335
-0.004064
-0.004651
-0.001848
0.000783
0.002336
-0.001723
-0.002619
-0.004590
-0.001832
-0.003345
0.000952
0.000116
0.002993
-0.003300
-0.001942
-0.003594
0.000647
-0.001506
-0.002791
-0.003201
-0.006362
0.001515
-0.004398
0.005631
-0.010275
-0.000236
-0.033078
-0.017900
-0.047515
-0.036886
-0.179770
-0.151241
-0.181885
-0.412972
-0.235686
0.031647
0.118273
0.185821
0.578232
0.510013
0.079746
-0.251654
-0.431212
-0.390315
-0.109663
0.139456
0.258150
0.352016
0.192155
-0.118688
-0.192341
0.135334
0.649046
0.838726
0.428451
-0.158006
-0.435444
-0.404709
-0.252332
-0.063637
-0.056119
-0.190904
-0.364902
-0.345247
-0.107427
0.219193
0.493771
0.569024
0.293273
-0.151362
-0.361087
-0.092960
0.390131
0.481620
0.005550
-0.572967
-0.686870
-0.347420
0.138233
0.281056
0.099969
-0.077755
-0.029082
0.126609
0.175029
0.132360
0.094421
0.175245
0.176901
-0.131620
-0.515693
-0.465087
-0.087818
0.293690
0.139369
-0.256589
-0.420398
-0.163283
0.284143
0.227880
-0.112449
-0.375744
-0.142563
0.134341
0.206772
0.048921
-0.056738
0.084318
0.174713
0.126788
-0.124324
-0.168179
-0.040467
0.131400
0.027120
-0.254280
-0.419406
-0.215009
0.149958
0.266949
-0.060093
-0.325286
-0.248937
0.033409
0.303546
0.271004
0.282808
0.318095
0.474654
0.557100
0.647797
0.458084
0.151134
-0.082756
-0.163228
-0.149010
-0.250262
-0.319866
-0.289234
-0.153537
-0.081004
-0.082643
-0.281157
-0.427644
-0.231601
0.296156
0.701123
0.721080
0.293434
-0.138762
-0.318885
-0.199150
0.055784
0.081530
-0.024140
-0.223034
-0.338217
-0.345388
-0.212695
-0.106529
0.071947
0.216012
0.264345
0.064553
-0.200530
-0.293429
-0.201025
0.282726
0.248587
-0.140985
-0.460913
-0.354592
-0.044153
0.264805
0.301117
-0.086287
-0.401097
-0.490526
-0.131275
0.138901
0.072071
-0.061961
-0.014862
0.179438
0.241838
0.035820
-0.153192
-0.049431
0.230070
0.304639
0.161531
-0.153855
-0.333179
-0.214561
0.075820
0.238403
0.129538
-0.017422
-0.141350
-0.136683
-0.027920
0.116220
0.190483
0.129751
-0.003370
-0.032302
0.041547
0.161123
0.236873
0.211967
0.220154
0.385158
0.483815
0.394642
0.111331
-0.221897
-0.287610
-0.175155
0.002836
0.108199
0.072906
-0.077800
-0.210707
-0.258488
-0.259693
-0.187749
-0.084043
0.009330
0.074878
0.104255
0.103894
0.118948
0.087153
0.074103
0.042172
-0.035454
-0.144596
-0.175909
-0.167841
-0.166620
-0.077739
-0.031120
-0.038681
-0.046413
-0.074801
-0.163307
-0.209302
-0.157941
-0.072368
-0.068511
-0.147760
-0.145952
-0.094823
-0.057418
0.062484
-0.113989
-0.281429
-0.051598
0.312071
0.391892
0.151567
-0.113280
-0.279554
-0.223449
-0.175914
-0.042961
0.007363
-0.069517
-0.125775
-0.014300
0.187127
0.252344
0.123153
0.007016
0.089343
0.137066
0.093241
-0.012837
-0.068498
-0.032621
0.095772
0.173458
0.076879
-0.137110
-0.171472
0.020929
0.280964
0.336701
0.104651
-0.100964
-0.066905
0.115046
0.155420
0.015770
-0.084491
-0.025479
0.074627
0.158424
0.172490
0.088653
0.058976
0.130615
0.197009
0.219669
0.125879
0.011387
-0.007648
0.085941
0.134858
0.125088
0.130851
0.095919
0.022577
-0.073116
-0.170992
-0.139350
0.029656
0.170821
0.232168
0.067009
-0.231218
-0.474440
-0.441885
-0.202718
0.087960
0.254126
0.155783
-0.049279
-0.270698
-0.334453
-0.179680
0.069557
0.223247
0.202198
-0.013394
-0.267400
-0.418901
-0.387464
-0.202408
0.019838
0.113099
0.065811
-0.119607
-0.247142
-0.161746
0.018218
0.187458
0.205788
0.102242
-0.078600
-0.085236
-0.005023
0.041625
0.007862
-0.044919
-0.088257
-0.116653
-0.170916
-0.227875
-0.261069
-0.197886
-0.107408
-0.104459
-0.071294
-0.109178
-0.101595
0.036384
0.328156
0.439499
0.296127
0.019275
-0.151674
-0.141587
-0.123879
-0.043695
0.116849
0.297913
0.344204
0.199077
-0.084690
-0.260445
-0.220334
-0.014730
0.192233
0.217057
0.055851
-0.060872
-0.007037
0.188586
0.315970
0.244451
0.042421
-0.188305
-0.261625
-0.100405
0.177478
0.298060
0.174321
-0.045443
-0.101363
0.000323
0.083872
0.085476
0.030642
0.039673
0.125128
0.163131
0.106214
0.012005
-0.030528
-0.005697
0.036840
0.040079
-0.011258
-0.057186
-0.040203
0.058587
0.136877
0.103606
0.031127
-0.012678
0.003851
0.094816
0.143742
0.079461
-0.076790
-0.146264
-0.086839
-0.000895
0.087934
0.106432
0.055211
-0.011542
-0.037325
-0.030420
-0.004189
-0.018845
0.003996
0.014190
-0.029656
-0.092184
-0.144430
-0.129155
-0.040769
0.083385
0.145931
0.095004
-0.066068
-0.118620
-0.141425
-0.082546
0.049548
0.092948
0.012530
-0.123182
-0.192863
-0.201697
-0.141426
-0.080528
0.026152
0.057299
-0.024802
-0.096173
-0.119629
-0.119415
-0.082365
-0.042238
-0.039261
-0.040723
-0.048538
-0.036395
-0.014889
-0.035526
-0.027105
-0.041263
-0.071300
-0.052831
-0.021777
-0.016364
-0.042402
-0.048912
-0.036897
0.015385
0.019725
0.033722
0.023306
0.042171
0.095418
0.070774
-0.033867
-0.099719
0.002040
0.135032
0.143878
0.005376
-0.115883
-0.087971
0.030860
0.116945
0.102509
0.017717
-0.028750
-0.011417
0.022859
0.033407
0.049620
0.067930
0.066808
0.012883
-0.024739
0.017460
0.091599
0.149267
0.108727
0.027781
-0.009357
0.019525
0.057600
0.053161
0.038350
0.025585
0.025202
0.047481
0.041978
-0.021100
-0.066480
-0.025194
0.047170
0.084512
0.056122
0.022980
0.026035
-0.000225
-0.041897
-0.072215
-0.061789
-0.021132
0.025860
0.076122
0.101676
0.070714
-0.032730
-0.106768
-0.099581
-0.023320
0.034738
0.013832
-0.045609
-0.090746
-0.043427
0.055402
0.106251
0.050193
-0.048368
-0.125437
-0.128069
-0.096896
-0.044882
0.004982
0.050132
0.058722
0.009547
-0.049299
-0.105377
-0.077579
-0.006435
0.042848
-0.017206
-0.081470
-0.074573
-0.012990
0.051640
0.073281
0.024730
-0.090931
-0.179666
-0.150597
-0.009147
0.072954
0.071304
0.041651
-0.003877
-0.043613
-0.054777
-0.047667
-0.049446
-0.043805
0.017106
0.052486
0.032299
-0.009060
-0.002270
0.001373
-0.033625
-0.012961
0.051605
0.095210
0.051512
-0.042221
-0.130781
-0.134329
-0.027614
0.103224
0.147694
0.059615
-0.029123
-0.029528
-0.021612
-0.015434
-0.010613
-0.010177
-0.020090
-0.014467
0.044686
0.101244
0.095150
0.015198
-0.068730
-0.124478
-0.082661
0.020582
0.088506
0.115644
0.131779
0.106151
0.002060
-0.084463
-0.119561
-0.081738
0.006127
0.121228
0.177496
0.139016
0.036174
-0.078246
-0.114863
-0.092230
-0.029848
0.032157
0.061800
0.081362
0.102052
0.070083
-0.019993
-0.070633
-0.070319
-0.025875
0.060283
0.092833
0.057395
-0.004097
-0.031490
-0.034889
-0.035041
-0.086879
-0.124704
-0.063121
0.067176
0.161876
0.148369
0.072842
-0.047133
-0.135375
-0.128664
-0.022944
0.058531
0.080570
0.053210
0.008447
-0.034264
-0.067537
-0.075077
-0.076247
-0.041603
-0.005304
0.050328
0.085641
0.069556
-0.007374
-0.103872
-0.112134
-0.046375
0.032197
0.043716
0.040522
0.021627
0.002743
-0.000738
-0.038652
-0.093704
-0.111784
-0.043050
0.058411
0.100385
0.041905
-0.046668
-0.084625
-0.058259
