-0.003030
-0.004609
-0.004437
-0.002995
-0.002521
-0.004597
-0.005191
-0.006281
-0.004147
-0.005610
-0.002307
-0.003769
-0.000173
-0.003439
0.000657
-0.001902
0.002936
-0.002018
-0.001158
-0.005411
-0.003649
-0.004524
-0.006708
-0.002954
-0.009321
-0.000151
-0.009669
0.002710
-0.023530
0.002559
-0.038044
-0.021429
-0.147440
-0.098697
-0.166853
-0.382220
-0.217416
-0.104078
-0.083643
0.038504
0.408670
0.424957
0.224384
0.010787
0.030579
0.083916
0.041111
0.178238
0.425565
0.458385
0.172929
-0.078850
-0.147222
-0.021486
0.045703
-0.054782
-0.340373
-0.621785
-0.618921
-0.245854
0.220993
0.555794
0.558923
0.262905
-0.103838
-0.297382
-0.137608
0.276111
0.515561
0.330711
-0.193826
-0.625289
-0.565444
-0.175132
0.257907
0.354328
0.062640
-0.322088
-0.455369
-0.204491
0.302979
0.582980
0.422285
0.044571
-0.249412
-0.219931
-0.024488
0.082080
-0.017380
-0.198144
-0.232370
-0.133937
0.031905
0.088869
0.081342
0.064982
0.119025
0.113854
0.061590
-0.121718
-0.278527
-0.273311
-0.249245
-0.294058
-0.584634
-0.486203
-0.387969
-0.059862
0.363173
0.643760
0.561322
0.227234
0.058909
-0.054530
-0.126863
-0.279225
-0.108227
0.256780
0.389966
0.171760
-0.105195
-0.278307
-0.167998
0.037808
0.414934
0.683559
0.608007
0.281423
0.056910
-0.113411
-0.264202
-0.199488
-0.133178
-0.218300
-0.479814
-0.505328
-0.105958
0.363163
0.412756
0.125080
-0.097809
0.040246
0.334689
0.461233
0.259728
-0.057068
-0.281727
-0.317525
-0.276875
-0.224232
-0.207244
-0.114193
0.058630
0.126033
0.047448
-0.090840
-0.062560
0.168154
0.371586
0.308508
0.028398
-0.284474
-0.313813
-0.238588
0.073090
-0.119848
-0.435174
-0.456406
-0.388229
-0.113790
0.163096
0.367466
0.117002
-0.134744
-0.270780
-0.061904
0.073993
-0.077113
-0.084722
0.121703
0.230917
0.131444
-0.095319
-0.138009
0.092581
0.289841
0.288466
0.015008
-0.255624
-0.314134
-0.083062
0.110479
0.168038
0.122679
0.076298
0.064284
0.057580
0.113744
0.296555
0.476343
0.486082
0.316547
0.158739
0.169325
0.235182
0.150445
-0.175889
-0.488001
-0.548998
-0.371187
-0.133277
-0.066377
-0.142900
-0.062896
0.156319
0.339475
0.370557
0.266655
0.212282
0.162072
0.036675
-0.089561
-0.161859
-0.200795
-0.301502
-0.347846
-0.254634
-0.115447
0.097662
0.176247
0.060371
-0.195565
-0.272070
-0.054203
0.041470
0.080314
-0.209296
-0.495074
-0.490963
-0.284145
-0.044066
0.191669
0.433167
0.328404
0.054714
-0.267885
-0.438502
-0.344554
-0.031985
0.317729
0.384684
0.036341
-0.333355
-0.422556
-0.179225
0.153085
0.280025
0.097154
-0.129785
-0.179700
0.061086
0.344692
0.370177
0.252394
0.025679
-0.135854
-0.199076
-0.084528
0.085114
0.247223
0.221618
0.096388
-0.007039
0.012155
0.148417
0.214350
0.176378
-0.013676
-0.100017
0.011656
0.132019
0.182545
0.253189
0.289348
0.272466
0.195561
0.112841
0.072494
0.109042
0.121937
0.024950
-0.099694
-0.212840
-0.293559
-0.331810
-0.333784
-0.236297
-0.036332
0.153729
0.272059
0.215886
0.019400
-0.149772
-0.140626
0.071316
0.273014
0.283753
0.024557
-0.323112
-0.494805
-0.427502
-0.253046
-0.111912
-0.000010
0.037628
0.005929
-0.051507
-0.032901
-0.107060
-0.215456
-0.298047
-0.383191
-0.357519
-0.247687
-0.070237
0.053344
0.053333
-0.060134
-0.090949
0.017176
0.168012
0.293910
0.342700
0.238380
-0.039905
-0.285861
-0.296727
-0.118807
0.075646
0.142006
0.112455
0.059977
0.013362
0.034692
0.071277
0.088777
0.065068
0.044260
0.004929
-0.034387
-0.024888
0.058057
0.179162
0.187788
0.087618
0.005413
0.005947
0.037759
0.053173
0.065117
0.121739
0.155797
0.104827
0.050766
0.056841
0.087408
0.113201
0.077048
0.009054
-0.042807
-0.056578
0.015898
0.090707
0.118677
0.095450
0.087497
0.161079
0.219335
0.147174
-0.043737
-0.143080
-0.065667
0.066309
0.098838
0.067388
0.049979
0.027231
-0.029415
-0.057925
-0.036503
0.027626
0.158186
0.192416
0.023526
-0.241180
-0.412266
-0.442605
-0.306074
-0.096038
0.111152
0.170159
0.095182
-0.025225
-0.158635
-0.200588
-0.174086
-0.024030
0.079866
0.026556
-0.106999
-0.254475
-0.356026
-0.275862
-0.127670
-0.056293
-0.070629
-0.148375
-0.178107
-0.042479
0.196517
0.330200
0.282469
0.098862
-0.123816
-0.335792
-0.336943
-0.105963
0.212175
0.310372
0.128787
-0.111164
-0.183127
-0.051441
0.123812
0.182454
0.063930
-0.056620
-0.081881
-0.068815
-0.075175
0.021914
0.212277
0.309966
0.169493
-0.069353
-0.182096
-0.078854
0.141105
0.211842
0.065765
-0.071124
-0.012931
0.156642
0.238713
0.112140
-0.115123
-0.194206
-0.067442
0.111610
0.181109
0.122882
0.071307
0.085799
0.123815
0.115613
0.054814
-0.055593
-0.148391
-0.128062
-0.037427
0.039839
0.072677
0.092625
0.078556
0.006377
-0.038796
0.008641
0.083119
0.091657
0.083323
0.062684
0.006315
-0.027997
-0.023879
-0.022351
-0.052489
-0.079038
-0.056136
-0.001635
0.025744
0.052853
0.069597
-0.019502
-0.136323
-0.133153
-0.019749
0.109409
0.155519
0.089052
-0.041109
-0.160721
-0.175029
-0.113950
-0.056667
0.042674
0.115289
0.107957
0.037844
-0.062155
-0.147420
-0.155429
-0.079773
-0.007441
0.048824
0.035128
0.043531
0.040865
-0.006596
-0.032587
-0.068555
-0.090226
-0.094822
-0.060304
0.005129
0.089116
0.093345
0.001267
-0.053621
-0.030616
-0.023138
-0.102562
-0.154748
-0.096843
0.005437
0.097606
0.133588
0.087715
-0.029096
-0.118938
-0.126639
-0.098753
-0.033299
0.067104
0.098760
0.041671
-0.048976
-0.112365
-0.080791
0.017243
0.075966
0.028691
-0.065001
-0.130489
-0.093664
0.000411
0.090167
0.125981
0.051011
-0.071581
-0.125507
-0.025397
0.146845
0.193473
0.077566
-0.075562
-0.145673
-0.093949
0.013475
0.076196
0.064513
0.018299
0.008617
0.050850
0.060218
-0.021388
-0.086888
-0.079118
-0.017513
0.069954
0.109644
0.111602
0.076046
0.046665
-0.006824
-0.063004
-0.078456
-0.037223
0.049287
0.100279
0.104891
0.043741
-0.040072
-0.094553
-0.055931
0.008277
0.042428
0.065539
0.069553
0.045190
-0.026043
-0.080365
-0.061969
-0.018641
0.026627
0.067202
0.071232
0.044497
0.005819
-0.034034
-0.086849
-0.096758
-0.042945
0.021289
0.022671
-0.002829
-0.012952
-0.018817
0.002698
0.012122
-0.002208
-0.010079
-0.001263
0.027768
0.031186
0.016337
-0.008207
-0.027239
-0.036508
-0.076592
-0.093677
-0.032042
0.071171
0.100713
0.050101
-0.065099
-0.170239
-0.150776
0.018619
0.172039
0.146398
-0.006087
-0.131929
-0.115061
-0.051697
0.014966
0.051173
0.036165
-0.010394
-0.056212
-0.068728
-0.056421
0.003158
0.051132
0.052254
0.016264
-0.013689
-0.042247
-0.068603
-0.031111
0.040884
0.103142
0.081996
-0.012164
-0.069604
-0.035212
0.050775
0.101013
0.043834
-0.071502
-0.121445
-0.076142
0.046742
0.138576
0.125891
0.046008
-0.043623
-0.093680
-0.097086
-0.064626
-0.002863
0.068523
0.102117
0.059321
-0.015474
-0.065270
-0.054426
-0.021481
0.002410
0.005492
0.020727
0.070570
0.089145
0.053326
-0.021905
-0.064104
-0.075968
-0.055080
-0.004005
0.054992
0.088546
0.071140
0.045615
-0.000890
-0.054185
-0.055371
-0.004754
0.033040
0.014857
-0.002374
0.003522
0.030829
0.082623
0.096198
0.025350
-0.081202
-0.127150
-0.077189
0.034145
0.120054
0.123905
0.057232
-0.043181
-0.094956
-0.090332
-0.055982
-0.022546
0.014664
0.053702
0.042426
0.040262
0.035534
0.001540
-0.054405
-0.072667
-0.032813
0.047094
0.096309
0.044142
-0.010897
-0.052365
-0.063607
-0.052352
-0.022591
0.015385
0.023735
0.019329
-0.005454
-0.023101
-0.028066
-0.004244
0.018382
0.002597
-0.028526
-0.054836
