0.000272
-0.000767
-0.002116
-0.002100
-0.000661
-0.001898
-0.002347
-0.001777
0.001918
-0.000048
0.000785
-0.001884
-0.000888
-0.007004
-0.006501
-0.009369
-0.006705
-0.007415
-0.004425
-0.002720
-0.000561
0.004443
0.003362
0.010057
0.001370
0.008425
-0.008935
0.004645
-0.015281
0.003117
-0.027953
0.004012
-0.028676
-0.012932
-0.091713
-0.084074
-0.062050
-0.333299
-0.107369
-0.041689
-0.147630
0.016535
0.192693
0.083086
0.042307
-0.036663
-0.101277
0.135553
0.281389
0.377687
0.368410
0.202376
0.077759
-0.031146
-0.170790
0.152241
0.598922
0.552326
-0.020790
-0.629623
-0.815869
-0.648182
-0.319039
0.084593
0.374004
0.274325
0.050336
-0.069507
-0.044362
0.161836
0.379741
0.553606
0.415513
-0.166596
-0.591424
-0.501128
-0.010009
0.285576
0.002755
-0.404181
-0.455585
-0.134131
0.220697
0.184559
0.012261
0.073164
0.256025
0.378291
0.166585
-0.220355
-0.329219
-0.061487
0.212629
0.080551
-0.337982
-0.515083
-0.206396
0.279019
0.378063
0.107117
-0.138319
-0.057292
0.165925
0.220489
-0.011971
-0.214738
-0.197219
-0.040064
-0.017268
-0.121203
-0.161787
-0.219530
-0.101832
-0.038368
-0.061288
-0.203855
-0.017273
0.326490
0.296606
0.123826
0.002056
0.196952
0.199337
-0.059043
-0.352610
-0.358047
-0.085037
-0.065063
0.096781
0.063981
-0.102450
-0.267615
-0.254032
-0.048056
0.195388
0.304592
0.051874
-0.047404
-0.061918
-0.015143
0.015102
0.166229
0.496905
0.695818
0.552745
0.253419
0.014279
0.001051
0.151633
0.315383
0.177951
-0.194058
-0.625275
-0.788449
-0.405381
0.058079
0.291816
0.099401
-0.146465
-0.132640
0.119824
0.368660
0.404016
0.250361
0.054275
-0.031998
-0.053478
-0.114342
-0.238045
-0.295698
-0.168770
-0.042147
-0.051954
-0.191096
-0.249369
-0.025898
0.271467
0.388363
0.241360
-0.045454
-0.217568
-0.080199
0.097376
0.163106
-0.072478
-0.335160
-0.414842
-0.239851
0.046810
0.072822
-0.135850
-0.350269
-0.175751
0.102116
0.220846
0.171381
0.135034
0.128671
0.031638
0.007014
0.006784
-0.042615
-0.063724
-0.044633
0.092871
0.106671
-0.024943
-0.211735
-0.235423
-0.079764
0.085242
0.115799
-0.089595
-0.220614
-0.251403
-0.130463
-0.017876
0.064627
0.167596
0.247063
0.231651
0.162874
0.083216
0.046462
0.086805
0.098693
0.040345
-0.104417
-0.135292
0.066052
0.315285
0.323907
0.129339
-0.071127
0.019111
0.289527
0.389520
0.217702
0.075968
0.187710
0.396054
0.448213
0.110063
-0.349128
-0.652515
-0.609270
-0.375666
-0.264390
-0.214914
-0.022443
0.300786
0.416620
0.208288
-0.094193
-0.146802
0.066006
0.289580
0.320812
0.078459
-0.273172
-0.494066
-0.403205
-0.149293
0.047977
0.044266
-0.085813
-0.163357
-0.173737
-0.136470
-0.013218
0.167414
0.257076
0.186966
-0.062302
-0.190478
-0.294762
-0.412561
-0.481218
-0.364937
-0.162369
-0.014435
0.219077
0.438293
0.490341
0.193480
-0.147358
-0.315436
-0.301236
-0.196299
-0.012068
0.241706
0.273494
-0.009861
-0.289358
-0.251534
0.083919
0.341599
0.325361
0.076907
-0.151344
-0.252585
-0.228077
-0.073915
0.055172
0.163796
0.202143
0.126959
-0.021984
-0.109628
0.000501
0.268998
0.318762
0.037811
-0.300016
-0.272895
0.120899
0.448557
0.303066
-0.097122
-0.334447
-0.209451
0.137885
0.280363
0.137812
-0.094050
-0.057460
0.118171
0.306807
0.238652
0.028483
-0.124038
-0.074934
0.072355
0.084228
0.032497
-0.026617
0.034381
0.056559
0.066624
0.041284
0.076362
0.150758
0.182675
0.101689
-0.014882
0.007860
0.146270
0.276582
0.325095
0.215210
-0.062935
-0.329299
-0.461769
-0.460248
-0.410040
-0.246499
0.004247
0.132112
0.006261
-0.137191
-0.121690
-0.000504
0.022958
-0.020273
0.028700
0.138408
0.130228
-0.073501
-0.274764
-0.354756
-0.213200
0.002953
0.137176
0.102371
-0.028394
-0.109146
-0.083804
0.023157
0.115794
0.181401
0.007806
-0.252256
-0.373801
-0.288578
-0.070316
0.082708
0.057262
-0.124295
-0.196238
-0.108973
0.066333
0.117831
0.024245
-0.037179
0.010121
0.099461
0.058964
-0.085692
-0.161560
-0.026591
0.206850
0.262997
0.123026
-0.077948
-0.164638
-0.073552
0.090235
0.143875
0.032304
-0.099670
-0.126456
-0.025856
0.036598
0.045160
0.086225
0.165361
0.181587
0.096318
-0.006431
-0.037323
-0.002843
0.013871
0.026250
0.067460
0.162664
0.206732
0.107826
-0.053506
-0.158523
-0.149112
-0.032148
0.108478
0.188518
0.187797
0.146069
0.127948
0.086603
-0.000510
-0.058391
-0.049265
0.007615
0.038476
0.003898
-0.002562
0.034329
0.070979
0.085321
0.039557
-0.024984
-0.058341
-0.054849
-0.071387
-0.056301
-0.014202
0.052467
0.127239
0.166546
0.125099
-0.001460
-0.116547
-0.162115
-0.115588
-0.068578
0.008834
0.077296
0.095639
0.061607
0.031778
-0.039123
-0.128151
-0.140446
-0.087161
-0.001202
0.061880
0.109516
0.067671
-0.024423
-0.115288
-0.167086
-0.148353
-0.035749
0.097333
0.124698
0.064923
-0.004797
-0.052091
-0.079160
-0.064487
-0.023260
-0.049829
-0.111621
-0.123147
-0.025938
0.081589
0.090443
0.002403
-0.132952
-0.202558
-0.149555
0.002259
0.103924
0.121497
0.047058
-0.037444
-0.091985
-0.150652
-0.088669
0.057104
0.113756
0.024927
-0.117005
-0.168123
-0.112605
-0.001378
0.114979
0.154275
0.064685
-0.046895
-0.086990
-0.077484
-0.034915
-0.008817
-0.013294
0.027160
0.118045
0.201225
0.160281
-0.053043
-0.263824
-0.295257
-0.108655
0.159559
0.315227
0.252551
0.072912
-0.105432
-0.177343
-0.132474
-0.007086
0.145004
0.158381
0.022480
-0.117828
-0.117304
0.011214
0.138200
0.141014
0.029969
-0.066524
-0.049025
0.024545
0.066260
0.052598
0.024135
-0.007670
-0.023462
0.014946
0.061178
0.079464
0.038763
-0.010616
-0.032257
-0.041739
-0.010584
0.024817
0.027142
0.024387
0.033106
0.059062
0.066136
0.005683
-0.108209
-0.154219
-0.121841
-0.012217
0.101293
0.109085
0.076755
0.071860
0.054807
-0.019795
-0.106443
-0.149277
-0.100486
-0.012330
0.079480
0.107495
0.060130
-0.025722
-0.084326
-0.086271
-0.032419
0.018424
0.019634
0.004975
-0.029761
-0.039910
-0.023803
0.022453
0.031776
0.012595
-0.026619
-0.067080
-0.093851
-0.080291
-0.000872
0.083280
0.115632
0.059706
-0.045182
-0.129472
-0.103058
-0.001712
0.056146
0.026648
-0.043385
-0.091566
-0.076302
-0.004203
0.087640
0.113891
0.046432
-0.057867
-0.102996
-0.078124
-0.007672
0.083179
0.106138
0.051551
-0.039173
-0.074165
-0.047682
0.004642
0.013500
0.009035
0.027468
0.029920
0.026042
-0.015659
-0.025152
0.003750
0.041369
0.051782
0.009070
-0.026228
-0.018560
0.024302
0.056153
0.060955
0.030008
-0.028479
-0.076324
-0.072969
-0.020764
0.025768
