-0.005527
-0.004495
-0.001082
-0.000799
-0.002045
-0.002369
0.000022
0.004324
0.008028
0.006389
0.004903
0.005613
0.007178
0.005246
0.001660
0.000108
0.000602
0.001932
0.000645
-0.000063
-0.001839
0.002090
0.001686
0.001751
-0.004869
-0.003360
-0.004205
0.002076
-0.002095
-0.001883
-0.004661
0.001985
0.005143
0.002763
-0.003428
-0.010485
-0.007531
-0.018618
-0.037449
-0.089542
-0.011932
-0.177195
-0.129363
0.037660
-0.148654
-0.007082
0.240691
0.100008
-0.051041
0.103623
-0.146451
-0.244090
-0.024523
0.056025
0.078024
0.022873
0.053932
-0.040737
-0.278591
-0.279783
0.054023
0.210817
0.358231
0.519276
0.486963
0.439423
0.488532
0.455804
0.170922
-0.271465
-0.460578
-0.373632
-0.451013
-0.592115
-0.511023
-0.217947
0.037152
0.061297
0.015046
0.166054
0.483794
0.712648
0.533364
0.069667
-0.247411
-0.211671
0.026290
0.034542
-0.270473
-0.433424
-0.307507
-0.072337
-0.013967
-0.187276
-0.163836
0.206073
0.543480
0.414853
-0.069444
-0.328441
-0.101370
0.375321
0.389664
-0.141413
-0.709776
-0.615111
-0.049370
0.459296
0.333979
-0.303918
-0.430436
-0.126854
0.295525
0.256885
0.029408
-0.191464
-0.158560
0.062763
0.179855
0.072123
-0.155895
-0.067784
0.112429
0.171241
-0.047947
-0.232416
-0.191150
-0.036309
-0.007603
0.007703
0.012298
0.033131
-0.073005
-0.316502
-0.427926
-0.262513
0.156700
0.376337
0.354582
0.208824
0.178822
0.234047
0.315900
0.319245
0.176660
0.139667
0.279434
0.383104
0.283439
-0.023139
-0.211282
-0.084726
-0.039464
-0.244035
-0.581353
-0.670766
-0.246387
0.359602
0.615662
0.424821
-0.074755
-0.426109
-0.333658
0.081778
0.463408
0.508239
0.225594
-0.166646
-0.417568
-0.411488
-0.160246
0.071390
0.127070
-0.052064
-0.218604
-0.261580
-0.100583
0.121107
0.235090
0.158064
-0.019660
-0.066438
-0.192380
-0.176219
-0.267299
-0.261747
-0.241003
-0.262741
-0.151244
-0.082732
0.026901
0.279992
0.598817
0.338705
-0.292150
-0.547948
-0.254759
0.200303
0.262039
0.038429
-0.061167
-0.077848
0.131993
0.299584
0.264910
0.001446
-0.221568
-0.287164
-0.194565
-0.091641
-0.077432
0.004326
0.061493
0.163419
0.132941
-0.100265
-0.335642
-0.273520
0.119491
0.574433
0.728409
0.309046
-0.182542
-0.218340
0.128410
0.533907
0.412079
0.091228
-0.039625
0.146564
0.317363
0.194516
-0.144110
-0.442695
-0.292413
-0.017636
-0.006275
-0.277477
-0.425087
-0.207801
0.188532
0.486203
0.462747
0.145737
-0.186157
-0.307327
-0.162898
0.003001
0.035724
-0.114403
-0.241475
-0.208657
-0.043569
0.091846
0.052871
-0.085033
-0.123181
-0.058053
0.038993
0.060919
-0.036283
-0.078683
-0.005119
0.038578
-0.088973
-0.282400
-0.486941
-0.319727
-0.243931
-0.188776
-0.174560
-0.141827
0.016009
0.178106
0.338444
0.305894
0.342436
0.200408
-0.024004
-0.346013
-0.521404
-0.247460
0.248409
0.560960
0.482490
0.081134
-0.248478
-0.353003
-0.144348
0.148612
0.185385
-0.000779
-0.164775
-0.175418
-0.055028
0.142588
0.235388
0.285025
0.224387
0.078817
-0.055556
-0.127078
-0.056586
0.121068
0.173653
0.122270
0.003366
-0.060176
-0.011860
0.070694
0.077031
0.002740
-0.037283
0.030165
0.125305
0.148006
0.186295
0.184195
0.166083
0.159851
0.149235
0.093653
-0.049739
-0.130520
-0.105050
-0.007065
0.078118
0.054212
0.011447
0.086461
0.186812
0.189280
0.126119
0.027231
-0.078696
-0.213436
-0.303900
-0.280789
-0.197342
-0.197974
-0.203583
-0.190053
-0.152217
-0.042074
0.062024
0.084801
-0.073289
-0.274160
-0.272504
-0.024121
0.275135
0.398648
0.207647
-0.169982
-0.506840
-0.533776
-0.187021
0.223851
0.382049
0.194394
-0.106029
-0.282062
-0.236666
-0.093268
0.067472
0.122298
-0.012030
-0.188815
-0.308185
-0.253729
-0.055541
0.155270
0.255679
0.183950
0.026418
-0.060844
-0.058509
-0.012681
0.033989
0.061896
0.092461
0.098281
0.084741
0.051703
-0.001894
-0.080848
-0.113653
-0.069891
0.022814
0.120272
0.159880
0.086529
-0.011146
-0.055726
-0.024137
0.071427
0.095956
0.055610
-0.010362
-0.026385
0.027680
0.123822
0.178231
0.171726
0.145327
0.065072
-0.033961
-0.066717
-0.035394
0.019994
0.062742
0.036385
-0.003151
0.014741
0.046251
0.060964
0.048844
0.024617
0.060609
0.057082
0.028697
0.019280
0.040261
0.042970
-0.012702
-0.047892
-0.050329
0.038630
0.102264
0.065640
-0.066913
-0.184610
-0.139798
0.024838
0.174480
0.166922
0.047997
-0.035478
-0.061544
-0.084382
-0.079575
-0.030973
0.012213
0.016772
0.022589
0.044584
0.042540
-0.009630
-0.040340
0.027821
0.107704
0.102938
-0.026226
-0.243217
-0.372907
-0.301619
-0.057283
0.210189
0.254687
0.098509
-0.039534
-0.111451
-0.126342
-0.077889
-0.066097
-0.060791
-0.026896
-0.007753
0.061374
0.102723
0.032916
-0.085382
-0.220862
-0.257625
-0.117484
0.050998
0.158618
0.142962
0.016980
-0.113769
-0.128941
-0.036346
0.093077
0.092794
-0.040071
-0.116441
-0.107371
-0.041144
0.032349
0.024070
-0.040374
-0.070049
-0.047201
-0.002255
0.006611
0.021424
0.043184
0.046329
0.028055
0.035133
0.014777
-0.021590
-0.023414
0.020292
0.042333
0.007233
0.003540
0.030920
0.054685
0.026086
-0.069374
-0.135591
-0.104887
-0.004822
0.120895
0.212919
0.209000
0.082896
-0.061376
-0.140243
-0.088432
0.007814
0.036693
0.028293
0.021598
0.072630
0.163624
0.233042
0.154179
-0.041216
-0.198137
-0.202647
-0.051821
0.093209
0.141215
0.111311
0.067230
0.013979
0.005537
0.014252
-0.009198
-0.047791
-0.090011
-0.070108
-0.013611
0.040389
0.065737
0.081482
0.095197
0.106601
0.052669
-0.084036
-0.169797
-0.117815
-0.026134
0.025491
0.075415
0.095746
0.097474
0.071818
-0.000823
-0.099808
-0.165018
-0.148996
-0.047868
0.051671
0.120835
0.116344
0.021788
-0.097688
-0.165829
-0.112883
0.023319
0.113229
0.062583
-0.072402
-0.157819
-0.090003
0.043250
0.127464
0.121432
0.071707
-0.014829
-0.103221
-0.142742
-0.123612
-0.054969
0.042880
0.081096
0.005999
-0.063705
-0.048954
0.029270
0.066522
0.040143
-0.014889
-0.056865
-0.069444
-0.034024
-0.003974
-0.034854
-0.035778
0.033117
0.089439
0.076776
-0.000408
-0.068182
-0.067251
-0.042655
0.009036
0.059414
0.062992
0.000001
-0.027630
0.014142
0.065055
0.066534
-0.000796
-0.061650
-0.098642
-0.045932
0.056002
0.092387
0.014154
-0.068747
-0.068076
0.020646
0.127597
0.113122
-0.011499
-0.121442
-0.139846
-0.037310
0.110007
0.144356
0.105083
0.069782
0.015747
-0.047384
-0.077284
-0.083949
-0.019813
0.054345
0.083238
0.076924
0.025344
-0.017717
-0.038682
-0.062057
-0.060067
-0.032227
0.005789
0.061545
0.099280
0.098290
0.021213
-0.066373
-0.084540
-0.034373
0.032833
0.071101
0.057028
0.010611
-0.014306
-0.035392
-0.064287
-0.099980
-0.108071
-0.065501
0.025642
0.142172
0.183984
0.107590
-0.027464
-0.103090
-0.086556
-0.030452
0.021176
0.034458
0.017064
-0.029771
-0.047867
-0.034221
-0.015915
-0.011450
-0.026592
-0.026716
-0.018963
0.007146
0.031741
0.050099
0.005273
-0.067893
-0.089016
-0.018306
0.107323
0.116546
0.009099
-0.092361
-0.126331
-0.089003
-0.002728
0.068054
0.074746
0.019619
-0.045405
-0.064045
-0.039048
-0.012612
