-0.000025
-0.001296
-0.000996
0.000633
0.000778
0.000053
-0.000200
0.001633
0.003065
0.003821
0.003506
0.002174
0.002526
0.002021
0.002485
-0.001904
-0.001841
-0.004494
-0.000308
-0.004561
-0.002546
-0.007427
-0.000675
-0.003654
0.001364
-0.003174
0.001401
0.001113
0.003879
0.002911
-0.002551
-0.001376
-0.017956
0.000899
-0.026609
-0.023912
-0.113665
-0.028101
-0.127829
-0.206265
0.008046
0.040336
0.066791
0.235827
0.418015
0.237987
-0.071788
-0.249634
-0.245484
-0.344229
-0.407260
-0.022601
-0.046223
-0.147817
0.130826
0.164147
0.176836
0.352493
0.702618
0.686949
0.233932
-0.258456
-0.122377
0.302634
0.210600
-0.001382
-0.291795
-0.438074
-0.345442
-0.291421
-0.278114
-0.211321
0.023018
0.238046
0.228402
0.085952
0.162995
0.466193
0.493890
0.070794
-0.448463
-0.430943
0.035529
0.308252
-0.014093
-0.605987
-0.609979
-0.060603
0.481294
0.456802
-0.037011
-0.336586
-0.114183
0.292335
0.387627
0.036503
-0.294397
-0.223864
0.012530
0.091429
-0.213607
-0.414261
-0.262008
0.020574
0.097852
0.017990
-0.088868
-0.051490
0.100706
0.178387
0.163971
-0.019592
-0.115211
0.079551
0.287872
0.201389
-0.085493
-0.274586
-0.276626
-0.146933
-0.002125
0.062475
-0.006737
-0.232407
-0.332660
-0.193961
0.067786
0.245785
0.249064
0.085948
-0.073137
-0.158731
-0.108056
0.050989
0.153531
0.219874
0.285687
0.199270
0.047285
0.027925
0.192192
0.396699
0.412088
0.240483
0.010348
-0.042438
0.000146
0.041296
-0.053117
-0.193326
-0.255748
-0.259032
-0.238978
-0.231049
-0.136618
0.099074
0.342898
0.374095
0.198639
-0.018443
-0.050679
0.122070
0.233996
0.132514
-0.123278
-0.401842
-0.390853
-0.221170
-0.035322
0.071219
0.074442
-0.056458
-0.189778
-0.213589
-0.029079
0.239054
0.299682
0.083611
-0.454793
-0.695674
-0.478540
-0.149817
0.001419
0.190410
0.269973
0.125925
0.065616
0.228821
0.308205
0.026197
-0.319601
-0.273716
-0.163125
-0.245579
-0.320059
-0.139310
0.341222
0.447408
0.151634
-0.169742
-0.212369
0.103132
0.409062
0.262885
-0.074641
-0.300239
-0.214163
-0.014269
0.075540
-0.140233
-0.153424
0.063434
0.150048
0.033355
-0.195174
-0.054070
0.213901
0.376748
0.416575
0.413313
0.340679
0.346671
0.324280
0.215780
-0.072477
-0.286541
-0.200053
-0.089729
-0.224208
-0.295096
-0.106597
0.140772
0.301574
0.215028
0.006445
-0.205319
-0.237469
-0.039044
0.171138
0.211279
0.142751
0.038146
-0.074253
-0.259807
-0.368033
-0.206786
0.083738
0.199208
0.025587
-0.218408
-0.260754
-0.007582
0.266877
0.262926
0.026786
-0.156270
-0.160909
-0.039845
0.010266
-0.170682
-0.350150
-0.376573
-0.135764
-0.157416
-0.318956
-0.305980
-0.262691
-0.103547
0.028021
0.236261
0.334648
0.342452
0.247673
0.107670
-0.130647
-0.420964
-0.348797
0.046893
0.358648
0.270991
-0.077672
-0.401707
-0.461248
-0.147205
0.277157
0.457202
0.239276
-0.094532
-0.306397
-0.225652
0.159166
0.432294
0.460057
0.199007
-0.134692
-0.178598
0.115607
0.295866
0.161243
-0.130755
-0.251314
-0.042055
0.232186
0.283583
0.137001
0.046275
0.092382
0.192484
0.183161
0.063234
0.021223
0.142351
0.217225
0.208511
0.176125
0.234191
0.252441
0.114174
-0.146805
-0.389100
-0.451004
-0.331784
-0.140396
0.045934
0.162065
0.143042
0.033815
-0.085075
-0.069847
0.050034
0.149488
0.091107
-0.140264
-0.354258
-0.323603
-0.132395
0.053734
0.063325
-0.095248
-0.176258
-0.134704
-0.012066
0.078843
0.077649
-0.015164
-0.014687
0.050202
0.038220
0.049944
-0.020906
-0.110216
-0.233424
-0.342333
-0.367189
-0.329345
-0.238866
-0.104899
-0.016617
-0.026039
-0.053435
-0.016913
0.136357
0.235856
0.152095
-0.055175
-0.169198
-0.084744
0.067595
0.122172
0.032105
-0.029696
0.039467
0.093819
0.049541
-0.070410
-0.105184
-0.011901
0.142314
0.111085
0.007110
0.010951
0.107457
0.180291
0.121661
-0.002756
-0.042735
0.073620
0.162018
0.143027
0.026083
0.022842
0.115457
0.171307
0.095481
0.001927
0.009366
0.075936
0.061677
0.023328
0.062948
0.070757
0.051573
0.087811
0.106317
0.008235
-0.021712
0.034712
0.087766
0.020360
-0.030716
0.016959
0.093907
0.090912
0.052872
0.085723
0.092400
0.058296
0.059392
0.058731
-0.017691
-0.104406
-0.135111
-0.059941
-0.006554
-0.015667
-0.028051
0.037214
0.026754
-0.052345
-0.064482
-0.042092
-0.030922
-0.019035
0.070028
0.110579
-0.026300
-0.241119
-0.265389
-0.125800
0.088569
0.156092
-0.038634
-0.292123
-0.385862
-0.175458
0.090042
0.186385
0.061534
-0.097093
-0.234276
-0.220366
-0.128345
-0.081641
-0.035746
-0.022700
-0.002192
-0.060329
-0.098386
-0.126789
-0.033137
0.084394
0.153938
0.073022
-0.087637
-0.179590
-0.124009
-0.032642
0.015715
0.030740
-0.026888
0.017568
-0.016100
-0.036942
-0.010022
0.014299
-0.048282
-0.080408
-0.019806
0.004685
-0.043453
-0.088406
0.004809
0.084220
0.095662
0.073008
0.018246
-0.035508
-0.020785
0.058085
0.119586
0.124928
0.065931
-0.004665
0.015187
0.051873
0.106206
0.118295
0.050337
-0.045679
-0.143972
-0.105242
0.037986
0.135670
0.151322
0.118673
0.063294
0.048456
0.036043
0.024498
-0.002887
-0.023478
0.044536
0.141160
0.157672
0.095768
0.009178
-0.048838
-0.006548
0.046112
0.058838
0.056172
0.049310
0.047346
0.033586
0.032129
0.042949
0.028672
0.021667
0.042160
0.048977
0.011169
-0.028221
-0.037373
-0.008129
0.067091
0.143266
0.109600
-0.064376
-0.185768
-0.192775
-0.095878
0.028146
0.119378
0.157160
0.112446
0.016485
-0.101887
-0.133661
-0.076814
0.000984
0.006789
-0.024004
-0.007521
0.016385
-0.001101
0.006377
0.046479
0.031963
-0.082425
-0.223188
-0.251123
-0.111396
0.094726
0.193273
0.151869
-0.036543
-0.225686
-0.282767
-0.153487
0.015593
0.101715
0.096757
0.040897
-0.015813
-0.071033
-0.086370
-0.011897
0.041059
-0.017314
-0.084031
-0.133851
-0.081257
-0.028269
0.016159
0.013340
-0.030778
-0.062934
-0.011702
0.044994
-0.021208
-0.093003
-0.083565
0.030098
0.114098
0.094741
0.014491
-0.028652
-0.047786
-0.100007
-0.155914
-0.095085
0.092466
0.244586
0.211889
0.029114
-0.164699
-0.211822
-0.056075
0.162719
0.197358
0.034546
-0.097935
-0.109341
-0.030446
0.065084
0.123897
0.102959
0.021482
-0.034156
-0.031228
-0.014641
-0.010122
0.026816
0.029344
-0.003493
0.022234
0.092245
0.151518
0.051086
-0.116581
-0.175729
-0.055937
0.136095
0.229527
0.177888
0.037863
-0.025552
-0.048324
-0.063578
-0.086645
-0.078745
0.014756
0.107414
0.115762
0.031946
-0.047152
-0.039734
-0.008881
-0.016985
-0.009143
0.033760
0.054652
0.015117
-0.034927
-0.027797
0.030198
0.059704
0.047738
-0.026618
-0.105829
-0.112665
-0.057992
0.020550
0.053001
0.055598
0.028467
-0.001677
-0.042398
-0.065555
-0.021207
0.029017
0.042131
0.027040
0.049387
0.069903
0.012385
-0.118454
-0.217348
-0.182251
-0.060377
0.093150
0.180919
0.149328
0.036631
-0.078625
-0.125552
-0.148346
-0.124262
-0.026513
0.098209
0.175757
0.147615
0.032207
-0.094031
-0.168081
-0.171047
-0.139924
-0.081660
0.013174
0.114537
0.175159
0.136079
0.023778
-0.085420
-0.122446
-0.097393
-0.050754
-0.031103
0.008006
0.092558
0.154097
0.112221
-0.012413
-0.147287
-0.196650
-0.111541
0.027716
0.124075
0.153183
0.111567
0.011701
-0.054992
-0.065035
-0.000132
0.057414
0.051229
-0.018304
-0.063422
-0.031655
0.048634
0.074473
0.028901
-0.017271
-0.048965
-0.013469
0.013151
0.000982
0.002274
0.057704
0.056273
0.001696
-0.036509
-0.031291
0.003510
0.010360
-0.016398
-0.045113
0.000650
0.066961
0.102966
