-0.007395
-0.000968
-0.002069
-0.008672
-0.012513
-0.008708
-0.007212
-0.008544
-0.010704
-0.003966
-0.003716
-0.001602
-0.003169
-0.002094
-0.007939
-0.008032
-0.008219
-0.000895
0.003896
0.004834
0.003097
-0.010297
-0.009157
-0.005115
0.026202
0.017431
0.011786
-0.035145
-0.010397
-0.004512
0.033402
-0.012170
0.008102
-0.031628
-0.042127
-0.208491
-0.244509
-0.107150
-0.504609
-0.393619
-0.118106
-0.054359
-0.097795
0.316703
0.626623
0.401041
0.115115
0.263063
0.630810
0.437576
0.128200
0.164931
0.359192
0.055842
-0.442485
-0.557153
-0.247994
-0.092316
-0.316532
-0.612625
-0.564499
-0.105584
0.437271
0.644878
0.492564
0.180150
-0.017107
-0.020442
0.014040
0.063991
0.159069
0.178674
-0.079697
-0.582821
-0.798339
-0.346893
0.362725
0.629448
0.159978
-0.438077
-0.498063
0.082738
0.590801
0.580956
0.083757
-0.341503
-0.260264
0.012031
0.082841
-0.173365
-0.317134
-0.162859
0.097303
0.091265
-0.138126
-0.198418
0.154566
0.479162
0.367593
-0.101565
-0.407467
-0.227154
0.129845
0.183654
-0.148897
-0.348585
-0.366967
-0.028260
0.156342
0.082102
-0.285485
-0.370258
-0.129856
-0.349861
-0.378223
-0.235579
-0.013770
0.120460
0.449312
0.747567
0.633286
0.136768
-0.234620
-0.021110
0.257832
0.368288
0.514015
0.628861
0.527123
0.129290
-0.341827
-0.373643
-0.082953
0.176661
0.112663
-0.256957
-0.681877
-0.690985
-0.315468
0.214127
0.586048
0.536094
0.300038
0.021359
-0.204909
-0.127262
0.216241
0.463435
0.234826
-0.338074
-0.673496
-0.426771
0.093765
0.253155
-0.047757
-0.434317
-0.393594
-0.004158
0.396377
0.290311
-0.054647
-0.194495
0.052435
0.305759
0.194760
-0.223070
-0.584326
-0.331020
0.010421
0.030582
-0.247824
-0.321734
-0.154559
0.258013
0.470625
0.326026
0.015078
-0.078188
0.213953
0.555092
0.395395
-0.228945
-0.533972
-0.598868
-0.435902
-0.345058
-0.271314
-0.209133
0.003635
0.085860
-0.090892
-0.247532
-0.266390
0.005561
0.284274
0.397115
0.291724
0.119099
-0.069407
-0.161052
-0.050366
0.169093
0.433949
0.511691
0.215843
-0.163487
-0.336522
-0.142684
0.191599
0.355345
0.185941
-0.099553
-0.235669
-0.047482
0.313112
0.501652
0.456808
0.252686
0.114248
0.111241
0.208690
0.158040
0.099394
0.139396
0.187281
0.052043
-0.305490
-0.565615
-0.486717
-0.099763
0.173722
0.145485
-0.089885
-0.232470
-0.081495
0.178466
0.166370
-0.045126
-0.113812
0.004544
0.130596
0.065228
-0.206922
-0.408923
-0.364504
-0.094260
0.157100
0.164951
0.012646
-0.101857
-0.147671
-0.173488
-0.107409
-0.004136
0.079892
-0.057061
-0.412710
-0.622842
-0.493555
-0.325617
-0.129355
0.050987
0.218525
0.429100
0.579832
0.400621
-0.144068
-0.565792
-0.508231
0.004963
0.325297
0.261590
-0.004545
-0.172402
-0.105680
0.017763
0.038119
0.076461
0.207372
0.217028
-0.019320
-0.341215
-0.416432
-0.121573
0.330666
0.497836
0.342688
-0.034328
-0.319054
-0.328731
-0.096366
0.134770
0.140087
-0.068507
-0.271480
-0.176291
0.161430
0.510010
0.533676
0.215749
-0.191209
-0.332320
-0.169965
0.094566
0.254668
0.246014
0.220386
0.233341
0.177100
0.063139
-0.081823
-0.101358
-0.049649
0.037274
0.090088
0.035401
0.013809
0.023583
0.150314
0.223789
0.160747
-0.041419
-0.149039
-0.074413
0.064105
0.107531
0.042468
-0.001223
-0.030760
-0.003855
-0.009030
0.009777
0.080585
0.154278
0.122699
0.005610
-0.058736
-0.086193
-0.071097
0.054550
0.145503
0.108490
-0.021547
-0.212569
-0.400981
-0.479490
-0.352784
-0.109557
0.066448
0.050313
-0.008515
-0.014826
-0.075454
-0.180221
-0.138361
0.071844
0.247978
0.164148
-0.147663
-0.391496
-0.343198
-0.063894
0.215708
0.268703
0.126613
-0.020334
-0.132452
-0.170947
-0.191636
-0.143017
-0.059288
-0.037406
-0.095083
-0.197382
-0.235914
-0.178546
-0.022406
0.084489
0.079069
0.033706
0.063917
0.131210
0.124226
0.051595
-0.030029
-0.022143
0.036014
0.056561
0.025673
0.004181
0.019391
0.044551
0.055031
0.008553
-0.032660
-0.063912
-0.091533
-0.060532
0.016991
0.088355
0.154570
0.162703
0.089452
0.027169
0.010227
0.043744
0.056579
0.032074
0.010090
0.049192
0.129042
0.140039
0.068804
-0.005102
-0.004325
0.061769
0.085149
0.041890
-0.046248
-0.110972
-0.037698
0.152450
0.301644
0.265571
0.090917
-0.059965
-0.067627
-0.003281
-0.006033
-0.049559
-0.021381
0.101413
0.190156
0.153344
0.019267
-0.116311
-0.160057
-0.103591
-0.032382
0.008544
0.017217
0.055767
0.157099
0.141605
-0.005381
-0.152395
-0.191729
-0.176516
-0.016737
0.176412
0.217699
0.100302
-0.120525
-0.154520
-0.021570
0.066171
0.023402
-0.012397
-0.004711
0.042778
0.033701
-0.044299
-0.106545
-0.125904
-0.066600
0.056967
0.098437
0.050516
-0.020653
-0.108494
-0.075409
-0.044815
-0.027330
-0.062328
-0.143182
-0.165597
-0.062446
0.113390
0.203388
0.163050
-0.001452
-0.130357
-0.136506
-0.112809
-0.113885
-0.084578
0.035207
0.144681
0.101771
-0.079138
-0.233812
-0.202711
-0.058869
0.046707
0.051050
-0.016809
-0.034588
0.033835
0.093675
0.118525
0.046853
-0.020375
-0.043153
-0.084655
-0.125941
-0.111117
-0.020932
0.104675
0.192832
0.110815
-0.037734
-0.126684
-0.098218
0.002679
0.093376
0.090510
0.038539
-0.005951
-0.026253
-0.029864
-0.063190
-0.089664
-0.034559
0.095566
0.151853
0.098457
0.027112
-0.032364
-0.074158
-0.094745
-0.055734
0.077537
0.162578
0.135496
0.046425
-0.026921
-0.061309
-0.005958
0.021969
-0.038198
-0.089890
-0.015971
0.148921
0.228609
0.158344
-0.001966
-0.146138
-0.214885
-0.151399
-0.021794
0.107067
0.177385
0.178528
0.074559
-0.060682
-0.140069
-0.143015
-0.078220
0.028539
0.133277
0.152134
0.100199
0.013244
-0.081839
-0.139479
-0.131254
-0.099910
-0.011983
0.090102
0.120678
0.081255
-0.045024
-0.157765
-0.161204
-0.079175
0.038992
0.116815
0.106931
0.032480
-0.034666
-0.053729
-0.010827
0.023281
0.013889
-0.040830
-0.129312
-0.117971
0.008672
0.122772
0.135735
0.037834
-0.110261
-0.184377
-0.129194
-0.000100
0.069771
0.074551
0.056400
0.032449
0.007175
-0.025425
-0.044591
-0.024012
0.020933
-0.007732
-0.070137
-0.095498
-0.047402
0.063199
0.087351
0.031114
-0.035448
-0.093778
-0.120843
-0.123587
-0.051837
0.070159
0.180339
0.165886
0.022342
-0.121501
-0.142538
-0.030896
0.098899
0.146444
0.069118
-0.041225
-0.059559
-0.013944
0.017566
0.003785
-0.058795
-0.075712
-0.021896
0.077738
0.136165
0.110747
0.022470
-0.047038
-0.059641
-0.042880
0.010606
0.079323
0.134735
0.076111
0.004363
-0.030072
-0.080231
-0.097698
-0.086026
-0.058026
0.004928
0.098117
0.137894
0.119453
0.045896
-0.028296
-0.097906
-0.113706
-0.029266
0.078278
0.153482
0.122897
-0.013865
-0.126233
-0.112297
-0.041402
0.011320
0.002663
-0.025221
-0.017575
0.025997
0.074418
0.105938
0.060405
-0.046045
-0.098512
-0.101361
-0.064531
0.026624
0.118912
0.132469
0.036296
-0.093475
-0.172877
-0.145899
-0.028043
0.054525
0.077844
0.058741
0.008439
-0.024469
-0.088299
-0.137076
-0.109740
-0.055772
-0.006152
0.108218
0.214643
0.177293
0.089721
-0.042506
-0.149197
-0.176850
-0.119599
0.017367
0.115573
0.141961
0.107479
-0.001510
-0.143558
-0.173365
-0.107792
-0.008359
0.132491
0.170562
0.065859
-0.028524
-0.056022
-0.045456
-0.030254
-0.011733
-0.000891
-0.002353
0.018277
0.047667
0.032796
-0.018605
-0.078672
-0.083485
-0.028629
0.042855
0.100781
0.090629
0.023239
-0.036848
-0.046382
-0.040291
-0.003767
0.036292
0.063968
0.050258
-0.001786
