0.000626
0.000100
-0.000863
-0.000887
-0.000609
-0.000557
-0.001197
-0.002550
-0.002503
-0.001881
-0.001230
-0.001201
-0.001249
-0.001613
-0.001041
-0.000144
0.000305
-0.000431
-0.000495
-0.000752
-0.000802
-0.000847
-0.001096
-0.001721
-0.001562
-0.000904
-0.001162
-0.001276
-0.001960
-0.001359
-0.003686
-0.003291
-0.006170
-0.003910
-0.006222
-0.004472
-0.008003
-0.005618
-0.008323
-0.006013
-0.007627
-0.004697
-0.003486
-0.004429
0.002074
-0.002530
0.006938
0.007270
0.011694
-0.015179
-0.007642
-0.030823
-0.045141
-0.194311
-0.035836
-0.151528
-0.485757
-0.016274
-0.076850
-0.347364
-0.163367
0.144007
0.120371
-0.205141
-0.065064
0.554268
0.684414
0.254656
0.385380
0.751713
0.662983
0.087566
-0.098796
0.216750
0.218575
-0.204416
-0.590381
-0.735221
-0.609748
-0.345201
-0.091979
0.012693
0.037772
0.253360
0.434994
0.337441
0.031026
0.101043
0.437218
0.459877
-0.061200
-0.598497
-0.507941
-0.024331
0.084987
-0.293959
-0.601401
-0.349014
0.263708
0.408643
0.134822
-0.115238
-0.008999
0.435120
0.547445
0.080748
-0.397705
-0.436256
-0.082687
-0.011136
-0.442278
-0.733449
-0.399790
0.336360
0.348639
-0.140175
-0.279147
-0.112197
0.323392
0.454244
0.024368
-0.265356
-0.088801
0.190718
0.401270
0.280267
0.109185
0.147451
0.203092
0.301751
0.250775
0.027481
-0.012703
0.282768
0.585738
0.435553
-0.088318
-0.413913
-0.452044
-0.286178
-0.194373
-0.349396
-0.507662
-0.307311
0.163367
0.417399
0.268746
0.056965
0.154641
0.322665
0.215697
-0.114185
-0.252622
-0.040415
0.225584
0.068301
-0.438301
-0.686289
-0.315640
0.354866
0.498844
-0.011532
-0.474205
-0.334710
0.330735
0.689757
0.369516
-0.207489
-0.438944
-0.131242
0.130552
0.039017
-0.341339
-0.388255
-0.247787
-0.153556
-0.072921
-0.079410
0.061437
0.263969
0.405712
0.228354
-0.018768
-0.191522
-0.025228
0.006450
-0.207678
-0.264896
-0.095171
0.179240
0.135480
-0.118970
-0.373145
-0.261670
-0.038331
-0.014469
-0.252804
-0.428861
-0.214414
0.194322
0.373033
0.242683
0.143240
0.211989
0.294636
0.154066
-0.028600
-0.047329
0.160619
0.289688
0.025966
-0.422077
-0.428426
0.094710
0.614704
0.563323
0.066072
-0.206809
-0.057687
0.360174
0.503746
0.284108
-0.003100
-0.077417
0.134298
0.192464
-0.032694
-0.213006
-0.152431
0.041688
0.253775
0.362076
0.198243
0.015917
-0.036061
-0.186928
-0.440248
-0.503744
-0.244084
-0.110296
-0.222075
-0.305470
-0.110581
0.141986
0.237279
0.344957
0.238244
0.143686
0.152511
0.137663
-0.111803
-0.391922
-0.410600
-0.277238
-0.359401
-0.568384
-0.391961
-0.067459
0.117366
0.077943
0.102602
0.199664
0.252480
0.298219
0.272278
0.083056
-0.201263
-0.386853
-0.377387
-0.260202
-0.118650
-0.022786
-0.004060
-0.162626
-0.271067
-0.051021
0.313337
0.384006
0.081166
-0.210626
-0.285260
-0.041617
0.176428
0.243678
0.170158
-0.019819
-0.033889
0.130717
0.253309
0.149176
-0.067101
-0.179515
-0.165586
-0.126859
-0.070172
0.028945
0.031056
0.008997
0.061687
0.157474
0.198606
0.068531
-0.013963
0.082052
0.211202
0.155675
-0.013541
-0.100797
-0.041774
0.033168
-0.010689
-0.121726
-0.154244
0.028092
0.304790
0.325925
0.033625
-0.157795
0.104449
0.510146
0.480575
0.090345
-0.199184
-0.127262
0.038639
0.024932
-0.090564
-0.082420
0.013474
0.118582
0.113604
0.049841
0.011648
0.023666
0.139794
0.109754
0.031683
0.129624
0.205018
-0.009584
-0.247788
-0.263321
-0.186867
-0.254320
-0.441707
-0.390848
-0.143530
0.081813
0.231616
0.164872
-0.087552
-0.243062
-0.087139
0.173263
0.173894
-0.099895
-0.102739
-0.175573
-0.190506
-0.094228
-0.199266
-0.184238
-0.198299
0.294319
0.363087
-0.148883
-0.250146
-0.047263
0.094405
0.010774
0.008402
0.108941
0.089644
-0.250764
-0.300154
-0.137923
-0.189327
-0.156770
0.060282
0.429023
0.435144
-0.058957
-0.431815
-0.388306
-0.015787
0.114241
0.019106
0.016791
-0.028953
-0.127290
-0.033488
0.150407
0.040661
-0.095076
0.009791
0.163230
-0.007392
-0.243095
-0.051692
0.332963
0.329956
0.005838
-0.098623
0.108657
0.375645
0.387466
0.127065
-0.130264
-0.173743
0.053495
0.136234
0.050728
-0.028942
-0.075272
0.021924
0.014743
-0.033959
-0.059738
0.040196
0.140625
0.054461
-0.041797
0.092027
0.368763
0.351249
0.019145
-0.314622
-0.287852
0.019547
0.220539
0.135900
-0.098470
-0.172674
0.011259
0.199933
0.182759
0.028510
-0.094393
-0.111895
-0.029294
0.034670
0.032212
-0.008295
-0.005534
0.035538
0.041016
0.087432
0.065874
-0.022354
-0.053484
-0.041278
0.044228
0.112339
0.071380
0.030042
-0.030299
-0.091791
-0.097815
-0.136571
-0.166059
-0.099477
0.043068
0.116798
0.007355
-0.092904
-0.038214
0.068962
0.070718
0.036221
-0.049301
-0.101392
-0.075062
-0.034065
-0.027883
-0.070919
-0.079921
-0.057250
-0.057990
-0.141985
-0.091004
0.028531
0.085783
0.059713
0.006025
-0.065055
-0.088366
-0.008080
0.063299
0.014365
-0.088609
-0.091666
-0.017412
-0.004014
-0.117277
-0.135515
-0.032928
0.039635
0.077549
0.040761
-0.080610
-0.140087
-0.045061
0.179213
0.265954
0.068322
-0.163135
-0.212490
-0.119773
0.001365
0.073574
0.047948
-0.038117
-0.059307
0.016498
0.116594
0.116005
0.005266
-0.048490
-0.013264
0.011126
-0.015503
0.000176
0.059773
0.117109
0.084807
-0.066824
-0.160459
-0.109172
0.027537
0.126001
0.105672
-0.004924
-0.009477
0.104379
0.169823
0.075134
-0.103373
-0.148153
-0.004058
0.171132
0.173104
0.044995
-0.082023
-0.061445
0.088525
0.137319
0.019283
-0.101242
-0.114015
-0.026153
0.084335
0.107379
0.066264
0.019967
-0.000577
-0.010155
-0.037530
-0.070698
-0.066831
-0.028295
0.028521
0.071192
0.060997
0.006091
-0.013630
0.025932
0.051873
0.039738
-0.046970
-0.141057
-0.130092
-0.000772
0.105242
0.080024
-0.035030
-0.123699
-0.100365
-0.018075
0.045452
0.039557
-0.009930
-0.002512
0.083218
0.125212
0.049141
-0.091362
-0.150387
-0.112089
-0.067780
-0.040505
-0.019105
0.038414
0.080020
0.087025
0.037365
-0.068197
-0.148351
-0.126589
0.004623
0.123350
0.111847
0.031296
0.008586
-0.000367
-0.054494
-0.128131
-0.122443
-0.052541
0.042920
0.106869
0.089899
0.039116
-0.045687
-0.103383
-0.088610
-0.042187
0.004922
0.038376
0.056789
0.067226
0.048491
0.013778
-0.013433
-0.049430
-0.067932
-0.022740
0.054777
0.101014
0.054428
-0.069573
-0.150739
-0.099881
0.003234
0.057691
0.045862
0.027318
0.060007
0.083367
0.058789
-0.021487
-0.081121
-0.051339
0.046770
0.115272
0.088075
0.015606
-0.020724
0.015660
0.014239
-0.053239
-0.092675
-0.030174
0.062488
0.058915
-0.009430
-0.056916
-0.006641
0.066233
0.047339
-0.003932
-0.012940
0.036265
0.069552
0.061327
0.038034
-0.006347
-0.046895
-0.091304
-0.110588
-0.066373
0.007750
0.048514
0.025989
-0.021270
-0.010038
0.047497
0.076344
0.049135
-0.003890
-0.011838
-0.009753
-0.033769
-0.035030
-0.012428
0.012986
0.025697
-0.017029
-0.076668
-0.106659
-0.077802
-0.009623
0.040932
0.070204
0.091274
0.071879
-0.021625
-0.093319
-0.094503
-0.027955
0.026732
0.040771
0.046572
0.044483
0.021347
-0.022797
-0.070688
-0.109525
-0.073867
0.001378
0.077552
0.095431
0.047091
-0.008610
-0.045217
-0.036833
-0.003206
0.008865
0.004651
-0.003101
-0.008890
-0.000363
-0.003243
-0.025459
-0.069509
-0.089117
-0.054012
0.015678
0.089680
