0.000506
0.000218
0.000684
0.001039
0.001092
0.000275
-0.000459
-0.001426
-0.001198
-0.002012
-0.001247
-0.001642
0.000462
0.000334
0.000713
-0.001279
-0.000096
-0.000067
0.000651
0.000506
-0.000170
0.000201
-0.003103
-0.000512
-0.005236
-0.000040
-0.007573
-0.000789
-0.010628
0.000490
-0.008675
0.006145
-0.002466
0.009727
-0.003142
0.005891
-0.006088
-0.001873
-0.007438
-0.023949
-0.034700
-0.130247
-0.085341
-0.285617
-0.189794
-0.262450
-0.138348
0.123559
0.222923
0.485316
0.537184
0.418729
-0.055513
-0.157072
-0.298594
-0.305774
-0.063388
0.080352
0.033333
-0.208636
-0.407467
-0.641958
-0.504811
-0.042616
0.496430
0.690666
0.451577
0.209472
0.211935
0.395196
0.535707
0.572032
0.478937
0.242958
-0.115702
-0.419834
-0.520998
-0.301144
-0.065654
-0.049444
-0.343931
-0.596185
-0.303179
0.218913
0.407876
0.149788
-0.046756
0.108889
0.436007
0.486909
0.303803
0.044605
-0.241004
-0.336209
-0.271720
-0.116946
-0.036749
-0.070574
-0.166428
-0.251667
-0.190072
-0.050217
0.171208
0.282495
0.177043
-0.010138
-0.102922
-0.091968
-0.044444
0.001998
0.040279
0.042069
-0.077288
-0.219043
-0.277256
-0.079204
0.100332
0.199240
-0.018527
-0.209336
-0.330331
-0.216767
-0.085017
-0.133645
-0.132430
-0.368004
-0.158497
0.194359
0.340964
0.085471
-0.146835
-0.183949
-0.050937
0.151930
0.178019
0.300246
0.306317
0.107569
-0.188810
-0.306168
-0.093307
0.196532
0.314376
0.116419
-0.321464
-0.645029
-0.518935
-0.090024
0.251158
0.518807
0.477943
0.133923
-0.183918
-0.412811
-0.231914
0.241787
0.664586
0.806151
0.540450
0.174778
0.058501
0.158566
0.282891
0.211849
-0.080560
-0.235726
-0.203107
-0.065235
-0.064740
-0.214408
-0.288346
-0.208265
-0.075011
0.033528
0.097129
0.184022
0.348285
0.406857
0.184481
-0.262842
-0.525326
-0.349287
0.143746
0.437606
0.247218
-0.218989
-0.582724
-0.524476
-0.158977
0.206570
0.255865
0.012198
-0.199407
-0.163986
0.015976
0.172430
0.132664
-0.066304
-0.262213
-0.238795
-0.262116
-0.327849
-0.292748
-0.408128
-0.516296
-0.349671
-0.037858
0.130279
0.332305
0.418375
0.317939
0.025088
-0.253456
-0.228222
0.013018
0.079607
0.035796
0.036576
0.020475
-0.044592
-0.075891
0.073157
0.249917
0.262816
0.017114
-0.219836
-0.379630
-0.232896
0.135854
0.423370
0.485866
0.319861
0.075344
-0.061886
-0.034428
0.033627
0.052840
0.026162
-0.038341
-0.002007
0.005284
0.066496
0.141075
0.107842
0.020010
0.008609
0.196405
0.286565
0.303623
0.124819
0.104781
0.075985
-0.034103
0.065249
0.274735
0.394575
0.288054
0.030572
-0.124535
-0.180730
-0.224641
-0.013165
0.198970
0.102655
-0.196453
-0.396093
-0.346491
-0.072954
0.200340
0.360703
0.275460
-0.068046
-0.361756
-0.336786
-0.083505
0.077256
-0.030461
-0.245721
-0.287592
-0.127644
0.050676
0.083274
-0.038214
-0.169793
-0.151784
-0.046171
0.005102
-0.071093
-0.125793
0.011579
0.132391
0.075452
-0.164815
-0.386660
-0.616230
-0.553072
-0.365057
-0.333197
-0.174471
-0.012508
0.132114
0.182551
0.227052
0.165734
0.199491
0.367525
0.384172
0.122437
-0.309401
-0.522043
-0.229110
0.193691
0.359892
0.127040
-0.180460
-0.157339
0.060097
0.223671
0.116416
-0.006540
-0.108942
-0.050146
0.031682
0.039076
0.111995
0.341389
0.523762
0.360366
-0.026816
-0.286330
-0.116220
0.234843
0.337246
0.129490
-0.131631
-0.146138
0.122885
0.307601
0.262827
0.028875
-0.201863
-0.206213
-0.008191
0.117408
0.180102
0.239101
0.225673
0.085123
-0.115237
-0.158831
-0.019213
0.154602
0.140033
-0.031627
-0.090666
0.013852
0.161100
0.232819
0.036782
-0.166888
-0.139338
0.126514
0.252503
0.058562
-0.174555
-0.248321
-0.153480
-0.029031
0.102187
0.172645
0.191202
0.084677
-0.154797
-0.373237
-0.366620
-0.116984
0.234433
0.370376
0.163443
-0.186726
-0.386629
-0.274514
-0.030478
0.045026
-0.177647
-0.481455
-0.591276
-0.363337
0.046573
0.375556
0.369949
0.023857
-0.326807
-0.376019
-0.185351
0.025322
0.073241
-0.019009
-0.049463
0.059120
0.087411
-0.077687
-0.251175
-0.241608
-0.022169
0.174205
0.181946
-0.021088
-0.206900
-0.159850
0.092500
0.223273
0.095566
-0.110498
-0.161362
-0.014808
0.136839
0.117566
0.054388
0.073503
0.168124
0.185588
0.022687
-0.153457
-0.248451
-0.158336
0.077886
0.352953
0.410601
0.195171
-0.158011
-0.280249
-0.096710
0.161119
0.284833
0.209665
0.044255
-0.111302
-0.082803
0.065798
0.170427
0.121747
0.041519
0.019261
-0.017019
-0.089936
-0.061143
0.122333
0.276084
0.202842
0.043861
-0.001071
0.065650
0.106766
0.045131
-0.053842
-0.113443
-0.073088
0.021622
0.111598
0.137195
0.115998
0.042094
-0.086524
-0.179873
-0.166236
-0.064985
0.095750
0.164556
0.129059
0.050691
-0.047413
-0.055636
-0.028371
-0.019953
-0.044199
-0.031913
-0.021929
-0.044986
-0.060169
-0.027622
0.054182
0.087461
0.062569
0.012941
-0.065564
-0.167974
-0.198494
-0.143624
-0.002548
0.167219
0.212732
0.126424
-0.039916
-0.188647
-0.282061
-0.233068
0.014170
0.181237
0.118155
-0.033978
-0.115903
-0.136894
-0.129314
-0.061551
0.055145
0.084554
-0.024000
-0.134446
-0.137529
-0.083622
-0.010252
0.041978
0.018412
-0.011011
-0.028394
-0.065111
-0.110777
-0.093041
-0.009635
0.110270
0.130225
-0.006609
-0.146872
-0.112153
0.002337
0.063338
-0.011068
-0.112564
-0.084086
-0.010467
0.023643
-0.020151
0.000480
0.051594
0.092218
0.087030
-0.042167
-0.172730
-0.142702
0.026785
0.173316
0.172565
0.068265
-0.002728
-0.006404
-0.017736
-0.053564
-0.038811
0.011195
0.044907
0.095681
0.121314
0.044901
-0.048403
-0.070002
-0.034046
0.015431
0.056911
0.057796
0.033521
0.028511
0.038728
0.057579
0.097880
0.058621
-0.012481
-0.006371
0.037291
0.078836
0.046709
-0.033222
-0.049325
0.033085
0.098166
0.070052
-0.015147
-0.065846
-0.001012
0.080044
0.087911
0.035107
-0.033263
-0.076386
-0.079013
-0.014177
0.051537
0.100621
0.115055
0.039762
-0.060261
-0.096249
-0.091414
-0.057498
0.002134
0.016015
-0.012438
0.011543
0.069446
0.059125
-0.011879
-0.100970
-0.103451
-0.083306
0.002016
0.067700
0.057970
0.008189
-0.073595
-0.045421
-0.001016
0.019488
-0.030068
-0.046394
-0.039520
-0.043955
-0.070158
-0.058624
0.020720
0.056101
0.044342
-0.005084
-0.074460
-0.112978
-0.062712
0.034027
0.075550
0.009399
-0.044248
-0.057586
-0.032678
0.012500
0.043813
-0.039470
-0.111054
-0.087781
-0.005439
0.082380
0.063150
-0.015112
-0.070498
-0.058310
-0.019596
0.017769
0.046894
0.097165
0.069010
-0.003405
-0.072385
-0.105266
-0.083744
-0.055103
0.009238
0.089619
0.104681
0.049590
-0.009902
-0.056511
-0.048526
-0.012065
0.033775
0.057527
0.070552
0.079725
0.050433
0.028979
-0.005370
-0.034493
-0.047358
-0.028234
0.014249
0.047886
0.051234
0.009487
-0.054283
-0.091988
-0.001720
0.124523
0.182481
0.094134
-0.059700
-0.173607
-0.166263
-0.032402
0.088754
0.136333
0.040604
-0.078649
-0.121120
-0.092158
0.003714
0.152053
0.255845
0.231620
0.138984
-0.008790
-0.152647
-0.150665
-0.030642
0.059478
0.062260
0.033093
-0.062336
-0.140643
-0.067645
0.074746
0.118234
0.000734
-0.108977
-0.092152
-0.024220
0.044097
0.105543
0.131066
0.116269
0.044795
-0.064438
-0.140094
-0.103542
-0.025073
0.016767
0.020654
-0.016402
-0.039578
-0.024839
0.003459
-0.002394
-0.038475
-0.050343
0.019197
0.080523
0.045319
-0.020922
-0.068806
-0.031921
0.025607
0.062692
0.051909
0.016401
-0.026847
-0.070454
-0.070959
-0.070995
-0.074974
-0.030097
0.077038
0.132435
0.095704
0.004391
-0.065821
-0.073298
-0.036978
-0.018213
0.039343
0.058530
0.022166
0.007171
-0.007015
-0.018422
-0.016410
0.004417
-0.029427
-0.074489
-0.084855
-0.009793
0.080164
0.105681
0.081458
0.032580
-0.032055
-0.086612
-0.077118
-0.030708
0.034910
0.084765
0.081657
0.040766
-0.004476
-0.057282
-0.095895
-0.076838
-0.035865
0.033674
0.092606
0.063384
