0.003001
0.001396
-0.001342
-0.002309
-0.001693
-0.000524
-0.001166
-0.001594
-0.000901
-0.001059
-0.002088
-0.003705
-0.004103
-0.003806
-0.001268
0.000712
0.003024
0.001045
-0.000119
-0.003174
-0.001595
-0.002891
0.000885
0.000774
0.002332
-0.001708
-0.003949
-0.004645
-0.003990
-0.000881
-0.004278
0.000928
-0.005078
0.002443
-0.012791
-0.002279
-0.015568
0.006803
-0.008397
0.010920
-0.014271
0.000576
-0.028300
-0.015335
-0.093233
-0.118284
-0.042008
-0.291676
-0.172927
-0.033348
0.078258
0.052137
0.316870
0.478864
0.156845
-0.338836
-0.461004
-0.200147
-0.349876
-0.227391
0.472871
0.773787
0.283719
-0.137595
-0.380800
-0.330257
-0.204020
0.068753
0.529013
0.831339
0.588627
0.273403
0.019616
-0.180002
-0.155937
-0.224657
-0.257186
-0.218442
-0.165807
-0.197350
-0.272329
-0.364357
-0.192521
0.183786
0.488270
0.542855
0.336514
0.020797
-0.182828
-0.257501
-0.171236
0.098772
0.320842
0.180684
-0.321614
-0.733976
-0.571391
0.058721
0.546180
0.441029
-0.090312
-0.397017
-0.198484
0.257123
0.470854
0.272956
-0.022967
-0.165421
-0.231476
-0.291060
-0.323180
-0.217137
0.109592
0.322563
0.222989
-0.108517
-0.291306
-0.063724
0.252057
0.341210
-0.124313
-0.492925
-0.522741
-0.264209
0.012406
0.012693
-0.025626
0.101058
0.311844
0.209308
-0.018476
-0.207748
-0.227317
-0.040663
0.188496
0.195416
0.036037
-0.202385
-0.282895
-0.186368
-0.044613
0.102415
0.303065
0.324273
0.051963
-0.201017
-0.226217
0.040238
0.485488
0.858547
0.868829
0.484033
-0.059604
-0.491124
-0.573823
-0.400276
-0.051062
0.352304
0.397004
0.129385
-0.241113
-0.362294
-0.244120
-0.092800
-0.027560
0.093926
0.213974
0.229235
0.113735
-0.144947
-0.257821
-0.106829
0.213109
0.328398
0.030920
-0.374112
-0.421703
-0.068313
0.225864
0.100577
-0.139793
-0.154279
0.098218
0.240160
0.055839
-0.259791
-0.255728
0.000687
0.264274
0.113176
-0.249733
-0.396409
-0.244636
0.170403
0.095847
-0.232075
-0.423283
-0.243380
0.060029
0.253062
0.166308
-0.087358
-0.102138
0.006939
0.101563
0.103118
0.041691
0.138321
0.205688
-0.002459
-0.253237
-0.330112
-0.158350
0.102069
0.220851
0.012599
-0.222894
-0.325497
-0.199861
-0.006166
0.139661
0.277265
0.368975
0.293351
0.062120
-0.080921
-0.023786
0.131742
0.199251
0.160357
0.097442
0.187207
0.276162
0.218560
0.014838
-0.109564
-0.020716
0.139672
0.171479
0.086422
-0.073185
-0.068753
0.100455
0.139609
0.038401
-0.138022
-0.270372
-0.287472
-0.151974
0.096359
0.302031
0.260319
0.064402
-0.153857
-0.216096
-0.130734
0.011479
0.082926
0.051184
-0.099362
-0.289920
-0.333680
-0.209391
0.012999
0.196753
0.172097
0.028995
-0.093003
-0.169374
-0.103673
-0.006182
0.070344
0.014466
0.007009
-0.277190
-0.500015
-0.405907
-0.164167
0.035686
0.142049
0.273893
0.031685
-0.154493
-0.195911
-0.061549
-0.002177
-0.077231
0.019132
0.251098
0.283675
-0.070130
-0.416535
-0.515256
-0.269989
0.270451
0.742032
0.838185
0.377605
-0.262334
-0.611695
-0.614675
-0.276982
0.120592
0.591447
0.794521
0.462571
-0.081303
-0.344895
-0.149790
0.133839
0.175272
0.004090
-0.161268
-0.122023
0.061820
0.186027
0.219108
0.195110
0.140000
0.053870
-0.106881
-0.289254
-0.218680
0.114484
0.443661
0.389504
0.088478
-0.112117
-0.021901
0.225210
0.267147
0.105618
-0.068105
-0.041459
0.188540
0.368071
0.158392
-0.214765
-0.495357
-0.508173
-0.472905
-0.483803
-0.233581
0.064674
0.190689
0.216646
0.306208
0.300471
0.054991
-0.237680
-0.238278
-0.096278
-0.115190
-0.256033
-0.299078
-0.170292
-0.030762
-0.080310
-0.189049
-0.247975
-0.192502
0.022459
0.158182
0.061767
-0.092883
-0.033785
0.155090
0.184270
-0.027871
-0.122781
0.084966
0.382002
0.394710
0.070289
-0.249486
-0.192382
0.034469
0.114271
0.024145
-0.086681
-0.001996
0.140470
0.101882
-0.077644
-0.181217
-0.033681
0.221183
0.183018
-0.042317
-0.188105
-0.067829
0.210241
0.284805
0.060562
-0.202996
-0.217188
-0.004463
0.128482
0.032759
-0.108338
-0.104543
0.076059
0.208484
0.181592
0.094802
0.034399
0.026861
0.056217
0.063391
0.073748
0.055298
0.029708
0.000828
-0.068108
-0.088190
-0.012201
0.086679
0.078855
0.019267
-0.035681
-0.038112
-0.024231
-0.030381
-0.027731
0.046740
0.128720
0.037165
-0.098983
-0.150826
-0.071805
0.059670
0.065502
-0.017383
-0.145894
-0.233886
-0.213632
-0.147656
-0.072508
-0.001622
0.024301
-0.017115
-0.054422
-0.089152
-0.076103
0.016523
0.036531
-0.018793
-0.061518
-0.033878
0.003768
-0.046622
-0.099842
-0.049394
0.098494
0.208798
0.148949
-0.053357
-0.203834
-0.153122
-0.006669
0.086305
0.056267
0.009029
0.044600
0.077458
0.084815
-0.002711
-0.087777
-0.043491
0.057933
0.131771
0.101018
-0.017191
-0.078248
-0.029584
0.052214
0.080079
0.001932
-0.090076
-0.092958
-0.033106
0.044867
0.102736
0.061995
-0.018053
-0.040140
0.021356
0.089246
0.085986
0.033688
-0.052398
-0.119439
-0.112204
-0.006842
0.096362
0.095330
0.042482
0.006785
-0.034943
-0.072355
-0.058637
-0.002138
0.070868
0.102635
0.070708
0.012751
0.003703
0.040150
0.054337
-0.011669
-0.089868
-0.113204
-0.068029
0.019063
0.090665
0.117068
0.072309
0.002171
-0.068650
-0.071627
-0.014748
0.052496
0.051717
-0.018666
-0.076771
-0.048018
0.050140
0.097691
0.059643
-0.044425
-0.119117
-0.111833
-0.026266
0.071838
0.122301
0.094068
0.008376
-0.050248
-0.057704
-0.038447
-0.013924
-0.029439
-0.045462
-0.037802
-0.018695
0.028498
0.069894
0.066573
0.030742
-0.010403
-0.038003
-0.042229
-0.033022
0.001596
0.033860
0.029060
0.012993
0.003638
-0.020751
-0.034549
-0.021664
0.002875
-0.007579
-0.045508
-0.078484
-0.042465
