0.003480
0.005142
0.002778
-0.001742
-0.005243
-0.007756
-0.009114
-0.008208
-0.003890
-0.001928
-0.002258
-0.005607
-0.008148
-0.010439
-0.006210
-0.002358
0.001301
-0.001498
-0.005974
-0.011092
-0.011479
-0.006582
-0.002387
0.002896
-0.000416
0.000063
-0.010350
-0.005910
-0.013944
-0.002837
-0.010811
-0.002084
-0.012287
-0.002990
-0.026164
-0.018706
-0.036281
-0.052872
-0.149617
-0.212861
-0.164593
-0.431028
-0.298697
-0.023514
0.139198
0.248313
0.552382
0.741895
0.306352
-0.182485
-0.326091
-0.162318
-0.040099
0.227756
0.665004
0.792760
0.340585
-0.327011
-0.686639
-0.545623
-0.136949
0.246011
0.226044
-0.098157
-0.441121
-0.463423
-0.140261
0.317461
0.613452
0.504165
0.153984
-0.251982
-0.418289
-0.209220
0.197808
0.502156
0.263407
-0.306523
-0.632610
-0.490136
0.058320
0.360964
0.222552
-0.150894
-0.365931
-0.211500
0.170474
0.369498
0.267797
0.086531
-0.024914
-0.002238
-0.061051
-0.174547
-0.262450
-0.168626
0.039409
0.118875
0.029901
-0.058991
-0.026525
0.092749
0.118951
0.049729
-0.041052
-0.069883
-0.075503
-0.071549
-0.077279
-0.098867
-0.045876
-0.057544
-0.051982
-0.026088
-0.023786
-0.024479
0.086125
0.135979
0.087764
-0.034612
-0.104092
-0.065001
0.018453
-0.088979
-0.159803
-0.060624
-0.013614
-0.074843
-0.219352
-0.119781
0.060994
0.264216
0.280331
0.211872
-0.109414
-0.501788
-0.578841
-0.197458
0.259430
0.337667
0.191782
0.078827
0.130109
0.179605
0.219413
0.147292
0.061984
0.077963
0.387394
0.577613
0.423338
0.063621
-0.153390
-0.087351
0.116959
0.318446
0.376344
0.177136
-0.280696
-0.622496
-0.703004
-0.528601
-0.213867
0.114620
0.318658
0.386769
0.313299
0.115510
-0.153210
-0.244971
0.020056
0.446923
0.529097
0.079920
-0.597855
-0.803169
-0.322290
0.248212
0.343274
-0.100715
-0.455767
-0.362204
0.025011
0.264124
0.180012
0.055048
0.127376
0.303843
0.197042
-0.190859
-0.479445
-0.274030
0.175586
0.311442
-0.076622
-0.500062
-0.447137
-0.107727
0.198936
0.127877
-0.182870
-0.345655
-0.045410
0.245286
0.226559
-0.025432
-0.109763
0.089781
0.145642
0.067009
0.008705
0.094672
0.164455
0.133810
-0.100906
-0.362525
-0.554893
-0.505380
-0.239426
0.051932
0.178523
0.168686
0.101850
0.051875
0.065222
0.066841
0.106823
0.105105
0.098039
0.034768
0.007725
-0.060038
-0.040416
-0.000771
0.038118
0.065800
-0.017000
-0.049055
-0.052045
0.038033
0.101424
0.173309
0.209971
0.207783
0.134459
0.016857
-0.000787
0.088238
0.190154
0.162208
0.062983
-0.035471
-0.048983
0.014169
0.139820
0.238163
0.202870
0.060472
-0.027196
0.055719
0.181240
0.175868
0.096907
0.079547
0.162010
0.228184
0.090814
-0.145902
-0.243678
-0.275627
-0.353134
-0.400465
-0.353038
-0.170427
0.100146
0.307452
0.281468
0.038521
-0.199370
-0.160871
0.124977
0.325590
0.208120
-0.153200
-0.420602
-0.454002
-0.235902
0.043667
0.179119
0.125026
-0.070391
-0.267623
-0.326542
-0.153127
0.117445
0.328897
0.259869
-0.016350
-0.281912
-0.295000
-0.107911
-0.105042
-0.285868
-0.412104
-0.423362
-0.202773
0.225644
0.538868
0.502734
0.164447
-0.161675
-0.281867
-0.280566
-0.270508
-0.084696
0.159227
0.256466
0.122563
-0.090695
-0.167197
-0.036484
0.192260
0.316048
0.229369
-0.053430
-0.298973
-0.306154
-0.103336
0.126314
0.271902
0.262077
0.135400
-0.033103
-0.117574
-0.038306
0.115193
0.109727
-0.085960
-0.249411
-0.201012
0.038706
0.255327
0.228342
0.064477
-0.021417
0.050657
0.167324
0.120017
-0.071501
-0.191683
-0.067531
0.243480
0.451245
0.372735
0.123405
-0.059669
-0.065858
-0.047722
-0.061953
-0.113533
-0.101706
0.014007
0.130054
0.163327
0.105340
0.030647
0.036333
0.041617
-0.007103
-0.045701
-0.029372
0.044078
0.081576
0.139243
0.133906
0.027156
-0.133507
-0.158840
-0.013138
0.108869
0.080205
-0.055250
-0.065140
0.067059
0.210462
0.195481
0.043149
-0.072173
-0.065809
-0.020918
-0.045168
-0.105359
-0.126781
-0.062865
0.034310
0.092585
0.097760
0.117432
0.078093
-0.001030
-0.143872
-0.320310
-0.353458
-0.292008
-0.230529
-0.231459
-0.168395
-0.026125
0.137774
0.209318
0.158076
-0.001921
-0.174804
-0.211470
-0.112119
0.037819
0.062528
-0.044033
-0.193112
-0.266798
-0.205895
-0.041212
0.115099
0.147993
-0.003554
-0.198614
-0.243308
-0.116408
0.062602
0.171650
0.162316
0.036668
-0.082419
-0.126571
-0.053709
0.045365
0.057911
0.001941
-0.042391
-0.018399
0.043525
0.074930
0.064880
0.037798
-0.017276
-0.054623
-0.037043
-0.013674
-0.007410
-0.000512
0.018306
0.058003
0.090066
0.129510
0.169230
0.129102
0.005131
-0.101256
-0.115417
-0.027470
0.090017
0.139563
0.091893
0.017875
0.020271
0.098479
0.148588
0.111258
0.046856
0.026218
0.058826
0.083271
0.068279
0.041220
0.020731
0.008175
0.001503
-0.008018
-0.009785
0.042270
0.088871
0.099759
0.045322
-0.012084
0.005293
0.057950
0.096669
0.040798
-0.027925
-0.044045
-0.003940
0.007400
-0.030434
-0.065780
-0.056567
-0.010645
0.011970
0.000867
-0.031103
-0.030706
0.022459
0.077004
0.057836
-0.017714
-0.086081
-0.076102
-0.041765
-0.022909
-0.015388
0.017508
0.061931
0.068936
0.008679
-0.100072
-0.158059
-0.161621
-0.114221
0.000509
0.106394
0.097426
0.056419
0.013035
-0.047116
-0.084642
-0.093417
-0.090533
-0.075947
-0.064462
-0.045796
0.014824
0.086414
0.124970
0.068010
-0.064195
-0.144903
-0.125605
-0.090024
-0.066362
-0.029718
0.057274
0.113316
0.039570
-0.094067
-0.152679
-0.100351
0.004140
0.087768
0.102017
0.027083
-0.047663
-0.064593
-0.074717
-0.045172
0.011754
0.062502
0.056757
0.003673
-0.042425
-0.031661
0.025577
0.099355
0.078852
-0.062400
-0.145983
-0.110950
-0.002683
0.111609
0.205252
0.172576
0.033778
-0.092794
-0.154246
-0.128037
-0.026307
0.097681
0.145705
0.112418
0.027899
-0.033015
-0.045027
-0.029009
-0.003009
-0.012237
-0.037011
-0.010689
0.047282
0.082943
0.113088
0.077336
-0.007130
-0.072663
-0.065941
0.001330
0.034278
0.018205
-0.010040
-0.013173
0.003191
0.039368
0.033334
0.028296
0.028542
0.005301
-0.022650
-0.053313
-0.040229
0.002099
0.014517
-0.026133
-0.054628
-0.053922
0.007736
0.076963
0.071718
-0.003238
-0.094759
-0.112612
-0.031688
0.075333
0.096977
0.020710
-0.076808
-0.109016
-0.057430
0.035457
0.107213
0.099102
0.018924
-0.067969
-0.104233
-0.076908
-0.032943
-0.010112
0.007858
0.016316
0.010834
-0.013655
-0.051180
-0.070175
-0.074129
-0.028923
0.043654
0.083630
0.069745
0.014109
-0.035190
-0.056343
-0.044927
-0.032321
-0.027675
-0.015072
-0.000151
-0.001831
