0.001120
-0.000549
-0.003479
-0.003172
-0.001799
-0.001937
-0.003355
-0.004706
-0.004912
-0.005481
-0.003397
-0.002579
0.000217
-0.002101
-0.001938
-0.007300
-0.006490
-0.009578
-0.004051
-0.005338
-0.001520
-0.004369
-0.001644
-0.002850
-0.003190
-0.001742
-0.003988
0.001993
-0.008211
0.001393
-0.011628
0.007203
-0.017621
0.002706
-0.031998
-0.019851
-0.144921
-0.106417
-0.173270
-0.364426
-0.213518
-0.150546
-0.032892
0.018107
0.280460
0.384480
0.203824
-0.090739
-0.061243
0.175509
0.186012
0.194537
0.296105
0.398525
0.235112
-0.095966
-0.126712
0.251556
0.488032
0.308702
-0.302505
-0.751014
-0.741645
-0.385706
0.002236
0.228805
0.208302
0.079140
0.050162
0.032308
0.097028
0.208583
0.380058
0.405082
0.034716
-0.444003
-0.529542
-0.092328
0.353426
0.194905
-0.349269
-0.613732
-0.329553
0.175933
0.386037
0.137331
-0.102892
-0.032601
0.226599
0.336090
0.062775
-0.206211
-0.228859
0.023368
0.103916
-0.109689
-0.368776
-0.235603
0.131490
0.323589
0.077729
-0.255756
-0.178721
-0.204884
-0.001958
-0.190433
-0.487557
-0.285423
0.224427
0.498557
0.296552
-0.021416
-0.263219
-0.111814
-0.071713
-0.101152
-0.034405
0.068452
0.213513
0.161212
-0.162046
-0.355267
-0.219659
0.219514
0.587534
0.494943
0.039836
-0.203982
-0.060673
0.319359
0.625888
0.636310
0.444692
0.156892
-0.039539
-0.078009
-0.123624
-0.275021
-0.429490
-0.535897
-0.481865
-0.342742
-0.065053
0.196397
0.325643
0.399662
0.419811
0.342486
0.125209
-0.170406
-0.225428
0.039996
0.217311
0.130382
-0.268117
-0.569115
-0.517432
-0.155389
0.150792
0.132441
-0.053355
-0.128902
0.054499
0.243790
0.192251
-0.040463
-0.092236
-0.216154
-0.264248
-0.246504
-0.391604
-0.490241
-0.165754
0.352028
0.407721
0.105685
-0.172181
-0.080331
0.035406
-0.026570
-0.058359
0.011726
0.005208
-0.219395
-0.381389
-0.236857
0.068100
0.290609
0.344575
0.247857
0.044077
-0.113279
-0.107867
-0.038074
0.002937
0.044334
0.127405
0.129416
-0.055048
-0.117574
0.092431
0.388165
0.447941
0.102554
-0.221611
-0.162561
0.243484
0.497763
0.344217
-0.009972
-0.127757
0.052245
0.302373
0.230891
-0.067748
-0.154695
0.050212
0.298171
0.256379
0.023699
-0.239833
-0.245548
-0.063665
0.021755
-0.185329
-0.446108
-0.442558
-0.102159
0.270577
0.356382
0.214365
0.056327
0.008254
0.050193
0.121019
0.128997
0.010604
-0.203256
-0.398019
-0.455061
-0.335443
-0.136503
0.103375
0.216057
0.152652
-0.070161
-0.271906
-0.320005
-0.194973
0.001826
0.079082
-0.056915
-0.262085
-0.437185
-0.359779
-0.064128
0.073516
0.115275
0.089854
0.054886
0.018826
0.116320
0.197844
0.154203
0.006635
-0.129733
-0.147172
-0.147175
-0.101215
0.050441
0.257478
0.319646
0.186772
-0.060137
-0.168871
-0.074021
0.098054
0.193047
0.150051
0.014400
-0.070493
-0.037916
0.062367
0.147987
0.153371
0.128859
0.062090
-0.079747
-0.166506
-0.045308
0.172565
0.268773
0.155869
-0.033469
-0.121183
-0.022907
0.123115
0.146599
0.051216
-0.053383
-0.004774
0.190917
0.256914
0.127259
-0.002518
-0.034335
0.026261
0.082393
0.085426
0.054885
0.044697
0.064534
0.101484
0.044338
-0.033335
-0.007122
0.104036
0.201662
0.089736
-0.195591
-0.385959
-0.298898
-0.093864
0.128369
0.200766
0.159945
0.050539
-0.156911
-0.300950
-0.318459
-0.209388
-0.089542
-0.002878
-0.004300
-0.050181
-0.124404
-0.180468
-0.156464
-0.075174
0.047297
0.080356
0.023048
-0.091377
-0.215636
-0.189567
-0.031160
0.101292
0.068692
-0.102618
-0.204343
-0.111169
0.041447
0.109880
0.106515
0.059645
-0.007762
-0.098695
-0.171926
-0.151773
-0.083442
-0.040905
0.008948
0.005261
-0.038949
-0.033222
0.014359
0.117445
0.134142
0.048371
-0.034905
-0.047277
-0.006053
0.026689
0.045549
0.034954
0.034005
0.035023
0.071228
0.111860
0.098017
0.025288
-0.061285
-0.066068
0.010398
0.115022
0.160648
0.131558
0.079855
0.025225
-0.014322
-0.004697
0.032547
0.050178
0.059915
0.063405
0.062228
0.025833
0.004177
0.028935
0.032422
0.002856
-0.022332
-0.026068
-0.018018
0.007973
0.055581
0.095615
0.092382
0.047758
-0.032055
-0.062266
-0.025008
0.077692
0.149843
0.093688
-0.026910
-0.134886
-0.164917
-0.068974
0.100937
0.170278
0.098822
-0.025221
-0.095207
-0.072255
-0.024156
0.023139
0.044869
-0.006647
-0.069428
-0.062778
0.041403
0.075069
0.008507
-0.017392
-0.001013
0.017443
-0.012178
-0.088887
-0.106437
-0.063061
-0.006212
0.025268
0.014960
0.014130
0.000234
-0.027495
-0.094232
-0.105567
-0.061975
0.039786
0.141305
0.112653
-0.016646
-0.147546
-0.160929
-0.068121
0.013284
0.015021
-0.002280
-0.019154
-0.044657
-0.007953
0.093919
0.144265
0.077191
-0.113145
-0.254354
-0.217273
-0.043261
0.086513
0.090226
0.057262
0.038632
0.045369
0.023331
-0.086545
-0.230869
-0.291830
-0.172598
0.087619
0.283388
0.259904
0.076620
-0.084332
-0.134174
-0.102319
-0.082043
-0.058038
0.013013
0.113976
0.131623
0.063522
-0.051758
-0.147714
-0.098425
0.017994
0.078476
0.054751
0.039397
0.044140
0.022303
-0.056225
-0.105973
-0.050391
0.052656
0.148843
0.176013
0.081533
-0.077195
-0.148493
-0.094698
0.009249
0.083737
0.123678
0.116798
0.043400
-0.049759
-0.050147
0.052267
0.094882
0.047153
-0.014464
-0.073104
-0.098146
-0.047066
0.035016
0.073088
0.048179
0.022223
0.069609
0.107710
0.063376
-0.026680
-0.113643
-0.157874
-0.108714
0.016269
0.156560
0.199043
0.112848
-0.021448
-0.113841
-0.102826
-0.041961
0.036633
0.058940
0.002819
-0.082055
-0.079320
0.018072
0.089383
0.070334
-0.025910
-0.072813
-0.042939
-0.001359
0.031486
0.029129
-0.014775
-0.055247
-0.048827
0.014299
0.064428
0.054720
0.005122
-0.054846
-0.101985
-0.083676
0.008656
0.073106
0.041980
-0.047924
-0.092475
-0.045179
0.046790
0.080970
0.035862
-0.039841
-0.085142
-0.070951
-0.000804
0.077999
0.081780
0.024163
-0.056823
-0.056856
-0.008921
0.009636
-0.002351
-0.034075
-0.033528
-0.010452
0.040180
0.058169
0.041724
0.013111
-0.005754
-0.001144
-0.022077
-0.042509
-0.056232
-0.021426
0.042553
0.088666
0.075858
0.010194
-0.058169
-0.102415
-0.071291
0.019960
0.110114
0.124966
0.043452
-0.064640
-0.096554
-0.055146
0.006165
0.039987
0.032578
0.003500
-0.001225
0.040151
0.079432
0.069679
-0.000141
-0.062178
-0.068113
-0.018374
0.067512
0.093131
0.034082
-0.055450
-0.088887
-0.031362
0.052604
0.079601
0.020368
-0.070517
-0.119457
-0.038348
0.090856
0.133458
0.073446
-0.011943
-0.054599
-0.050048
-0.032031
-0.003715
0.040398
0.069703
0.060215
-0.001227
-0.044698
-0.074882
-0.070622
-0.021266
0.025388
0.022135
-0.016402
-0.021888
-0.003932
0.051960
0.078961
0.046452
-0.011669
-0.045085
-0.029862
-0.009903
-0.005510
-0.017136
-0.016863
-0.002560
0.006510
-0.033312
-0.089625
-0.074790
-0.029062
-0.000100
0.018562
0.014154
-0.032489
-0.078410
-0.024616
0.052810
0.113219
0.148231
0.099428
-0.002717
-0.118062
-0.160855
-0.081164
0.067494
0.130572
0.067051
-0.059531
-0.136545
-0.107905
-0.029806
0.053811
0.087651
0.050618
0.013214
0.026203
0.015824
-0.022171
-0.024561
-0.005411
-0.014497
-0.036668
-0.024071
0.018354
0.041264
0.026013
-0.037948
-0.106042
-0.086150
0.041849
0.150463
0.129078
0.004832
-0.104277
-0.095833
-0.011289
0.064514
0.062556
0.014363
-0.034600
-0.053354
-0.022743
0.024504
0.063782
0.043320
