-0.001257
-0.000628
-0.000430
-0.000361
0.000038
0.000964
0.001910
0.001742
0.000654
-0.000231
-0.000614
-0.000730
0.000315
-0.000309
-0.000071
-0.001181
-0.000801
-0.003453
-0.002786
-0.003396
-0.001047
-0.001700
-0.000534
-0.002306
-0.000450
-0.000827
0.000009
-0.000786
-0.002171
-0.000408
-0.002427
0.001151
-0.003365
0.002110
-0.010978
-0.006965
-0.020786
-0.024427
-0.107627
-0.113492
-0.111429
-0.297418
-0.278161
-0.061026
-0.089286
-0.056313
0.335561
0.517129
0.285761
-0.002975
0.010356
0.148581
0.009722
-0.011150
0.436744
0.644337
0.344810
-0.017133
-0.147382
-0.177958
-0.142268
-0.149812
-0.330531
-0.551586
-0.486249
-0.059705
0.285193
0.344295
0.236507
0.182881
0.136970
-0.018355
-0.122111
0.083340
0.415580
0.439841
-0.071028
-0.645979
-0.626855
-0.093561
0.362330
0.315095
-0.137416
-0.429237
-0.277061
0.061733
0.290204
0.181463
0.033213
0.126912
0.207753
0.050788
-0.233431
-0.309961
-0.059990
0.198980
0.133627
-0.171396
-0.344702
-0.124632
0.215344
0.315955
0.092426
-0.139338
-0.115665
0.047511
0.051952
-0.081322
-0.153832
-0.072476
0.090300
-0.005389
-0.105852
-0.333623
-0.294823
0.005116
-0.092021
-0.262515
-0.130696
0.116070
0.210432
0.289148
0.228214
0.100455
-0.093782
-0.210363
-0.118294
-0.155256
-0.225126
-0.014757
0.271895
0.255432
-0.049536
-0.235839
-0.114219
0.148733
0.302878
0.294832
0.227722
0.057502
-0.049329
0.019277
0.289197
0.575143
0.641825
0.523837
0.186466
-0.198364
-0.421424
-0.424974
-0.274630
-0.212141
-0.228744
-0.166958
-0.082936
-0.075081
-0.020462
0.092489
0.217421
0.226263
0.103847
0.130916
0.226339
0.234956
0.065791
-0.211537
-0.378901
-0.299154
-0.073315
0.073847
-0.009120
-0.207855
-0.341430
-0.233225
0.032850
0.259325
0.285371
0.137529
-0.061603
-0.175336
-0.090768
-0.073841
-0.097426
-0.085711
-0.162821
-0.213473
-0.135866
-0.110219
-0.011853
-0.027751
-0.083321
0.012747
0.147050
0.048552
-0.147216
-0.215417
-0.134351
-0.013744
-0.047989
-0.038683
0.047175
0.123983
0.061478
0.001835
-0.054435
-0.017283
0.046965
0.134445
0.124714
-0.045225
-0.148562
-0.103520
0.057677
0.120213
0.136460
0.194768
0.158508
-0.010560
-0.142427
-0.046513
0.218365
0.324522
0.106560
-0.155577
-0.155272
-0.044316
0.166022
0.234090
0.097317
0.046064
0.135971
0.401687
0.566483
0.492463
0.298277
0.277953
0.282193
0.125839
-0.158167
-0.468031
-0.519341
-0.377647
-0.217834
-0.149658
-0.186455
-0.303613
-0.355806
-0.210078
0.054491
0.339370
0.565077
0.631152
0.432423
-0.061579
-0.467597
-0.463060
-0.145853
0.108814
0.080062
-0.187100
-0.476689
-0.498125
-0.267218
0.034754
0.312344
0.390879
0.154916
-0.272323
-0.501976
-0.320462
0.112234
0.401813
0.161545
-0.317835
-0.702440
-0.563650
-0.148223
0.189933
0.187578
-0.073197
-0.086827
0.188029
0.432627
0.216374
-0.127951
-0.309445
-0.205728
-0.105908
-0.090992
-0.042309
0.091805
0.169415
0.120602
-0.012123
-0.147436
-0.132109
0.059051
0.256330
0.140243
-0.171691
-0.326303
-0.111160
0.276980
0.490989
0.362116
0.120160
-0.053228
-0.053949
0.046615
0.167454
0.150795
-0.002117
-0.160985
-0.111729
0.085247
0.176399
0.138882
-0.015919
-0.127704
-0.124085
0.000605
0.089889
0.098875
0.074289
0.145694
0.236815
0.249099
0.153609
0.046626
0.008208
-0.041723
-0.043482
-0.043487
-0.017538
0.030687
0.069096
0.134040
0.082355
0.025813
0.036160
0.120402
0.120494
0.021594
-0.065037
-0.114732
-0.055982
0.002703
0.085673
0.093678
0.079152
0.028821
0.105077
0.149664
0.034593
-0.106828
-0.090442
0.011133
0.025141
-0.049607
-0.157991
-0.140684
-0.067740
0.073872
0.073405
-0.089431
-0.338021
-0.443597
-0.349552
-0.145228
-0.034396
-0.069758
-0.085741
-0.064559
0.011105
0.055223
0.052162
-0.025137
-0.114003
-0.161988
-0.120160
-0.012226
0.049378
0.078167
0.101943
0.073270
-0.033394
-0.182537
-0.223778
-0.117010
0.025119
0.054921
-0.050588
-0.175126
-0.225293
-0.138497
0.001541
0.042146
-0.046555
-0.106745
-0.060158
0.067288
0.109815
0.027262
-0.035461
-0.034708
0.067162
0.128918
0.070074
-0.033420
-0.032105
0.081359
0.154872
0.115522
-0.051798
-0.168213
-0.112443
0.036821
0.137567
0.133536
0.100347
0.115204
0.166694
0.186208
0.108699
-0.030419
-0.126381
-0.080088
0.051108
0.142277
0.190703
0.176551
0.148819
0.105966
0.040290
-0.029882
-0.085314
-0.105856
-0.037853
0.112404
0.221116
0.216400
0.113620
0.019676
-0.037892
-0.053729
-0.034132
0.004821
0.019319
0.010262
0.032513
0.072561
0.044710
0.008201
-0.010085
-0.004987
0.002937
-0.004676
-0.025315
-0.055239
-0.033228
0.008664
0.037776
0.017953
0.007827
0.006568
0.024006
0.043605
0.038990
-0.026079
-0.085177
-0.076372
-0.045598
-0.032653
0.015726
0.049302
0.050230
0.030154
-0.027289
-0.087140
-0.161615
-0.162032
-0.131516
-0.057184
0.064222
0.183843
0.157750
0.012601
-0.114448
-0.195956
-0.231178
-0.182376
-0.025801
0.154425
0.221179
0.121486
-0.077480
-0.235658
-0.246676
-0.140108
0.015178
0.069630
0.043620
0.000305
0.024784
0.032865
-0.080227
-0.200075
-0.184947
-0.015009
0.131607
0.151092
0.046774
-0.103701
-0.175746
-0.133289
-0.000247
0.118689
0.129052
0.052845
-0.048758
-0.078763
-0.055366
-0.018422
0.006128
0.036699
0.052481
0.022478
-0.032792
-0.062868
-0.016777
0.066371
0.132165
0.085839
-0.038449
-0.103095
-0.064079
0.021112
0.090212
0.066429
-0.008344
-0.011794
0.022614
0.038680
0.046860
0.033737
0.004164
-0.036205
-0.045068
-0.004132
0.044975
0.081399
0.063725
0.015666
-0.037135
-0.039603
0.042457
0.126454
0.110419
0.017608
-0.053791
-0.083735
-0.059777
0.032951
0.127380
0.171943
0.108869
-0.057542
-0.191526
-0.168118
-0.004321
0.123885
0.177118
0.114678
-0.008782
-0.091005
-0.092971
-0.053503
-0.024248
0.006792
0.041956
0.076592
0.022605
-0.043991
-0.087182
-0.078800
-0.012656
0.031927
0.060672
0.094109
0.070637
-0.032925
-0.114773
-0.080596
0.009910
0.035255
-0.030065
-0.070758
-0.038589
0.020810
0.083426
0.081514
0.003904
-0.100404
-0.135575
-0.098038
-0.030501
0.021446
0.070220
0.113645
0.095440
0.015998
-0.081217
-0.127192
-0.094487
-0.030302
0.006690
0.014898
0.039983
0.093425
0.076071
0.012486
-0.070089
-0.149863
-0.145969
-0.055113
0.051440
0.096776
0.091763
0.033180
-0.033622
-0.087912
-0.099534
-0.029911
0.092846
0.145704
0.047500
-0.089685
-0.155988
-0.075630
0.085111
0.198458
0.180595
0.039039
-0.107787
-0.168319
-0.110816
0.005724
0.082117
0.091591
0.080134
0.062941
0.016025
-0.060516
-0.103100
-0.080266
-0.002968
0.069509
0.083435
0.059306
0.025555
-0.016442
-0.031460
-0.007319
0.034505
0.068692
0.078996
0.065074
-0.003373
-0.088285
-0.122266
-0.037246
0.085795
0.134911
0.095638
-0.003087
-0.069283
-0.057853
0.002710
0.036045
0.022624
-0.012896
-0.030554
0.008173
0.052729
0.052639
0.027085
-0.019502
-0.072849
-0.088963
-0.071152
-0.028193
0.027410
0.067667
0.078423
0.033816
-0.013780
-0.029559
-0.025531
-0.026291
-0.041842
-0.024311
0.011093
0.050058
0.058086
0.026192
-0.049691
-0.130665
-0.136691
-0.058899
0.029999
0.083808
0.090211
0.047912
0.000220
-0.046162
-0.071216
-0.045289
0.024294
0.073290
0.073633
0.004929
-0.060007
-0.086576
-0.069455
0.010646
0.072059
0.062649
-0.008693
-0.071253
-0.067035
-0.017763
0.020800
0.017335
0.001527
0.000048
0.002131
0.011205
0.022477
0.025962
0.018706
-0.007235
-0.053414
-0.078991
