0.004060
0.000364
-0.003464
-0.005261
-0.005016
-0.003923
-0.001984
0.000484
0.002012
0.000993
-0.001067
-0.003441
-0.005638
-0.006791
-0.007023
-0.007948
-0.009023
-0.009658
-0.008487
-0.005773
-0.003436
-0.003027
-0.003945
-0.003825
-0.005038
-0.006360
-0.008628
-0.006718
-0.004950
-0.002074
-0.004085
-0.003546
-0.012170
-0.017380
-0.023181
-0.042364
-0.108655
-0.145381
-0.154903
-0.310276
-0.292626
-0.141472
-0.087808
0.057072
0.327143
0.466710
0.312001
0.054524
-0.135263
-0.079207
0.044000
0.263993
0.652863
0.865514
0.654270
0.041878
-0.516806
-0.789982
-0.663276
-0.317705
-0.039874
0.003741
-0.189322
-0.243191
-0.093693
0.157436
0.376944
0.519242
0.546753
0.316267
-0.063361
-0.256044
-0.120361
0.109281
0.088867
-0.177395
-0.385196
-0.349194
-0.134176
0.018162
-0.012013
-0.081697
-0.026450
0.140742
0.275513
0.173973
-0.012257
-0.026304
0.096388
0.142993
-0.044992
-0.307711
-0.365685
-0.168297
0.061640
0.121292
0.045916
0.006451
0.069973
0.141367
0.071987
-0.065636
-0.139839
-0.059018
-0.012097
-0.064981
-0.221480
-0.361913
-0.278645
-0.199623
-0.129917
-0.099196
-0.060201
0.089634
0.296691
0.319614
0.135440
-0.066240
-0.262563
-0.338232
-0.278477
-0.077309
0.174192
0.319317
0.283482
0.108683
-0.010448
0.001089
0.120821
0.264059
0.376751
0.432996
0.354413
0.265827
0.264323
0.303091
0.296649
0.123508
-0.217901
-0.565194
-0.672122
-0.483461
-0.183662
0.049428
0.156367
0.161212
0.234193
0.288194
0.275393
0.179612
0.017681
-0.078948
-0.073612
-0.005661
-0.007601
-0.137024
-0.307767
-0.257643
-0.072308
0.102780
0.067411
-0.070260
-0.181217
-0.094670
0.054502
0.090763
0.180162
0.068393
-0.103333
-0.195048
-0.023298
-0.154026
-0.395743
-0.251480
-0.196358
-0.156696
-0.055714
0.155848
0.190381
0.008703
-0.221575
-0.273556
-0.248443
-0.323432
-0.208047
0.026858
0.236926
0.369736
0.311453
0.085607
-0.143780
-0.144130
0.066863
0.213935
0.148729
-0.094666
-0.272712
-0.194068
0.037139
0.139421
0.129053
0.154630
0.165697
0.184368
0.179325
0.118676
0.093966
0.117145
0.158793
0.238711
0.301741
0.349570
0.449191
0.418213
0.185900
-0.197811
-0.364828
-0.208646
-0.011834
0.136058
0.072003
-0.130627
-0.361341
-0.447175
-0.249506
0.077608
0.395452
0.505401
0.361538
-0.045768
-0.432972
-0.374983
0.093127
0.515910
0.476210
0.034405
-0.485988
-0.659172
-0.467410
-0.045445
0.228480
0.275328
0.111757
-0.157547
-0.442620
-0.509637
-0.356165
-0.036113
0.089597
-0.195518
-0.400541
-0.557703
-0.293244
0.019238
0.190815
0.300362
0.562080
0.649376
0.324462
-0.136124
-0.507348
-0.470164
-0.200284
0.135560
0.232749
0.029237
-0.321608
-0.518078
-0.357243
0.008128
0.275338
0.409000
0.319716
-0.016951
-0.311840
-0.355924
-0.164386
0.233333
0.450236
0.383588
0.129962
-0.158032
-0.279101
-0.128753
0.172424
0.430132
0.514544
0.334637
0.061858
-0.200382
-0.282297
-0.093767
0.213662
0.405654
0.386305
0.172020
-0.005421
-0.128677
-0.059917
0.086502
0.147922
0.123340
0.087838
0.211377
0.281652
0.216309
0.010549
-0.163187
-0.181069
-0.125918
-0.012332
0.099975
0.178307
0.274419
0.349880
0.250667
-0.147402
-0.482603
-0.440488
-0.155127
0.055490
0.014283
-0.112760
-0.188667
-0.187804
-0.112484
-0.007512
0.024095
-0.034386
-0.114375
-0.084809
-0.041898
-0.000280
-0.057212
-0.067244
-0.123221
-0.185581
-0.121774
-0.074834
-0.168691
-0.224624
-0.063340
0.108827
0.221250
0.033406
-0.226071
-0.611770
-0.650950
-0.409370
-0.165728
0.108443
0.284339
0.294749
0.234697
0.200801
0.005617
-0.251132
-0.431245
-0.349900
-0.019225
0.236449
0.165119
0.022054
-0.047937
0.115607
0.256639
0.276481
0.178739
-0.024898
-0.169324
-0.199226
-0.164680
-0.078738
0.240414
0.552187
0.617035
0.281628
-0.225290
-0.467400
-0.296043
0.073599
0.295488
0.232508
0.081786
0.030856
0.098571
0.229503
0.224970
0.107958
-0.002330
-0.052083
-0.089321
-0.124087
-0.058073
0.090854
0.201011
0.221489
0.116568
-0.047678
-0.139779
-0.119075
-0.027191
0.050301
0.065123
0.078316
0.051614
0.081458
0.133243
0.159905
0.119197
0.004799
-0.129197
-0.262355
-0.198619
-0.015352
0.142070
0.213862
0.205468
0.089644
-0.021347
-0.099107
-0.179165
-0.220268
-0.116086
0.068923
0.193804
0.168882
0.036174
-0.073789
-0.193144
-0.228786
-0.119610
0.036136
0.087374
0.058598
-0.035173
-0.101600
-0.098395
-0.078789
-0.038820
-0.023290
-0.032367
-0.037675
-0.009152
-0.059936
-0.188056
-0.181060
-0.002920
0.161354
0.105348
-0.069984
-0.163140
-0.093666
0.043356
0.066194
-0.028098
-0.145270
-0.137258
-0.007407
0.081094
0.016182
-0.082109
-0.046472
0.058797
0.071791
-0.077719
-0.213072
-0.132044
0.040939
0.117285
0.064396
-0.031590
-0.060038
-0.016773
0.039868
0.020925
-0.073395
-0.128760
-0.068974
0.082056
0.176632
0.087738
-0.068916
-0.111196
-0.059407
0.046108
0.130717
0.128407
0.045425
-0.035509
-0.060070
-0.040648
0.027454
0.056227
0.072503
0.070893
-0.002968
-0.075060
-0.034470
0.086796
0.187199
0.193481
0.092184
-0.036734
-0.126581
-0.137837
-0.049967
0.088986
0.144020
0.123245
0.080487
0.019067
-0.010485
0.017548
0.043831
0.042629
0.017971
-0.027142
-0.037389
0.019307
0.081400
0.091801
0.035402
-0.092841
-0.156975
-0.111288
0.009309
0.164616
0.211060
0.100810
-0.034900
-0.118156
-0.107471
-0.047593
-0.001666
0.043607
0.054784
0.023282
0.010949
0.029213
0.031362
-0.005573
-0.098489
-0.149388
-0.122332
-0.005775
0.128507
0.197815
0.109970
-0.091948
-0.206942
-0.145999
-0.021056
0.034926
0.056775
-0.005862
-0.061956
-0.047339
-0.006195
0.024697
-0.006521
-0.073822
-0.099045
-0.038404
0.024106
0.025704
0.022245
0.036634
0.014597
-0.027051
-0.027934
-0.030847
-0.068965
-0.081629
-0.084905
-0.061413
-0.005344
0.062505
0.112582
0.081776
-0.028353
-0.143497
-0.147731
-0.064765
0.038117
0.096060
0.080628
0.016749
-0.034818
-0.064540
-0.060186
0.021873
0.066415
0.033919
0.006198
-0.016828
-0.026828
0.014929
0.036652
-0.016721
-0.062295
-0.050243
-0.000128
0.074836
0.102206
0.058246
-0.022046
-0.077677
-0.073495
-0.020108
0.071777
0.139206
0.122416
0.019585
-0.093915
-0.147708
-0.147333
-0.066447
0.092722
0.202275
0.223711
0.133133
-0.030385
-0.131601
-0.128735
-0.015894
0.096055
0.107511
0.065149
0.005825
-0.041994
-0.025459
0.010218
0.024131
0.032119
-0.004503
-0.049544
-0.051610
-0.015983
0.034755
0.076248
0.098887
0.086752
0.033225
-0.034999
-0.077775
-0.067092
-0.016864
0.034473
0.069917
0.045058
-0.029947
-0.081710
-0.082057
-0.096933
-0.088831
-0.019265
0.083425
0.150163
0.109239
0.027469
-0.055311
-0.100842
-0.069716
0.002423
0.054406
0.076363
0.055791
-0.002788
-0.049389
-0.075497
-0.091998
-0.042840
0.025678
0.067179
0.051110
0.024321
0.035549
0.028268
-0.007776
-0.070376
-0.084805
-0.095427
-0.109785
-0.073236
0.014440
0.106495
0.125578
0.061814
-0.045053
-0.102907
-0.107533
-0.063877
0.020723
0.048551
0.028542
0.023970
0.067382
0.059217
-0.048510
-0.126635
-0.117556
-0.050820
0.023709
0.085599
0.093464
0.054407
0.000690
-0.036945
-0.018657
-0.017891
-0.042424
-0.035643
0.005312
0.060673
0.069663
0.040371
-0.001353
-0.042799
-0.049389
-0.040358
-0.017711
0.022225
0.038668
0.028561
0.029983
0.020957
-0.007923
-0.020423
-0.019465
0.004333
0.023859
0.033077
0.007828
-0.041173
-0.065558
