-0.000446
0.000973
0.000971
0.001368
0.002084
0.002625
0.000827
-0.000727
0.000997
0.000769
-0.000593
-0.005813
-0.004904
-0.007115
-0.003638
-0.007668
-0.001658
-0.004389
0.001308
-0.003733
0.002066
-0.002794
-0.000998
-0.005959
-0.007034
-0.004174
-0.004113
-0.000717
-0.013354
-0.002705
-0.032617
-0.032616
-0.150155
-0.033020
-0.210363
-0.296219
-0.034998
-0.034002
-0.022556
0.200321
0.451732
0.196831
-0.050622
-0.275663
-0.208948
-0.196790
-0.205316
0.146464
0.357682
0.233544
0.091465
0.026516
0.084711
0.486043
0.727193
0.651626
0.194720
-0.371741
-0.578503
-0.417898
-0.238763
-0.084021
-0.103210
-0.200471
-0.251897
-0.357251
-0.261063
0.207520
0.652057
0.685557
0.308288
-0.068634
-0.077804
0.072024
0.129112
-0.029995
-0.250537
-0.341254
-0.269139
-0.165535
-0.147703
-0.217208
-0.070204
0.213160
0.390175
0.283962
0.029667
-0.122129
-0.036625
0.129262
0.115598
-0.029426
-0.219546
-0.242095
-0.170026
-0.065583
-0.049593
0.044332
-0.010475
-0.112480
-0.123089
-0.257160
-0.330657
-0.152201
0.066322
0.079870
0.096023
0.176044
0.222931
0.145952
-0.011863
-0.063452
0.048448
0.019422
-0.020871
-0.060938
-0.060034
-0.150471
-0.243808
-0.157362
0.045416
0.185762
0.129668
-0.049785
-0.181746
-0.109949
-0.038321
0.128705
0.204946
0.134570
0.206842
0.401107
0.422898
0.276710
0.162775
0.226112
0.364037
0.242914
-0.037458
-0.178640
-0.168203
-0.069568
-0.132951
-0.347407
-0.435397
-0.261186
0.082297
0.280813
0.201111
-0.027718
-0.166077
-0.101552
0.169465
0.422584
0.405966
0.109152
-0.240382
-0.446960
-0.330640
-0.079015
0.084178
0.099620
-0.044898
-0.186277
-0.239002
-0.121814
0.000563
0.061606
0.073635
0.065504
0.006425
-0.137271
-0.312725
-0.260164
-0.166768
-0.283497
-0.245399
-0.184822
-0.060443
0.223981
0.496320
0.413071
0.001145
-0.331483
-0.369152
-0.201843
-0.178254
-0.120898
0.057253
0.138566
0.081365
-0.006282
0.014145
0.108857
0.187293
0.165028
0.095070
-0.009645
-0.084499
-0.111862
-0.131785
-0.060129
0.118207
0.296006
0.267673
0.058592
-0.137953
-0.046823
0.158296
0.250153
0.133006
-0.050244
-0.037943
0.137549
0.344297
0.289441
0.121953
0.005505
0.024118
0.090018
0.117506
0.126593
0.044602
0.122371
0.289983
0.289190
0.010866
-0.296684
-0.400202
-0.265209
-0.062458
0.011327
0.014283
-0.017145
0.059249
0.227827
0.253683
0.020873
-0.248178
-0.321478
-0.136746
0.001330
-0.054438
-0.280805
-0.417431
-0.226173
0.078514
0.253605
0.169755
0.005576
-0.172519
-0.220510
-0.137029
0.014320
0.129061
0.169664
0.132554
0.044491
-0.123309
-0.317978
-0.394279
-0.323386
-0.182280
-0.173919
-0.090303
-0.272482
-0.436114
-0.296481
-0.141472
0.062810
0.379251
0.615515
0.469836
0.082129
-0.243021
-0.220756
-0.115869
-0.108746
-0.053417
0.151339
0.292103
0.190539
-0.038381
-0.186094
-0.170914
-0.012512
0.167162
0.169813
-0.002449
-0.120682
-0.059351
0.077376
0.210970
0.274036
0.252223
0.137881
0.004301
-0.095180
-0.043613
0.102261
0.154841
0.055953
-0.098291
-0.089959
0.045553
0.193560
0.204908
0.075027
-0.027622
-0.040811
0.034756
0.034132
0.034373
0.104624
0.184333
0.264752
0.208413
0.070106
-0.059027
-0.105701
-0.084149
-0.111706
-0.096067
0.055842
0.230519
0.322540
0.225519
0.048174
-0.117006
-0.221149
-0.167271
-0.100778
-0.119347
-0.065303
0.107162
0.269199
0.302648
0.098687
-0.134565
-0.199262
-0.151044
-0.048452
0.047752
0.034749
-0.031928
-0.103893
-0.162935
-0.196624
-0.220976
-0.149114
0.010173
0.087537
0.017132
-0.148530
-0.236512
-0.180846
-0.111061
-0.075933
-0.093027
-0.124349
-0.117889
-0.020763
0.075841
0.085335
-0.059636
-0.199749
-0.170451
-0.029365
0.121081
0.113466
0.039877
-0.075343
-0.139329
-0.058202
-0.012201
-0.065850
-0.108458
-0.057479
0.005476
0.048191
0.050902
-0.033781
-0.160887
-0.183250
-0.011455
0.215125
0.276185
0.097144
-0.108147
-0.143294
-0.019356
0.109588
0.149013
0.076952
0.001307
0.031366
0.079316
0.045272
-0.059332
-0.086071
0.032672
0.159089
0.131885
0.005521
-0.065926
0.009799
0.155907
0.168884
0.043507
-0.048150
0.000915
0.156383
0.220791
0.110940
-0.060882
-0.147557
-0.032148
0.147588
0.179721
0.098358
0.014375
0.010254
0.037534
0.054539
0.032331
-0.017788
0.002651
0.053953
0.086500
0.083633
0.054013
-0.002647
-0.050959
-0.035158
0.001156
0.021787
0.016912
0.004459
-0.027536
-0.020472
0.052537
0.089340
0.061829
-0.012337
-0.057324
-0.064520
-0.050677
-0.041148
-0.025658
0.038345
0.096365
0.078321
-0.007751
-0.067098
-0.063930
-0.038127
-0.006764
0.014080
-0.007609
-0.025738
0.008525
0.016117
-0.046032
-0.097923
-0.070039
-0.016797
0.024055
0.030070
-0.033493
-0.106898
-0.149032
-0.097746
0.018635
0.118045
0.127110
0.053814
-0.065753
-0.168750
-0.180867
-0.173470
-0.113145
-0.039294
-0.014444
0.028594
0.082140
0.102587
0.041513
-0.045562
-0.087120
-0.116552
-0.140191
-0.118766
0.001266
0.121723
0.143760
0.087699
-0.034554
-0.147079
-0.161031
-0.089005
-0.017741
0.015336
0.008191
0.024923
0.087495
0.095219
0.029358
-0.056717
-0.076922
-0.014790
0.038694
-0.007931
-0.078086
-0.070185
0.000641
0.138591
0.216185
0.147457
-0.000031
-0.111423
-0.121842
-0.094988
-0.046774
0.035911
0.098932
0.106007
0.071950
0.043459
0.033641
0.019465
-0.013789
-0.053035
-0.053835
-0.008123
0.029590
0.042294
0.089542
0.137545
0.141415
0.080865
-0.047027
-0.131417
-0.110449
-0.037521
0.041067
0.098348
0.103858
0.079056
0.040799
-0.001258
-0.022947
-0.044556
-0.057568
-0.023220
0.031809
0.044294
0.029789
0.015883
0.000407
-0.012538
0.003110
0.029013
-0.020655
-0.105978
-0.129493
-0.020134
0.128645
0.163751
0.093879
0.018045
-0.052846
-0.123567
-0.119011
-0.080535
-0.016099
0.040064
0.071772
0.054390
0.007381
-0.035861
-0.078827
-0.067216
-0.048239
-0.019867
0.002066
0.019929
0.038950
0.059888
0.037837
-0.012903
-0.056436
-0.095183
-0.083808
-0.033274
0.025846
0.040588
0.019338
-0.003472
-0.016173
-0.027635
-0.047570
-0.062676
-0.043102
-0.008365
