-0.009045
-0.007126
-0.008072
-0.004449
-0.004514
-0.000839
0.000298
0.003719
0.005306
0.004754
0.006520
0.003106
0.004707
-0.003330
0.001767
-0.014875
-0.016005
-0.061720
-0.036379
-0.122483
-0.141677
-0.120273
-0.154121
-0.112216
-0.081573
0.054781
0.033485
0.038602
-0.002143
-0.001258
-0.031354
-0.044157
0.096855
0.272549
0.359206
0.292763
0.250718
0.204553
0.151974
0.148071
0.277179
0.394268
0.397848
0.211133
-0.039252
-0.308751
-0.539890
-0.694085
-0.645653
-0.449646
-0.224448
-0.001265
0.139156
0.242568
0.242059
0.153262
0.077715
0.070205
0.143423
0.265029
0.328770
0.353666
0.285235
0.118275
-0.085696
-0.285949
-0.419173
-0.437415
-0.374339
-0.231534
-0.076604
0.015703
0.053230
0.014579
-0.004072
-0.010890
-0.000797
0.054831
0.113253
0.199031
0.231360
0.212448
0.122136
0.047312
-0.050178
-0.085835
-0.153788
-0.186219
-0.200550
-0.338979
-0.356632
-0.443297
-0.415327
-0.377424
-0.164082
0.098658
0.372668
0.527772
0.487127
0.383249
0.126222
-0.093056
-0.224881
-0.123129
-0.002762
0.060785
0.011149
-0.060613
-0.176551
-0.291186
-0.281859
-0.155504
-0.053069
-0.000690
0.071590
0.202534
0.317401
0.375010
0.421353
0.447762
0.435585
0.358904
0.333500
0.317061
0.265084
0.100260
-0.076599
-0.263217
-0.377382
-0.420164
-0.387667
-0.288064
-0.196267
-0.112242
-0.064797
-0.052533
-0.047012
0.001769
0.078100
0.214694
0.293439
0.327173
0.285805
0.195758
0.100093
0.002091
-0.083435
-0.145187
-0.204018
-0.233176
-0.245469
-0.223074
-0.190561
-0.131451
-0.087316
-0.027128
-0.065739
-0.097691
-0.107687
-0.226330
-0.186759
-0.198373
-0.156500
-0.091970
0.116471
0.313717
0.409613
0.334795
0.083382
-0.161009
-0.424545
-0.556545
-0.489122
-0.195372
0.115110
0.354738
0.382139
0.251641
0.025431
-0.167092
-0.226968
-0.145212
0.001386
0.104102
0.119490
0.093577
0.104016
0.074809
0.023395
-0.057841
-0.121366
-0.092218
-0.025023
0.065204
0.117767
0.119378
0.112897
0.104682
0.157172
0.191953
0.177068
0.113634
0.083011
0.124755
0.233656
0.301857
0.276313
0.208087
0.130235
0.121051
0.113022
0.136620
0.088172
-0.023602
-0.103085
-0.168727
-0.243155
-0.318483
-0.341386
-0.232755
-0.037375
0.139708
0.249500
0.215884
0.081269
-0.098905
-0.187527
-0.131989
-0.018190
0.089495
0.149029
0.151891
0.084531
-0.055947
-0.235679
-0.315887
-0.298868
-0.185723
-0.046752
0.073705
0.128505
0.024280
-0.101680
-0.271474
-0.401125
-0.441362
-0.342653
-0.175751
-0.001673
0.117404
0.136738
0.083391
-0.050457
-0.134868
-0.127722
-0.032389
0.036000
0.081212
0.116222
0.117188
0.058092
-0.011783
-0.073877
-0.118143
-0.136831
-0.123951
-0.053152
0.025641
0.097006
0.108095
0.076227
0.036019
0.009148
0.010319
0.031329
0.045943
0.056580
0.049963
0.056339
0.088086
0.124451
0.141910
0.115072
0.092724
0.092436
0.083065
0.045591
-0.013846
-0.074304
-0.069547
-0.027980
0.045844
0.105333
0.107676
0.085673
0.080716
0.097038
0.081162
0.061540
0.042600
0.056483
0.078133
0.076841
0.054297
0.011334
-0.010692
0.003486
0.038151
0.050852
0.035357
0.013232
0.015885
0.051715
0.063432
0.051644
0.038043
0.028734
0.051926
0.056857
0.038825
-0.030494
-0.091073
-0.088572
-0.046663
-0.005299
-0.000264
-0.005033
-0.002163
0.029447
0.031975
0.037032
0.033800
-0.007585
-0.058369
-0.119321
-0.201354
-0.269059
-0.274836
-0.176516
-0.018039
0.093433
0.107483
0.038931
-0.064018
-0.152400
-0.184808
-0.187959
-0.147595
-0.091505
-0.010458
0.065605
0.071482
0.005734
-0.083283
-0.134856
-0.132122
-0.084065
-0.052044
-0.023207
0.001272
0.015912
-0.000093
-0.050241
-0.119469
-0.159202
-0.116518
0.002787
0.125519
0.150559
0.073193
-0.041457
-0.101700
-0.091602
-0.030189
0.031325
0.067890
0.074199
0.045554
0.016285
-0.012678
-0.025191
-0.008505
0.033332
0.083864
0.099302
0.060212
-0.006938
-0.033176
-0.006855
0.055762
0.098980
0.101313
0.074541
0.040216
0.014879
0.009157
0.034939
0.054674
0.069786
0.073696
0.087316
0.081563
0.048278
0.024360
0.020048
0.040052
0.056038
0.052348
