-0.001296
-0.000482
-0.000157
-0.000115
-0.000238
0.000473
0.000890
-0.000144
-0.001366
-0.002148
-0.001892
-0.001273
-0.000875
-0.001749
-0.002576
-0.002181
-0.001145
-0.000543
-0.001204
-0.002506
-0.002705
-0.001965
-0.000030
0.001503
0.000808
0.000151
0.000536
0.002752
0.001819
0.000613
-0.002994
-0.003385
-0.006080
-0.004299
-0.006515
-0.005279
-0.007576
-0.004070
-0.005667
-0.004606
-0.007162
-0.007030
-0.004495
-0.004335
0.001752
-0.003124
0.008561
0.000887
0.015450
-0.005406
0.010808
-0.015598
0.008391
-0.018558
0.006511
-0.015336
0.020008
-0.022205
-0.006332
-0.035170
-0.038288
-0.141620
-0.305531
-0.010412
-0.604602
-0.401503
-0.016859
-0.084391
0.060835
0.320340
0.657395
0.457908
-0.074566
-0.079456
0.443843
0.282462
0.094306
0.362367
0.638890
0.373906
-0.227178
-0.535565
-0.258020
-0.142740
-0.238233
-0.480805
-0.597216
-0.350726
0.158624
0.515273
0.413550
0.199696
0.108415
0.191990
0.080222
-0.088195
0.004778
0.282514
0.269435
-0.293969
-0.796505
-0.575234
0.119207
0.487258
0.104710
-0.498300
-0.513938
0.101791
0.595338
0.576192
0.029410
-0.245793
0.006263
0.290746
0.135167
-0.352623
-0.486181
-0.184799
0.121171
-0.049948
-0.367027
-0.226856
0.234385
0.552830
0.255437
-0.341305
-0.421385
-0.024034
0.369286
0.103851
-0.291140
-0.460425
-0.229393
0.201861
0.105270
-0.159240
-0.239353
-0.242473
-0.143956
0.088725
0.056268
0.026727
0.022183
-0.084784
0.097631
0.336367
0.564449
0.745706
0.571660
0.311149
0.100840
0.055767
0.044987
0.147013
0.221854
-0.114146
-0.503376
-0.777985
-0.674292
-0.192292
0.237964
0.245101
-0.003207
-0.097933
0.105165
0.363787
0.394852
0.258521
0.213345
0.004213
-0.246916
-0.339246
-0.237324
0.049810
0.116571
-0.136859
-0.573579
-0.567273
-0.096336
0.604138
0.665330
0.133102
-0.212125
-0.097250
0.389212
0.368935
-0.133589
-0.589525
-0.577390
-0.203166
0.162300
0.201841
0.141430
0.172831
0.121524
0.013406
-0.192036
-0.208462
-0.071939
0.069739
0.122377
-0.019567
-0.216089
-0.338679
-0.204250
0.016654
-0.048876
-0.065462
0.102556
0.105991
-0.152804
-0.382956
-0.069507
0.450964
0.554786
0.157724
-0.200364
-0.226032
0.145325
0.461586
0.316196
-0.027459
-0.161510
0.159722
0.362456
0.082468
-0.297488
-0.252368
0.150908
0.448052
0.237035
-0.248742
-0.436976
-0.076681
0.424514
0.612763
0.375013
0.040492
0.025310
0.195653
0.297154
0.137339
-0.300184
-0.566792
-0.359410
-0.047129
0.065347
-0.125695
-0.298519
-0.216884
0.046457
0.314404
0.299254
0.078198
-0.129177
-0.182829
-0.156834
-0.197385
-0.185052
-0.014619
0.156427
0.120657
-0.169149
-0.386775
-0.266521
0.053029
0.298571
0.211329
-0.117600
-0.374715
-0.293868
0.017775
0.229354
0.151579
-0.171554
-0.385319
-0.457754
-0.437829
-0.244095
0.070661
0.307208
0.302427
0.159662
0.049693
0.063848
0.066730
0.007675
-0.047993
-0.084120
-0.118854
-0.135299
-0.151205
-0.135416
-0.004709
0.120937
0.160986
0.038588
-0.097945
-0.054375
0.020739
-0.035146
-0.158247
-0.165657
0.076698
0.306973
0.259651
0.045834
-0.085891
0.025386
0.209409
0.228471
-0.020218
-0.225168
-0.228134
-0.076998
0.145704
0.245853
0.117789
-0.079004
-0.102829
0.036257
0.185956
0.161388
0.022548
-0.069127
-0.020804
0.185366
0.390098
0.348742
0.073627
-0.188261
-0.182419
-0.041266
-0.007511
-0.078973
-0.081201
0.076600
0.265092
0.262529
0.043736
-0.168070
-0.156006
0.033650
0.057171
-0.092576
-0.225370
-0.138861
0.157362
0.330930
0.186210
-0.134561
-0.244909
-0.079612
0.161098
0.231498
0.068399
-0.061443
-0.075444
0.036493
0.144712
0.046207
-0.136747
-0.216267
-0.108036
0.122546
0.303942
0.249469
0.071702
-0.050846
-0.029707
0.116398
0.125541
0.001013
-0.175258
-0.287989
-0.265069
-0.160347
0.020624
0.106133
-0.004574
-0.129256
-0.179797
-0.203090
-0.167409
-0.111720
-0.009476
0.102858
0.059945
-0.044557
-0.166372
-0.270763
-0.184876
-0.016978
0.067506
-0.023070
-0.225519
-0.217721
0.003639
0.166870
0.151617
0.021266
-0.119954
-0.144407
-0.091787
-0.016314
0.046872
0.072327
0.079836
-0.046978
-0.062603
0.011926
0.079206
0.098103
0.037348
-0.007685
-0.058689
-0.058315
-0.027077
0.027546
-0.111088
-0.180730
-0.022992
0.161175
0.186308
0.013756
-0.047236
-0.010647
0.036288
0.099468
0.145515
0.075256
-0.023118
-0.014733
0.134341
0.161050
-0.007783
-0.033398
0.111036
0.190871
0.065456
-0.121799
-0.082671
0.159888
0.294955
0.183905
-0.061635
-0.124003
0.071016
0.249417
0.147148
-0.140240
-0.229548
0.026618
0.303045
0.240784
-0.021468
-0.130309
0.063378
0.229005
0.059879
-0.175386
-0.173255
0.029455
0.149437
0.055912
-0.071039
-0.075337
0.028983
0.101537
0.041515
-0.065582
-0.086933
-0.008743
0.054123
0.048298
0.024331
0.004657
-0.015875
-0.052934
-0.045200
0.020821
0.025475
-0.043259
-0.074194
-0.020388
0.064366
0.104343
0.040649
-0.116789
-0.151101
-0.048382
0.041686
0.008768
-0.107052
-0.148045
-0.082539
0.026744
0.053929
0.026948
-0.044869
-0.062739
-0.028419
-0.016481
-0.016511
-0.013514
-0.004007
-0.009556
-0.023110
-0.039793
-0.049772
0.002140
0.003355
-0.048140
-0.059818
-0.057466
0.005212
0.012368
0.007688
0.010031
0.015951
-0.020075
-0.052474
-0.037933
-0.052215
-0.016222
0.070913
0.123138
0.073623
-0.050841
-0.100329
-0.042928
-0.032560
-0.040321
0.006966
0.074060
0.061785
0.017758
-0.009328
0.004283
0.006125
-0.021137
-0.011667
0.028103
0.039328
-0.002236
-0.025809
-0.000422
0.083642
0.107273
0.024707
-0.103724
-0.103657
0.018628
0.161617
0.147412
-0.012759
-0.078608
-0.036907
0.021152
0.033705
0.017970
0.014248
0.049488
0.068021
0.042474
-0.033611
-0.093432
-0.067506
0.033303
0.083405
0.073677
0.046116
0.004617
-0.029238
-0.046083
-0.019494
-0.028705
-0.048861
0.000202
0.051185
0.092083
0.078322
0.021040
-0.025910
-0.091629
-0.098813
-0.058774
-0.007031
0.063403
0.094163
0.032550
-0.072417
-0.085918
-0.031166
-0.012864
-0.062346
-0.078426
0.045051
0.167607
0.137287
-0.002796
-0.127479
-0.157982
-0.073184
0.023075
0.063739
0.038798
-0.006081
-0.017905
-0.013319
-0.028575
-0.059421
-0.074067
-0.039181
0.008966
0.031784
0.045685
0.008343
-0.053705
-0.072556
-0.034552
0.001913
-0.000205
-0.026121
-0.029122
0.002256
0.059826
0.061751
-0.013978
-0.093286
-0.118233
-0.064020
-0.003599
0.048025
0.077389
0.023502
