0.000500
0.000372
0.000928
0.001674
0.001795
0.000846
0.000443
0.000037
-0.000785
-0.001637
-0.001340
-0.000363
0.000734
0.001321
0.001304
0.000824
0.000341
0.000129
0.000542
0.000214
-0.000721
-0.000711
-0.000656
-0.000373
-0.000288
0.001055
0.000279
0.000328
-0.001355
-0.000511
-0.002138
-0.000969
-0.002842
-0.002184
-0.005228
-0.004409
-0.004594
-0.002592
-0.003511
-0.003906
-0.002214
-0.003796
0.000538
-0.003540
0.004304
-0.002824
0.002015
-0.014422
-0.004242
-0.027374
-0.026019
-0.125507
-0.080787
-0.110319
-0.337009
-0.154705
-0.080094
-0.176629
-0.044549
0.330733
0.374028
0.099564
-0.028508
0.143394
0.260330
0.006497
0.027709
0.447426
0.591867
0.302292
0.009907
-0.010231
0.147630
0.102628
-0.182155
-0.472110
-0.504139
-0.321012
-0.243088
-0.377170
-0.351404
0.055600
0.540128
0.687982
0.368377
0.054980
0.036536
0.131656
0.109442
-0.090934
-0.137490
0.044732
0.059503
-0.239946
-0.611492
-0.534668
0.015832
0.420072
0.323127
-0.083121
-0.359656
-0.105370
0.370520
0.544054
0.287339
-0.146572
-0.304109
-0.209808
-0.037580
-0.061129
-0.113269
-0.121797
0.013125
0.017056
-0.009397
-0.127967
-0.036849
0.111406
-0.365147
-0.403641
-0.371060
-0.234126
0.100606
0.492166
0.598838
0.343276
0.097591
-0.120505
-0.229591
-0.511523
-0.482960
-0.010629
0.352720
0.276218
-0.081237
-0.308200
-0.143893
0.215168
0.486639
0.497587
0.313616
0.162979
0.180484
0.320980
0.382752
0.399630
0.199355
-0.117770
-0.513011
-0.816241
-0.753414
-0.529208
-0.011412
0.270103
0.202635
0.101600
0.193554
0.352685
0.276700
0.147555
0.166732
0.254994
0.101869
-0.189731
-0.410257
-0.336593
-0.178867
-0.083058
-0.096242
-0.142221
-0.077598
0.010917
0.067998
0.027998
0.007548
0.139845
0.306819
0.227322
-0.015267
-0.309071
-0.249619
-0.129316
-0.156694
-0.170436
-0.376148
-0.417316
-0.157902
0.095649
0.110730
0.127701
0.172998
0.162986
-0.046869
-0.289039
-0.281017
-0.062275
0.151319
0.225853
0.297168
0.258825
-0.017961
-0.347333
-0.454189
-0.298993
0.026387
0.277937
0.206546
-0.123680
-0.287966
-0.103902
0.237330
0.365964
0.231614
0.104245
0.155267
0.266913
0.243474
0.152172
0.162713
0.321640
0.333226
0.195813
-0.025954
-0.229258
-0.201781
-0.034137
0.052657
-0.074133
-0.191996
-0.055902
0.134747
0.199268
0.150770
0.092104
0.063840
0.048396
0.060326
0.066797
0.071836
0.021434
0.005758
-0.026049
-0.107927
-0.151648
-0.154945
-0.151790
-0.250336
-0.207643
-0.042877
0.016337
-0.047029
-0.276899
-0.322777
-0.083990
0.179669
0.194357
0.018705
-0.153453
-0.169613
-0.077651
-0.094347
-0.090579
-0.084110
-0.053181
0.025602
0.026931
-0.122878
-0.331958
-0.361363
-0.151804
0.079644
0.195919
0.192612
0.128701
0.030558
-0.026122
0.010464
0.027282
0.019883
0.001065
-0.009465
-0.034929
-0.090755
-0.091112
-0.000967
0.124288
0.205838
0.191857
0.023450
-0.165336
-0.170036
0.053971
0.278188
0.294395
0.089488
-0.192073
-0.171174
0.091588
0.333777
0.299177
0.076661
-0.158645
-0.120849
0.125212
0.235736
0.146990
-0.033667
-0.008110
0.110564
0.224978
0.110353
0.001208
0.009248
0.048512
0.089153
0.102467
0.148487
0.158775
0.185110
0.150766
0.115620
0.097392
-0.007582
-0.061651
-0.056331
-0.112263
-0.194604
-0.322450
-0.392567
-0.297383
0.001730
0.219838
0.161110
-0.025707
-0.133777
-0.049234
0.037317
0.031882
-0.100294
-0.148595
-0.065102
-0.011197
-0.026433
-0.155904
-0.259364
-0.195385
-0.061557
0.029159
0.039226
-0.043164
-0.113320
-0.093170
0.019745
0.127367
0.144862
-0.054920
-0.187047
-0.358631
-0.384015
-0.215115
-0.155949
-0.120730
-0.264952
-0.229433
0.084364
0.429580
0.453756
0.108056
-0.276146
-0.311980
-0.074652
-0.012447
-0.013489
0.064909
0.293412
0.351332
-0.001922
-0.348002
-0.297305
0.141689
0.530877
0.432026
-0.061834
-0.414927
-0.379267
0.012073
0.372066
0.442050
0.268447
-0.071129
-0.321692
-0.269352
0.044624
0.383278
0.463807
0.083857
-0.331956
-0.367389
-0.021703
0.379759
0.334773
-0.029341
-0.234277
-0.125499
0.170007
0.287124
0.061051
-0.118032
-0.048662
0.210004
0.380947
0.209978
-0.110371
-0.226841
-0.104194
0.074939
0.107997
-0.001792
-0.039334
-0.018911
0.031397
0.056641
0.040671
0.065212
0.163806
0.202494
0.099761
-0.106756
-0.257097
-0.229040
-0.131087
0.016741
0.155886
0.212324
0.087797
-0.148650
-0.220852
-0.045329
0.132221
0.135443
0.020711
-0.119179
-0.135503
-0.066223
0.030119
0.056857
0.014157
0.040191
0.064039
-0.001424
-0.159144
-0.242079
-0.180411
-0.031567
0.149914
0.246296
0.212054
0.012243
-0.144311
-0.210025
-0.185233
-0.062819
-0.011535
0.010948
0.050370
0.108440
0.122411
-0.010484
-0.123150
-0.121941
-0.117798
-0.085266
-0.032244
0.006946
-0.005794
-0.008122
0.014522
0.055385
0.063927
0.029595
-0.020860
-0.113011
-0.188924
-0.159873
-0.002868
0.096676
0.068961
0.016760
-0.018147
-0.058521
-0.085414
-0.079392
-0.048163
0.020137
0.098951
0.105837
-0.009155
-0.098337
-0.044596
0.064927
0.121271
0.018812
-0.133103
-0.148664
-0.028852
0.100556
0.117257
0.027225
-0.027882
-0.016247
-0.027040
-0.025224
-0.004896
0.042442
0.099842
0.094903
-0.004418
-0.063225
-0.006381
0.072583
0.057625
0.003394
0.026957
0.029739
-0.007263
-0.027650
-0.012732
0.055435
0.103858
0.068640
0.017822
-0.084365
-0.118420
0.037358
0.174954
0.112523
-0.081693
-0.150234
-0.011314
0.165650
0.183128
0.061088
-0.062592
-0.142780
-0.137632
-0.060927
0.078986
0.164727
0.098065
-0.063638
-0.160416
-0.080690
0.062844
0.132561
0.078491
-0.001275
-0.059315
-0.065240
-0.009253
0.044789
0.040842
-0.008755
-0.019729
-0.016072
-0.049567
-0.089646
-0.063907
-0.016887
0.005328
-0.004104
-0.000745
0.026312
0.043820
0.061122
0.036048
-0.092684
-0.191991
-0.088687
0.099926
0.201678
0.112706
-0.064309
-0.166633
-0.120822
-0.039209
-0.026238
-0.079063
-0.042129
0.092987
0.138696
0.035329
-0.136528
-0.177990
-0.079765
0.082045
0.165765
0.110050
-0.035100
-0.119089
-0.073655
-0.019256
0.045883
0.101413
0.091019
0.025555
-0.059987
-0.095487
-0.071473
-0.035571
-0.018784
0.004061
0.057131
0.132320
0.137410
0.029688
-0.088006
-0.109042
-0.060954
-0.042288
0.019277
0.112689
0.119915
0.055988
0.019315
-0.001289
-0.076286
-0.111105
-0.034535
0.064128
0.082979
0.041675
-0.011385
-0.094244
-0.109513
-0.017038
0.087063
0.131440
0.077360
0.013971
-0.026264
-0.034050
0.003704
0.038888
0.061114
0.059422
-0.007660
-0.089128
-0.088916
-0.009032
0.078147
0.102499
0.067151
-0.004432
-0.077822
-0.107557
-0.046854
0.002995
0.052117
0.103488
0.057899
0.003277
-0.030585
-0.053655
-0.070812
-0.078593
-0.027500
0.077265
0.109759
0.070729
-0.016647
-0.096665
-0.089557
-0.034816
0.070296
0.120420
0.059601
-0.006124
-0.038478
-0.074734
-0.056885
-0.019806
0.042152
0.117132
0.068417
-0.049462
-0.164491
-0.188343
-0.048368
0.106135
0.166347
0.132646
-0.003831
-0.126407
-0.176266
-0.094065
0.052116
0.117844
0.096872
0.010227
-0.106785
-0.159715
-0.140997
-0.114849
0.000731
0.138507
0.180948
0.159645
0.094150
-0.076003
-0.157534
-0.074032
0.047722
0.128504
0.086793
0.026961
-0.020157
-0.057069
-0.059381
-0.057787
-0.043722
-0.005792
0.046504
0.061664
0.000230
-0.085404
-0.116417
-0.052518
0.047793
0.099261
0.119141
0.111907
0.028808
-0.066149
-0.110761
-0.076803
0.018244
0.063188
0.026116
-0.014120
-0.022034
-0.023362
-0.027220
-0.031773
-0.038266
-0.007576
0.044443
0.053174
0.038406
0.020790
0.044977
0.078038
0.039294
-0.041049
-0.060677
-0.013515
0.031452
0.047361
0.008597
-0.046936
-0.070058
-0.033399
0.009304
-0.006803
-0.022288
0.001744
0.070818
0.109655
0.061548
-0.041682
-0.116436
-0.095378
-0.011013
0.080510
0.072407
-0.006304
-0.078548
-0.092196
-0.038875
0.015382
0.030109
0.004335
-0.049241
-0.073427
-0.000523
0.092936
0.123845
0.080791
-0.022658
-0.106648
-0.077563
-0.005783
0.045568
0.037263
0.012426
-0.016485
-0.048801
-0.038561
-0.013770
-0.015086
-0.041966
-0.021512
