-0.000163
0.000878
0.000887
0.000247
-0.001921
-0.000660
0.000018
0.000562
-0.000608
0.000026
-0.000414
-0.002169
-0.003265
-0.002575
0.000763
-0.000192
0.002692
0.000274
0.004987
-0.000557
0.003343
-0.004453
0.003087
-0.005214
0.000763
-0.007051
0.001670
-0.004216
0.002483
-0.000545
-0.007798
-0.006206
-0.025190
-0.058470
-0.166723
-0.077772
-0.273928
-0.309773
-0.114633
-0.022096
0.093917
0.303549
0.570065
0.548195
0.275044
-0.036837
0.020215
0.092029
0.027525
0.029227
0.076604
-0.096999
-0.524815
-0.851857
-0.661686
-0.063661
0.468421
0.614175
0.349577
-0.003938
-0.119667
0.022193
0.205856
0.269625
0.170142
0.027464
-0.189453
-0.457791
-0.502013
-0.225852
0.231198
0.378688
0.071454
-0.290796
-0.240744
0.168447
0.478998
0.297707
-0.085379
-0.311149
-0.195954
0.081751
-0.155840
-0.245962
-0.312027
-0.143677
0.123974
0.158412
0.069967
-0.152946
-0.070136
0.237617
0.449159
0.098944
-0.313249
-0.329342
-0.090796
0.017843
-0.043818
0.128320
0.620374
0.904080
0.652119
0.010722
-0.478705
-0.452921
-0.090300
0.020174
-0.167628
-0.351181
-0.349126
-0.283538
-0.370553
-0.280063
0.090396
0.617476
0.796973
0.480539
-0.043313
-0.301223
-0.096259
0.051027
0.005154
-0.121928
-0.285505
-0.322932
-0.179171
-0.069976
-0.133467
-0.118371
0.073637
0.393690
0.395655
0.057095
-0.116210
0.023785
0.283624
0.264241
-0.133508
-0.571922
-0.614736
-0.150695
0.373646
0.502734
0.175254
-0.112603
-0.051460
0.277766
0.557491
0.486310
0.137732
-0.224358
-0.306413
-0.275527
-0.123122
-0.061385
-0.186471
-0.424835
-0.455604
-0.269650
0.091088
0.281766
0.148022
0.225285
0.311507
0.204717
-0.058163
-0.174809
-0.190466
-0.169815
-0.112521
-0.033665
-0.100231
-0.347910
-0.307430
0.174043
0.572282
0.391921
-0.148895
-0.353228
-0.022391
0.435452
0.521151
0.145830
-0.336205
-0.554769
-0.396947
-0.070000
0.208084
0.315165
0.351596
0.259562
0.066867
0.020260
0.221342
0.459634
0.375503
-0.121929
-0.386565
-0.192943
0.127711
0.156299
-0.295023
-0.704901
-0.589666
-0.034097
0.353128
0.239762
-0.106861
-0.126553
0.249188
0.454376
0.171496
-0.272841
-0.383021
-0.048282
0.318865
0.286908
-0.159947
-0.483578
-0.362954
0.150500
0.352553
0.139700
-0.131965
-0.368216
-0.336367
-0.134324
0.080601
0.035006
-0.089267
-0.129653
0.034835
0.181606
0.132979
0.074170
0.108263
0.174850
0.077635
-0.088649
-0.187325
-0.157630
-0.039244
0.093367
0.124641
0.001741
-0.182188
-0.268377
-0.177770
0.024650
0.178951
0.156306
0.038522
-0.032271
0.072328
0.233285
0.248034
0.061059
-0.181033
-0.186977
0.046009
0.258834
0.225295
0.047156
-0.052206
0.053500
0.130851
0.191026
0.110220
-0.014874
0.036057
0.054791
0.022189
-0.088103
-0.117326
0.016833
0.243417
0.263899
0.066017
-0.162558
-0.186818
-0.000667
0.118461
0.005816
-0.232779
-0.308363
-0.156948
0.071668
0.128838
0.018002
-0.104862
-0.094390
-0.008996
0.013944
-0.088342
-0.196520
-0.148260
-0.008025
0.073927
-0.011190
-0.122583
-0.111080
-0.005438
0.070284
0.040616
-0.077568
-0.172640
-0.138903
-0.039343
0.038592
-0.009081
-0.082557
-0.086309
0.009572
0.095786
0.071998
-0.003122
-0.111205
-0.112951
-0.039828
0.052656
0.100829
0.074948
0.032087
-0.001061
0.036030
0.039269
-0.023029
-0.071657
-0.054730
0.049943
0.069286
0.006108
-0.063653
-0.050562
0.084285
0.176595
0.157739
-0.017898
-0.129171
-0.106824
0.018761
0.126028
0.120786
0.075499
-0.011722
-0.031276
-0.029549
0.016615
0.082858
0.085369
-0.001081
-0.075457
-0.071920
0.052709
0.203360
0.203336
0.124549
-0.025045
-0.086899
-0.043764
0.029403
0.122045
0.125701
0.097672
0.001408
-0.098244
-0.092440
0.019519
0.171454
0.157321
0.003391
-0.087961
-0.083602
-0.061304
-0.051585
-0.041125
-0.017381
0.010810
0.040458
0.041924
0.053966
0.037551
-0.008460
-0.049574
-0.076779
-0.054556
-0.044372
-0.067500
-0.058121
-0.005950
0.005619
-0.040598
-0.081994
-0.061825
0.039626
0.085734
0.045736
-0.018788
-0.058301
-0.007093
0.045969
0.030088
-0.049646
-0.098283
-0.062179
0.005758
0.009775
-0.062909
-0.141451
-0.085813
0.015945
0.033188
-0.076833
-0.180349
-0.072908
0.073168
0.095910
-0.012614
-0.124515
-0.078402
0.009372
0.017682
-0.030570
-0.071802
-0.014427
0.081174
0.079737
-0.027531
-0.087842
-0.020094
0.113680
0.113357
-0.022137
-0.125285
-0.090071
0.031610
0.111867
0.096613
0.041256
0.023799
0.019736
0.006318
-0.042317
-0.021216
0.044234
0.080227
0.078898
0.057467
0.047247
0.019125
-0.019975
-0.045805
-0.016730
0.026607
0.047777
0.053015
0.029590
0.019691
0.032662
0.023512
-0.014482
-0.076294
-0.074765
0.032061
0.117952
