0.001608
0.000672
-0.000700
-0.001576
-0.001952
-0.002187
-0.001467
0.000259
0.000459
0.000146
-0.000278
0.000327
-0.000561
-0.000918
-0.001565
-0.000428
-0.000654
-0.001555
-0.002360
-0.002304
-0.001018
-0.001431
-0.000879
-0.002733
0.000251
-0.001046
0.002193
-0.000820
0.004399
0.000071
0.001899
-0.006745
-0.004184
-0.007288
-0.004447
-0.009781
-0.011935
-0.013761
-0.028554
-0.075397
-0.118878
-0.082459
-0.269034
-0.212746
-0.060481
-0.054417
0.124857
0.357051
0.556944
0.457790
0.170748
0.071580
0.079290
-0.047465
-0.083987
0.153767
0.292753
0.030485
-0.448116
-0.765881
-0.685212
-0.389696
-0.001490
0.339409
0.450159
0.397140
0.282012
0.111929
-0.022151
-0.021383
0.125309
0.281278
0.150171
-0.210106
-0.479230
-0.452531
-0.176650
0.050883
0.098589
0.089507
0.093508
0.073864
-0.027770
-0.083264
0.016010
0.233882
0.329981
0.121888
-0.267930
-0.480964
-0.240599
0.082473
0.250408
0.006367
-0.330687
-0.287142
-0.013460
0.253055
0.209467
0.087433
-0.114194
-0.158285
-0.150191
-0.225572
-0.153133
0.064432
0.316714
0.336939
0.098953
-0.316461
-0.428820
-0.237740
0.096468
0.442065
0.623879
0.555013
0.271979
-0.041728
-0.235142
-0.194059
-0.020728
0.230077
0.468737
0.368110
-0.190518
-0.726859
-0.848981
-0.454712
0.084130
0.401065
0.403971
0.190819
-0.002365
-0.038083
0.069343
0.120792
0.113045
0.129076
0.172923
0.037222
-0.263723
-0.448869
-0.294934
0.055595
0.183408
-0.066040
-0.269458
-0.229183
-0.120976
0.102708
0.196506
0.041061
0.002801
0.351330
0.459837
-0.029625
-0.548938
-0.427594
0.066743
0.228851
-0.032441
-0.260321
-0.240286
-0.154802
-0.008136
0.009694
-0.057691
-0.095609
0.109206
0.282298
0.172905
-0.017877
-0.104265
0.026714
0.163026
0.254233
0.257225
0.261937
0.183272
0.033221
-0.055772
0.025960
0.186961
0.180394
-0.043759
-0.386375
-0.437363
-0.220936
0.017333
0.133465
0.140806
0.155669
0.197806
0.182632
0.042718
-0.089147
-0.104811
-0.023382
0.034186
0.003474
-0.105100
-0.139251
-0.087787
-0.051020
-0.007253
0.025432
0.012049
-0.049826
-0.070788
0.020025
0.108768
0.007169
-0.109197
-0.185216
-0.056385
0.034730
-0.037704
-0.117295
-0.287305
-0.214518
0.053148
0.292596
0.240477
-0.081535
-0.304195
-0.214541
0.003324
0.072370
0.020487
0.088310
0.283275
0.263958
-0.095828
-0.510359
-0.521916
-0.078340
0.346852
0.366901
0.049895
-0.259669
-0.323532
-0.177660
0.062068
0.312720
0.399300
0.201274
-0.146257
-0.311160
-0.067208
0.407387
0.563389
0.320197
-0.063650
-0.150850
0.198292
0.360268
0.134286
-0.228089
-0.328247
-0.057868
0.174287
0.087052
-0.118615
-0.124789
0.088269
0.276331
0.203470
-0.101996
-0.255947
-0.109927
0.231839
0.413367
0.212010
-0.157814
-0.379064
-0.280887
-0.021210
0.131949
-0.033830
-0.292783
-0.387727
-0.173926
0.073547
0.150261
-0.000974
-0.224746
-0.124486
0.008759
0.029929
-0.009358
0.073304
0.266065
0.248928
-0.066416
-0.444085
-0.569402
-0.368755
0.053453
0.351513
0.266702
-0.108213
-0.395398
-0.293393
0.066265
0.309397
0.277461
0.046750
-0.155846
-0.190748
-0.058682
0.131421
0.261526
0.251643
0.074119
-0.185739
-0.361411
-0.277246
-0.009767
0.265918
0.321894
0.092831
-0.155925
-0.221293
-0.074704
0.100908
0.138067
0.105589
0.057769
0.007837
0.008726
0.028869
0.076310
0.145604
0.171600
0.153357
0.023583
-0.070575
-0.059171
0.043237
0.181592
0.227083
0.130985
-0.049020
-0.111447
-0.061685
0.022383
0.086062
0.122273
0.159640
0.132286
0.033888
-0.065615
-0.093786
-0.042220
0.010570
0.064532
0.028351
-0.072726
-0.088634
-0.005027
0.045140
-0.026090
-0.100078
-0.065843
0.013012
0.002328
-0.100901
-0.170969
-0.099774
0.086191
0.185679
0.046635
-0.218220
-0.348912
-0.173037
0.086960
0.138546
-0.031743
-0.220240
-0.247468
-0.148401
-0.046494
0.067960
0.143215
0.113218
0.019691
-0.131273
-0.214050
-0.150885
-0.002432
0.071083
0.025845
-0.009196
-0.000170
0.036794
0.001234
-0.084815
-0.106319
-0.022086
0.111836
0.110318
-0.017816
-0.097302
-0.027189
0.115354
0.155736
0.032161
-0.091559
-0.051168
0.086943
0.153647
0.060652
-0.071206
-0.058341
0.076716
0.160720
0.061141
-0.108583
-0.113621
0.060726
0.215681
0.149507
-0.118971
-0.264446
-0.112172
0.134035
0.225343
0.104644
-0.021275
-0.013625
0.076091
0.120568
0.039645
-0.074751
-0.088523
0.016996
0.123319
0.136729
0.089089
0.038740
0.021407
0.002553
-0.059315
-0.100849
-0.114735
-0.035274
0.098653
0.184026
0.194284
0.059582
-0.105744
-0.183817
-0.096772
0.060634
0.141702
0.093482
-0.028122
-0.086098
-0.049558
0.006907
0.003220
0.001642
-0.007499
-0.022244
-0.061898
-0.106670
-0.074938
-0.003561
0.072937
0.107548
0.043117
-0.063637
-0.113975
-0.065231
0.017513
0.042638
0.018431
-0.034398
-0.082577
-0.081051
-0.009969
0.053111
0.068027
0.005851
-0.104178
-0.116298
-0.014507
0.062092
0.027045
-0.015902
-0.004827
0.018411
-0.039206
-0.094258
-0.045230
0.009839
0.046186
0.037699
-0.008596
-0.048235
-0.056238
0.008205
0.059013
0.015209
-0.016472
-0.022867
-0.032242
-0.053179
-0.095166
-0.060822
0.022087
0.103765
0.093947
-0.007290
-0.085803
-0.074536
-0.000093
0.015472
-0.001969
-0.011142
-0.004138
0.019530
0.053122
0.031718
-0.041777
-0.091477
-0.081533
-0.013412
0.045073
0.088272
0.117975
0.087212
-0.028021
-0.111432
-0.087395
-0.002856
0.051686
0.019522
-0.013390
-0.006854
0.026576
0.052036
0.030757
-0.009753
-0.008739
0.024550
0.019432
-0.024304
-0.040256
0.028946
0.129342
0.152684
0.068566
-0.043090
-0.125724
-0.109139
-0.006729
0.078299
0.075797
-0.021406
-0.039621
0.040688
0.098919
0.080328
0.018451
-0.031750
-0.042781
-0.004641
0.028397
0.020610
-0.021326
-0.034454
0.014112
0.067989
0.052735
-0.016688
-0.057578
-0.061618
-0.049227
0.005614
0.025944
0.030647
0.045447
0.030289
0.034856
0.031427
0.000859
-0.053109
-0.081200
-0.030016
0.040403
0.055398
0.028557
-0.001562
-0.035695
-0.081625
-0.079288
-0.025020
0.021541
0.034124
0.039109
0.017049
-0.042001
-0.072596
-0.018560
0.077262
0.094160
-0.000625
-0.127795
-0.117154
-0.005941
0.091041
0.112237
0.034900
-0.063610
-0.149719
-0.149169
-0.039067
0.072320
0.116289
0.060424
-0.055860
-0.127586
-0.093883
0.009427
0.095542
0.089248
0.000274
-0.064302
-0.044556
0.026945
0.048453
0.016407
-0.011044
-0.023753
-0.032206
-0.036295
-0.001247
0.041167
0.045133
0.014181
0.008195
0.015342
-0.000736
-0.014604
-0.024390
-0.009242
