0.000046
-0.001017
-0.002330
-0.002420
-0.001025
0.000551
0.000847
-0.002487
-0.004584
-0.005028
-0.002890
-0.003405
-0.003052
-0.004892
-0.005832
-0.007461
-0.004710
-0.002970
-0.001178
0.000062
-0.000026
-0.000160
-0.003415
-0.000853
-0.002446
0.001359
-0.007397
-0.003997
-0.007635
0.001305
-0.012006
-0.008497
-0.024414
-0.022093
-0.086648
-0.123728
-0.091779
-0.237214
-0.212432
-0.059389
0.002188
0.064501
0.198055
0.264940
0.156015
-0.112800
-0.210999
0.018929
0.266848
0.349016
0.364493
0.327111
0.150547
-0.152986
-0.301175
-0.127712
0.175427
0.272484
-0.076293
-0.564800
-0.734759
-0.347598
0.206791
0.516756
0.443427
0.173459
-0.071336
-0.224401
-0.188261
0.082462
0.426948
0.481021
0.053311
-0.576163
-0.753489
-0.298134
0.404652
0.576785
0.086134
-0.510889
-0.582758
-0.023179
0.476321
0.488568
0.136380
-0.129095
-0.069476
0.039415
-0.024530
-0.175007
-0.171534
-0.000936
0.089309
-0.037544
-0.223216
-0.161798
0.103227
0.340375
0.261944
0.005142
-0.211073
-0.129880
-0.096591
-0.032954
-0.211945
-0.525024
-0.409140
-0.306903
-0.076114
0.181549
0.502908
0.625770
0.446594
0.102543
-0.111777
-0.191520
-0.271193
-0.243576
-0.057576
0.166527
0.219506
-0.045541
-0.406557
-0.393160
0.002166
0.536341
0.780037
0.596492
0.269602
0.039851
0.015977
0.194912
0.254562
0.129612
-0.173223
-0.448542
-0.551228
-0.473535
-0.248947
0.055481
0.243199
0.216674
0.098139
0.065092
0.187027
0.245979
0.187738
-0.024754
-0.108219
-0.024019
0.076317
-0.051074
-0.405955
-0.565225
-0.234402
0.316157
0.535742
0.186960
-0.337007
-0.408580
-0.030391
0.438382
0.449042
0.090515
-0.374861
-0.426148
-0.233859
-0.233306
-0.107204
-0.093585
-0.213714
-0.168555
0.053289
0.214203
0.104423
-0.054889
0.017247
0.104453
-0.019592
-0.020557
0.161479
0.198333
0.028318
-0.257498
-0.337519
-0.120289
0.150850
0.124783
-0.067846
-0.197431
-0.119442
0.069778
-0.013003
-0.089233
0.056508
0.275015
0.243451
-0.140194
-0.326285
0.084736
0.744319
0.913205
0.374883
-0.142145
-0.129767
0.165842
0.299037
0.129153
-0.017881
-0.066115
-0.147615
-0.318019
-0.491491
-0.420694
-0.091855
0.246667
0.378878
0.253663
0.071316
0.009364
0.017168
0.051329
0.085439
0.192462
0.196565
-0.044022
-0.365741
-0.514305
-0.239593
0.155436
0.220628
-0.108597
-0.401698
-0.307509
0.073710
0.279158
0.200595
-0.089342
-0.204518
-0.224953
-0.460759
-0.441581
-0.335064
-0.066555
0.292455
0.446680
0.245926
-0.176975
-0.286017
-0.022825
0.171897
-0.034825
-0.307034
-0.154384
0.169676
0.219056
-0.080915
-0.351547
-0.249364
0.093335
0.444382
0.452950
0.123746
-0.275663
-0.399423
-0.242952
0.043993
0.300552
0.360937
0.229762
-0.046131
-0.203980
-0.081782
0.161330
0.251234
0.067169
-0.198530
-0.195854
0.100857
0.346034
0.251894
0.025542
-0.048284
0.086686
0.240118
0.188703
0.080732
0.067441
0.195276
0.310134
0.287681
0.185527
0.082097
0.051136
-0.051422
-0.241950
-0.416192
-0.420998
-0.277551
-0.074609
0.137098
0.222960
0.223989
0.144402
0.029922
-0.108502
-0.202926
-0.142561
0.049064
0.180685
0.085271
-0.163254
-0.376748
-0.362559
-0.090565
0.151422
0.147261
-0.037117
-0.141543
-0.052802
0.011125
-0.067320
-0.242747
-0.341047
-0.331888
-0.247109
-0.162317
-0.104145
-0.017405
0.083160
0.127191
-0.001505
-0.214533
-0.230227
0.072211
0.434638
0.422056
-0.028369
-0.481674
-0.494808
-0.051483
0.378908
0.418371
0.097787
-0.243459
-0.277891
-0.067778
0.191478
0.316188
0.249229
0.065594
-0.109099
-0.148089
-0.044626
0.125378
0.170410
0.061435
-0.092806
-0.098463
0.061564
0.210119
0.198961
0.034096
-0.071937
-0.021654
0.119321
0.150037
0.048043
-0.041771
-0.027138
0.045249
0.041063
-0.034841
-0.040851
0.082248
0.223779
0.237737
0.086429
-0.073923
-0.056909
0.104904
0.208829
0.127646
-0.064257
-0.084452
0.054944
0.178378
0.151196
-0.009005
-0.091558
-0.061389
0.054799
0.133851
0.099932
-0.003104
-0.049551
0.026829
0.151428
0.182411
0.102109
-0.086761
-0.117224
0.040049
0.046097
-0.052538
-0.230811
-0.359543
-0.354633
-0.197888
0.057304
0.171400
0.055659
-0.093541
-0.086943
-0.092924
-0.229898
-0.303678
-0.070307
0.337217
0.415613
0.013857
-0.448177
-0.517265
-0.164252
0.264664
0.346670
0.035501
-0.280989
-0.339361
-0.181316
-0.000719
0.103351
0.150203
0.139459
0.008527
-0.206056
-0.284458
-0.109847
0.131617
0.141787
-0.116090
-0.352625
-0.259386
0.042859
0.203257
0.033909
-0.206719
-0.170141
0.088530
0.286002
0.159098
-0.091371
-0.134140
0.023655
0.187631
0.166702
0.003495
-0.053674
0.031130
0.092936
0.058990
-0.011346
0.014304
0.121910
0.131773
0.014938
-0.100652
-0.089671
0.053926
0.172779
0.120323
-0.001543
-0.052914
-0.010914
0.074591
0.096692
0.074346
0.026369
0.002496
0.040346
0.086273
0.074083
0.013726
-0.011515
0.033823
0.084547
0.081003
0.021967
-0.044245
-0.069171
-0.024916
0.081290
0.151218
0.133451
0.058951
0.020135
0.006255
-0.020753
-0.048568
-0.028515
0.051130
0.134231
0.160383
0.076125
-0.044378
-0.108742
-0.067948
0.026067
0.054579
-0.020596
-0.119430
-0.101066
0.019834
0.107441
0.075080
-0.002366
-0.024016
-0.010830
0.007931
-0.033129
-0.080661
-0.104952
-0.101421
-0.001652
0.113498
0.133323
0.059115
-0.057354
-0.135128
-0.131322
-0.106894
-0.079558
-0.039342
0.074621
0.195263
0.163034
-0.054244
-0.288964
-0.307720
-0.120740
0.103851
0.187466
0.089140
-0.031556
-0.066202
-0.042090
-0.019331
-0.028118
-0.032548
-0.032161
-0.065173
-0.129942
-0.137612
-0.054445
0.056456
0.067118
-0.030284
-0.128047
-0.115871
-0.006944
0.080596
0.104372
0.037472
-0.059570
-0.099273
-0.039221
0.021722
0.022759
-0.019800
-0.062874
-0.058730
-0.009234
0.054893
0.071792
0.003829
-0.103740
-0.126799
-0.019566
0.154041
0.215632
0.076390
-0.111973
-0.164140
-0.044979
0.101174
0.112621
0.017488
-0.038340
0.024409
0.118777
0.101546
-0.009604
-0.115165
-0.117541
0.003358
0.125070
0.146716
0.048605
-0.046871
-0.023137
0.042979
0.068288
0.042201
0.006764
-0.039230
-0.072062
-0.016350
0.054400
0.074911
0.051697
0.013991
-0.000207
0.010523
0.032139
0.021699
-0.045542
-0.104292
-0.074948
0.026722
0.119968
0.143485
0.101074
0.040939
-0.036805
-0.130066
-0.167753
-0.101091
0.053559
0.162940
0.111495
-0.016511
-0.060375
-0.011432
0.054297
0.052075
-0.049422
-0.142893
-0.143412
-0.020670
0.124949
0.163815
0.105579
0.006962
-0.061658
-0.117617
-0.182976
-0.176839
-0.075478
0.067952
0.146519
0.133566
0.040138
-0.076791
-0.112779
-0.081377
-0.022526
-0.004622
-0.026567
-0.028030
0.029569
0.068258
0.037506
0.009071
0.004406
-0.016604
-0.064590
-0.102638
-0.075361
0.004020
0.069915
0.094635
0.060171
-0.009311
-0.071793
-0.061608
0.006958
0.051340
0.022508
-0.030181
-0.058348
-0.041145
0.013675
0.049296
0.033333
-0.017200
