-0.002416
-0.001149
0.000534
0.000389
0.000146
0.000246
0.000356
0.001261
0.002246
0.003121
0.002693
0.002304
0.000288
-0.001806
-0.003101
-0.002360
-0.001948
-0.002810
-0.005159
-0.007111
-0.005577
-0.002487
0.000245
-0.000947
-0.002425
-0.004034
-0.000534
-0.000299
0.002823
0.000862
0.002031
-0.002023
-0.002170
-0.006684
-0.006085
-0.008252
-0.003947
-0.009386
-0.017174
-0.016746
-0.024624
-0.039841
-0.103779
-0.083805
-0.182446
-0.271375
-0.182779
-0.094119
-0.025904
0.067436
0.253231
0.299606
0.093364
-0.122131
-0.060120
0.163174
0.279806
0.383001
0.525760
0.508995
0.165250
-0.229271
-0.337034
-0.159660
0.106899
0.057528
-0.318673
-0.640144
-0.537599
-0.108880
0.285287
0.418007
0.342932
0.189199
-0.030260
-0.173473
-0.088661
0.253422
0.545387
0.382539
-0.245880
-0.767764
-0.657977
-0.010524
0.483471
0.323176
-0.199888
-0.481415
-0.258063
0.160742
0.355697
0.256554
0.101657
0.040905
-0.003944
-0.141420
-0.237465
-0.145153
0.076208
0.151336
-0.043989
-0.282484
-0.231045
0.085056
0.341716
0.255378
-0.037698
-0.198158
-0.094188
0.081101
0.074981
-0.067097
-0.190699
-0.113769
-0.024338
0.007644
-0.144891
-0.083820
-0.181499
-0.214489
-0.015080
-0.208957
-0.239231
-0.065834
0.197984
0.235815
0.105670
-0.017039
-0.000237
-0.047748
-0.182286
-0.049248
0.232952
0.351752
0.241645
0.049498
0.010445
0.017632
-0.037669
-0.011067
0.161928
0.490550
0.608312
0.306725
-0.215816
-0.391682
-0.143769
0.159976
0.102025
-0.210645
-0.380054
-0.248808
0.051666
0.200462
0.156820
0.114844
0.094504
0.068181
-0.015788
-0.068961
0.072566
0.189911
0.125769
-0.149351
-0.374547
-0.321583
-0.032232
0.199583
0.134127
-0.115772
-0.240988
-0.094586
0.143755
0.240528
0.111878
-0.036524
-0.071167
-0.024845
-0.042540
-0.162582
-0.195022
-0.223722
-0.278325
-0.282728
-0.244425
-0.128183
0.084204
0.345208
0.381296
0.113719
-0.184681
-0.231890
-0.131003
-0.107398
-0.127095
-0.027222
0.154255
0.123913
-0.129460
-0.309626
-0.176059
0.169762
0.412631
0.299495
-0.056887
-0.326317
-0.278150
0.014753
0.248535
0.298142
0.185542
0.029671
-0.055852
-0.029563
0.125945
0.337497
0.374424
0.194005
-0.007903
-0.030867
0.115523
0.203108
0.119631
-0.066274
-0.191574
-0.159354
-0.071264
0.002220
0.037414
0.065453
0.102239
0.088294
0.014434
-0.070710
-0.034032
0.122483
0.237967
0.116420
-0.178769
-0.351513
-0.189937
0.130593
0.242896
0.066608
-0.165006
-0.210085
-0.071340
0.052243
0.022369
-0.091323
-0.158841
-0.146435
-0.134218
-0.158274
-0.161287
-0.103677
-0.015388
0.013552
-0.068109
-0.155635
-0.166451
-0.078579
0.066532
0.133220
0.089153
-0.040699
-0.174884
-0.204787
-0.116148
0.001130
0.018179
-0.072704
-0.206306
-0.210291
-0.080900
0.072326
0.196826
0.247300
0.250821
0.178478
0.021406
-0.175824
-0.251529
-0.148003
0.050081
0.210645
0.204720
0.056547
-0.076944
-0.051287
0.123105
0.257573
0.197108
-0.016953
-0.169094
-0.139437
0.013980
0.132955
0.125021
0.104250
0.133282
0.167698
0.096946
-0.041998
-0.129525
-0.029283
0.133651
0.186380
0.081616
-0.045035
0.018884
0.178396
0.264339
0.158034
-0.035846
-0.089616
0.018811
0.131767
0.202829
0.185063
0.109860
0.107544
0.139587
0.107671
-0.007089
-0.117992
-0.155708
-0.149458
-0.138761
-0.133532
-0.125162
-0.178298
-0.187203
-0.069287
0.065012
0.115164
0.020510
-0.039376
-0.019689
-0.019085
-0.052136
-0.099937
-0.092776
-0.039355
0.016211
-0.017360
-0.153967
-0.283900
-0.268699
-0.097987
0.058393
0.097198
0.014765
-0.069762
-0.086754
0.015098
0.133830
0.067085
0.008694
-0.277566
-0.576843
-0.444095
-0.210705
-0.023588
0.086832
0.217410
0.313635
0.216485
-0.039999
-0.208567
-0.275482
-0.261729
-0.040529
0.257514
0.290031
0.027984
-0.256978
-0.241482
0.108865
0.378729
0.416627
0.139089
-0.243995
-0.357102
-0.195380
0.040659
0.189221
0.247360
0.323774
0.250842
-0.049806
-0.237740
-0.097784
0.199686
0.339826
0.192017
-0.059298
-0.129067
0.006936
0.129563
0.103745
0.049349
0.057322
0.104487
0.034967
-0.095792
-0.130731
-0.018199
0.190011
0.257041
0.101310
-0.057706
-0.043072
0.057972
0.088998
0.019135
-0.036968
-0.027303
0.031722
0.063826
0.019037
-0.067305
-0.095222
-0.012386
0.104882
0.179073
0.157446
0.049515
-0.081712
-0.138356
-0.124012
-0.079860
-0.008116
0.053368
0.089720
0.089174
0.025676
-0.076517
-0.122461
-0.051325
0.072234
0.100918
-0.006882
-0.111073
-0.116189
-0.061420
0.005706
0.050296
0.023344
-0.065507
-0.159090
-0.167436
-0.054474
0.045554
0.101558
0.093268
-0.008154
-0.132242
-0.159154
-0.050636
0.092390
0.132612
0.023977
-0.110090
-0.165803
-0.098632
0.016882
0.077459
0.046936
-0.028313
-0.084596
-0.072595
-0.024679
0.000603
-0.017198
-0.026691
-0.024613
-0.032510
-0.021443
-0.019721
-0.024253
-0.045852
-0.044320
0.002312
0.054773
0.041788
0.010684
-0.013848
-0.085210
-0.141999
-0.143890
-0.050938
0.126581
0.241816
0.184635
0.017869
-0.132697
-0.170429
-0.126102
-0.057573
0.039667
0.102281
0.094210
0.065767
0.023813
-0.010893
-0.008652
-0.001387
0.008672
-0.017887
-0.052813
-0.034818
0.013379
0.073566
0.148998
0.171143
0.069495
-0.079075
-0.188996
-0.160612
-0.021875
0.105267
0.170635
0.150533
0.104552
0.078432
0.040479
-0.034321
-0.116794
-0.139289
-0.075864
0.049359
0.150982
0.158918
0.093748
0.000525
-0.042623
-0.061504
-0.061876
-0.042472
-0.030066
0.008445
0.084190
0.157388
0.149615
0.060387
-0.064655
-0.147499
-0.160088
-0.111463
-0.013393
0.079460
0.143367
0.184775
0.140524
0.006314
-0.139689
-0.208667
-0.161177
-0.025712
0.090720
0.121731
0.080450
-0.015726
-0.069845
-0.080831
-0.073961
-0.067858
-0.065064
-0.023616
0.058995
0.126680
0.113476
0.010768
-0.112743
-0.143264
-0.057400
0.041420
0.061401
-0.002028
-0.080842
-0.091207
-0.023430
0.046986
0.036669
-0.035911
-0.094491
-0.076946
0.015042
0.082878
0.071376
-0.009817
-0.094898
-0.100813
-0.052170
-0.002986
0.030869
0.050995
0.057492
0.031497
-0.035419
-0.087384
-0.078644
-0.024991
0.026330
0.052786
0.050351
0.024149
-0.026121
-0.057842
-0.042575
-0.005729
0.026858
-0.002816
