0.002128
0.003082
0.003283
0.003249
0.002759
0.001038
-0.000913
-0.001638
-0.000289
0.001026
0.001746
0.002417
0.002985
0.002696
0.001255
0.001139
0.000650
0.001842
0.002118
0.003542
0.002217
0.001315
-0.001617
-0.001145
-0.002456
-0.001462
-0.001911
0.000081
0.000262
-0.002090
-0.004945
-0.008714
-0.006034
-0.008021
-0.021253
-0.070270
-0.050195
-0.122332
-0.193529
-0.100547
-0.070187
-0.055409
0.041367
0.179342
0.187522
0.024423
-0.074700
-0.031298
-0.033980
-0.065846
0.041782
0.212876
0.200062
0.007715
-0.116010
-0.072494
0.048127
0.150512
0.229152
0.221801
0.099875
-0.001610
0.022483
0.128449
0.211352
0.216898
0.092889
-0.090454
-0.284320
-0.391735
-0.298030
-0.056107
0.143270
0.145437
0.053531
0.027151
0.099336
0.102003
0.020536
-0.020613
0.013781
0.065672
0.019040
-0.127232
-0.241718
-0.216358
-0.049858
0.118011
0.121733
0.004478
-0.112510
-0.108490
-0.016453
0.064052
0.076465
0.059147
0.011185
-0.060669
-0.146924
-0.157008
-0.050847
0.067268
0.073173
-0.055427
-0.146873
-0.156228
0.022503
-0.008433
-0.082428
-0.148178
-0.251269
-0.154461
-0.043021
0.095004
0.106024
0.037255
0.037608
0.079995
0.032317
-0.016380
0.007096
0.090060
0.093315
-0.036814
-0.191225
-0.213225
-0.074323
0.131815
0.236634
0.147100
-0.012049
-0.106509
-0.050920
0.063125
0.145768
0.159530
0.139418
0.089160
0.036134
0.017169
0.070973
0.167442
0.170620
0.065956
-0.047517
-0.059364
0.083167
0.210575
0.236432
0.118165
-0.026864
-0.036792
-0.008719
-0.009304
-0.094423
-0.187335
-0.187904
-0.092652
0.002850
0.042492
0.022277
0.034113
0.098295
0.095666
0.001310
-0.096691
-0.090194
0.012196
0.071188
0.009004
-0.110593
-0.184589
-0.132798
-0.036962
0.005638
-0.029090
-0.087530
-0.120401
-0.107964
-0.072450
-0.029891
0.008225
0.010861
-0.027164
-0.105721
-0.164468
-0.136088
-0.034884
0.052712
0.030844
-0.066610
-0.107214
-0.059309
0.013641
0.028392
-0.020380
-0.059397
-0.041410
-0.005273
-0.001453
-0.031089
-0.037128
0.023063
0.094069
0.087163
0.006238
-0.047707
-0.006881
0.079162
0.104825
0.038943
-0.044287
-0.053090
0.004585
0.058447
0.055563
0.012506
0.001161
0.045811
0.081877
0.069916
0.010607
-0.023779
0.002912
0.050540
0.083539
0.055500
0.015616
-0.013399
0.011626
0.046629
0.053799
0.051298
0.030907
0.028721
0.042352
0.070883
0.096977
0.086730
0.056565
0.061210
0.078555
0.061303
0.024132
-0.010921
-0.019293
0.040269
0.089968
0.135020
0.133297
0.101061
0.101428
0.084098
0.029284
-0.089076
-0.200032
-0.247045
-0.232906
-0.214639
-0.144783
-0.012064
0.076857
0.072947
0.004947
-0.027002
-0.011398
-0.007651
0.011229
0.021456
-0.026075
-0.123843
-0.190815
-0.171276
-0.095801
-0.032726
-0.015504
-0.030102
-0.086582
-0.118090
-0.075925
0.029830
0.101405
0.073999
-0.010033
-0.078933
-0.088404
-0.052338
-0.034091
-0.027516
-0.062155
-0.147550
-0.174539
-0.135420
-0.030413
0.063234
0.094725
0.067650
-0.015550
-0.094694
-0.091604
-0.039106
-0.011673
0.008193
0.043099
0.112969
0.136413
0.070243
-0.003344
-0.035816
-0.011147
0.038883
0.041591
-0.012751
-0.066527
-0.049848
0.024393
0.094180
0.109520
0.074034
0.033120
0.009956
0.017619
0.036925
0.057574
0.074112
0.062406
0.026885
-0.012737
-0.009399
0.040692
0.068155
0.056437
0.022824
-0.007290
-0.013393
0.007740
0.050387
0.094129
0.122045
0.119237
0.084830
0.030067
-0.019903
-0.035840
-0.016076
0.002538
0.011384
0.030334
0.059494
0.085518
0.091469
0.052096
-0.013366
-0.061438
-0.052413
0.003975
0.044705
0.059592
0.050032
0.029565
0.012698
0.003641
-0.016396
-0.061232
-0.098952
-0.090806
-0.026931
0.061669
0.107201
0.096232
0.042260
-0.029948
-0.069860
-0.061792
-0.043051
-0.032269
-0.030314
-0.014677
0.029675
0.065633
0.062731
0.006445
-0.044551
-0.041792
-0.034427
-0.059796
-0.079464
-0.063535
-0.014413
0.009304
