-0.001808
-0.000177
0.001987
0.003608
0.005419
0.005989
0.005442
0.003213
0.002251
0.000931
-0.000413
-0.001707
-0.002094
-0.002531
-0.004869
-0.005918
-0.007116
-0.006534
-0.008930
-0.007329
-0.007102
-0.002295
-0.002762
0.001564
0.001252
0.005057
0.000471
0.000459
-0.002070
-0.000621
-0.003376
-0.000916
-0.001134
-0.009760
-0.004164
-0.021368
-0.032288
-0.130938
-0.086058
-0.159701
-0.351048
-0.177353
-0.012370
-0.078154
0.057646
0.385472
0.425863
0.070752
-0.192259
0.018929
0.153200
-0.085409
-0.059335
0.439452
0.642808
0.311024
-0.004947
0.065891
0.267820
0.127873
-0.285387
-0.627883
-0.713764
-0.454407
-0.079999
0.153970
0.213109
0.192895
0.209931
0.152941
-0.038760
-0.069238
0.255997
0.610059
0.436743
-0.265810
-0.720112
-0.436491
0.191244
0.351890
-0.097382
-0.492720
-0.368497
0.032285
0.213991
0.062989
-0.064704
0.118717
0.423690
0.382898
-0.083887
-0.465562
-0.298778
0.204285
0.362218
-0.082099
-0.578243
-0.455417
0.169890
0.577595
0.327916
-0.174799
-0.317180
0.011006
0.271127
0.152389
-0.189131
-0.311836
-0.163622
0.038323
0.060557
-0.260743
-0.339565
-0.090029
-0.052197
-0.093929
-0.001801
0.010873
0.094249
0.192086
0.293718
0.270462
0.011218
-0.107691
0.040196
0.023184
-0.231372
-0.321918
-0.135871
0.013791
-0.041599
-0.138045
-0.080128
0.100278
0.207900
0.233547
0.071082
-0.137920
-0.063559
0.322741
0.652386
0.603752
0.291706
0.226431
0.312172
0.204451
-0.067093
-0.294848
-0.335304
-0.356610
-0.452283
-0.499042
-0.290458
0.095910
0.397711
0.366929
0.023711
-0.279026
-0.170259
0.278036
0.639440
0.517652
0.026262
-0.390368
-0.486825
-0.286942
-0.034207
0.106497
0.074825
-0.118878
-0.376595
-0.393504
-0.109949
0.342031
0.536400
0.332389
-0.102082
-0.338913
-0.234677
0.052239
0.169545
-0.212288
-0.424361
-0.527659
-0.355796
-0.002549
0.181800
0.194944
0.144073
0.195260
0.145929
-0.103740
-0.389268
-0.312927
0.046489
0.298793
0.303369
0.194199
0.008129
-0.126941
-0.146834
-0.112165
-0.080872
-0.068790
-0.038578
0.008366
-0.020725
-0.012439
0.057718
0.111389
0.099623
-0.000031
-0.038117
-0.007005
0.011455
0.043955
0.141144
0.253893
0.245551
0.113598
0.033420
0.071693
0.203662
0.223557
0.035456
-0.177823
-0.113817
0.308430
0.678963
0.641402
0.239804
-0.114357
-0.188285
-0.095779
-0.062166
-0.262788
-0.516653
-0.455955
-0.109102
0.138346
0.099419
-0.044913
-0.025870
0.117276
0.190415
0.189809
0.178507
0.138241
0.012555
-0.171627
-0.298861
-0.280277
-0.170519
-0.034995
0.067616
-0.004508
-0.143054
-0.178007
-0.073757
-0.022810
-0.098308
-0.221686
-0.136145
-0.103429
-0.165133
-0.162311
-0.220211
-0.247316
-0.218704
0.104180
0.474636
0.508638
0.129721
-0.260455
-0.381412
-0.256022
-0.010891
0.236982
0.308438
0.053902
-0.334202
-0.518017
-0.321325
0.081676
0.404081
0.403672
0.124522
-0.224118
-0.309627
-0.052943
0.292056
0.386198
0.167609
-0.140640
-0.270397
-0.147591
0.092257
0.286154
0.257563
0.032235
-0.186349
-0.199931
0.026417
0.256708
0.269532
0.099206
-0.102924
-0.094639
0.020633
0.088352
0.112213
0.060298
0.038490
0.069215
0.106568
0.088183
-0.014351
-0.040654
0.066556
0.155482
0.126650
0.049955
-0.002333
0.004769
0.028341
0.003818
-0.018691
-0.036122
0.013774
0.098189
0.105007
0.077976
0.087518
0.161023
0.234434
0.196657
0.073400
-0.038866
-0.092415
-0.082099
0.001845
0.007463
-0.077664
-0.239350
-0.325069
-0.266930
-0.153939
0.020945
0.120205
0.078355
-0.115702
-0.238154
-0.149355
0.082117
0.160616
0.067192
-0.079603
-0.184287
-0.197576
-0.169728
-0.101885
-0.035126
-0.009874
-0.047454
-0.123524
-0.187716
-0.073374
0.134934
0.322221
0.124821
-0.204890
-0.318467
-0.296132
-0.131965
0.012570
0.144325
0.113490
-0.053292
-0.198415
-0.191185
-0.165001
-0.159074
-0.025051
0.148587
0.245768
0.088816
-0.117411
-0.107649
0.014356
0.096827
0.096658
0.018434
-0.006326
0.047791
0.070982
0.083083
0.026629
-0.008940
0.046874
0.063513
-0.024776
-0.130189
-0.107460
0.099268
0.260659
0.161246
-0.014877
-0.049850
0.113704
0.235071
0.122446
-0.093868
-0.207929
-0.118943
0.097918
0.218868
0.125668
-0.038925
-0.076038
0.063421
0.177224
0.117972
-0.055297
-0.138763
-0.036425
0.113620
0.183992
0.150901
0.086693
0.046472
0.000367
-0.038988
-0.044581
-0.015578
0.034801
0.075127
0.068005
0.014423
-0.037906
-0.014677
0.077531
0.096360
0.033998
-0.044211
-0.064986
-0.027216
-0.003090
0.000137
0.002723
-0.011161
-0.030652
0.018336
0.075583
0.043590
-0.057918
-0.143665
-0.124757
-0.055553
0.025066
0.141070
0.188989
0.110760
-0.061945
-0.184831
-0.167302
-0.076611
-0.012515
0.002400
0.012606
0.038328
0.039763
0.007573
-0.027278
-0.067944
-0.082155
-0.035256
0.023773
0.044342
0.050954
0.018195
-0.066126
-0.111718
-0.101731
-0.023270
0.067018
0.055859
0.023430
-0.045186
-0.099078
-0.107919
-0.113691
-0.075519
-0.006995
0.036496
0.017432
-0.033232
-0.033971
0.023188
0.049465
0.013853
-0.092112
-0.166291
-0.098794
0.025556
0.078161
0.078627
0.050197
0.017229
-0.027496
-0.071367
-0.048506
0.011732
0.057445
0.037627
-0.043332
-0.109975
-0.081931
0.004920
0.060397
0.054158
0.047047
0.088332
0.108751
0.072034
-0.022423
-0.144419
-0.166554
-0.046614
0.101927
0.180691
0.166444
0.107702
0.009178
-0.110222
-0.168394
-0.144117
-0.042980
0.049981
0.086172
0.094891
0.107223
0.093236
0.047746
-0.000340
-0.058769
-0.058926
-0.041467
-0.020054
0.024998
0.034293
0.050512
0.084637
0.075307
0.041699
0.007307
-0.006025
-0.020155
-0.085642
-0.127975
-0.085937
0.047038
0.140486
0.119999
0.041666
-0.042149
-0.083473
-0.086367
-0.036713
0.041009
0.080139
0.042633
-0.006400
-0.020186
-0.009481
0.011144
0.031305
0.014374
-0.048767
-0.085218
-0.066760
-0.009470
0.025163
0.014783
0.009057
0.002824
-0.022273
-0.033008
-0.017425
0.011907
0.033229
