0.004141
0.002005
0.001583
0.003840
0.006504
0.006664
0.002679
-0.003086
-0.008228
-0.008800
-0.004835
0.001568
0.003915
0.002849
-0.002791
-0.003976
-0.004951
-0.002185
-0.003788
-0.002275
-0.001680
0.003328
0.007420
0.009755
0.007829
0.003464
0.000265
-0.007306
-0.002617
-0.002350
0.003058
-0.012717
-0.008949
-0.027930
-0.004640
-0.017357
-0.022260
-0.124346
-0.138764
-0.139806
-0.383065
-0.278857
-0.051199
-0.013571
0.108437
0.471863
0.675033
0.424003
-0.021341
-0.045954
0.126501
0.028613
-0.001371
0.312145
0.577488
0.271646
-0.407630
-0.684561
-0.378090
-0.149516
-0.113429
-0.164453
-0.241064
-0.212328
-0.011856
0.296106
0.513136
0.426889
0.266138
0.190314
-0.043650
-0.360833
-0.386673
0.025126
0.372028
0.087184
-0.464382
-0.555348
-0.084293
0.377632
0.287412
-0.091049
-0.239422
-0.029318
0.215724
0.179714
-0.088947
-0.194058
0.045265
0.325005
0.181234
-0.310453
-0.550045
-0.183176
0.376443
0.440057
-0.049528
-0.429014
-0.201074
0.299660
0.450725
0.065349
-0.339937
-0.349458
0.002559
0.194923
0.078010
-0.217154
-0.216948
0.007921
0.245081
0.065547
-0.176115
-0.280741
-0.426984
-0.070535
-0.079243
-0.152736
-0.107273
0.162505
0.459211
0.323576
-0.020599
-0.171411
-0.069977
-0.002229
0.047192
0.178124
0.278919
0.144454
-0.107501
-0.239062
0.024623
0.394854
0.693015
0.583306
0.097565
-0.329776
-0.396672
-0.176302
-0.016258
-0.113779
-0.268058
-0.309094
-0.250724
-0.110102
0.038604
0.233040
0.354500
0.249875
0.050673
-0.042736
0.115001
0.307931
0.161364
-0.196293
-0.471001
-0.341833
-0.006020
0.139016
-0.050698
-0.323415
-0.281140
0.071180
0.360833
0.311916
0.032741
-0.110740
0.011965
0.157240
0.099643
-0.117563
-0.233565
-0.151860
-0.011701
-0.009280
-0.083773
-0.091403
0.066047
0.163891
0.150339
-0.017110
-0.115842
-0.181759
-0.007104
-0.115055
-0.521485
-0.341396
-0.278657
-0.063614
0.278904
0.493776
0.447685
0.046210
-0.224436
-0.200868
-0.170128
-0.242298
-0.087911
0.256573
0.381175
0.129943
-0.238125
-0.349090
-0.056977
0.298639
0.562418
0.480262
0.089721
-0.117204
-0.050710
0.267029
0.543311
0.504329
0.302386
-0.118459
-0.575084
-0.748346
-0.585642
-0.196012
0.115534
0.190155
0.152345
0.134006
0.181355
0.198834
0.090348
-0.010997
-0.015579
0.113632
0.175294
0.008014
-0.288017
-0.416508
-0.195622
0.113417
0.182254
-0.022915
-0.221311
-0.156666
0.065532
0.161093
0.076032
-0.014516
0.054324
0.161969
0.095560
-0.149028
-0.304067
-0.166699
0.112441
0.194564
-0.045492
-0.394089
-0.320723
-0.110134
-0.102045
-0.061263
-0.190058
-0.276539
-0.014912
0.455183
0.593831
0.147033
-0.335761
-0.298142
-0.019092
0.030627
-0.050068
0.082151
0.216777
0.018785
-0.335021
-0.440762
-0.085573
0.326612
0.453729
0.192705
-0.134564
-0.211341
0.031719
0.369643
0.477673
0.352547
0.205141
0.202974
0.169377
0.104401
0.140090
0.226223
0.117900
-0.337140
-0.725648
-0.622315
-0.103028
0.308789
0.203385
-0.144140
-0.270929
0.040054
0.445990
0.480855
0.156216
-0.104238
0.010868
0.299953
0.276756
-0.148542
-0.560993
-0.552936
-0.165525
0.130098
0.071898
-0.164327
-0.228457
-0.072993
0.100433
0.091698
0.030681
0.011108
0.044207
-0.036715
-0.255555
-0.287945
-0.149535
0.092963
0.220247
0.135741
-0.091705
-0.271565
-0.229660
-0.054192
0.003944
-0.060551
-0.048483
0.089727
0.172902
0.047692
-0.110904
-0.154477
-0.033804
0.079938
0.088322
0.029927
-0.045284
-0.046107
0.053448
0.118454
0.045826
-0.033964
-0.013063
0.103271
0.143314
0.101904
0.043028
0.038467
0.094949
0.199113
0.255611
0.141507
0.048424
0.030925
0.159202
0.295990
0.275625
0.066678
-0.205939
-0.265700
-0.075926
0.134095
0.103047
-0.109673
-0.239033
-0.150107
0.022109
0.094207
0.088547
0.075196
0.063481
0.013961
-0.037559
-0.020311
0.001598
0.019478
0.009847
0.023027
-0.014111
-0.121601
-0.170137
-0.073178
0.100789
0.120161
-0.068211
-0.290617
-0.360765
-0.231204
-0.001381
0.122237
0.019785
-0.198530
-0.267668
-0.087709
0.144485
0.138957
-0.066466
-0.207249
-0.114284
0.091558
0.160205
0.011796
-0.180084
-0.201516
-0.055999
0.078500
0.024313
-0.159921
-0.250531
-0.097676
0.145733
0.221744
0.064150
-0.088534
-0.060250
0.080588
0.137553
0.047976
-0.013001
0.041184
0.167375
0.196858
0.115438
-0.005055
-0.072546
-0.034959
0.034170
0.041323
-0.032909
-0.077323
-0.020831
0.076716
0.097041
0.041975
0.003773
0.044891
0.091543
0.105423
0.065904
0.038555
0.063835
0.175700
0.253398
0.193929
0.090876
-0.057214
-0.103988
-0.116232
-0.051496
0.086347
0.174061
0.205044
0.204977
0.180363
0.036471
-0.093272
-0.143168
-0.205398
-0.254425
-0.224315
-0.129564
-0.054341
-0.029930
0.013362
0.076312
0.059303
-0.068866
-0.145828
-0.077430
0.060530
0.095242
-0.008211
-0.076391
-0.098372
-0.071428
-0.081520
-0.113214
-0.066565
-0.018867
0.002414
-0.112926
-0.176456
-0.240422
-0.054416
0.059882
-0.103241
-0.197072
-0.357138
-0.177362
0.205831
0.482121
0.351280
-0.097447
-0.351637
-0.277825
-0.119054
-0.084677
-0.041854
0.172119
0.345327
0.173455
-0.198807
-0.359371
-0.158650
0.148618
0.235968
0.051879
-0.073178
-0.068122
0.050593
0.191013
0.208846
0.133170
0.058438
0.002440
-0.053637
-0.087460
-0.046516
0.106800
0.127785
-0.029036
-0.066309
0.072386
0.263072
0.208771
-0.080599
-0.194078
-0.065318
0.174158
0.214773
0.028302
-0.151733
-0.102718
0.144564
0.302650
0.163692
-0.133468
-0.220559
-0.028673
0.169269
0.116122
-0.050502
-0.068610
0.079417
0.191288
0.126985
-0.050831
-0.139302
-0.099829
0.001388
0.003027
-0.091558
-0.093581
0.045977
0.208481
0.194799
-0.026890
-0.191853
-0.118940
0.069227
0.201607
0.090691
-0.127087
-0.194223
-0.087631
0.033239
0.051824
-0.070916
-0.134239
-0.076936
-0.016712
0.036500
0.043857
0.009705
-0.065864
-0.078512
-0.061323
-0.013259
-0.031878
-0.068070
-0.036661
0.017770
0.052585
0.017559
-0.074634
-0.101524
-0.042019
0.010642
0.030002
-0.029697
-0.065372
-0.005062
0.076367
0.072242
-0.046859
-0.162845
-0.104244
0.035039
0.071074
-0.020006
-0.075379
-0.078274
-0.018425
0.051208
0.075228
0.027187
-0.077752
-0.109311
-0.065055
-0.020067
-0.011687
0.027855
0.085678
0.100522
0.059808
0.016175
-0.013410
-0.016952
-0.016789
-0.001975
0.006393
-0.022578
-0.031254
-0.004791
0.019700
0.064701
0.075330
0.029303
-0.023180
-0.037398
0.029018
0.074877
0.026354
-0.073607
-0.091062
0.005924
0.157376
0.205259
0.076823
-0.081231
-0.106990
-0.006830
0.076846
0.038634
-0.069848
-0.137619
-0.074985
0.080636
0.176947
0.154211
0.034464
-0.044295
-0.037745
0.006943
0.034686
0.023986
-0.007105
-0.020024
0.026613
0.066571
0.046711
-0.007434
-0.037086
-0.003901
0.040015
0.034172
-0.014283
-0.061052
-0.012600
0.074394
0.060197
-0.020546
-0.066040
-0.020208
0.068165
0.097021
0.047642
-0.032642
-0.108597
-0.106789
-0.018981
0.057763
0.077784
0.047308
0.012671
0.013892
0.006406
-0.050131
-0.111036
-0.129105
-0.070530
0.044337
0.064918
0.004572
-0.047560
-0.032681
0.068942
0.133660
0.060942
-0.065276
-0.159836
-0.162440
-0.050707
0.053580
0.117473
0.138810
0.107021
0.012683
-0.099307
-0.163406
-0.101183
0.022177
0.089737
0.049816
-0.006542
-0.004644
0.005786
-0.005984
-0.049057
-0.057578
-0.021934
0.030994
0.034050
0.008480
-0.035862
-0.031092
0.019428
0.022372
-0.014997
-0.037487
-0.008654
0.038074
0.051102
0.003777
-0.029015
-0.000118
0.058678
