0.001451
0.002020
0.002564
0.002071
0.000597
0.000558
0.000482
-0.001048
-0.001633
-0.002601
-0.002014
-0.003050
-0.001864
-0.002790
-0.000542
-0.002972
-0.000854
-0.004009
-0.002025
-0.004513
-0.001424
-0.002900
-0.000227
-0.000878
-0.000597
0.000871
-0.003293
0.000203
-0.008827
0.000276
-0.011072
0.003236
-0.021032
-0.004636
-0.029427
-0.017264
-0.122744
-0.091516
-0.113719
-0.307292
-0.187538
-0.065090
-0.003758
-0.011804
0.244792
0.396295
0.142369
-0.197043
-0.146924
0.137143
0.100321
0.012722
0.323136
0.636587
0.488779
0.043847
-0.086888
0.206004
0.285775
-0.056141
-0.561384
-0.756008
-0.539400
-0.148298
0.133524
0.230579
0.160205
0.092739
0.092326
0.062903
0.021253
0.137388
0.439751
0.523250
0.025351
-0.604767
-0.621029
-0.018805
0.388450
0.089593
-0.418532
-0.496613
-0.085945
0.236872
0.184219
-0.029950
-0.004181
0.280755
0.418623
0.140625
-0.322217
-0.417795
-0.026922
0.355337
0.156114
-0.393895
-0.587729
-0.068081
0.523436
0.485790
-0.091367
-0.442173
-0.188182
0.110020
0.046619
-0.398919
-0.663805
-0.344646
0.147494
0.398187
0.314469
0.079481
0.048167
0.201669
0.189232
-0.070001
-0.295750
-0.261751
0.010003
0.183137
0.002399
-0.286624
-0.275500
0.054613
0.438301
0.538101
0.388170
0.231990
0.190227
0.302578
0.401237
0.376707
0.173953
-0.153168
-0.493814
-0.689243
-0.655662
-0.406665
-0.074386
0.200396
0.298461
0.194103
0.025802
-0.016047
0.174412
0.451636
0.579990
0.389129
-0.065345
-0.514091
-0.589242
-0.327770
0.006177
0.084035
-0.064289
-0.240986
-0.257502
-0.107522
0.107594
0.301691
0.360156
0.266509
0.019484
-0.145208
-0.224152
-0.047766
-0.063624
-0.103158
-0.298100
-0.450450
-0.324703
-0.145972
0.119964
0.152910
0.168267
0.090969
0.056551
-0.119859
-0.284463
-0.239835
0.009839
0.257235
0.321662
0.187059
0.063465
-0.053180
-0.149044
-0.201325
-0.257738
-0.164574
0.033473
0.213455
0.144744
-0.039211
-0.166748
-0.111056
0.045442
0.207634
0.293018
0.296769
0.253873
0.202313
0.169961
0.207720
0.305923
0.435344
0.422271
0.359364
0.160483
-0.225807
-0.494550
-0.549514
-0.379723
-0.245902
-0.225078
-0.195997
-0.011965
0.252960
0.490222
0.462940
0.097594
-0.268994
-0.244984
0.185810
0.542114
0.407783
-0.189030
-0.614587
-0.580618
-0.144777
0.205866
0.160552
-0.071019
-0.237361
-0.234331
-0.185072
-0.099430
-0.157088
-0.003644
-0.037516
-0.184744
-0.244409
-0.380489
-0.232092
0.086849
0.486520
0.579550
0.283208
-0.156098
-0.384191
-0.350307
-0.210751
0.010484
0.231364
0.260105
0.022774
-0.390789
-0.605210
-0.368036
0.157534
0.565666
0.530983
0.115025
-0.353330
-0.398017
-0.051908
0.356942
0.408162
0.116330
-0.138053
-0.201903
-0.045051
0.147623
0.288728
0.251874
0.040793
-0.157647
-0.183232
-0.011452
0.166149
0.202743
0.090541
-0.008240
-0.045509
-0.002167
0.057910
0.081197
0.111132
0.143811
0.184527
0.167268
0.063740
0.021337
0.110077
0.198170
0.215534
0.116273
0.048206
0.088018
0.177012
0.316992
0.269220
0.036102
-0.284033
-0.492849
-0.451508
-0.269939
-0.081046
-0.016358
-0.020864
-0.125383
-0.234232
-0.183367
-0.006990
0.175669
0.238702
0.184815
0.114813
-0.020053
-0.198167
-0.307438
-0.248231
-0.044865
0.073290
-0.041179
-0.295024
-0.418479
-0.213017
0.160840
0.365970
0.268299
-0.043655
-0.313617
-0.383611
-0.285034
-0.135482
-0.081393
-0.086579
-0.126574
-0.186091
-0.099744
0.079377
0.275172
0.313566
0.085083
-0.208893
-0.343102
-0.213243
0.049751
0.234308
0.278667
0.217736
0.116840
0.036500
-0.066728
-0.189408
-0.191776
-0.017428
0.151780
0.184421
0.061669
-0.004129
0.066547
0.134823
0.145623
0.017238
-0.127881
-0.139938
-0.035098
0.090278
0.137963
0.115027
0.096718
0.095078
0.087232
0.042569
-0.024323
-0.051872
-0.062200
-0.075743
-0.026594
0.080977
0.188390
0.248623
0.195532
0.070419
-0.021471
-0.022794
0.013629
0.019599
-0.009663
-0.022194
0.055415
0.145672
0.175248
0.108588
-0.017287
-0.129267
-0.192878
-0.177483
-0.092935
0.041070
0.162512
0.228856
0.203985
0.076937
-0.115656
-0.194295
-0.143288
-0.050489
0.024093
0.075288
0.113831
0.036748
-0.058833
-0.092215
-0.047303
0.016194
-0.044334
-0.128095
-0.096052
-0.009898
0.071053
0.122888
0.086650
-0.032692
-0.106266
-0.077122
-0.009096
-0.028357
-0.108627
-0.078680
0.025707
0.058895
0.010949
-0.019555
0.025238
0.045195
-0.038033
-0.113548
-0.120555
-0.019479
0.065215
0.022363
-0.053433
-0.118193
-0.065527
0.058933
0.083441
0.009394
-0.116933
-0.124337
-0.052951
-0.025574
-0.007509
-0.009195
0.010599
0.001823
-0.006179
-0.026897
-0.063115
-0.064869
-0.036276
0.042896
0.102917
0.096075
0.015802
-0.097074
-0.117989
-0.073991
-0.026364
-0.003308
0.012199
0.027714
-0.000910
-0.005337
-0.001410
0.017095
0.044876
0.045642
0.008420
-0.046325
-0.036674
0.023429
0.067939
0.055248
0.005019
-0.025221
0.006179
0.076818
0.068088
-0.017651
-0.093172
-0.076319
0.017545
0.074942
0.094408
0.065352
0.018891
-0.000737
0.010241
0.020009
0.018523
0.024178
0.051716
0.103916
0.087693
0.003598
-0.066344
-0.089428
-0.050267
0.002502
0.032965
0.051316
0.047867
0.037422
0.001033
-0.055255
-0.092961
-0.051646
0.066519
0.139454
0.106521
0.009361
-0.080627
-0.099409
-0.019626
0.063556
0.063934
0.006593
-0.037942
-0.011234
0.034018
0.032315
-0.022502
-0.078470
-0.090242
-0.013437
0.074615
0.073168
0.010214
-0.049992
-0.041056
-0.001768
0.044879
0.046164
0.020375
0.000433
-0.023983
