0.003301
0.004791
0.001723
-0.000640
0.001259
0.005252
0.008643
0.008489
0.006866
0.004668
0.000794
-0.005569
-0.009802
-0.009993
-0.004929
-0.002674
0.000600
0.000228
0.000160
-0.001997
0.001494
0.000349
-0.003610
-0.006231
-0.003814
-0.000318
-0.007247
-0.009031
-0.014026
-0.003134
-0.011318
-0.005753
-0.018627
0.003131
-0.005262
0.007372
-0.015565
-0.001149
-0.006910
0.016159
-0.016268
-0.029751
-0.034923
-0.034499
-0.095925
-0.259855
-0.079237
-0.362025
-0.362559
-0.139053
0.004040
-0.048871
0.074310
0.440316
0.287828
-0.112684
-0.134771
0.368240
0.523683
0.402082
0.449614
0.747957
0.595868
0.036655
-0.434153
-0.361132
-0.128853
-0.176388
-0.528597
-0.706960
-0.417138
0.072671
0.371665
0.280842
0.150498
0.165728
0.277126
0.200290
0.011358
-0.000824
0.200669
0.231473
-0.161067
-0.614218
-0.543827
-0.034386
0.304218
0.050533
-0.414243
-0.436406
0.113116
0.546889
0.478362
-0.006224
-0.255977
0.034810
0.376798
0.231403
-0.360769
-0.643886
-0.359825
0.164733
0.234226
-0.125969
-0.307489
0.015639
0.456495
0.473077
0.007179
-0.323771
-0.149169
0.196271
0.182067
-0.219876
-0.483243
-0.304065
0.078652
0.198636
-0.010720
-0.243785
-0.226674
-0.169941
-0.048394
0.087817
0.122329
0.152097
0.166274
0.047771
0.055449
0.102574
0.136443
0.136699
-0.135382
-0.188804
-0.057275
0.021836
-0.310318
-0.544861
-0.275177
-0.198469
-0.215019
0.078526
0.223624
0.060888
0.137952
0.494254
0.748878
0.435564
-0.168658
-0.275194
-0.081146
0.045148
0.140101
0.166100
0.335190
0.462405
0.334504
-0.006549
-0.297383
-0.241836
0.069844
0.242195
0.162444
0.250074
0.523510
0.604014
0.190391
-0.544890
-0.828068
-0.533850
-0.119025
0.024691
-0.198116
-0.306277
-0.041840
0.341173
0.494631
0.273032
-0.066462
-0.119409
0.030143
0.168059
0.123790
-0.145656
-0.279376
-0.290435
-0.293722
-0.218430
-0.133789
-0.011523
-0.035277
-0.130706
-0.286953
-0.151384
0.137743
0.372441
0.378314
-0.005692
-0.253548
-0.290357
0.020953
0.106858
-0.155761
-0.477507
-0.487475
-0.071112
0.297751
0.327967
0.230656
0.138170
-0.028858
-0.237267
-0.413614
-0.383979
-0.134125
-0.004980
0.048976
0.077302
0.021320
0.148358
0.245681
0.202323
0.100880
0.100545
-0.027852
-0.114162
-0.224544
-0.129616
0.049518
0.014290
-0.093621
-0.112712
0.110826
0.319511
0.369686
0.049206
-0.285348
-0.352733
-0.021166
0.359659
0.378571
-0.037515
-0.310292
-0.128120
0.367558
0.659356
0.406100
-0.049382
-0.395851
-0.279677
0.104602
0.472281
0.491292
0.301219
0.044163
-0.190610
-0.218711
0.057596
0.352035
0.231256
0.113648
0.063849
0.082493
0.108991
-0.148802
-0.417466
-0.409502
-0.132939
0.011451
-0.074180
-0.122987
0.018334
0.203506
0.141103
-0.049651
-0.208115
-0.110915
0.161673
0.233273
-0.043240
-0.454711
-0.612655
-0.404519
-0.051068
0.098918
0.038608
-0.046562
-0.019156
0.086091
0.116368
-0.043979
-0.286764
-0.322567
-0.082320
0.148129
0.138561
-0.041452
-0.226650
-0.243511
-0.145811
-0.076854
0.011864
0.122068
0.212564
0.139451
-0.125859
-0.346585
-0.251296
0.029851
0.234785
0.142934
-0.128104
-0.187385
0.006119
0.220378
0.161221
0.018720
-0.063538
-0.026680
0.004809
-0.007014
-0.010912
0.003552
0.077480
0.062961
-0.014703
-0.076977
-0.002323
0.171352
0.213953
0.068748
-0.060841
-0.023841
0.150726
0.215928
0.095032
-0.072275
-0.128812
-0.052310
0.061980
0.113310
0.094998
0.038249
0.019627
0.067178
0.079360
0.072936
0.077816
0.139508
0.144875
0.070932
-0.035052
-0.089009
-0.015642
0.084450
0.124285
0.121757
0.093312
0.056382
0.046830
0.060589
0.025805
-0.056165
-0.079092
-0.005495
0.073258
0.083362
0.033035
-0.008810
-0.034196
0.029738
0.111433
0.096078
0.017607
-0.037478
0.051685
0.126455
0.142168
0.022535
-0.095818
-0.149079
-0.097936
0.006121
0.017835
-0.074525
-0.216806
-0.273924
-0.284952
-0.217249
-0.082508
0.126551
0.259541
0.219969
0.017811
-0.144807
-0.182875
-0.069954
0.103854
0.143464
-0.067093
-0.358284
-0.565150
-0.448105
-0.099652
-0.066063
-0.064158
-0.083728
-0.171679
-0.115311
0.169820
0.489347
0.436051
-0.037886
-0.416817
-0.393400
-0.197146
0.108588
0.406979
0.332274
-0.025636
-0.398559
-0.411770
-0.034809
0.217977
0.195734
-0.038950
-0.179612
-0.058730
0.174504
0.194634
0.037263
-0.042229
-0.049390
0.018210
-0.019374
-0.106200
-0.042493
0.153986
0.285126
0.104126
-0.208324
-0.198345
0.168575
0.370169
0.132687
-0.238447
-0.252288
0.126521
0.454436
0.372853
-0.054590
-0.342188
-0.177829
0.229378
0.390684
0.129427
-0.183489
-0.201634
0.034339
0.256219
0.228952
0.073622
0.015892
0.060661
0.113801
0.116274
0.068736
-0.026212
-0.089736
-0.108697
-0.027826
0.070321
0.082398
0.044934
0.007180
0.010525
0.005381
0.016310
-0.010980
-0.040530
-0.020356
0.035787
0.079772
0.036876
-0.051679
-0.109285
-0.078454
-0.019451
0.002449
0.003662
0.010983
0.044141
0.048008
0.033273
-0.023056
-0.076140
-0.063265
-0.039958
0.000674
-0.012100
-0.023689
-0.031233
-0.075258
-0.099469
-0.061474
0.011163
0.003788
-0.057376
-0.083940
0.010898
0.113918
0.093386
-0.031434
-0.137272
-0.113393
-0.064515
-0.014205
-0.022969
-0.049586
-0.012096
0.026721
-0.014190
-0.052903
-0.086490
-0.112420
-0.068526
-0.012251
0.034811
0.047509
0.043272
0.028075
-0.011959
-0.083234
-0.089539
-0.047961
0.014118
0.022898
0.012728
0.031450
0.056763
0.010045
-0.147353
-0.177269
-0.049404
0.143775
0.218932
0.112587
-0.048449
-0.129891
-0.154452
-0.113512
-0.008619
0.081795
0.170298
0.157459
0.047522
-0.062304
-0.108805
-0.075737
0.043707
0.153459
0.119191
0.002315
-0.065776
-0.053093
0.043407
0.130459
0.084167
-0.054913
-0.127289
-0.087119
0.034652
0.119248
0.123872
0.095458
0.056607
0.005139
-0.063451
-0.085014
-0.056265
0.020682
0.090952
0.119041
0.062128
-0.032379
-0.054818
-0.029584
-0.017959
-0.011673
-0.012661
-0.006468
0.048814
0.107584
0.086284
0.014305
-0.059936
-0.073418
-0.020357
0.014231
0.022832
0.011365
0.008026
-0.031916
-0.096193
-0.103697
-0.055530
0.018759
0.088976
0.090473
0.009472
-0.064846
-0.059151
-0.000610
0.035837
0.024167
-0.011759
-0.043348
-0.036702
-0.041551
-0.070519
-0.083154
-0.084843
-0.065422
-0.012641
0.074876
0.113373
0.054820
-0.046063
-0.083281
-0.050773
0.015015
0.068284
0.044848
-0.019946
-0.062359
-0.046046
