0.000635
0.000598
0.000852
0.000866
0.000645
-0.000491
-0.000876
-0.001389
-0.000515
-0.000341
0.000467
0.000171
0.000289
-0.000481
-0.000020
-0.000375
0.000204
0.000211
-0.000033
-0.000733
-0.002706
-0.001398
-0.002335
0.000453
-0.002296
0.001006
-0.004401
-0.000952
-0.006388
0.000062
-0.005550
0.002711
-0.008923
-0.008879
-0.013774
-0.025284
-0.077850
-0.125127
-0.092226
-0.292129
-0.282407
-0.111869
-0.042378
0.101140
0.329246
0.511727
0.376455
0.011384
-0.212467
-0.137228
-0.061442
0.045202
0.316774
0.495851
0.376006
0.052414
-0.236282
-0.202210
0.101144
0.215009
0.037137
-0.358510
-0.732702
-0.682391
-0.233470
0.339980
0.651430
0.517680
0.196125
-0.090485
-0.262060
-0.200393
0.156031
0.554985
0.436995
-0.148384
-0.692138
-0.664328
-0.100333
0.328618
0.281904
-0.092455
-0.348363
-0.201675
0.101168
0.208493
0.128387
0.040248
0.188743
0.287126
0.076006
-0.321631
-0.436918
-0.107383
0.292910
0.245114
-0.168560
-0.430585
-0.278180
0.188771
0.233129
-0.149398
-0.475809
-0.357888
-0.134995
0.175542
0.375365
0.266001
0.100816
0.017419
0.101849
-0.027397
-0.352305
-0.385093
0.109087
0.536831
0.403607
-0.024774
-0.159867
0.079469
0.471251
0.638009
0.409605
-0.015789
-0.282696
-0.233572
-0.143478
-0.221637
-0.357171
-0.267649
-0.049024
0.035350
-0.001555
-0.010054
0.152040
0.304278
0.217653
-0.043204
-0.167567
-0.018266
0.217503
0.232212
-0.025614
-0.251711
-0.317447
-0.228615
-0.116830
-0.084063
-0.073213
0.000648
0.090933
0.096136
-0.034151
-0.097688
0.005432
0.140225
0.095015
-0.134472
-0.249534
-0.201554
-0.061229
0.009230
0.010363
0.000290
0.027910
0.069011
0.024468
-0.044053
-0.038999
0.089266
0.193580
0.133203
-0.065979
-0.161301
-0.062125
0.143836
0.243267
0.166883
0.093030
0.135627
0.264104
0.298826
0.214803
0.103098
0.074974
0.020319
-0.092901
-0.296324
-0.494859
-0.501804
-0.308635
0.002643
0.195920
0.203265
0.135072
0.116936
0.152606
0.204338
0.172171
0.060061
-0.029357
-0.048916
-0.049259
-0.106179
-0.247885
-0.312771
-0.212128
-0.022005
0.048240
-0.021419
-0.176339
-0.299072
-0.120451
0.080290
0.175350
0.151639
0.012289
-0.043301
-0.058806
-0.054443
-0.015702
-0.035715
-0.084090
-0.059031
0.084420
0.168085
0.089960
-0.145638
-0.310611
-0.161500
0.116670
0.252447
0.059200
-0.304383
-0.439732
-0.165744
0.242279
0.409801
0.283893
0.077661
-0.039022
-0.082255
-0.125603
-0.115609
0.020733
0.217246
0.284416
0.119063
-0.115525
-0.143650
0.042226
0.258890
0.293492
0.184371
0.096336
0.110685
0.208320
0.242946
0.232541
0.211469
0.118805
0.000111
-0.091320
-0.231880
-0.268678
-0.169798
-0.140325
-0.266736
-0.335329
-0.134832
0.243037
0.425525
0.291364
0.091208
-0.039774
-0.107152
-0.085453
-0.003055
0.062303
0.058328
-0.058870
-0.173720
-0.307860
-0.289290
-0.113764
0.059566
0.075363
-0.075595
-0.254476
-0.286764
-0.206832
-0.019718
0.122786
0.098722
0.032596
-0.272453
-0.248395
-0.021912
0.141418
0.144015
-0.088453
-0.179367
-0.100001
0.060841
0.160431
0.089682
-0.162018
-0.310064
-0.195588
0.050219
0.192718
0.177527
0.102124
0.109252
0.104108
0.049971
-0.031612
-0.071589
-0.003211
0.093397
0.152549
0.079601
-0.039203
-0.086431
-0.014857
0.056102
0.029519
-0.081696
-0.112114
0.014563
0.149581
0.214968
0.142831
0.071472
0.133872
0.171497
0.102864
-0.038282
-0.140325
-0.055906
0.101925
0.250888
0.255488
0.051271
-0.127256
-0.135048
0.016240
0.121840
0.072340
0.002076
-0.024895
-0.011629
0.068842
0.157005
0.134920
0.077989
0.030075
-0.077569
-0.204101
-0.213924
-0.030034
0.202856
0.253606
0.071010
-0.135256
-0.219115
-0.054135
0.214555
0.313697
0.169469
-0.022438
-0.084001
-0.159076
-0.223757
-0.240898
-0.255785
-0.197323
-0.132467
-0.083370
0.037578
0.091384
0.013703
-0.095190
-0.193238
-0.247886
-0.179406
-0.004021
0.215394
0.245367
0.003653
-0.254044
-0.271191
-0.061586
0.106479
0.114871
0.006665
-0.098237
-0.165830
-0.192871
-0.155593
-0.069019
0.132924
0.154320
0.009996
-0.143391
-0.236701
-0.023799
0.247583
0.316801
0.115688
-0.137195
-0.153221
0.028115
0.107910
0.045133
0.037488
0.095336
0.103902
0.010685
-0.104558
-0.074816
0.060967
0.132137
0.078015
-0.038582
-0.060160
0.042593
0.134895
0.074949
-0.050571
-0.085367
0.027565
0.146579
0.096471
-0.076347
-0.109435
0.041290
0.162841
0.123134
-0.002518
-0.053537
0.017199
0.101192
0.087600
0.011963
-0.080995
-0.069099
0.023503
0.081334
0.064040
-0.010843
-0.004799
0.038917
0.039552
0.022962
0.002554
0.004337
0.057626
0.113640
0.077634
-0.029740
-0.110232
-0.122349
-0.032272
0.084947
0.114672
0.018549
-0.111418
-0.125270
-0.035543
0.028888
0.032159
0.049916
0.011450
-0.043106
-0.053588
-0.013655
-0.006115
-0.022533
0.009807
0.069953
0.072049
-0.028303
-0.118510
-0.130589
-0.081606
-0.030487
0.025702
0.086609
0.128609
0.087285
-0.017478
-0.093476
-0.126220
-0.115504
-0.040854
0.009354
0.022364
0.019034
0.071557
0.130720
0.081961
-0.024286
-0.109217
-0.124527
-0.093227
-0.057696
-0.036161
0.016572
0.050096
0.099677
0.120440
0.034388
-0.108817
-0.195234
-0.127063
0.018423
0.112471
0.053857
-0.041201
-0.088108
-0.087157
0.005694
0.098873
0.108095
0.030977
-0.079838
-0.137599
-0.105368
-0.028132
0.045159
0.054576
0.026364
0.012693
0.028129
0.065186
0.040939
-0.032092
-0.102733
-0.110866
-0.021903
0.074438
0.074040
0.022811
-0.030174
-0.001790
0.078889
0.075054
-0.003191
-0.087905
-0.081288
-0.002511
0.049880
0.033554
0.025401
0.046201
0.072320
0.107087
0.058533
-0.082043
-0.169812
-0.123442
0.021085
0.137923
0.165432
0.128836
0.010468
-0.085578
-0.084551
-0.045106
0.002158
0.007577
0.009479
0.023110
0.017798
0.025886
0.045631
0.039110
-0.018298
-0.078004
-0.101442
-0.054748
0.043148
0.122115
0.142751
0.096380
-0.002568
-0.117165
-0.157244
-0.082018
0.039543
0.124903
0.092131
-0.012952
-0.078309
-0.065083
-0.007003
0.010828
-0.019180
-0.039634
-0.012516
0.025146
0.029451
0.021296
0.003734
-0.035597
-0.068013
-0.061458
-0.018928
0.023772
0.060339
0.060140
0.005578
-0.070831
-0.113122
-0.075439
-0.020209
0.000606
0.004515
0.014868
0.028308
0.023422
0.006817
-0.026815
-0.043579
-0.040714
-0.001616
0.048495
0.040937
-0.004819
-0.055335
-0.038946
0.012118
0.049428
0.059785
0.034622
-0.023013
-0.087921
-0.090219
-0.026068
0.054904
0.098609
0.090463
0.045161
-0.030285
-0.091802
-0.095705
-0.067032
0.011785
0.096709
0.107937
0.048282
-0.021278
-0.044796
-0.016356
0.011762
0.000842
-0.028813
-0.060941
-0.045766
0.039680
0.155053
0.191646
0.099736
-0.080344
-0.227556
-0.204082
-0.038073
0.144989
0.216036
0.125712
-0.027238
-0.122137
-0.113212
-0.045051
0.028914
0.071715
0.066975
0.015860
-0.035668
-0.026708
0.019548
0.037651
0.006481
-0.062647
-0.096668
-0.032884
0.065027
0.125880
0.098337
0.014095
-0.069015
-0.102577
-0.067795
0.009557
0.071212
0.084053
0.056576
0.000377
-0.034099
-0.027184
-0.006833
-0.038857
-0.080624
-0.058259
0.023112
0.091976
0.084546
0.037404
-0.031455
-0.090139
-0.090346
-0.036085
0.027578
0.075145
0.095116
0.068186
-0.011559
-0.078689
-0.061495
-0.009061
-0.001764
-0.050167
-0.072961
-0.011901
0.070416
0.104995
0.073213
-0.009672
-0.085854
-0.098510
-0.057202
0.008618
0.060809
0.068501
0.051031
0.018190
-0.016119
-0.043310
-0.076809
-0.094913
-0.062396
-0.006006
0.058349
0.098869
0.086870
0.042642
-0.014570
-0.051705
-0.065623
-0.042486
0.015045
0.056314
0.049329
0.006130
-0.024088
-0.010253
0.021863
0.012152
-0.051873
-0.117786
-0.102467
0.020808
0.133133
0.127786
0.010955
-0.109039
-0.132383
-0.057001
0.059328
0.127886
0.110508
0.018654
-0.059909
-0.077600
-0.043705
0.017467
0.055263
0.040887
-0.013175
-0.038354
-0.019241
0.017072
0.014197
-0.033281
-0.042129
0.006297
0.065629
0.073219
0.028319
-0.011688
-0.021519
-0.010068
-0.001494
-0.005102
