0.000664
0.000273
0.001044
0.000284
-0.000144
-0.001399
-0.000158
-0.001194
-0.000216
-0.001935
-0.000254
-0.001375
-0.000646
-0.002093
-0.003010
-0.003546
-0.005762
-0.002878
-0.005827
-0.001056
-0.005757
0.002500
-0.005764
0.002998
-0.009227
0.000912
-0.010561
0.005764
-0.017517
-0.001210
-0.017016
-0.025850
-0.092851
-0.140877
-0.102265
-0.380327
-0.219745
-0.089688
-0.060530
0.116733
0.255842
0.318552
0.153822
-0.133112
-0.316583
-0.138770
0.035093
0.257443
0.484412
0.594259
0.584071
0.256963
-0.069538
-0.013144
0.190890
0.173713
-0.178223
-0.574408
-0.717571
-0.497603
-0.126776
0.202130
0.360490
0.295696
0.099544
-0.088754
-0.128541
0.116476
0.446894
0.512763
0.165641
-0.376216
-0.554393
-0.268722
0.144701
0.219004
-0.103088
-0.395771
-0.358299
-0.105820
0.125246
0.177876
0.185055
0.173061
0.133946
0.084275
0.018687
-0.019302
-0.056361
-0.095702
-0.149520
-0.162944
-0.120677
-0.039186
0.015080
0.063061
-0.033947
-0.026625
0.037665
-0.070235
-0.147683
-0.242726
-0.107957
0.078960
0.034065
0.051542
0.132830
0.168364
0.202144
0.130334
0.025114
-0.192668
-0.343445
-0.225115
0.082996
0.270715
-0.089456
-0.260565
-0.407336
-0.332536
-0.174652
-0.073030
0.145208
0.091626
0.209433
0.228345
0.323527
0.187597
-0.030410
0.010776
0.047856
0.157510
0.130569
0.156912
0.258712
0.293789
0.355145
0.315023
0.308005
0.157488
-0.043980
-0.153716
-0.223751
-0.203617
-0.256069
-0.282848
-0.276541
-0.228448
-0.083283
0.166102
0.301642
0.111021
-0.209291
-0.186710
0.240517
0.658328
0.526020
-0.036473
-0.538399
-0.520748
-0.117541
0.190684
0.091029
-0.243054
-0.424800
-0.249077
0.040828
0.014446
-0.038076
-0.005993
0.244805
0.282249
0.120959
-0.445401
-0.744738
-0.384055
-0.085219
0.264641
0.222782
0.155241
0.148254
0.111098
0.000321
-0.158472
-0.286384
-0.321066
-0.021383
0.262917
0.269533
0.147098
-0.015277
-0.047378
0.034119
0.065130
0.076022
-0.038782
-0.181693
-0.206898
-0.097208
0.036926
0.131501
0.216230
0.187065
-0.051224
-0.380196
-0.542623
-0.288515
0.200682
0.522590
0.390400
0.072843
-0.080909
0.034454
0.249995
0.237524
0.034892
-0.155712
-0.168182
0.108267
0.332857
0.338143
0.166638
-0.056438
0.036042
0.121215
0.190919
0.205127
0.157896
0.082959
-0.007720
-0.022153
-0.075364
-0.061659
-0.089184
-0.106231
-0.111450
-0.132761
-0.031605
0.074231
0.049634
-0.040399
-0.072139
-0.055302
-0.080633
-0.178681
-0.261795
-0.197174
-0.035548
0.105325
0.119430
0.019025
-0.112378
-0.144595
-0.058028
0.060515
0.132011
0.072771
-0.022671
-0.096484
-0.148866
-0.114423
-0.045592
-0.040426
-0.133005
-0.232485
-0.209115
-0.157197
-0.098971
-0.125991
-0.137997
-0.097993
-0.064876
-0.021426
0.041733
0.128160
0.162846
0.152919
0.039497
-0.073913
-0.155188
-0.110202
0.091381
0.264347
0.248774
0.041691
-0.126976
-0.127222
0.009233
0.102007
0.049227
-0.058830
-0.137552
-0.119218
-0.059599
0.031310
0.120365
0.203294
0.230549
0.156301
0.013553
-0.115473
-0.076004
0.063184
0.130364
0.061584
-0.081353
-0.074063
0.098141
0.211676
0.176407
-0.031306
-0.134267
-0.087193
0.008622
0.097549
0.064828
0.025103
0.023242
0.055104
0.104233
0.086232
0.000879
-0.055996
-0.034307
0.046390
0.093997
0.131743
0.112982
0.057334
0.028987
-0.029769
0.009638
-0.006931
-0.027757
0.038751
0.050054
0.065842
-0.008675
-0.058679
0.048561
0.218830
0.258808
0.091364
-0.123594
-0.265418
-0.291254
-0.183453
0.063491
0.229916
0.206439
0.080171
-0.055975
-0.118345
-0.092313
-0.010290
0.076408
0.065813
-0.067662
-0.160036
-0.170093
-0.078624
0.045918
0.052882
0.023902
-0.018029
-0.128186
-0.232951
-0.301944
-0.286416
-0.213651
-0.095185
0.073492
0.222356
0.232222
0.108044
0.000514
-0.159238
-0.258922
-0.213277
-0.037380
0.157839
0.133222
0.009171
-0.067691
-0.052463
0.020814
0.019496
-0.032648
-0.118104
-0.136884
-0.085176
-0.053341
-0.021160
-0.007403
0.085141
0.155129
0.145357
0.048169
-0.087958
-0.104014
-0.020796
0.026550
-0.008149
-0.069674
-0.068700
0.040101
0.130089
0.151891
0.052618
-0.065442
-0.062246
-0.000369
0.009667
-0.047364
-0.054666
0.020669
0.123057
0.179463
0.140467
0.058725
-0.039872
-0.059728
-0.040595
-0.026156
0.040785
0.098479
0.121054
0.068861
0.029595
0.052310
0.089837
0.103671
0.051891
0.015160
0.012801
0.014959
0.009026
-0.006634
0.016310
0.016933
0.029291
0.061851
0.019174
-0.050762
-0.098641
-0.078263
-0.014583
0.018955
0.064015
0.107030
0.084482
0.037849
-0.020546
-0.086259
-0.112249
-0.086748
-0.004566
0.079403
0.136142
0.107583
-0.010211
-0.097546
-0.117236
-0.105525
-0.084049
-0.038789
0.054042
0.143549
0.145871
0.077184
-0.031440
-0.135135
-0.165271
-0.075478
0.037052
0.082523
0.059111
-0.018917
-0.055634
-0.055217
-0.030040
-0.044217
-0.061850
-0.015435
0.018824
0.047552
0.001064
-0.072268
-0.094618
-0.059053
0.022639
0.054522
0.003395
-0.035212
-0.046384
-0.049588
-0.045386
-0.039412
-0.016453
0.024818
0.055716
0.025832
0.020764
-0.015809
