-0.003256
-0.004917
-0.006496
-0.006856
-0.007496
-0.007817
-0.005181
-0.005501
-0.003259
-0.006719
-0.002200
-0.004721
0.002306
-0.005278
-0.001585
-0.011882
-0.007269
-0.018890
-0.014422
-0.018100
-0.006787
-0.004412
-0.003353
0.001495
-0.005805
0.002722
-0.023492
-0.003131
-0.042882
0.002195
-0.055812
-0.026723
-0.207255
-0.024892
-0.264844
-0.397414
0.005474
-0.164505
-0.019816
0.039397
0.278530
0.090888
-0.163397
-0.245952
-0.041787
0.118152
0.099979
0.493442
0.688182
0.460138
0.033044
-0.166730
0.060885
0.388774
0.438830
0.539421
0.257463
-0.210450
-0.669688
-0.843487
-0.514150
-0.033701
0.294510
0.315094
0.135787
-0.062773
-0.077163
0.145284
0.406158
0.459281
0.247953
-0.113327
-0.282644
-0.345687
-0.223574
-0.043448
0.024249
-0.098615
-0.352711
-0.280414
0.009062
0.334130
0.304666
0.110410
0.076424
0.105406
0.144300
0.074976
-0.043980
-0.153800
-0.199681
-0.171028
-0.125135
-0.145094
-0.130723
-0.050468
0.150565
0.148152
0.141968
-0.091206
-0.233763
-0.124763
-0.095704
-0.260894
-0.386317
-0.106595
0.068224
0.170475
0.275703
0.502346
0.334938
-0.065972
-0.220995
-0.008802
-0.145483
-0.529268
-0.419197
-0.270242
-0.203628
-0.237935
-0.180062
-0.033665
0.155356
0.425372
0.450485
0.247210
-0.018518
0.057638
0.304943
0.329253
0.405964
0.371304
0.314049
0.268656
0.100869
0.030546
0.135958
0.292374
0.132417
-0.359050
-0.738882
-0.730164
-0.406729
-0.075892
0.235806
0.328977
0.174627
0.086457
0.192844
0.286992
0.185689
0.009245
0.005759
0.094355
0.058334
-0.121696
-0.314124
-0.377404
-0.340666
-0.140773
0.001573
0.084625
0.016396
-0.066125
-0.065535
0.068553
0.187038
0.251129
0.060526
-0.201803
-0.467282
-0.615139
-0.296850
-0.182781
-0.033759
0.015165
0.200560
0.256215
0.084338
-0.115381
-0.311290
-0.219559
0.014102
0.338556
0.461290
0.209348
-0.078679
-0.311294
-0.321629
-0.013969
0.091728
0.086962
-0.067951
-0.174089
-0.110424
-0.015003
0.105462
0.187092
0.154415
0.023179
-0.102434
-0.139710
-0.040761
0.237347
0.474725
0.405744
0.151018
-0.088991
-0.047496
0.226799
0.400483
0.325472
0.048307
-0.062268
0.081996
0.264218
0.221852
0.046073
-0.043736
-0.100781
-0.074859
-0.013822
0.038172
0.018536
-0.041041
-0.068702
-0.084706
-0.137554
-0.184520
-0.104707
0.036288
0.100201
0.058377
-0.113482
-0.194390
-0.078959
0.059012
0.072333
-0.043829
-0.146918
-0.107884
0.005369
0.071962
-0.011465
-0.100983
-0.171442
-0.161699
-0.187204
-0.236849
-0.194019
-0.246137
-0.190451
-0.286832
-0.364665
-0.368686
-0.216071
0.053863
0.301976
0.526606
0.530891
0.299616
-0.083894
-0.378022
-0.435676
-0.278386
-0.048151
0.245723
0.354603
0.257240
-0.161311
-0.471388
-0.338929
0.166400
0.610290
0.482827
-0.020847
-0.454158
-0.437013
-0.057496
0.348369
0.463851
0.331820
0.071476
-0.104817
-0.171851
-0.056104
0.134110
0.227282
0.177673
-0.059247
-0.161729
-0.052579
0.181327
0.237235
0.067737
-0.094228
-0.105468
0.022442
0.130238
0.205897
0.249316
0.233684
0.176544
0.129290
0.066296
-0.031318
0.015240
0.194772
0.271616
0.184838
0.019777
-0.036282
-0.112934
-0.152231
-0.127953
-0.023489
0.018764
-0.010427
0.024202
0.017161
-0.016968
-0.187131
-0.213683
-0.056636
0.156739
0.216271
0.031326
-0.182207
-0.321477
-0.297409
-0.225602
-0.180463
-0.120013
-0.035072
0.021872
0.001073
-0.066882
-0.070853
-0.009452
0.046409
0.030326
-0.082148
-0.166227
-0.154734
-0.068959
-0.041694
-0.011085
0.007832
0.037262
-0.008719
0.037116
0.094334
-0.019878
-0.051316
-0.161398
-0.264979
-0.383354
-0.363970
-0.173498
0.035004
0.135017
0.123254
0.065100
-0.027982
-0.054978
-0.021434
0.082609
0.201902
0.215380
0.125146
0.003940
-0.119391
-0.090247
0.053674
0.179092
0.135797
-0.087538
-0.174878
-0.088782
0.042850
0.190969
0.230298
0.166800
0.052611
-0.039030
0.005696
0.056584
0.066951
0.090048
0.028524
-0.023208
0.012289
0.136816
0.217669
0.124220
-0.031873
-0.118056
-0.113570
-0.025776
0.062258
0.068069
0.080225
0.135801
0.157496
0.105362
0.023455
-0.019749
0.001728
0.008068
0.004855
0.007786
0.032900
0.050669
0.021440
0.002686
-0.003110
0.019781
0.061078
0.045620
-0.007681
-0.089732
-0.109358
-0.025605
0.047372
0.090937
0.119146
0.089374
-0.004422
-0.072752
-0.044639
-0.007340
-0.024684
-0.041538
0.017909
0.070600
0.056772
0.056603
-0.022317
-0.083935
-0.108871
-0.085746
-0.058658
-0.070812
-0.037638
0.036255
0.114774
0.095000
-0.018232
-0.137559
-0.164262
-0.144415
-0.081171
0.057814
0.201871
0.211443
0.059712
-0.115789
-0.251878
-0.278391
-0.156615
0.006731
0.148587
0.181448
0.113882
-0.007104
-0.128616
-0.156090
-0.086683
-0.050544
-0.059805
-0.060473
-0.045712
0.020516
0.085970
0.065355
0.037633
0.022811
-0.089125
-0.199721
-0.284376
-0.197340
0.014851
0.215880
0.263231
0.141767
-0.044356
-0.183914
-0.177971
-0.095599
0.040669
0.102903
0.064667
-0.027553
-0.019898
0.023966
0.051508
0.020950
-0.062414
-0.080523
-0.041732
0.015654
0.050720
0.066077
0.051982
0.068963
0.010516
-0.072826
-0.084390
-0.048564
0.027182
0.063894
0.054051
0.053642
0.084303
0.058257
-0.010294
-0.043426
0.015029
0.106968
0.111844
-0.011738
-0.125076
-0.082276
0.007550
0.030751
0.027655
0.037269
0.058226
0.035765
-0.023717
-0.047890
-0.068734
-0.049350
0.024898
0.118862
0.125243
0.058885
-0.038822
-0.097769
-0.079255
-0.042804
0.034481
0.085067
0.127585
0.066998
-0.034009
-0.091340
-0.098009
-0.040891
-0.002695
0.022410
-0.011237
-0.058331
-0.049976
-0.000470
0.038197
0.014646
-0.000433
0.031454
0.032296
-0.048951
-0.174695
-0.163582
-0.025225
0.130352
0.171356
0.090770
-0.003789
-0.077825
-0.110490
-0.091232
-0.011095
0.022255
-0.008376
-0.073463
-0.100919
-0.044645
0.027462
0.075525
0.060318
0.017291
-0.033218
-0.079749
-0.047794
0.036425
0.070028
0.066018
0.047689
0.010862
-0.050456
-0.126046
-0.096961
-0.034829
0.006856
0.031864
0.073806
0.103817
0.066390
-0.026927
-0.067551
-0.015892
0.005573
0.013643
0.021248
0.013390
0.026299
0.076743
0.090956
0.027946
-0.112953
-0.178632
-0.100471
0.041257
0.114433
0.093185
-0.013221
-0.082827
-0.058976
0.008008
0.089849
0.071195
0.032943
0.003157
0.008866
0.071031
0.100898
0.043316
-0.023987
-0.066052
-0.018782
0.059312
0.060626
-0.012458
-0.070012
-0.046399
0.014948
0.070024
0.066064
0.041887
0.002861
-0.033685
-0.036893
0.003637
0.038218
0.090350
0.097522
0.041517
-0.044096
-0.108415
-0.049604
0.023624
0.046959
0.013022
-0.041851
-0.035793
0.006517
-0.006238
-0.022847
0.006785
0.039089
0.033631
-0.007969
0.006797
0.039595
0.060502
0.011450
-0.084516
-0.123788
-0.076864
0.039498
0.107761
0.087209
-0.014129
-0.101165
-0.109650
-0.052043
0.047673
0.108558
0.087111
0.008510
-0.062350
-0.062217
-0.046515
-0.012136
0.011953
0.003785
-0.011012
-0.019257
-0.021730
-0.007666
-0.007929
-0.013274
0.023379
0.044158
0.018708
-0.055354
-0.091109
-0.061223
0.006591
0.041834
0.033478
-0.017724
-0.062817
-0.043288
0.044755
0.093973
0.059548
-0.053951
-0.151757
-0.116193
0.004879
0.100963
0.100028
0.049983
-0.010894
-0.014817
-0.038202
-0.024979
0.007203
0.016782
-0.010678
-0.041350
-0.033062
0.007825
0.063924
0.050365
0.029633
-0.023774
-0.036498
0.014910
0.088087
0.078579
-0.022688
-0.104431
-0.093634
0.011272
0.097433
0.102849
0.023624
-0.055779
-0.099946
-0.057036
0.039821
