0.000730
-0.002557
-0.004501
-0.005132
-0.003606
-0.000719
0.003397
0.003493
0.001989
-0.002813
-0.003870
-0.006063
-0.004171
-0.004136
-0.000435
0.000639
0.003909
0.001693
-0.003509
-0.008755
-0.010049
-0.006798
-0.010714
-0.007433
-0.010537
0.000190
-0.009683
-0.003161
-0.020997
-0.006257
-0.021897
-0.019964
-0.111940
-0.105754
-0.147983
-0.346598
-0.111787
-0.038982
0.012687
0.217608
0.336453
0.368149
0.055141
-0.305869
-0.325443
-0.144410
-0.034231
0.228488
0.404427
0.321681
0.155082
-0.253210
-0.434141
-0.062017
0.517466
0.862095
0.585698
0.024011
-0.190091
-0.207567
-0.228202
-0.250118
-0.204648
-0.036893
-0.075673
-0.437042
-0.607002
-0.164265
0.535013
0.747579
0.275969
-0.180742
-0.093338
0.290008
0.380003
0.098985
-0.202000
-0.232191
-0.052574
-0.068443
-0.259385
-0.337609
-0.155406
0.151914
0.164022
-0.037542
-0.111301
0.046472
0.234909
0.247100
0.100188
-0.020951
-0.022950
-0.044262
-0.103133
-0.179544
-0.135732
-0.018945
0.043512
-0.050785
-0.143007
-0.171625
-0.006810
0.081403
-0.122195
-0.226081
-0.245231
-0.272805
-0.207910
0.001001
0.117072
0.104359
0.160460
0.396253
0.344252
-0.058022
-0.334704
-0.168963
0.003112
-0.126723
-0.225718
-0.112328
0.108210
0.069916
-0.099283
-0.129170
0.038542
0.266875
0.280719
0.041046
-0.252526
-0.208711
0.072133
0.241604
0.292312
0.244567
0.326549
0.407627
0.298559
0.150225
0.171843
0.301488
0.270027
-0.086082
-0.475287
-0.424699
-0.099941
0.083116
-0.014868
-0.246653
-0.370688
-0.256159
-0.008406
0.270158
0.420853
0.386955
0.223005
0.005235
-0.125262
-0.036917
0.178493
0.207877
-0.029112
-0.348360
-0.453278
-0.290565
-0.059420
0.039026
0.000440
-0.095627
-0.108990
-0.028142
0.070856
0.158096
0.171953
0.035817
-0.155784
-0.345143
-0.503066
-0.336379
-0.067518
0.052137
0.099375
0.150102
0.148019
0.034301
-0.137841
-0.150164
-0.113152
-0.194613
-0.166720
0.038329
0.250539
0.209376
-0.107877
-0.339867
-0.184181
0.163742
0.472117
0.419389
0.042540
-0.281395
-0.303387
-0.154137
0.052754
0.189182
0.271184
0.191645
-0.067999
-0.222565
-0.141454
0.212694
0.369156
0.211037
-0.081809
-0.131233
0.048256
0.225628
0.221370
0.110033
0.128049
0.257556
0.330331
0.215543
0.060208
0.042652
0.179663
0.275634
0.187854
-0.095419
-0.345890
-0.400331
-0.140043
0.196099
0.264408
0.051274
-0.173547
-0.217032
-0.188136
-0.203410
-0.176109
-0.011230
0.216479
0.327557
0.178705
-0.126366
-0.349245
-0.263803
0.050714
0.244094
0.075700
-0.242259
-0.413900
-0.266116
0.036801
0.255366
0.237956
0.054479
-0.213282
-0.364942
-0.319610
-0.152849
-0.031583
-0.053754
-0.139698
-0.356242
-0.289821
-0.283940
-0.214405
0.020483
0.125268
0.199631
0.166878
0.101113
0.079655
-0.024315
-0.085248
-0.072540
-0.142299
-0.164679
-0.097510
0.004195
-0.027269
-0.111217
-0.180999
-0.033096
0.159467
0.288750
0.243583
0.035061
-0.117634
-0.090259
0.084080
0.245138
0.227965
0.075423
-0.006537
-0.074547
0.007924
0.082804
0.125910
0.128747
0.060721
-0.031748
-0.051843
-0.033114
0.074805
0.142342
0.097998
0.014366
-0.100516
-0.046880
0.071036
0.200922
0.159475
0.155302
0.204882
0.180354
0.113422
-0.013299
-0.057398
-0.012621
-0.006078
-0.012005
-0.017487
0.010802
0.128852
0.168588
0.163896
0.058135
-0.060912
-0.058456
-0.033742
-0.042255
0.016657
0.117257
0.129997
0.011609
-0.143870
-0.180582
-0.064422
0.071933
0.148674
0.074361
-0.158165
-0.288599
-0.255195
-0.091777
0.071591
0.065795
-0.085577
-0.290109
-0.381541
-0.274092
-0.054229
0.110133
0.151604
0.069948
-0.035821
-0.048439
-0.109883
-0.065678
0.110597
0.022487
-0.201357
-0.332563
-0.315055
-0.062079
0.172202
0.311879
0.254605
-0.041172
-0.248187
-0.168347
0.012742
0.045749
-0.098172
-0.243693
-0.215521
-0.208654
-0.202885
-0.157691
-0.087041
0.068295
0.207355
0.240409
0.111541
-0.095568
-0.154387
-0.033286
0.050048
0.083289
0.132853
0.186627
0.144272
0.007993
-0.075998
-0.010405
0.119517
0.144053
0.032078
-0.077062
-0.072944
0.018848
0.135043
0.162298
0.167699
0.146492
0.075085
0.004766
-0.068072
-0.040180
0.117699
0.235357
0.175310
0.015248
-0.077680
-0.016363
0.104108
0.137450
0.065884
-0.041867
-0.085251
0.000032
0.107362
0.144100
0.121650
0.071601
0.048067
0.052894
0.086037
0.096535
0.035220
-0.001598
0.031222
0.065304
0.082370
0.077549
0.028529
-0.004965
0.020488
0.063201
0.088111
0.002486
-0.122999
-0.153719
-0.068428
0.060280
0.094012
0.083333
0.128614
0.141833
0.033044
-0.139892
-0.229482
-0.187631
-0.042713
0.142898
0.239544
0.181592
-0.007546
-0.139974
-0.159267
-0.081873
-0.037144
-0.046424
-0.060380
-0.075593
-0.023143
0.008827
0.006088
-0.003250
-0.019918
-0.076258
-0.097170
-0.079636
-0.055754
-0.020888
0.040218
0.050134
-0.037130
-0.121590
-0.153952
-0.069478
0.016425
0.096503
0.102716
-0.050015
-0.179476
-0.154732
-0.001754
0.105963
0.047236
-0.060786
-0.091909
-0.082286
-0.095078
-0.120769
-0.090819
-0.047741
-0.003718
0.056100
0.110822
0.033570
-0.121980
-0.168214
-0.076916
0.056823
0.088327
0.035108
-0.059103
-0.144642
-0.107324
0.048629
0.140590
0.118653
-0.002785
-0.118777
-0.121958
-0.054416
0.079093
0.188061
0.148105
0.027049
-0.055490
-0.044941
0.016843
0.036477
0.012290
-0.023861
-0.039060
-0.010828
0.068220
0.148408
0.170731
0.100128
-0.046396
-0.159416
-0.118247
0.027359
0.156566
0.177366
0.092274
-0.000819
-0.004697
0.038276
0.045390
0.038908
0.011862
-0.003580
-0.037206
-0.075039
-0.046622
0.042299
0.124754
0.135848
0.068983
-0.027308
-0.081216
-0.076600
-0.048819
-0.013216
0.047758
0.085391
0.044801
-0.044230
-0.095582
-0.061988
0.004806
0.037527
0.016033
-0.005919
-0.018132
-0.027330
-0.011496
0.000019
-0.010048
-0.040535
-0.040528
-0.041349
-0.033523
0.012204
-0.000972
-0.039806
-0.049474
-0.031527
0.007230
-0.004766
-0.057695
-0.058308
-0.027576
0.036826
0.074207
0.021520
-0.059840
-0.127286
-0.120277
-0.065940
-0.015069
0.032459
0.074693
0.061885
0.001913
-0.040023
-0.042789
-0.017085
-0.010285
-0.070285
-0.094974
-0.035035
0.051223
0.114203
0.095804
0.016883
-0.076897
-0.118401
-0.096143
-0.039664
0.030921
0.051162
0.015805
-0.023102
-0.044917
0.005381
0.088284
0.110610
0.010531
-0.122886
-0.149608
-0.052228
0.097924
0.186700
0.161985
0.031893
-0.092439
-0.119899
-0.064418
0.006330
0.058200
0.085944
0.044219
-0.034480
-0.037724
0.013703
0.060233
0.030550
-0.055309
-0.070481
-0.017096
0.061723
0.103613
0.066957
0.004569
-0.038541
-0.058736
-0.042365
0.023177
0.089429
0.091016
0.022198
-0.070083
-0.106946
-0.059448
0.033859
0.091582
0.083495
0.058427
0.008065
-0.056063
-0.097646
-0.083576
0.021130
0.101312
0.079492
0.017561
-0.031572
-0.047020
-0.047205
-0.024640
0.050647
0.080722
0.013953
-0.075490
-0.122356
-0.047966
0.080255
0.090925
-0.004708
-0.100603
-0.110342
-0.016240
0.063455
0.065638
0.008340
-0.039340
-0.023843
-0.009431
-0.040420
-0.043615
-0.007150
0.008789
-0.002896
-0.032565
-0.043100
-0.013671
0.028323
0.065220
0.043881
-0.015617
-0.087840
-0.122588
-0.058165
0.026670
0.084272
