0.004117
0.000329
-0.004069
-0.008094
-0.007536
-0.006942
-0.003616
-0.002526
0.001553
-0.000064
-0.000048
-0.004372
-0.004482
-0.006680
-0.004306
-0.002002
0.000502
0.003298
0.002780
0.005956
-0.001036
0.006049
-0.002570
0.009300
-0.007525
0.003487
-0.016284
0.001273
-0.021288
-0.000179
-0.026998
-0.014180
-0.091030
-0.137938
-0.140085
-0.304538
-0.228090
-0.200006
0.026874
0.110937
0.298544
0.443019
0.303106
-0.038013
-0.393899
-0.490949
-0.419461
-0.213627
0.118535
0.556150
0.693353
0.549846
0.306656
0.308540
0.351541
0.359674
0.167921
-0.087294
-0.405152
-0.602251
-0.414471
-0.186173
-0.030184
-0.053523
-0.215924
-0.364969
-0.298069
0.055871
0.585003
0.786696
0.572261
0.099317
-0.304426
-0.368527
-0.149139
0.166964
0.224836
-0.061289
-0.571002
-0.761751
-0.478461
0.106123
0.480649
0.434410
0.120272
-0.075124
-0.093094
-0.034836
0.036930
-0.062504
-0.000654
0.000357
-0.113153
-0.263452
-0.299249
-0.102143
0.238260
0.381693
0.101919
-0.304916
-0.437034
-0.092911
0.426633
0.472433
0.070663
-0.379046
-0.477772
-0.049838
0.258963
0.238753
0.053613
-0.141665
-0.257939
-0.253558
-0.149596
-0.096110
-0.018424
0.179023
0.295066
0.263369
0.083421
0.070966
0.254830
0.312475
0.289458
0.244148
0.251278
0.277430
0.226224
0.181969
0.179218
-0.027168
-0.339809
-0.576691
-0.713943
-0.741298
-0.522809
-0.011044
0.516673
0.559329
0.235970
0.083302
0.172453
0.270000
0.240246
0.178216
0.166668
0.071930
-0.229765
-0.516874
-0.584832
-0.387432
-0.092045
0.101173
0.094850
-0.066437
-0.229595
-0.199674
0.051326
0.396975
0.531927
0.347913
-0.091290
-0.445330
-0.416362
-0.036847
0.263863
0.150843
-0.315253
-0.579555
-0.288218
-0.001154
0.284208
0.080829
-0.231578
-0.234205
-0.080034
0.088396
-0.081190
-0.306099
-0.442181
-0.202066
0.097317
0.176877
0.149856
0.190465
0.355163
0.317012
-0.121703
-0.544875
-0.573979
-0.198985
0.294457
0.661241
0.831030
0.604591
0.102715
-0.398847
-0.485826
-0.126808
0.260517
0.438668
0.331509
0.120809
0.001068
-0.017911
0.054053
0.125042
0.154003
0.131909
0.048327
-0.055787
-0.058823
0.185024
0.485513
0.407328
-0.024481
-0.547035
-0.817871
-0.564762
-0.069129
0.215374
0.147908
-0.064293
-0.060974
0.087823
0.116391
0.073270
0.105643
0.203997
0.199382
-0.049135
-0.350357
-0.408886
-0.231335
0.026964
0.084803
-0.057226
-0.274027
-0.226004
-0.162681
-0.132900
-0.146718
-0.066642
0.103032
0.059774
0.092264
-0.038092
-0.142071
-0.064030
0.166463
0.188765
-0.185787
-0.447348
-0.139699
0.371724
0.515140
0.099819
-0.284652
-0.264760
0.015389
0.175688
-0.091683
-0.249619
-0.290252
-0.046782
0.247786
0.308806
0.185288
0.026384
0.047920
0.114202
0.026664
-0.135238
-0.091371
0.095951
0.172815
0.096417
0.022446
-0.027849
-0.033386
-0.069655
0.036207
0.210662
0.255897
0.165984
-0.006402
-0.021668
0.119258
0.278588
0.241759
0.009968
-0.237114
-0.262551
-0.007306
0.232688
0.249832
0.077987
-0.027477
0.117741
0.254014
0.223681
0.138703
0.064563
0.145773
0.201571
0.158689
0.045828
-0.072764
-0.157405
-0.251943
-0.353377
-0.384764
-0.424382
-0.478224
-0.275162
0.119141
0.446349
0.405857
0.151677
-0.052710
-0.110180
-0.176250
-0.190600
-0.110163
-0.000236
-0.002525
-0.161023
-0.379192
-0.537157
-0.364730
-0.012333
0.263754
0.234446
0.012705
-0.233615
-0.332520
-0.329732
-0.195406
0.027901
0.123571
0.114887
0.140281
0.297798
0.330241
0.116594
-0.177086
-0.332475
-0.266475
-0.106012
0.091697
0.347151
0.436416
0.211753
-0.161428
-0.323312
-0.121034
0.164995
0.200279
0.044526
-0.039283
0.056906
0.173863
0.080150
-0.111184
-0.138246
0.035678
0.195041
0.073059
-0.224529
-0.278795
0.000491
0.290388
0.258060
-0.052879
-0.184275
0.000278
0.249708
0.261285
-0.000239
-0.135783
-0.032583
0.115062
0.111358
0.006361
-0.015633
0.090145
0.172804
0.097157
-0.064798
-0.114552
0.029036
0.147770
0.147383
0.030722
-0.068347
-0.030088
0.063599
0.066630
0.000191
-0.035835
-0.004592
0.028782
-0.011588
-0.052071
-0.035907
0.062068
0.099742
0.016200
-0.091634
-0.154813
-0.089085
0.041165
0.097375
0.117784
0.072005
-0.046662
-0.127020
-0.121888
-0.084979
-0.030850
0.029507
0.077242
0.073213
0.000439
-0.059409
-0.057936
-0.048936
-0.030608
0.009691
0.064157
0.074400
-0.051810
-0.095297
-0.024609
0.068395
0.070089
-0.073280
-0.169992
-0.099711
0.032002
0.102380
0.002117
-0.164342
-0.178516
-0.037862
0.091964
0.039671
-0.118616
-0.167403
-0.062627
0.022524
0.021294
-0.026288
-0.036560
-0.036239
-0.032244
-0.019769
0.006866
0.031823
0.023069
-0.029396
-0.067536
-0.043049
0.014709
0.045203
-0.002837
-0.076683
-0.052118
0.048434
0.105894
0.040420
-0.113961
-0.122875
-0.019178
0.045920
0.052842
0.022800
0.032571
0.049821
0.020784
-0.009400
-0.052804
-0.047811
0.009306
0.066790
0.090491
0.075008
0.056566
0.019072
-0.019908
-0.044353
-0.046031
-0.037356
0.010572
0.086684
0.118467
0.082738
0.002517
-0.079826
-0.110761
-0.025879
0.117301
0.169229
0.105006
0.021698
0.006362
0.043276
0.022863
-0.012084
-0.007083
0.021942
0.040222
-0.000736
-0.034030
-0.023382
0.003805
0.061377
0.087040
-0.003189
-0.114162
-0.112460
0.040670
0.155434
0.092561
-0.043806
-0.100967
-0.054518
0.035508
0.092886
0.062787
-0.049653
-0.120058
-0.081947
-0.027423
-0.002115
0.039435
0.069338
0.049144
0.007946
-0.064357
-0.060845
-0.018646
-0.008416
-0.032797
-0.022112
0.030912
0.046077
0.017849
-0.040276
-0.076744
-0.056830
0.022673
0.061966
-0.026729
-0.123814
-0.121074
-0.039970
0.033060
0.024880
0.010421
-0.006708
-0.011727
-0.013847
-0.009150
-0.015877
-0.051691
-0.044551
-0.020314
0.005122
0.010044
0.010212
0.027498
0.037993
0.009216
-0.046337
-0.066880
-0.051114
-0.023714
0.015121
0.055383
0.086777
0.061509
-0.009703
-0.052328
-0.104858
-0.113370
-0.023901
0.126242
0.200104
0.078218
-0.107985
-0.172730
-0.040629
0.144328
0.175433
0.047901
-0.108280
-0.148069
-0.055083
0.064803
0.114765
0.092483
0.023572
-0.056754
-0.067615
-0.023805
0.052450
0.095014
0.064653
-0.013363
-0.076118
-0.057872
0.030762
0.075590
0.021307
-0.038385
-0.042604
0.027264
0.077234
0.034748
-0.029230
-0.016006
0.029633
0.021649
0.005825
0.027020
0.056856
0.018012
-0.062814
-0.088667
-0.026218
0.058543
0.098839
0.068590
-0.027138
-0.094064
-0.066857
0.016022
0.066616
0.025135
-0.037605
-0.032884
0.023618
0.084339
0.069328
0.019276
-0.029340
-0.086182
-0.111340
-0.091939
-0.033777
0.031122
0.057497
0.046358
0.007155
-0.059878
-0.111724
-0.086354
0.012927
0.110763
0.152146
0.088524
-0.005324
-0.052833
-0.081288
-0.058396
-0.019965
-0.018578
-0.020840
0.003098
0.029910
-0.022153
-0.091713
-0.094265
-0.013504
0.083611
0.096611
0.046614
-0.012582
-0.028212
-0.015817
-0.003015
0.001569
-0.013773
-0.037640
-0.048309
-0.004234
0.044729
