-0.013842
-0.007855
-0.013334
-0.007422
-0.002224
0.014764
0.001688
-0.005513
-0.004345
0.022783
0.020997
0.001363
-0.010723
-0.007193
0.003351
-0.020113
-0.012711
-0.029776
0.006939
-0.028170
0.012623
-0.034613
0.014930
-0.070185
0.007827
-0.070693
-0.029822
-0.231486
-0.147973
0.000557
-0.596940
-0.166237
-0.003559
0.056658
-0.019388
0.461463
0.554803
0.010043
-0.198804
-0.147945
0.310293
0.127857
0.177513
0.551448
0.732280
0.429295
-0.183731
-0.221463
0.144581
0.231009
-0.234736
-0.688294
-0.677548
-0.407481
0.023491
0.242698
0.248564
0.204743
0.132228
0.191484
0.082187
0.030718
0.163873
0.280415
0.200346
-0.336067
-0.584127
-0.336088
0.192014
0.188655
-0.163430
-0.510496
-0.406287
0.177141
0.409013
0.363615
-0.059068
-0.233046
0.004535
0.215889
0.196413
-0.111260
-0.298459
-0.214650
0.067440
0.283319
0.097171
-0.132914
-0.133101
-0.011240
-0.038534
-0.299067
-0.409899
-0.240394
0.217526
0.500373
0.385955
0.130811
-0.130716
-0.222815
-0.310367
-0.307136
-0.226477
0.034477
0.330374
0.348422
0.211807
0.094384
0.199113
0.245755
0.222974
0.192755
0.148865
0.150820
0.165232
0.083369
0.003510
-0.110615
-0.317084
-0.416973
-0.253886
-0.027248
-0.075117
-0.250794
-0.273178
0.130739
0.494095
0.472897
0.121415
-0.141797
-0.063245
0.300747
0.468599
0.017362
-0.579478
-0.736058
-0.320346
0.125956
0.298897
0.083445
-0.176582
-0.149484
0.090962
0.172030
-0.061962
-0.351076
-0.314356
0.031245
0.295423
0.274272
-0.073938
-0.239259
-0.053150
0.400015
0.563113
0.234751
-0.333622
-0.678821
-0.645627
-0.386552
0.021515
0.344501
0.269903
-0.077829
-0.221643
-0.024272
0.264112
0.262147
0.264405
0.082318
0.032359
0.016184
0.052251
-0.002102
-0.095688
-0.037207
0.206300
0.359200
0.145526
-0.055268
-0.181396
-0.111568
0.289967
0.607158
0.433619
0.058830
-0.195975
-0.035570
0.044126
-0.063650
-0.217645
-0.216140
-0.196762
-0.148146
-0.171752
-0.252593
-0.226855
0.006651
0.410776
0.625436
0.341505
-0.274994
-0.658197
-0.436473
0.018760
0.301101
0.169566
-0.220677
-0.371928
-0.247306
0.181072
0.189330
-0.127211
-0.279709
-0.063169
0.045893
-0.137139
-0.240546
-0.149954
-0.059420
-0.073035
0.006072
0.169719
0.158153
-0.068339
-0.100654
-0.078014
-0.045257
-0.092783
-0.098336
-0.068834
-0.028398
0.011697
0.037490
-0.053616
-0.250241
-0.294009
-0.171476
0.011117
0.109995
0.144684
0.133690
0.132247
0.066200
0.070197
0.031130
-0.024480
-0.084650
-0.117486
-0.068914
-0.013181
0.087476
0.166834
0.238152
0.141820
0.058927
0.021196
0.078122
0.116759
0.045287
-0.031319
0.001279
0.220304
0.336773
0.261040
0.068353
-0.087363
0.018805
0.167110
0.200274
0.079375
-0.078490
-0.084273
-0.029304
0.130338
0.197838
0.166958
0.002392
-0.077155
-0.130817
-0.067870
0.039551
0.102441
0.117128
0.011851
-0.098151
-0.128137
0.066678
0.166896
0.211041
0.138787
0.040944
-0.009731
0.023531
0.081909
0.021930
-0.089383
-0.135806
-0.089323
0.042623
0.002844
-0.094965
-0.183645
-0.371038
-0.283017
-0.339546
-0.285728
-0.041126
0.261173
0.306781
0.132253
0.016062
-0.194061
-0.183905
-0.145505
-0.019353
-0.125085
-0.452028
-0.516863
-0.236534
0.267268
0.403520
0.154474
-0.231754
-0.415838
-0.361381
-0.152784
0.169386
0.301446
0.245211
-0.034743
-0.195069
-0.132410
0.006198
0.147131
0.180208
-0.023922
-0.222463
-0.179418
0.082645
0.241254
0.119020
-0.038008
-0.017169
0.079756
0.127036
0.040486
-0.131929
-0.180034
-0.109711
0.029584
0.121567
0.043531
-0.044940
-0.009105
-0.018956
0.003262
0.017225
0.109936
0.197210
0.170553
0.083533
-0.007018
0.044447
0.102280
0.123596
0.092918
0.058674
0.073008
0.088946
0.138353
0.142497
0.068754
-0.010075
-0.058502
-0.091856
-0.049333
0.062142
0.148771
0.145754
0.102086
0.072219
0.070831
0.049618
0.015349
-0.010092
-0.060548
-0.085336
-0.006947
0.106261
0.071807
-0.045656
-0.166519
-0.169744
-0.040860
0.084110
0.133765
0.051877
-0.016794
0.000501
0.047007
0.019892
-0.030656
-0.052186
-0.009985
0.062271
0.011405
-0.013729
-0.007510
-0.054654
-0.086988
-0.040745
-0.058516
-0.044982
0.043508
0.149697
0.163327
0.039034
-0.107589
-0.223299
-0.202264
-0.112486
0.027254
0.082946
0.077233
0.041659
-0.016105
-0.017523
-0.004447
-0.028071
-0.110809
-0.123168
-0.078879
0.021247
0.099586
0.106836
0.016147
-0.117612
-0.142036
-0.138849
-0.088249
-0.053981
-0.014715
0.011987
0.072707
0.117808
0.074797
-0.019334
-0.141635
-0.194683
-0.161229
-0.000603
0.173543
0.210528
0.046418
-0.107464
-0.156588
-0.134985
-0.050184
0.064899
0.105490
0.038998
-0.055754
-0.172489
-0.138472
0.037009
0.246396
0.308294
0.159801
-0.119843
-0.300820
-0.240329
-0.044191
0.151571
0.177159
0.149931
0.107231
0.085875
0.043710
-0.071925
-0.216821
-0.253228
-0.099705
0.090572
0.269960
0.289159
0.149316
-0.010888
-0.134237
-0.173619
-0.152412
-0.069771
0.067027
0.193567
0.248559
0.149229
0.049627
-0.041268
-0.119372
-0.185771
-0.167384
-0.038312
0.100153
0.192583
0.141085
0.077227
-0.019587
-0.087346
-0.075681
-0.005908
0.035388
0.033381
0.012540
0.018389
0.035052
0.035304
0.048904
0.013006
-0.075302
-0.130367
-0.065138
0.020488
0.051261
0.034641
0.017871
-0.001276
-0.068460
-0.102750
-0.071930
0.019479
0.108670
0.085481
-0.044814
-0.170582
-0.153882
-0.030922
0.090039
0.131748
0.065482
-0.074043
-0.160813
-0.098189
0.016047
0.053215
0.053384
0.039734
0.022739
0.006739
-0.024082
-0.050941
-0.110143
-0.129629
-0.031105
0.094937
0.112079
0.013683
-0.062641
-0.061428
-0.038772
-0.008073
0.020127
0.038727
0.045274
0.019286
-0.031339
-0.064528
-0.040858
0.019586
0.062824
-0.020026
-0.063167
0.001660
0.052320
0.048666
-0.015177
-0.022071
