0.001403
0.000943
0.000128
-0.000896
-0.001672
-0.003037
-0.003288
-0.003037
0.000122
0.002514
0.004326
0.002390
0.001962
0.001611
0.001950
0.001261
0.001752
0.002681
0.001180
0.000305
-0.002663
-0.000985
-0.004195
-0.000766
-0.005056
0.001236
-0.003483
0.002453
-0.006048
0.000211
-0.012999
-0.009132
-0.017136
-0.018687
-0.048305
-0.098622
-0.056806
-0.181800
-0.193568
-0.101196
-0.085964
-0.047363
0.053007
0.193835
0.213463
-0.019267
-0.158728
-0.028125
0.094325
0.094461
0.166469
0.416346
0.467669
0.185764
-0.080769
0.098011
0.443317
0.473452
0.232914
-0.140641
-0.443995
-0.558122
-0.539117
-0.417995
-0.263013
-0.076438
0.085783
0.117178
0.064568
0.101446
0.324321
0.490500
0.385611
0.112271
-0.090054
-0.051060
0.019788
-0.087656
-0.303915
-0.427755
-0.317714
-0.068410
0.046564
-0.009339
-0.114776
-0.094603
0.150173
0.365502
0.351579
0.120463
-0.104842
-0.120814
0.001017
0.061689
-0.049435
-0.232633
-0.284479
-0.153175
0.028467
0.124195
0.069411
0.019429
0.026953
0.077038
0.055259
-0.037701
-0.138179
-0.410559
-0.437973
-0.334494
-0.305192
-0.116108
0.137690
0.410020
0.518895
0.376972
0.124514
-0.144094
-0.371708
-0.381419
-0.130855
0.180159
0.271177
0.093690
-0.199737
-0.314571
-0.084150
0.335144
0.620636
0.505089
0.196650
0.013413
0.076386
0.294063
0.428546
0.359938
0.112673
-0.178479
-0.384174
-0.538109
-0.503272
-0.284554
-0.041493
0.061073
0.013790
0.088755
0.280234
0.397813
0.341250
0.185871
0.051541
-0.024486
-0.122891
-0.209609
-0.259390
-0.271030
-0.199631
-0.124520
-0.041185
-0.003750
0.003598
0.002812
0.040941
0.099709
0.167320
0.163468
0.110744
-0.073963
-0.231216
-0.239084
-0.308885
-0.244010
-0.253120
-0.271492
-0.265431
-0.027706
0.381148
0.473109
0.185959
-0.175041
-0.310310
-0.265024
-0.140687
0.022802
0.167449
0.156357
-0.005398
-0.149708
-0.060737
0.085554
0.172754
0.111091
0.001507
-0.044104
-0.069342
-0.048977
0.000836
0.096325
0.191992
0.163026
-0.002635
-0.154582
-0.051441
0.315733
0.605270
0.503746
0.072918
-0.223566
-0.157284
0.198805
0.430879
0.231669
-0.129775
-0.368101
-0.263373
0.020978
0.111926
0.012400
-0.097930
-0.131153
-0.088445
-0.009485
0.047784
0.082001
0.109253
0.146326
0.159411
0.098039
-0.048773
-0.170321
-0.129934
0.045540
0.147675
0.016533
-0.253549
-0.434208
-0.364392
-0.115808
0.107077
0.161165
0.027971
-0.139255
-0.219101
-0.156040
-0.079292
-0.061362
-0.073987
-0.127073
-0.155561
-0.119566
-0.016028
0.055107
0.098196
0.087784
0.036283
-0.027067
-0.088488
-0.069590
-0.026267
-0.050473
-0.080925
-0.090085
-0.035412
0.036184
0.047356
0.036209
0.033553
0.068446
0.089301
0.042745
-0.015930
0.008756
0.110323
0.180990
0.107123
0.014251
-0.017454
0.037694
0.096385
0.081264
0.004330
-0.058032
-0.055525
0.006133
0.065688
0.061888
0.072089
0.116622
0.182990
0.207283
0.144937
0.026023
-0.022377
-0.029606
0.021462
0.083105
0.130619
0.148470
0.146420
0.173226
0.150427
0.015572
-0.101361
-0.079321
-0.030954
0.085422
0.147688
0.167151
0.105965
-0.076273
-0.152905
-0.166487
-0.364153
-0.445449
-0.256697
0.036170
0.221975
0.058260
-0.028686
0.013757
-0.012779
-0.090581
-0.102458
0.085323
0.217345
0.029116
-0.240475
-0.407064
-0.351531
-0.083285
0.202852
0.210223
0.031996
-0.210735
-0.470726
-0.383316
-0.221994
-0.020857
0.254177
0.418074
0.271170
-0.187217
-0.454665
-0.235234
0.065630
0.061311
-0.143941
-0.174242
0.119598
0.332951
0.219516
-0.041028
-0.093043
0.076992
0.203347
0.060485
-0.236004
-0.308381
-0.052067
0.271933
0.321519
0.102071
-0.051204
-0.004091
0.067503
0.034872
-0.066580
-0.065174
0.061982
0.124041
0.076201
0.040992
0.081292
0.146591
0.089682
-0.074562
-0.156171
-0.077002
0.106125
0.212837
0.169635
0.040708
-0.020163
0.027157
0.064701
0.022594
-0.038532
-0.009093
0.074565
0.087316
0.020266
-0.034676
-0.024405
0.069268
0.119044
0.073040
-0.023415
-0.101362
-0.074382
0.032723
0.098857
0.053264
-0.036912
-0.123903
-0.140397
-0.023904
0.093124
0.108233
0.044431
-0.056787
-0.093083
-0.101928
-0.040736
0.061893
0.057960
-0.014176
-0.068453
-0.013819
0.054110
-0.002748
-0.121183
-0.167678
-0.110817
-0.012289
0.068627
0.063001
-0.005998
-0.058574
-0.094605
-0.097064
-0.061339
0.049288
0.162319
0.128050
-0.055372
-0.200011
-0.166801
0.000660
0.131781
0.122174
-0.010306
-0.137226
-0.099574
0.021283
0.069830
0.004265
-0.074804
-0.080432
-0.032207
0.001873
0.019084
0.021611
0.040966
0.038518
-0.021702
-0.054047
-0.013624
0.002231
-0.058643
-0.060446
0.062784
0.140161
0.078903
-0.075054
-0.188074
-0.132630
-0.000638
0.133363
0.171631
0.073243
-0.050869
-0.114145
-0.126027
-0.066303
0.033689
0.123257
0.141732
0.028862
-0.088073
-0.131571
-0.086418
0.050205
0.153915
0.131701
0.028271
-0.100893
-0.142615
-0.085722
0.015970
0.127440
0.133866
0.072019
-0.005548
-0.090443
-0.104368
-0.067946
0.003099
0.065008
0.072033
0.081297
0.093524
0.063037
-0.017367
-0.109515
-0.162644
-0.082775
0.093338
0.225938
0.184882
0.006111
-0.107549
-0.094853
-0.019734
0.043616
0.029740
-0.024148
-0.046658
-0.028120
0.024377
0.070525
0.087444
0.079367
-0.009016
-0.130236
-0.150749
-0.072591
0.050677
0.150546
0.174470
0.081998
-0.064965
-0.171964
-0.159713
-0.062396
0.036568
0.122685
0.143975
0.077021
-0.040300
-0.099199
-0.106537
-0.063023
-0.012902
0.035162
0.057959
0.025192
0.021879
0.029378
0.028203
-0.022462
-0.109478
-0.147873
-0.098330
0.002075
0.102455
0.123702
0.087596
0.019674
-0.084521
-0.148726
-0.122517
-0.032150
0.044396
0.066726
0.037189
0.014567
0.008004
0.026958
0.043273
0.001565
-0.096469
-0.161578
-0.114144
0.008356
0.124481
0.141993
0.042691
-0.051641
-0.076940
-0.072427
-0.031370
0.017582
0.065504
0.073292
0.029701
-0.003899
0.005370
0.021286
0.018823
-0.006927
-0.079512
-0.104599
-0.021747
0.100205
0.156935
0.077197
-0.049555
-0.068993
-0.013316
0.027821
0.015700
-0.003157
-0.000840
0.004661
0.012739
0.023977
0.033440
0.039184
0.039146
-0.008559
-0.045483
-0.052925
-0.029528
0.024724
0.051258
0.012634
-0.025606
-0.021448
0.014790
0.064977
0.023557
-0.065607
-0.097911
-0.053388
0.045040
0.114898
0.106593
0.042472
