-0.002909
-0.003188
-0.003127
-0.002586
-0.001842
-0.001138
-0.000220
-0.000290
-0.000691
-0.001587
-0.001625
-0.001722
-0.001048
-0.000485
0.000265
0.001022
0.000772
0.000829
-0.000036
-0.000183
-0.001356
-0.000436
-0.002182
0.000092
-0.001641
0.000274
-0.002256
0.000048
-0.003042
-0.000631
-0.003464
-0.002237
-0.004441
-0.005349
-0.005423
-0.006455
-0.002739
-0.013693
-0.006207
-0.020380
-0.030799
-0.106225
-0.083661
-0.190002
-0.286823
-0.200513
-0.125231
-0.041973
0.117301
0.402220
0.445455
0.195771
-0.230190
-0.441406
-0.425598
-0.377738
-0.094220
0.505400
0.943290
0.827837
0.247311
-0.264739
-0.331853
-0.170765
0.041838
0.195173
0.312540
0.341906
0.033108
-0.408977
-0.488300
-0.214178
0.200193
0.387899
0.226792
-0.109913
-0.247209
-0.119198
0.048819
0.075145
-0.069423
-0.097541
0.001870
0.058938
-0.045247
-0.153563
-0.120137
0.070879
0.116849
-0.040794
-0.190352
-0.119637
0.108311
0.224687
-0.110661
-0.473147
-0.319044
-0.069441
0.198917
0.179827
0.006724
-0.035058
0.158634
0.271301
0.036209
-0.273326
-0.394013
-0.098708
0.297995
0.390392
0.075786
-0.345532
-0.493272
-0.249150
0.061704
0.129137
0.005682
0.010625
0.201135
0.264735
0.027104
-0.230543
-0.162326
0.157121
0.376195
0.190029
-0.201766
-0.316653
-0.040944
0.298946
0.336608
0.043908
-0.158157
-0.063789
0.159787
0.219623
0.029810
-0.118185
-0.035477
0.159407
0.212203
0.049227
-0.154417
-0.094668
0.156271
0.342595
0.274607
0.029614
-0.063864
0.014060
0.128601
0.178992
0.121712
0.109192
-0.009846
-0.251904
-0.398283
-0.486884
-0.467785
-0.325381
-0.025034
0.271331
0.274836
-0.000094
-0.187254
-0.087599
0.110686
0.138324
0.025845
-0.127048
-0.134233
-0.181671
-0.301576
-0.300561
-0.206003
0.055856
0.224181
0.220336
0.056537
-0.072224
0.010813
0.133950
0.069793
-0.174168
-0.360399
-0.231053
0.095070
0.280305
0.160387
-0.001795
0.054726
0.213898
0.211207
-0.055024
-0.283988
-0.313688
-0.135366
0.056110
0.128530
0.132751
0.120900
0.087495
0.015771
-0.078826
-0.112797
-0.034945
0.015445
0.034452
-0.004416
0.004382
0.120164
0.222567
0.223740
0.116548
-0.021659
-0.119225
-0.139424
-0.107922
0.018213
0.117701
0.133688
0.093271
0.052338
0.083847
0.152576
0.137346
0.042062
-0.108923
-0.220957
-0.184606
-0.038910
0.131047
0.179844
0.087751
-0.000301
0.028681
0.077947
0.056930
-0.045009
-0.077362
0.002499
0.075816
0.033611
-0.085515
-0.165769
-0.131404
-0.037382
-0.003895
-0.034375
-0.068989
-0.079792
-0.070891
-0.049148
-0.021054
0.009896
-0.014713
-0.058093
-0.094639
-0.079990
-0.004118
0.035133
0.011761
-0.038110
-0.049994
-0.018414
-0.009403
-0.045664
-0.080976
-0.063471
0.006687
0.060067
0.053715
-0.039742
-0.108680
-0.051382
0.042828
0.108245
0.075224
-0.009344
-0.060392
-0.021850
0.053668
0.064668
-0.005889
-0.052920
0.035630
0.127689
0.122388
-0.010662
-0.148838
-0.099280
0.034927
0.089904
0.023194
-0.062921
-0.040241
0.050461
0.103103
0.087636
-0.007640
-0.113169
-0.119606
-0.024688
0.065009
0.072166
0.036882
-0.013524
-0.033171
-0.006385
0.065382
0.144231
0.100594
-0.057463
-0.146253
-0.121698
0.001947
0.140958
0.163510
0.098830
0.006559
-0.040944
-0.031844
-0.030199
-0.027633
-0.038121
-0.032018
0.056762
0.111273
0.087996
0.046391
0.027535
-0.007284
-0.104734
-0.149153
-0.078512
0.036202
0.122472
0.129359
0.067074
-0.017896
-0.056586
-0.011842
0.014522
-0.044421
-0.115639
-0.088644
0.008402
0.101991
0.137775
0.046819
-0.094275
-0.127038
-0.037853
0.056572
0.102973
0.102842
0.054569
-0.049189
-0.125682
-0.112594
-0.054567
0.010198
0.057296
0.110814
0.127381
0.094110
0.000255
-0.125820
-0.202670
-0.193703
-0.059850
0.129085
0.219516
0.196297
0.075958
-0.093500
-0.183659
-0.185999
-0.100491
-0.000336
0.051633
0.056385
0.054540
0.105058
0.107852
0.036339
-0.030090
-0.113291
-0.181538
-0.166111
-0.054420
0.051060
0.123461
0.140181
0.104123
0.049200
-0.047594
-0.126634
-0.173994
-0.161330
-0.063010
0.080500
0.180526
0.156195
0.044783
-0.056905
-0.135557
-0.135711
-0.049262
0.012500
0.070822
0.100281
0.058596
-0.013295
-0.072240
-0.091876
-0.051995
0.029594
0.059592
0.090873
0.054903
-0.035424
-0.082598
-0.057454
0.003577
0.062660
0.106483
0.068866
-0.026062
-0.099774
-0.075156
-0.010324
0.060469
0.075032
0.029108
-0.032057
-0.046128
0.004937
0.054978
0.056927
-0.006796
-0.031803
0.022082
0.075029
0.050880
-0.045239
-0.094479
-0.013935
0.101761
0.102767
0.034514
-0.051462
-0.125511
-0.106696
-0.028560
0.085299
0.154176
0.091669
-0.053963
-0.169413
-0.114642
0.048159
0.135699
0.092874
-0.011572
-0.067833
-0.064771
0.021267
0.095404
0.076449
-0.045236
-0.128666
-0.085805
0.017436
0.087283
0.027814
-0.023576
-0.081991
-0.086593
-0.011265
0.082366
0.133133
0.065745
-0.060366
-0.163962
-0.140880
-0.004776
0.101177
0.103961
0.011039
-0.082493
-0.066073
0.006781
0.043149
0.000632
-0.032993
-0.032356
-0.040208
-0.025218
0.034493
0.084682
0.052046
-0.035595
-0.107791
-0.093923
-0.001319
0.067964
0.093159
0.047994
-0.031873
-0.081839
-0.070115
0.017774
0.080456
0.090127
0.007160
-0.111231
-0.128307
-0.017381
0.114790
0.143621
0.085869
-0.057154
-0.168547
-0.149897
-0.042331
0.088496
0.161619
0.143634
0.004166
-0.114764
-0.096279
-0.015576
0.064827
0.069104
0.006084
-0.019416
-0.007155
0.045588
0.055722
0.003287
-0.029539
-0.036820
-0.019229
-0.017141
-0.018636
-0.020347
-0.067793
-0.122495
-0.087225
-0.039576
0.035492
0.155529
0.166014
0.035757
-0.043846
-0.007396
0.042068
0.031232
0.023574
0.068582
0.058259
-0.010832
-0.094921
-0.137101
-0.087090
0.027620
0.064323
0.058210
0.036740
-0.012429
-0.041082
-0.027607
0.036632
0.038491
-0.021560
-0.014498
0.045127
0.060417
0.007756
-0.050447
-0.038157
-0.018392
-0.017670
-0.011158
0.004680
0.023593
0.026280
0.003185
-0.017800
-0.018522
-0.015438
-0.031398
-0.044429
0.010721
0.108773
0.131482
0.020721
-0.118006
-0.172320
-0.052098
0.103136
0.151192
0.119160
0.004171
-0.077632
-0.111709
-0.108769
-0.048855
0.026228
0.110845
0.124377
0.071473
-0.008022
-0.079146
-0.100468
-0.098300
-0.067914
-0.009459
0.090306
0.144513
0.065224
-0.054870
-0.096590
-0.081047
-0.047013
-0.004748
0.040643
0.061015
0.034996
-0.004739
-0.004501
0.014242
0.022862
0.001049
-0.074676
-0.068567
0.027023
0.080393
0.049525
-0.015846
-0.046850
-0.027376
-0.010550
0.002108
0.017568
0.011282
-0.002625
0.021261
0.078570
0.051615
-0.068600
-0.135750
-0.078416
0.046562
0.138296
0.104588
-0.014811
-0.082413
-0.062086
0.007789
0.056021
-0.005969
-0.068905
-0.058131
-0.004735
0.042289
0.058362
0.097084
0.050104
-0.067945
-0.123036
-0.073287
0.019164
0.067364
0.070741
0.068754
0.018162
-0.057397
-0.049372
-0.023811
0.013191
0.023301
0.000998
-0.005839
-0.015227
0.005168
0.029547
0.021756
-0.007732
