0.005168
0.003130
0.001504
0.000434
-0.000581
-0.002522
-0.002274
-0.002815
-0.001764
-0.004489
-0.002255
-0.004518
-0.000657
-0.004673
0.000639
-0.002674
0.004524
-0.000121
0.005070
0.000651
0.002971
-0.001302
-0.003374
-0.003333
-0.011070
-0.004917
-0.018872
-0.000459
-0.028139
0.002955
-0.034027
-0.021895
-0.140546
-0.043919
-0.205802
-0.321081
-0.125482
-0.115688
-0.068362
0.039173
0.509990
0.473170
0.279913
0.133085
0.135900
-0.059903
-0.627697
-0.735238
-0.395727
-0.178402
-0.144769
0.018005
0.387380
0.570612
0.335125
0.047398
-0.107938
0.066072
0.266507
0.483988
0.555988
0.428962
0.289273
0.209151
0.214429
0.021167
-0.283411
-0.382025
-0.336254
-0.434330
-0.674827
-0.585888
-0.012374
0.466276
0.406870
0.090866
0.022835
0.184104
0.310195
0.191349
-0.008836
-0.087259
-0.062704
0.087523
0.091369
-0.177930
-0.517653
-0.488514
-0.081803
0.204876
0.117078
-0.172106
-0.210399
-0.025407
0.179438
0.210362
0.040116
-0.086194
-0.145555
-0.029834
0.020140
0.001611
-0.032052
-0.131266
-0.065225
-0.036877
-0.139212
-0.147168
-0.109907
-0.016765
0.012360
-0.147267
-0.126950
0.091484
0.224306
0.182036
0.190216
0.215762
0.266093
0.084849
-0.211195
-0.189220
-0.021574
0.016704
-0.137515
-0.411159
-0.444892
-0.216878
0.014332
0.212159
0.208492
0.074560
-0.033858
0.018997
0.181924
0.352925
0.375839
0.328153
0.159735
-0.035280
-0.058183
0.141792
0.333365
0.302236
0.121010
-0.067800
-0.142469
-0.094695
-0.002454
0.009776
-0.027451
0.016769
0.048510
0.008025
-0.007236
0.010225
0.058955
0.012621
-0.112448
-0.255557
-0.331267
-0.219323
0.006711
0.152699
0.103543
-0.047734
-0.101240
-0.024976
0.068243
0.004180
-0.059477
-0.141759
-0.230051
-0.228467
-0.140878
-0.070696
-0.064994
-0.106842
-0.071858
-0.113454
-0.157658
-0.085989
-0.082280
-0.015577
0.106372
0.245306
0.140266
-0.035096
-0.086234
0.045677
0.071301
-0.066132
-0.170126
-0.216439
-0.201676
-0.177135
-0.064440
0.036514
0.089958
0.070080
0.031008
0.011957
0.020297
0.103339
0.171550
0.218022
0.196724
0.135755
0.059355
-0.103746
-0.138010
-0.072746
0.166320
0.322299
0.142420
-0.174927
-0.310098
-0.077522
0.224815
0.332605
0.125644
-0.130330
-0.199880
0.031350
0.398632
0.498550
0.251971
-0.091022
-0.154115
0.070741
0.310899
0.340866
0.268335
0.182833
0.111084
0.068755
-0.094613
-0.322391
-0.486832
-0.448670
-0.206263
0.022492
0.082712
0.049636
0.002474
-0.010099
-0.025280
-0.062511
-0.092542
-0.034321
0.117980
0.183565
0.111749
-0.011346
-0.165087
-0.245170
-0.178421
-0.079842
-0.107081
-0.305911
-0.407137
-0.270314
0.010596
0.138333
0.204743
0.196855
0.132232
0.048090
-0.058792
-0.049836
-0.064204
-0.121261
-0.273437
-0.282376
-0.344922
-0.281593
-0.039979
0.099318
0.167384
0.105551
0.036316
-0.046967
-0.059953
0.012246
0.103737
0.076623
-0.083159
-0.092518
0.086764
0.234017
0.224481
-0.037358
-0.225246
-0.174347
0.043592
0.232532
0.187189
0.019581
-0.080565
-0.055970
-0.008393
0.012633
0.043771
0.102374
0.152336
0.118898
0.004999
-0.015886
0.036393
0.129188
0.134650
0.038055
-0.024247
-0.022028
0.016960
0.050083
0.056430
0.075858
0.097706
0.112716
0.082697
-0.020598
-0.061495
0.044821
0.183636
0.152684
0.011153
-0.089263
-0.049518
0.026457
0.091715
0.098859
-0.007829
-0.059193
0.012564
0.081067
0.090148
0.048296
0.013673
0.083105
0.124402
0.100094
0.102537
0.132760
0.209387
0.189623
0.050016
-0.108997
-0.240367
-0.279595
-0.202771
-0.062096
0.008108
0.029521
-0.061437
-0.146115
-0.141285
-0.053727
0.118455
0.175871
0.088650
-0.095992
-0.238342
-0.266521
-0.170626
-0.068556
-0.040550
-0.031233
-0.023630
-0.054730
-0.137671
-0.148790
-0.009717
0.130171
0.134769
0.012268
-0.156574
-0.162714
-0.194418
-0.202582
-0.127200
-0.000222
0.000970
-0.082101
-0.075310
-0.085693
0.011942
0.201865
0.364828
0.223388
-0.140300
-0.329365
-0.202538
-0.066209
-0.089887
-0.132201
0.005686
0.152125
0.083300
-0.148063
-0.320399
-0.222636
0.024710
0.225206
0.192524
-0.000677
-0.158916
-0.108836
0.104501
0.236496
0.204422
0.078948
-0.036363
-0.102584
-0.099264
0.029541
0.229487
0.295237
0.153142
-0.062025
-0.154597
-0.042290
0.127396
0.157450
0.051586
-0.050417
-0.043651
0.069205
0.152888
0.139662
0.056413
-0.004057
-0.004712
-0.003284
0.020237
0.058088
0.091981
0.105347
0.039761
-0.059688
-0.086163
0.000730
0.147648
0.229664
0.123508
-0.020853
-0.076954
-0.035043
0.063413
0.095276
0.081984
0.045340
-0.022559
-0.061516
-0.044541
0.015652
0.073132
0.089873
0.085907
0.035233
-0.039588
-0.109607
-0.084566
-0.000429
0.051208
0.031594
-0.004027
0.003990
0.026931
0.051021
0.013286
-0.101925
-0.147718
-0.089140
0.007272
0.078800
0.054971
0.036752
0.010828
-0.025777
-0.093548
-0.207237
-0.210417
-0.048874
0.124862
0.184218
0.063861
-0.096773
-0.126751
-0.034417
0.027031
-0.013547
-0.110757
-0.171600
-0.097264
0.011491
0.075365
0.041398
-0.018649
-0.021395
-0.041774
-0.089793
-0.111060
-0.113119
-0.071639
-0.022366
0.047282
0.090877
0.058183
-0.016093
-0.097995
-0.133555
-0.089998
0.008203
0.046078
0.022490
-0.023893
-0.018055
0.000398
-0.006382
-0.033589
-0.061944
-0.011984
0.071533
0.106427
0.057402
-0.069695
-0.140024
-0.053724
0.102786
0.171516
0.095355
-0.037384
-0.116771
-0.072454
0.019384
0.091939
0.090181
0.050195
0.008056
-0.035354
-0.059765
-0.082345
-0.044214
0.045600
0.110564
0.117183
0.056587
-0.008144
-0.027515
-0.024362
0.000327
0.041739
0.059038
0.045522
0.026428
0.026340
0.037245
0.016051
-0.034259
-0.079449
-0.059560
-0.012295
0.021305
0.057582
0.098241
0.092207
0.035378
-0.045474
-0.109139
-0.086019
0.009473
0.112562
0.136445
0.040756
-0.079164
-0.096444
-0.032798
0.033493
0.036725
0.028993
0.005205
-0.034980
-0.053100
-0.065615
-0.045533
0.001580
0.052230
0.056447
0.019256
-0.025225
-0.027942
0.022561
0.037542
-0.036721
-0.130310
-0.142859
-0.044964
0.079471
0.116554
0.068065
-0.000675
-0.049649
-0.056070
-0.054046
-0.054439
-0.039751
-0.029467
-0.009550
0.001738
0.019479
0.066346
0.093007
0.052126
-0.038017
-0.133954
-0.146922
-0.060149
0.045702
0.099033
0.090029
0.041879
-0.064516
-0.137263
-0.123324
-0.029191
0.068691
0.077490
0.013710
-0.056103
-0.063086
-0.017432
0.042807
0.073309
0.063012
0.019350
-0.028797
-0.022903
-0.012426
-0.016011
0.032018
0.074056
0.044911
-0.040198
-0.081861
-0.033268
0.032725
0.070845
0.054128
0.007356
-0.017640
