-0.002459
-0.002327
-0.001680
0.000183
0.001263
0.000473
-0.000093
-0.000607
-0.000828
-0.002121
-0.001503
-0.002166
-0.000044
-0.000353
0.000243
-0.002811
-0.002570
-0.004883
-0.003849
-0.005262
-0.005267
-0.006359
-0.007446
-0.005769
-0.005848
-0.000121
-0.004053
0.001013
-0.007584
0.001795
-0.009221
0.004505
-0.007803
0.008063
-0.012084
-0.001521
-0.022946
-0.013391
-0.059158
-0.083996
-0.051797
-0.203955
-0.166846
-0.164112
-0.111727
-0.093984
0.070358
0.205686
0.127210
0.029799
0.014489
0.067301
0.130398
0.274357
0.505967
0.544024
0.332228
0.180384
-0.072336
-0.153693
-0.093728
-0.061221
-0.182971
-0.427018
-0.691053
-0.612949
-0.183853
0.271727
0.525236
0.424433
0.166203
0.016077
-0.000781
0.143384
0.395667
0.383678
0.084219
-0.360187
-0.567821
-0.388352
-0.045580
0.168459
0.109863
-0.167707
-0.324664
-0.181438
0.130633
0.375269
0.316839
0.123022
-0.055643
-0.090172
-0.041485
-0.002980
-0.018460
-0.101071
-0.143196
-0.123137
-0.072887
-0.009953
0.027143
0.049150
0.096758
0.093940
0.072779
-0.008804
-0.060176
-0.077820
-0.034487
-0.032798
-0.041126
-0.143479
-0.176282
-0.136205
-0.306149
-0.164408
-0.077731
-0.157808
-0.035962
0.203956
0.407206
0.357576
0.233551
0.126580
-0.113445
-0.416798
-0.514101
-0.062883
0.140868
0.146191
0.010474
-0.161948
-0.046163
-0.298115
-0.176786
0.222521
0.383083
0.473650
0.498402
0.419269
0.343999
0.211784
0.277395
0.400829
0.210942
-0.092060
-0.398239
-0.504103
-0.485938
-0.357645
-0.114641
0.122782
0.014398
-0.208332
-0.197613
0.006725
0.213572
0.280895
0.316944
0.404072
0.303432
-0.027437
-0.289153
-0.381492
-0.204440
0.038550
0.170443
0.042999
-0.318981
-0.529390
-0.326060
0.118625
0.479013
0.405199
0.074358
-0.251647
-0.296586
0.000887
0.232081
0.265605
-0.093586
-0.371786
-0.474338
-0.359140
-0.187390
-0.291604
-0.293344
-0.167893
0.045162
0.341159
0.483767
0.409496
0.198622
0.008796
-0.040553
-0.155765
-0.319479
-0.368092
-0.053147
0.177528
0.160146
-0.034764
-0.221798
-0.175823
-0.084314
-0.034506
-0.166050
-0.218715
-0.098656
0.087757
0.192297
0.239132
0.315286
0.460616
0.434434
0.223582
0.020191
0.133757
0.408616
0.457191
0.327509
0.222863
0.249662
0.102527
-0.228175
-0.600727
-0.635310
-0.385885
-0.004734
0.248654
0.152577
-0.078400
-0.135220
0.109361
0.364601
0.351342
0.159870
0.063336
0.099946
0.023270
-0.222599
-0.400263
-0.366525
-0.115241
0.187546
0.219610
-0.048821
-0.415308
-0.470771
-0.179191
0.107761
0.312203
0.299614
-0.017788
-0.418923
-0.627644
-0.634004
-0.044227
0.451427
0.420729
0.117482
-0.230774
-0.244502
-0.132075
-0.102088
-0.192855
-0.268698
-0.171574
0.150529
0.419747
0.336374
0.003697
-0.226123
-0.099900
0.236426
0.242594
-0.052041
-0.368855
-0.378096
-0.105627
0.132937
0.190785
0.225876
0.179131
-0.052051
-0.329891
-0.494329
-0.200249
0.340455
0.747194
0.635373
0.081582
-0.359900
-0.267984
0.220264
0.494125
0.321981
-0.016698
-0.116229
0.124974
0.347367
0.347718
0.205542
0.106295
0.207919
0.348687
0.277665
-0.039736
-0.378737
-0.563134
-0.469940
-0.199725
0.062253
0.306861
0.407563
0.350880
0.140716
-0.170591
-0.408562
-0.439954
-0.189239
0.168059
0.338696
0.166607
-0.146984
-0.324283
-0.284588
-0.119295
0.024044
0.120604
0.088453
-0.065809
-0.206472
-0.237221
-0.060410
0.137776
0.122250
-0.169176
-0.494889
-0.559713
-0.367078
-0.289150
-0.274285
-0.113359
-0.016969
0.051999
0.190659
0.392095
0.440849
0.280339
0.020700
-0.252931
-0.486928
-0.510333
-0.140704
0.384512
0.544177
0.201068
-0.269664
-0.448000
-0.244321
0.087833
0.317345
0.261733
0.044521
-0.155029
-0.235544
-0.146747
0.053048
0.355287
0.443078
0.228267
-0.116957
-0.319746
-0.086182
0.273618
0.357889
0.141789
-0.118625
-0.089407
0.116715
0.165035
0.013490
-0.157848
-0.145509
0.039192
0.190727
0.141511
0.010529
-0.003801
0.193799
0.357639
0.225211
0.016254
-0.029289
0.122473
0.268547
0.196161
-0.030178
-0.229059
-0.260609
-0.101672
0.076141
0.162401
0.187861
0.129483
0.050911
0.000180
-0.035891
-0.010768
0.040823
0.081872
0.104364
0.068358
0.137387
0.203837
0.070339
-0.108883
-0.162289
-0.258401
-0.429434
-0.433685
-0.194689
0.167506
0.275729
0.175901
-0.049875
-0.338718
-0.547171
-0.433721
0.025516
0.407751
0.410997
-0.008870
-0.431640
-0.555754
-0.266257
0.184444
0.420830
0.300520
0.033700
-0.194329
-0.290334
-0.290571
-0.081200
0.063979
-0.221466
-0.410283
-0.566317
-0.494487
-0.056078
0.488867
0.720565
0.371964
-0.098083
-0.248917
-0.167203
-0.127296
-0.115611
-0.039507
0.111104
0.204509
0.105210
-0.037282
-0.064028
0.008159
0.071384
0.035694
-0.018755
-0.067680
-0.095990
0.007678
0.142491
0.167052
0.179674
0.165811
0.094478
-0.031784
-0.071523
0.054045
0.122413
0.015832
-0.090811
-0.104199
0.040494
0.210712
0.214726
0.060255
-0.084762
-0.057292
0.048430
0.084912
0.071970
0.029043
-0.012502
0.025952
0.126492
0.184929
0.102169
0.025597
0.011140
0.032028
0.016898
-0.017089
-0.042945
-0.072619
-0.010913
0.122882
0.186633
0.118157
0.008569
-0.084873
-0.099088
-0.000243
0.064132
0.022883
-0.040845
-0.043495
0.036311
0.065479
0.049508
0.027183
-0.034023
-0.049070
-0.023973
0.040968
0.064493
-0.041829
-0.129425
-0.107842
-0.003674
0.064004
0.033940
-0.021682
-0.080318
-0.067619
0.009652
0.002189
-0.099066
-0.099305
0.049346
0.124797
0.065563
-0.125112
-0.196832
-0.055892
0.106412
0.086699
-0.079021
-0.180589
-0.094138
0.067134
0.117524
0.091536
0.000290
-0.076915
-0.122331
-0.088788
-0.057834
-0.035528
-0.018866
0.033201
0.033618
-0.038256
-0.044565
-0.036100
-0.090781
-0.138905
-0.076602
0.028819
0.078359
0.018354
-0.033199
-0.030745
0.016301
0.075153
0.076869
-0.039712
-0.173230
-0.167461
-0.023710
0.099085
0.104958
0.039812
0.001942
-0.022722
-0.057315
-0.057159
-0.030049
0.055051
0.129870
0.066724
-0.090323
-0.174048
-0.060247
0.152139
0.209702
0.065934
-0.141209
-0.161557
-0.018840
0.153299
0.180562
0.064614
-0.001586
-0.051680
-0.058386
-0.028501
0.079436
0.153170
0.093125
-0.020333
-0.122776
-0.106646
0.004484
0.125833
0.145273
0.027482
-0.082275
-0.091112
-0.039778
0.019233
0.039580
0.038806
0.019101
0.007291
0.012020
0.018055
0.065916
0.077208
0.034732
-0.029805
-0.059184
-0.038892
-0.027881
-0.038469
-0.004516
0.070646
0.084728
0.013057
-0.074920
-0.114640
-0.089086
-0.013747
0.069287
0.089831
0.001310
-0.034912
0.011778
0.055761
0.014610
-0.079926
-0.116908
-0.077181
0.030584
0.121462
0.136531
0.036631
-0.105291
-0.171132
-0.129114
-0.032629
0.056555
0.075215
0.013273
-0.015373
-0.044772
-0.054764
0.012149
0.046092
0.035417
-0.023038
-0.053915
-0.025166
0.019819
0.040939
0.000080
-0.032404
-0.072166
-0.068386
0.018809
0.076831
0.060541
0.006093
-0.032905
-0.023679
-0.010388
-0.030856
-0.044900
-0.007848
-0.009616
-0.019111
0.045842
0.104356
0.080665
-0.033170
-0.090765
-0.057064
0.029412
0.094955
0.075638
-0.004489
-0.095872
-0.111013
-0.034431
0.088545
0.161454
0.113120
-0.025438
-0.154748
-0.144804
-0.036771
0.083827
0.166532
0.145201
0.052818
-0.053233
-0.086669
-0.034664
0.033249
0.075274
0.073753
-0.016885
-0.124016
-0.138496
-0.020440
0.109398
0.129925
0.051998
-0.052011
-0.085735
-0.003590
0.072544
0.037000
0.008216
0.018166
0.019099
-0.016665
-0.029907
-0.023252
-0.023293
-0.008795
-0.005393
-0.002899
-0.031074
-0.040086
0.031083
0.097934
0.095399
0.008782
-0.040718
-0.052277
-0.040171
0.038858
0.068736
0.028572
-0.035290
-0.059336
-0.064236
-0.047779
-0.055950
-0.060710
-0.006630
0.060936
0.117976
0.088238
-0.009513
-0.098483
-0.115365
-0.074211
0.018906
0.098979
0.090779
-0.000551
-0.054433
-0.043553
-0.027091
-0.038143
-0.045777
-0.021052
0.028180
0.075500
0.047245
-0.024702
-0.075298
-0.065982
-0.025223
0.010552
0.026904
0.042449
0.036182
0.020648
-0.012761
-0.051919
-0.068600
-0.018399
0.064535
0.095151
0.069532
-0.026469
-0.108288
-0.092085
-0.002144
0.064343
0.088016
0.061662
-0.014585
-0.069698
-0.051997
-0.004878
0.038848
0.042876
-0.015387
-0.038251
0.005544
0.065319
0.089811
0.074976
-0.007128
-0.111280
-0.114860
-0.007036
0.093283
0.080235
-0.003378
-0.123175
-0.174119
-0.083290
-0.022601
-0.015937
0.046925
0.100476
0.111098
0.142368
0.092697
0.018210
-0.043446
-0.074369
-0.004014
0.030605
0.058623
0.054103
-0.000934
-0.037725
-0.037341
-0.034557
-0.021145
0.004479
-0.003470
-0.030758
-0.058453
-0.032928
0.032682
0.081469
0.066779
-0.024185
-0.120379
-0.103426
0.014215
0.086577
0.059568
-0.012373
-0.050273
-0.011138
0.065527
0.088077
-0.003737
-0.114659
-0.147508
-0.064117
0.049221
0.096181
0.086063
0.005321
-0.076135
-0.100691
-0.063675
0.014108
0.086622
0.110350
0.077090
0.004835
-0.047172
-0.044254
-0.005431
0.046375
0.058916
0.038991
-0.005822
-0.016193
-0.027986
-0.060268
-0.058883
-0.036552
0.002279
0.023036
0.057639
0.056078
0.017753
-0.040819
-0.078230
-0.030967
0.033313
