0.002863
0.002164
0.001018
-0.000901
-0.002573
-0.003302
-0.003519
-0.003820
-0.004215
-0.002828
-0.002049
-0.000016
-0.000447
0.001504
0.001142
0.003293
0.000626
0.001301
-0.003381
-0.003095
-0.005133
-0.005372
-0.009049
-0.008740
-0.005072
-0.005377
-0.001458
-0.003615
0.006500
-0.001831
0.007396
-0.007943
0.008509
-0.006036
0.004869
-0.017829
0.007216
-0.032086
-0.019147
-0.120615
-0.062242
-0.095203
-0.422002
-0.012063
-0.208476
-0.287889
0.048725
0.139816
0.269906
0.158987
0.178490
0.360684
0.316533
-0.080600
0.101012
0.425995
0.317134
0.250331
0.223132
0.211712
0.008355
-0.436889
-0.700347
-0.792523
-0.675098
-0.231612
0.143868
0.317350
0.336466
0.297429
0.308653
0.238513
0.240106
0.346386
0.364474
0.182421
-0.248871
-0.547536
-0.471790
-0.147775
0.029988
-0.144276
-0.295291
-0.218355
-0.001038
0.155740
0.198886
0.216061
0.150609
0.151323
0.172375
0.087664
0.040422
-0.147623
-0.213617
-0.152791
-0.187016
-0.136188
-0.130451
-0.067296
0.023044
0.118408
0.159975
0.155251
0.098967
0.035979
-0.015077
0.005766
-0.029474
-0.087277
-0.163630
-0.168046
-0.093973
-0.013782
0.002791
-0.123067
-0.018967
-0.354321
-0.153001
-0.124020
-0.329591
-0.019464
0.143252
0.393860
0.346474
0.275747
0.042021
-0.236868
-0.351511
-0.278624
0.061999
0.103377
0.076370
0.170273
-0.121823
-0.346603
-0.273986
0.072563
0.427083
0.518624
0.389152
0.214557
0.201810
0.338467
0.540636
0.663612
0.348721
-0.068336
-0.432843
-0.771994
-0.676641
-0.424929
-0.090367
0.027426
-0.089555
-0.159212
-0.077329
0.181057
0.390714
0.469147
0.417653
0.260995
0.142598
-0.054271
-0.212634
-0.188526
-0.142883
-0.064893
-0.187368
-0.353881
-0.314463
-0.166528
0.095908
0.170951
0.122513
0.082383
0.105491
0.185641
0.129391
0.014639
-0.056574
-0.082619
-0.053644
-0.150915
-0.234222
-0.318221
-0.309574
0.018482
-0.134087
-0.340065
-0.253295
-0.202319
-0.146190
0.064935
0.292494
0.308193
0.185899
0.119419
0.223303
0.076673
-0.225194
-0.213677
0.016773
0.005507
-0.092020
-0.177089
-0.256303
-0.219557
-0.006691
0.268175
0.219834
-0.019077
-0.247091
-0.149424
-0.017724
0.038009
0.234547
0.257389
0.268121
0.298347
0.361946
0.425826
0.473923
0.475618
0.295767
-0.057601
-0.328416
-0.113442
0.171414
0.050803
-0.167229
-0.352405
-0.351351
-0.096032
0.192684
0.286005
0.091959
-0.122722
-0.068180
0.118574
0.108647
0.075056
0.159506
0.191365
0.011347
-0.302875
-0.493349
-0.315398
0.156412
0.446471
0.317471
-0.150378
-0.492019
-0.536057
-0.187691
0.084673
0.290191
0.148421
-0.164134
-0.303412
-0.335211
-0.207187
-0.114004
0.271987
0.073591
-0.096139
-0.343683
-0.317554
0.079439
0.270801
0.263909
-0.082821
-0.302431
-0.449704
-0.381235
-0.264524
0.006779
0.376044
0.456222
0.207431
-0.148607
-0.374009
-0.082817
0.351854
0.492134
0.155606
-0.364523
-0.523614
-0.206300
0.234987
0.388808
0.359209
0.157904
-0.180638
-0.451523
-0.350487
0.030478
0.399091
0.342535
0.033102
-0.120522
0.042726
0.396382
0.482993
0.330993
0.017330
-0.174722
-0.087742
0.164715
0.355221
0.328991
0.302125
0.303627
0.139458
0.028934
0.156918
0.279141
0.116039
-0.244730
-0.461836
-0.466691
-0.357889
-0.149543
0.144782
0.314559
0.246493
0.102340
-0.058365
-0.201744
-0.158484
0.013088
0.143505
0.085551
-0.193401
-0.329030
-0.230671
-0.036219
0.070902
-0.085105
-0.135686
-0.146095
-0.098297
-0.025858
0.054439
0.119846
0.077805
0.066092
0.032854
-0.075424
-0.355769
-0.544864
-0.535749
-0.339442
-0.179508
-0.133658
-0.142456
-0.140071
-0.054715
0.177461
0.270918
0.179755
0.060239
-0.011205
0.084768
0.101536
0.128999
0.030173
-0.133408
-0.317949
-0.255866
-0.042763
0.066489
0.091915
0.052439
0.092817
0.026771
-0.059405
-0.132801
-0.164102
-0.127018
0.088360
0.351569
0.422680
0.208574
-0.059603
-0.124819
-0.018095
0.142645
0.163651
0.113220
0.016459
-0.005814
0.000731
0.062594
0.148645
0.123337
0.046779
-0.046669
-0.061246
0.013676
0.141436
0.374413
0.480143
0.259673
-0.057357
-0.217731
-0.079440
0.046517
0.093613
0.087276
0.049239
-0.005794
-0.065888
0.024518
0.073526
0.016217
-0.039793
-0.019514
0.031146
0.078624
0.082342
0.082956
0.044258
-0.029328
-0.057883
-0.011974
0.034052
-0.031953
0.071374
0.182140
0.073523
-0.047190
-0.050920
0.080754
0.154756
0.118578
0.036010
-0.172630
-0.447708
-0.515799
-0.233517
0.116844
0.287673
0.230774
0.034975
-0.128704
-0.262643
-0.207771
-0.031087
0.098223
0.100978
-0.160907
-0.404373
-0.463629
-0.292189
-0.042204
0.136012
0.162607
-0.034064
-0.222061
-0.270648
-0.115196
0.111660
0.255903
0.173054
-0.137917
-0.415426
-0.407493
-0.042930
0.318527
0.304419
-0.042760
-0.328682
-0.273801
-0.002027
0.192143
0.150093
-0.019241
-0.189067
-0.163200
0.067290
0.297549
0.313671
0.103838
-0.148652
-0.274581
-0.156701
0.068697
0.217705
0.225245
0.116805
0.020715
-0.021301
-0.028843
-0.020562
-0.041634
-0.010415
0.038502
0.119428
0.151594
0.089841
0.044149
0.038203
0.069381
0.046870
-0.014787
-0.028667
0.043589
0.143109
0.209696
0.177891
0.005032
-0.190605
-0.205785
-0.059926
0.128836
0.235476
0.183149
0.090784
0.014498
0.030854
0.093726
0.095198
0.015723
-0.098184
-0.099044
-0.018426
0.077154
0.117616
0.053457
-0.008696
-0.021597
-0.018353
-0.044804
-0.108898
-0.127646
-0.043983
0.125294
0.196168
0.113535
0.027337
-0.060905
-0.115574
-0.092767
-0.088229
0.021088
0.104364
0.080684
0.061692
-0.038258
-0.123407
-0.174716
-0.108129
0.004578
0.130631
0.150760
0.036090
-0.129775
-0.289970
-0.221785
-0.022792
0.120618
0.152608
0.120047
0.086080
-0.029366
-0.191444
-0.222168
-0.201973
-0.083621
0.013337
0.057903
0.103856
0.085721
0.034234
-0.069010
-0.155280
-0.133781
-0.004729
0.067223
0.047834
0.001215
-0.046477
-0.074121
-0.030528
-0.013871
-0.034275
-0.014107
0.041011
0.044011
-0.055628
-0.093890
-0.064650
-0.036863
-0.029206
-0.031987
0.001063
0.034894
0.101713
0.136637
0.064991
-0.076090
-0.161730
-0.108541
-0.019902
0.044207
0.020162
0.018447
0.095254
0.150758
0.123493
-0.014255
-0.134270
-0.124181
-0.044343
0.010971
0.010838
0.012754
0.070510
0.132748
0.089098
-0.021941
-0.088510
-0.057693
0.023442
0.030052
-0.003465
0.034875
0.159998
0.202412
0.102447
-0.073758
-0.207144
-0.133650
0.044963
0.125774
0.108622
0.052790
-0.006087
-0.024220
-0.035384
-0.051168
-0.006257
0.088419
0.121909
0.078474
-0.047877
-0.081519
0.011025
0.064413
0.064175
0.005869
-0.074290
-0.118082
-0.062020
-0.000089
0.039298
0.033844
0.005246
0.019129
0.017365
-0.023797
-0.014658
0.017210
0.022141
0.031514
0.028979
0.004414
-0.022499
-0.024211
-0.042118
-0.008582
-0.004987
-0.023451
-0.051265
-0.068885
-0.041680
-0.030908
