-0.000694
0.001107
0.002946
0.003005
0.002733
0.000427
0.000028
-0.000970
0.000183
-0.000292
0.000666
-0.001068
-0.001977
-0.004570
-0.004043
-0.002395
-0.001099
-0.001348
-0.004421
-0.003980
-0.008074
-0.004553
-0.008479
0.001717
-0.003800
0.006280
-0.004430
0.005704
-0.009551
-0.000284
-0.009759
0.003839
-0.003325
0.003610
-0.008495
-0.012206
-0.010740
-0.035388
-0.043525
-0.145603
-0.001187
-0.295740
-0.226796
-0.062809
-0.065425
-0.028986
0.141181
0.454707
0.128340
-0.051429
-0.102953
0.022567
-0.086043
-0.124082
0.228037
0.397445
0.127885
-0.062534
0.082786
0.255719
0.428214
0.607687
0.532580
-0.023102
-0.582308
-0.830323
-0.609866
-0.292521
-0.042378
0.165847
0.236790
0.179992
-0.012980
-0.161245
0.030355
0.418275
0.621524
0.392351
-0.050453
-0.272629
-0.267336
-0.133844
-0.082231
-0.115474
-0.147251
-0.134327
-0.072755
-0.167027
-0.262463
-0.053783
0.375809
0.659079
0.358839
-0.209358
-0.401434
-0.054510
0.373318
0.252211
-0.208582
-0.559119
-0.373023
0.082926
0.260623
0.055454
-0.181360
-0.090538
0.245812
0.375504
0.085312
-0.297080
-0.352166
0.045396
0.054599
-0.063380
-0.441368
-0.713150
-0.276419
0.252495
0.466834
0.214636
0.119933
0.269172
0.438370
0.174968
-0.241472
-0.296487
-0.257998
-0.128928
-0.001194
-0.073704
-0.229297
-0.270206
-0.089484
0.176329
0.221204
0.088153
0.034390
0.102044
0.238716
0.312518
0.361994
0.262922
0.249700
0.277845
0.301930
0.234091
0.015074
-0.112570
-0.194559
-0.161307
-0.378852
-0.519180
-0.416602
-0.081597
0.280165
0.370407
0.186479
-0.075382
-0.138590
0.029063
0.305084
0.267527
0.000431
-0.199629
-0.174175
-0.000323
0.059548
-0.049032
-0.159433
-0.171775
-0.104217
-0.049143
-0.058403
-0.063170
0.048508
0.172187
0.145242
-0.035528
-0.242200
-0.253451
-0.122227
-0.112818
-0.222622
-0.272811
-0.166978
0.096539
0.397502
0.341043
-0.014796
-0.428950
-0.482028
-0.176252
-0.009169
0.218351
0.338722
0.408039
0.243465
-0.096373
-0.232798
-0.171536
0.024603
0.057478
-0.047824
-0.241972
-0.351756
-0.171931
0.127782
0.302537
0.191969
-0.124805
-0.264547
-0.123399
0.186421
0.392497
0.380348
0.150370
-0.137349
-0.242671
-0.036314
0.363800
0.580341
0.384751
-0.017353
-0.272260
-0.203848
0.199326
0.585088
0.597432
0.127904
-0.297118
-0.267498
0.006241
0.075378
-0.114931
-0.269392
-0.291692
-0.124934
0.173117
0.270574
0.121526
-0.071507
-0.047162
0.087322
0.011753
-0.127291
-0.130930
0.063938
0.179213
0.062046
-0.225336
-0.430928
-0.300348
0.077619
0.312974
0.237504
-0.035487
-0.327513
-0.453784
-0.393298
-0.151472
0.034977
-0.039628
-0.161054
-0.290656
-0.403393
-0.249832
0.182035
0.615199
0.626347
0.243808
-0.210847
-0.436750
-0.426120
-0.220306
0.111246
0.320063
0.259336
-0.051278
-0.328838
-0.462067
-0.298804
0.118604
0.451997
0.486278
0.136642
-0.268564
-0.407383
-0.208249
0.173823
0.416065
0.347880
0.047239
-0.185400
-0.156875
0.049116
0.225553
0.196385
0.026069
-0.100063
-0.087594
0.026737
0.120553
0.074201
0.002286
0.026661
0.109168
0.128540
0.021534
-0.042174
-0.035326
0.077694
0.187287
0.212259
0.106378
0.004062
0.013141
0.059666
0.090011
0.052155
0.045760
0.102669
0.198698
0.185770
0.018727
-0.107100
-0.048200
0.199432
0.455524
0.330586
0.094608
-0.120005
-0.323754
-0.353682
-0.311168
-0.278192
-0.236257
-0.172769
-0.011160
0.209061
0.258977
0.151448
-0.073600
-0.282796
-0.344430
-0.184728
0.081846
0.305786
0.260787
-0.067729
-0.411455
-0.516765
-0.257162
0.091041
0.244919
0.107849
-0.125237
-0.326666
-0.226842
0.030460
0.301071
0.376119
0.070387
-0.240945
-0.626663
-0.509885
-0.240770
-0.063414
0.060824
0.119978
0.182318
-0.006358
-0.107705
-0.102636
0.046495
0.077516
0.056730
0.109652
0.093689
-0.055576
-0.192925
-0.132259
0.171330
0.367272
0.276581
-0.021017
-0.305114
-0.259526
-0.003120
0.269634
0.224905
-0.064418
-0.187981
-0.025260
0.216804
0.274380
0.112197
0.003349
0.016022
0.026275
-0.051777
-0.115049
-0.067222
0.063766
0.184743
0.179733
0.088050
-0.045488
-0.094605
-0.042656
0.017707
0.022768
0.009110
0.029482
0.094859
0.146797
0.153775
0.135224
0.088497
0.036204
-0.035564
-0.077110
-0.083927
-0.017402
0.037650
0.039144
0.059282
0.034265
0.022907
0.037452
0.056856
0.044843
-0.060644
-0.119160
-0.060466
0.010371
0.058703
0.076974
0.071707
0.007984
-0.035098
-0.039589
-0.003256
0.008736
-0.048883
-0.070176
-0.060853
0.037867
0.128865
0.114891
-0.015763
-0.180836
-0.236579
-0.127667
0.012245
0.053356
0.039125
0.062899
0.101075
0.087658
-0.024895
-0.122595
-0.161052
-0.153909
-0.039364
0.116873
0.207130
0.116260
-0.047949
-0.184128
-0.210712
-0.132370
0.016996
0.137554
0.106813
-0.034356
-0.122045
-0.082375
0.016115
0.088206
0.061714
-0.024065
-0.120032
-0.118872
-0.027176
-0.010246
-0.029058
-0.001950
0.014933
0.015318
-0.011578
-0.013275
-0.014203
-0.075650
-0.120451
-0.054361
0.062064
0.098153
0.097236
0.044832
-0.027974
-0.092251
-0.121974
-0.082838
-0.001667
0.070445
0.066631
0.005505
0.012412
0.046083
0.027607
0.035975
0.012270
-0.026218
-0.065365
-0.087566
-0.058064
0.010793
0.075141
0.151722
0.188283
0.063311
-0.127728
-0.192077
-0.114529
0.054678
0.156920
0.129592
0.123496
0.114376
0.093941
0.011504
-0.089089
-0.122858
-0.108330
-0.060713
0.003130
0.050341
0.090653
0.108439
0.109237
0.078486
-0.050426
-0.159712
-0.159205
-0.068153
0.019081
0.093630
0.165707
0.161599
0.090545
-0.026499
-0.132254
-0.174656
-0.132771
0.011614
0.181374
0.234383
0.121104
-0.059678
-0.196700
-0.190621
-0.077424
0.035709
0.098252
0.102733
0.045189
-0.035039
-0.060771
-0.033153
-0.015055
-0.051187
-0.094817
-0.084326
0.019167
0.135935
0.154312
0.077751
-0.037996
-0.145390
-0.170600
-0.113127
-0.000422
0.078920
0.086571
0.043892
-0.028620
-0.070798
-0.083092
-0.023086
0.036030
0.034193
-0.037930
-0.050681
-0.017927
-0.015975
-0.006331
-0.010508
0.026128
0.035466
-0.017156
-0.046551
0.008182
0.046318
0.020236
-0.053240
-0.113723
-0.035825
0.073645
0.116997
0.088977
0.001453
-0.049428
-0.021375
0.016306
-0.001267
-0.066012
-0.071713
0.001865
0.083996
0.097951
0.014727
-0.023742
-0.024842
-0.036373
-0.056877
-0.030274
0.032378
0.059465
0.065592
0.025076
0.019355
0.044478
0.053219
0.028678
-0.025733
-0.102710
-0.133199
-0.026721
0.120903
0.168018
0.071832
-0.039842
-0.097779
-0.079563
-0.013008
0.060520
0.061592
-0.032462
-0.041554
0.013180
0.101849
0.159004
0.086387
-0.057890
-0.208781
-0.217852
-0.046700
0.188364
0.269969
0.131970
-0.076111
-0.205474
-0.160027
0.012058
0.143371
0.096588
-0.028011
-0.088376
-0.032987
0.036942
0.068405
0.044099
-0.016133
-0.051082
-0.044391
0.008711
0.029951
0.037069
-0.003493
-0.056144
-0.070911
-0.044398
0.046308
0.086398
0.025918
-0.061810
-0.119874
-0.096019
0.016941
0.116396
0.112976
0.000706
-0.131498
-0.150214
-0.039836
0.085955
0.145350
0.099360
-0.006981
-0.070242
-0.080569
-0.030224
0.028486
0.033650
0.003286
-0.024839
-0.012876
0.001702
-0.019172
-0.029420
-0.026927
-0.021700
0.012840
0.029385
0.034663
0.048420
0.024637
-0.018983
-0.047100
-0.066655
-0.025315
0.059287
0.085211
0.043997
-0.040129
-0.089083
-0.050050
0.026516
