-0.001450
0.000320
0.001019
0.000293
-0.001265
-0.001860
-0.000907
-0.000212
-0.000633
-0.000319
0.000409
0.000197
-0.001534
-0.001619
0.000571
0.002610
0.002301
-0.000724
-0.004178
-0.006610
-0.006598
-0.006789
-0.004275
-0.001523
0.004321
0.005662
0.007804
0.004232
0.003719
0.000152
-0.000614
-0.007894
-0.012747
-0.015928
-0.015905
-0.012164
-0.011403
-0.001131
-0.001679
0.007121
-0.004898
0.007612
-0.005165
0.010691
-0.006603
0.014253
-0.002502
0.013243
-0.015941
-0.011297
-0.031784
-0.046119
-0.161318
-0.176546
-0.079177
-0.496792
-0.102143
0.053554
0.055058
0.215394
0.489784
0.528818
-0.069560
-0.345532
-0.597961
-0.265330
-0.283160
-0.090822
0.526135
0.778107
0.601565
0.156898
0.051110
0.269985
0.464029
0.412801
0.143071
-0.265297
-0.454021
-0.544642
-0.513560
-0.488311
-0.373985
-0.040004
0.276451
0.259720
0.025309
0.010983
0.247465
0.411831
0.323376
0.114297
0.102760
0.198806
0.003288
-0.376515
-0.697309
-0.491262
0.005850
0.328643
0.170376
-0.348140
-0.465958
-0.063771
0.592925
0.772562
0.294461
-0.308372
-0.441755
-0.091563
0.180862
0.096339
-0.249959
-0.390417
-0.184697
0.087212
0.165424
0.037599
-0.051841
0.059731
0.248709
0.252348
0.031832
-0.190066
-0.213409
-0.114133
0.004825
-0.013242
-0.379897
-0.431825
-0.323079
-0.289430
-0.007603
0.299234
0.420637
0.304943
0.268879
0.298377
0.145479
-0.254002
-0.497924
-0.321665
-0.180145
-0.022785
0.203688
0.197327
0.044834
-0.267396
-0.298073
0.059956
0.458948
0.471677
0.007454
-0.443518
-0.472277
-0.172564
0.090597
0.234156
0.118272
0.028851
0.109185
0.384667
0.498308
0.403870
0.398390
0.489765
0.423703
-0.031429
-0.321070
-0.257301
-0.071643
-0.165219
-0.519953
-0.654969
-0.395267
0.105712
0.396505
0.341407
0.097179
-0.069048
0.070890
0.282354
0.369517
0.250000
0.066054
-0.143291
-0.379741
-0.558744
-0.502764
-0.120701
0.274112
0.295715
-0.085755
-0.433135
-0.323777
0.178988
0.574347
0.516030
0.057961
-0.296413
-0.349612
-0.140489
-0.014040
-0.040796
-0.208127
-0.278787
-0.212695
-0.288539
-0.281485
-0.159080
0.135746
0.392261
0.389972
0.033215
-0.310649
-0.355933
-0.067010
0.195095
0.173675
0.026426
0.046499
0.190889
0.199922
-0.011234
-0.361809
-0.389052
-0.075182
0.267966
0.265204
-0.056223
-0.299681
-0.158860
0.080019
0.185209
0.079014
-0.036844
-0.047370
-0.045952
-0.020552
-0.028078
0.061178
0.149922
0.183828
0.153553
0.130391
0.124187
0.020919
-0.064738
-0.088769
-0.012689
0.123890
0.236856
0.313536
0.284423
0.224691
0.321139
0.402739
0.346881
0.199275
-0.008467
-0.048413
-0.085441
-0.274602
-0.589820
-0.683526
-0.379181
0.131768
0.470649
0.350180
0.041907
-0.217929
-0.273291
-0.112764
0.121226
0.286466
0.361645
0.287440
0.045502
-0.267904
-0.465895
-0.376524
-0.095558
0.112545
0.085510
-0.148198
-0.360427
-0.287124
0.040750
0.282909
0.242066
-0.007790
-0.263121
-0.328088
-0.205095
-0.044935
-0.149462
-0.361509
-0.469719
-0.342104
0.099525
0.545276
0.659360
0.323570
-0.127953
-0.372661
-0.343122
-0.198004
-0.048880
0.183375
0.365404
0.222576
-0.156935
-0.467196
-0.361285
0.051697
0.406067
0.386553
-0.007060
-0.318988
-0.325052
-0.045485
0.197229
0.248361
0.174637
0.079201
0.024604
-0.065369
-0.059984
0.082094
0.203751
0.201871
-0.025366
-0.249710
-0.174759
0.085447
0.299874
0.229024
-0.069724
-0.208809
-0.092980
0.108493
0.168572
0.118961
0.063947
0.077293
0.110102
0.039560
-0.053830
-0.110388
0.012826
0.197564
0.245087
0.094163
-0.076690
-0.069353
0.072763
0.116353
0.032700
-0.065848
-0.080059
0.076687
0.263632
0.423182
0.334126
0.101337
-0.140182
-0.188962
-0.086379
-0.031614
0.025705
-0.006084
-0.141345
-0.378291
-0.427373
-0.221690
0.083548
0.298313
0.364183
0.209445
-0.168882
-0.542404
-0.517738
-0.056045
0.424704
0.498422
0.080978
-0.357022
-0.564132
-0.409062
-0.023336
0.276474
0.292548
0.035795
-0.235350
-0.316718
-0.184744
0.143282
0.458268
0.454795
0.010937
-0.440426
-0.568141
-0.346427
0.021047
-0.081859
-0.195682
-0.207331
-0.158303
0.124927
0.312077
0.251038
-0.023430
-0.173269
-0.060125
0.047197
-0.158552
-0.281937
-0.015775
0.376962
0.475157
0.157744
-0.186386
-0.215571
-0.081032
0.058799
0.088678
-0.054217
-0.089813
-0.015851
0.112730
0.168285
0.048910
0.017965
0.077095
0.054658
-0.036800
-0.082591
0.049401
0.172062
0.095608
-0.064113
-0.077285
0.091963
0.240388
0.168193
-0.088736
-0.228797
-0.152489
0.066378
0.223254
0.132569
-0.021863
-0.045708
0.101023
0.243532
0.165002
-0.011218
-0.109667
-0.068099
0.026514
0.078877
0.087081
0.058899
0.039564
0.036582
0.015476
-0.021681
-0.043027
-0.049617
-0.037254
0.017569
0.074165
0.078862
0.054849
0.012395
-0.004902
-0.013072
0.012575
0.026737
-0.009707
-0.038384
-0.054203
-0.017010
0.032699
-0.004975
-0.076033
-0.084182
-0.039993
0.053449
0.115890
0.107611
0.029542
-0.098172
-0.207442
-0.162708
-0.007336
0.133232
0.156062
0.017274
-0.133160
-0.185041
-0.112338
0.028793
0.102452
0.052352
-0.000284
-0.016199
-0.038496
-0.054140
-0.046295
-0.004786
0.048737
-0.009921
-0.115108
-0.124752
-0.040513
0.028488
0.014204
-0.050063
-0.060364
0.042632
0.117265
0.077456
-0.054922
-0.185618
-0.166236
-0.031787
0.075343
0.085898
-0.009816
-0.081509
-0.037337
0.044412
0.049590
-0.014329
-0.054842
-0.051648
-0.050403
0.011061
0.050917
0.048341
0.021611
0.001661
0.038773
0.039990
0.013254
-0.044408
-0.082077
-0.081115
0.010059
0.106446
0.112106
0.064290
-0.015084
-0.041666
-0.014569
0.015760
0.014888
-0.026469
0.000262
0.062235
0.024936
-0.030005
-0.004063
0.052036
0.072013
0.029890
-0.047568
-0.067803
-0.033121
0.068613
0.155092
0.120128
0.003075
-0.098235
-0.131792
-0.104673
-0.004434
0.111297
0.132282
0.036520
-0.053421
-0.074072
-0.019332
0.071017
0.108982
0.058099
-0.033743
-0.092323
-0.087603
-0.057250
-0.019905
0.041429
0.077787
0.052445
0.002598
-0.037148
-0.059690
-0.046688
-0.029788
0.011074
0.036417
0.057662
0.051557
-0.033610
-0.122306
-0.152685
-0.063881
0.038274
0.106993
0.096649
0.028898
-0.017638
-0.037821
-0.039003
-0.050267
-0.048220
-0.017980
0.022790
0.021565
-0.023597
-0.060057
-0.031259
0.031837
0.046411
-0.023052
-0.096925
-0.094381
-0.018208
0.092756
0.135443
0.078982
-0.050267
-0.177813
-0.172023
-0.040416
0.090649
0.131731
0.097416
0.018437
-0.059120
-0.082362
-0.046781
0.005562
0.017826
0.016906
0.057312
0.088856
0.037892
-0.042613
-0.069588
-0.036404
0.005922
0.025643
0.035140
0.035289
0.014849
0.002585
-0.012004
-0.052229
-0.072800
-0.032947
0.064834
0.134237
0.113395
0.024235
-0.061041
-0.063696
-0.007789
0.024089
0.011288
-0.017245
-0.036757
-0.042953
-0.028246
0.033419
0.077619
0.081790
0.057811
-0.000529
-0.055919
-0.075991
-0.017042
0.063529
0.118475
0.087651
-0.011735
-0.062561
-0.068049
-0.023205
0.029473
0.039602
0.016124
-0.033876
-0.050883
0.011791
0.108294
0.107976
0.001400
-0.121445
-0.143098
-0.053907
0.052599
0.107040
0.061348
-0.007821
-0.036623
-0.008895
0.004342
-0.021509
-0.076920
-0.107254
-0.049975
0.045177
0.112117
0.116587
0.064953
-0.026858
-0.099318
-0.103595
-0.036727
0.018638
0.035936
0.024194
-0.004534
-0.017967
-0.031322
-0.036077
-0.033225
-0.012514
0.001630
-0.023749
-0.026845
0.001090
0.063355
0.106641
0.085508
0.025225
-0.048008
-0.100932
-0.097092
-0.012762
0.039676
0.044782
0.025379
0.004877
-0.003104
-0.012808
-0.016816
-0.041551
-0.058168
-0.040341
0.017627
0.098030
0.129626
0.075660
-0.037876
-0.143004
-0.140328
-0.032037
0.101369
0.138644
0.052735
-0.048855
-0.086255
-0.045415
0.031982
0.067057
0.010110
-0.051112
-0.042416
0.027365
0.104442
0.112169
0.028442
-0.071690
-0.114073
-0.085364
0.004628
0.085164
0.099961
0.033868
-0.046884
-0.070900
-0.032304
0.031369
0.046029
0.009081
-0.038219
-0.051440
-0.012256
0.042273
0.081660
0.061292
0.000782
-0.046733
-0.062022
-0.055049
-0.009993
0.060942
0.070508
0.020188
-0.059456
-0.094434
-0.052461
0.027903
0.081564
0.047563
