0.009175
-0.002495
-0.014343
-0.016905
-0.008274
0.004529
0.011239
0.011824
0.006563
0.001187
-0.005217
-0.003791
0.002563
0.010741
0.007850
-0.000817
-0.010726
-0.015870
-0.017640
-0.015381
-0.004007
0.003616
0.007440
-0.004036
-0.003894
-0.009611
0.000550
-0.008666
-0.001061
-0.007667
0.011854
-0.006892
-0.002107
-0.031797
-0.044404
-0.129031
-0.203670
-0.179574
-0.443519
-0.360262
-0.136483
0.010084
0.186510
0.470315
0.677227
0.431574
-0.055018
-0.389624
-0.405351
-0.288351
-0.093124
0.172718
0.416867
0.330603
-0.068955
-0.358458
-0.149558
0.361153
0.681417
0.587270
0.195844
-0.143382
-0.228433
-0.058664
0.306513
0.461464
0.271273
-0.192963
-0.628774
-0.844092
-0.650555
-0.131635
0.379018
0.551026
0.287833
0.003358
0.004011
0.233641
0.320645
0.166844
-0.082955
-0.171635
-0.168395
-0.134154
-0.409252
-0.529103
-0.344846
-0.015520
0.333566
0.298761
0.164469
-0.287790
-0.382795
-0.120639
0.133072
0.330395
0.182102
0.041193
-0.076054
-0.092781
-0.113726
-0.137999
-0.063965
-0.029344
-0.034580
-0.088116
-0.114070
0.029145
0.023250
-0.056275
-0.027935
0.032012
0.164337
0.086655
-0.052336
-0.101042
-0.010702
0.291224
0.443052
0.270866
-0.070655
-0.236043
0.061088
0.442222
0.532787
0.176745
-0.191145
-0.280643
-0.099859
0.171068
0.142268
-0.045271
-0.306728
-0.305569
-0.077963
0.074748
0.056655
0.011924
0.139122
0.289070
0.294145
0.036323
-0.301063
-0.431932
-0.242525
0.110424
0.294602
0.129153
-0.187914
-0.360704
-0.221657
0.074828
0.207917
0.166030
-0.084711
-0.213962
-0.188239
-0.143149
-0.070619
-0.080473
-0.046603
0.008241
0.027214
-0.009573
-0.084041
-0.171352
-0.199953
-0.075956
0.094262
0.116541
-0.010248
-0.182225
-0.167684
-0.012604
0.124699
0.183444
0.123464
0.019191
-0.024580
-0.008841
0.007252
-0.012623
-0.048465
-0.004937
0.072715
0.107796
0.038575
-0.053843
-0.077677
0.021503
0.110190
0.094059
-0.010208
-0.132677
-0.112314
0.028011
0.221233
0.313296
0.210494
0.070003
-0.046916
-0.045890
0.066180
0.134555
0.138552
0.081111
0.078822
0.101113
0.097948
0.057460
0.035346
0.119013
0.196311
0.209906
0.192802
0.028111
-0.178303
-0.286641
-0.183418
-0.047991
-0.082247
-0.135964
-0.186347
-0.050236
0.094730
0.139650
0.089018
-0.039149
-0.095711
-0.083225
-0.050436
-0.070120
-0.116926
-0.119117
-0.050612
-0.013799
-0.089931
-0.250853
-0.313928
-0.187806
0.014648
0.082586
-0.017262
-0.139929
-0.147566
-0.006032
0.097308
0.085742
0.026849
-0.022181
0.032825
0.072503
0.001487
-0.093827
-0.112903
-0.018552
-0.002441
-0.127779
-0.225946
-0.158238
0.055737
0.248100
0.290532
0.147619
-0.092332
-0.188984
-0.066271
0.094434
0.124761
0.069220
0.046425
0.077137
0.033574
-0.104989
-0.204348
-0.175516
-0.010135
0.143202
0.181901
0.154053
0.130316
0.112746
0.082547
0.008004
-0.081644
-0.106880
-0.033540
0.134254
0.256256
0.214773
0.085352
-0.038656
-0.076797
-0.075442
-0.057391
0.022497
0.106354
0.108084
0.049118
0.033382
0.082821
0.101445
0.045440
-0.033771
-0.074137
-0.060802
-0.048094
0.034968
0.090688
0.084841
0.021659
-0.041952
-0.029471
-0.036212
-0.010446
0.008675
-0.000980
0.010573
0.033930
0.055930
0.043660
-0.003391
-0.053459
-0.056727
-0.017841
-0.014488
0.015762
0.003589
-0.011188
0.015500
0.002182
0.018124
-0.018620
-0.066355
-0.098146
-0.139467
-0.108542
-0.030464
0.074022
0.172039
0.117821
-0.076951
-0.222038
-0.211617
-0.070314
0.120586
0.218779
0.137439
-0.068132
-0.261162
-0.237490
-0.071869
0.062152
0.113303
0.027753
-0.101297
-0.162147
-0.113295
0.013524
0.097237
0.069454
-0.026218
-0.076532
-0.080259
-0.061774
-0.033884
-0.022161
0.018980
0.049622
0.030197
0.002468
-0.046503
-0.044274
0.004451
0.038346
0.037477
-0.013995
-0.025424
0.039847
0.102418
0.054862
-0.026015
-0.062577
-0.036963
0.004640
0.022308
0.036777
0.072295
0.061945
0.012968
-0.031201
-0.082906
-0.067589
-0.022201
0.050900
0.108212
0.086137
0.039377
0.005618
-0.013521
-0.059578
-0.082833
-0.015806
0.073416
0.118807
0.073494
0.031543
-0.007083
-0.046051
-0.052367
-0.040704
0.007401
0.051035
0.078459
0.052799
0.031525
0.044394
0.048768
0.022069
-0.046159
-0.078724
-0.074378
-0.005465
0.093041
0.121539
0.084261
0.015838
-0.009905
-0.041352
-0.099916
-0.108694
-0.020072
0.086711
0.139137
0.083649
-0.014646
-0.063639
-0.040943
0.006681
-0.011381
-0.028395
-0.056445
-0.028530
0.041779
0.065187
0.066975
0.011702
-0.040530
-0.046238
-0.046284
-0.061832
-0.063015
-0.019389
0.016385
0.048152
0.067034
0.047092
0.001381
-0.065167
-0.094409
-0.090568
-0.067954
0.006483
0.103322
0.135877
0.062373
-0.075565
-0.146980
-0.074157
0.006446
0.040293
0.004773
-0.032134
-0.031185
-0.022652
0.012228
0.010609
0.021723
0.010063
-0.013876
-0.012871
-0.014174
-0.024380
-0.068702
-0.052987
-0.003856
0.031281
0.039676
0.006519
-0.001567
-0.025790
-0.041398
-0.019795
0.037213
0.065583
0.032776
