-0.000670
-0.000758
-0.001640
-0.001836
-0.002683
-0.001521
-0.001269
-0.000389
-0.000216
-0.000035
0.000308
-0.000012
0.000935
-0.000502
0.001073
-0.001887
-0.000171
-0.006650
-0.003211
-0.010659
-0.004582
-0.011691
-0.003411
-0.009928
-0.001201
-0.007338
-0.000722
-0.004237
-0.002559
-0.000041
-0.006006
0.002957
-0.008612
0.009284
-0.030276
0.015147
-0.049273
-0.021867
-0.184955
-0.021768
-0.248941
-0.381272
0.003633
-0.078857
0.053463
0.190398
0.561678
0.410893
-0.116312
-0.301273
-0.165893
-0.177580
-0.269354
0.013711
0.272434
0.188489
-0.061137
-0.333857
-0.175211
0.183142
0.484436
0.626210
0.311084
0.138433
0.220435
0.370820
0.372416
0.178778
-0.015461
-0.160656
-0.450798
-0.713039
-0.800652
-0.379947
0.200850
0.293499
-0.042523
-0.281417
0.056777
0.547995
0.680730
0.372691
0.030848
-0.053283
-0.027267
-0.048355
-0.276397
-0.423817
-0.296933
0.010133
0.130888
-0.220278
-0.500075
-0.285615
0.297734
0.658141
0.384570
-0.116037
-0.338569
-0.053152
0.317170
0.299760
-0.100030
-0.441544
-0.391584
-0.059517
0.138441
0.042683
-0.164054
-0.213619
0.064497
0.036476
-0.023953
-0.169171
-0.241116
-0.227512
-0.016931
0.188169
0.001754
-0.093240
-0.004864
0.267727
0.235090
0.051554
0.038674
0.066244
-0.024098
-0.150884
-0.189579
-0.070770
-0.002529
-0.061898
-0.227126
-0.217616
-0.144981
-0.061688
0.038180
-0.001383
-0.070437
0.051186
0.209942
0.142479
0.060333
0.096285
0.315336
0.265567
-0.032637
-0.178794
-0.055492
0.150445
0.259914
0.287278
0.209729
0.238367
0.254068
0.273218
0.325378
0.320222
0.342683
0.179518
-0.047814
-0.222911
-0.274007
-0.301924
-0.353140
-0.297884
-0.168402
-0.054053
-0.062827
-0.108283
-0.035705
0.137779
0.334034
0.319461
0.133596
-0.035621
-0.038762
0.070668
0.045329
-0.137616
-0.380166
-0.385904
-0.251276
-0.060998
-0.005746
-0.049111
-0.110076
-0.070111
-0.005054
0.060701
0.054844
0.079560
0.014532
-0.125466
-0.303995
-0.611685
-0.400415
-0.185950
-0.009371
0.218115
0.314179
0.232987
0.026346
-0.042876
-0.063540
-0.118617
-0.190292
-0.084090
0.119883
0.028708
-0.180268
-0.170280
-0.016137
0.166205
0.195519
0.134936
0.066080
-0.026259
-0.047443
-0.102567
-0.178351
-0.129042
0.084968
0.254117
0.161925
-0.043335
-0.076896
0.057515
0.215157
0.226106
0.027368
-0.106066
-0.034600
0.165333
0.251767
0.093427
-0.068158
-0.038869
0.111972
0.269254
0.223590
0.047243
-0.110543
-0.054635
0.149588
0.237196
0.256454
0.160040
0.099273
0.139273
0.158556
0.144123
0.017003
-0.085934
-0.120278
-0.080705
-0.048332
-0.161710
-0.185599
-0.094128
0.001344
0.037218
0.003548
0.050653
0.089520
0.031934
-0.057705
-0.129475
-0.149361
-0.192119
-0.167014
-0.080362
-0.028161
-0.058840
-0.138453
-0.162458
-0.122725
-0.043873
0.034173
0.074657
0.050881
-0.006851
-0.010404
0.058839
0.063015
-0.044526
-0.234030
-0.401965
-0.458073
-0.371329
-0.213808
-0.089589
0.013148
0.058509
0.087681
0.062189
-0.017793
-0.042582
0.025216
0.158098
0.195585
0.077420
-0.097158
-0.150764
-0.028123
0.136474
0.179922
0.080669
-0.018021
-0.070666
-0.114715
-0.101340
0.000307
0.121451
0.155565
0.081281
-0.023072
-0.041276
0.035333
0.166010
0.207820
0.097553
-0.019882
-0.043857
0.024404
0.072001
0.045455
-0.010021
0.002140
0.061522
0.080958
0.008169
-0.052462
-0.038672
0.070944
0.153180
0.089808
-0.003890
-0.055673
0.026091
0.153434
0.174860
0.095080
-0.021757
-0.089256
-0.060675
0.039660
0.108052
0.077648
0.034472
0.018576
0.071184
0.119369
0.101164
0.081018
0.056422
0.029433
-0.028927
-0.046733
-0.027536
0.013667
0.046415
0.075028
0.084074
0.034956
0.001050
-0.024834
-0.029316
-0.073845
-0.061888
0.001644
0.037032
0.011164
-0.054764
-0.050779
0.020272
0.095600
0.092853
0.094180
0.078165
0.033095
-0.032274
-0.127764
-0.150687
-0.195246
-0.260790
-0.236497
-0.166813
-0.076143
0.008361
0.061679
0.040063
-0.079381
-0.173382
-0.158365
-0.048831
0.062964
0.103960
0.075611
-0.041858
-0.149479
-0.159184
-0.072254
-0.019433
-0.056026
-0.104835
-0.144150
-0.153184
-0.099919
0.046252
0.201607
0.190080
0.001264
-0.216056
-0.254056
-0.037852
0.158301
0.168398
0.016289
-0.116091
-0.075087
0.064531
0.134624
0.039803
-0.121234
-0.156370
-0.035486
0.073011
0.107603
0.079918
0.063330
0.058896
0.016551
-0.038039
-0.064216
-0.036750
0.017800
0.065702
0.086514
0.091642
0.074106
0.064819
0.080798
0.059900
0.011620
-0.013284
-0.006661
0.011463
0.026938
0.055675
0.105509
0.124152
0.081335
0.028495
0.016897
0.045558
0.040668
0.007820
-0.020454
-0.025736
0.004001
0.061975
0.119696
0.113103
0.069094
0.037191
0.004700
-0.030509
-0.039493
0.007622
0.059677
0.065328
0.036407
-0.039194
-0.076875
-0.037005
-0.005190
-0.016595
-0.013424
0.016095
0.009693
-0.036786
-0.046013
-0.002816
0.064558
0.093934
0.075024
-0.019256
-0.145726
-0.172452
-0.084829
0.039870
0.055567
0.039188
0.018861
-0.044208
-0.094756
-0.112937
-0.054601
0.024877
0.046985
0.041751
0.022028
-0.053770
-0.109605
-0.088644
-0.038794
0.010432
0.038051
0.027297
-0.021377
-0.072397
-0.090849
-0.051933
-0.018557
-0.018907
-0.003712
0.022075
0.046604
0.045196
-0.018816
-0.095877
-0.122971
-0.087838
-0.057397
0.009255
0.068397
0.049771
0.030057
-0.014477
-0.025570
-0.034253
-0.054339
-0.037195
0.013299
0.016073
-0.034943
-0.027272
0.047290
0.158032
0.172037
0.053862
-0.091050
-0.183657
-0.143040
-0.010193
0.038403
0.010145
0.003087
0.036918
0.094309
0.138676
0.125959
-0.001324
-0.171672
-0.234676
-0.111142
0.091372
0.230286
0.273447
0.164857
-0.009954
-0.118924
-0.151641
-0.102582
-0.021927
0.059071
0.102682
0.074359
-0.001042
-0.044123
0.016281
0.109280
0.107383
-0.009911
-0.131451
-0.110865
-0.013417
0.093755
0.183017
0.137690
-0.007631
-0.155012
-0.142843
-0.019340
0.074491
0.093533
0.009582
-0.081012
-0.100786
-0.019120
0.082286
0.098347
0.036267
-0.035691
-0.051113
-0.066570
-0.054961
0.006610
0.059949
0.096107
0.062042
0.002458
-0.077703
-0.116206
-0.086810
-0.033947
0.007858
0.034083
0.077621
0.047560
-0.029157
-0.071959
-0.083044
-0.070447
-0.043695
-0.008166
0.010226
0.010574
0.034681
0.070523
0.070670
-0.020067
-0.123052
-0.146580
-0.098075
-0.000026
0.081413
0.066335
0.015004
-0.020560
-0.036402
-0.021699
-0.029556
-0.007298
0.015931
0.036886
0.027980
0.009980
0.026811
0.030961
0.041893
-0.032887
-0.125742
-0.151314
-0.039093
0.129802
0.171318
0.081583
-0.062928
-0.129761
-0.136233
-0.059138
0.048855
0.109602
0.111060
0.066479
0.014525
-0.025728
-0.047633
-0.050588
-0.035406
-0.034809
0.007700
0.074444
0.087249
0.029912
-0.038279
-0.070193
-0.049268
0.006170
0.050188
0.072387
0.067044
0.047574
0.028953
0.010439
-0.017405
-0.041048
-0.042235
-0.018676
0.044155
0.084564
0.036213
-0.033779
-0.046820
-0.005206
