-0.006097
-0.002811
0.001318
0.002664
0.003272
0.006118
0.008249
0.005495
0.003362
0.001893
0.000165
-0.003391
-0.003088
-0.004081
-0.005430
-0.007538
-0.007399
-0.009789
-0.012526
-0.008859
-0.003680
0.001813
0.001996
0.010040
0.008403
0.012762
0.005603
0.014921
0.000246
-0.000406
-0.015361
-0.005268
-0.021759
-0.016764
-0.025565
-0.018190
-0.024879
-0.019922
-0.006908
-0.009250
0.011000
-0.024879
0.020041
-0.033655
-0.004422
-0.201201
-0.051355
-0.210764
-0.431895
-0.267447
-0.057648
-0.176961
-0.201688
0.350406
0.422932
0.208039
0.022294
0.536853
0.718301
0.376464
0.201167
0.513011
0.530987
-0.088337
-0.587366
-0.596205
-0.369707
-0.410320
-0.606934
-0.556953
-0.158021
0.305175
0.521808
0.340782
0.097967
0.103899
0.372063
0.453572
0.234162
-0.116647
-0.218769
-0.215004
-0.321020
-0.454830
-0.323871
0.053869
0.230272
0.022025
-0.254312
-0.193698
0.271497
0.615848
0.478461
-0.013259
-0.452690
-0.292737
0.161611
0.310160
-0.140607
-0.614255
-0.584370
0.004865
0.471138
0.348295
-0.051126
-0.223984
0.114560
0.430024
0.373837
-0.180254
-0.388356
-0.234015
-0.047846
-0.059613
-0.298403
-0.335722
-0.040089
0.324018
0.263524
-0.094845
-0.298330
-0.053144
0.289490
0.172771
-0.304230
-0.418155
-0.429353
-0.209715
-0.144827
-0.063769
0.012378
0.158154
0.370487
0.383982
0.512707
0.282446
0.113879
-0.190362
-0.316228
-0.201727
-0.110108
0.021215
0.054498
0.201183
0.327614
0.498734
0.507514
0.421712
0.504502
0.558540
0.372789
-0.200505
-0.661184
-0.665105
-0.366786
-0.089497
-0.135992
-0.381839
-0.463506
-0.206014
0.259769
0.603015
0.597670
0.214931
-0.079573
-0.013028
0.257892
0.358260
-0.001102
-0.437704
-0.687981
-0.557856
-0.243938
-0.069845
-0.044438
-0.046683
0.068837
0.213878
0.270607
0.191582
0.121379
0.121591
0.079202
-0.100613
-0.347807
-0.579736
-0.467553
-0.268960
-0.241816
-0.175790
-0.136657
0.007426
0.320386
0.689055
0.556522
-0.017696
-0.578525
-0.613208
-0.149588
0.121935
0.210343
0.214180
0.155622
-0.017953
-0.219397
-0.222891
-0.088804
0.048278
-0.098450
-0.295700
-0.282647
-0.125689
0.120940
0.187361
0.114109
0.047429
-0.020845
-0.067401
-0.156809
-0.060691
0.193640
0.345138
0.269784
0.095263
0.179683
0.334453
0.356864
0.076303
-0.316701
-0.541193
-0.363633
0.227505
0.621644
0.596713
0.167634
-0.144963
0.026127
0.362580
0.491748
0.090386
-0.217505
-0.180983
0.146327
0.211693
0.001611
-0.151827
-0.247624
-0.239852
-0.249164
-0.255288
-0.273985
-0.072849
0.143936
0.188318
-0.083732
-0.243875
-0.051472
0.420943
0.416810
-0.043402
-0.533913
-0.487855
-0.153995
-0.007849
0.106393
-0.027376
-0.064568
-0.203984
-0.008114
0.023156
-0.039437
-0.101319
-0.060601
0.092650
0.017009
0.031136
-0.024006
-0.104566
-0.328629
-0.416634
-0.191881
0.108678
0.178465
0.049358
-0.078363
-0.031020
0.054035
0.136982
0.100597
0.061083
0.020290
-0.070918
-0.187495
-0.350979
-0.115813
0.267219
0.426789
0.187703
-0.181232
-0.312057
-0.107217
0.215066
0.192682
-0.093431
-0.309633
-0.200946
0.098074
0.176776
0.099862
0.033164
0.133248
0.267607
0.190653
-0.038246
-0.148786
0.088608
0.324732
0.301231
-0.004535
-0.205494
-0.105692
0.153701
0.259408
0.125903
-0.033099
-0.052932
0.047236
0.116830
0.091716
-0.055189
-0.129428
-0.051114
0.154263
0.224886
0.116805
-0.078199
-0.196526
-0.134317
0.019480
0.164448
0.075756
-0.004532
0.012826
0.128517
0.136068
0.026183
-0.016208
-0.060645
-0.026173
-0.034217
0.076552
0.113080
0.085914
-0.022180
-0.064718
0.033075
0.063506
-0.009977
-0.062446
0.031051
0.063342
0.035165
-0.119980
-0.316634
-0.373038
-0.218418
-0.032749
-0.007072
-0.221181
-0.389472
-0.283333
0.064031
0.345255
0.314734
0.095696
-0.111500
-0.200518
-0.137155
-0.028187
0.026592
-0.069052
-0.197430
-0.195390
-0.073030
0.061331
0.050399
-0.023937
-0.141864
-0.140749
-0.043735
0.105006
0.153267
0.073231
-0.002778
-0.010972
0.044702
0.064996
0.030012
-0.024206
-0.009345
-0.006947
-0.007302
-0.052340
-0.075547
-0.032884
0.057919
0.002911
-0.135981
-0.193162
-0.144322
-0.009506
0.093945
0.185039
0.154073
0.143121
0.146439
0.123161
0.013705
-0.125793
-0.141608
-0.013390
0.196006
0.264352
0.178580
0.018148
-0.037722
-0.013141
-0.006460
0.025735
0.092178
0.130933
0.125347
0.068795
0.027484
0.039713
0.062662
0.066645
-0.019769
-0.084757
-0.044280
0.106971
0.146427
0.070880
-0.014508
-0.027009
0.067344
0.107505
0.049842
-0.066753
-0.089167
-0.040583
0.028305
0.048601
0.000490
-0.024666
-0.018899
-0.020904
-0.052579
-0.038322
0.012562
0.067307
0.097683
0.065139
0.029110
-0.015849
-0.064720
-0.080483
-0.056104
-0.023554
0.028499
0.067769
0.057368
-0.033414
-0.123689
-0.088513
0.005565
0.047359
0.042674
-0.000852
-0.050972
-0.095426
-0.120232
-0.056879
-0.004487
0.042133
0.030198
-0.043138
-0.133146
-0.127939
-0.041146
0.032300
0.088667
0.089431
0.031665
-0.049888
-0.136377
-0.218529
-0.231876
-0.052376
0.195537
0.227162
0.071540
-0.085214
-0.158785
-0.144736
-0.079482
-0.052276
-0.031769
-0.001200
0.099274
0.143951
0.045037
-0.081418
-0.144065
-0.116861
-0.005999
0.082945
0.054514
-0.043709
-0.067315
0.000686
0.109419
0.159101
0.101986
-0.022791
-0.170859
-0.181725
-0.049159
0.158071
0.196662
0.102606
-0.035258
-0.132190
-0.106133
0.033629
0.182155
0.138885
-0.026060
-0.141796
-0.054741
0.025203
0.046332
0.012035
-0.057256
-0.026843
0.059491
0.170694
0.136351
-0.012170
-0.158107
-0.108612
0.055786
0.104896
0.068009
-0.021009
0.004013
0.085177
0.111176
0.034820
-0.082183
-0.114397
-0.060236
0.050882
0.089322
0.078869
0.056492
0.049120
0.048885
-0.024659
-0.083166
-0.089685
-0.074760
-0.056861
-0.004349
0.095448
0.111323
0.031171
-0.040500
-0.052756
-0.032434
0.001864
-0.005357
-0.057918
-0.056837
-0.023465
0.024514
0.028781
-0.046632
-0.097478
-0.085261
-0.042715
0.036665
0.074591
0.064922
0.033308
0.011185
-0.018353
-0.041342
-0.063366
-0.074956
-0.020876
0.064906
0.064488
-0.045046
-0.121903
-0.109764
0.013699
0.074565
0.049596
0.007334
-0.000527
0.025356
0.012857
-0.070260
-0.141386
-0.089204
0.041720
0.154464
0.101554
-0.062089
-0.151349
-0.114606
-0.045807
0.000826
0.020276
0.037737
0.043366
0.025611
-0.014225
-0.059628
-0.058743
-0.004902
0.108988
0.166011
0.120815
0.006891
-0.104640
-0.125033
-0.040801
0.046916
0.075150
0.082491
0.053573
-0.030475
-0.075112
-0.046082
-0.040711
-0.030344
0.038528
0.130259
0.156546
0.076425
-0.002721
-0.048708
-0.065389
-0.013701
0.023995
-0.007124
-0.055088
-0.017109
0.045417
0.041757
-0.001823
-0.025516
-0.016291
0.000414
0.062273
0.107595
0.061109
-0.034905
-0.075567
-0.006182
0.066196
0.078659
0.003683
-0.063809
-0.060335
-0.005926
0.056755
0.051808
0.017398
-0.011463
0.007140
0.014341
-0.003350
-0.038299
-0.033272
-0.000616
0.040939
0.067645
0.019000
-0.061960
-0.138267
-0.116235
0.003248
0.099659
0.103388
0.036368
-0.029176
-0.051788
-0.063268
-0.050634
0.003897
0.052349
0.059581
0.046727
-0.014892
-0.074033
-0.087146
-0.085329
-0.065821
-0.005107
0.074400
0.073155
-0.012945
-0.074194
-0.076717
-0.029286
0.039390
0.080884
0.079769
0.032536
0.000033
-0.002181
-0.001958
-0.030290
-0.028196
0.002947
