-0.001785
-0.001378
-0.002151
-0.002639
-0.003260
-0.003934
-0.003750
-0.003064
-0.002650
-0.001588
-0.000268
-0.000292
-0.001368
-0.002006
-0.001017
-0.002121
-0.002482
-0.002755
-0.001068
-0.002577
-0.002164
-0.002996
-0.000917
-0.001999
-0.000986
0.000034
0.001669
0.001936
-0.001131
-0.000185
-0.005325
-0.002258
-0.010276
-0.001525
-0.007828
0.003452
-0.010725
0.001262
-0.013787
0.000275
-0.013307
0.000445
-0.010973
0.001696
-0.014278
-0.022861
-0.010610
-0.043434
-0.064718
-0.164019
-0.002936
-0.396450
-0.265958
0.001848
-0.099129
0.022949
0.271346
0.575307
0.258299
-0.101194
-0.124291
0.131663
-0.056358
-0.285830
0.010468
0.244105
0.012461
-0.261628
-0.152011
0.312086
0.534821
0.403709
0.226706
0.090646
0.066279
0.061079
0.144589
0.021489
-0.274303
-0.575690
-0.668064
-0.522066
-0.190536
0.250793
0.621993
0.552176
0.039887
-0.337329
-0.228186
0.356182
0.652201
0.518162
-0.175166
-0.485282
-0.736540
-0.635348
-0.101534
-0.026193
0.070607
-0.106595
0.007259
0.091114
0.154980
0.228823
0.288472
0.176649
-0.151857
-0.204983
-0.183841
-0.040211
0.068881
-0.032009
-0.079944
-0.247810
-0.141034
0.122776
0.213072
0.282254
0.261660
0.079763
-0.098151
-0.386224
-0.326433
0.070774
0.299549
0.241699
-0.006101
-0.116178
-0.216951
0.051641
0.282484
0.640826
0.668128
0.446691
0.296299
0.019025
-0.311022
-0.647633
-0.685435
-0.468024
-0.171369
-0.063526
-0.115446
-0.164032
-0.107361
0.008184
0.249850
0.466552
0.553374
0.381801
0.202219
0.090186
-0.122255
-0.311918
-0.429975
-0.418733
-0.380722
-0.339505
-0.235984
-0.058102
0.092192
0.198599
0.294937
0.342660
0.217458
0.087025
0.021124
0.052072
0.091836
-0.202433
-0.503431
-0.643467
-0.393084
0.065794
0.389369
0.404989
0.070370
-0.196205
-0.317960
-0.029101
0.347343
0.429964
0.186335
-0.062069
-0.194188
-0.288020
-0.220815
-0.099033
-0.126365
-0.053229
0.214998
0.527856
0.623443
0.357920
0.104057
-0.135282
-0.136220
0.003993
0.298141
0.378874
0.249596
-0.080653
-0.394047
-0.404118
-0.219932
0.020548
0.111061
0.115362
-0.020661
-0.127118
-0.167639
-0.023175
0.163439
0.236809
0.094113
-0.181597
-0.413235
-0.342009
0.020854
0.303712
0.259492
-0.075932
-0.281849
-0.169677
0.093247
0.217625
-0.036184
-0.332229
-0.378103
-0.264238
-0.117955
-0.071834
-0.064071
0.006804
0.111222
0.181859
0.193563
0.059215
-0.055454
0.030222
0.157568
0.060081
-0.225446
-0.388497
-0.343529
-0.198716
-0.049424
0.076249
0.133902
0.101138
0.051100
0.032446
0.014262
0.002556
0.026127
0.022293
0.014669
-0.025385
-0.075190
-0.096815
-0.011083
0.166469
0.249172
0.209862
0.066854
0.034138
0.030538
0.015198
0.032103
0.049033
0.115746
0.161654
0.277884
0.371236
0.323416
0.223355
0.194953
0.273061
0.318388
0.202897
0.047693
-0.179565
-0.362583
-0.471838
-0.370600
-0.041833
0.216775
0.339052
0.135194
-0.129997
-0.337399
-0.336902
-0.199526
0.087905
0.419113
0.416767
0.127648
-0.257311
-0.385318
-0.176967
0.180203
0.330277
0.110433
-0.390181
-0.697130
-0.606053
-0.239641
0.070396
0.144842
0.050888
-0.169844
-0.289800
-0.346724
-0.154799
0.207511
0.456292
0.312130
-0.107621
-0.329307
-0.223693
0.076317
0.205471
0.069193
-0.187732
-0.291421
-0.232794
-0.057212
0.066842
0.033185
-0.018387
-0.044157
-0.027536
-0.025692
-0.029098
0.042967
0.137297
0.153564
0.087494
-0.000604
0.005945
0.080827
0.134190
0.090438
-0.079250
-0.210389
-0.138637
0.097607
0.273685
0.226523
0.025424
-0.107971
-0.046957
0.084043
0.188630
0.151852
0.028547
-0.014061
0.044398
0.066358
-0.002722
-0.035460
-0.026868
0.064872
0.139488
0.120110
0.072221
0.048864
0.073520
0.066300
0.068226
0.011340
-0.024459
0.038206
0.095023
0.141425
0.053228
-0.084970
-0.099726
-0.058730
0.029374
0.119664
0.146609
0.117950
0.029225
0.041032
0.043403
-0.001011
0.008056
0.034092
0.170221
0.184080
-0.011015
-0.249575
-0.280660
-0.102554
0.048184
0.121018
0.128621
0.072549
-0.053447
-0.121017
-0.090458
-0.056223
0.016239
0.103697
0.094167
0.049879
-0.090424
-0.236976
-0.242072
-0.107020
0.109945
0.140968
-0.127566
-0.397323
-0.422114
-0.184508
0.159123
0.327498
0.207176
-0.145897
-0.445763
-0.409642
-0.114609
0.163621
0.125623
-0.110472
-0.229061
-0.264165
-0.238404
0.054046
0.399384
0.413308
0.091551
-0.205578
-0.319623
-0.375091
-0.289427
0.048782
0.520067
0.655432
0.235788
-0.384069
-0.575468
-0.244466
0.217709
0.390309
0.177254
-0.129017
-0.234331
-0.080833
0.211919
0.272683
0.094390
0.003006
-0.006481
-0.057986
-0.180177
-0.125960
0.137379
0.314945
0.150990
-0.135510
-0.207520
0.040131
0.284609
0.153426
-0.154492
-0.283466
-0.114142
0.182703
0.340711
0.209231
-0.045907
-0.131836
0.074485
0.208120
0.079700
-0.123523
-0.149067
0.027842
0.146392
0.164654
0.082979
0.035593
0.025022
-0.003730
-0.069889
-0.075665
0.004783
0.054668
0.154225
0.180593
0.107773
-0.008103
-0.126686
-0.136760
-0.092805
-0.040498
0.002439
0.077339
0.087593
0.048543
-0.028285
-0.116205
-0.109867
-0.069010
-0.014128
0.098911
0.182893
0.110890
-0.040285
-0.192643
-0.236141
-0.128049
0.086070
0.206579
0.144108
-0.055953
-0.156868
-0.088901
0.031401
0.122792
0.078117
-0.053055
-0.166682
-0.139922
-0.084146
-0.059970
-0.008182
0.018494
-0.014964
-0.022368
0.047240
0.109834
0.105215
0.015752
-0.092957
-0.176425
-0.199338
-0.135797
-0.016778
0.100312
0.155735
0.149448
0.047304
-0.117624
-0.256190
-0.248813
-0.097448
0.110753
0.193913
0.102904
0.024241
-0.037502
-0.052723
-0.064771
-0.117692
-0.099287
0.012260
0.138765
0.118900
0.010500
-0.114888
-0.119877
0.030859
0.124859
0.134237
-0.004343
-0.144684
-0.129391
0.000135
0.067361
0.034194
0.012082
0.003713
0.047524
0.071369
0.060587
0.046450
0.016713
-0.037445
-0.053735
-0.002046
0.076674
0.087673
0.028471
-0.059977
-0.139266
-0.107395
0.023416
0.125597
0.062242
-0.016778
0.014454
0.088132
0.102053
0.025537
-0.031996
-0.038821
-0.006794
0.056501
0.070172
0.021161
-0.034933
-0.044917
-0.030764
-0.026793
-0.005785
0.008615
-0.003688
-0.023479
-0.018158
0.029983
0.062954
0.093083
0.079990
0.007481
-0.092500
-0.170339
-0.111456
0.004952
0.088370
0.098298
0.080342
-0.008352
-0.084357
-0.035629
0.012587
-0.035056
-0.103466
-0.100350
-0.035916
0.057534
0.068877
0.033170
-0.007478
-0.040494
-0.036189
-0.046284
-0.047512
-0.027910
0.012092
0.049614
0.039091
0.027127
-0.033208
-0.071057
-0.012133
0.040231
0.048742
0.038953
-0.003189
-0.070749
-0.092691
