0.002155
0.000668
-0.000500
-0.002852
-0.002906
-0.002144
0.000996
-0.001594
-0.002154
-0.005642
-0.001194
-0.003306
0.002083
-0.001281
0.005628
0.002490
0.007711
0.000594
0.001090
-0.002284
0.000921
0.003963
-0.003868
-0.003213
-0.019238
0.000362
-0.017199
0.008190
-0.035601
-0.002400
-0.050235
-0.026069
-0.174078
-0.058146
-0.209593
-0.411221
-0.035085
-0.156580
-0.133750
0.145217
0.391972
0.405440
0.162925
-0.093406
0.083607
0.106730
-0.202596
-0.113814
0.511770
0.555611
0.389814
-0.072943
-0.046404
0.429116
0.213698
0.036476
-0.180221
-0.050760
-0.078338
-0.361355
-0.664638
-0.642331
-0.365058
0.033846
0.283385
0.332355
0.284643
0.292836
0.296095
0.141786
-0.000768
-0.016468
0.275457
0.329346
-0.070770
-0.603150
-0.707225
-0.264811
0.143143
0.156472
-0.170169
-0.286677
-0.068847
0.233266
0.404033
0.234550
0.042045
0.033323
0.111710
0.109824
-0.118850
-0.328124
-0.289673
-0.061597
0.112394
-0.055808
-0.190422
-0.197778
0.110834
0.242041
0.152325
-0.092024
-0.306147
-0.288042
-0.189748
-0.143503
-0.231173
0.023072
0.174822
0.350091
0.220124
-0.063295
-0.288156
-0.315439
-0.100994
0.160608
0.239197
0.153880
0.037753
-0.271211
-0.385329
-0.315140
-0.033964
0.290203
0.384989
0.159285
-0.110732
-0.281914
-0.207928
0.141090
0.479771
0.705375
0.632345
0.336966
0.171482
0.245749
0.441410
0.496172
0.165657
-0.324008
-0.705958
-0.710341
-0.391398
-0.110046
-0.052817
-0.105658
-0.039456
0.064665
0.195892
0.184069
0.164655
0.197910
0.246418
0.210995
0.074682
-0.106059
-0.244848
-0.230241
-0.136577
-0.071252
-0.127556
-0.208157
-0.251757
-0.163261
-0.016518
0.104173
0.188294
0.128533
0.052576
-0.059159
-0.049691
0.000610
-0.198348
-0.263273
-0.301943
-0.370133
-0.361738
-0.094314
0.191828
0.207820
0.050332
-0.013889
0.128174
0.132180
0.101698
0.156829
0.131027
-0.071310
-0.294832
-0.315548
-0.151067
0.020989
0.193273
0.247213
0.031897
-0.212131
-0.228747
-0.069661
0.100654
0.114462
0.031269
-0.098582
-0.144314
-0.083664
0.043733
0.174680
0.236237
0.220755
0.120217
0.083058
0.157836
0.253697
0.217043
0.088104
0.025221
0.051663
0.180784
0.289009
0.255574
0.200930
0.095581
0.090991
0.161958
0.153673
0.147661
0.129697
-0.021880
-0.151744
-0.201321
-0.313779
-0.441029
-0.382727
-0.115225
0.083177
0.035653
-0.019116
0.099173
0.161438
0.084843
-0.007145
0.054330
0.224433
0.208625
-0.129689
-0.498729
-0.610645
-0.324789
0.013655
0.106149
-0.089450
-0.270387
-0.337217
-0.204332
-0.146494
-0.282825
-0.016844
0.121748
0.065310
-0.127856
-0.195426
0.056122
0.379431
0.608324
0.340710
-0.163252
-0.569199
-0.487183
0.014165
0.311335
0.174375
-0.224171
-0.425465
-0.272940
0.032068
0.234056
0.228354
0.044610
-0.184017
-0.287805
-0.241836
-0.075139
0.298580
0.679812
0.726350
0.405157
-0.170795
-0.448373
-0.390932
-0.178180
0.160601
0.282644
0.253664
0.146015
0.013689
-0.035957
0.069041
0.243921
0.300956
0.190309
-0.054115
-0.149049
-0.109114
0.040342
0.227267
0.290627
0.285230
0.197319
0.089370
0.020078
0.027691
0.163365
0.268352
0.226969
0.010999
-0.272916
-0.377375
-0.167111
0.125753
0.256784
0.139476
-0.050244
-0.211092
-0.390980
-0.298056
-0.105480
-0.002048
-0.138461
-0.184288
-0.005508
0.147587
0.177185
0.040957
-0.026853
-0.190501
-0.308505
-0.206585
0.098381
0.297434
0.181973
0.013705
-0.115843
-0.252331
-0.451587
-0.517836
-0.344010
-0.073711
0.032183
-0.058124
-0.180805
-0.198678
-0.048808
0.155959
0.189816
-0.009703
-0.217537
-0.163324
0.131380
0.311948
0.207736
-0.062713
-0.203642
-0.104537
0.104644
0.110327
-0.082516
-0.237088
-0.111847
0.213564
0.351371
0.172686
-0.116892
-0.190010
0.001601
0.250540
0.243309
0.003457
-0.188767
-0.148154
0.056751
0.208309
0.127123
-0.021475
-0.069804
0.039442
0.146290
0.104076
0.042973
0.025162
0.018794
-0.002279
-0.018402
-0.004888
0.035468
0.061662
0.088615
0.074563
0.025505
-0.049714
-0.043298
0.035698
0.074056
0.068169
0.022046
-0.001845
-0.002837
0.024540
0.069015
0.102238
0.039829
-0.057436
-0.063360
-0.005598
0.142729
0.167425
0.038349
-0.056606
-0.094092
-0.040453
0.045398
0.099953
0.064295
-0.023703
-0.118359
-0.115526
0.017091
0.094605
0.141121
0.191810
0.107752
-0.066476
-0.231309
-0.227673
-0.009611
0.152285
0.173999
0.095259
-0.002491
-0.075396
-0.108005
-0.091102
-0.090246
-0.017591
0.054621
0.025487
-0.031402
-0.080541
-0.023360
0.029146
0.023045
0.012998
-0.013941
-0.034621
-0.054247
-0.031232
0.000105
0.015686
0.069053
0.064342
-0.023707
-0.127905
-0.178072
-0.137965
-0.073173
0.056985
0.138530
0.067190
-0.098574
-0.204933
-0.114883
0.048582
0.080500
0.021548
-0.056641
-0.091468
-0.075547
0.008740
0.048521
-0.014592
-0.046162
-0.029703
-0.017450
-0.086537
-0.069570
-0.013484
0.035678
0.067763
0.069892
-0.008189
-0.129350
-0.139681
-0.039592
0.052311
0.047865
0.026855
-0.030991
-0.052852
-0.023658
0.047240
0.082099
0.072637
0.070898
0.016837
-0.092537
-0.153970
-0.050263
0.111543
0.169312
0.095999
0.017396
-0.043281
-0.061042
-0.015992
0.042220
0.020401
-0.011868
0.047894
0.114541
0.086091
-0.001970
0.012526
0.079087
0.065628
-0.030112
-0.083986
-0.090926
-0.026189
0.081635
0.108180
0.053116
-0.002344
0.005709
0.002556
-0.037150
-0.052990
0.002471
0.059678
0.055596
0.019705
-0.015928
-0.007860
0.014584
0.055309
0.099527
0.098721
0.003783
-0.125822
-0.187813
-0.140679
-0.013150
0.127108
0.185606
0.094788
-0.061257
-0.129505
-0.089220
-0.050885
-0.016804
0.008837
0.030750
0.053527
0.088583
0.038562
-0.039231
-0.059919
-0.078913
-0.094855
-0.073836
-0.009913
0.030068
0.039312
0.046731
0.069157
0.017048
-0.126181
-0.214365
-0.166451
-0.047864
0.097444
0.197557
0.148501
0.001157
-0.097547
-0.080129
-0.046470
-0.028276
-0.023550
-0.022725
-0.013978
0.032131
0.119380
0.100153
-0.019071
-0.124475
-0.156938
-0.120508
-0.013879
0.128818
0.212611
0.141053
0.017616
-0.042427
-0.089005
-0.107313
-0.070913
-0.003141
0.040547
0.074420
0.102003
0.044425
-0.046242
-0.093009
-0.077215
-0.022045
-0.012799
-0.007212
0.010783
0.053713
0.089646
0.080585
0.025593
-0.034526
-0.023798
-0.015983
-0.022500
-0.005499
0.045030
0.093415
0.076327
0.030686
-0.005458
-0.052428
-0.083751
-0.056999
0.012618
0.074660
0.097598
0.066975
-0.014435
-0.105934
-0.071369
0.033713
0.091962
0.103109
0.033925
-0.071511
-0.122901
-0.047612
0.065032
0.123495
0.073427
-0.060243
-0.117887
-0.075576
0.003079
0.066517
0.078164
0.006857
-0.079550
-0.085401
-0.017472
0.041658
0.064346
0.052772
0.027174
-0.026967
-0.077734
-0.034611
0.029392
0.085423
0.050018
-0.034237
-0.077051
-0.056231
0.026773
0.080027
0.051902
-0.005761
-0.070039
-0.086945
-0.045437
0.016903
0.038944
0.012914
