0.010317
0.009797
0.007622
0.006819
0.007011
0.005615
0.004228
0.003246
0.000969
-0.004468
-0.006635
-0.005723
-0.001540
-0.001499
-0.001213
-0.001259
-0.000555
-0.004414
-0.005052
-0.003858
-0.000779
-0.001507
-0.002167
0.002481
0.006111
0.009984
0.005395
0.009853
0.002161
0.001556
-0.012439
-0.009141
-0.022645
-0.014640
-0.026514
-0.003709
-0.014215
-0.006294
-0.066097
-0.142394
-0.148050
-0.421245
-0.442394
-0.358434
-0.343362
-0.126724
0.238495
0.595927
0.709479
0.544277
0.351015
0.167257
-0.076253
-0.175326
0.003366
0.295091
0.378962
0.258926
0.033016
-0.143055
-0.178264
-0.122876
-0.051776
-0.194951
-0.326792
-0.269221
-0.165479
-0.072127
-0.049889
0.101979
0.254422
0.253135
0.152592
0.102363
0.155214
0.099507
-0.055218
-0.175399
-0.153887
0.000434
0.095412
0.007382
-0.204585
-0.396625
-0.331669
-0.097091
0.147154
0.188912
0.078715
-0.055871
-0.044741
0.170573
0.156421
0.135735
-0.040055
-0.284767
-0.313494
-0.134464
0.092751
0.123629
0.007398
-0.169564
-0.225137
-0.165957
-0.019992
0.129072
0.155911
0.085356
0.023580
-0.045780
-0.087569
-0.098679
-0.010599
0.158474
0.300268
0.404354
0.313705
0.111916
-0.004155
0.038742
0.250949
0.285765
0.101107
-0.146183
-0.333596
-0.338116
-0.243815
-0.111856
-0.014746
-0.003393
0.014625
0.042063
0.089754
0.114959
0.116321
0.124596
0.143829
0.116333
-0.005276
-0.125842
-0.179923
-0.112727
-0.043051
-0.011059
-0.056632
-0.098099
-0.130322
-0.054425
0.024444
0.093089
-0.001293
-0.066479
-0.117221
-0.320557
-0.241410
-0.157329
-0.067420
-0.013741
0.138958
0.298386
0.244786
0.022643
-0.163100
-0.211233
-0.247455
-0.186049
0.027105
0.198177
0.088378
-0.168434
-0.282938
-0.115641
0.133562
0.303954
0.250760
0.042193
-0.122222
-0.156565
-0.065714
0.047521
0.113157
0.174608
0.098133
-0.083917
-0.288703
-0.233790
0.124030
0.401801
0.417615
0.139764
-0.063024
0.054581
0.362848
0.493491
0.341545
0.033350
-0.136931
-0.044877
0.072637
0.075822
-0.070822
-0.230793
-0.245110
-0.189086
-0.130802
-0.058068
-0.028897
0.009197
0.079525
0.140207
0.106709
0.012956
0.007715
0.117877
0.197537
0.110585
-0.046660
-0.116413
-0.101059
-0.118083
-0.213530
-0.325570
-0.367762
-0.331395
-0.194486
-0.006565
0.100931
0.075778
-0.055853
-0.145110
-0.109735
0.017620
0.126158
0.112812
-0.024188
-0.192064
-0.206310
-0.065730
0.067933
0.051557
-0.074216
-0.123157
-0.059392
0.024645
0.045264
-0.021543
-0.069204
-0.045078
0.004677
0.042504
0.040433
0.046864
0.093136
0.122364
0.070960
-0.009784
-0.026515
0.049552
0.115401
0.088764
0.011585
-0.037471
-0.024353
0.072651
0.143415
0.118933
0.082148
0.040647
0.075627
0.081433
0.048688
0.037627
0.056692
0.075293
0.054431
0.056400
0.084893
0.148865
0.138678
0.095742
0.047845
0.086062
0.149791
0.225840
0.314900
0.239191
0.084334
-0.052350
-0.127071
-0.092799
-0.039719
-0.040832
-0.031653
-0.037192
-0.103181
-0.225519
-0.275944
-0.245932
-0.158420
-0.079679
0.036830
0.158666
0.146886
-0.014148
-0.212471
-0.223259
-0.062133
0.097782
0.156810
0.083106
-0.070767
-0.146675
-0.173394
-0.150907
-0.118990
-0.091874
-0.074972
-0.117718
-0.222129
-0.305831
-0.203387
-0.002607
0.118716
0.022650
-0.167431
-0.223944
-0.094490
0.094767
0.137882
0.008687
-0.113700
-0.076612
0.069036
0.154976
0.093814
-0.041156
-0.100945
-0.036746
0.044719
0.067733
0.020444
-0.001564
0.044020
0.071311
0.049466
0.010173
0.003322
0.054656
0.102913
0.100946
0.056952
0.029022
0.039099
0.078767
0.084373
0.043262
0.001509
-0.008617
0.035703
0.099068
0.137025
0.105670
0.035602
-0.031441
-0.043561
-0.026478
0.017414
0.057028
0.068867
0.033033
0.025212
0.083230
0.124513
0.110537
0.031081
-0.025210
-0.058928
-0.032851
0.048181
0.087385
0.081985
0.057180
0.033160
0.038110
0.014290
-0.019938
-0.021330
0.010632
0.074848
0.077133
0.025612
-0.050645
-0.118542
-0.139396
-0.051990
0.036627
0.051158
0.088363
0.091480
0.037311
-0.055293
-0.103141
-0.073082
0.044718
0.149990
0.240118
0.203682
-0.008401
-0.201284
-0.332253
-0.355784
-0.243323
0.011434
0.194566
0.206250
0.059414
-0.058100
-0.140309
-0.218583
-0.179473
-0.023136
0.123765
0.083401
0.050019
0.013711
-0.076363
-0.214031
-0.226066
0.068121
0.287451
0.177799
-0.138398
-0.307315
-0.184711
-0.010063
0.107057
0.073581
-0.021990
-0.133063
-0.154767
-0.008233
0.048192
-0.016209
-0.097756
-0.044911
0.023016
-0.021906
-0.035085
0.043819
0.084667
-0.047012
-0.188613
-0.121801
0.065399
0.118967
0.085396
-0.005201
-0.095399
-0.086223
0.006521
0.076078
0.053204
-0.017675
-0.090828
-0.053262
0.015918
0.114870
0.150496
0.060153
-0.015623
-0.046992
-0.031615
-0.001804
0.063168
0.105168
0.055537
0.004258
-0.004727
0.039230
0.084630
0.108875
0.078731
-0.023396
-0.126774
-0.146040
-0.037414
0.093716
0.197087
0.207649
0.117006
-0.000110
-0.092482
-0.112699
-0.042483
0.065846
0.113513
0.070379
-0.009820
-0.032637
0.014492
0.071907
0.055431
-0.012897
-0.049233
-0.052037
0.026622
0.077933
0.045433
0.008965
-0.023727
-0.041822
-0.016624
-0.000055
-0.034999
0.003316
0.062906
0.081084
0.036250
-0.061623
-0.136182
-0.126541
-0.024631
0.077421
0.117955
0.094641
0.025697
-0.063753
-0.113108
-0.111023
-0.088091
-0.077058
-0.039605
0.040733
0.087864
0.033453
-0.015714
-0.003569
0.000445
-0.019588
-0.094691
-0.136028
-0.117615
-0.019591
0.080841
0.126387
0.091277
-0.014007
-0.083498
-0.120582
-0.086921
-0.024023
0.015166
0.039582
0.025006
-0.016858
-0.013256
-0.009426
-0.012726
-0.024028
-0.021418
-0.009729
-0.035093
-0.028770
0.012730
0.041306
0.010087
-0.055840
-0.087524
-0.012466
0.135627
0.182588
0.086288
-0.069274
-0.163982
-0.101901
-0.002148
0.075567
0.111649
0.064453
-0.020749
-0.063835
-0.016273
0.054640
0.123893
0.072034
-0.071650
-0.150358
-0.130128
0.001636
0.139329
0.174381
0.098656
-0.028338
-0.116609
-0.095333
0.013484
0.091329
0.076502
0.010097
-0.039608
-0.032881
0.022939
0.037994
0.003783
-0.007432
0.021230
0.051748
0.030523
0.001188
-0.041484
-0.055817
-0.016366
0.027286
0.044988
0.024806
0.002039
-0.029905
-0.078299
-0.096876
-0.013268
0.090013
0.087922
