0.002950
0.002531
0.000501
-0.000308
-0.001340
-0.002364
-0.002838
-0.004775
-0.004156
-0.006151
-0.003304
-0.006008
-0.001670
-0.002491
0.004188
-0.000080
0.004585
-0.000771
0.003589
-0.003300
0.000146
-0.004371
-0.001542
-0.005299
-0.010585
-0.003848
-0.016482
-0.030238
-0.093985
0.001446
-0.153001
-0.123041
0.012435
-0.014137
0.051922
0.100617
0.265604
0.055231
-0.091540
-0.281064
-0.140146
-0.012121
-0.124494
0.010318
0.083533
0.096391
-0.480307
-0.575376
-0.176437
0.238329
0.535673
0.758301
0.814903
0.516686
0.077012
-0.177355
-0.000392
0.122592
0.232087
0.286251
0.169269
-0.278243
-0.746222
-0.753565
-0.375654
0.009301
0.174095
0.102339
0.018925
-0.025509
0.000004
0.074662
0.319072
0.541110
0.541120
0.218990
-0.328622
-0.605033
-0.463115
0.034323
0.323275
0.131111
-0.361355
-0.592015
-0.291991
0.198070
0.417623
0.227399
0.001715
-0.052725
0.065326
0.084118
-0.021348
-0.083265
-0.002074
0.127904
0.057689
-0.196982
-0.353058
-0.245227
0.044238
0.216420
0.149306
-0.093357
-0.199161
-0.102702
-0.031415
0.053101
-0.059709
-0.186069
-0.141844
-0.007933
-0.071237
-0.115689
-0.039329
0.064393
0.095283
0.045092
0.048558
0.048442
0.076360
0.011014
0.005340
-0.039747
-0.121597
-0.036287
0.140531
0.201024
-0.002399
-0.124813
-0.137983
0.025720
0.111270
0.049369
0.041059
-0.090583
-0.114671
-0.270382
-0.341329
-0.290778
-0.067587
0.231683
0.480324
0.570804
0.425676
0.299512
0.182516
0.145222
0.096100
0.058405
0.205462
0.581155
0.716622
0.327368
-0.193744
-0.452110
-0.393262
-0.184688
-0.188317
-0.385962
-0.468170
-0.411409
-0.315561
-0.116449
0.134517
0.408021
0.493539
0.366133
0.180281
-0.015841
-0.099302
-0.068956
0.123580
0.188746
0.035279
-0.247605
-0.483894
-0.533876
-0.435894
-0.131905
0.097465
0.136051
-0.062239
-0.120050
-0.084822
-0.035340
0.175746
0.223781
0.178974
0.084330
-0.040720
-0.190367
-0.216639
-0.162482
-0.158873
-0.254774
-0.335983
-0.234134
0.047992
0.241991
0.170223
-0.044526
-0.213932
-0.139215
0.050702
0.173996
0.088818
-0.067396
-0.016724
0.164777
0.278671
0.194151
-0.079635
-0.199002
-0.076993
0.086251
-0.040925
-0.245693
-0.152262
0.169899
0.337776
0.095673
-0.163818
-0.190906
0.087144
0.333597
0.248726
-0.021678
-0.202091
-0.108330
0.183386
0.238629
0.018740
-0.195977
-0.158114
0.103238
0.226737
0.125258
-0.059418
-0.004817
0.262778
0.477368
0.405511
0.150477
0.041883
0.164336
0.343575
0.323912
0.198411
0.113507
-0.015381
-0.171583
-0.352621
-0.478244
-0.446452
-0.359929
-0.271050
-0.237859
-0.146099
0.066590
0.290565
0.379937
0.284027
0.114132
-0.017575
-0.069874
-0.043651
-0.010484
0.005695
0.047750
0.014717
-0.137702
-0.375119
-0.456112
-0.330771
-0.049834
0.050772
-0.057666
-0.259527
-0.403820
-0.245659
-0.005665
0.221757
0.221118
0.097559
0.002512
0.014822
0.061756
0.072341
0.037432
-0.039351
-0.076295
-0.104654
-0.061392
-0.027325
-0.053542
-0.114872
-0.157858
-0.150042
-0.077790
-0.011404
0.048511
0.100090
0.101979
0.083993
0.046406
0.003542
0.003588
0.074464
0.151248
0.152525
0.059485
-0.045968
-0.080567
-0.025754
0.018963
0.001454
-0.039551
-0.024983
0.065816
0.152550
0.138283
0.029254
-0.069184
-0.083876
0.018152
0.099174
0.094499
0.062969
0.067779
0.069883
0.033137
0.008503
0.022611
0.072107
0.130922
0.132038
0.070984
-0.025487
-0.093821
-0.037118
0.060399
0.136330
0.132521
0.100501
0.055463
0.000718
-0.040124
-0.065540
0.000142
0.054068
0.053857
0.092863
0.180506
0.207456
0.151065
0.096378
0.104414
0.051444
-0.051568
-0.174524
-0.263967
-0.232701
-0.199456
-0.019926
0.212897
0.303301
0.152518
-0.107057
-0.306987
-0.311788
-0.164185
0.043846
0.276288
0.343940
0.188639
-0.158350
-0.405067
-0.438564
-0.191734
0.067061
0.124626
-0.005850
-0.193738
-0.194076
-0.108819
-0.018678
-0.010564
-0.029292
0.021298
0.086421
0.076592
-0.012236
-0.084448
-0.052602
-0.013315
-0.080358
-0.187474
-0.194164
-0.047801
0.029063
-0.053230
-0.210735
-0.222512
-0.014235
0.170907
0.135127
-0.093874
-0.249787
-0.147092
0.118977
0.252805
0.101241
-0.130517
-0.163410
0.052336
0.239453
0.147167
-0.080829
-0.195204
-0.094472
0.070088
0.123271
0.056669
-0.026598
0.008837
0.120424
0.170956
0.059906
-0.094598
-0.092143
0.033014
0.121980
0.050588
-0.070343
-0.064537
0.066148
0.194548
0.209355
0.098172
-0.025003
-0.090365
-0.063638
0.005445
0.048750
0.067506
0.080352
0.134716
0.146860
0.112472
0.040744
-0.027898
-0.040069
-0.021109
0.007552
0.045617
0.070870
0.043634
0.035071
0.020962
0.027145
0.048055
0.029458
0.005884
-0.019649
0.005833
0.021312
0.050145
0.046863
0.023718
0.013179
-0.027844
-0.007485
0.005903
-0.010345
-0.065792
-0.022368
0.059030
0.075144
-0.009702
-0.125292
-0.115422
-0.061986
0.031644
0.126047
0.178130
0.077608
-0.046048
-0.149667
-0.208647
-0.163732
-0.056485
0.115167
0.191567
0.135661
-0.039383
-0.213407
-0.254432
-0.144025
0.008441
0.068824
0.092304
0.046371
-0.027887
-0.049584
-0.012593
0.028200
-0.020480
-0.083136
-0.102987
-0.061570
-0.017145
0.025586
0.089933
0.065030
-0.039604
-0.138382
-0.185478
-0.116263
0.010836
0.107606
0.122998
0.055394
-0.059884
-0.130310
-0.092174
0.018719
0.109028
0.057663
-0.044194
-0.063510
0.020554
0.061383
0.032413
-0.009935
-0.043367
-0.055795
-0.048556
0.016362
0.048901
0.007118
-0.015844
-0.001328
0.020285
0.049920
0.050095
0.028841
-0.021184
-0.065776
-0.069373
-0.005295
0.108354
0.161744
0.121623
0.010080
-0.050576
-0.045446
-0.048441
-0.062110
-0.056298
-0.002969
0.050574
0.108311
0.137198
0.116532
0.025710
-0.066556
-0.075497
-0.059849
-0.039428
-0.008182
0.044098
0.087141
0.081828
0.019409
-0.039847
-0.077592
-0.084880
-0.039223
0.001499
0.011325
0.005919
0.028254
0.035786
0.031446
0.043907
0.038287
0.028990
0.012182
-0.018543
-0.078543
-0.099443
-0.089363
-0.046654
0.037322
0.107098
0.105535
0.008065
-0.120451
-0.196070
-0.127846
0.007787
0.136239
0.139889
0.049502
-0.025713
-0.044608
-0.024289
-0.033347
-0.046648
-0.056887
-0.025549
-0.004863
-0.013346
-0.007422
0.000995
0.002990
-0.021468
-0.097831
-0.091380
-0.026412
0.032312
0.064454
0.039732
-0.016997
-0.087042
-0.051312
0.058630
0.133746
0.100305
-0.018163
-0.131905
-0.143904
-0.081187
0.024092
0.130989
0.122206
0.008008
-0.133852
-0.188913
-0.109806
0.035365
0.122127
0.131769
0.120142
0.031377
-0.055152
-0.060371
-0.030425
-0.033548
-0.037687
0.032367
0.080809
0.064778
0.004655
-0.002808
-0.020147
-0.062095
-0.075379
-0.053080
0.014249
0.064627
0.129508
0.116669
0.036942
-0.040942
-0.053692
-0.000115
0.043717
0.069708
0.023596
-0.052596
-0.051205
0.032003
0.078070
0.062711
0.008940
-0.038023
-0.055827
-0.037518
0.030084
0.072612
0.066272
0.039798
0.019400
-0.015410
-0.045692
-0.032210
-0.003874
-0.022796
-0.029779
0.009657
0.024386
0.015853
0.009649
