0.001867
0.002751
0.003595
0.002997
0.002128
-0.000032
-0.000111
-0.001221
-0.000146
-0.002275
0.000126
-0.002426
0.000089
-0.003153
-0.000384
-0.003598
-0.000115
-0.000226
0.003463
0.001693
-0.001950
-0.001987
-0.005189
0.000093
-0.009760
0.000440
-0.009788
0.004026
-0.025658
-0.000719
-0.030217
-0.007626
-0.105331
-0.057115
-0.113600
-0.236121
-0.117544
-0.158666
-0.011644
-0.084952
0.066439
0.203775
0.016774
-0.143553
-0.037440
0.248749
0.222875
0.116008
0.147678
0.170246
-0.031959
-0.354551
-0.179546
0.318235
0.599585
0.514313
0.100535
-0.123570
-0.109097
0.148741
0.338634
0.156064
-0.202576
-0.472014
-0.500579
-0.426252
-0.405969
-0.106264
0.387022
0.549637
0.158868
-0.314491
-0.144172
0.455116
0.717618
0.306383
-0.236456
-0.390873
-0.105132
0.139929
-0.030431
-0.382319
-0.564432
-0.279798
0.141755
0.207898
-0.042308
-0.246294
0.011303
0.377357
0.444999
0.132174
-0.200624
-0.105518
-0.129661
-0.066570
-0.100926
-0.245739
-0.236559
-0.223907
-0.014308
-0.003456
-0.090517
0.004304
0.218834
0.165763
-0.104614
-0.144439
-0.011352
0.028824
-0.184550
-0.283232
-0.007848
0.380419
0.465628
0.159226
-0.190629
-0.268001
0.027933
0.356558
0.288334
-0.146602
-0.391291
-0.206559
0.129938
0.267710
0.270006
0.293724
0.263212
0.159579
0.043616
0.041150
0.157948
0.239669
0.211734
-0.011095
-0.267338
-0.260631
-0.126993
-0.135140
-0.268243
-0.271549
-0.115550
0.091324
0.122631
0.069903
0.091769
0.202383
0.310966
0.216779
-0.007015
-0.180085
-0.123619
-0.034102
-0.106046
-0.227023
-0.319937
-0.181369
0.094562
0.206653
0.024334
-0.172664
-0.140270
0.050858
0.109847
-0.039684
-0.114247
-0.136374
-0.062390
-0.011255
-0.055636
-0.222787
-0.357135
-0.214739
-0.008358
0.041167
0.025926
0.092890
0.141681
0.092212
0.019997
-0.007400
-0.073876
-0.187543
-0.158498
0.029314
0.168543
0.105552
-0.117816
-0.222775
-0.060879
0.150702
0.213780
0.147462
-0.004283
-0.052417
0.053852
0.176942
0.177140
0.082512
0.031492
0.055181
0.081995
0.002592
0.049079
0.219902
0.291319
0.262283
0.098289
-0.071341
-0.095764
0.062342
0.226820
0.218351
0.015119
-0.223442
-0.251604
-0.120804
0.019793
0.093905
0.134697
0.111168
-0.001792
-0.092637
-0.049404
0.067790
0.151849
0.119380
-0.030555
-0.223190
-0.332427
-0.281216
-0.135763
-0.030614
0.011895
0.034881
-0.001330
-0.076593
-0.139170
-0.073504
0.083230
0.199785
0.129121
-0.086775
-0.210881
-0.156354
-0.000701
0.066909
-0.012774
-0.129692
-0.176699
-0.161255
-0.145585
-0.185910
-0.217905
-0.146479
0.031349
0.143529
0.061757
-0.087995
-0.147246
-0.043484
0.085813
0.128485
0.070524
-0.047418
-0.106366
-0.038224
0.045690
0.040736
-0.039860
-0.073284
-0.003744
0.063715
0.083256
0.042945
0.006230
-0.017386
0.023250
0.082539
0.110834
0.079164
0.019943
0.038441
0.061477
0.066447
0.036476
0.048196
0.078913
0.101562
0.118766
0.103452
0.069875
0.029942
0.001897
0.023683
0.088564
0.112412
0.067252
-0.006928
-0.005036
0.080328
0.150812
0.105542
0.024443
-0.034143
0.015311
0.123022
0.161444
0.168975
0.111485
0.054288
0.081026
0.067442
0.004164
-0.043379
-0.038215
0.004077
-0.049223
-0.157547
-0.207693
-0.112451
-0.021813
0.071336
0.143613
0.082087
-0.029592
-0.102914
-0.072500
-0.048826
0.019200
0.074195
0.048145
-0.057582
-0.177203
-0.218163
-0.188838
-0.116342
-0.043580
0.006740
-0.054517
-0.158992
-0.191122
-0.120010
-0.025187
0.082306
0.109454
0.032243
-0.028607
-0.112490
-0.097075
-0.016614
0.013917
0.009620
-0.028448
-0.117228
-0.187457
-0.131562
-0.042587
0.057942
0.085661
0.078880
0.046404
-0.025654
-0.063789
-0.050008
0.013160
0.032885
0.003147
-0.062265
-0.093065
-0.138805
-0.141917
-0.113575
-0.083553
-0.013507
0.064456
0.117934
0.076966
-0.000546
-0.052676
0.009818
0.082761
0.094882
0.078436
0.078588
0.088632
0.067850
0.042091
0.032071
0.057329
0.080788
0.063483
0.018018
-0.046979
-0.046233
0.031475
0.088532
0.105467
0.037318
0.017771
0.047666
0.082315
0.081736
0.063981
0.054626
0.019422
0.005374
-0.015713
0.012887
0.050195
0.097124
0.106180
0.058774
-0.000492
-0.030362
-0.013861
0.005319
0.038729
0.013085
-0.015485
-0.024621
0.000328
0.019698
0.059754
0.113806
0.100936
0.032011
-0.064687
-0.022652
0.052661
0.093806
0.080896
0.058474
0.031955
-0.054570
-0.101241
-0.097222
-0.068448
-0.023936
0.026805
0.011992
0.007305
0.016810
0.035697
0.090509
0.041169
-0.085664
-0.137169
-0.069502
0.054214
0.113404
0.083807
0.006308
-0.080105
-0.148718
-0.145559
-0.125395
-0.100981
-0.013558
0.049902
0.048334
-0.027021
-0.131772
-0.143757
-0.060182
0.023075
0.006552
-0.084550
-0.140397
-0.091745
0.017344
0.062460
-0.007268
-0.090779
-0.116866
-0.092595
-0.031079
0.012762
0.036251
-0.039319
-0.106310
-0.103075
-0.037801
0.047499
0.069506
0.043104
-0.064628
-0.103709
-0.030280
0.054520
0.074405
0.040097
-0.026178
-0.083457
-0.069736
-0.027660
0.034945
0.065662
0.068476
0.056150
0.020082
-0.015149
-0.001450
0.035331
0.020374
0.013272
0.005409
0.003674
0.020778
0.045407
0.088024
0.093797
0.048042
-0.039980
-0.048999
-0.004376
0.035142
0.066085
0.050009
0.021157
-0.012877
0.034032
0.133383
0.156788
0.061263
-0.067266
-0.085984
-0.046885
-0.000542
0.085002
0.103184
0.037105
0.001104
0.042749
0.076989
0.067932
0.021413
-0.033299
-0.091629
-0.122633
-0.044983
0.086044
0.147572
0.134350
0.083919
0.007339
-0.061663
-0.115426
-0.139070
-0.119915
-0.017750
0.077780
0.116406
0.071997
-0.008213
-0.037203
-0.041821
-0.035425
-0.067452
-0.108648
-0.076746
0.012463
0.076091
0.079128
0.038532
-0.016468
-0.042166
-0.071082
-0.098507
-0.081792
-0.074487
-0.010642
0.056073
0.072624
0.069144
0.015579
-0.046922
-0.091406
-0.103532
-0.089943
-0.026185
0.066880
0.093421
0.048233
-0.005739
-0.030327
-0.028859
-0.038487
-0.083139
-0.115270
-0.075637
0.013586
0.114300
0.162060
0.090715
-0.002947
-0.071105
-0.115735
-0.123132
-0.083021
0.030740
0.102330
0.106639
0.020609
-0.057742
-0.055735
-0.019280
0.011777
-0.027149
-0.056364
-0.038577
0.021450
0.062160
0.038855
0.023388
0.032073
0.050139
0.013414
-0.092474
-0.121778
-0.050660
0.080713
0.130259
0.049275
-0.049745
-0.072356
0.021528
0.131192
0.157919
0.062819
-0.060950
-0.127862
-0.125482
-0.036148
0.071963
0.129386
0.111650
0.014561
-0.065389
-0.071714
-0.031127
0.001813
0.010840
0.018891
-0.003535
-0.017409
0.028101
0.067309
0.064846
0.043321
0.013579
-0.025821
-0.069284
-0.068650
-0.039202
-0.005217
0.021489
0.031036
0.037180
0.012899
-0.020829
-0.020854
-0.001364
0.003886
0.013165
0.029746
0.036740
