-0.000434
-0.000904
-0.001203
-0.000654
-0.000625
-0.000657
0.000001
0.000895
0.001923
0.003275
0.003273
0.003233
0.002810
0.002783
0.001671
0.000912
-0.000640
0.000337
-0.000451
0.000786
-0.000487
0.000679
-0.000418
-0.000128
-0.000774
0.000307
0.001628
0.000470
0.001804
-0.000313
0.003302
-0.002965
0.002170
-0.005761
0.002730
-0.008374
0.004305
-0.004740
0.007582
-0.009303
-0.000979
-0.013567
-0.008533
-0.061555
-0.100022
-0.035095
-0.237993
-0.188441
-0.080551
-0.087019
-0.068657
0.122763
0.268086
0.149079
-0.045560
-0.073579
0.042592
-0.047746
-0.096343
0.108757
0.293837
0.148110
-0.077530
-0.111241
0.103305
0.256116
0.336563
0.371704
0.247141
0.076208
-0.064325
-0.115394
-0.139045
-0.201819
-0.190843
-0.115136
-0.152916
-0.240504
-0.175479
0.048648
0.177475
0.119465
0.012156
0.059449
0.233786
0.308013
0.189038
-0.032809
-0.177558
-0.176888
-0.078981
-0.050643
-0.108212
-0.184135
-0.174679
-0.073176
-0.012881
-0.003192
0.028544
0.133276
0.195151
0.118679
-0.023948
-0.081417
-0.008230
0.082452
0.048933
-0.104770
-0.211973
-0.171736
-0.011283
0.064187
0.018375
-0.085809
-0.061772
0.028389
0.085798
0.032858
-0.073176
-0.079840
-0.140564
-0.088866
-0.167857
-0.309991
-0.279572
-0.118318
0.068854
0.164793
0.146296
0.130637
0.139925
0.073110
-0.001417
-0.039058
-0.046211
-0.022408
0.059637
0.080015
0.024350
-0.089947
-0.128226
-0.033107
0.104658
0.196071
0.174553
0.126468
0.055390
-0.008344
0.026127
0.092972
0.204919
0.271063
0.273772
0.263754
0.227717
0.181451
0.134708
0.076737
-0.045152
-0.142853
-0.176088
-0.154091
-0.121641
-0.136108
-0.183919
-0.264204
-0.266713
-0.150566
0.062422
0.256851
0.332604
0.284943
0.133282
-0.045671
-0.121850
-0.045227
0.083694
0.118884
-0.035645
-0.217088
-0.346293
-0.328741
-0.232255
-0.077047
0.029382
0.071630
-0.001547
-0.018741
-0.028912
0.000517
0.008822
-0.061535
-0.036284
-0.265530
-0.258679
-0.201638
-0.119667
-0.001445
0.126624
0.211700
0.111558
-0.031780
-0.160435
-0.177331
-0.174627
-0.089957
0.117917
0.268828
0.166744
-0.066679
-0.211083
-0.056888
0.183267
0.330832
0.212396
-0.046834
-0.242004
-0.243981
-0.072824
0.109935
0.202331
0.217407
0.150188
-0.003766
-0.114439
-0.111441
0.099352
0.311850
0.301263
0.050680
-0.148527
-0.057284
0.181536
0.300277
0.241974
0.149568
0.093057
0.100364
0.086345
0.049900
-0.018162
-0.041820
0.029903
0.054282
-0.032764
-0.136286
-0.087757
0.047346
0.093767
-0.013026
-0.192991
-0.284766
-0.184133
-0.008606
0.104390
0.080975
0.004213
-0.030144
-0.014492
-0.017850
-0.038949
-0.050678
-0.046466
-0.064903
-0.110699
-0.151316
-0.135743
-0.035835
0.038908
0.064226
0.004596
-0.085677
-0.154347
-0.175932
-0.175235
-0.141172
-0.159420
-0.148801
-0.115833
-0.132844
-0.116494
-0.069632
0.055172
0.139165
0.114145
0.037900
-0.005688
-0.026077
-0.029299
0.006470
0.052365
0.063072
0.013367
-0.053861
-0.066826
-0.041342
0.022256
0.096059
0.108340
0.051316
-0.024674
-0.039319
0.006967
0.095717
0.140376
0.117267
0.038957
-0.015300
-0.012850
0.045787
0.116223
0.100436
0.041539
-0.019420
-0.011041
0.042533
0.106497
0.113904
0.091105
0.051739
0.036663
0.043339
0.034760
0.042949
0.031822
0.064533
0.097923
0.096763
0.069978
0.055777
0.073851
0.088491
0.079182
0.042610
-0.016663
-0.043976
-0.005991
0.060294
0.081815
0.071569
0.090966
0.122048
0.080109
-0.034060
-0.119058
-0.150649
-0.174494
-0.183880
-0.066816
0.056370
0.068576
-0.035082
-0.097278
-0.074676
-0.091608
-0.098506
-0.072611
-0.005929
-0.025800
-0.101176
-0.119709
-0.094903
-0.058117
-0.032225
-0.033275
-0.011342
-0.067433
-0.169802
-0.147231
-0.083985
-0.037565
-0.016128
0.034341
0.061725
0.029124
-0.038652
-0.034081
0.009083
0.022920
-0.036570
-0.115952
-0.195160
-0.201915
-0.108524
-0.073642
-0.027734
-0.066288
-0.110765
-0.078634
0.047032
0.140767
0.098611
0.011020
-0.023630
-0.036666
-0.073413
-0.050624
0.035868
0.152271
0.164484
0.080317
-0.011976
-0.022533
0.030817
0.107175
0.104853
0.018349
-0.036718
-0.029869
0.050897
0.130287
0.117985
0.076040
0.057834
0.032290
0.016637
0.007906
0.046969
0.077551
0.031865
-0.028689
-0.031052
0.035701
0.114186
0.116861
0.034876
-0.043392
-0.040604
0.018847
0.081070
0.097213
0.067557
0.033721
0.026412
0.069714
0.089809
0.051860
0.037482
0.047319
0.021839
-0.018501
-0.020540
0.011178
0.012638
0.009047
0.014133
0.014009
0.006655
0.033295
0.098609
0.105509
0.040864
-0.045540
-0.108377
-0.110315
-0.062601
0.009226
0.054348
0.074641
0.048805
-0.018161
-0.070933
-0.096544
-0.080560
-0.090436
-0.094393
0.003721
0.120724
0.130493
0.043027
-0.059318
-0.107468
-0.104358
-0.039669
0.004915
-0.008874
-0.029295
-0.017779
-0.008483
-0.033667
-0.043270
-0.045682
-0.057264
-0.056539
-0.040692
0.004826
0.074719
0.076569
-0.006724
-0.142200
-0.159860
-0.041489
0.073639
0.062769
-0.031757
-0.097604
-0.146136
-0.157093
-0.099843
0.003934
0.084247
0.077723
-0.003068
-0.085452
-0.153326
-0.118296
-0.010202
0.073218
0.056711
-0.013618
-0.056184
-0.032659
0.020963
0.045499
0.022105
-0.028925
-0.057857
-0.040728
0.023395
0.074009
0.080782
0.036737
0.006953
-0.001920
0.022688
0.015955
-0.026690
-0.036526
-0.007145
0.054242
0.095642
0.091728
