-0.001151
-0.000801
-0.000800
-0.001193
-0.001512
-0.001237
-0.000386
-0.000057
0.000162
0.000189
0.000704
0.000609
0.000768
0.000404
0.000627
-0.000158
0.000592
-0.000468
0.000037
-0.001256
-0.001440
-0.002504
-0.001910
-0.001192
-0.001475
-0.001124
-0.001793
0.000358
-0.002519
0.000221
-0.004006
0.001380
-0.004632
0.002304
-0.003200
0.005266
-0.004330
0.000995
-0.009076
-0.008740
-0.061371
-0.092854
-0.070063
-0.234790
-0.206902
-0.114604
-0.104698
-0.051206
0.142584
0.277586
0.184112
-0.020665
-0.159449
-0.127056
-0.184435
-0.180192
0.084511
0.386986
0.420335
0.215368
-0.007904
-0.070584
-0.024953
0.024345
0.103635
0.208478
0.299153
0.271553
0.167444
0.053325
-0.027685
0.022918
0.099277
0.025001
-0.195551
-0.333611
-0.237378
-0.030695
0.036076
-0.058361
-0.085428
-0.007331
0.053769
0.045519
0.050837
0.159882
0.265879
0.216875
-0.034775
-0.286848
-0.303337
-0.076787
0.185941
0.166685
-0.116624
-0.378105
-0.348332
-0.090723
0.143240
0.176511
0.062625
-0.033413
-0.049476
-0.000716
-0.018930
-0.000374
0.008029
0.014087
0.011723
-0.055728
-0.135087
-0.188158
-0.143345
-0.111836
-0.114922
-0.131345
-0.092544
-0.160498
-0.211129
-0.116407
-0.052544
0.017633
0.155021
0.311740
0.298018
0.099837
-0.078503
-0.121901
-0.196127
-0.251240
-0.090658
0.235155
0.390151
0.198035
-0.152053
-0.337782
-0.191948
0.147859
0.380376
0.294539
0.037619
-0.157811
-0.105717
0.100923
0.280496
0.326587
0.239430
0.087229
-0.038206
-0.088915
0.000352
0.225158
0.335037
0.225413
-0.041879
-0.160761
-0.026059
0.181735
0.202995
0.037163
-0.121747
-0.179740
-0.147081
-0.156681
-0.197858
-0.183159
-0.024865
0.137051
0.160537
0.038845
-0.089575
-0.077502
0.030280
0.090391
0.027436
-0.062564
-0.087903
-0.043113
-0.043479
-0.116399
-0.162317
-0.100986
0.040288
0.101202
-0.002904
-0.179517
-0.259688
-0.174467
-0.002156
0.089901
0.056347
-0.046301
-0.137480
-0.183029
-0.169108
-0.138812
-0.233397
-0.258067
-0.157862
-0.078767
0.016389
0.201982
0.371136
0.305795
0.048572
-0.158930
-0.203236
-0.211766
-0.163534
0.079284
0.358986
0.360589
0.037594
-0.285003
-0.289900
-0.027888
0.265730
0.336387
0.120510
-0.156088
-0.261799
-0.098393
0.165896
0.271901
0.196721
0.105044
0.046271
-0.012988
-0.071777
-0.011612
0.165434
0.225152
0.080973
-0.130042
-0.152184
0.027878
0.211568
0.202080
0.056979
-0.067269
-0.041971
0.093643
0.178359
0.150712
0.067493
0.047592
0.095366
0.125658
0.078255
0.022627
0.014851
0.087705
0.100034
0.045527
-0.010274
-0.008860
-0.003861
-0.076625
-0.129297
-0.115414
-0.079412
-0.085803
-0.099216
-0.117045
-0.133235
-0.130900
-0.091638
-0.047665
-0.026148
-0.008656
0.038057
0.043790
-0.018362
-0.084976
-0.101058
-0.034786
0.002251
-0.048116
-0.148177
-0.212484
-0.144576
-0.011974
0.046623
0.013667
-0.049537
-0.066450
-0.005689
0.070793
0.056105
-0.059706
-0.170899
-0.178534
-0.098027
-0.049644
-0.068894
-0.108179
-0.105238
-0.042329
0.024825
0.030154
-0.036562
-0.090849
-0.050713
0.055796
0.113186
0.065881
-0.028360
-0.070026
-0.024764
0.054649
0.083768
0.051117
0.009973
0.013086
0.054380
0.073081
0.044024
0.001139
0.002789
0.050079
0.102404
0.094482
0.032746
0.004785
0.044364
0.108928
0.127589
0.073197
-0.004280
-0.038160
-0.000140
0.067516
0.091291
0.054454
-0.000480
-0.019447
-0.000907
0.033495
0.045182
0.026538
0.020597
0.044568
0.076747
0.084178
0.054448
0.030142
0.037868
0.039164
0.024824
0.000304
-0.023761
0.003341
0.085404
0.133895
0.115585
0.045342
-0.044687
-0.077672
