-0.005069
-0.007347
-0.010132
-0.009003
-0.005941
-0.005756
-0.005553
-0.002246
0.000665
-0.000389
-0.001033
0.001926
0.005785
0.006388
0.004218
0.002316
0.002396
0.002790
0.001016
0.001852
0.000178
-0.005401
-0.009562
-0.012615
-0.013438
-0.015371
-0.012138
-0.009663
-0.001157
0.000172
0.007462
0.010513
0.019379
0.012042
0.007702
-0.002490
-0.007665
-0.017957
-0.018901
-0.014493
-0.014231
-0.008112
-0.020003
-0.006377
-0.018719
-0.018447
-0.065445
-0.042923
-0.067606
-0.065884
-0.227104
-0.147752
-0.151682
-0.399929
-0.202989
0.116645
0.155245
0.188390
0.747846
0.820951
0.451206
0.133618
0.260515
0.376050
0.010575
-0.197800
-0.163121
-0.203757
-0.526153
-0.763242
-0.503023
0.078264
0.452279
0.350821
0.041173
-0.123565
-0.017005
0.297778
0.455258
0.357536
0.071124
-0.168796
-0.290396
-0.354849
-0.305767
-0.061293
0.168757
0.074728
-0.242128
-0.375818
-0.016733
0.444971
0.533963
0.210842
-0.235678
-0.295704
-0.018025
0.229474
0.139588
-0.294304
-0.577077
-0.307078
0.170084
0.356118
0.175044
-0.099688
-0.090224
0.125381
0.251738
0.128868
-0.062015
-0.118364
-0.085220
-0.160719
-0.293740
-0.299623
0.018851
0.268574
0.171629
-0.186369
-0.292285
-0.063839
0.193588
0.315030
-0.086164
-0.297487
-0.377345
-0.092462
-0.064655
-0.121232
-0.041274
-0.215632
-0.060755
-0.021924
0.119217
0.115082
0.200017
0.251348
0.161173
0.074208
0.003813
0.226939
0.324284
0.480603
0.716363
0.631156
0.346178
-0.176693
-0.461526
-0.490582
-0.480261
-0.440618
-0.464231
-0.165030
0.180822
0.441666
0.245249
-0.177631
-0.193662
0.164494
0.621756
0.630717
0.181486
-0.228766
-0.358447
-0.240677
-0.127967
-0.153455
-0.236679
-0.264209
-0.203503
-0.091413
-0.042064
-0.028227
0.094945
0.259054
0.384746
0.269504
-0.025158
-0.273427
-0.355304
-0.212755
-0.021844
-0.013580
-0.075666
-0.066675
-0.017754
0.046207
0.099887
0.118736
0.025773
-0.068731
0.025322
0.102140
-0.037894
-0.537794
-0.841103
-0.519134
0.004483
0.496424
0.436886
-0.039774
-0.534380
-0.408961
0.131947
0.512860
0.534060
0.137222
-0.065500
-0.220071
-0.084828
0.175736
0.345564
0.493838
0.515980
0.369693
0.066794
-0.085027
0.040184
0.328088
0.496046
0.248878
-0.252681
-0.487102
-0.422860
-0.241645
-0.263956
-0.421762
-0.310367
-0.012015
0.340306
0.543090
0.532924
0.387631
0.190081
0.140059
0.122230
-0.019316
-0.165582
-0.230796
-0.313764
-0.420948
-0.477394
-0.204739
0.112476
0.173779
-0.025864
-0.161215
0.013070
0.179127
0.254937
0.148918
0.001616
-0.113414
-0.376401
-0.561037
-0.552136
-0.337052
0.049375
0.425404
0.641671
0.339649
-0.133487
-0.258770
-0.021980
0.236009
0.162023
-0.207209
-0.560953
-0.660032
-0.489274
-0.129780
0.285612
0.414520
0.266226
0.090202
-0.013188
0.074988
0.034030
-0.087658
-0.254200
-0.172767
0.040024
0.134455
0.090712
-0.095123
-0.139317
-0.057256
0.129176
0.121416
0.111170
0.149876
0.260617
0.192245
-0.004083
-0.152414
0.020592
0.406819
0.382916
-0.077868
-0.422009
-0.208115
0.288918
0.617570
0.413716
-0.018031
-0.220921
0.003819
0.339830
0.440010
0.146658
-0.237715
-0.236530
0.005302
0.133802
-0.006948
-0.119052
0.128779
0.344466
0.335853
0.166034
-0.000540
-0.112582
-0.060843
-0.070294
-0.100874
-0.327012
-0.526391
-0.452303
-0.154284
0.228550
0.246617
0.139889
-0.212895
-0.409245
-0.450187
0.159530
0.503586
0.264088
-0.209285
-0.539976
-0.390317
-0.006225
0.238742
-0.184078
-0.334767
-0.219007
0.144463
0.183164
0.006806
-0.116962
-0.008680
0.143765
-0.055635
-0.397403
-0.682370
-0.444744
0.036276
0.436950
0.353028
-0.131997
-0.292869
-0.012110
0.358026
0.455020
0.310468
-0.025561
-0.462246
-0.623251
-0.488246
-0.056850
0.182957
0.148207
0.113854
0.165251
0.279243
0.232891
0.103831
-0.122449
-0.156862
0.024367
0.260214
0.337659
0.067417
-0.219064
-0.284585
-0.097913
0.153371
0.165531
0.014815
-0.164207
-0.126460
0.149587
0.435048
0.518685
0.309027
-0.003749
-0.189458
-0.108174
0.056201
0.156196
0.142971
0.125068
0.076344
0.076435
0.005515
-0.084067
-0.102998
-0.035943
0.132910
0.194362
0.083568
-0.113238
-0.116737
0.026508
0.184459
0.099699
-0.064710
-0.139992
-0.076812
0.085242
0.188847
0.150159
-0.023377
-0.119810
-0.104193
0.039092
0.080813
-0.030858
-0.105146
-0.087068
-0.014524
0.008150
-0.047084
-0.074612
-0.026447
0.053481
0.111812
0.126133
0.020948
-0.091252
-0.052898
0.012230
0.094580
0.106131
-0.037321
-0.162723
-0.170596
-0.209082
-0.209599
-0.073333
0.122730
0.182158
0.035697
-0.144564
-0.294882
-0.309474
-0.170194
0.050438
0.149673
0.196597
0.113047
-0.130836
-0.259228
-0.130610
0.040402
-0.008432
-0.149398
-0.224901
-0.143341
-0.053966
0.031317
-0.000773
-0.081915
-0.152985
-0.093597
-0.021379
-0.053889
0.003238
0.086797
0.156912
0.082484
0.004478
-0.047818
0.007030
0.146214
0.101161
-0.071259
-0.238449
-0.181555
0.121203
0.339272
0.363263
0.167127
-0.055756
-0.094644
0.067250
0.119623
-0.051362
-0.136988
-0.051546
0.115458
0.121890
0.020807
-0.000271
0.010325
0.080943
0.097786
0.009071
-0.105832
-0.082529
0.098711
0.209899
0.195417
0.021861
-0.102606
-0.083764
0.019235
0.041646
0.027417
0.047788
0.063872
0.096073
0.089083
0.044422
-0.005241
-0.051655
0.046712
0.194331
0.142879
-0.047550
-0.190676
-0.114598
-0.010099
0.097235
0.110769
0.092623
0.078927
0.012511
-0.043640
-0.117067
-0.120787
-0.077284
0.029114
0.094762
0.085779
0.035406
-0.015541
-0.016185
-0.046926
-0.136118
-0.161967
-0.046186
0.043904
0.054001
0.043938
0.032987
-0.003659
-0.114748
-0.151427
-0.112926
-0.034820
0.012083
0.050334
0.076663
-0.006139
-0.123078
-0.171148
-0.066603
0.033126
0.050429
0.028409
-0.010678
-0.032996
-0.011798
0.026199
0.007224
-0.008950
-0.020268
-0.024296
-0.040542
-0.074585
-0.045623
-0.020679
-0.035622
-0.055783
-0.030907
-0.033208
-0.028124
0.026994
0.097470
0.076111
0.002092
-0.008032
0.002364
-0.009381
-0.065725
-0.066699
-0.053012
-0.012174
0.097422
0.198412
0.156770
-0.046023
-0.222739
-0.239843
-0.112556
0.039341
0.129460
0.148480
0.088630
0.015560
-0.042607
-0.015388
0.069602
0.075289
-0.033466
-0.107853
-0.034578
0.073220
0.150637
0.097238
-0.039375
-0.136560
-0.107989
0.000155
0.067656
0.046365
0.020416
0.063528
0.065476
0.014945
0.006236
0.042700
0.048971
0.062300
0.053564
-0.021012
-0.065281
-0.000162
0.106819
0.071087
-0.064354
-0.122801
-0.087723
0.001408
0.045799
0.023437
-0.021694
-0.020263
0.041031
0.097151
0.109169
0.044157
-0.049485
-0.053236
-0.006385
-0.006342
-0.047114
-0.118951
-0.095564
-0.008050
0.023561
0.006415
-0.032038
-0.053736
-0.009159
0.049534
0.062918
0.039470
0.007459
0.000826
0.017663
-0.001373
-0.059881
-0.090220
-0.092452
-0.056621
0.045129
0.085070
0.021293
-0.058454
-0.082030
-0.028463
0.053560
0.092832
0.030145
-0.048344
-0.065839
-0.031594
0.003789
0.001984
-0.040233
-0.043272
-0.006669
0.051852
0.059059
-0.003618
-0.058217
-0.073905
-0.025760
0.024692
0.009322
-0.069318
-0.069377
-0.009746
0.065234
0.111362
0.019549
-0.085416
-0.084369
-0.040501
-0.020956
-0.027206
-0.004736
0.060256
0.106369
0.059984
-0.028018
-0.067856
-0.034764
0.052059
0.099712
0.118852
0.068215
0.002174
-0.061912
-0.101918
-0.081783
-0.020605
0.058081
0.085598
0.061568
0.009631
0.005840
-0.000172
0.015208
0.040519
0.046662
0.059386
0.035261
-0.029385
-0.100580
-0.098409
-0.039737
0.010795
0.030301
0.028899
0.017948
0.027148
0.066847
0.073542
0.034685
-0.009579
-0.011464
0.028934
0.071669
0.021139
-0.082949
-0.117164
-0.083680
0.010764
0.078544
0.081563
0.054806
0.036065
0.011269
-0.055634
-0.114643
-0.099703
0.018804
0.105565
0.062114
-0.067109
-0.133477
-0.100917
-0.037097
0.005453
0.013100
0.043238
0.073771
0.091548
0.059683
-0.025448
-0.094741
-0.085225
-0.003331
0.038230
0.016059
-0.020365
-0.009805
0.034955
0.023147
-0.047251
-0.113729
-0.103576
-0.028256
0.038801
0.076716
0.075300
0.020659
-0.027728
-0.065866
-0.045479
0.043738
0.123121
0.110157
0.004559
-0.064984
-0.067444
-0.024856
-0.021629
-0.056632
-0.082378
-0.015487
0.081947
0.095783
0.049000
-0.043519
-0.081354
-0.035545
0.068136
0.109888
0.077849
0.019936
-0.028662
-0.043594
-0.039172
-0.019984
-0.029031
-0.056397
-0.044019
0.013765
0.074948
0.075080
0.008143
-0.034091
