-0.001099
0.000879
0.003113
0.004622
0.005081
0.004858
0.003690
0.002128
0.000488
-0.000829
-0.002208
-0.002540
-0.002544
-0.002538
-0.003321
-0.003334
-0.003525
-0.002412
-0.002431
-0.000830
0.000113
0.002774
0.002687
0.002970
0.001473
0.002382
0.001973
0.001513
0.001358
-0.000254
-0.001965
-0.006952
-0.004211
-0.007059
-0.001128
-0.005991
0.001995
-0.002081
0.007497
-0.005946
0.004279
-0.012476
-0.013968
-0.068800
-0.095224
-0.091764
-0.248317
-0.194707
-0.144551
-0.105942
0.009352
0.205215
0.362764
0.317115
0.162723
0.025434
-0.063736
-0.173857
-0.161751
0.055344
0.252290
0.290752
0.225918
0.109733
0.083217
0.047355
0.043010
-0.015374
-0.171998
-0.291738
-0.284527
-0.136185
0.025361
0.123131
0.132279
0.073835
-0.012922
-0.080423
-0.032179
0.135608
0.252104
0.201855
-0.013460
-0.175274
-0.149253
-0.021311
0.049641
-0.000328
-0.104124
-0.165388
-0.129624
-0.046691
0.024748
0.051185
0.065225
0.101796
0.100086
0.044354
-0.021017
-0.044090
-0.018788
-0.032678
-0.056550
-0.134136
-0.134735
-0.084706
-0.091839
-0.100682
-0.112161
-0.136769
-0.120258
-0.053820
-0.047137
0.023680
0.185628
0.315862
0.255002
0.023081
-0.169848
-0.210453
-0.186974
-0.078929
0.110342
0.229049
0.173709
0.020658
-0.107845
-0.112998
0.021349
0.192003
0.310320
0.246568
0.084577
-0.034434
-0.058531
0.041341
0.148312
0.143337
0.015134
-0.179484
-0.286993
-0.228719
-0.022476
0.171690
0.168652
-0.006389
-0.161641
-0.087356
0.110197
0.219775
0.175675
0.041464
-0.041196
-0.057920
-0.040090
-0.042120
-0.059273
-0.045412
0.008140
0.024996
-0.071990
-0.204770
-0.218858
-0.070284
0.087478
0.125700
0.008920
-0.079430
-0.108018
-0.094627
-0.023348
-0.021077
-0.014380
-0.004403
-0.001277
-0.046926
-0.125197
-0.136897
-0.056333
0.050594
0.062362
0.016947
-0.023936
-0.044721
-0.049667
-0.060484
-0.047385
0.001892
0.059938
0.070491
0.025411
-0.025943
-0.035872
0.034592
0.108302
0.115753
0.057130
0.005637
-0.003615
0.039692
0.087269
0.141581
0.168891
0.125343
0.087062
0.057436
0.088708
0.136545
0.159793
0.113001
0.008873
-0.069175
-0.072204
-0.026011
-0.046845
-0.090798
-0.073275
0.018719
0.097920
0.078903
0.002586
-0.070331
-0.079329
-0.025258
0.041273
0.064682
0.016274
-0.031433
-0.038905
-0.024051
-0.035664
-0.052104
-0.041708
-0.014797
0.003039
-0.031687
-0.078534
-0.083795
-0.040564
0.023598
0.045134
-0.003753
-0.096504
-0.182337
-0.190158
-0.145510
-0.094578
-0.069412
-0.071149
-0.068453
-0.066045
-0.057993
-0.054491
-0.031975
0.008014
0.035836
0.047117
0.011115
-0.039050
-0.072861
-0.062333
-0.006580
0.034074
0.031737
-0.009497
-0.030587
-0.008401
0.045486
0.086786
0.074198
0.039641
0.009107
0.009196
0.035924
0.064770
0.071703
0.058210
0.046520
0.059760
0.074326
0.084508
0.084384
0.076672
0.081297
0.082047
0.068961
0.047772
0.059014
0.086253
0.110665
0.098958
0.064098
0.020928
0.027954
0.082793
0.149747
0.169965
0.104386
0.033119
-0.025815
-0.038441
-0.020445
-0.033986
-0.059901
-0.034652
-0.013116
-0.026759
-0.042037
-0.053132
-0.045895
-0.005329
0.044372
0.070747
0.032586
-0.042389
-0.070257
-0.073945
-0.086725
-0.120707
-0.133010
-0.114085
-0.090000
-0.081921
-0.076799
-0.067690
-0.046633
-0.012060
0.003910
-0.013712
-0.051861
-0.047999
-0.045418
-0.031505
-0.047244
-0.063301
-0.104015
-0.100249
-0.020335
0.008732
0.009598
-0.001261
-0.009107
-0.058788
-0.109682
-0.112193
-0.066010
-0.048970
-0.047146
-0.030819
-0.002889
-0.014290
-0.039693
-0.022278
0.016211
0.030641
-0.016784
-0.058805
-0.062895
-0.020982
0.045229
0.080830
0.089845
0.055418
0.003865
0.001389
0.029856
0.070562
0.066667
0.042158
0.024366
0.023270
0.018831
0.039692
0.092002
0.111829
0.086104
0.045512
0.047363
0.053975
0.045304
0.036874
0.045340
0.062365
0.077629
