0.000732
-0.000037
-0.000954
-0.001458
-0.001667
-0.001842
-0.000741
0.000502
-0.000554
-0.002932
-0.004379
-0.005042
-0.004149
-0.001240
0.003653
0.005037
0.003405
0.000150
-0.002386
-0.005196
-0.007356
-0.006474
-0.004013
-0.000558
0.000271
0.003153
0.001647
0.002545
-0.002489
-0.001866
-0.008018
-0.006508
-0.009919
-0.003400
-0.004665
-0.001035
-0.005123
-0.004164
-0.005305
-0.004181
0.001486
-0.001428
0.005077
-0.021011
-0.005916
-0.038867
-0.054001
-0.182586
-0.121545
-0.224653
-0.420325
-0.141727
0.025004
0.016830
0.211646
0.532635
0.425492
-0.024877
-0.301329
-0.181808
-0.056439
-0.004726
0.340782
0.765080
0.670011
0.157912
-0.291214
-0.317143
-0.129033
0.128670
0.270510
-0.035692
-0.460049
-0.752171
-0.683960
-0.272440
0.176781
0.521503
0.691359
0.514153
0.079044
-0.296050
-0.229929
0.237642
0.569695
0.361186
-0.156846
-0.467259
-0.431012
-0.263164
-0.196333
-0.148951
-0.037766
0.108726
0.169995
0.017700
-0.154566
-0.104170
0.244082
0.581184
0.464268
-0.058846
-0.493077
-0.443847
-0.066099
0.190437
0.110237
-0.160617
-0.262378
-0.115482
0.045028
0.039606
-0.081526
-0.036714
-0.104320
-0.334760
-0.297733
-0.276850
-0.230585
0.136205
0.539596
0.510352
-0.022456
-0.345723
-0.208048
0.003252
0.031140
0.152942
0.442314
0.401435
-0.064129
-0.569733
-0.617063
-0.134709
0.398448
0.695325
0.498728
0.012223
-0.211168
-0.030620
0.480048
0.717848
0.499712
0.057878
-0.259640
-0.384530
-0.395406
-0.324966
-0.203424
-0.155183
-0.271409
-0.347363
-0.130644
0.316127
0.572104
0.497945
0.222849
0.082460
0.035609
0.060598
0.066779
0.036642
-0.082085
-0.236817
-0.339804
-0.348736
-0.299492
-0.113065
0.117567
0.245503
0.116972
-0.149754
-0.147275
-0.115397
0.207414
0.011694
-0.177881
-0.257790
-0.356389
0.028173
0.147805
0.074105
-0.137164
-0.069785
0.019224
-0.018617
-0.085242
-0.149187
-0.041617
-0.016781
0.012786
0.081247
0.032954
0.080494
0.136653
0.186985
0.070332
-0.164780
-0.219719
-0.098386
0.082029
0.146576
0.098826
0.005018
0.052346
0.192249
0.441944
0.452711
0.373238
0.094627
-0.129654
0.024581
0.287002
0.423465
0.008085
-0.515821
-0.743618
-0.490578
-0.156309
-0.036445
0.008179
0.075824
0.323873
0.428749
0.312023
0.033219
-0.130631
0.136685
0.467682
0.372461
-0.183093
-0.640038
-0.612512
-0.165724
0.196761
0.187087
-0.099540
-0.337042
-0.479733
-0.345897
-0.211782
0.097060
0.301544
0.077147
-0.064610
-0.317974
-0.290771
-0.023222
0.404766
0.517129
0.136229
-0.339771
-0.566047
-0.493473
-0.305844
0.014936
0.430652
0.533762
0.190062
-0.275348
-0.464161
-0.305867
0.010658
0.281846
0.248025
0.049785
-0.096519
0.015891
0.205108
0.180157
0.054214
-0.002122
0.042321
0.139177
-0.026268
-0.050608
0.046947
0.229535
0.251687
0.098930
0.094852
0.195101
0.482331
0.554190
0.435924
0.164952
-0.196861
-0.468132
-0.467469
-0.273123
-0.119152
-0.062821
0.027810
0.051978
-0.007392
-0.105427
-0.104032
0.064015
0.226656
0.365014
0.300215
0.122081
-0.073757
-0.178468
-0.091230
0.003139
0.022591
-0.064921
-0.231728
-0.280638
-0.228858
-0.169933
-0.051099
0.077242
0.098406
0.000482
-0.064160
-0.035444
-0.005703
-0.087532
-0.221149
-0.310547
-0.380522
-0.341163
-0.189790
0.010439
0.071850
-0.018040
-0.062252
-0.054808
-0.006340
0.035757
0.005854
-0.011662
-0.084981
-0.181827
-0.168143
-0.094194
0.033781
0.191613
0.307010
0.206896
0.015576
-0.108269
-0.056604
0.052440
0.041597
0.065681
0.056992
0.107217
0.154831
0.083711
0.094865
0.042029
0.037482
0.114375
0.095922
0.062206
0.037132
0.179255
0.234090
0.142434
-0.023238
-0.173662
-0.118496
0.011695
0.184851
0.247391
0.208976
0.169714
0.187388
0.202176
0.095736
-0.040966
-0.043976
0.050356
0.133233
0.127197
0.050762
0.004610
-0.052424
-0.045028
0.049599
0.042132
0.033799
0.076017
0.076919
0.056970
-0.032852
-0.220966
-0.382458
-0.378928
-0.262305
-0.038604
0.126761
0.198998
0.141129
-0.077709
-0.256120
-0.248686
-0.050845
0.121673
0.097724
-0.086063
-0.245280
-0.228030
-0.135393
-0.055817
-0.005974
-0.033535
-0.041697
-0.095167
-0.131003
-0.122891
-0.036019
0.086065
0.098896
0.004431
-0.211728
-0.326242
-0.243557
-0.034228
0.119801
0.127429
0.074243
-0.017921
-0.094565
-0.079333
-0.073652
-0.076168
-0.030658
0.055288
0.065098
-0.062394
-0.111113
-0.025995
0.132253
0.191732
0.159797
0.093514
-0.009957
-0.069291
-0.044167
0.075204
0.159401
0.180659
0.184032
0.122110
-0.034222
-0.121718
-0.047474
0.123018
0.199744
0.125298
0.015082
-0.057459
-0.027288
0.078682
0.195114
0.142627
0.030456
-0.008162
0.037205
0.119853
0.120334
0.051169
-0.036432
-0.051988
0.020344
0.108918
0.090137
0.018985
-0.033177
-0.043162
-0.042159
-0.050105
-0.044272
0.006694
0.084035
0.130906
0.144117
0.054626
-0.077145
-0.175479
-0.129781
-0.056593
-0.042106
0.001817
0.124145
0.203096
0.073379
-0.106358
-0.238559
-0.247918
-0.182660
-0.041139
0.151599
0.239792
0.152081
-0.049120
-0.232161
-0.248079
-0.086737
0.056382
0.119125
0.063566
-0.109652
-0.201249
-0.103568
0.029545
0.064914
0.016349
-0.041994
-0.067077
-0.119190
-0.164246
-0.006660
0.159708
0.156801
0.016171
-0.149248
-0.159771
-0.018376
0.082082
0.035417
-0.036386
-0.031313
0.016885
0.006641
-0.023304
-0.070084
-0.098379
-0.055702
0.009376
0.032134
-0.023143
0.017195
0.137277
0.107345
-0.090229
-0.226880
-0.141135
0.025317
0.174890
0.190873
0.085031
-0.080920
-0.176282
-0.120220
-0.003616
0.113563
0.134178
0.012340
-0.151725
-0.184047
-0.007047
0.242842
0.274544
0.063999
-0.176644
-0.223407
-0.055403
0.119952
0.130071
0.011422
-0.088822
-0.061636
0.047131
0.125076
0.104001
-0.002960
-0.087667
-0.133363
-0.082335
0.036267
0.179582
0.239823
0.127591
-0.061284
-0.173266
-0.114783
-0.035524
0.035997
0.058230
0.057403
0.062561
0.059009
0.059444
-0.005513
-0.041659
0.016012
0.082193
0.052039
-0.060759
-0.084369
0.016487
0.100388
0.088200
0.007639
-0.039502
-0.051078
0.012072
0.082314
0.057132
-0.010358
-0.072719
-0.053130
0.016631
0.052649
0.051025
0.016346
-0.050305
-0.085076
-0.050411
0.045374
0.113218
0.112553
0.013323
-0.105939
-0.141801
-0.115958
-0.032438
0.048112
0.097843
0.024467
-0.061398
-0.067202
-0.016932
0.005761
-0.047269
-0.056290
-0.036461
-0.012170
0.018104
0.071857
0.057077
-0.000973
-0.040488
-0.018236
0.002916
-0.036110
-0.056761
-0.033088
0.028420
0.010767
0.010177
0.028617
0.020426
-0.040969
-0.125899
-0.107855
-0.037472
0.039377
0.078773
0.087886
0.056190
-0.021707
-0.030626
0.012217
-0.012057
-0.084068
-0.119646
-0.029810
0.079942
0.106396
0.054789
-0.007631
-0.028121
-0.037449
-0.017554
-0.011936
-0.014106
0.029752
0.067670
0.061761
0.020827
0.010641
0.035410
0.024470
0.001518
-0.060305
-0.085420
0.002414
0.068485
0.086340
0.054875
