0.002186
0.001673
0.000298
-0.001288
-0.002534
-0.002856
-0.001285
0.000540
0.001245
0.001173
0.001006
-0.000411
-0.001219
-0.002391
-0.001321
-0.000766
-0.000204
-0.000253
0.000377
0.001249
0.001507
0.001483
-0.000425
-0.000715
-0.003151
-0.001431
-0.004832
-0.001442
-0.005483
-0.001419
-0.006840
-0.001316
-0.005968
0.000078
-0.005198
-0.003139
-0.006457
-0.004523
-0.007628
-0.012168
-0.011567
-0.029695
-0.041534
-0.125724
-0.078634
-0.245887
-0.268272
-0.184650
-0.197752
-0.041321
0.192490
0.457004
0.515929
0.444747
0.127404
-0.159844
-0.350964
-0.375104
-0.031651
0.330367
0.570828
0.569363
0.228935
-0.093301
-0.163729
0.057577
0.205566
0.134240
-0.054880
-0.432195
-0.643889
-0.536102
-0.207700
0.070403
0.217875
0.295726
0.195627
-0.005655
-0.044263
0.210546
0.465392
0.357511
0.006841
-0.195147
-0.160439
-0.027728
-0.015994
-0.190374
-0.382207
-0.373961
-0.173756
0.028856
0.085078
0.027031
0.042439
0.210941
0.294455
0.223168
0.041368
-0.068717
0.003571
0.019243
-0.059870
-0.233429
-0.219251
-0.178036
-0.057653
-0.120845
-0.066104
-0.145698
-0.304463
-0.139495
-0.277417
-0.150322
0.060713
0.420310
0.521224
0.296447
0.030648
-0.241665
-0.335767
-0.364886
-0.185306
0.116084
0.310801
0.389620
0.179029
-0.216677
-0.519948
-0.419933
0.063234
0.388199
0.428133
0.065274
-0.191111
-0.200073
0.089734
0.418770
0.538359
0.428130
0.226638
0.129235
0.084002
0.216093
0.287521
0.200482
-0.120260
-0.488359
-0.579280
-0.392259
-0.075788
0.066990
-0.007914
-0.117456
-0.147167
-0.000131
0.218436
0.404360
0.409138
0.292396
0.111791
-0.061185
-0.191844
-0.262310
-0.140436
0.003892
0.061535
-0.062631
-0.249473
-0.306910
-0.179560
0.005169
0.057283
0.006178
-0.062092
-0.060656
-0.047071
0.029561
-0.079284
-0.306814
-0.269402
-0.183029
-0.052516
0.161300
0.334859
0.268219
-0.040536
-0.257610
-0.294139
-0.203734
-0.085561
0.136195
0.385261
0.256386
-0.200995
-0.546795
-0.458088
-0.033674
0.316910
0.423232
0.221384
-0.011231
-0.073260
0.005473
0.183699
0.171554
0.099158
-0.054460
-0.079084
-0.089386
-0.125668
0.033067
0.249588
0.361150
0.175725
-0.086932
-0.110828
0.236166
0.566364
0.574783
0.177266
-0.268642
-0.417702
-0.208791
-0.004296
-0.005792
-0.054657
-0.100680
-0.088008
-0.064008
0.044988
0.149352
0.181300
0.177465
0.149250
0.043838
-0.101387
-0.182012
-0.107899
-0.043927
-0.086860
-0.152059
-0.151868
-0.096572
-0.071800
-0.043301
0.012460
0.042525
-0.005649
-0.058183
-0.044236
0.076590
0.188904
0.159314
-0.035383
-0.236002
-0.312337
-0.274105
-0.185422
-0.159447
-0.209337
-0.238614
-0.181637
-0.050477
0.040610
0.056977
0.061934
0.057493
0.035088
-0.022584
-0.034521
-0.015709
0.030897
0.044177
-0.016942
-0.107361
-0.098959
0.015716
0.109071
0.122899
0.055645
0.006129
-0.025226
0.019801
0.069020
0.086046
0.022521
-0.050964
-0.040973
0.049587
0.154773
0.148264
0.133738
0.111767
0.075708
0.031512
-0.008264
0.017180
0.050720
0.037801
0.056522
0.069599
0.028370
0.014378
0.078438
0.133999
0.114546
0.021421
-0.020334
0.037479
0.061112
0.146745
0.184213
0.153487
0.070902
-0.001862
0.026982
0.031389
0.090386
0.033794
-0.014814
-0.064898
-0.166104
-0.100001
0.042639
0.089726
0.004843
-0.075055
-0.064616
-0.035013
-0.036498
-0.063175
-0.087537
-0.073649
-0.082036
-0.025582
-0.024553
-0.094234
-0.155169
-0.146080
-0.029905
0.040204
0.053540
0.073450
0.028124
-0.120011
-0.233556
-0.200674
-0.082158
0.026437
0.037716
-0.023219
-0.069575
-0.112033
-0.099448
-0.028294
0.048989
0.053222
0.073550
0.020075
-0.087502
-0.165529
-0.156620
-0.015438
0.027926
-0.048665
-0.158916
-0.154039
-0.048022
0.025170
0.030463
-0.008945
-0.049866
-0.083468
-0.019956
0.099439
0.135500
0.084974
-0.005320
-0.021045
0.040146
0.096121
0.081430
0.010061
-0.066058
-0.074017
0.001319
0.104405
0.163114
0.118862
0.034317
-0.017471
-0.007280
0.004998
0.091206
0.150579
0.139588
0.101802
-0.000649
-0.083948
-0.064648
0.047964
0.119465
0.096473
0.014003
-0.015256
0.003335
0.043159
0.060631
0.081322
0.029841
-0.027721
-0.043866
-0.008552
0.070863
0.076207
0.081160
0.042654
0.006515
-0.044391
-0.020716
0.076870
0.139770
0.097671
-0.019780
-0.082791
-0.060574
0.008946
0.082018
0.085972
0.018471
-0.097384
-0.201148
-0.114021
0.064975
0.165140
0.150881
0.097669
0.046170
0.003800
-0.096545
-0.145896
-0.095921
-0.045185
-0.029826
-0.023490
0.026022
0.043545
0.003830
-0.002131
0.051370
0.031268
-0.084452
-0.162976
-0.090369
-0.013466
0.039240
0.069859
0.088780
0.056073
-0.078866
-0.125397
-0.127684
-0.119112
-0.071002
0.019589
0.130462
0.091745
-0.074416
-0.192648
-0.143720
0.014692
0.132038
0.144327
0.058039
-0.069853
-0.164000
-0.161139
-0.100515
-0.016541
-0.002681
0.039379
0.090821
0.066112
0.000054
-0.047057
-0.033378
-0.006016
-0.032196
-0.118731
-0.130699
-0.072722
0.037664
0.102337
0.119758
0.070862
0.006027
-0.065847
-0.128480
-0.120138
-0.040734
0.114890
0.165895
0.064344
-0.044016
-0.074568
-0.036353
0.038764
0.068227
0.005082
-0.078467
-0.073906
-0.008538
0.081048
0.099396
0.062594
0.019805
0.015070
0.028016
0.001244
-0.039709
-0.048504
-0.018786
0.029091
0.095838
0.130871
0.109858
-0.003845
-0.086010
-0.088738
-0.023824
0.061037
0.119906
0.129501
0.040844
-0.071921
-0.112262
-0.066819
0.006477
0.086330
0.121004
0.066239
-0.036062
-0.071572
-0.035944
0.019651
0.032275
0.023634
0.025155
-0.001441
0.015546
-0.011485
-0.053370
-0.044253
0.018741
0.097144
0.090631
0.025480
-0.062643
-0.106801
-0.105024
-0.044712
0.051501
0.081209
0.051758
0.015580
-0.008709
-0.069602
-0.087157
-0.029584
-0.010584
-0.008759
-0.035752
-0.029665
0.001448
0.046113
0.073730
0.069964
0.023534
-0.076101
-0.141784
-0.177920
-0.123039
0.005317
0.132162
0.145613
0.054580
-0.041851
-0.093126
-0.078584
-0.046527
-0.018986
-0.010750
0.013822
0.049838
0.074263
0.098683
0.051898
-0.054345
-0.140579
-0.152617
-0.077540
0.052521
0.140659
0.110878
0.025564
-0.075496
-0.121876
-0.067383
0.055327
0.121981
0.065697
-0.039147
-0.104991
-0.063146
0.036173
0.077708
0.063533
0.029625
-0.018698
-0.053400
-0.071948
-0.056104
-0.031550
0.015750
0.054311
0.066186
0.031751
-0.030971
-0.032672
0.011578
0.062545
0.045552
0.011435
-0.009890
0.011194
0.045804
0.024415
-0.000957
