-0.001423
0.000756
-0.000210
0.000713
0.002807
0.000273
-0.003367
-0.003412
-0.000336
0.002367
0.002971
0.002712
0.003232
-0.000924
-0.005651
-0.008168
-0.003476
0.000880
0.003183
0.000917
-0.000782
-0.001727
-0.002103
-0.001790
-0.001290
0.002846
0.000234
0.001079
-0.005236
-0.001039
-0.007913
-0.002181
-0.011777
-0.006045
-0.022351
-0.025577
-0.074755
-0.090030
-0.114883
-0.225440
-0.186624
-0.165501
-0.071525
-0.023708
0.126329
0.275405
0.203509
0.070386
-0.049193
-0.041981
-0.105839
-0.110165
0.034310
0.170909
0.123148
-0.068987
-0.137631
-0.067006
0.054837
0.169035
0.221789
0.181726
0.035074
-0.070288
-0.026774
0.111983
0.225347
0.241985
0.186381
0.103628
0.028857
-0.007850
0.049879
0.172518
0.233119
0.158995
0.020484
-0.033511
-0.018791
-0.018291
-0.039249
-0.042860
-0.013427
0.015633
0.021144
-0.024324
-0.100932
-0.128053
-0.042584
0.094237
0.137217
0.058693
-0.028026
-0.038683
0.016339
0.034834
-0.020556
-0.099703
-0.133417
-0.128282
-0.141170
-0.179195
-0.194467
-0.141565
-0.043539
0.031811
0.026215
-0.038941
-0.103776
-0.097731
-0.044870
-0.015208
-0.028531
-0.057090
-0.062701
-0.071799
-0.103021
-0.138350
-0.113441
-0.030237
0.029400
0.019979
-0.042410
-0.088490
-0.075099
-0.020802
0.033149
0.045476
0.010201
-0.024031
-0.023845
-0.008260
-0.021572
-0.042001
-0.012523
0.046570
0.080679
0.037952
-0.040933
-0.071710
-0.037030
0.049595
0.105544
0.087173
0.028585
0.000214
0.037527
0.082697
0.075753
0.027374
-0.012276
-0.004418
0.039152
0.058885
0.044394
0.019026
0.025470
0.076382
0.110455
0.102001
0.051021
0.021584
0.031041
0.069378
0.102344
0.071289
0.027877
-0.001905
0.030150
0.078295
0.102754
0.095563
0.088278
0.098080
0.097193
0.074898
-0.004444
-0.062573
-0.077427
-0.050046
0.030711
0.078514
0.045432
-0.053020
-0.139068
-0.162692
-0.164635
-0.138270
-0.094837
-0.035652
-0.007506
-0.021980
-0.068857
-0.129928
-0.119496
-0.045064
0.040383
0.043550
-0.031857
-0.102096
-0.142450
-0.116744
-0.049990
0.019845
0.042993
-0.008579
-0.058776
-0.087260
-0.090983
-0.083834
-0.061418
-0.036310
-0.038086
-0.049653
-0.053663
-0.054439
-0.078879
-0.101476
-0.095162
-0.037352
0.027375
0.037730
-0.007214
-0.065062
-0.073929
-0.024954
0.037205
0.050561
0.027807
0.001420
-0.003304
0.025240
0.045198
0.032008
0.012989
0.022554
0.059289
0.060752
0.004997
-0.044392
-0.031264
0.031230
0.080218
0.088526
0.062433
0.038948
0.029017
0.037555
0.042296
