-0.002629
-0.002049
-0.001211
-0.000730
-0.000426
-0.000079
0.000754
0.001478
0.001601
0.001277
0.000713
0.000537
0.001496
0.001597
0.002896
0.002736
0.003210
0.002011
0.001468
-0.000699
-0.001673
-0.001944
-0.001119
0.000389
-0.000286
0.000338
-0.003749
-0.002019
-0.005866
0.000587
-0.002717
0.005155
-0.001850
0.003791
-0.005738
0.001610
-0.005515
0.001502
-0.002222
-0.000851
0.000661
-0.002671
0.000681
-0.010078
0.004935
-0.025961
-0.021664
-0.120563
0.031668
-0.262317
-0.152453
0.058213
-0.072892
0.095560
0.201844
0.444975
0.001071
-0.183828
-0.245680
-0.183099
-0.230819
-0.197210
0.343758
0.275787
-0.147809
-0.407857
-0.351737
-0.317202
-0.070473
0.553760
0.819404
0.353490
-0.110671
-0.113252
0.069840
0.081799
0.157189
0.384089
0.487940
0.224130
-0.085525
-0.098122
0.053121
0.234673
0.186055
-0.104642
-0.331136
-0.300951
-0.179972
-0.121842
-0.200368
-0.178729
-0.021924
0.203611
0.311992
0.154159
-0.084049
-0.115391
0.121629
0.216628
0.043318
-0.180306
-0.155884
0.040276
0.069107
-0.085858
-0.237810
-0.212407
-0.065529
-0.015714
-0.066146
-0.160325
-0.118427
0.043805
0.161963
0.124418
-0.033463
-0.116599
-0.061393
0.003245
-0.095385
-0.121755
-0.136747
-0.038252
0.093971
0.053927
-0.095686
-0.172789
-0.019723
0.061684
0.019959
-0.046846
-0.012155
0.021536
-0.017668
0.005933
0.033064
0.026736
0.013088
0.065102
0.104114
0.052654
0.046855
0.017214
0.039975
0.075524
0.090983
0.093555
0.023514
-0.071209
-0.148610
-0.083064
0.000135
0.000259
-0.086918
-0.083065
0.059836
0.103715
0.007152
-0.109014
-0.075276
0.051563
0.137767
0.123239
0.045032
-0.031698
-0.011187
0.086986
0.144289
0.069624
-0.028634
-0.029697
-0.010524
0.053764
0.071700
0.096002
0.126886
0.164667
0.168591
0.119564
0.097999
0.086307
0.092536
0.019166
-0.054873
-0.037209
-0.018894
-0.037208
-0.040916
-0.044635
-0.052703
-0.067622
-0.032274
0.007292
0.015254
0.059470
0.082825
-0.001318
-0.172490
-0.222672
-0.087253
0.073747
0.079286
-0.061995
-0.171414
-0.169347
-0.085668
-0.015705
-0.024754
-0.045643
-0.043405
-0.042698
-0.077982
-0.141913
-0.143660
-0.086019
0.020209
0.075217
0.078058
0.035224
-0.025101
-0.061131
-0.106757
-0.130860
-0.132867
-0.060241
-0.067107
-0.088718
-0.186465
-0.181569
-0.029967
0.042070
0.069247
0.043823
0.077121
0.092540
0.081148
0.024400
-0.053296
-0.057822
-0.018363
0.064350
0.110916
0.068772
0.028229
-0.038890
-0.047484
-0.055251
-0.045639
-0.011157
0.041976
0.103348
0.049043
-0.001538
-0.041894
0.029799
0.099135
0.083975
0.012428
-0.074866
-0.028853
0.052424
0.107579
0.070228
-0.003671
-0.047719
-0.031158
0.071346
0.124919
0.068345
-0.037674
-0.033461
0.062778
0.128431
0.098344
0.009225
-0.020137
-0.015744
0.028207
0.064674
0.057533
-0.008278
-0.032098
0.049477
0.116684
0.073785
-0.041376
-0.089765
-0.083583
-0.010494
0.087948
0.119286
0.084008
0.030227
0.018155
0.010077
-0.034553
-0.037076
-0.020330
0.013034
0.018317
0.042830
0.068026
0.027263
0.017794
0.013795
0.003522
-0.086876
-0.127794
-0.081709
0.001995
0.075881
0.093040
0.075087
-0.004591
-0.058460
-0.107029
-0.103166
-0.048858
0.015596
0.079357
0.073208
0.055650
0.035953
0.038800
0.066576
0.064058
-0.012286
-0.123817
-0.129472
-0.116592
-0.099520
-0.079746
-0.032791
0.047047
0.069596
0.073431
0.015231
-0.006427
-0.028656
-0.037219
-0.052380
-0.090419
-0.049637
-0.030579
-0.043447
-0.171103
-0.252816
-0.193271
-0.048683
0.076445
0.063980
-0.017654
-0.119297
-0.122743
-0.062411
0.031958
0.098774
0.087866
0.066593
-0.009571
-0.074166
-0.068882
-0.000454
0.040414
-0.001987
-0.033968
-0.063379
-0.036246
0.001504
0.042691
0.032038
-0.028419
-0.007918
0.025706
0.065566
0.061886
0.048159
0.036619
0.011758
0.011347
0.026166
0.043453
0.043132
0.035701
0.025029
