-0.000264
-0.001212
-0.001763
-0.001990
-0.001725
-0.001068
-0.000330
-0.000110
-0.000462
-0.001778
-0.002862
-0.003111
-0.002936
-0.002078
-0.000629
-0.000500
-0.001780
-0.003266
-0.004549
-0.004254
-0.002592
-0.000277
-0.000134
-0.000735
-0.001948
-0.001103
-0.001968
-0.002089
-0.002929
-0.001855
-0.004143
-0.005169
-0.009034
-0.012562
-0.010900
-0.017183
-0.042677
-0.080519
-0.065228
-0.158561
-0.212263
-0.069314
-0.062644
-0.038456
0.148327
0.269836
0.173738
0.008268
-0.068521
-0.099617
-0.127138
-0.091111
0.099192
0.223705
0.129811
-0.056057
-0.144496
-0.132432
0.015349
0.173640
0.247821
0.167663
-0.046691
-0.149991
-0.076269
0.120890
0.262589
0.316112
0.268352
0.114530
-0.080209
-0.141984
-0.032558
0.114451
0.134249
-0.035878
-0.238804
-0.300023
-0.173958
0.005365
0.102496
0.102147
0.064599
0.035009
0.009416
-0.020040
-0.030840
-0.013191
0.062966
0.110241
0.037273
-0.118541
-0.227063
-0.149784
0.011888
0.111363
0.042933
-0.102588
-0.217721
-0.209748
-0.097221
0.042314
0.088940
0.032339
-0.065222
-0.163805
-0.137712
-0.097889
-0.007458
-0.032818
-0.022976
0.020582
-0.020871
0.001157
0.030642
0.069526
0.007812
-0.021140
-0.000347
-0.051090
-0.099052
-0.119052
-0.046911
0.035663
0.069029
0.004358
-0.120518
-0.154245
-0.072706
0.065898
0.147392
0.155347
0.093161
0.012217
-0.047764
-0.012383
0.059625
0.098824
0.099840
0.099555
0.058601
-0.000328
-0.023847
0.022301
0.108344
0.097959
0.085653
0.126670
0.062655
0.026659
0.089646
0.179295
0.202014
0.123844
0.110187
0.032834
-0.035955
-0.093108
-0.047577
-0.022098
-0.093412
-0.085913
-0.054416
0.017915
0.019971
0.019963
0.030581
0.015173
-0.001460
-0.024278
-0.024622
-0.015627
-0.010204
-0.019136
-0.052150
-0.083738
-0.103238
-0.101615
-0.089168
-0.066925
-0.064170
-0.089108
-0.092361
-0.067415
-0.042503
-0.027227
-0.001411
0.014250
0.018304
-0.003457
-0.025143
-0.065210
-0.099433
-0.146153
-0.181408
-0.151292
-0.127599
-0.076910
-0.038385
0.000621
0.016818
-0.002971
-0.012734
-0.013848
-0.012222
-0.015026
0.019263
0.068506
0.069060
0.018575
-0.017769
-0.002048
0.033818
0.064186
0.081909
0.044398
-0.009136
-0.033859
-0.026936
-0.008289
0.024390
0.065295
0.080332
0.067752
0.057792
0.023836
-0.001112
