0.001070
0.001262
0.001456
0.001500
0.000844
0.000219
0.000088
0.000276
0.000436
0.000457
0.000446
0.001099
0.001400
0.001515
0.001083
0.000272
0.000074
0.000058
0.000415
0.000763
0.000707
0.000020
-0.000437
-0.000265
-0.000120
-0.000196
0.000106
-0.000027
-0.000620
-0.001699
-0.002772
-0.002635
-0.002617
-0.002403
-0.002266
-0.002926
-0.002900
-0.002740
-0.002885
-0.002903
-0.001931
-0.001102
-0.001699
-0.003089
-0.002531
-0.003149
-0.002726
-0.002974
-0.003068
-0.004041
-0.004574
-0.005378
-0.005870
-0.004350
-0.004565
-0.001859
-0.004000
-0.002547
-0.007735
-0.004219
-0.010097
-0.004406
-0.009926
-0.003270
-0.010438
-0.004989
-0.011015
-0.004790
-0.007458
-0.004582
-0.000801
-0.004539
0.002816
-0.012040
0.004564
-0.030244
0.004998
-0.042853
-0.028279
-0.153407
-0.022391
-0.236847
-0.309875
0.000988
-0.199815
-0.095019
0.130896
0.290441
-0.003854
-0.027154
-0.019539
-0.192958
-0.049613
0.059542
0.287044
0.157948
-0.093571
-0.044135
-0.130841
-0.068804
0.325050
0.756816
0.771062
0.408261
0.067952
-0.116886
-0.053379
0.089301
0.187272
0.054309
-0.316714
-0.549723
-0.569406
-0.518303
-0.276453
0.082818
0.328630
0.282786
0.102095
0.133096
0.341583
0.474868
0.307251
0.006269
-0.109567
-0.050317
0.039186
-0.165817
-0.489847
-0.628909
-0.427314
0.041533
0.219991
0.065684
-0.181281
-0.135850
0.123939
0.277778
0.276408
0.019730
-0.030473
-0.080262
-0.098926
-0.077825
-0.113252
-0.024955
-0.127835
-0.207273
-0.267152
-0.125176
0.059071
0.129033
0.212299
0.120283
0.022610
0.028660
0.007232
-0.036826
-0.063699
-0.186368
-0.173715
-0.209797
-0.176583
-0.217388
-0.300632
-0.219488
-0.141660
0.105926
0.081982
0.152034
0.182859
0.021028
-0.004907
0.140423
0.258730
0.148373
0.118316
0.187209
0.128461
0.090035
0.007918
0.027713
0.019150
-0.013496
0.225544
0.337604
0.362416
0.174314
0.111125
0.169150
0.171632
0.101629
-0.024895
-0.109202
-0.124238
-0.021830
-0.011301
-0.047961
-0.116425
-0.006632
0.204093
0.219189
0.039427
-0.133011
-0.071827
0.075129
0.173971
0.092906
-0.093028
-0.200757
-0.247527
-0.146164
-0.046283
-0.004639
-0.042633
-0.120736
-0.155741
-0.137279
-0.002688
0.060809
0.084852
-0.024125
-0.176502
-0.255827
-0.210553
-0.174078
-0.180682
-0.186340
-0.165492
-0.066975
-0.117369
-0.072823
-0.104718
-0.067323
0.090533
0.279903
0.279867
-0.003360
-0.125252
-0.115549
-0.042107
-0.125149
-0.166919
-0.094886
-0.088281
-0.089529
-0.103988
-0.047790
-0.014696
0.041700
0.141433
0.097109
0.054709
0.064656
0.157936
0.174050
0.089798
0.004457
-0.035319
-0.001258
0.034861
0.149557
0.158619
0.074403
-0.074649
-0.078469
-0.015149
0.102711
0.165505
0.095295
-0.057992
-0.092773
0.074263
0.150008
0.175189
0.045238
0.014015
-0.013704
0.023505
0.058642
0.065628
0.038068
0.034109
0.122777
0.092800
0.056344
0.037471
0.050736
0.009624
0.023205
0.065945
0.100337
0.070731
0.034860
0.095634
0.134612
0.043913
-0.011269
0.038319
0.067385
0.101234
0.084298
0.026391
-0.083016
-0.105461
-0.040557
0.091928
0.108809
0.064066
0.069540
-0.014800
-0.089837
-0.156901
-0.100739
-0.074612
-0.071449
-0.057687
-0.085917
-0.110353
-0.162219
-0.137736
-0.135491
-0.132537
-0.060841
0.031543
0.092427
0.008524
-0.080638
-0.082869
-0.082628
-0.020468
-0.008355
-0.049577
-0.174398
-0.240990
-0.207103
-0.169691
-0.018870
0.060790
0.125082
0.059543
-0.044776
-0.064910
-0.044492
-0.032161
-0.119361
-0.182986
-0.208025
-0.152485
-0.086230
-0.023332
-0.001538
0.003981
-0.016461
-0.045145
-0.024111
0.010800
0.061193
0.068168
0.047731
0.014131
0.019746
0.040121
0.037199
0.014481
-0.004505
-0.007438
-0.037255
-0.064140
-0.035051
0.046785
0.111372
0.116998
0.058275
-0.008674
0.015409
0.096092
0.135137
0.098487
0.054485
0.056152
0.043841
0.023662
-0.007907
-0.004942
0.019440
0.032141
0.037797
0.054864
0.125388
0.166257
0.136757
0.047798
-0.065851
-0.111770
-0.052587
0.088824
0.182198
0.178856
0.146021
0.077922
-0.000382
-0.071484
-0.061071
-0.001244
0.082882
0.133839
0.115705
0.081142
0.045331
0.025894
0.004760
0.000376
-0.010177
-0.017166
0.008515
0.052962
0.035928
-0.013101
-0.042896
-0.028067
-0.028720
-0.003608
0.026351
0.055864
0.043190
-0.033911
-0.052283
-0.067102
-0.024031
-0.011347
-0.026270
-0.034597
0.009772
0.071778
0.080622
0.063287
-0.020406
-0.129034
-0.164009
-0.132094
-0.016346
0.075320
0.060725
0.030403
-0.016698
-0.050615
-0.077037
-0.036780
-0.023633
0.004449
0.025654
-0.000173
-0.057012
-0.117277
-0.148612
-0.105152
-0.030598
0.003430
0.075978
0.052464
0.020070
-0.039509
-0.062003
-0.067738
-0.039779
0.032817
0.031334
-0.009241
-0.057754
-0.029935
0.018050
0.003335
-0.027676
-0.021154
-0.042048
-0.030134
-0.009498
0.020243
-0.001082
-0.003135
0.023054
0.007906
-0.008043
-0.016690
0.041117
0.069334
0.035531
