-0.005629
0.000444
0.006117
0.005535
0.000846
-0.003044
-0.002085
0.000897
0.002337
0.002298
-0.000858
-0.005616
-0.008942
-0.006624
-0.001528
0.000379
-0.002707
-0.007012
-0.009069
-0.007449
-0.002944
-0.001105
-0.003675
-0.008162
-0.008192
-0.003945
-0.000626
-0.001381
-0.004392
-0.006765
-0.007519
-0.006328
-0.004256
-0.003065
-0.003632
-0.005123
-0.006935
-0.007223
-0.007607
-0.008114
-0.009096
-0.010308
-0.011243
-0.012027
-0.010963
-0.009028
-0.007113
-0.006232
-0.007220
-0.010417
-0.013132
-0.013496
-0.012198
-0.011016
-0.011873
-0.012143
-0.011098
-0.010892
-0.012031
-0.013617
-0.015706
-0.017754
-0.018574
-0.017439
-0.016160
-0.017621
-0.019606
-0.019603
-0.018980
-0.018456
-0.019516
-0.022216
-0.023767
-0.023886
-0.022078
-0.021114
-0.022386
-0.023770
-0.023348
-0.020610
-0.019673
-0.021469
-0.022391
-0.022227
-0.022070
-0.023250
-0.024400
-0.023919
-0.022089
-0.020139
-0.020242
-0.021794
-0.022797
-0.022747
-0.022510
-0.022501
-0.022626
-0.021422
-0.020928
-0.021225
-0.021357
-0.021416
-0.020505
-0.020032
-0.020153
-0.019810
-0.018415
-0.016817
-0.015903
-0.016462
-0.016994
-0.016550
-0.016793
-0.018340
-0.019730
-0.019884
-0.019227
-0.018025
-0.017544
-0.018407
-0.020045
-0.020058
-0.018277
-0.015892
-0.015597
-0.017746
-0.018377
-0.017575
-0.017713
-0.019252
-0.020566
-0.019765
-0.017191
-0.016466
-0.017009
-0.017451
-0.017641
-0.017927
-0.018107
-0.017179
-0.017104
-0.017673
-0.018210
-0.018041
-0.017572
-0.017847
-0.018549
-0.018768
-0.017953
-0.016366
-0.016011
-0.017702
-0.018772
-0.017411
-0.014786
-0.013024
-0.012160
-0.010973
-0.009884
-0.009694
-0.009974
-0.010497
-0.009699
-0.008514
-0.007046
-0.005979
-0.005462
-0.005618
-0.005691
-0.003602
-0.001654
-0.001073
-0.001739
-0.002237
-0.001542
0.000086
0.001509
0.002289
0.000981
-0.000646
-0.000320
0.001982
0.004196
0.003625
0.002341
0.001433
0.002132
0.003477
0.004546
0.005448
0.004859
0.004140
0.005206
0.007622
0.009743
0.011105
0.011211
0.011017
0.011663
0.012134
0.012100
0.011953
0.012411
0.012574
0.011131
0.010518
0.012535
0.014720
0.015759
0.015136
0.013853
0.014519
0.015857
0.016356
0.015509
0.015178
0.016032
0.018242
0.020211
0.021287
0.021979
0.022711
0.023488
0.023687
0.025512
0.026327
0.026378
0.026573
0.027535
0.028949
0.029928
0.029881
0.029474
0.029670
0.030385
0.031163
0.029985
0.028741
0.027421
0.028215
0.031228
0.034316
0.035552
0.033599
0.031551
0.031183
0.032877
0.035107
0.034190
0.031601
0.030193
0.030179
0.030767
0.029408
0.027417
0.025659
0.026106
0.028459
0.029539
0.028304
0.025894
0.024557
0.024041
0.024307
0.024345
0.022483
0.019646
0.018469
0.020455
0.022681
0.021806
0.019394
0.018029
0.019453
0.020286
0.019466
0.018644
0.018545
0.019135
0.018369
0.015988
0.014331
0.014899
0.015448
0.015678
0.015911
0.016301
0.016473
0.015905
0.015474
0.016704
0.017701
0.017994
0.017146
0.016290
0.015735
0.014929
0.014952
0.015473
0.015454
0.014111
0.015019
0.015951
0.015625
0.013768
0.012575
0.013482
0.013866
0.013477
0.012210
0.009672
0.007246
0.005986
0.006523
0.007376
0.007155
0.006999
0.006127
0.005106
0.003473
0.002805
0.002178
0.001384
0.001291
0.001744
0.002203
0.002940
0.003462
0.002993
0.001172
-0.002149
-0.003609
-0.001745
0.001726
0.002884
0.001370
-0.000603
-0.000971
-0.000089
0.000429
-0.000134
-0.001714
-0.003045
-0.004414
-0.005905
-0.005303
-0.003139
-0.000600
0.000538
-0.001975
-0.004836
-0.004215
-0.002492
-0.000947
-0.000112
-0.000062
0.001098
0.001814
0.000353
-0.003031
-0.005996
-0.006922
-0.005338
-0.002845
-0.001474
-0.002990
-0.004315
-0.003140
-0.003518
-0.006111
-0.008177
-0.007277
-0.004893
-0.005488
-0.008938
-0.010732
-0.010003
-0.009130
-0.009406
-0.009346
-0.008779
-0.008025
-0.009593
-0.011894
-0.012326
-0.012031
-0.012065
-0.013683
-0.014663
-0.015126
-0.015250
-0.016204
-0.017576
-0.018009
-0.018001
-0.016631
-0.015641
-0.016816
-0.018570
-0.020187
-0.019563
-0.018780
-0.019874
-0.021381
-0.022094
-0.021265
-0.020508
-0.020797
-0.021799
-0.021648
-0.020873
-0.020862
-0.021658
-0.021652
-0.020678
-0.019836
-0.021023
-0.021766
-0.021067
-0.019841
-0.018822
-0.020244
-0.023273
-0.025186
-0.024192
-0.021950
-0.020143
-0.020004
-0.021364
-0.023265
-0.024739
-0.024855
-0.023200
-0.020533
-0.018588
-0.018714
-0.020931
-0.022571
-0.022806
-0.022324
-0.022402
-0.023799
-0.023664
-0.022416
-0.020792
-0.020780
-0.022177
-0.023983
-0.025101
-0.024243
-0.022936
-0.022042
-0.021745
-0.021977
-0.022945
-0.023547
-0.023739
-0.024312
-0.024931
-0.024552
-0.023341
-0.021465
-0.019679
-0.018707
-0.019156
-0.021278
-0.023217
-0.023053
-0.021846
-0.020764
-0.020584
-0.020455
-0.020142
-0.020083
-0.020185
-0.020892
-0.021260
-0.021088
-0.020529
-0.019246
-0.017957
-0.017763
-0.018664
-0.018902
-0.017358
-0.016566
-0.015803
-0.014763
-0.012998
-0.011546
-0.011713
-0.012610
-0.013215
-0.012902
-0.013482
-0.014513
-0.013712
-0.011269
-0.010696
-0.011253
-0.012247
-0.011607
-0.010469
-0.010732
-0.009987
-0.008350
-0.007086
-0.007703
-0.008587
-0.008816
-0.007150
-0.004119
-0.003896
-0.005686
-0.007058
-0.004902
-0.002004
-0.000943
-0.002337
-0.003250
-0.003790
-0.001540
0.001599
0.004717
0.004437
0.002635
0.006596
0.001814
-0.000455
-0.005425
-0.003390
-0.004757
-0.002931
0.009597
0.013105
0.012245
0.004648
0.009555
0.008089
0.007522
0.011658
0.019628
0.023634
0.016363
0.010503
0.003080
0.004295
0.010438
0.018894
0.021502
0.017703
0.015932
0.016404
0.019484
0.022846
0.024474
0.022885
0.017627
0.012694
0.012337
0.016692
0.022350
0.023025
0.016042
0.008147
0.007273
0.016161
0.025255
0.026555
0.017636
0.009993
0.014888
0.026096
0.032412
0.027200
0.016878
0.009711
0.011359
0.017575
0.022233
0.021501
0.017972
0.015460
0.014641
0.017826
0.024063
0.028454
0.025423
0.017224
0.011052
0.010322
0.015511
0.020416
0.015651
0.011865
0.009703
0.009459
0.016423
0.020202
0.022168
0.019459
0.015978
0.021928
0.028890
0.025474
0.017466
0.015213
0.017969
0.015860
0.008305
0.011910
0.021123
0.018956
0.012240
0.007287
0.015765
0.027236
0.025421
0.024792
0.012838
0.004537
0.014909
0.025922
0.023046
0.005276
-0.000554
0.013682
0.019831
0.006278
0.004408
0.021177
0.030342
0.012603
-0.007188
0.005535
0.033179
0.037147
0.012239
-0.011723
-0.012287
0.007046
0.024670
0.023745
0.004538
-0.009555
-0.002792
0.014247
0.020781
0.011258
0.006681
0.007158
0.002526
-0.005139
-0.003440
0.015932
0.028233
0.011733
-0.015222
-0.018876
0.006846
0.030826
0.022908
-0.005356
-0.019166
-0.003271
0.022422
0.028285
0.010731
-0.007990
-0.008268
0.006762
0.016158
0.012532
0.005735
0.003775
0.005131
0.003260
0.002130
0.007007
0.012657
0.008482
-0.003311
-0.009426
0.000461
0.015215
0.015467
0.001547
-0.011992
-0.008516
0.006234
0.013479
0.006844
-0.003978
-0.006414
0.000247
0.007088
0.006928
0.002466
0.001631
0.004081
0.003596
-0.000315
-0.002269
0.001415
0.003853
0.001251
-0.002957
-0.003882
-0.000834
0.001541
0.001036
-0.002823
-0.005018
-0.004455
-0.002190
-0.001183
-0.003856
-0.006111
-0.004332
-0.000941
-0.000976
-0.002461
-0.002661
-0.000038
0.000401
-0.003293
-0.007131
-0.005357
0.001110
0.003292
-0.001511
-0.008805
-0.009283
-0.002264
0.004422
0.003205
-0.003218
-0.006352
-0.002847
0.001324
-0.000263
-0.005156
-0.006588
-0.002712
0.001877
0.003164
0.000033
-0.003603
-0.004208
-0.001230
0.000254
-0.001421
-0.004868
-0.006358
-0.004676
-0.002263
-0.001181
-0.002985
-0.004064
-0.005398
-0.005206
-0.003018
-0.001968
-0.003176
-0.005555
-0.005729
-0.003533
-0.002569
-0.004759
-0.007277
-0.009848
-0.010672
-0.008369
-0.007190
-0.009166
-0.011083
-0.009891
-0.006490
-0.003910
-0.005324
-0.009227
-0.010148
-0.007430
-0.005782
-0.006988
-0.009330
-0.011413
-0.013158
-0.012562
-0.010328
-0.010946
-0.014013
-0.015796
-0.014171
-0.012653
-0.013176
-0.013320
-0.012043
-0.012050
-0.013768
-0.014606
-0.013629
-0.013162
-0.014224
-0.014883
-0.013729
-0.010534
-0.009559
-0.010317
-0.011768
-0.012894
-0.013128
-0.013719
-0.014586
-0.015187
-0.015807
-0.015680
-0.015136
-0.015451
-0.015942
-0.017172
-0.016829
-0.014955
-0.012298
-0.012963
-0.013866
-0.016197
-0.019465
-0.018243
-0.014674
-0.014439
-0.017633
-0.016684
-0.012841
-0.010850
-0.012748
-0.013739
-0.013546
-0.010847
-0.009998
-0.014233
-0.020277
-0.023640
-0.019601
-0.012870
-0.008681
-0.009861
-0.014019
-0.017678
-0.019055
-0.016985
-0.015251
-0.015867
-0.015767
-0.015661
-0.016162
-0.015168
-0.013764
-0.014044
-0.014172
-0.015386
-0.015080
-0.012569
-0.008911
-0.008660
-0.011697
-0.013979
-0.015115
-0.013366
-0.012584
-0.009251
-0.008839
-0.008140
-0.011327
-0.010811
-0.014518
-0.013836
-0.017588
-0.020286
-0.027383
-0.023984
-0.021820
-0.018822
-0.018916
-0.021662
-0.026772
-0.032917
-0.030782
-0.042351
-0.038144
-0.061638
-0.055290
-0.085119
-0.066886
-0.157200
-0.208925
-0.178269
-0.278665
-0.376705
-0.133804
0.123867
0.172684
0.524697
0.805747
0.889571
0.557294
0.248981
0.295263
0.106466
-0.203484
-0.250627
-0.162426
-0.259765
-0.531417
-0.639116
-0.358605
0.013919
0.275841
0.427218
0.356079
0.203599
0.153713
0.161544
0.231682
0.224888
0.087237
-0.159536
-0.439569
-0.638847
-0.667253
-0.391427
-0.005089
0.116595
-0.026345
-0.074171
0.210937
0.578747
0.602186
0.279714
-0.031689
-0.110985
-0.043960
-0.060299
-0.225714
-0.408558
-0.467452
-0.406096
-0.264482
-0.048550
0.161179
0.283637
0.279475
0.159880
0.074886
0.176300
0.411899
0.459863
0.094448
-0.408809
-0.591701
-0.416601
-0.183297
-0.173234
-0.289201
-0.316825
-0.171878
0.052960
0.250876
0.327893
0.335498
0.269544
0.099503
-0.026036
-0.119732
-0.029675
-0.235770
-0.392155
-0.479752
-0.391857
-0.273817
-0.085281
0.251621
-0.012219
-0.135341
0.060693
0.612690
0.809508
0.736462
0.827021
0.840498
0.433054
-0.062910
-0.077635
0.094941
0.175070
0.053958
-0.059076
-0.216915
-0.410317
-0.438604
-0.083069
0.214909
0.353144
0.313467
0.229773
0.166581
0.037211
0.101102
0.337891
0.435986
0.060220
-0.479066
-0.615914
-0.337595
0.004371
0.047251
-0.114522
-0.230414
-0.220666
-0.003845
0.268115
0.422925
0.308277
0.015635
-0.203638
-0.116565
0.192691
0.320124
0.057914
-0.387544
-0.631152
-0.464121
-0.030261
0.332892
0.270139
-0.131858
-0.391907
-0.147174
0.297430
0.504542
0.308570
-0.006566
-0.284203
-0.423580
-0.330638
-0.245639
-0.350652
-0.545601
-0.574450
-0.698884
-0.234363
0.157671
0.467055
0.308735
-0.083655
0.156579
0.397167
0.710822
0.728641
0.822375
0.418242
0.007604
-0.426047
-0.303854
0.091531
0.155389
0.221726
0.041393
0.014747
-0.000155
0.223074
0.601920
0.894195
0.605693
0.177194
-0.065306
0.003340
0.004695
0.055521
0.155119
0.020646
-0.324729
-0.450492
-0.130652
0.237516
0.235897
0.065781
0.069944
0.026050
0.100415
0.063969
0.058592
-0.261489
-0.561160
-0.643842
-0.214352
0.268728
0.202839
-0.147744
-0.651195
-0.640236
-0.294656
0.262368
0.488386
0.268350
-0.147993
-0.477093
-0.359487
-0.030707
0.284823
0.376570
-0.020644
-0.230929
0.085242
-0.108412
-0.392783
-0.693471
-0.740552
-0.687031
-0.736296
-0.349961
0.211452
0.550081
0.354254
0.334233
0.145562
-0.193702
-0.527396
-0.512742
-0.148263
-0.027498
-0.222970
-0.151755
0.296960
0.334830
0.162094
0.022949
0.283762
0.441894
0.502076
0.208145
-0.223562
-0.329223
-0.046251
0.670434
0.780468
0.393061
-0.130142
-0.205484
0.159894
0.284108
-0.003916
-0.393534
-0.228575
0.278719
0.602185
0.572926
0.254003
-0.034938
-0.282179
-0.386846
-0.267466
0.049804
0.421797
0.599103
0.460418
0.003679
-0.218642
-0.094358
0.011252
-0.041022
-0.341263
-0.497824
-0.326128
0.136770
0.551128
0.310051
-0.360432
-0.683235
-0.394381
0.001926
0.190752
-0.063490
-0.428462
-0.603959
-0.300990
0.247089
0.383790
-0.054650
-0.638308
-0.808962
-0.583483
-0.076013
0.116162
-0.030275
-0.331288
-0.417759
-0.138563
0.312978
0.623549
0.362767
-0.143933
-0.455072
-0.361784
-0.112872
-0.064490
-0.018001
0.146845
0.161023
0.058318
-0.134234
-0.275885
-0.299948
-0.173994
-0.007193
0.063460
0.056048
0.103567
0.145430
-0.018160
-0.188244
-0.240482
-0.097310
0.094147
0.202742
0.222422
0.215566
0.185285
0.131334
-0.118689
-0.372604
-0.207230
0.386736
0.836766
0.664972
0.129587
-0.239767
-0.104074
0.205596
0.339252
0.074994
-0.343759
-0.419041
-0.048232
0.405413
0.680633
0.455462
-0.061408
-0.333578
-0.331947
-0.014382
0.278365
0.367625
0.166310
-0.191258
-0.330360
-0.115057
0.089952
0.018082
-0.220371
-0.440618
-0.333097
0.041136
0.408941
0.378529
0.025526
-0.285069
-0.255216
-0.013711
0.208472
0.249064
0.081228
-0.103493
-0.250592
-0.153409
-0.035865
-0.037261
-0.088469
-0.104839
-0.011759
0.236422
0.285842
0.174744
-0.079225
-0.199644
-0.124579
-0.102150
0.107121
0.207106
0.171360
-0.082363
-0.190502
-0.233217
-0.009974
0.211150
0.071221
-0.140515
-0.293928
-0.210942
0.023414
0.376670
0.433924
0.013445
-0.682459
-0.719991
-0.098481
0.415117
0.337700
-0.032162
-0.323486
-0.297044
0.133658
0.483862
0.498099
-0.053937
-0.463461
-0.321460
0.154002
0.391470
0.254698
-0.038821
-0.428539
-0.437350
-0.090588
0.451013
0.554402
0.116811
-0.281773
-0.233248
0.091062
0.255685
0.248215
-0.038852
-0.357595
-0.430272
-0.074273
0.238822
0.133368
-0.122205
-0.112181
0.029469
0.040770
0.205629
0.354225
0.300609
-0.086394
-0.310268
-0.076370
0.224525
0.337469
0.125100
-0.180295
-0.429836
-0.337597
0.066170
0.410163
0.386757
0.023259
-0.143138
-0.028144
0.271769
0.442767
0.398463
0.172016
-0.212365
-0.409419
-0.259771
0.128390
0.347797
0.290513
-0.025732
-0.190617
-0.122517
0.084854
0.250539
0.042202
-0.145681
-0.068598
0.256713
0.454011
0.343986
0.018362
-0.331585
-0.487877
-0.299753
0.097147
0.375518
0.430121
0.250214
0.013331
-0.164729
-0.205056
-0.110864
-0.001549
0.057308
0.098641
0.146434
0.088269
-0.163871
-0.464124
-0.561054
-0.341643
0.043685
0.358168
0.445578
0.297887
0.041165
-0.095292
-0.120288
-0.122931
-0.121953
-0.073619
0.021638
0.082740
0.202356
0.219305
0.054562
-0.268376
-0.464191
-0.298544
-0.000282
0.231084
0.177056
0.033618
-0.053681
-0.021896
0.003448
-0.147038
-0.247760
-0.177545
0.070735
0.250233
0.229450
0.081141
-0.011591
-0.042235
-0.135172
-0.240042
-0.198819
-0.024408
0.192999
0.338379
0.251314
-0.006396
-0.259600
-0.255829
-0.019109
0.214896
0.286971
0.291693
0.213456
0.015855
-0.115557
-0.126752
-0.076801
-0.088882
-0.133986
-0.117279
0.012381
0.170189
0.196360
0.140170
-0.026769
-0.114303
-0.019343
0.159296
0.277286
0.139496
0.011014
-0.052607
-0.009213
-0.039866
-0.206423
-0.309524
-0.294340
-0.154657
0.014466
0.162054
0.210535
0.213770
0.093015
-0.077816
-0.238203
-0.238531
-0.028880
0.142251
0.153422
-0.004791
-0.094700
-0.093238
-0.180228
-0.302847
-0.335488
-0.066989
0.264127
0.372902
0.244516
-0.005324
-0.162871
-0.171122
-0.067815
-0.016075
0.041743
0.056598
-0.024224
-0.136069
-0.235198
-0.206118
-0.069940
-0.017509
-0.052079
-0.063953
0.004989
0.133025
0.210828
0.117886
-0.029095
-0.110497
-0.107948
-0.016352
-0.026727
-0.033429
0.027908
0.066657
-0.039281
-0.203569
-0.193867
-0.040439
0.164531
0.178963
0.117621
0.113698
0.122564
0.169919
0.112314
-0.046033
-0.239462
-0.274800
-0.115002
0.122134
0.204866
0.066675
-0.143678
-0.272946
-0.151834
0.107529
0.260636
0.164126
-0.001122
-0.127921
-0.073998
0.098845
0.164571
0.014482
-0.251654
-0.335229
-0.128225
0.086203
0.032489
-0.117356
-0.172871
-0.081415
0.051922
0.130712
0.090182
0.029789
-0.021887
0.032628
0.117605
0.111716
0.063705
-0.072746
-0.186504
-0.196395
-0.079695
0.045984
0.090647
0.022853
-0.053936
-0.117894
-0.135993
-0.102472
-0.000505
0.132386
0.184574
0.167850
0.075520
-0.018821
-0.145480
-0.163124
-0.061025
0.095357
0.093911
-0.097467
-0.210099
-0.194635
-0.103357
-0.127569
-0.149808
-0.037801
0.141432
0.260647
0.310473
0.272981
0.153481
0.020849
-0.030756
0.042051
0.061115
0.002067
-0.070113
-0.123299
-0.172189
-0.114657
0.033529
0.194345
0.251894
0.187093
0.116529
0.038774
-0.015575
0.004657
0.054763
0.042321
-0.012942
-0.055603
-0.099649
-0.224701
-0.324172
-0.257212
-0.044270
0.111457
0.145324
0.109480
0.058207
0.007361
-0.029456
0.015695
0.075005
0.085636
0.041739
-0.005879
-0.078179
-0.133893
-0.124313
-0.009425
0.102292
0.127367
0.125302
0.067105
0.042189
-0.005609
-0.050380
-0.074315
-0.019544
0.101093
0.136702
0.068269
-0.086665
-0.164037
-0.160228
-0.037345
0.065444
0.076698
0.033122
-0.043035
-0.082811
-0.063734
0.036502
0.064386
-0.000540
-0.086343
-0.053784
0.022350
0.013340
-0.065281
-0.080876
0.007501
0.088224
0.157326
0.145330
0.071422
-0.026429
-0.100968
-0.087247
-0.012673
0.032428
0.041041
0.004442
-0.032262
-0.049096
-0.042587
0.054511
0.131510
0.130816
0.050813
-0.013163
-0.016896
-0.010875
0.002085
0.020748
0.033159
0.009431
-0.045014
-0.094879
-0.106947
-0.072400
0.006787
0.085356
0.100543
0.087165
0.056626
0.003167
-0.066126
-0.079133
-0.033360
0.011954
0.025168
-0.017384
-0.044731
-0.098968
-0.114179
-0.045080
0.078670
0.144362
0.128707
0.100246
0.017044
-0.040721
-0.055759
0.008833
0.085762
0.032512
-0.068819
-0.111121
-0.086988
-0.053403
0.000166
0.045931
0.065799
0.060261
0.017251
0.007170
0.010175
0.043745
0.089720
0.099336
0.058854
0.012490
0.001800
-0.028251
-0.079412
-0.142096
-0.146694
-0.078708
-0.001188
0.047826
0.035939
-0.021628
-0.063194
-0.023147
0.068112
0.159721
0.157379
0.034682
-0.102029
-0.130061
-0.051997
0.049197
0.080416
-0.000243
-0.078918
-0.123274
-0.100517
-0.062279
-0.039332
-0.028782
-0.027966
-0.010577
0.024021
0.067913
0.073192
0.068660
0.049748
-0.007524
-0.081064
-0.099460
-0.049612
0.017312
0.067327
0.026157
-0.081281
-0.152888
-0.105598
0.046743
0.137799
0.120518
0.037912
-0.031878
-0.026785
0.051233
0.089048
0.042797
-0.053515
-0.095601
-0.050741
-0.013361
0.006076
-0.040603
-0.074474
-0.072761
-0.008475
0.076556
0.100939
0.063321
0.019877
0.016184
0.014237
0.047052
0.093475
0.100795
0.058825
-0.011712
-0.092538
-0.109665
-0.060358
0.024116
0.096054
0.082289
0.019730
-0.031549
-0.041813
-0.000099
0.067551
0.064263
0.004828
-0.069696
-0.103072
-0.054158
-0.011684
0.019074
0.023527
0.028038
0.017346
-0.013232
-0.007421
0.001876
0.005252
-0.019229
-0.014714
0.020387
0.029469
0.019951
0.014918
0.025793
0.024628
0.009249
0.008792
0.011672
0.018639
0.022742
-0.003358
-0.037381
-0.051297
-0.019917
0.044888
0.078544
0.023264
-0.062776
-0.091650
-0.011532
0.094179
0.119872
0.064206
-0.014511
-0.080752
-0.129364
-0.106802
-0.012283
0.058172
0.030140
-0.020065
-0.037164
-0.000171
0.055874
0.096605
0.112583
0.070135
0.001799
-0.042252
-0.045718
-0.031664
-0.046869
-0.073431
-0.054149
-0.029971
-0.021378
-0.031146
-0.023126
0.002465
0.011700
0.023250
0.060052
0.111956
0.133901
0.090148
0.021146
-0.037420
-0.061202
-0.029759
-0.010508
-0.000537
-0.035899
-0.111542
-0.140812
-0.108516
-0.023495
0.044470
0.068329
0.070106
0.048332
0.026630
0.015022
0.063434
0.093662
0.053742
-0.015878
-0.078774
-0.072390
-0.036790
-0.015211
-0.019817
-0.016216
-0.020178
-0.016297
0.011309
0.036909
0.059238
0.047609
0.040756
0.068056
0.052216
0.013297
-0.008703
-0.011145
-0.020885
-0.061655
-0.070630
-0.042398
-0.005787
0.006311
0.006401
-0.012918
-0.032794
-0.012635
0.044990
0.094259
0.075100
0.001065
-0.042494
-0.035921
-0.039792
-0.065158
-0.075539
-0.049275
-0.039082
-0.043364
-0.034967
-0.006021
-0.013312
-0.041688
-0.033879
0.006723
0.054810
0.068424
0.073195
0.065516
0.034971
-0.018675
-0.060278
-0.072748
-0.056549
-0.034098
-0.027884
-0.029849
-0.055462
-0.085232
-0.078063
-0.013157
0.030992
0.013213
-0.016407
-0.002281
0.047264
0.056513
0.020128
-0.033772
-0.053064
-0.047536
-0.027468
-0.021701
-0.054695
-0.066540
-0.053672
-0.027750
-0.001412
0.057476
0.107718
0.133677
0.113289
0.044303
0.001525
0.000789
0.029195
0.009092
-0.056532
-0.101732
-0.072927
-0.026238
0.016898
0.058625
0.085082
0.074095
0.031738
0.011484
0.022223
0.065700
0.087932
0.042215
-0.060158
-0.128185
-0.129575
-0.069775
-0.046894
-0.061722
-0.044054
-0.008231
0.031091
0.048150
0.076293
0.103862
0.118983
0.078492
0.004242
-0.049121
-0.071333
-0.058413
-0.047064
-0.058856
-0.092279
-0.112015
-0.086292
-0.033209
0.016066
0.026424
0.057843
0.081892
0.054728
0.023315
-0.010523
-0.013754
-0.019457
-0.015002
-0.028470
-0.073810
-0.108624
-0.098514
-0.053754
-0.003318
0.028121
0.053378
0.066829
0.047754
0.051106
0.033180
0.002220
-0.028701
-0.038562
-0.023668
-0.013842
-0.007956
-0.026056
-0.020381
0.014710
0.045352
0.065022
0.047639
0.045571
0.073807
0.093960
0.086485
0.061995
0.030061
-0.015291
-0.030966
-0.022711
0.006609
0.041832
0.044063
0.015888
-0.008407
-0.016376
-0.011225
0.006487
0.048159
0.083228
0.082695
0.063903
0.063158
0.074738
0.065876
0.054497
0.046966
0.014724
-0.062681
-0.107043
-0.089028
-0.032051
0.003542
-0.025177
-0.058874
-0.054164
-0.009487
0.034529
0.073819
0.096098
0.083169
0.039335
-0.010016
-0.026575
-0.049878
-0.045271
-0.017328
-0.020789
-0.081062
-0.142405
-0.107219
-0.040486
-0.007789
-0.012897
0.004924
0.020751
0.030146
0.040270
0.044275
0.041586
0.009689
-0.019825
-0.058048
-0.080664
-0.104618
-0.098831
-0.059265
-0.019363
0.009047
0.002728
0.006979
0.025603
0.039031
0.042192
0.064651
0.092131
0.087132
0.047331
-0.010289
-0.040442
-0.057999
-0.067459
-0.061166
-0.045414
-0.023169
-0.008900
0.006009
0.034215
0.066160
0.089488
0.091739
0.084872
0.078732
0.056295
0.021256
-0.000106
-0.005126
0.001492
0.008955
-0.003010
-0.010509
-0.029722
-0.037741
-0.003983
0.034385
0.029603
-0.011020
-0.027064
-0.008126
0.029709
0.060793
0.062353
0.039519
-0.009681
-0.032284
-0.028322
-0.024417
-0.010257
-0.012476
-0.032304
-0.079572
-0.093741
-0.072486
-0.032435
0.016895
0.033910
0.020457
-0.001589
0.007618
0.027363
0.033521
0.018671
0.005177
-0.015925
-0.054822
-0.076788
-0.073355
-0.062651
-0.048567
-0.034302
-0.030948
-0.025906
-0.016363
0.004406
0.043147
0.077100
0.076954
0.065676
0.045224
0.010853
-0.041630
-0.082760
-0.091749
-0.073920
-0.038897
-0.024369
-0.024954
-0.042393
-0.040928
0.009069
0.080516
0.119027
0.113173
0.090389
0.069971
0.037378
-0.008912
-0.029258
-0.030244
-0.033563
-0.052546
-0.063072
-0.057703
-0.043469
0.002383
0.036865
0.034202
0.027290
0.054817
0.092312
0.086133
0.048001
0.024556
0.022208
-0.006948
-0.067200
-0.113980
-0.108765
-0.070715
-0.038095
-0.034229
-0.045623
-0.055884
-0.016116
0.042639
0.064062
0.050727
0.030946
0.041866
0.044467
0.020226
-0.012403
-0.029660
-0.048788
-0.059076
-0.078494
-0.090191
-0.079076
-0.046690
-0.023664
-0.025315
-0.010635
0.018375
0.039875
0.028166
0.008263
0.003402
0.010540
