-0.000697
-0.000757
-0.000816
-0.000794
-0.000757
-0.000626
-0.000517
-0.000666
-0.000179
0.000106
-0.000232
-0.000262
-0.000212
-0.000105
-0.000226
0.000260
0.000302
0.000597
0.000839
0.001176
0.001022
0.000606
0.000605
0.000205
0.000284
0.000390
0.000896
0.000760
0.001078
0.001282
0.001034
0.001053
0.000933
0.001322
0.001686
0.002176
0.002380
0.002551
0.003173
0.002842
0.002897
0.002620
0.002661
0.003012
0.003011
0.003412
0.003462
0.003737
0.003585
0.003733
0.003672
0.003644
0.003873
0.004212
0.004260
0.003901
0.003589
0.004029
0.004367
0.004261
0.004267
0.003804
0.004038
0.004354
0.004295
0.004009
0.003760
0.004287
0.004481
0.004081
0.003809
0.003264
0.003208
0.003071
0.003076
0.003113
0.002947
0.003189
0.003377
0.003706
0.003633
0.003448
0.003253
0.002959
0.002799
0.002606
0.002563
0.002599
0.002470
0.002641
0.002569
0.002501
0.002894
0.002772
0.003140
0.003579
0.003614
0.002834
0.002467
0.002719
0.002661
0.002954
0.002522
0.002731
0.002803
0.002771
0.002716
0.002043
0.002170
0.002289
0.002396
0.002520
0.002490
0.002385
0.002240
0.002501
0.002507
0.002800
0.003170
0.003016
0.003306
0.003265
0.003301
0.003180
0.002599
0.002317
0.002111
0.001971
0.001926
0.001656
0.001430
0.001613
0.001588
0.001630
0.001818
0.001866
0.001646
0.001781
0.001510
0.001254
0.001262
0.001308
0.001436
0.001037
0.001184
0.001736
0.001767
0.001553
0.001633
0.001543
0.001673
0.001620
0.001083
0.000835
0.000985
0.001098
0.000964
0.000469
0.000465
0.000578
0.000476
0.000545
0.000291
0.000151
0.000205
0.000488
0.000613
0.000526
0.000367
0.000187
0.000185
0.000116
0.000042
0.000017
-0.000041
0.000357
0.000849
0.000677
0.000318
0.000357
0.000110
-0.000116
-0.000485
-0.000709
-0.000361
-0.000629
-0.001078
-0.000716
-0.000392
-0.000391
-0.000168
-0.000563
-0.000798
-0.000424
-0.000368
-0.000323
-0.000482
-0.001106
-0.001230
-0.001151
-0.000909
-0.000839
-0.001106
-0.000909
-0.000830
-0.001298
-0.001484
-0.001193
-0.000919
-0.001138
-0.001213
-0.001603
-0.002230
-0.002221
-0.002215
-0.001874
-0.002230
-0.001831
-0.001498
-0.001688
-0.001414
-0.001588
-0.001410
-0.001406
-0.001454
-0.001706
-0.001652
-0.001806
-0.001762
-0.001144
-0.001119
-0.001379
-0.001313
-0.001182
-0.001187
-0.001322
-0.001590
-0.001424
-0.001575
-0.001634
-0.001685
-0.001863
-0.001921
-0.002004
-0.002355
-0.002517
-0.002547
-0.002459
-0.001994
-0.002042
-0.002046
-0.002182
-0.001948
-0.001664
-0.001274
-0.001270
-0.001695
-0.001926
-0.001945
-0.001831
-0.001825
-0.001978
-0.002250
-0.002152
-0.002224
-0.002116
-0.002320
-0.002501
-0.002416
-0.002210
-0.002136
-0.002063
-0.001691
-0.001424
-0.001392
-0.001130
-0.001451
-0.001494
-0.001181
-0.001436
-0.001396
-0.001277
-0.001061
-0.001087
-0.000871
-0.001267
-0.001748
-0.001556
-0.001380
-0.001179
-0.001281
-0.001404
-0.001295
-0.001563
-0.001465
-0.001415
-0.001964
-0.001976
-0.001711
-0.001603
-0.001495
-0.001499
-0.001605
-0.001143
-0.001177
-0.000898
-0.000572
-0.001156
-0.001294
-0.001558
-0.001553
-0.001361
-0.001445
-0.001243
-0.001138
-0.000964
-0.000890
-0.001281
-0.000994
-0.001091
-0.001093
-0.001412
-0.001605
-0.001490
-0.001564
-0.001218
-0.001752
-0.002011
-0.001917
-0.001545
-0.001396
-0.001259
-0.001516
-0.001293
-0.001202
-0.001347
-0.001652
-0.002070
-0.001522
-0.001594
-0.001550
-0.001919
-0.002525
-0.002393
-0.002334
-0.002633
-0.002455
-0.002660
-0.002474
-0.002337
-0.002645
-0.002655
-0.002944
-0.002755
-0.002583
-0.002840
-0.002809
-0.002754
-0.003094
-0.002954
-0.003024
-0.003461
-0.003201
-0.002995
-0.002931
-0.002756
-0.002638
-0.002502
-0.002507
-0.002396
-0.002666
-0.002574
-0.002458
-0.002691
-0.002857
-0.003123
-0.003150
-0.002695
-0.002556
-0.002189
-0.001884
-0.001955
-0.002023
-0.002130
-0.002010
-0.002085
-0.002009
-0.001693
-0.001722
-0.001884
-0.001973
-0.001907
-0.001760
-0.001740
-0.001232
-0.001448
-0.001341
-0.001446
-0.001306
-0.001050
-0.001194
-0.001088
-0.000986
-0.000417
-0.000349
-0.000626
-0.000558
-0.000658
-0.000509
-0.000460
-0.000927
-0.000382
-0.000249
-0.000630
-0.000991
-0.000781
-0.000154
-0.000031
-0.000126
0.000145
0.000434
0.000684
0.000720
0.000375
0.000372
0.000278
0.000192
0.000354
0.000464
0.000565
0.000347
0.000020
-0.000476
-0.000300
-0.000039
-0.000279
-0.000152
-0.000591
-0.000660
-0.000574
-0.000188
0.000127
-0.000140
-0.000232
-0.000051
0.000041
-0.000355
-0.000438
-0.000377
-0.000527
-0.000084
-0.000088
-0.000170
0.000146
0.000296
0.000493
-0.000034
-0.000063
0.000274
0.000493
0.000477
-0.000008
-0.000319
-0.000050
-0.000065
0.000133
0.000137
0.000126
0.000298
0.000093
0.000220
0.000161
0.000300
-0.000289
-0.000287
-0.000032
0.000382
0.000230
-0.000125
-0.000330
-0.000405
-0.000088
-0.000216
0.000199
-0.000191
-0.000141
-0.000073
0.000094
-0.000027
-0.000168
-0.000230
-0.000437
-0.000058
-0.000120
-0.000082
-0.000284
0.000141
0.000210
0.000265
0.000445
0.000232
0.000444
0.000605
0.000989
0.001152
0.001424
0.001273
0.000988
0.000953
0.000843
0.000967
0.001086
0.001043
0.001284
0.001472
0.001427
0.001354
0.001325
0.001201
0.001140
0.001548
0.001733
0.001936
0.001743
0.001556
0.002095
0.002156
0.002313
0.001750
0.001366
0.001675
0.001291
0.001522
0.001708
0.001794
0.001831
0.001546
0.001336
0.001569
0.001682
0.002057
0.002263
0.002168
0.002320
0.002182
0.001792
0.001666
0.001917
0.001627
0.002096
0.002358
0.002258
0.002267
0.001894
0.002017
0.002241
0.002401
0.001786
0.001562
0.001600
0.001892
0.002230
0.002229
0.002461
0.002368
0.002643
0.002624
0.002949
0.002990
0.002434
0.002688
0.002814
0.003160
0.003088
0.002718
0.002721
0.002480
0.002590
0.002462
0.002287
0.002536
0.002219
0.001638
0.001841
0.001734
0.002321
0.002272
0.002082
0.002533
0.002176
0.002011
0.001946
0.002235
0.002533
0.002546
0.002395
0.002293
0.002563
0.003222
0.003198
0.002982
0.002587
0.002562
0.002671
0.002700
0.002335
0.002255
0.002205
0.001861
0.001759
0.001397
0.001485
0.001613
0.001110
0.000897
0.000823
0.000439
0.001163
0.001321
0.001390
0.001442
0.001800
0.002528
0.002071
0.001584
0.001673
0.001486
0.001494
0.001324
0.000624
0.001137
0.000791
0.000167
-0.000076
-0.000034
0.000350
0.000050
0.000309
0.000596
0.001302
0.002121
0.002859
0.003353
0.003221
0.002332
0.001478
0.001469
0.001424
0.001627
0.001228
0.000997
0.000406
0.000190
0.000122
0.000060
0.000223
-0.000433
-0.000113
0.000309
0.001168
0.001612
0.001484
0.000860
0.000807
0.000987
0.000118
0.000078
0.000189
-0.000019
-0.000104
-0.000311
-0.000527
-0.000503
-0.000743
-0.000355
-0.000632
-0.000878
-0.000605
-0.001073
-0.001437
-0.001503
-0.000684
-0.000440
-0.000688
-0.000599
-0.000438
-0.000624
-0.000838
-0.001327
-0.000888
-0.000338
-0.001303
-0.002103
-0.003009
-0.003004
-0.003462
-0.004072
-0.003845
-0.003721
-0.003379
-0.003213
-0.003753
-0.004630
-0.005638
-0.005931
-0.005585
-0.004889
-0.005461
-0.006418
-0.006058
-0.005373
-0.003765
-0.004182
-0.004900
-0.005390
-0.005944
-0.005856
-0.005476
-0.004818
-0.005140
-0.006035
-0.006683
-0.006636
-0.006288
-0.005915
-0.005854
-0.005863
-0.005843
-0.005639
-0.006070
-0.006185
-0.005736
-0.005611
-0.005791
-0.006359
-0.006669
-0.007002
-0.006713
-0.005378
-0.004538
-0.004641
-0.005088
-0.004689
-0.004249
-0.003805
-0.003568
-0.003356
-0.003129
-0.004002
-0.004087
-0.003618
-0.003710
-0.003934
-0.004632
-0.004647
-0.003887
-0.003649
-0.003211
-0.002719
-0.002027
-0.000723
0.000487
0.001031
0.000076
-0.001235
-0.000614
-0.000460
-0.000445
-0.000634
-0.000473
0.000621
0.000228
0.000458
0.001008
0.000904
0.000396
-0.000297
-0.000093
0.000270
0.000283
0.000792
0.000743
0.000661
0.000439
0.000503
0.000518
0.000321
0.000890
0.001257
0.001533
0.001960
0.002405
0.002057
0.001259
-0.000590
-0.000824
-0.000931
-0.000872
-0.000563
-0.000779
0.000542
0.000739
0.000345
-0.000157
-0.000045
0.000971
0.001258
0.000869
0.000073
-0.000232
0.001307
0.002143
0.001353
0.000349
-0.000023
0.000433
0.000677
0.000876
0.001443
0.000712
-0.000128
-0.000828
-0.000910
0.000044
0.000127
-0.000101
-0.000533
0.000385
-0.000215
-0.000836
-0.001128
-0.001231
-0.000265
0.000544
0.001141
0.000833
0.000807
0.000468
0.000653
-0.000124
-0.000527
-0.001208
-0.002070
-0.000539
0.001542
0.003679
0.004150
0.003428
0.002496
0.001858
0.001209
0.000252
0.000363
0.000715
0.000590
-0.000786
-0.000152
0.000752
0.003702
0.002367
0.002002
0.001050
0.003977
0.002192
0.002319
-0.001993
-0.002958
-0.006820
-0.006214
-0.004670
-0.004820
-0.003583
-0.008691
-0.002541
-0.007780
0.006043
-0.005252
0.012078
-0.006084
0.014237
-0.008118
0.018660
-0.004911
0.012191
-0.008254
0.015279
-0.016700
-0.004176
-0.007597
-0.051589
-0.094090
-0.242348
-0.055722
-0.624773
-0.333671
-0.190217
-0.305954
0.020193
0.370485
0.662087
0.528620
0.240272
0.107016
0.434094
0.068004
0.315157
0.518376
0.520706
0.194637
-0.284939
-0.534464
-0.524667
-0.248281
-0.009533
0.087669
-0.219827
-0.300581
-0.033872
0.421129
0.357072
0.002228
-0.064467
0.104158
0.172512
-0.052514
-0.086556
0.253131
0.225935
-0.291496
-0.817404
-0.596751
0.065720
0.507723
0.218051
-0.414889
-0.630638
-0.131414
0.615718
0.741064
0.304082
-0.191107
-0.237868
-0.052886
0.170327
0.001203
-0.174454
-0.254585
-0.330127
-0.371511
-0.288949
0.111626
0.499700
0.310599
-0.191363
-0.194177
0.107943
0.438998
0.243916
-0.232374
-0.299469
-0.218660
-0.145268
-0.161819
-0.647756
-0.603335
-0.416417
0.117033
0.076395
-0.362320
-0.293107
-0.008499
0.424812
0.120525
0.165515
0.160154
0.648770
0.704654
0.601723
0.260073
-0.043119
0.087803
0.165251
0.306140
0.014064
0.016592
-0.074648
-0.008407
-0.173972
-0.152879
0.027525
0.100790
0.001581
-0.080712
0.268039
0.563064
0.516412
0.188690
0.005934
0.023323
-0.057123
-0.273946
-0.339300
-0.304717
-0.355525
-0.361858
-0.398196
-0.214695
0.037876
0.220812
0.312812
0.187279
0.077358
-0.006473
0.138900
0.238056
0.236530
-0.073275
-0.314045
-0.443445
-0.416677
-0.318075
-0.133108
-0.071573
-0.263150
-0.340196
-0.269638
0.267397
0.409646
0.464134
0.338171
0.313481
0.174097
-0.108168
-0.337525
-0.498133
-0.338411
-0.260554
-0.165501
-0.285586
-0.397713
-0.456674
-0.218745
-0.033462
0.107944
0.203957
0.324513
0.366058
0.242683
-0.100266
-0.294973
-0.095685
0.056023
0.153777
0.046222
0.028629
0.012761
0.042339
0.130701
0.252017
0.303589
0.238908
0.229059
0.287155
0.308683
0.188617
0.093053
0.163220
0.192807
0.138214
-0.060885
-0.151848
-0.008952
0.108394
0.132691
0.022989
-0.109557
-0.091021
0.099346
0.201040
0.229486
0.078867
0.054126
0.184041
0.282317
0.174939
-0.074705
-0.161442
-0.194606
-0.213155
-0.319135
-0.251347
-0.200505
-0.130709
-0.157667
-0.138406
-0.017819
0.006691
0.027123
0.001447
0.044249
-0.155908
-0.302181
-0.293997
-0.080988
0.143968
0.145045
-0.066018
-0.268865
-0.308032
-0.200413
0.060724
0.122926
0.023940
-0.143706
-0.210970
-0.229869
-0.215026
-0.094297
-0.099034
-0.104500
-0.043888
-0.012565
0.160270
0.037200
-0.172151
-0.066746
0.275628
0.572939
0.301855
-0.256047
-0.486684
-0.193662
0.135902
0.178321
-0.022661
-0.054578
0.025058
-0.056173
-0.150305
-0.104641
0.262021
0.545005
0.350143
-0.094660
-0.332909
-0.131486
0.319234
0.429171
0.124548
-0.244168
-0.271927
0.067569
0.301154
0.336675
0.241604
0.185233
0.070449
-0.104612
-0.093277
0.195021
0.494812
0.379955
-0.079568
-0.351915
-0.073558
0.361547
0.417664
0.027628
-0.283712
-0.306179
-0.133964
0.083580
0.129668
0.085511
-0.029068
-0.055732
-0.064339
-0.030982
0.037654
0.124682
0.178116
-0.001733
-0.189161
-0.255213
-0.155380
-0.047741
0.013082
0.062842
0.092448
-0.065387
-0.272300
-0.211892
0.060164
0.274367
0.186211
-0.057771
-0.182756
-0.109790
0.048002
0.123327
-0.053102
-0.223390
-0.280211
-0.146872
-0.029226
-0.053397
-0.081887
-0.028874
0.036741
0.001941
-0.092681
-0.121934
0.009606
0.039795
-0.034849
-0.148849
-0.112423
-0.052193
-0.107056
-0.169187
-0.091800
0.047453
0.034526
-0.144258
-0.220581
-0.047129
0.177202
0.222192
0.035831
-0.180572
-0.204763
0.051919
0.243181
0.197918
-0.064855
-0.220920
-0.059553
0.160908
0.165447
0.056777
-0.029406
-0.026226
0.006802
-0.003420
0.025319
0.074227
0.092793
0.060217
0.017066
-0.013978
0.038354
0.070930
0.091814
0.023147
-0.023003
-0.017395
0.020642
0.065512
0.059331
0.065779
0.082712
0.064964
-0.004561
0.002574
0.083415
0.163728
0.092819
-0.054868
-0.124645
-0.000373
0.141100
0.167513
0.070371
-0.008628
-0.026021
0.035267
0.118618
0.098822
-0.015742
-0.149997
-0.074446
0.080815
0.125604
0.009371
-0.033156
-0.048457
-0.051711
-0.090049
-0.048933
0.058536
0.053896
-0.017679
-0.056579
-0.001853
0.037924
0.050431
-0.030801
-0.093863
-0.185638
-0.141970
0.037481
0.180021
0.122970
-0.036611
-0.088243
-0.049554
-0.071950
-0.142258
-0.097058
0.018936
0.087036
0.042747
0.013134
-0.029432
-0.094719
-0.177291
-0.182462
-0.149134
-0.035195
0.116775
0.145153
0.009730
-0.192734
-0.197451
0.007957
0.114950
0.009693
-0.117673
-0.073570
0.089814
0.177273
0.074863
-0.110426
-0.167342
-0.147470
-0.061392
-0.025439
0.034543
0.079185
0.086804
0.017855
-0.106751
-0.115875
-0.006954
0.153089
0.154246
0.017988
-0.084876
0.013478
0.104304
0.060431
-0.075881
-0.126918
-0.008139
0.135508
0.200890
0.134159
0.004318
-0.098127
-0.097628
-0.070250
0.006691
0.128847
0.217228
0.229298
0.068597
-0.106048
-0.145361
-0.045813
0.074417
0.105401
0.097207
0.042223
0.043796
0.030005
0.022512
0.011516
-0.053139
-0.069536
-0.020894
0.106243
0.185953
0.164159
0.028455
-0.121626
-0.145077
-0.049742
0.038352
0.044245
-0.003983
-0.035607
0.009567
0.024491
0.020292
-0.011619
-0.049876
-0.055426
-0.075996
-0.091278
-0.062825
0.039045
0.110405
0.033844
-0.099950
-0.104149
0.018489
0.106439
0.035352
-0.091266
-0.145298
-0.086589
0.016356
0.039987
-0.029932
-0.119069
-0.126003
-0.038473
0.027633
0.036703
-0.005650
-0.027224
-0.041323
-0.061465
-0.027590
0.028232
0.069250
0.013105
-0.073312
-0.115180
-0.052148
0.040996
0.068630
0.024702
-0.051861
-0.057605
-0.003299
0.041975
0.057482
0.041390
-0.010726
-0.044840
-0.044107
0.021795
0.116116
0.102100
-0.009634
-0.119374
-0.134633
-0.016006
0.138906
0.235870
0.162461
-0.038007
-0.145550
-0.115030
-0.005298
0.079706
0.100068
0.075349
0.030733
-0.010939
-0.011132
0.004542
0.031590
0.024889
-0.018164
-0.043612
-0.074787
-0.025649
0.039842
0.053540
0.004314
-0.068227
-0.083270
-0.010621
0.067447
0.062138
-0.013214
-0.061803
-0.029747
0.048501
0.099306
0.066897
0.009110
-0.020711
-0.023398
-0.078163
-0.115220
-0.063978
0.031114
0.086696
0.031193
-0.027591
-0.040101
-0.039473
-0.050379
-0.045844
0.016970
0.084740
0.117024
0.044918
-0.035651
-0.079469
-0.072435
-0.038952
-0.050300
-0.086959
-0.065137
0.034383
0.079140
0.032401
-0.052645
-0.036101
0.036682
0.063493
0.008573
-0.025168
0.028960
0.110630
0.119256
0.008897
-0.124023
-0.173280
-0.050109
0.101943
0.142993
0.072756
-0.022284
-0.053078
-0.051989
-0.056779
-0.024804
0.049259
0.089780
0.059455
0.019499
0.010156
0.007669
0.002438
-0.046920
-0.100427
-0.080979
-0.010580
0.084336
0.088652
-0.027607
-0.104362
-0.080057
0.009849
0.055734
0.059633
0.038529
0.014721
-0.006907
-0.026348
-0.009600
0.008343
-0.013592
-0.063418
-0.036848
0.015001
0.047308
0.022332
-0.043431
-0.045445
-0.028558
0.002044
0.047795
0.079821
0.068521
0.029371
-0.013471
-0.055723
-0.062591
-0.051948
-0.008655
0.022309
-0.012575
-0.062487
-0.052285
-0.005773
0.011067
-0.008414
-0.015708
0.017916
0.054299
0.054560
0.033577
0.016027
-0.001764
-0.015516
-0.015231
0.001630
0.015865
0.031232
0.030003
-0.002693
-0.046527
-0.052472
0.011228
0.069616
0.055617
0.021401
-0.002424
0.005280
0.030212
0.025514
-0.005630
-0.014415
0.011046
0.028843
0.029853
-0.006776
-0.036883
-0.059383
-0.070698
-0.031128
0.040368
0.068577
0.031200
-0.025303
-0.055380
-0.004476
0.064668
0.083910
-0.013809
-0.123207
-0.149790
-0.068150
0.063691
0.080379
-0.010659
-0.105611
-0.067452
0.038391
0.140895
0.137942
0.077818
0.019197
-0.025223
0.000206
0.027589
0.059556
0.043178
0.007861
-0.024723
-0.009155
0.028472
0.042906
0.004407
-0.054230
-0.076829
-0.049721
0.010131
0.045925
0.053468
0.007291
-0.040065
-0.079568
-0.074341
-0.029670
0.028007
0.045482
-0.002621
-0.054983
-0.060353
-0.034725
-0.015935
-0.020392
-0.043507
-0.035094
-0.003818
0.030926
0.044986
0.011930
-0.013538
0.006300
0.032457
0.054219
0.052317
0.023553
-0.014889
-0.060575
-0.087741
-0.067199
-0.014877
0.032289
0.030625
-0.006087
-0.039929
-0.053951
-0.031883
-0.010614
-0.005989
0.008068
0.022252
0.037753
0.016694
-0.036926
-0.069915
-0.067219
-0.019406
0.024976
0.015182
-0.041541
-0.086936
-0.071180
-0.003648
0.045074
0.050866
0.044311
0.032309
0.010765
-0.009743
-0.013363
-0.002228
0.029015
0.055234
0.046116
0.009260
-0.011836
0.000046
0.018247
0.011910
-0.008998
0.004371
0.022304
0.034010
0.036121
0.002869
-0.025481
-0.018188
-0.002153
0.021015
0.028190
0.009629
-0.018746
-0.037985
-0.043499
-0.013929
0.005017
-0.004349
-0.008720
-0.020015
-0.021331
-0.039058
-0.028541
-0.004479
0.026892
0.050758
0.040754
-0.000073
-0.058287
-0.081652
-0.034577
0.032932
0.044360
0.007073
-0.054899
-0.083133
-0.059763
-0.016112
0.019832
0.038420
0.029915
0.002561
0.000060
0.009473
0.022688
0.037253
0.040059
0.027786
-0.016532
-0.040758
-0.034006
-0.005441
0.008630
-0.009122
-0.026185
-0.034540
-0.013445
0.022575
0.042427
0.022630
-0.004032
-0.017945
-0.004100
0.029618
0.040882
0.020743
-0.026644
-0.054476
-0.029699
0.018212
0.040059
0.019502
-0.018106
-0.041012
-0.029498
0.008929
0.039875
0.052869
0.044171
0.015367
-0.013582
-0.026467
-0.008084
0.025147
0.034732
0.026732
0.001084
-0.029714
-0.037418
-0.021332
0.010937
0.031016
0.031450
0.028026
0.019427
0.014918
0.024471
0.027569
0.020068
-0.003331
-0.014728
-0.008327
-0.003652
-0.011644
-0.028850
-0.040863
-0.041220
-0.022128
-0.009705
-0.001007
0.012142
0.011890
0.010496
0.012696
0.012443
0.028145
0.029117
0.018710
0.000663
-0.023381
-0.020961
-0.000519
0.015784
0.011048
0.004617
-0.000073
0.003773
0.012165
0.027536
0.025414
0.016743
0.012194
0.001072
0.017417
0.031648
0.031807
0.012809
-0.006389
-0.021691
-0.023043
-0.018499
-0.001649
0.021919
-0.002600
-0.045833
-0.060967
-0.033715
0.007255
0.023784
0.006280
-0.008941
-0.018028
-0.016272
0.003699
0.011394
0.004071
-0.004941
-0.013840
-0.013636
-0.017182
-0.030345
-0.035287
-0.025574
-0.001150
0.012554
0.011828
0.014522
0.011957
0.009050
0.004875
-0.000684
-0.003003
-0.011132
-0.011176
0.005172
0.016047
0.009000
-0.001587
-0.024410
-0.031414
-0.017304
-0.006621
0.000963
-0.013861
-0.033518
-0.026171
-0.013807
0.004219
0.014695
0.005330
0.007805
0.021706
0.030287
0.021971
0.009794
0.010132
0.024786
0.018584
0.001892
-0.010436
-0.001555
0.026242
0.039836
0.032210
0.009333
0.013619
0.026425
0.046052
0.043252
0.018169
-0.003648
-0.012369
0.003702
0.008986
0.016474
0.011551
-0.005298
-0.016348
-0.021699
-0.013187
0.002156
0.001047
-0.010472
-0.013432
-0.000348
0.020867
0.021574
0.008040
-0.013176
-0.020175
-0.004590
0.003899
0.013166
0.004332
-0.013583
-0.025160
-0.038167
-0.029689
-0.002229
0.019522
0.018195
-0.011135
-0.046192
-0.049534
-0.017067
0.019960
0.021175
0.004637
-0.009669
-0.016680
-0.011511
-0.002291
0.013272
0.021805
0.001317
-0.017445
-0.031397
-0.034458
-0.022240
-0.013418
-0.010143
-0.022459
-0.019178
-0.005911
0.008803
0.007786
-0.005288
-0.010314
-0.003508
0.002564
0.007743
0.019311
0.022446
0.021698
0.002211
-0.015531
-0.017487
-0.005026
0.008038
0.020082
0.011623
-0.010670
-0.013146
0.001342
0.036764
0.050921
0.040151
0.024582
0.004969
-0.013279
-0.005377
0.015508
0.026101
0.020852
-0.006588
-0.013855
-0.011662
-0.000297
0.017874
0.019919
0.014556
-0.004442
-0.009992
-0.001768
0.008440
0.013446
0.019944
0.016165
0.000618
-0.011433
-0.022016
-0.010677
-0.010060
-0.016021
-0.020404
-0.017079
-0.013586
-0.018077
-0.016767
-0.010431
0.007478
0.005343
-0.009611
-0.015813
-0.023131
-0.026021
-0.009963
0.000988
-0.000028
-0.015256
-0.031943
-0.037735
-0.032815
-0.023942
-0.012834
-0.010050
-0.022714
-0.021052
-0.019100
-0.016518
-0.017193
-0.015947
-0.009461
-0.003317
-0.009818
-0.015032
-0.008996
0.004630
0.006042
-0.004471
-0.003150
0.002335
0.014333
0.006526
-0.012715
-0.014660
-0.012059
-0.001785
0.013351
0.019117
0.028966
0.034012
0.040783
0.038621
0.024859
0.027500
0.030476
0.020727
0.008159
-0.001390
0.012207
0.027288
0.014832
-0.006892
-0.020015
-0.003777
0.025103
0.036774
0.037954
0.035398
0.030179
0.033009
0.032262
0.024345
0.014634
0.003467
-0.003335
-0.011318
-0.013145
-0.008387
-0.007881
-0.014344
-0.020729
-0.017216
-0.005146
-0.002411
-0.007224
-0.009714
-0.006660
0.002097
0.010673
0.014053
0.014967
0.009173
-0.005907
-0.017527
-0.029347
-0.029996
-0.025856
-0.016330
-0.021975
-0.034418
-0.043267
-0.041100
-0.019058
0.000075
0.018643
0.019321
0.011580
0.003255
-0.000236
-0.004805
-0.005768
-0.009571
-0.021936
-0.033594
-0.043466
-0.034010
-0.026614
-0.017798
-0.005216
0.001750
0.010653
0.014688
0.019128
0.020625
0.024792
0.026668
0.027090
0.023278
0.015445
0.003478
-0.006782
-0.010114
-0.012655
-0.010594
-0.017298
-0.011476
-0.009185
-0.005876
0.009229
0.023580
0.039032
0.045943
0.039572
0.028170
0.019174
0.016244
0.026648
0.022539
0.008261
-0.017711
-0.043349
-0.058561
-0.058319
-0.041540
-0.019038
0.002422
0.001586
-0.003759
0.007354
0.023126
0.029591
0.034349
0.026183
0.018463
-0.000750
-0.017996
-0.022399
-0.031622
-0.037552
-0.041823
-0.044563
-0.051026
-0.049182
-0.031624
-0.005032
0.013403
0.019921
0.014643
0.017963
0.021677
0.019333
0.011368
-0.010438
-0.024417
-0.027831
-0.024810
-0.019974
-0.026266
-0.034485
-0.034120
-0.026651
-0.008774
0.009188
0.022473
0.022857
0.021677
0.022905
0.023687
0.018717
0.010887
0.001078
-0.015705
-0.023355
-0.018490
-0.015988
-0.024199
-0.022252
-0.012231
0.000539
0.011895
0.016183
0.016548
0.016804
0.017708
0.022350
0.017091
0.008231
0.003312
0.007764
0.012994
0.015969
0.005900
-0.014466
-0.024306
-0.031390
-0.021527
-0.016441
-0.001996
0.002040
0.000282
0.003999
0.007495
0.019560
0.022461
0.018454
0.013941
0.010789
0.008992
0.008774
-0.007191
-0.021631
-0.037476
-0.041612
-0.021094
-0.003055
0.005936
0.007611
0.004385
0.001311
-0.003643
0.003106
0.016428
0.026952
0.022745
0.003833
-0.005070
-0.006551
-0.003240
-0.001596
-0.008270
-0.019098
-0.024320
-0.026130
-0.012095
0.013392
0.025708
0.019952
0.013137
