-0.000959
-0.000815
-0.000771
-0.001177
-0.000928
-0.000291
-0.000003
0.000196
-0.000146
-0.000018
0.000564
0.000435
0.000317
0.000167
0.000273
0.000373
0.000139
-0.000130
0.000202
0.000739
0.000766
0.000665
0.000662
0.000748
0.001043
0.001001
0.001133
0.001164
0.001043
0.000632
0.000551
0.000657
0.000750
0.000877
0.000811
0.000921
0.000873
0.001150
0.000857
0.000293
-0.000223
-0.000577
-0.000833
-0.000912
-0.000698
-0.000658
-0.000586
-0.000564
-0.000374
-0.000064
0.000075
0.000424
0.000362
0.000098
-0.000151
-0.000065
-0.000070
0.000037
0.000204
0.000176
0.000670
0.000580
0.000380
0.000386
0.000196
-0.000193
-0.000024
-0.000390
-0.000459
-0.000133
-0.000332
-0.000178
-0.000589
-0.000615
-0.000600
-0.000171
-0.000150
-0.000455
-0.000201
-0.000664
-0.000346
-0.000389
-0.000375
-0.000234
-0.000344
-0.000457
-0.000880
-0.000930
-0.001077
-0.000749
-0.001007
-0.000937
-0.001134
-0.000954
-0.000512
-0.000794
-0.000697
-0.000532
-0.000372
-0.000660
-0.000859
-0.001025
-0.000803
-0.000668
-0.000333
-0.000163
-0.000456
-0.000939
-0.000975
-0.000887
-0.001017
-0.000799
-0.000662
-0.000899
-0.001211
-0.001291
-0.000972
-0.000818
-0.001196
-0.001002
-0.000911
-0.000568
-0.000248
-0.000437
-0.000686
-0.001035
-0.000764
-0.000265
0.000311
0.000435
0.000316
0.000503
0.000150
-0.000276
-0.000342
-0.000434
-0.000220
-0.000126
-0.000050
0.000449
0.000437
0.000090
-0.000089
0.000202
0.000747
0.000457
0.000889
0.000846
-0.000220
0.000184
0.000433
0.000748
0.000714
0.000309
0.000295
0.000482
-0.000045
0.000055
0.000262
0.000306
0.000515
0.000278
0.000409
0.000148
0.000083
0.000102
-0.000230
-0.000446
-0.000204
-0.000337
-0.000085
-0.000337
-0.000415
-0.000164
0.000056
-0.000193
-0.000195
-0.000827
-0.000984
-0.000686
-0.001331
-0.000753
-0.000756
-0.000230
-0.000547
-0.000667
-0.000429
-0.000065
0.000124
-0.000452
-0.000015
0.000545
0.000642
-0.000546
-0.000757
-0.000295
-0.000184
-0.000129
0.000016
-0.000042
-0.000237
-0.000111
0.000114
0.000120
0.000223
-0.000032
-0.001042
0.000142
0.000168
-0.000227
0.000354
-0.000041
-0.000113
-0.000288
-0.000809
-0.000636
0.000197
0.000204
0.000037
0.000513
0.000830
0.000783
0.001086
0.000248
0.000024
0.000235
0.000408
0.000271
-0.000593
-0.000788
-0.000436
-0.000433
0.000170
0.000649
0.001226
0.001133
0.000280
0.000899
0.000059
0.000794
0.000686
-0.000712
-0.000438
-0.000457
-0.000588
-0.000667
-0.000557
-0.000294
0.000513
0.000170
0.000301
0.000761
0.000250
-0.000155
0.000038
0.000051
-0.000952
-0.000586
-0.000515
-0.000901
-0.000882
-0.000472
0.000003
0.000268
0.000518
-0.000038
-0.000009
-0.000042
0.000812
0.001184
0.000657
0.000311
0.000178
0.000102
-0.000312
-0.000249
-0.000061
0.000098
0.000041
0.000053
-0.000677
-0.000436
-0.000030
0.000012
-0.000007
-0.000269
-0.000396
0.000552
0.000413
-0.000454
-0.000206
-0.000194
0.000454
-0.000593
-0.001197
-0.001232
-0.000622
-0.000669
-0.001803
-0.001047
-0.000849
-0.001232
-0.000716
-0.001010
-0.001745
-0.001912
-0.002773
-0.001847
-0.002332
-0.002594
-0.002073
-0.001819
-0.000997
-0.001695
-0.001217
-0.000832
-0.000492
-0.001177
-0.001927
-0.002153
-0.001007
-0.002011
-0.003358
-0.002283
-0.002584
-0.002045
-0.002109
-0.001695
-0.001500
-0.001546
-0.001024
-0.001550
-0.001947
-0.002263
-0.002233
-0.001735
-0.002387
-0.003167
-0.002469
-0.001585
-0.000756
0.000274
0.001017
0.001561
0.001232
0.000576
-0.000056
-0.000467
-0.002140
-0.002565
-0.002653
-0.003242
-0.002583
-0.001770
-0.001501
-0.001195
0.000207
0.000405
0.001022
0.000719
0.000018
0.000248
0.000191
-0.001787
-0.002627
-0.003017
-0.002622
-0.001443
-0.001030
-0.000131
0.000218
0.001939
0.002283
0.002101
0.001314
0.001218
0.000740
-0.000324
-0.001530
-0.002353
-0.000773
-0.001434
-0.001540
-0.001844
-0.001487
0.000732
0.002345
0.002309
0.001409
0.000812
0.000735
0.000702
-0.000728
-0.000977
-0.002027
-0.000981
-0.001099
-0.001569
-0.000808
-0.000976
0.000441
0.000900
0.001534
0.001407
0.001169
0.001412
0.001576
-0.000162
-0.001301
-0.000447
-0.000159
-0.000617
-0.001115
0.000148
0.000655
0.000479
-0.000048
0.000061
0.001584
0.000759
0.000082
0.000183
0.000087
0.000690
0.000268
0.000247
0.000323
-0.000386
-0.000965
-0.000288
0.000307
-0.001122
-0.001670
-0.000642
-0.000429
-0.000538
-0.000914
0.000498
0.000545
-0.000366
-0.000335
-0.000184
0.000849
0.000514
-0.000401
-0.001511
-0.000790
-0.001694
-0.001155
-0.000799
-0.000488
-0.000336
0.000367
0.000457
-0.000123
0.001509
0.000166
0.000801
0.000317
0.000318
-0.001113
-0.001129
-0.001106
-0.001428
-0.000384
-0.001154
-0.000268
0.000686
-0.000121
-0.001401
0.000024
-0.000851
-0.001978
-0.001513
-0.001631
-0.001314
-0.000795
-0.001949
-0.001669
-0.000851
-0.001398
-0.000762
-0.001112
-0.001075
-0.000175
-0.001893
-0.001891
-0.001503
-0.001662
-0.001170
-0.001896
-0.001582
-0.001168
-0.001201
-0.002252
-0.001667
-0.001076
-0.000887
-0.000884
-0.001170
-0.001239
-0.001599
-0.001622
-0.002199
-0.002552
-0.002762
-0.002765
-0.002536
-0.001778
-0.002015
-0.002359
-0.001964
-0.001573
-0.001160
-0.000910
-0.001219
-0.001077
-0.000136
-0.001422
-0.001710
-0.001052
-0.001639
-0.001943
-0.001981
-0.001842
-0.001574
-0.001815
-0.002343
-0.002379
-0.001605
-0.002859
-0.002449
-0.001521
-0.002350
-0.001779
-0.001830
-0.001331
-0.001884
-0.001393
-0.001219
-0.000595
0.000028
-0.000727
-0.001044
-0.001249
-0.000749
-0.000360
0.000020
-0.000481
-0.000539
-0.000111
-0.000472
-0.000159
0.000023
-0.000366
0.000290
-0.000321
-0.000856
-0.000712
-0.001075
-0.000125
0.000703
-0.000255
-0.000477
-0.000192
-0.000700
0.000363
0.000421
-0.000740
0.000720
0.000297
-0.000166
0.000494
0.000008
0.000336
-0.000053
0.000075
0.000190
0.000992
0.000492
0.000362
0.002031
0.001258
0.001388
0.001218
0.000215
0.001085
0.000584
0.000037
-0.000279
-0.000642
-0.001438
-0.001684
-0.001407
-0.002650
-0.001803
-0.002451
-0.001492
-0.001451
-0.002332
-0.001589
-0.001733
-0.001527
-0.000880
-0.000781
-0.000823
-0.000501
-0.001262
-0.000558
-0.000414
-0.001377
-0.002257
-0.001769
-0.002132
-0.001426
-0.002275
-0.002007
-0.001557
-0.002809
-0.002098
-0.002924
-0.001146
-0.002155
-0.002328
-0.002428
-0.003348
-0.001177
-0.002599
-0.002268
-0.002322
-0.002343
-0.001550
-0.001813
-0.001240
-0.001356
-0.000753
-0.000491
-0.000604
-0.000830
-0.000352
-0.000565
-0.001049
0.000271
0.000492
0.000107
-0.000495
-0.001692
-0.001243
-0.001752
-0.000948
-0.000282
-0.000782
-0.000795
-0.001182
-0.000330
-0.000593
-0.001093
-0.000747
-0.000298
-0.000114
0.000209
-0.001211
-0.001044
-0.000182
-0.000621
-0.000552
-0.001399
-0.000716
-0.000784
-0.001011
-0.000589
0.000026
-0.000112
-0.000029
0.001120
0.001198
0.001019
-0.000085
0.001252
0.001388
0.000703
-0.000059
-0.000677
0.000169
0.000241
0.000048
-0.000034
0.001568
0.001634
0.001769
0.001191
0.001652
0.002783
0.002618
0.002467
0.001590
0.001620
0.001263
0.001562
0.001837
0.002849
0.002802
0.002127
0.002939
0.002560
0.004201
0.004087
0.003195
0.004276
0.004168
0.004270
0.004521
0.004302
0.005049
0.005363
0.004871
0.004824
0.005554
0.006595
0.004821
0.005479
0.005224
0.004783
0.006081
0.004446
0.004360
0.004703
0.004936
0.005237
0.006538
0.006380
0.005304
0.004626
0.004332
0.005790
0.005689
0.004876
0.004725
0.004899
0.005092
0.005918
0.005111
0.004595
0.006443
0.006240
0.005152
0.004843
0.004297
0.005493
0.004682
0.003968
0.004272
0.003810
0.004949
0.006266
0.005679
0.004364
0.003101
0.002774
0.003786
0.003675
0.003948
0.002956
0.003688
0.005111
0.004759
0.003984
0.004175
0.004824
0.004647
0.003748
0.003688
0.003150
0.003512
0.004270
0.003054
0.003090
0.002571
0.002584
0.002698
0.003082
0.003799
0.004132
0.004095
0.003699
0.004149
0.004199
0.003899
0.003810
0.003985
0.002958
0.002237
0.002515
0.001201
0.001237
0.001790
0.001817
0.001854
0.001935
0.000539
-0.000298
0.000874
0.000992
0.000607
-0.001195
-0.002017
-0.001332
-0.000502
-0.000612
-0.001399
-0.001414
-0.001606
-0.000046
-0.000258
-0.001714
-0.001334
-0.002229
-0.001442
-0.001167
-0.001497
-0.001950
-0.003026
-0.002507
-0.001992
-0.001242
-0.000694
-0.000348
-0.001768
-0.002908
-0.002962
-0.003350
-0.003093
-0.003544
-0.004174
-0.003897
-0.005728
-0.006694
-0.006131
-0.005815
-0.004736
-0.004903
-0.004342
-0.004681
-0.004460
-0.003593
-0.002519
-0.001825
-0.002468
-0.004691
-0.005661
-0.004886
-0.006198
-0.007115
-0.008203
-0.008365
-0.008095
-0.008306
-0.008097
-0.006474
-0.004993
-0.004017
-0.002840
-0.003425
-0.006481
-0.006981
-0.006435
-0.005131
-0.006301
-0.009023
-0.008470
-0.009828
-0.012156
-0.013784
-0.010630
-0.006997
-0.006484
-0.009823
-0.011960
-0.009583
-0.006018
-0.004859
-0.007515
-0.009153
-0.010128
-0.010531
-0.010643
-0.009481
-0.008946
-0.008252
-0.008872
-0.011006
-0.011484
-0.009218
-0.003044
-0.001566
-0.005476
-0.011066
-0.011267
-0.006141
-0.002419
-0.001475
-0.007611
-0.012092
-0.010330
-0.006007
-0.001492
-0.003071
-0.005742
-0.004309
-0.002471
-0.003303
-0.008359
-0.010060
-0.006443
-0.003781
-0.005453
-0.009554
-0.008634
-0.004710
-0.001338
0.000812
0.000768
0.001176
0.002225
0.001438
-0.001524
-0.004039
-0.005064
-0.006789
-0.009446
-0.011829
-0.012968
-0.011948
-0.008852
-0.004675
-0.003600
-0.002274
0.001318
0.002298
0.002414
0.001422
0.001805
0.002192
0.001527
-0.000705
-0.003086
-0.004091
-0.005477
-0.006042
-0.006729
-0.006842
-0.007487
-0.007322
-0.005506
-0.003111
-0.002985
-0.001851
0.000956
0.002757
0.003581
0.005219
0.005593
0.003632
0.001536
-0.000041
0.000179
-0.000620
-0.002187
-0.004195
-0.005551
-0.005635
-0.003523
-0.001787
-0.001849
-0.001056
0.000349
0.001669
0.002247
0.002449
0.002449
0.001733
0.001348
0.000278
-0.000081
-0.000650
-0.001508
-0.000636
-0.000110
0.000285
-0.000703
-0.001306
-0.000185
0.000831
0.001667
0.002653
0.002733
0.001925
0.001545
0.000814
-0.001011
-0.000654
-0.000184
0.000798
0.002121
0.001518
0.000757
0.000355
-0.000017
-0.000718
-0.000803
-0.001446
-0.000370
0.001091
0.001111
0.003628
0.004397
0.004554
0.005262
0.004738
0.004429
0.001958
0.001159
-0.001494
-0.003350
-0.003894
-0.003836
-0.003759
-0.004330
-0.002222
0.000543
0.005000
0.008512
0.009327
0.010482
0.011949
0.013811
0.014889
0.014526
0.015313
0.013907
0.009442
0.002747
0.000179
0.000092
0.000077
-0.002940
-0.006953
-0.007122
-0.003943
-0.000378
0.000050
0.003691
0.008670
0.013028
0.015375
0.012669
0.009213
0.008617
0.009610
0.008382
0.003452
0.001707
0.000281
0.000061
-0.004121
-0.004054
-0.002019
0.003478
0.005707
0.003542
0.003194
0.001986
0.008959
0.007562
0.009889
0.003793
0.009138
0.005078
0.011957
0.001929
0.007935
0.000490
0.010148
-0.003025
-0.002251
-0.013941
-0.013565
-0.011499
-0.014890
0.002171
-0.008404
0.017301
-0.011757
0.032780
-0.029555
0.034595
-0.124001
0.023556
-0.226341
-0.253439
-0.096672
-0.365886
-0.112221
-0.097938
0.052552
0.109322
0.273504
0.180218
0.393919
0.404234
0.513719
0.588168
0.363772
0.362580
0.061732
-0.158262
-0.408956
-0.337508
-0.352313
-0.320630
-0.386059
-0.367715
-0.205927
0.085703
0.361378
0.411104
0.363310
0.273599
0.258124
0.175615
0.057984
0.003889
-0.007693
-0.218817
-0.518527
-0.769199
-0.577349
-0.169748
0.151435
0.160892
-0.010247
0.027622
0.253335
0.518583
0.542661
0.353369
0.119919
-0.026839
-0.205588
-0.329584
-0.376169
-0.329479
-0.192918
-0.230317
-0.343390
-0.304668
-0.012621
0.421916
0.522840
0.320449
-0.001994
0.052480
0.042371
0.071986
-0.024886
-0.464729
-0.584130
-0.464532
-0.310418
-0.452071
-0.356369
-0.138444
0.173339
0.125594
0.227070
0.519229
0.654546
0.662659
0.686307
0.647142
0.143256
-0.277773
-0.283140
0.019583
0.015005
-0.182571
-0.234435
0.028580
0.192780
0.060350
-0.154551
0.008326
0.376755
0.617890
0.370621
0.067732
0.082024
0.139552
0.002983
-0.363160
-0.430747
-0.387980
-0.179840
-0.072893
-0.119898
-0.228051
-0.176289
0.104554
0.224975
0.064218
-0.142056
0.028047
0.280253
0.203799
-0.105576
-0.313947
-0.123172
0.062536
0.010719
-0.177233
-0.458339
-0.125174
0.096856
0.057769
-0.040865
0.062483
0.239763
-0.103515
-0.258120
-0.286268
-0.032206
0.168175
0.061230
-0.187658
-0.328851
-0.343154
-0.330124
-0.319757
-0.434746
-0.194832
0.158352
0.209891
0.020594
-0.239591
-0.126581
0.284411
0.490401
0.375889
0.303771
0.364386
0.235209
-0.064969
-0.317545
-0.008011
0.310502
0.231689
-0.193854
-0.285212
0.275192
0.550392
0.382778
-0.098828
-0.170215
0.211683
0.517970
0.343185
-0.136643
-0.296342
0.148012
0.600309
0.241247
-0.495760
-0.593283
0.222650
0.797140
0.323178
-0.539928
-0.839347
-0.200193
0.398520
0.270470
-0.247401
-0.554823
-0.156987
0.191405
0.314565
0.195539
-0.005386
-0.131415
-0.127817
-0.166027
-0.375386
-0.480947
-0.356981
-0.043146
-0.042071
-0.192476
-0.308934
-0.069034
0.013483
0.050817
0.074609
0.139430
0.174619
-0.129111
-0.336953
-0.264227
0.139415
0.223365
-0.095218
-0.613165
-0.554964
-0.082722
0.307802
0.292306
0.154874
0.000609
-0.107860
-0.091354
-0.033855
0.212603
0.230151
0.214763
-0.041119
-0.203337
-0.303907
-0.070524
0.382078
0.570661
0.177244
-0.445384
-0.458534
0.146726
0.790199
0.668636
0.169455
-0.310303
-0.300190
-0.037045
0.203066
0.217825
0.115245
0.028287
-0.026356
-0.108698
-0.198139
0.039524
0.402747
0.537610
0.009818
-0.506915
-0.430449
0.278738
0.725458
0.430331
-0.126837
-0.406361
-0.127038
0.263515
0.339211
0.014660
-0.268174
-0.342846
-0.214587
-0.128171
-0.129783
-0.037440
0.088325
0.008699
-0.271830
-0.357124
-0.137700
0.220702
0.254265
-0.061357
-0.314935
-0.295685
-0.118456
-0.035248
-0.095974
-0.183310
-0.237817
-0.248045
-0.252304
-0.136863
-0.000122
0.049332
0.075157
0.022437
-0.008883
0.018766
0.127910
0.145949
0.013605
-0.144901
-0.113919
0.001566
0.030410
-0.008594
0.075710
0.180550
0.134349
-0.087520
-0.249387
-0.103866
0.211578
0.276108
0.045881
-0.210560
-0.205077
0.072778
0.185904
0.070736
-0.143206
-0.118857
0.028443
0.129693
0.035124
-0.073268
-0.079004
0.065097
0.188299
0.205572
0.185009
0.124255
0.112780
0.000925
-0.067437
0.006246
0.156623
0.176700
0.099581
-0.006560
0.000536
0.110469
0.150151
0.100828
0.019595
0.015523
0.043274
0.077135
0.073779
0.090863
0.116461
0.061319
-0.045464
-0.123115
-0.081922
0.012406
0.055584
-0.084762
-0.221210
-0.127389
0.147295
0.293558
0.117103
-0.091641
-0.153314
-0.025832
0.095109
0.108308
0.059344
-0.022379
-0.000531
0.064818
0.056345
-0.054783
-0.118531
-0.101257
-0.028851
0.046534
0.097778
0.111898
0.022055
-0.063345
-0.049198
0.029757
0.082109
0.050942
-0.079866
-0.169263
-0.083770
0.046648
0.123442
0.135179
0.088604
0.010722
-0.116659
-0.206216
-0.140303
0.015084
0.097820
0.121521
0.019965
-0.101734
-0.144175
-0.058066
0.033608
-0.002891
-0.007720
0.028355
0.106443
0.052982
-0.041379
-0.002732
0.101972
0.048190
-0.159005
-0.203277
-0.004108
0.255734
0.254944
0.008941
-0.234143
-0.219979
0.001712
0.151487
0.086043
-0.072810
-0.067629
0.075732
0.133588
0.032226
-0.076776
-0.062453
0.030339
0.011957
-0.119940
-0.153618
0.001943
0.205331
0.280025
0.116826
-0.062166
-0.094666
-0.060638
-0.000465
0.020302
0.042891
0.060960
0.018363
-0.061651
-0.036160
0.117019
0.163139
0.022563
-0.155926
-0.197540
-0.052752
0.137884
0.212794
0.181840
0.109346
-0.001409
-0.063003
-0.101752
-0.083602
0.032901
0.181243
0.171223
-0.019310
-0.167443
-0.127522
0.076717
0.162453
0.029940
-0.120936
-0.094070
0.049207
0.187920
0.173276
0.047652
-0.084639
-0.138664
-0.090989
-0.000690
0.080037
0.075281
0.050936
-0.012288
-0.086582
-0.119645
-0.071297
0.054592
0.104561
0.009314
-0.114581
-0.129373
-0.029109
0.065920
0.040424
-0.055047
-0.121094
-0.123078
-0.025314
0.041128
0.024277
-0.021354
-0.072268
-0.075566
-0.071162
-0.061078
-0.010798
0.012144
-0.019570
-0.075373
-0.098006
-0.045875
0.037942
0.073546
0.034369
-0.026105
-0.046450
-0.038097
-0.088979
-0.091737
-0.041912
0.027495
0.067801
0.020633
-0.036025
-0.039309
-0.011968
-0.002963
-0.033732
-0.062774
0.002904
0.078615
0.098804
0.005317
-0.056119
-0.047835
-0.001810
0.026038
-0.009617
-0.026178
0.010180
0.085614
0.084148
0.037865
-0.004810
0.013461
0.006033
-0.026537
-0.051629
0.012830
0.120521
0.119785
0.057314
-0.064523
-0.115103
-0.068996
0.020736
0.082590
0.088319
0.074495
0.020755
-0.067838
-0.128839
-0.072359
0.026342
0.043541
-0.051616
-0.126099
-0.037630
0.085155
0.073758
-0.055140
-0.150919
-0.137989
-0.032488
0.060126
0.061933
0.047142
0.006810
-0.056901
-0.132602
-0.191753
-0.151003
-0.026464
0.094914
0.075113
0.008574
-0.039333
-0.045572
-0.035501
-0.055598
-0.036770
0.007464
0.071758
0.099599
0.053092
-0.063301
-0.149492
-0.141235
-0.084978
-0.080003
-0.068086
0.040608
0.156938
0.156894
-0.007821
-0.163569
-0.168459
-0.059313
0.045573
0.071615
0.079520
0.056872
0.010163
-0.095052
-0.186198
-0.155514
-0.018635
0.100140
0.115961
0.053325
-0.046122
-0.045765
-0.005745
0.036046
0.059827
0.054101
0.045213
0.045377
0.056570
0.060948
0.023965
-0.046141
-0.080829
-0.105690
-0.061610
-0.011803
0.014435
0.030182
-0.019065
-0.102334
-0.124085
-0.006989
0.127817
0.196616
0.122071
-0.000814
-0.075195
-0.083983
-0.061118
-0.058794
-0.044500
-0.011850
0.053240
0.060757
0.022744
-0.016127
-0.032213
-0.004381
0.018685
0.003863
0.006649
0.058746
0.074354
0.031914
-0.081400
-0.155644
-0.137137
-0.064877
0.029822
0.077450
0.101727
0.057936
0.009355
-0.043636
-0.040103
-0.011175
0.030531
0.072968
0.062671
0.031452
-0.032462
-0.042692
-0.039168
-0.018918
-0.030544
-0.012264
0.043169
0.079972
0.075028
0.018243
-0.021131
-0.005327
0.053633
0.070266
0.030494
0.007530
0.044750
0.073583
0.033503
-0.036190
-0.070435
-0.033404
0.043887
0.064217
0.046391
0.007842
-0.020083
-0.033167
-0.041535
-0.015496
0.037752
0.071706
0.062646
0.050225
0.020817
-0.009416
-0.037242
-0.038378
-0.027441
-0.006460
-0.002662
-0.018952
-0.022359
-0.025597
-0.032760
-0.025193
0.010178
0.055634
0.096707
0.083852
0.036083
-0.006087
-0.010507
-0.015122
-0.015276
-0.034010
-0.037805
-0.006292
0.015965
0.017796
-0.025148
-0.064919
-0.043653
0.037260
0.077798
0.057079
0.028495
0.042993
0.053958
-0.005318
-0.079371
-0.086043
-0.010831
0.069363
0.043661
-0.044568
-0.100173
-0.071705
-0.000424
0.038469
0.052477
0.026655
0.010138
0.022179
0.054594
0.067625
0.054144
0.015670
-0.027974
-0.042626
-0.017631
0.047630
0.073076
0.038454
-0.038519
-0.079809
-0.040165
0.034789
0.079220
0.045746
-0.015251
-0.039126
-0.027659
0.014550
0.057047
0.071078
0.053740
0.020121
-0.028686
-0.025596
0.008842
0.014869
-0.006650
-0.047825
-0.058968
-0.050792
-0.021623
-0.016088
-0.004685
0.021873
0.043679
0.048392
0.029995
0.014749
0.008081
0.010148
0.002984
0.003851
0.004030
-0.007042
0.000682
0.010985
0.007998
-0.007036
-0.015674
0.003455
0.034001
0.045949
0.041829
0.061125
0.056959
0.037518
0.001801
-0.010817
0.004498
0.008637
0.013493
-0.022787
-0.044211
-0.050635
-0.017460
0.018250
0.041178
0.058452
0.029053
-0.001603
-0.030223
-0.022276
0.003009
0.042404
0.047125
0.014375
-0.031276
-0.059170
-0.035817
-0.002877
0.006705
-0.003397
-0.016887
-0.017308
-0.003932
-0.003052
0.010647
0.023121
0.026399
0.016251
-0.007775
-0.023280
-0.001851
0.006772
-0.008812
-0.038687
-0.061618
-0.039346
-0.003080
0.010716
-0.017517
-0.059185
-0.071775
-0.024082
0.039127
0.051894
0.027780
0.004255
0.005740
0.001079
-0.008788
0.007351
0.026840
0.025773
-0.007852
-0.039884
-0.045528
-0.018678
0.013500
0.037259
0.034179
0.011781
0.003770
0.017636
0.032100
-0.001393
-0.026615
-0.006148
0.034883
0.022776
-0.018367
-0.016288
0.005778
0.019630
0.005101
-0.005669
-0.006663
0.001652
-0.006203
-0.011052
-0.021824
-0.028399
-0.017493
0.007359
0.037409
0.045239
0.029431
-0.006735
-0.029194
-0.032901
-0.007567
0.008330
0.004444
-0.027549
-0.062527
-0.057669
-0.017742
0.001971
-0.002403
-0.009275
-0.000638
0.020635
0.031662
0.021591
-0.020626
-0.036255
-0.031426
-0.020131
-0.013297
-0.022776
-0.027377
-0.039531
-0.043083
-0.036459
-0.020626
0.000908
0.020182
0.016204
0.004224
0.003292
-0.013335
-0.006375
0.015992
0.045799
0.054387
0.025877
-0.017051
-0.046881
-0.051592
-0.032034
0.004560
0.007181
-0.011966
-0.026838
-0.016942
0.006360
0.022564
0.021098
0.013744
0.014187
0.008450
0.004905
-0.004453
-0.003614
-0.010500
-0.017465
-0.027826
-0.045199
-0.040485
-0.026021
-0.000254
0.005982
-0.023848
-0.029931
0.001227
0.016655
0.016827
0.011414
-0.003142
-0.024518
-0.037496
-0.032370
-0.016643
-0.010459
-0.018481
-0.022915
-0.029808
-0.026136
-0.002662
0.025552
0.033016
0.001757
-0.020513
-0.013093
0.008364
0.013592
-0.003045
-0.024665
-0.038911
-0.040180
-0.034049
-0.022897
0.003104
0.031051
0.023454
0.002564
-0.016492
-0.008993
0.028018
0.047204
0.021644
-0.020844
-0.057472
-0.052624
-0.011251
0.007654
0.010792
-0.001277
-0.004936
0.004647
0.012672
0.031270
0.050952
0.055214
0.037121
0.012434
-0.022414
-0.027014
0.012944
0.032375
0.001909
-0.052060
-0.055713
-0.014726
0.015492
0.013326
0.003015
-0.010250
-0.011740
0.004775
0.015611
0.009984
-0.014154
-0.023735
-0.035525
-0.048648
-0.057803
-0.044271
-0.021855
-0.012181
-0.017341
-0.033770
-0.026452
0.005620
0.046921
0.057494
0.036830
0.018240
0.003985
-0.008672
-0.012927
-0.013610
-0.008834
-0.019943
-0.031183
-0.031921
-0.026679
-0.012247
-0.015617
-0.014962
-0.015680
-0.016806
-0.004449
0.008761
0.011073
0.005650
0.005971
-0.004531
-0.004199
-0.007625
-0.015527
-0.003785
-0.001208
-0.011817
-0.020264
-0.023028
-0.006392
0.017146
0.000776
-0.006786
0.002181
0.017660
0.042300
0.052910
0.055284
0.039489
0.004958
-0.007427
-0.001445
0.003409
0.013350
0.019894
0.021963
0.004723
-0.019160
-0.013987
0.010921
0.022892
0.015495
-0.007135
-0.009514
0.006123
0.022993
0.019512
0.012545
0.007905
0.001374
0.002520
0.005495
0.016988
0.016323
0.015907
0.013679
0.005739
-0.008765
-0.011897
0.011791
0.025545
0.004715
-0.007668
0.008922
0.023948
0.005371
-0.027885
-0.030132
-0.021648
-0.012830
-0.003668
-0.002639
-0.001072
-0.000153
-0.000555
-0.003240
-0.006532
0.006134
0.017951
0.011437
-0.003100
-0.011854
-0.018431
-0.016687
-0.004261
0.003785
0.001068
-0.005037
-0.006820
-0.010786
-0.003185
0.019364
0.043381
0.041824
0.010064
-0.028901
-0.046751
-0.026678
0.007433
0.016887
0.002493
-0.003453
0.013684
0.037563
0.048356
0.051420
0.048133
0.033852
0.014601
0.004488
0.005692
0.009953
0.008654
0.005837
0.013276
0.007964
-0.000295
0.017804
0.038897
0.053605
0.053592
0.056857
0.061574
0.054374
0.043835
0.043419
0.048706
0.047597
0.024457
-0.009492
-0.011024
-0.003521
-0.005871
-0.016081
-0.026556
-0.015599
0.009243
0.023136
0.038597
0.028064
0.017429
0.027609
0.027531
0.021798
-0.007274
-0.022426
-0.015621
-0.022823
-0.039540
-0.042250
-0.031215
-0.024348
-0.023489
-0.026664
-0.017096
0.003245
0.023975
0.034479
0.018339
-0.000687
-0.008055
-0.007629
-0.008614
-0.022885
-0.043242
-0.051459
-0.039309
-0.023111
-0.026919
-0.039861
-0.031137
-0.008158
0.012710
0.021519
0.023840
0.020442
0.015795
0.006503
0.010961
0.017955
0.010730
0.006252
-0.015705
-0.033354
-0.029322
-0.002410
0.026354
0.024999
0.017220
0.015566
0.018559
0.034849
0.053870
0.059194
0.046261
0.028547
0.019244
0.007762
-0.005077
0.002987
0.016504
0.015239
-0.002553
-0.003879
0.014394
0.030669
0.030531
0.017323
0.001739
-0.000275
0.006658
0.009276
0.008381
0.002219
0.004039
0.001287
-0.002497
-0.014715
-0.021954
-0.023593
-0.011824
-0.019423
-0.030176
-0.037611
-0.039095
-0.025777
-0.024530
-0.027674
-0.038705
-0.028027
-0.011864
0.009304
0.023376
0.027493
0.020285
-0.003933
-0.030352
-0.040325
-0.035776
-0.019838
-0.013338
-0.034819
-0.054653
-0.055947
-0.037344
-0.012588
0.005090
0.009839
0.004862
-0.000378
0.007846
0.024726
0.035812
0.025602
-0.004357
-0.032912
-0.032789
-0.019524
-0.015457
-0.014446
-0.030714
-0.044786
-0.028946
0.006778
0.041393
0.040961
0.022207
0.017563
0.023566
0.020551
0.019657
0.020990
0.003291
-0.021709
-0.047382
-0.046097
-0.028020
-0.005525
0.002808
-0.006787
-0.016878
-0.013957
0.009589
0.033535
0.032320
0.007618
-0.002036
-0.000472
0.000117
-0.013289
-0.027733
-0.040596
-0.046186
-0.048983
-0.048139
-0.037522
-0.025951
-0.013932
-0.009768
-0.012881
-0.015985
0.000798
0.019695
0.035124
0.028769
0.001989
-0.029638
-0.049219
-0.047585
-0.041783
-0.034673
-0.039719
-0.036379
-0.028705
-0.017595
-0.000552
0.005443
0.013532
0.007065
0.011435
0.015615
0.016501
0.015831
-0.004503
-0.018729
-0.041742
-0.048226
-0.041595
-0.028575
-0.019791
-0.008733
0.011055
0.015387
0.004023
-0.002917
0.000356
0.009674
0.014695
0.021100
0.012705
-0.010353
-0.012267
-0.015018
-0.012056
-0.026308
-0.030709
-0.032538
-0.022123
-0.004633
0.004888
0.016948
0.018504
0.024850
0.017528
0.003805
-0.000757
0.014468
0.013769
-0.005641
-0.027029
-0.032357
-0.026483
-0.023094
-0.021836
-0.016691
-0.012595
-0.000990
0.007348
-0.002238
-0.013401
-0.002161
0.025092
0.023498
0.008892
-0.011413
-0.019131
-0.015941
-0.013651
-0.009973
-0.010784
-0.013997
-0.003750
0.014066
0.006777
-0.007872
-0.010989
-0.009224
0.000667
0.012045
0.020882
