0.005382
0.003760
0.003190
0.004894
0.003306
0.001215
0.002395
0.005547
0.009437
0.010680
0.008761
0.007586
0.008928
0.008849
0.007156
0.003058
-0.000278
-0.001596
-0.001563
-0.002285
-0.006256
-0.007871
-0.004382
0.002341
0.005288
0.006263
0.009345
0.015636
0.020251
0.021380
0.019163
0.013288
0.010370
0.011419
0.011742
0.005507
-0.001502
-0.001995
0.002919
0.003042
-0.003231
-0.004142
0.000683
0.008266
0.008803
0.003679
0.000432
0.006202
0.015288
0.016497
0.009402
0.001137
0.000495
-0.000432
-0.003651
-0.010999
-0.014938
-0.014490
-0.013019
-0.011669
-0.011808
-0.010520
-0.007410
-0.002236
0.002523
0.006150
0.010477
0.013857
0.009108
-0.001154
-0.005418
-0.001002
-0.002215
-0.012134
-0.018669
-0.015137
-0.008862
-0.010508
-0.016669
-0.014202
-0.000177
0.013167
0.014716
0.008108
0.007157
0.012376
0.014174
0.010494
0.004733
0.002101
-0.002347
-0.009664
-0.020450
-0.024265
-0.023523
-0.022654
-0.027611
-0.027274
-0.023971
-0.015768
-0.009466
-0.001812
0.005253
0.006265
0.009671
0.009083
0.015246
0.007479
0.007682
-0.003110
0.008296
-0.000282
0.006248
-0.028569
-0.017736
-0.025383
-0.018467
-0.106325
-0.153486
-0.068624
-0.449914
-0.384739
-0.053716
-0.292526
-0.322026
0.106520
0.438878
0.349277
-0.006932
0.278636
0.862612
0.473437
-0.093837
0.216442
0.618221
0.287702
-0.411398
-0.423443
0.126126
0.250199
-0.211072
-0.690112
-0.424982
0.041927
0.118904
-0.115710
-0.197406
0.108265
0.520778
0.485413
0.048405
-0.234851
-0.151827
0.149605
0.102629
-0.261067
-0.411562
-0.092064
0.200050
-0.090037
-0.679946
-0.668370
0.134085
0.791065
0.455943
-0.336975
-0.421590
0.298779
0.848184
0.476883
-0.333816
-0.566205
-0.168948
0.103603
-0.025615
-0.333246
-0.370705
-0.104975
0.125934
0.062060
-0.086405
-0.007052
0.315525
0.526609
0.137644
-0.331908
-0.253045
0.143556
0.219222
-0.182193
-0.524956
-0.367615
-0.177417
-0.060432
-0.295770
-0.284731
-0.015508
-0.037984
0.004586
-0.080998
0.158723
0.075318
-0.012822
-0.122887
-0.224690
-0.334160
-0.102723
0.513183
0.722809
0.475983
-0.162322
0.029577
0.279217
0.323513
0.173925
0.294479
0.713613
0.632471
-0.071464
-0.621124
-0.326624
0.302933
0.581441
0.103906
-0.472249
-0.598188
-0.173520
0.227960
0.246211
-0.065746
-0.190961
-0.085396
0.078640
-0.047622
-0.172211
0.067666
0.399792
0.237210
-0.474656
-0.781894
-0.278999
0.440621
0.288747
-0.418380
-0.801097
-0.305894
0.346348
0.484654
0.141660
-0.140888
-0.004995
0.170800
0.104354
-0.197227
-0.260176
0.011592
0.270958
0.030630
-0.468666
-0.567952
-0.001167
0.536129
0.433297
-0.272899
-0.650767
-0.250511
0.239978
0.348039
0.069278
-0.099597
-0.072790
-0.030950
-0.134861
-0.231576
-0.251174
-0.146828
0.065926
0.069770
-0.162236
-0.425905
-0.296540
0.098071
0.328139
0.230196
-0.083231
-0.265811
-0.211674
-0.018402
0.102317
0.189164
0.220751
0.189637
0.166409
0.124620
0.118016
0.143242
0.138415
0.161561
0.206009
0.289822
0.306673
0.210672
0.045809
-0.010033
0.105988
0.151393
0.047239
-0.100515
-0.057327
0.132272
0.266304
0.095998
-0.196019
-0.249936
0.049214
0.423386
0.448981
0.183546
-0.037992
-0.025116
0.135359
0.123637
-0.070510
-0.267167
-0.386477
-0.371490
-0.252505
-0.094287
-0.015787
-0.066034
-0.109399
-0.043178
0.001417
0.013323
0.053207
0.151744
0.248813
0.207055
0.018947
-0.274949
-0.428151
-0.375556
-0.169624
0.041536
0.030986
-0.118899
-0.202114
-0.069738
0.112448
0.237116
0.132256
0.031490
-0.013791
0.038964
0.141412
0.096994
-0.166710
-0.597207
-0.681868
-0.466384
-0.039490
0.096893
-0.072197
-0.103128
0.141459
0.409107
0.328306
-0.009514
-0.235659
-0.139201
0.097312
0.205744
0.099670
-0.071715
-0.238795
-0.245333
-0.168988
-0.021823
0.136473
0.247534
0.206264
0.120316
0.086581
0.140967
0.271784
0.276395
0.159296
-0.011052
-0.094855
-0.034196
0.086498
0.130145
0.118554
-0.012274
-0.141511
-0.133567
0.137271
0.436684
0.412146
0.098822
-0.177787
-0.161854
0.063181
0.297854
0.338721
0.150710
-0.138729
-0.192491
-0.061405
0.065881
0.026117
-0.060341
-0.069961
-0.004343
0.031966
0.044890
0.081048
0.092164
0.085064
-0.034205
-0.106055
-0.126039
0.009776
0.092889
0.125336
0.085658
-0.079264
-0.158585
-0.162274
-0.014945
0.162513
0.215295
0.074374
-0.079354
-0.156578
-0.104033
0.035492
0.121216
0.109847
-0.015553
-0.150631
-0.155977
-0.017582
-0.039221
-0.165937
-0.176215
-0.057107
0.068070
-0.040093
-0.166642
-0.132284
-0.023275
0.019668
-0.031716
-0.110979
-0.132771
-0.035216
0.090525
0.093973
-0.073032
-0.227749
-0.184234
-0.039591
-0.018877
-0.042971
-0.061330
-0.041628
-0.032352
-0.066432
-0.041735
0.003933
0.028049
0.048046
0.076762
0.058417
0.037690
-0.008411
-0.018966
-0.021317
-0.030635
-0.011067
0.007917
0.005013
-0.004281
0.075579
0.148733
0.125805
-0.001377
-0.095249
-0.044593
0.057226
0.120093
0.117551
0.012030
-0.076712
-0.102438
0.004542
0.102117
0.084152
0.028653
0.033656
0.078340
0.055121
0.053993
0.047886
0.071238
0.045082
0.019445
0.012378
0.001446
0.010211
0.055356
0.094841
0.036082
-0.019854
-0.028322
0.056716
0.116704
0.101755
0.049438
-0.011539
0.002839
0.016394
0.038456
0.017818
-0.032695
-0.043789
-0.036859
0.000187
0.006944
-0.026489
-0.036908
-0.019411
-0.018348
-0.052631
-0.085705
-0.088763
-0.070172
-0.035569
0.009916
0.014552
-0.027164
-0.050617
-0.074902
-0.077126
-0.075831
-0.047705
-0.005556
-0.026625
-0.065897
-0.087632
-0.075836
-0.052392
-0.017122
0.005198
0.009746
-0.001686
-0.050257
-0.065280
-0.023582
0.010229
-0.014674
-0.078324
-0.149252
-0.148520
-0.040543
0.026401
0.046222
0.009892
-0.088508
-0.114733
-0.061869
-0.017472
0.005277
0.024528
0.010734
0.008514
0.009123
-0.004075
-0.012832
-0.026420
-0.046791
-0.032882
0.014220
0.042223
0.081278
0.092549
0.023631
-0.057524
-0.087459
-0.055095
0.003733
0.049431
0.087433
0.095303
0.031382
-0.071281
-0.062683
0.021351
0.068100
0.072910
0.021093
-0.022292
-0.030159
0.001344
0.045696
0.071986
0.027883
0.000037
0.043488
0.070477
0.053713
-0.044422
-0.090079
-0.039302
0.067734
0.095801
-0.001292
-0.065865
-0.023734
0.055141
0.040623
-0.054376
-0.137413
-0.097415
0.020702
0.089556
0.075624
0.017057
-0.017615
-0.019685
-0.020618
-0.022648
-0.043283
-0.025206
0.047413
0.106426
0.090396
0.015895
-0.051756
-0.075227
-0.076630
-0.099387
-0.077677
0.001930
0.072574
0.064654
0.022080
-0.047195
-0.108422
-0.113481
-0.078337
0.006383
0.069674
0.072668
0.019404
-0.076976
-0.137313
-0.120103
-0.047997
0.033030
0.053610
0.022463
-0.000014
0.014652
0.024582
0.035503
0.052696
0.082509
0.068602
0.001754
-0.036932
-0.007054
0.063648
0.058985
0.012507
-0.004529
0.019913
0.049836
0.037518
0.000324
-0.006920
0.022888
0.053204
0.034316
-0.025184
-0.042676
0.015063
0.080520
0.067236
0.009551
-0.009916
0.025272
0.055633
0.039425
0.025811
0.016522
-0.001647
-0.014920
-0.027847
-0.029685
-0.025409
-0.003665
0.001966
0.006997
0.026408
0.058116
0.080899
0.037539
-0.005506
-0.007830
0.027043
0.065560
0.060120
0.039744
0.015795
-0.005154
-0.016053
-0.008897
0.015241
0.031572
0.023492
-0.015389
-0.018575
0.023711
0.049658
0.035394
0.003987
-0.012223
-0.020092
-0.045673
-0.054652
-0.020098
0.004863
-0.013242
-0.038775
-0.038555
-0.010569
0.022980
0.033111
0.026325
0.009178
-0.003053
0.024442
0.070026
0.060548
-0.018261
-0.072135
-0.046622
0.031700
0.113128
0.120556
0.054539
-0.032555
-0.071979
-0.047447
0.022328
0.057678
0.017252
-0.025396
-0.007069
0.070386
0.099242
0.033500
-0.053617
-0.066365
-0.017116
0.031845
0.042023
0.023229
0.015590
0.009909
-0.021135
-0.043656
-0.017313
0.030582
0.080473
0.076806
0.013335
-0.057885
-0.072567
-0.036414
-0.027247
-0.020932
-0.001511
0.021857
0.025446
-0.018365
-0.052704
-0.038849
-0.002604
0.029993
0.026913
-0.007081
-0.010843
0.035432
0.078139
0.051165
-0.033007
-0.089995
-0.070915
0.003889
0.061179
0.048730
0.010177
-0.015241
-0.044031
-0.063633
-0.049752
0.004915
0.053969
0.037187
-0.018195
-0.056686
-0.047922
-0.013880
0.013804
0.015411
-0.020453
-0.049843
-0.041085
0.004386
0.024072
-0.006693
-0.029168
-0.022215
-0.002829
-0.005656
0.002343
0.042530
0.068581
0.039407
-0.013331
-0.041547
-0.038267
-0.014348
-0.005283
-0.015347
-0.034031
-0.033471
-0.025213
-0.030055
-0.018837
0.008268
0.033711
0.038239
0.023287
0.004893
-0.014555
-0.006336
0.020004
0.019772
-0.017331
-0.036046
-0.013776
-0.003331
-0.019960
-0.044262
-0.034212
-0.010918
-0.010939
-0.011354
0.000245
0.008882
0.002649
-0.001644
0.002525
-0.001148
-0.014525
-0.011322
0.009649
0.024147
0.004346
-0.024902
-0.011110
0.004783
-0.004874
-0.021008
-0.015810
0.007001
0.010442
-0.007867
-0.013068
0.011382
0.006300
-0.031494
-0.046530
-0.027042
0.012783
0.033846
0.014159
-0.006550
-0.024798
-0.050087
-0.038142
-0.023516
-0.039552
-0.039976
-0.021073
0.010680
0.008821
-0.046332
-0.064313
-0.026155
0.011287
0.020050
0.019203
0.013738
-0.001598
-0.022473
-0.043847
-0.038962
-0.025348
-0.020606
-0.032424
-0.047215
-0.059912
-0.050844
-0.006946
0.019390
0.005319
-0.034323
-0.045051
-0.006975
0.034943
0.041821
0.016365
-0.019487
-0.046220
-0.036657
-0.003920
0.013127
-0.000508
-0.027899
-0.025683
-0.017612
-0.013572
-0.009025
-0.006846
-0.008709
-0.004877
0.012376
0.004750
-0.023457
-0.039685
-0.017571
0.016415
0.030720
0.034768
0.029820
0.003071
-0.025081
-0.029693
-0.019022
-0.011701
-0.003213
0.003248
0.012167
0.021299
0.019142
0.021017
0.027128
0.016188
-0.018401
-0.039067
-0.022938
0.018965
0.022730
-0.009107
-0.026774
-0.023880
-0.003504
0.010979
0.011123
-0.007603
-0.020700
-0.014815
0.000616
0.015157
0.020523
0.026718
0.014173
-0.010349
-0.029089
-0.024314
-0.008325
0.005737
0.007825
-0.014500
-0.012512
0.012525
0.030420
0.021209
0.004757
-0.003542
-0.007565
-0.016393
-0.022593
-0.010907
0.006689
0.021085
0.028993
0.016156
-0.020095
-0.041633
-0.027851
0.006132
0.019522
0.003932
-0.014961
-0.009790
0.008381
0.026782
0.044099
0.043408
0.022486
-0.010407
-0.033646
-0.019204
0.012383
0.025238
0.003390
-0.039453
-0.050000
-0.017738
0.011810
0.012448
-0.000435
-0.009477
-0.000172
0.014549
0.038112
0.044209
0.013428
-0.007672
-0.014014
-0.014224
-0.007679
0.002772
0.008562
0.007574
-0.012466
-0.028736
-0.008617
0.036000
0.058368
0.043917
0.026027
0.019344
0.023533
0.030323
0.038127
0.044695
0.042032
0.012691
-0.010497
-0.024035
-0.030092
-0.003779
0.021534
0.029753
0.010323
-0.022697
-0.018888
0.021251
0.046645
0.038494
0.025615
0.025344
0.034628
0.025903
0.018848
0.037229
0.037950
0.018417
-0.000406
-0.005360
-0.004244
0.002849
0.013772
0.008239
0.014311
0.030901
0.043042
0.035908
0.007594
-0.006324
0.001714
0.023673
0.037466
0.035482
0.018076
0.008686
0.020268
0.010854
-0.029999
-0.038150
-0.010600
0.008438
0.000472
-0.018495
-0.011470
0.010111
0.030415
0.038616
0.033583
0.008707
-0.003314
-0.002842
-0.008521
-0.009685
0.003848
0.024820
0.023551
-0.004946
-0.031923
-0.028055
-0.001166
0.021985
0.012468
-0.016426
-0.027456
-0.012506
0.005043
0.016298
0.020177
0.027456
0.033595
0.028331
0.015147
0.004263
0.007218
0.008633
0.002628
-0.010074
-0.018729
-0.010834
0.002606
0.009683
-0.007085
-0.027112
-0.012214
0.026113
0.041698
0.024643
0.005443
0.005914
0.022390
0.032755
0.027923
0.020090
0.013199
0.005127
-0.008062
-0.021552
0.004189
0.037754
0.036669
0.011610
-0.010568
-0.002843
0.018800
0.041152
0.048757
0.035755
0.020687
0.009608
0.001979
-0.008828
-0.018899
-0.008802
0.015215
0.017646
-0.009562
-0.034377
-0.026718
0.004220
0.013707
-0.000502
-0.005691
0.014141
0.035056
0.021942
0.001355
-0.003923
-0.003612
-0.004938
-0.013163
-0.023436
-0.032328
-0.040349
-0.033554
-0.032449
-0.036105
-0.024940
-0.012261
-0.012413
-0.022085
-0.025633
-0.014111
0.015675
0.020641
-0.003348
-0.033175
-0.046550
-0.027778
-0.007854
-0.010662
-0.020848
-0.023701
-0.028045
-0.030766
-0.026466
-0.030611
-0.026767
-0.012624
0.005573
0.008326
-0.021796
-0.040100
-0.025444
-0.005264
-0.005673
-0.017863
-0.025477
-0.009938
-0.001657
-0.007290
-0.006835
0.001072
0.006837
0.002865
-0.008319
-0.020842
-0.018931
-0.003481
0.008599
0.007235
0.001677
0.003406
0.009824
0.001481
-0.016099
-0.018656
-0.008538
0.003472
0.005416
-0.012884
-0.018857
-0.003649
0.011238
0.007138
-0.018042
-0.036555
-0.030986
-0.020797
-0.019818
-0.017059
-0.005179
0.003404
0.000672
-0.012543
-0.017126
-0.005639
0.002179
-0.001444
-0.007884
-0.018873
-0.034526
-0.028718
-0.014382
-0.010995
-0.025163
-0.036676
-0.038641
-0.039231
-0.039384
-0.028540
-0.011981
-0.014204
-0.015828
-0.018525
-0.016427
-0.004463
0.003511
-0.004783
-0.034087
-0.041239
-0.030575
-0.025858
-0.027498
-0.035680
-0.037181
-0.035165
-0.022791
-0.013590
-0.021476
-0.031893
-0.020131
0.004909
0.005234
-0.016436
-0.028909
-0.021550
-0.019097
-0.029522
-0.031419
-0.033671
-0.025319
-0.006083
0.003577
0.007290
0.001943
0.005422
0.017941
0.028732
0.033403
0.035229
0.029132
0.016203
-0.003490
-0.024106
-0.016961
-0.002153
-0.002123
-0.008454
-0.012264
0.002420
0.012467
0.016651
0.024867
0.021423
0.022532
0.018449
0.009290
0.004336
0.000224
-0.000616
-0.006844
-0.028898
-0.043077
-0.037402
-0.016499
0.009099
0.014119
0.004732
-0.000612
0.013669
0.028272
0.031813
0.021385
0.017176
0.020670
0.010046
-0.001514
-0.011891
-0.015262
-0.018308
-0.023434
-0.023613
-0.026842
-0.022693
-0.007851
0.007028
0.016494
0.015585
0.022906
0.029972
0.024949
0.009574
0.003129
-0.000654
-0.009969
-0.016698
-0.021417
-0.024382
-0.019541
-0.002230
0.006079
0.000251
-0.009331
-0.001720
0.004324
0.003610
0.017297
0.034853
0.029982
0.019054
0.003759
-0.004736
0.000041
0.007065
0.020087
0.019611
0.007180
0.005053
0.015772
0.009105
0.000772
-0.005286
0.002350
0.025068
0.039406
0.037776
0.025441
0.016042
0.021715
0.033335
0.035942
0.032285
0.023238
0.016161
0.003748
-0.007298
-0.010612
0.006470
0.020106
0.014535
-0.005909
-0.023317
-0.008475
0.016955
0.031284
0.032366
0.032351
0.031650
0.023826
0.006780
0.009040
0.021232
0.019151
0.009751
-0.013152
-0.022002
-0.015301
-0.003536
0.006793
0.005493
-0.003796
-0.006776
0.006632
0.018946
0.024212
0.012750
0.011852
0.021557
0.009832
-0.008645
-0.012921
-0.002044
0.003336
0.012733
0.019962
0.008916
-0.005481
-0.003451
0.011767
0.009641
0.002089
0.010111
0.017844
0.010104
0.003203
0.010950
0.013572
0.009077
0.006139
0.002419
-0.000556
0.001831
-0.002969
-0.012633
-0.006653
0.006075
0.015487
0.015623
0.016401
0.034280
0.041130
0.034067
0.028695
0.018206
0.003522
0.000061
0.010555
0.008727
-0.006268
-0.009006
0.002740
0.000691
-0.009384
-0.002444
0.015649
0.016529
0.004101
0.013392
0.022714
0.021281
0.015446
0.013715
0.018618
0.012874
0.009224
-0.004490
-0.014804
-0.011551
-0.002420
0.003072
0.006641
0.014550
0.019123
0.026229
0.021295
0.012980
0.006989
0.001582
-0.000441
-0.000885
-0.001373
-0.004454
-0.013370
-0.012496
0.001028
0.014338
0.010972
-0.002805
-0.009810
-0.013626
-0.011824
-0.002897
0.019023
0.023018
0.011829
-0.003095
-0.000735
0.009608
