0.008895
0.008776
0.008923
0.007800
0.008233
0.008913
0.010016
0.009768
0.009436
0.010341
0.010212
0.010201
0.010838
0.013162
0.014414
0.013846
0.014844
0.016609
0.017136
0.015907
0.014015
0.012022
0.011959
0.011116
0.010545
0.010376
0.009574
0.009935
0.008586
0.008707
0.009061
0.010872
0.013489
0.015423
0.016538
0.016924
0.017577
0.016915
0.017502
0.016685
0.015682
0.014493
0.014022
0.015182
0.014825
0.014647
0.014384
0.014967
0.016368
0.016534
0.014232
0.011962
0.012648
0.013337
0.012467
0.009897
0.011447
0.013215
0.012248
0.012303
0.013419
0.016284
0.016422
0.015847
0.018417
0.018637
0.014573
0.011380
0.010336
0.011933
0.011838
0.010555
0.008107
0.005003
0.002702
0.003463
0.006286
0.007080
0.006786
0.009095
0.010288
0.009451
0.008700
0.009572
0.011295
0.010977
0.011411
0.010625
0.009036
0.006430
0.004722
0.004751
0.005912
0.003222
0.003418
0.002195
0.005242
0.004998
0.004007
0.001789
0.004511
0.001467
-0.002794
-0.007475
-0.003825
-0.000070
0.000453
-0.000219
-0.000148
0.006105
0.004511
0.013091
0.003431
0.009797
-0.006855
0.009699
-0.006294
0.008634
-0.019296
-0.001258
-0.024826
-0.005728
-0.062459
-0.079334
-0.018750
-0.191326
-0.184683
-0.116111
-0.104662
-0.275099
-0.057344
0.110729
0.118234
-0.028184
0.104088
0.487651
0.312958
0.050439
0.146255
0.530997
0.396422
0.001936
-0.043609
0.167462
0.081565
-0.305629
-0.614371
-0.468079
-0.165293
-0.099849
-0.168231
-0.091700
0.127222
0.340632
0.325377
0.108835
0.012819
0.122287
0.312117
0.210810
-0.114549
-0.413736
-0.345677
-0.168159
-0.266095
-0.523735
-0.465607
0.015579
0.415399
0.318474
-0.076553
-0.054949
0.398555
0.683383
0.371301
-0.203927
-0.409560
-0.191006
-0.003776
-0.172715
-0.456778
-0.572654
-0.315815
0.052567
0.205869
0.054848
0.042979
0.237127
0.430772
0.312914
-0.098362
-0.095517
-0.071905
-0.047477
-0.313785
-0.609181
-0.534216
-0.334279
-0.238828
-0.197516
-0.371281
-0.207182
0.125770
0.284035
0.432009
0.367954
0.477810
0.498577
0.445203
0.073847
-0.114483
-0.118522
0.062687
0.136660
0.022942
-0.113411
-0.211699
-0.125049
0.034860
0.242253
0.291415
0.254662
0.248348
0.336837
0.337174
0.315667
0.190211
0.005303
-0.293012
-0.543027
-0.567378
-0.507634
-0.369698
-0.136331
0.071042
0.127011
-0.063538
-0.163662
0.079359
0.390148
0.527724
0.367442
0.063323
-0.172562
-0.245852
-0.223438
-0.259766
-0.357866
-0.429191
-0.307601
-0.076763
0.050620
0.025221
-0.047247
0.001759
0.079809
0.164308
0.137420
0.083910
0.065241
0.202092
0.303045
0.151011
-0.192434
-0.441747
-0.377668
-0.339767
-0.250221
-0.164693
-0.074954
-0.174556
-0.403344
-0.344846
0.092953
0.366035
0.282952
-0.110909
-0.219478
0.037075
0.147661
0.033308
-0.102571
0.152994
0.425470
0.488581
0.153191
-0.035691
-0.035620
0.165512
0.311324
0.287885
0.268085
0.189461
0.219547
0.164555
0.029555
-0.081160
0.004546
0.170918
0.165680
0.053438
0.050122
0.323671
0.558917
0.242121
-0.211740
-0.400681
-0.183929
0.062816
0.058360
-0.030558
-0.071704
-0.070416
-0.058502
0.016751
0.041741
0.030622
0.048796
0.096204
0.086305
-0.030087
-0.214114
-0.267603
-0.251600
-0.092307
-0.054933
-0.168225
-0.190737
-0.116377
-0.024835
-0.043558
-0.030715
0.063768
0.150085
0.071331
-0.012087
-0.121603
-0.203478
-0.479856
-0.467881
-0.364482
-0.285056
-0.125815
-0.074197
0.205278
0.270170
0.244222
0.059085
0.011698
0.024206
0.090142
0.211049
0.155351
-0.078632
-0.325609
-0.260065
-0.025597
0.111483
-0.026543
-0.097228
0.042088
0.207039
0.181439
0.031353
-0.075592
0.091771
0.255876
0.287581
0.064149
-0.136025
-0.045708
0.104678
0.169055
-0.021011
-0.118196
-0.037078
0.175271
0.241846
0.160124
0.050295
0.048866
0.169291
0.147801
0.080591
0.064209
0.178704
0.249534
0.105069
-0.086032
-0.132094
-0.016107
0.088099
0.083644
0.034125
0.003118
0.106424
0.143393
0.100436
0.036133
-0.036953
0.040985
0.097038
-0.027415
-0.202054
-0.259519
-0.148224
-0.004362
-0.119229
-0.321387
-0.397867
-0.234872
0.024888
0.136139
0.060910
-0.095905
-0.103853
0.006211
0.107363
0.086098
-0.012840
-0.133924
-0.213770
-0.208665
-0.165271
-0.137136
-0.194956
-0.202595
-0.121233
0.028638
0.085160
0.029949
-0.033684
-0.051442
0.030725
0.172518
0.157590
-0.062415
-0.185300
-0.208286
-0.026097
0.031523
-0.068566
-0.140238
-0.103960
0.066413
0.161326
0.075972
-0.166777
-0.228613
-0.086161
0.179673
0.242465
0.070155
-0.131152
-0.218131
-0.110775
-0.010770
0.026770
0.008906
0.061698
0.143676
0.192823
0.120682
0.024260
0.037024
0.089947
0.124053
0.117422
0.130159
0.154328
0.147540
0.049835
-0.037503
-0.062681
-0.019281
0.014903
0.005164
-0.021101
0.045249
0.150377
0.163972
0.098229
0.026565
0.061913
0.098911
0.028459
-0.103541
-0.122879
-0.025052
0.106572
0.100903
-0.042406
-0.130788
-0.062444
0.075724
0.087459
-0.041428
-0.173267
-0.082348
0.076775
0.136441
0.065952
-0.046224
-0.023759
0.034824
0.082983
0.052120
-0.026331
-0.069499
-0.050761
-0.017170
-0.022819
-0.020503
0.027647
0.057473
-0.029940
-0.141275
-0.128477
-0.010047
0.061474
0.004281
-0.088933
-0.062771
0.020920
0.035203
-0.045777
-0.103601
-0.059981
0.014978
0.009900
-0.028294
-0.004381
0.080600
0.138392
0.006690
-0.215725
-0.273179
-0.062570
0.186691
0.192861
-0.013120
-0.137066
-0.106510
0.008363
0.115685
0.086282
-0.040773
-0.143434
-0.106743
-0.025044
0.023667
0.049945
0.111202
0.085133
-0.107382
-0.247187
-0.140255
0.149209
0.263631
0.111310
-0.117557
-0.153141
-0.013464
0.130399
0.154863
0.026841
-0.088978
-0.083264
0.034105
0.054872
-0.041416
-0.078698
0.042247
0.143534
0.059085
-0.083801
-0.070181
0.053481
0.105034
0.075510
0.003030
0.002828
0.076135
0.128420
0.071248
-0.068271
-0.106885
-0.009736
0.103091
0.092290
0.015950
0.006287
0.038313
0.051223
0.011452
-0.002602
0.023969
0.088765
0.104034
0.048490
0.002495
-0.010187
0.008983
0.025008
0.028874
0.041788
0.075367
0.040004
-0.033459
-0.105306
-0.061068
0.081316
0.163233
0.113835
-0.023894
-0.078523
-0.038512
-0.014686
-0.065321
-0.115961
-0.064637
0.066966
0.114966
0.016437
-0.111897
-0.132367
-0.067687
-0.009353
-0.033104
-0.076768
-0.050522
-0.002291
0.036432
0.013784
-0.022998
-0.054556
-0.072014
-0.065847
-0.056024
-0.012488
0.030207
0.058630
0.043216
-0.041194
-0.136161
-0.165239
-0.099722
0.013080
0.103099
0.100746
0.012578
-0.092290
-0.131406
-0.057410
0.017999
0.048995
0.016422
-0.033524
-0.018676
0.045363
0.103823
0.046160
-0.063707
-0.139601
-0.104382
-0.000796
0.082373
0.114513
0.074457
0.001277
-0.063253
-0.067725
-0.012182
0.041220
0.058957
0.064500
0.060189
0.056853
0.039063
0.026412
0.018074
0.015779
0.008622
0.006662
-0.010154
-0.012161
0.036756
0.087987
0.083545
-0.032210
-0.116172
-0.073074
0.022389
0.068523
0.009326
-0.064629
-0.070711
-0.021481
0.028338
0.017792
-0.019953
-0.056402
-0.060795
-0.063037
-0.064297
-0.049686
-0.026853
-0.004524
-0.035843
-0.057351
-0.043161
-0.001426
0.043744
0.009244
-0.058827
-0.078567
-0.020387
0.066517
0.052016
-0.048532
-0.136058
-0.115196
-0.031305
0.024116
0.027127
-0.005679
-0.021877
-0.054477
-0.052846
-0.008978
0.019613
0.001764
-0.026463
-0.030238
-0.004709
0.035263
0.058578
0.044878
-0.038955
-0.106966
-0.098368
-0.021290
0.066213
0.088070
0.047536
-0.013288
-0.044437
-0.035415
0.010747
0.071665
0.096655
0.053227
-0.005386
-0.020772
-0.012570
0.006694
0.006962
0.000249
0.001209
0.011946
0.033771
0.050483
0.036165
-0.006158
-0.021945
0.011989
0.056552
0.068965
0.048302
0.012724
0.004471
0.006743
-0.010477
-0.041595
-0.063255
-0.049707
-0.002467
0.037609
0.047979
0.031216
-0.009735
-0.029557
-0.013963
0.008361
0.014704
0.003391
-0.007474
-0.015948
-0.002855
0.020655
0.000805
-0.046345
-0.078618
-0.054967
0.001018
0.050860
0.054623
0.014261
-0.042869
-0.063595
0.005034
0.085032
0.090230
0.025168
-0.034406
-0.051597
-0.022005
0.008907
0.028890
0.026666
0.004627
-0.031745
-0.042085
-0.004436
0.018998
0.022008
0.002399
0.013009
0.042836
0.057929
0.050642
0.030738
0.020935
0.013605
-0.001100
-0.009800
0.002677
0.020699
0.020185
0.011516
0.010852
0.013894
0.015300
0.009192
0.026667
0.043327
0.047870
0.046062
0.040038
0.020513
-0.012317
-0.012398
0.003649
0.008089
0.004178
-0.014779
-0.028858
-0.039756
-0.030059
0.010726
0.048182
0.066908
0.052756
0.011240
-0.033428
-0.018982
0.035363
0.066326
0.044482
-0.012472
-0.050079
-0.062596
-0.035290
0.002573
0.022926
-0.004197
-0.047388
-0.044807
0.005827
0.056689
0.053430
0.020393
-0.007372
-0.003208
0.002643
0.010847
0.019361
0.006843
-0.036917
-0.071976
-0.057072
-0.027028
-0.001204
0.011696
0.003231
-0.018710
-0.047908
-0.032756
0.018129
0.035080
0.011734
-0.015992
-0.009562
0.012322
0.014595
-0.008020
-0.020604
-0.026426
-0.030700
-0.023644
-0.012378
-0.003005
-0.007782
-0.006390
-0.004082
0.002800
0.011123
0.022277
0.032216
0.011113
-0.001256
-0.001499
0.005032
0.002379
-0.029643
-0.054465
-0.051753
-0.022254
0.010687
0.005803
-0.029661
-0.067837
-0.054324
-0.006407
0.026613
0.036370
0.033858
0.030280
0.010866
-0.010731
-0.021997
-0.005503
-0.000616
-0.009088
-0.015821
-0.013036
-0.002120
0.010927
0.013880
0.000833
-0.010802
-0.005617
0.029473
0.067209
0.064831
0.017501
-0.018994
-0.024089
-0.002835
0.003953
-0.005955
-0.014443
-0.018394
-0.012128
-0.006510
-0.006645
-0.008939
-0.011785
0.002604
0.023935
0.039598
0.036756
-0.001132
-0.040953
-0.050661
-0.023193
0.005670
0.003938
-0.011436
-0.023994
-0.033765
-0.029699
-0.016220
-0.004487
-0.000763
0.010751
0.018779
0.027272
0.015185
0.001055
0.007453
0.009931
0.000108
-0.027040
-0.046562
-0.038766
-0.014552
-0.001479
-0.016391
-0.040477
-0.050009
-0.040760
-0.013339
0.014665
0.033563
0.027228
-0.006026
-0.031875
-0.008464
0.020998
0.028825
0.003429
-0.011702
-0.005465
-0.008371
-0.020544
-0.034510
-0.028274
-0.020258
-0.002866
0.018567
0.035535
0.027993
0.022404
0.031709
0.038433
0.021317
0.001596
0.005826
0.023797
0.027821
-0.001614
-0.021517
-0.015345
0.006819
0.016508
0.012290
0.005686
0.006418
0.008889
0.007846
0.005754
0.005364
0.019715
0.038053
0.043306
0.024108
-0.011110
-0.030339
-0.028115
-0.017921
-0.008888
0.008333
0.039050
0.045590
0.009022
-0.035090
-0.042902
-0.010007
0.024313
0.034760
0.019302
0.015791
0.031540
0.042440
0.031443
0.012936
0.011622
0.015065
0.020364
0.011011
0.003865
-0.015735
-0.038098
-0.041115
-0.013456
0.012735
0.007543
0.005631
0.007573
0.011656
0.011186
0.011721
0.018320
0.014521
0.006097
0.013437
0.029186
0.029931
-0.003181
-0.028736
-0.026489
-0.004837
0.024702
0.038533
0.028237
0.017737
0.015198
0.010104
0.005727
-0.002888
0.006163
0.013852
0.018685
0.017884
0.009636
-0.003876
-0.021354
-0.025523
-0.030331
-0.042127
-0.027897
-0.002399
0.009216
-0.003144
-0.021572
-0.012898
0.006546
0.020194
0.000795
-0.021985
-0.034796
-0.026421
-0.018214
-0.016283
-0.010877
-0.005786
0.008250
0.004644
-0.007249
-0.009082
-0.005225
0.011723
0.011770
0.005697
0.002149
-0.004399
-0.005349
-0.015565
-0.021900
-0.030569
-0.025907
-0.005379
0.017837
0.016676
0.010721
0.009851
0.008422
-0.005385
-0.029058
-0.028561
-0.014026
-0.001278
-0.000846
-0.008429
-0.010235
-0.001814
0.007087
-0.002775
-0.017779
-0.016847
0.000122
0.028640
0.037653
0.029864
0.018445
0.017413
0.019646
0.013093
-0.003073
-0.020836
-0.030620
-0.039706
-0.039389
-0.026816
-0.012356
0.003501
0.008798
0.010411
0.006812
0.006856
0.017148
0.001014
-0.019778
-0.034121
-0.032304
-0.023376
-0.033307
-0.046524
-0.051037
-0.046589
-0.035691
-0.021043
-0.011352
-0.005353
0.005916
0.017468
0.020822
0.007474
-0.004492
-0.004963
-0.010312
-0.020817
-0.035275
-0.042321
-0.041518
-0.032689
-0.032427
-0.042547
-0.043261
-0.027423
-0.001903
0.007235
0.010064
0.006340
0.003809
0.001409
-0.003131
-0.005441
-0.012502
-0.019647
-0.023612
-0.027002
-0.027013
-0.029562
-0.030003
-0.027100
-0.018758
-0.009370
-0.010991
-0.006093
0.001144
0.010470
0.001799
-0.005890
-0.002665
0.003396
0.002118
-0.008136
-0.007065
-0.006235
-0.010156
-0.004921
0.006817
0.019990
0.022429
0.019336
0.014869
0.010613
0.011365
0.019852
0.028553
0.021272
0.004120
-0.006755
-0.002635
0.000085
0.003149
0.002539
0.005640
0.011956
0.018752
0.013832
0.013296
0.016433
0.021180
0.022987
0.014372
0.002208
-0.014117
-0.012237
0.005290
0.028094
0.029163
0.006545
-0.014927
-0.015231
-0.001607
0.013108
0.016772
0.004883
-0.006455
-0.011943
-0.008285
0.001353
0.018868
0.018871
-0.001475
-0.019998
-0.028648
-0.017264
-0.002674
0.010012
0.009341
-0.005637
-0.011842
-0.009937
-0.008242
-0.007976
-0.000224
0.004650
0.001367
-0.006303
-0.011183
-0.014239
-0.014257
-0.003061
0.008915
0.005016
0.003007
0.013019
0.021680
0.028837
0.025528
0.024525
0.021095
0.021050
0.011679
-0.002589
-0.008459
0.002260
0.026685
0.032590
0.026478
0.020852
0.014934
0.015061
0.020548
0.032322
0.043802
0.048035
0.048584
0.039251
0.031177
0.027381
0.033048
0.028906
0.014099
0.003623
0.001844
0.009393
0.017271
0.020921
0.019298
0.021994
0.032814
0.041323
0.042804
0.031435
0.024656
0.026158
0.020301
0.007506
-0.005272
-0.014882
-0.018957
-0.015366
-0.017739
-0.024140
-0.027858
-0.019829
-0.003636
0.010416
0.015014
0.016166
0.019525
0.021389
0.018378
0.003932
-0.006154
-0.001263
-0.006181
-0.022378
-0.045279
-0.047735
-0.038558
-0.040242
-0.037950
-0.030037
-0.013753
0.000709
0.011124
0.014756
0.011437
0.008547
0.017720
0.024927
0.008860
-0.010222
-0.021238
-0.024501
-0.023747
-0.031130
-0.027781
-0.017186
0.000639
0.012792
0.002861
0.000214
0.011412
0.033120
0.044787
0.039257
0.033474
0.029706
0.031192
0.024348
0.015285
-0.000636
-0.010984
-0.007141
-0.001616
0.005274
-0.002948
-0.001516
0.005909
0.016911
0.022006
0.015596
0.018472
0.016741
0.013059
0.009810
0.007786
0.006636
-0.002224
-0.013610
-0.028424
-0.039625
-0.031410
-0.016672
-0.008433
-0.009162
-0.014511
-0.023441
-0.028247
-0.021079
-0.005452
-0.000876
-0.006635
-0.011214
-0.018311
-0.020655
-0.009275
0.006054
-0.004372
-0.025794
-0.039829
-0.043298
-0.046280
-0.049576
-0.039659
-0.028828
-0.022571
-0.023705
-0.020397
-0.009163
0.004149
0.016502
0.018573
0.004723
-0.011261
-0.020437
-0.023807
-0.026007
-0.035162
-0.034335
-0.025238
-0.018226
-0.022492
-0.024529
-0.011487
0.007738
0.020476
0.026177
0.027451
0.023271
0.027377
0.030358
0.024696
-0.003314
-0.029572
-0.039274
-0.035164
-0.030875
-0.037530
-0.031270
-0.013526
0.012185
0.017542
0.005558
0.003839
0.023263
0.043600
0.041115
0.024696
0.010811
-0.001042
-0.015469
-0.034397
-0.049044
-0.053341
-0.040446
-0.025694
-0.028734
-0.033681
-0.024440
0.006483
0.025023
0.021343
0.010789
0.013149
0.016787
0.012908
-0.004399
-0.021879
-0.025267
-0.025701
-0.028479
-0.043278
-0.047204
-0.034126
-0.012511
0.000095
-0.002194
-0.006023
0.000386
0.012921
0.020833
0.021311
0.013814
0.003703
-0.003558
-0.018791
-0.037777
-0.046147
-0.034522
-0.014017
-0.006062
-0.008529
-0.008492
0.003391
0.019658
0.026871
0.023180
0.022846
