-0.005431
-0.004200
-0.001784
-0.000579
0.000296
0.004496
0.009238
0.009605
0.006032
0.003348
0.003790
0.006852
0.008096
0.003181
-0.000971
0.000739
0.004788
0.006127
0.002310
-0.001377
-0.001959
0.002250
0.004661
0.009689
0.009212
0.007645
0.005344
0.003209
0.000177
-0.004377
-0.003787
-0.002145
-0.001045
-0.004790
0.000872
0.000924
0.009826
0.007229
0.007777
-0.001255
0.011364
0.010015
0.017282
-0.000990
0.001115
-0.001922
0.004807
-0.012794
-0.015212
-0.009754
-0.016016
-0.032492
-0.163595
-0.020531
-0.244692
-0.323427
-0.023576
-0.012804
-0.061244
0.041815
0.253703
0.300035
-0.038206
-0.181723
0.406239
0.663774
0.436246
0.199682
0.304779
0.340560
-0.124785
-0.524652
-0.400342
0.159400
0.286071
-0.256241
-0.666219
-0.451218
0.037350
0.351048
0.268047
0.052581
0.087422
0.249631
0.300554
0.083477
-0.111171
0.021418
0.206279
-0.013209
-0.571040
-0.701827
-0.151866
0.411810
0.243087
-0.428736
-0.582072
0.104477
0.807056
0.640461
-0.064886
-0.381075
0.048365
0.464211
0.264182
-0.329738
-0.648877
-0.310172
0.166701
0.187183
-0.331506
-0.601245
-0.141882
0.581640
0.660340
0.055222
-0.368644
-0.061498
0.467884
0.483165
0.005933
-0.439659
-0.401221
-0.319577
-0.230887
-0.359446
-0.433687
-0.069992
-0.076732
-0.127439
-0.137530
0.057610
0.333259
0.204318
0.204162
0.242322
0.000283
-0.127795
0.203883
0.414256
0.343112
0.042027
0.247125
0.472508
0.208100
-0.002310
0.059687
0.407284
0.364040
0.028658
-0.278271
-0.228177
-0.021701
0.165566
0.033173
-0.254013
-0.359342
-0.117047
0.321913
0.320677
-0.002613
-0.208814
0.019367
0.276476
0.130177
-0.199959
-0.310034
-0.124451
-0.001736
-0.105383
-0.206990
-0.124058
0.051085
0.064870
-0.056302
-0.068082
0.144593
0.224748
0.123741
-0.047850
-0.095569
-0.028017
-0.031082
-0.050774
-0.172253
-0.235909
-0.182580
0.024870
0.070147
-0.089223
-0.136652
0.062958
0.196760
0.120990
-0.112524
-0.123339
0.030623
0.007291
-0.090030
-0.225272
-0.207183
-0.185103
-0.115367
-0.131533
-0.162215
-0.119651
-0.053573
0.063838
0.079398
-0.069734
-0.107786
-0.105326
-0.007590
-0.100029
-0.199530
-0.165219
-0.034760
0.133280
0.215934
0.307949
0.308141
0.390044
0.325801
0.378363
0.216493
0.121215
0.153096
0.218072
0.272168
0.174869
0.015710
-0.109352
-0.126175
-0.109055
0.015770
0.113902
0.235414
0.234216
0.186675
0.071867
-0.057239
-0.088121
-0.035518
-0.028080
-0.189055
-0.314579
-0.200311
-0.031433
0.043848
-0.028788
-0.101963
-0.097898
-0.058815
-0.011068
0.021246
0.006257
-0.016820
0.020543
-0.052330
-0.164503
-0.249357
-0.178480
-0.084514
-0.025771
-0.069620
-0.124650
-0.111937
-0.012309
0.052831
0.028797
-0.012407
0.020230
0.032470
-0.099991
-0.160761
-0.293266
-0.057112
0.082041
0.048481
-0.074620
-0.120082
0.014678
0.060649
0.021118
-0.015127
0.090182
0.059801
0.182317
0.149422
-0.094524
-0.524642
-0.712400
-0.365167
-0.086728
0.098232
-0.025281
-0.227250
-0.146517
-0.009266
0.125258
0.152752
0.149720
0.188949
0.224798
0.026096
-0.068672
0.108573
0.387640
0.583932
0.375081
-0.029258
-0.245635
0.041913
0.353972
0.341273
0.050865
0.003125
0.242036
0.350662
0.081001
-0.255426
-0.149352
0.077300
0.219504
0.035418
-0.132348
-0.019277
0.200706
0.228689
-0.047304
-0.301230
-0.289582
-0.046384
0.048283
-0.091516
-0.253872
-0.195415
0.054186
0.148084
0.036823
-0.053032
0.035903
0.123703
-0.020839
-0.235657
-0.226159
-0.041603
0.111794
0.075521
-0.081265
-0.195701
-0.255339
-0.200629
-0.111400
0.001699
0.041662
-0.005467
-0.126802
-0.147401
-0.079543
0.034456
0.170070
0.091309
-0.074421
-0.343333
-0.355298
-0.084216
0.082078
0.056851
-0.082128
-0.078733
-0.009524
0.042992
0.018944
0.029029
0.021101
-0.105266
-0.260235
-0.373855
-0.264434
-0.087661
0.054739
0.027345
-0.086688
-0.163314
-0.115435
0.090507
0.294619
0.298873
0.141306
0.012361
-0.018235
0.101696
0.142735
0.172639
0.085235
-0.093299
-0.172859
-0.007783
0.236607
0.285818
0.113348
-0.081860
-0.012337
0.139946
0.263104
0.247285
0.161475
0.067766
-0.010941
-0.006722
0.036943
0.032293
0.020200
0.033354
0.051636
0.068790
0.044576
0.037274
0.050044
0.058724
0.042161
0.018247
-0.055681
-0.120024
-0.061827
0.077560
0.203994
0.162203
-0.047097
-0.180689
-0.102999
0.063468
0.096951
0.048649
-0.003701
0.039093
0.071205
0.069773
0.062724
-0.011412
-0.013000
0.010189
0.044644
0.010728
-0.034053
-0.020941
0.037268
0.013519
-0.025161
-0.044850
-0.051832
-0.006881
-0.022313
-0.057108
-0.059605
0.016427
0.088312
0.080209
-0.061678
-0.156913
-0.176408
-0.101873
-0.022604
-0.025713
-0.037538
-0.053080
-0.047404
-0.123734
-0.151839
-0.086450
0.023319
0.036372
-0.056215
-0.165786
-0.187018
-0.071542
0.042518
0.069854
-0.026151
-0.110273
-0.074994
0.025338
0.063952
0.031688
-0.025974
-0.019400
0.043523
0.036396
0.001207
-0.004121
0.065125
0.102983
0.062298
0.007493
-0.005598
0.053204
0.059508
0.018063
-0.047406
-0.072148
-0.003186
0.098185
0.115069
0.055404
0.041722
0.043552
0.038906
0.001880
-0.022516
0.037537
0.106680
0.116465
0.037218
-0.012445
0.018446
0.080924
0.111123
0.074707
0.048852
0.011830
-0.001175
0.020162
0.087958
0.137866
0.133203
0.071695
-0.018896
-0.040555
0.010288
0.088166
0.084184
0.031418
0.016763
0.042311
0.034632
0.002488
-0.012509
0.033241
0.079806
0.062503
0.005520
-0.053949
-0.069414
-0.028663
0.020855
0.016939
-0.022673
-0.081767
-0.080068
-0.037632
-0.017691
-0.007216
-0.008513
-0.036847
-0.071273
-0.111998
-0.115637
-0.084399
-0.076377
-0.076086
-0.062740
-0.012242
0.020604
0.023035
-0.009834
-0.080201
-0.095390
-0.066272
0.005771
0.069143
0.033235
-0.059725
-0.125992
-0.113673
-0.061304
-0.019622
-0.027159
-0.038715
-0.017579
0.030338
0.048128
0.017869
-0.028426
-0.039655
-0.005017
0.006730
-0.029111
-0.053232
-0.005250
0.077691
0.098877
0.002269
-0.074142
-0.055307
0.020214
0.056532
0.004244
-0.047390
-0.026077
0.044895
0.104992
0.093810
0.014267
-0.025689
-0.008189
0.006943
-0.001943
-0.007481
0.038585
0.070618
0.063455
0.067638
0.060773
0.024568
-0.037722
-0.059661
-0.035057
0.009505
0.075433
0.135338
0.128241
0.021907
-0.072535
-0.082909
-0.025365
0.053181
0.078548
0.058685
0.012709
-0.007616
-0.021880
-0.063319
-0.093444
-0.093010
-0.058471
-0.015037
0.016195
0.043849
0.065241
0.061046
0.037295
-0.017791
-0.052724
-0.069092
-0.048771
0.014150
0.053474
0.046131
-0.012574
-0.058422
-0.075895
-0.073373
-0.071527
-0.049920
-0.001118
0.012177
0.015803
0.013816
-0.000879
-0.031596
-0.066829
-0.076236
-0.071703
-0.051418
-0.032919
-0.000090
0.004268
-0.022983
-0.053403
-0.066973
-0.045619
-0.025495
-0.001942
0.008726
0.052988
0.060862
0.001771
-0.048842
-0.049904
-0.006257
0.016902
0.007042
-0.008342
-0.006745
0.019380
0.046994
0.044500
-0.014933
-0.102177
-0.108500
-0.030997
0.053324
0.069917
0.041353
0.024042
0.021899
0.002676
-0.037191
-0.046691
-0.008649
0.042311
0.064770
0.031997
-0.008175
-0.023652
0.000236
0.045242
0.026352
-0.045196
-0.089595
-0.048172
0.015699
0.027121
0.011486
0.015303
0.026270
0.012495
-0.040996
-0.076676
-0.034462
0.022724
0.065847
0.052996
0.004318
0.028364
0.055921
0.026227
-0.048450
-0.107437
-0.064689
0.065159
0.147326
0.110891
0.009339
-0.072700
-0.069576
-0.026907
-0.001344
-0.014538
-0.002333
0.006884
-0.017255
-0.037182
-0.046407
-0.015777
0.012465
-0.003361
-0.046061
-0.056458
-0.012165
0.047088
0.065422
0.030324
-0.032837
-0.064800
-0.033196
0.018834
0.053703
0.045170
0.031815
0.033532
0.031115
0.028184
0.011683
-0.013496
-0.018755
-0.000717
0.037982
0.055258
0.025551
-0.021030
-0.053940
-0.053102
-0.040584
-0.014630
0.032567
0.082543
0.088748
0.026929
-0.032085
-0.041747
-0.007784
0.047665
0.070469
0.045577
-0.006644
-0.045051
-0.050760
-0.019463
0.009790
0.014518
0.000633
-0.011287
-0.018807
-0.015916
0.027368
0.055997
0.040383
-0.013064
-0.057059
-0.044418
-0.011798
0.004885
0.034243
0.058519
0.017604
-0.056335
-0.077453
-0.015595
0.057866
0.068199
0.034226
-0.014102
-0.022945
-0.007803
0.014461
0.034336
0.017362
-0.004778
-0.027818
-0.023933
-0.004746
0.007922
0.000575
-0.002271
-0.015590
-0.041304
-0.041093
-0.013005
0.017979
-0.001085
-0.039918
-0.051406
-0.009426
0.029145
0.060806
0.070140
0.028508
-0.025963
-0.063183
-0.032991
0.039449
0.068520
0.023524
-0.040250
-0.078016
-0.061729
0.007956
0.062031
0.039185
-0.038226
-0.092076
-0.063117
0.047128
0.124577
0.094995
0.009668
-0.051821
-0.043669
-0.003696
0.011827
0.009486
0.005642
0.001013
0.012244
0.008667
0.001083
-0.001805
0.007800
0.021260
0.027679
0.031834
0.010302
0.013301
0.028894
0.034059
0.015668
-0.027261
-0.038804
-0.003397
0.025640
0.019116
0.012600
-0.005925
-0.015628
-0.008238
-0.004319
0.016906
0.020039
0.012801
-0.003383
-0.003834
0.016377
0.021232
0.027198
0.004065
-0.021731
-0.042809
-0.019261
0.029751
0.046166
0.033555
-0.005927
-0.032245
-0.046401
-0.022132
0.022414
0.040162
0.016110
-0.000655
0.000930
-0.004042
-0.018367
-0.030767
-0.027220
-0.037048
-0.043453
-0.036488
-0.016049
0.024909
0.038138
0.007185
-0.016340
-0.000364
0.038985
0.031850
-0.025424
-0.058263
-0.040043
0.013006
0.055918
0.057007
0.026701
-0.017661
-0.035327
-0.024474
-0.013696
0.003605
0.019964
0.010648
-0.025994
-0.051005
-0.021682
0.020511
0.044618
0.021284
-0.023080
-0.028244
0.002838
0.030266
0.020891
-0.006363
-0.017874
0.001442
0.009552
0.006815
-0.022469
-0.040675
-0.016547
0.020926
0.036855
0.015993
0.003657
0.008449
0.012194
0.000146
-0.011489
0.010535
0.041158
0.028846
-0.018995
-0.063119
-0.059954
-0.019402
0.021839
0.028370
0.010457
0.001426
0.005590
0.016661
0.016932
0.012961
0.014734
0.013013
0.001611
-0.021144
-0.031027
-0.020978
-0.009836
-0.013589
-0.039698
-0.053897
-0.039718
-0.003884
0.015339
-0.003356
-0.022121
-0.011194
0.012697
0.016616
-0.003749
-0.025686
-0.022134
-0.005261
0.005509
0.013894
0.019526
0.008346
-0.021680
-0.041279
-0.037416
-0.018965
-0.004505
-0.003021
0.002941
0.007751
0.008074
0.008908
0.017996
0.020221
0.013487
-0.004536
-0.031370
-0.034991
-0.028293
-0.002129
0.012874
-0.003661
-0.027753
-0.039967
-0.031433
-0.015929
-0.011655
-0.020936
-0.032768
-0.026451
-0.004309
0.025184
0.038243
0.015394
-0.013904
-0.030489
-0.024528
-0.002873
0.013855
0.011417
-0.002669
-0.020174
-0.022896
-0.010692
0.011823
0.017330
0.006518
-0.017534
-0.027091
-0.006539
0.029835
0.054084
0.041954
0.017804
-0.004961
-0.011177
-0.016056
-0.014561
-0.005095
-0.006727
-0.009218
-0.012822
-0.018198
-0.019899
-0.020507
-0.005913
0.001464
-0.007113
-0.020050
-0.014125
0.008977
0.031529
0.034339
0.032052
0.034689
0.032920
0.023393
-0.006297
-0.019038
-0.006023
0.007923
-0.022373
-0.053884
-0.045748
-0.000274
0.035492
0.025852
0.009394
0.007428
0.018413
0.015814
0.009160
-0.000577
0.004350
0.014526
0.013212
-0.003305
-0.033223
-0.050056
-0.031133
-0.004258
-0.005758
-0.010701
-0.004080
0.008436
0.006541
-0.002964
0.006421
0.035067
0.042186
0.017669
-0.007999
-0.012268
-0.010733
-0.019276
-0.034483
-0.042621
-0.035169
-0.024577
-0.028167
-0.033661
-0.025928
-0.009502
0.019626
0.029675
0.015737
0.001249
-0.006106
0.008729
0.011918
0.003511
0.013220
0.016668
0.011372
-0.007676
-0.020888
-0.018645
-0.010328
-0.000172
0.005283
-0.005721
-0.013943
-0.015053
-0.010788
0.000716
0.002140
0.008102
0.004300
0.009737
0.025538
0.027049
0.016084
0.011224
0.018435
0.032494
0.029866
0.003722
-0.016944
-0.017606
-0.000411
0.024778
0.044028
0.049571
0.048582
0.036090
0.031601
0.025218
0.023853
0.023763
0.023168
0.023089
0.004083
-0.000240
0.011789
0.025307
0.026054
0.015620
-0.000187
-0.011026
-0.010604
-0.008125
0.010998
0.023787
0.029341
0.031076
0.023020
0.018619
0.015292
0.010029
-0.000582
0.001685
-0.002538
-0.015679
-0.020745
-0.016730
-0.009141
-0.007413
-0.002331
0.003583
0.002628
-0.012324
-0.020975
-0.020966
-0.019440
-0.010938
-0.009343
-0.005795
-0.005253
-0.015928
-0.020073
-0.012686
0.009058
0.021489
0.005578
-0.013722
-0.024367
-0.032422
-0.028448
-0.016630
-0.006102
-0.003343
-0.004103
0.001305
0.001667
0.001805
0.013567
0.031407
0.034297
0.018531
0.014147
0.014654
-0.001858
-0.017907
-0.016789
-0.008886
0.005253
0.015523
0.019761
0.025028
0.023115
0.031675
0.048217
0.056980
0.056855
0.053502
0.033567
0.015007
0.005125
0.007399
0.016826
0.019083
0.013234
-0.000144
-0.006107
-0.004250
-0.000282
-0.004343
0.001817
0.025018
0.048521
0.041954
0.014452
-0.013696
-0.021333
0.003272
0.024747
0.010231
-0.029158
-0.060978
-0.052804
-0.026311
-0.009003
0.003415
0.000840
0.006473
0.008815
0.018787
0.018836
0.004194
-0.001858
-0.010281
-0.017106
-0.026831
-0.031364
-0.038621
-0.033122
-0.025074
-0.021120
-0.019916
-0.021020
-0.016085
-0.016463
-0.015717
-0.008751
0.004417
0.006097
-0.008738
-0.022302
-0.033425
-0.030683
-0.020180
-0.007421
-0.006490
-0.010904
-0.016493
-0.038792
-0.050447
-0.035106
0.003839
0.017568
-0.004330
-0.025056
-0.020254
0.004258
0.031830
0.036035
0.019319
0.001243
-0.002187
0.010551
0.015262
0.003598
-0.000255
0.010238
0.016561
0.000861
-0.030037
-0.027959
0.008183
0.032598
0.023034
0.009309
0.010116
0.021688
0.017432
0.007543
0.000311
-0.000427
0.005077
0.003529
-0.008318
-0.035297
-0.043388
-0.034194
-0.015424
-0.007787
-0.015639
-0.016667
-0.007743
0.004419
0.012999
0.018785
0.028064
0.038630
0.040716
0.028803
-0.000368
-0.039606
-0.063250
-0.054001
-0.041103
-0.035161
-0.043889
-0.039350
-0.017593
0.005510
0.012984
0.010441
0.016252
0.019821
0.021080
0.006317
-0.006751
-0.009660
-0.005744
-0.002267
-0.017576
-0.044187
-0.053167
-0.035527
-0.008152
-0.006042
-0.016713
-0.020668
-0.015509
-0.009488
0.002674
0.021958
0.023613
0.007867
-0.014023
-0.019467
-0.018354
-0.010814
-0.014074
-0.024895
-0.029216
-0.039258
-0.030088
-0.009063
0.008272
0.021808
0.021840
0.013759
0.011910
0.013665
0.006802
0.000253
-0.000349
0.002785
0.003200
-0.007488
-0.020614
-0.020074
-0.002735
0.010383
0.009244
-0.005273
-0.018764
-0.019566
-0.004092
0.002417
-0.008169
-0.014499
-0.013327
-0.000298
0.008238
0.002347
-0.000535
0.005496
0.004589
-0.004842
-0.019158
-0.022642
-0.011391
-0.000725
-0.003507
-0.015338
-0.021747
-0.012164
-0.000322
0.007396
0.004786
-0.007579
-0.018048
-0.014705
0.001303
0.007206
0.003532
0.000028
-0.000769
-0.005050
-0.012135
-0.017896
-0.008044
-0.009816
-0.004772
0.006488
0.012966
0.010040
-0.007771
-0.009656
-0.003198
0.008154
0.011888
0.017877
0.012008
0.001006
-0.008602
-0.010717
-0.009530
-0.017992
-0.020163
-0.014284
0.009930
0.023851
0.014555
0.000725
0.000180
0.008752
0.011950
0.005701
-0.009603
-0.009078
-0.003909
0.000585
0.012236
0.008106
0.002615
0.003796
0.002353
-0.008300
-0.014311
0.002083
0.022920
0.018499
-0.006346
-0.017594
-0.003871
0.015229
0.020080
0.003444
-0.015851
-0.019883
-0.000393
0.025034
0.025530
0.012289
-0.002184
-0.006576
-0.010229
-0.017758
-0.016588
-0.000351
0.019787
0.025946
0.013397
0.004011
0.005766
0.003735
-0.001525
-0.011449
-0.005758
0.005201
0.009910
0.007028
-0.003234
0.001592
0.008832
