0.004627
0.007643
0.008166
0.007292
0.008099
0.010259
0.009653
0.008244
0.011113
0.015401
0.015099
0.011700
0.011882
0.014915
0.014856
0.012370
0.014045
0.015421
0.009280
0.001968
0.000584
0.007237
0.009233
0.009205
0.010587
0.015085
0.010430
0.006134
0.004862
0.013406
0.012545
0.012102
0.010381
0.010034
0.004903
0.000626
0.006673
0.006622
0.008984
-0.000928
0.009817
0.001817
0.013577
-0.008940
0.017076
-0.002814
0.008180
-0.079361
-0.107976
-0.051528
-0.282885
-0.308844
-0.050185
-0.094860
-0.232962
0.076423
0.354049
0.306962
0.015844
0.272575
0.757211
0.538129
0.094313
0.233310
0.421292
-0.023364
-0.460901
-0.368339
0.015702
-0.021002
-0.337378
-0.498461
-0.401660
-0.194266
0.113966
0.473838
0.518814
0.266979
0.139904
0.236836
0.201481
-0.062929
-0.162077
0.024057
0.017182
-0.420715
-0.740276
-0.482744
0.022866
0.228640
-0.000672
-0.203376
-0.037431
0.415140
0.664246
0.496923
0.057124
-0.106223
0.028682
0.103496
-0.171125
-0.453933
-0.470328
-0.309988
-0.091921
-0.176479
-0.199113
-0.073504
0.337993
0.478166
0.217692
-0.118601
-0.029633
0.215125
0.121364
-0.151273
-0.427035
-0.512565
-0.467734
-0.314835
-0.098029
0.171046
0.263294
0.323084
0.207388
0.087982
0.192264
0.472823
0.761784
0.805220
0.477911
0.009851
-0.369168
-0.505186
-0.351203
-0.136477
-0.041675
-0.136922
-0.282962
-0.292697
-0.037952
0.243119
0.393846
0.338468
0.298515
0.358545
0.303565
0.050037
-0.139859
-0.073199
-0.021939
-0.142184
-0.411172
-0.573053
-0.466140
-0.236297
-0.038718
0.089782
0.114769
0.107153
0.167378
0.270833
0.292160
0.234395
0.090225
-0.039784
-0.201495
-0.264395
-0.250859
-0.236123
-0.354515
-0.504688
-0.403255
-0.091912
0.245758
0.367670
0.273213
0.152236
0.200538
0.166788
0.106867
-0.024817
-0.062583
-0.029714
-0.112034
-0.423280
-0.741007
-0.839661
-0.545466
-0.000031
0.321453
0.326832
0.138027
0.082293
0.238476
0.361080
0.256762
0.203756
0.225716
0.181556
-0.064345
-0.236313
-0.141588
0.113967
0.215317
0.064519
-0.088497
-0.053834
0.164552
0.362027
0.431268
0.341303
0.327666
0.287222
0.083043
-0.188535
-0.288722
0.010454
0.309314
0.146306
-0.377174
-0.658523
-0.300082
0.300990
0.489098
0.051621
-0.387899
-0.279047
0.099983
0.254432
0.056339
-0.111010
-0.101439
-0.047216
-0.181493
-0.247662
-0.186640
-0.071198
-0.064021
-0.275801
-0.242432
-0.162691
0.077064
0.208316
0.249178
0.010703
-0.221351
-0.106983
0.023152
0.021130
-0.152656
-0.059530
-0.073098
-0.301048
-0.718880
-0.643293
-0.314966
0.022815
0.207788
0.072247
-0.022100
0.001719
0.390904
0.640445
0.520383
0.078263
-0.177028
-0.219320
-0.157467
-0.096133
-0.019704
0.049347
-0.048278
-0.192325
-0.329298
-0.184499
0.230346
0.558224
0.568551
0.301702
-0.057436
-0.188489
-0.152125
0.087557
0.221428
0.174535
-0.038222
-0.204440
-0.175786
-0.028829
0.197337
0.332537
0.300881
0.055332
-0.012539
0.104084
0.323145
0.253779
0.011914
-0.114482
-0.033513
0.103142
0.169527
0.165170
0.041771
-0.120623
-0.165619
-0.077183
-0.022440
-0.012410
0.026464
0.108345
0.029624
-0.043926
-0.081055
0.000852
0.048290
-0.007389
-0.158628
-0.302660
-0.335761
-0.238478
-0.034464
-0.029706
-0.049725
-0.142040
-0.212924
-0.231238
-0.196395
0.006442
0.183053
0.229410
0.034307
-0.203312
-0.350004
-0.205328
-0.077582
-0.029162
-0.024114
-0.059577
-0.028801
-0.074813
-0.021429
0.027708
0.084971
0.146034
0.151177
0.056119
-0.050337
-0.026738
0.040086
0.035601
-0.018766
-0.019222
0.042809
0.024097
-0.058857
-0.101209
-0.008435
0.154617
0.210657
0.017404
-0.261314
-0.307977
-0.082613
0.215935
0.217438
0.028575
-0.093444
-0.003208
0.141629
0.093229
-0.075650
-0.202375
-0.072286
0.136920
0.269923
0.157843
-0.023321
0.000724
0.153959
0.266884
0.133167
0.008084
0.016974
0.137357
0.181351
0.129316
0.040693
-0.061361
-0.007393
0.083087
0.080698
-0.056955
-0.132030
-0.071529
0.018936
0.055940
0.097504
0.110404
-0.033847
-0.148225
-0.168353
-0.102347
-0.018557
-0.001778
0.048992
0.054537
-0.010280
-0.043080
-0.030418
0.003760
-0.006033
0.007515
0.039298
0.042772
-0.067790
-0.131017
-0.106536
-0.022638
0.080779
0.059381
-0.026159
-0.063384
0.017572
0.075838
0.039979
-0.040336
-0.054806
-0.085945
-0.048560
0.046703
0.034310
-0.064676
-0.076838
0.045182
0.063122
-0.081733
-0.122981
-0.025816
0.004604
-0.007731
-0.012638
0.001200
-0.074307
-0.146272
-0.089233
0.026105
0.062765
0.052913
0.054301
-0.008804
-0.075198
-0.041218
0.033231
0.021681
-0.084419
-0.101999
0.032721
0.077976
-0.048201
-0.106769
-0.027406
0.069460
0.087968
0.005263
-0.053878
-0.046399
0.037649
0.094986
0.050890
-0.114793
-0.131123
0.069046
0.221440
0.177444
0.011371
-0.081532
-0.041930
0.056561
0.092411
0.066628
-0.012474
-0.011877
0.059588
0.106456
0.029677
-0.062068
-0.059983
0.018375
0.092575
0.101051
0.055935
-0.032821
-0.072165
-0.026934
0.080716
0.117468
0.047128
-0.028375
-0.018290
0.039063
0.072513
0.050019
0.004406
-0.036923
0.005241
0.101160
0.107471
0.013180
-0.056390
-0.057912
-0.014050
0.006580
0.000192
0.047118
0.063282
0.071777
0.076845
0.064218
0.003735
-0.022193
0.008758
0.052913
0.042689
-0.052895
-0.101117
-0.058037
0.010996
0.051974
0.077634
0.017702
-0.055258
-0.081750
-0.041577
0.033524
0.042130
0.006783
-0.025492
-0.097217
-0.159882
-0.112860
-0.000040
0.078468
0.064436
0.012133
-0.018117
-0.060098
-0.089381
-0.049901
-0.004736
0.018136
0.014899
0.009820
0.003192
-0.013712
-0.000863
0.011859
-0.031962
-0.087021
-0.068747
0.028174
0.092501
0.071705
0.022319
-0.022339
-0.012501
0.051764
0.089199
0.037478
-0.059218
-0.094173
-0.012629
0.079209
0.082179
0.014122
-0.035060
-0.037232
-0.045700
-0.048270
-0.014690
0.054344
0.110450
0.102165
0.057014
0.000048
-0.044159
-0.017300
0.030911
0.065669
0.076476
0.052489
0.005956
-0.049808
-0.069932
-0.002647
0.095080
0.134633
0.082482
-0.001413
-0.036817
-0.011864
0.005554
-0.019892
-0.004661
0.032524
0.053725
0.021770
-0.031467
-0.057347
-0.055580
-0.037220
-0.019678
-0.029745
-0.059748
-0.030012
0.036530
0.066523
0.002692
-0.062860
-0.061103
-0.029280
0.011432
-0.000524
-0.032969
-0.049477
-0.042038
-0.033962
-0.054399
-0.069955
-0.064791
-0.048276
-0.017580
0.035279
0.082863
0.076504
0.034235
-0.007727
-0.038124
-0.075865
-0.100393
-0.053763
0.021279
0.054727
0.003185
-0.090347
-0.158535
-0.143715
-0.057194
0.071960
0.144614
0.092679
0.001729
-0.052371
-0.056605
-0.049295
-0.035770
-0.016481
0.000143
-0.002354
-0.012734
0.004062
0.032834
0.015560
-0.030009
-0.069907
-0.057010
0.017067
0.096806
0.124202
0.079400
-0.018061
-0.088476
-0.069548
-0.037790
0.001243
0.047337
0.108308
0.078973
-0.023394
-0.078328
-0.055017
0.022225
0.014590
-0.025682
-0.043801
0.007600
0.063378
0.067291
0.017822
-0.053387
-0.092106
-0.097120
-0.054664
-0.018329
-0.003334
-0.024761
-0.030862
-0.045374
-0.059224
-0.037477
0.006237
0.051590
0.047787
0.012870
-0.022809
-0.015815
0.009791
0.005048
-0.023816
-0.052641
-0.072796
-0.061381
-0.008077
0.033738
0.026638
-0.012196
-0.021103
0.003526
0.027157
0.018970
0.009783
0.004735
-0.002023
-0.009007
-0.031043
-0.058913
-0.083439
-0.041278
0.014229
0.029469
-0.013383
-0.058583
-0.058360
-0.009665
0.048565
0.066645
0.047874
-0.002760
-0.006577
0.007972
0.014826
0.014539
0.026228
0.024458
-0.017187
-0.035870
-0.022136
0.001092
-0.017535
-0.028143
-0.008726
0.024795
0.045286
0.025030
-0.005051
-0.024363
-0.003466
0.042042
0.064673
0.030684
-0.014954
-0.045376
-0.058619
-0.074747
-0.068513
-0.004258
0.055622
0.061251
-0.013058
-0.089849
-0.081925
0.009833
0.107785
0.105276
0.012087
-0.068466
-0.058259
-0.023944
-0.014702
-0.018404
-0.037374
-0.052126
-0.057354
-0.049565
-0.017585
0.007875
0.019081
0.027189
0.011232
-0.015232
-0.006285
0.045016
0.061493
0.005470
-0.058558
-0.053214
0.005548
0.021807
-0.012434
-0.018571
-0.004769
0.012846
0.028176
0.042771
0.036033
0.002478
-0.005899
0.020690
0.026999
-0.008592
-0.008605
0.014213
0.013152
-0.027473
-0.044491
0.005125
0.066097
0.094542
0.046087
-0.014915
-0.050898
-0.039210
0.010961
0.039865
0.031879
-0.010868
-0.034400
-0.019461
0.018558
0.020151
-0.009082
-0.004475
0.038254
0.065904
0.053733
0.013403
-0.035355
-0.048372
-0.019675
0.034853
0.039362
-0.005305
-0.025303
-0.018929
-0.013111
-0.017239
0.003974
0.042656
0.052521
0.024383
0.010483
0.029330
0.037563
0.010927
-0.010917
-0.008531
0.000212
0.013695
0.028083
0.058522
0.059688
0.015507
-0.030558
-0.044230
-0.003978
0.053123
0.076772
0.041824
-0.016291
-0.045109
-0.016920
0.019238
0.025295
0.026724
0.030602
0.038405
0.032284
0.008926
-0.018458
-0.015207
0.009208
0.047102
0.059253
0.050928
0.041409
0.016706
-0.003275
-0.025666
-0.033727
-0.038780
-0.015613
0.032731
0.056315
0.028195
-0.015875
-0.027262
-0.004642
0.023071
0.039669
0.036629
0.021237
0.004828
-0.015101
-0.025283
-0.034411
-0.039442
-0.041284
-0.027190
0.000586
0.018090
0.004671
-0.009963
0.000690
0.019521
0.025170
0.019227
0.021631
0.027744
0.037257
0.047450
0.033880
0.006836
-0.001184
-0.008046
-0.015326
-0.004196
0.019402
0.031849
0.022860
0.006801
0.015018
0.028598
0.032482
0.021762
0.004603
0.001639
0.005951
0.009519
-0.002036
-0.005486
0.000798
0.021458
0.032528
0.022728
0.016121
-0.010640
-0.033952
-0.026280
0.001683
0.035327
0.033438
0.017882
0.016011
0.006233
-0.012460
-0.019269
-0.013052
-0.003276
0.007552
0.023204
0.038535
0.017945
-0.014682
-0.027570
-0.019615
-0.001979
0.008279
0.003543
-0.008241
-0.025888
-0.045798
-0.027721
0.020513
0.038925
0.018145
-0.005756
-0.018640
-0.035018
-0.043945
-0.033684
-0.010641
0.007940
0.016796
0.007929
-0.037442
-0.063060
-0.044928
-0.009949
0.002413
-0.000863
-0.001186
-0.003783
-0.002770
-0.000934
0.003488
0.006661
0.013304
0.021969
0.023298
0.005677
0.005513
0.017066
0.024920
0.010168
-0.028877
-0.054284
-0.038743
0.007949
0.023864
0.011140
-0.002732
-0.000469
0.000058
-0.001366
-0.002869
-0.004519
-0.007384
-0.001464
0.002325
-0.020815
-0.043759
-0.043327
-0.020114
-0.017434
-0.033857
-0.030954
-0.010723
0.001682
-0.010395
-0.033841
-0.035789
-0.018237
0.004416
0.022073
0.020866
0.008384
-0.011554
-0.016512
-0.002453
0.009591
0.014267
0.011990
0.008679
-0.009907
-0.026174
-0.025088
-0.016257
-0.009568
-0.012824
-0.019770
-0.025362
-0.031305
-0.024709
-0.010276
0.006338
0.016658
0.008924
-0.004226
-0.014369
-0.002554
0.016824
0.026813
0.025575
-0.011436
-0.050345
-0.046253
-0.015516
0.008905
0.006933
-0.002176
-0.015710
-0.025250
-0.012849
0.023269
0.044475
0.034822
0.012907
-0.000130
-0.006135
-0.007098
-0.008039
-0.020414
-0.024848
-0.021085
-0.007788
-0.005049
-0.011778
-0.016945
-0.018340
-0.019733
-0.017182
-0.012951
-0.007906
0.006891
0.007787
-0.010431
-0.032958
-0.030463
-0.017029
-0.007881
-0.014203
-0.044887
-0.070472
-0.070176
-0.031301
0.006488
0.014713
0.007053
0.002719
0.005385
0.003150
-0.006562
0.000980
0.009892
0.006185
-0.011282
-0.036038
-0.056780
-0.055982
-0.034074
-0.009907
0.003281
-0.006092
-0.005307
0.006292
0.022583
0.015275
0.001918
0.004179
0.011865
0.007378
-0.007466
-0.015381
-0.026175
-0.028526
-0.022475
-0.011535
-0.002200
0.002053
0.013780
0.020538
0.009742
-0.000897
0.005124
0.016174
0.023929
0.019608
0.007277
-0.001272
-0.004516
0.002642
0.002149
-0.001193
-0.003695
-0.002915
0.001207
0.010975
0.019778
0.017187
0.012027
0.006470
0.007123
0.006966
0.003313
0.000329
-0.006240
-0.008821
-0.010974
-0.012668
-0.015541
-0.008656
-0.000911
0.003541
0.008829
0.018938
0.038203
0.035126
0.030056
0.017177
-0.004932
-0.014087
-0.012182
-0.002956
-0.006875
-0.021694
-0.037089
-0.039223
-0.035125
-0.023881
-0.005664
0.006032
0.017316
0.014584
-0.001823
-0.001111
0.010087
0.012458
0.011805
0.003925
-0.013857
-0.039817
-0.049248
-0.026472
-0.006633
-0.010557
-0.006656
0.003277
0.004030
0.002560
0.018948
0.039384
0.041082
0.021844
0.000972
-0.007124
-0.012862
-0.005848
-0.003757
-0.010966
-0.013694
-0.003152
0.011410
0.015977
0.017857
0.024952
0.039065
0.045065
0.037712
0.019136
0.007532
0.015389
0.016328
0.008300
-0.001137
-0.000143
0.002830
0.002250
0.006490
0.020784
0.041722
0.052648
0.047743
0.030542
0.020833
0.025228
0.034347
0.029459
0.006771
-0.009239
-0.004794
0.016725
0.023398
-0.006716
-0.035684
-0.027206
-0.002547
0.008312
0.008000
0.013581
0.022035
0.020665
0.025114
0.028221
0.016154
-0.004588
-0.015404
-0.029837
-0.051673
-0.051832
-0.040092
-0.025735
-0.016342
-0.017555
-0.014921
-0.012741
0.000784
0.019867
0.015517
0.007628
0.002724
-0.004274
-0.013371
-0.025593
-0.026552
-0.023824
-0.028789
-0.038556
-0.036730
-0.026624
-0.021596
-0.013096
0.009307
0.031423
0.040902
0.030166
0.010999
0.002681
0.001772
0.018811
0.024336
0.003165
-0.033047
-0.045519
-0.020455
0.008522
0.028874
0.028510
0.016815
0.011084
0.017467
0.037064
0.050086
0.050011
0.047975
0.034910
0.012986
-0.000476
-0.000742
0.010806
0.016357
0.015336
0.000879
-0.014996
-0.010925
0.007956
0.028273
0.025827
0.013602
0.002585
0.000074
0.005520
0.010576
0.007819
0.002001
-0.000199
0.001329
0.000295
-0.001243
-0.004194
-0.014678
-0.021212
-0.024990
-0.025629
-0.023693
-0.019947
-0.016647
-0.009001
-0.002222
-0.007154
-0.014268
-0.010962
0.000031
0.012288
0.009011
-0.009596
-0.024684
-0.037372
-0.025104
-0.010821
-0.012843
-0.024263
-0.025386
-0.005360
0.005617
0.000247
-0.003175
0.006190
0.002502
-0.003595
0.000498
0.010920
0.004850
-0.004111
-0.004909
-0.007254
-0.006892
-0.003948
0.008836
0.010608
0.007531
0.010390
0.016478
0.015770
0.006643
0.002938
0.011602
0.014704
0.018127
0.022500
0.019232
0.017884
0.010553
0.001444
-0.003708
-0.005934
-0.013162
-0.010083
-0.000314
0.009889
0.009978
0.010169
0.018998
0.016355
0.007205
0.011262
0.029711
0.028830
0.009081
-0.016644
-0.028899
-0.033102
-0.031010
-0.021705
-0.015607
-0.017555
-0.009679
0.013537
0.023101
0.011021
-0.003253
0.009145
0.022834
0.015764
-0.002962
-0.017235
-0.018742
-0.017771
-0.018921
-0.022873
-0.029416
-0.027930
-0.025445
-0.021064
-0.003577
0.022610
0.036875
0.031334
0.009054
-0.009969
-0.012302
0.000349
0.015788
0.012731
-0.004270
-0.019880
-0.016982
-0.018182
-0.015051
-0.001396
0.008672
0.016108
0.014630
0.013670
0.011438
0.006089
0.008899
0.013684
0.010179
0.005606
-0.002529
-0.008095
-0.012654
-0.015495
-0.012614
-0.009792
-0.011172
-0.016235
-0.008630
0.008983
0.028353
0.033108
0.024912
0.010238
-0.001658
-0.006967
-0.002028
0.006912
0.004284
-0.008196
-0.031602
-0.044589
-0.043276
-0.024599
-0.002643
0.006047
0.008093
0.001314
0.002525
0.004540
-0.000540
-0.002603
0.004593
0.003543
-0.013897
-0.024712
-0.024672
-0.022248
-0.029475
-0.027134
-0.011541
-0.000728
-0.000079
0.008474
0.015314
0.013147
0.013905
0.014545
0.007701
-0.010576
-0.026124
-0.026305
-0.017949
-0.019251
-0.027335
-0.030485
-0.016793
-0.000597
0.003430
0.006785
0.009802
0.006939
0.005346
0.008535
0.014394
0.016335
0.002934
-0.011730
-0.016796
-0.017682
-0.005120
0.013981
0.026450
0.014458
-0.007038
-0.014534
