-0.006497
-0.006689
-0.007552
-0.007149
-0.006469
-0.005051
-0.003880
-0.004943
-0.004722
-0.004048
-0.004261
-0.003910
-0.005053
-0.005111
-0.005782
-0.005323
-0.005521
-0.005436
-0.005451
-0.005989
-0.004469
-0.004035
-0.004265
-0.006044
-0.006564
-0.006727
-0.005215
-0.005834
-0.005847
-0.005076
-0.004660
-0.002814
-0.003516
-0.004165
-0.005361
-0.005869
-0.005564
-0.006008
-0.006296
-0.004818
-0.004330
-0.003306
-0.003736
-0.004137
-0.003742
-0.004944
-0.005295
-0.006725
-0.007290
-0.005419
-0.004401
-0.004815
-0.004991
-0.004904
-0.004208
-0.004467
-0.004379
-0.004990
-0.004458
-0.002935
-0.003575
-0.004748
-0.004870
-0.004067
-0.004339
-0.004560
-0.003825
-0.002648
-0.003249
-0.003336
-0.003556
-0.002189
-0.000451
-0.000146
-0.000206
-0.000250
0.001234
-0.002002
-0.003078
-0.003554
-0.004335
-0.003440
-0.003418
-0.002684
-0.002699
-0.003592
-0.003345
-0.001177
-0.001838
-0.001777
-0.000464
0.001088
0.001197
-0.000060
-0.000873
-0.000068
0.000609
-0.000435
-0.000563
-0.000332
-0.000562
-0.001161
-0.000863
-0.000913
0.001248
0.001455
0.000653
0.001645
0.001213
0.000908
0.000308
0.000453
0.000685
-0.000069
-0.000396
-0.000026
-0.000122
0.000230
-0.000062
-0.000473
0.000436
0.003082
0.003975
0.003025
0.002716
0.001727
0.003125
0.002339
0.001119
0.000948
0.001182
0.001847
0.001349
0.001656
0.001336
0.001743
0.002463
0.003130
0.002417
0.001865
0.002938
0.003636
0.003239
0.004211
0.005594
0.006161
0.006000
0.005399
0.006073
0.006075
0.005251
0.004391
0.004502
0.004153
0.004236
0.003435
0.003220
0.003891
0.003369
0.004408
0.004453
0.004082
0.004059
0.004194
0.004872
0.004591
0.003978
0.005950
0.006186
0.004376
0.003970
0.004141
0.004845
0.004208
0.005173
0.006254
0.005999
0.006012
0.005310
0.004717
0.004969
0.004514
0.003088
0.003767
0.004091
0.004194
0.004846
0.005048
0.003955
0.003542
0.004552
0.003749
0.005063
0.006377
0.007357
0.008170
0.008505
0.009039
0.008790
0.008841
0.008119
0.005933
0.004129
0.004294
0.004460
0.004866
0.004378
0.005172
0.005841
0.005994
0.005385
0.006071
0.006816
0.005934
0.004346
0.001912
0.003268
0.003821
0.004122
0.003246
0.004569
0.005487
0.004911
0.004775
0.005277
0.005732
0.004679
0.005330
0.005033
0.005733
0.004877
0.003096
0.002799
0.004110
0.005630
0.005326
0.004192
0.004386
0.003798
0.002225
0.000557
-0.000478
0.000970
0.001437
0.003084
0.004500
0.004387
0.004525
0.003728
0.004855
0.004758
0.003560
0.003298
0.001788
0.000239
-0.000258
0.000867
0.002011
0.001517
0.002323
0.002211
0.001340
0.000399
-0.000493
-0.000309
0.000671
0.001704
0.000843
0.001303
0.000235
-0.000243
-0.000570
0.000069
0.001824
0.002057
0.001770
0.002703
0.001953
-0.000238
-0.000525
-0.000878
-0.000942
-0.000082
-0.000143
-0.001145
0.000079
0.000035
0.001240
0.002488
0.002373
0.002051
0.001026
-0.000809
-0.001551
-0.001928
-0.002185
-0.001468
-0.000703
-0.000830
-0.001985
-0.001426
-0.001025
-0.000521
-0.001210
-0.000804
0.001233
0.001389
0.000823
0.000959
-0.000831
-0.000894
-0.000642
-0.001982
-0.001298
-0.001024
-0.000213
0.000121
0.000173
-0.000280
-0.001018
-0.000282
0.000269
-0.000697
-0.000654
-0.000883
-0.001838
-0.000916
0.000708
0.001304
-0.000353
0.000130
-0.000130
-0.000361
-0.000280
-0.003290
-0.003427
-0.002277
-0.001472
-0.002089
-0.001129
-0.000224
-0.001583
-0.001224
-0.001313
-0.001418
-0.001604
-0.003397
-0.003805
-0.002553
-0.003516
-0.004332
-0.005497
-0.004145
-0.002066
-0.000676
0.000026
-0.001269
-0.001598
-0.002604
-0.003705
-0.005371
-0.005020
-0.005216
-0.005520
-0.005070
-0.003568
-0.003616
-0.004995
-0.003383
-0.003195
-0.003483
-0.004119
-0.004405
-0.006756
-0.007992
-0.006463
-0.006144
-0.005474
-0.004458
-0.003222
-0.001128
-0.000402
-0.003335
-0.005664
-0.005567
-0.004745
-0.004636
-0.004005
-0.003886
-0.005145
-0.005377
-0.007001
-0.007151
-0.006097
-0.005551
-0.004533
-0.005460
-0.005957
-0.005000
-0.004394
-0.006340
-0.006433
-0.005933
-0.006263
-0.006895
-0.006840
-0.007837
-0.010059
-0.010603
-0.009849
-0.006551
-0.004787
-0.003175
-0.003057
-0.005027
-0.008459
-0.008405
-0.007458
-0.004787
-0.001145
0.001335
0.000938
-0.004970
-0.009199
-0.010313
-0.008928
-0.008772
-0.008249
-0.007253
-0.006927
-0.011877
-0.012536
-0.010586
-0.008664
-0.005285
-0.005563
-0.007742
-0.011004
-0.010439
-0.009378
-0.007797
-0.007838
-0.006493
-0.006081
-0.008621
-0.010615
-0.009629
-0.009500
-0.009368
-0.008562
-0.008585
-0.007158
-0.004903
-0.000721
-0.001732
-0.003120
-0.008059
-0.006042
-0.008733
-0.003771
-0.005889
-0.006450
-0.015645
-0.012494
-0.010344
-0.008044
-0.003455
0.001373
0.007829
0.001970
-0.001442
-0.023441
-0.004177
-0.042812
-0.058130
-0.183809
-0.104479
-0.258128
-0.476612
-0.196054
-0.206630
-0.254199
-0.020580
0.384993
0.539752
0.385087
0.354582
0.677949
0.545533
-0.040245
-0.066057
0.206725
0.108038
-0.266338
-0.387088
-0.206917
-0.218113
-0.470088
-0.549551
-0.331978
0.017959
0.339431
0.578120
0.520099
0.297637
0.152024
0.138565
0.001229
-0.203353
-0.216486
-0.063829
-0.066699
-0.442042
-0.717635
-0.521077
-0.026160
0.299891
0.221974
-0.007523
0.106610
0.429168
0.559049
0.340538
0.010228
-0.051147
0.026001
-0.080740
-0.396572
-0.518052
-0.331813
-0.053389
-0.015141
-0.209119
-0.225128
0.101177
0.498695
0.572960
0.269750
-0.015913
-0.003736
0.171610
0.124393
-0.224858
-0.456421
-0.490610
-0.287548
-0.297647
-0.478376
-0.311585
-0.167208
-0.079711
-0.039127
0.031510
0.199992
0.343868
0.524524
0.746874
0.657919
0.290240
0.190266
0.211446
0.113239
-0.143602
-0.192420
0.055590
0.089788
-0.208751
-0.452940
-0.343220
-0.037821
0.205444
0.343957
0.354786
0.281387
0.234024
0.231258
0.192605
0.007313
-0.085441
0.008550
-0.015309
-0.343344
-0.606345
-0.519401
-0.167545
0.054712
-0.036441
-0.140778
0.020050
0.317385
0.469714
0.355573
0.111590
0.083633
0.191648
0.158185
-0.103326
-0.353989
-0.372397
-0.226029
-0.205217
-0.310692
-0.345890
-0.166913
0.161955
0.402542
0.279801
0.038818
0.057050
0.260977
0.347196
0.150662
-0.111414
-0.200336
-0.308746
-0.482896
-0.543372
-0.416607
-0.245540
-0.237477
-0.135629
-0.169258
-0.069211
-0.062476
0.057413
0.258478
0.322612
0.377921
0.303262
0.240984
0.055336
0.051009
0.034141
0.018048
-0.178083
-0.177647
0.161984
0.420387
0.443298
0.256241
0.225443
0.268575
0.285750
0.277812
0.280451
0.280841
0.224328
0.082581
-0.098523
-0.312825
-0.411615
-0.288050
-0.130215
-0.045718
-0.016105
0.027048
0.100546
0.111712
0.073796
0.059438
0.144213
0.203933
0.096652
-0.095950
-0.266867
-0.277600
-0.237277
-0.193214
-0.183091
-0.173716
-0.150707
-0.090091
0.031249
0.098410
0.132372
0.110192
0.103019
0.051632
-0.046517
-0.153707
-0.173752
-0.182374
-0.242170
-0.471417
-0.532986
-0.417572
-0.198189
0.037246
0.136295
0.215610
0.190706
0.265638
0.211878
0.156100
0.047571
0.019867
0.052556
0.016349
-0.059327
-0.244553
-0.368846
-0.484006
-0.387195
-0.107089
0.076393
0.047096
-0.111741
-0.024467
0.210368
0.394793
0.315836
0.124105
0.058472
-0.004028
-0.001504
-0.031431
0.014368
0.084936
0.292160
0.393536
0.276119
0.011716
-0.178041
0.051923
0.365164
0.522302
0.273843
-0.029408
-0.125399
0.008676
0.201984
0.188860
-0.004085
-0.212031
-0.125155
0.075395
0.211232
0.125682
-0.021304
-0.100283
-0.067965
0.114234
0.214403
0.080167
-0.154061
-0.188016
-0.008641
0.072584
-0.058647
-0.197891
-0.190885
-0.127619
-0.134081
-0.134320
-0.151337
-0.178562
-0.148740
0.011740
0.112595
0.037556
-0.152600
-0.222595
-0.124955
-0.037984
-0.012759
-0.066681
-0.187335
-0.257580
-0.200718
-0.010710
0.137285
0.059488
-0.069444
-0.110174
0.016484
0.166027
0.136150
-0.009108
-0.055447
0.018540
0.035952
-0.088611
-0.291036
-0.380482
-0.300925
-0.133795
0.042171
0.101727
0.042633
-0.105148
-0.120060
0.003240
0.151753
0.208969
0.099135
-0.003984
-0.069222
-0.031609
-0.010491
0.009540
0.000847
-0.042784
-0.026836
0.056694
0.164029
0.171751
0.207406
0.279802
0.318413
0.133207
-0.118300
-0.156528
0.010963
0.202828
0.225588
0.131492
0.014691
0.037650
0.119849
0.152137
0.046501
-0.080941
-0.080961
0.000867
0.053536
0.070953
0.054982
-0.025040
-0.112865
-0.182016
-0.152798
-0.066190
0.009272
0.074881
0.104435
0.061198
-0.001691
-0.051077
0.010146
0.070291
0.043566
0.041164
0.008255
-0.101265
-0.143740
-0.076771
0.068528
0.069188
-0.053389
-0.141609
-0.148679
-0.069861
0.027897
0.117416
0.003296
-0.092103
-0.070783
0.040107
0.026374
-0.049421
-0.057642
0.021089
0.020611
-0.112677
-0.120760
-0.142338
-0.088854
-0.049068
-0.028233
-0.096894
-0.127161
-0.049398
0.033199
-0.002861
-0.112937
-0.037480
0.013828
-0.053346
-0.114947
-0.043827
0.041706
0.019355
-0.028614
-0.013206
-0.040074
-0.065968
-0.008260
0.082274
0.035021
-0.084438
-0.038750
0.069667
0.053939
-0.021835
0.028773
0.039308
-0.076359
-0.127298
0.002550
0.136017
0.090705
0.029799
0.079805
0.069689
-0.023968
-0.046757
0.026477
0.041757
0.001915
0.018847
0.084841
0.054718
-0.025694
0.006581
0.051858
0.028162
-0.023591
0.017091
0.050006
-0.024802
-0.077067
0.009448
0.124818
0.129790
0.085758
0.054279
-0.007554
-0.032048
0.015056
0.076551
0.095349
0.037100
0.033051
0.049817
0.005917
-0.039006
0.011769
0.090684
0.081843
0.053954
0.037357
0.010047
-0.021771
-0.030848
0.014868
0.058472
0.029626
0.029348
0.062579
0.037726
-0.024903
-0.040118
0.000170
0.003391
0.000703
0.022225
0.054311
0.042783
-0.030709
-0.075230
-0.068009
-0.094896
-0.086590
0.019601
0.093686
0.089932
-0.004465
-0.094150
-0.121456
-0.093226
-0.034047
0.026281
0.038012
0.010559
0.011817
-0.016150
-0.066124
-0.103373
-0.062301
-0.015132
-0.020329
-0.052386
-0.038602
0.024033
0.068577
0.073978
0.010456
-0.042043
-0.067118
-0.039520
-0.005996
0.001066
0.014305
0.027338
0.035149
0.027980
0.006792
-0.036054
-0.081165
-0.079993
-0.034560
0.024043
0.047969
0.069757
0.095532
0.097629
0.067587
-0.035052
-0.137771
-0.169951
-0.095897
0.063702
0.216145
0.225636
0.130041
-0.001266
-0.093621
-0.104091
-0.055045
0.047304
0.115810
0.137297
0.105860
0.088315
0.084667
0.034198
-0.033799
-0.082274
-0.079896
-0.005677
0.099346
0.190589
0.197197
0.070262
-0.046152
-0.102038
-0.101493
-0.053428
-0.007768
0.038041
0.044413
0.025197
0.054789
0.095721
0.050972
-0.040915
-0.096809
-0.076609
-0.026512
0.024163
0.046009
-0.007104
-0.089021
-0.112771
-0.076713
-0.060304
-0.050197
-0.013318
0.029871
0.038472
0.029143
0.026779
0.034028
0.039506
0.029412
-0.015297
-0.067567
-0.081101
-0.040025
-0.007319
-0.028772
-0.081391
-0.087099
-0.020101
0.039345
0.028479
-0.021899
-0.030014
-0.024488
-0.032353
-0.030154
0.013281
0.051228
0.034063
-0.006563
-0.032032
-0.053206
-0.068636
-0.051230
-0.022922
-0.015363
0.009484
0.051211
0.050266
-0.007499
-0.048246
0.008870
0.104989
0.124738
0.066380
0.010855
0.014728
0.026798
0.039860
0.035366
-0.011513
-0.036110
-0.024851
0.010356
0.013903
-0.002535
0.002585
0.036198
0.055386
0.049346
0.026375
0.021561
0.052141
0.070610
0.042821
-0.052706
-0.110409
-0.086792
-0.041846
-0.013483
-0.029720
-0.032528
-0.026544
-0.016967
-0.026014
-0.032079
0.028398
0.079714
0.069052
0.007142
-0.032862
-0.022478
0.027346
0.034226
-0.012898
-0.088058
-0.106589
-0.037090
0.015336
0.003922
-0.028770
0.003255
0.061242
0.064328
0.013156
-0.050666
-0.087806
-0.059576
0.016347
0.061859
0.024829
-0.045253
-0.076437
-0.064391
-0.067146
-0.081006
-0.046779
0.028880
0.048975
0.019407
-0.010631
-0.002211
0.025028
0.029616
0.029554
0.026746
0.015447
0.008269
0.014392
0.001648
-0.039874
-0.066164
-0.059920
-0.033235
-0.002835
0.028546
0.060556
0.057973
0.029519
-0.009575
-0.008784
0.025861
0.028340
-0.018969
-0.040251
-0.029835
-0.006670
-0.002374
-0.020736
-0.048281
-0.088380
-0.070125
-0.015667
0.055873
0.081260
0.063083
0.040369
-0.011839
-0.053617
-0.040320
-0.004667
-0.006281
-0.026114
-0.068595
-0.098661
-0.098450
-0.068472
-0.017046
0.027761
0.030520
-0.003617
-0.016016
-0.023438
-0.009051
0.021164
0.046283
0.027623
-0.005088
-0.033998
-0.052614
-0.041328
-0.034521
-0.011535
-0.000384
-0.007183
-0.002706
0.005240
-0.007275
-0.038562
-0.036304
-0.001410
0.039785
0.042787
0.017465
-0.007411
-0.020096
-0.027502
-0.024069
-0.001227
0.011193
0.024692
0.018360
0.008276
-0.015597
-0.044191
-0.045853
-0.021621
-0.012149
-0.011605
0.002197
0.033876
0.059632
0.055130
0.040661
0.022526
0.019224
0.012046
0.005868
-0.017765
-0.039686
-0.036838
-0.036748
-0.045643
-0.052822
-0.040085
-0.008432
0.017037
0.007941
0.008303
0.047949
0.069725
0.055139
0.007655
-0.027047
-0.021883
0.009598
0.032105
0.014915
-0.030224
-0.063624
-0.050243
-0.029079
0.002110
0.028021
0.043234
0.043242
0.042019
0.030575
0.011077
0.015578
0.038249
0.053354
0.029993
0.007309
-0.002521
-0.013885
-0.038040
-0.049559
-0.049861
-0.039164
-0.006760
0.028639
0.048444
0.051824
0.048200
0.043697
0.033609
0.035762
0.059093
0.072352
0.052586
0.001642
-0.053913
-0.079728
-0.054328
-0.011474
0.001203
-0.026551
-0.058413
-0.057555
-0.011817
0.023835
0.032914
0.025525
0.025271
0.045624
0.050659
0.047171
0.039579
0.020175
-0.036586
-0.082523
-0.091714
-0.065897
-0.001669
0.032457
0.008115
-0.047086
-0.063818
-0.012786
0.063686
0.092623
0.082692
0.055597
0.020380
0.004513
0.000941
-0.015263
-0.032474
-0.036697
-0.031020
-0.009834
-0.001273
-0.002619
-0.020041
-0.052403
-0.043172
0.021629
0.078176
0.098063
0.064368
0.017684
0.005471
0.017592
0.037886
0.027547
-0.019077
-0.045331
-0.036391
-0.021858
-0.014832
-0.010664
0.009517
0.028581
0.024020
0.029358
0.045346
0.040428
0.031883
0.024850
0.027078
0.026144
0.016322
-0.001109
-0.025072
-0.032246
-0.014127
-0.005671
-0.023323
-0.022997
-0.020212
-0.005233
0.025303
0.028859
0.020164
0.011809
0.026109
0.034618
0.014958
-0.016652
-0.036017
-0.019914
-0.012169
-0.019512
-0.033390
-0.044707
-0.027675
-0.014349
-0.010938
-0.017414
-0.012530
0.017360
0.044938
0.059077
0.042945
0.024192
0.018403
0.004600
-0.011969
-0.013817
-0.016876
-0.013181
-0.003346
0.014417
0.029638
0.010434
-0.006451
-0.008185
-0.002600
0.007126
0.020071
0.026810
0.010533
0.009666
0.025047
0.029680
0.013038
0.000520
-0.009699
-0.028827
-0.029271
-0.016560
-0.008818
-0.015230
0.001874
0.033472
0.037829
-0.002029
-0.030567
-0.023633
-0.003511
0.009534
0.004733
0.000208
-0.005208
-0.006762
-0.013995
-0.017560
-0.020930
-0.020756
-0.009078
0.019782
0.016925
-0.000628
-0.011935
0.006312
0.025809
0.012166
0.018462
0.013996
0.009343
-0.005080
-0.018726
-0.019306
-0.005516
0.010753
0.001287
-0.017130
-0.033610
-0.036865
-0.026299
-0.020832
-0.006879
0.009069
0.009589
0.009347
-0.009344
-0.036018
-0.034888
-0.003414
0.027062
0.027344
0.012036
-0.001361
-0.003411
0.002080
0.002317
-0.010434
-0.012947
0.013371
0.029115
0.000712
-0.033661
-0.027497
0.002472
0.014790
0.003280
0.001478
0.010010
0.025156
0.035827
0.033302
0.003128
-0.018327
-0.009107
-0.004615
-0.018895
-0.033773
-0.035307
-0.040098
-0.045864
-0.051748
-0.039730
-0.009628
0.005078
-0.001988
-0.012555
-0.013218
0.014242
0.028876
0.028073
0.021339
0.009301
0.012911
-0.005545
-0.026433
-0.041955
-0.057796
-0.052297
-0.029304
-0.007240
-0.017650
-0.028752
-0.027971
-0.015890
0.007123
0.021286
0.028460
0.024681
0.017099
0.019290
0.019161
0.006141
-0.002515
-0.005364
-0.014640
-0.041661
-0.054802
-0.043868
-0.034837
-0.032891
-0.031477
-0.024710
-0.016911
-0.021273
-0.007362
0.039399
0.060962
0.038510
0.011440
0.005301
0.001355
0.013245
0.025621
0.011564
-0.005531
-0.021887
-0.023678
-0.029947
-0.038138
-0.020959
0.016723
0.035292
0.033250
0.027429
0.023038
0.034145
0.041226
0.040013
0.010752
-0.012283
-0.018582
-0.008375
-0.014314
-0.041897
-0.045768
-0.029483
-0.008239
-0.004040
-0.001717
0.017882
0.046211
0.051772
0.029795
0.001539
0.004749
0.018142
0.014744
-0.012882
-0.040107
-0.034228
-0.018885
-0.017766
-0.036575
-0.057366
-0.044499
-0.028870
-0.020499
-0.013067
-0.012527
0.005246
0.012225
0.014802
0.000388
-0.015411
-0.007306
0.016421
0.021431
-0.000750
-0.012529
-0.014334
-0.011633
-0.015161
-0.022612
-0.025519
-0.017431
-0.014474
-0.023244
-0.026452
-0.006957
0.014152
0.017449
0.009200
0.005993
0.005529
0.016441
0.032569
0.034772
0.021185
-0.001450
-0.009765
-0.010235
-0.007296
0.000657
0.020249
0.029374
0.021720
0.004994
0.001659
0.019618
0.041452
0.051847
0.049376
0.034391
0.021677
0.025720
0.039995
0.059269
0.055896
0.036488
0.009361
-0.002904
-0.005443
-0.000962
0.011248
0.003018
-0.015224
-0.022982
-0.012715
0.000075
0.000972
0.009612
0.042228
0.060929
0.051656
0.032407
0.009043
-0.010963
-0.023118
-0.021160
-0.024940
-0.042444
-0.052746
-0.048249
-0.039699
-0.036153
-0.033063
-0.007284
0.022651
0.031826
0.015940
-0.002027
-0.003715
0.012299
0.030687
0.008384
-0.041211
-0.075077
-0.067256
-0.048107
-0.036357
-0.036507
-0.040068
-0.036929
-0.022749
-0.000262
0.022686
0.040419
0.040606
0.029618
0.014058
0.001550
0.001043
0.006957
-0.006839
-0.031965
-0.042112
-0.028752
-0.011018
-0.004792
-0.010050
-0.005788
0.018873
0.040776
0.040134
0.032298
0.046206
0.075645
0.085888
0.067192
0.050498
0.043245
0.031989
0.004194
-0.016902
-0.027050
-0.027911
-0.013112
-0.000823
-0.004126
-0.014352
0.005091
0.036921
0.046148
0.047066
0.050406
0.059168
0.061559
0.051865
0.031991
-0.001759
-0.023364
-0.039132
-0.045721
-0.053476
-0.057394
-0.039243
-0.022021
-0.013210
-0.007717
0.003033
0.012301
0.025856
0.038565
0.044150
0.037012
0.022098
-0.002949
-0.024312
-0.045187
-0.055390
-0.052745
-0.056325
-0.050845
-0.046143
-0.037555
-0.026818
