-0.005936
-0.002745
-0.001819
0.008513
-0.003633
-0.004714
-0.001875
0.012863
0.007393
-0.002486
-0.003055
-0.001629
0.018549
0.016064
0.038845
0.008463
0.021864
-0.023854
0.023339
-0.041697
0.021499
-0.139513
-0.035879
-0.139637
-0.459440
-0.131178
-0.030563
-0.134638
-0.064887
0.336491
0.154239
-0.061620
-0.328809
0.097993
0.376302
0.249870
0.580784
0.860562
0.718024
0.107807
-0.102281
-0.172818
0.006935
0.077142
0.088796
-0.132792
-0.433445
-0.532183
-0.412372
-0.149711
-0.007858
0.217810
0.442839
0.427337
0.199130
0.139720
0.285045
0.407709
0.201626
-0.169623
-0.373499
-0.389728
-0.332622
-0.297131
-0.356283
-0.342556
-0.174785
0.102387
0.336400
0.399419
0.329240
0.323042
0.353421
0.234732
0.099567
-0.013746
-0.121938
-0.306351
-0.374430
-0.358359
-0.279242
-0.283825
-0.220356
-0.007123
0.191268
0.281912
0.249235
0.189083
0.121139
0.244865
0.322398
0.247585
-0.161539
-0.556009
-0.567784
-0.399046
-0.215810
-0.091329
-0.117736
-0.139515
-0.069414
0.065722
0.284017
0.445027
0.362992
0.354773
0.206308
-0.141020
-0.232366
-0.243594
-0.300934
-0.364427
-0.171883
-0.234087
-0.291799
-0.416831
-0.266693
-0.037134
0.091796
0.350192
0.542225
0.559722
0.458485
0.644686
0.570319
0.427072
0.222909
0.087912
-0.008640
-0.051168
0.106390
0.278516
0.124729
-0.235882
-0.365990
-0.106474
0.325330
0.384315
0.057284
-0.058557
0.196200
0.353626
0.073029
-0.297504
-0.223098
0.058813
0.036701
-0.304280
-0.395757
-0.127154
0.209102
0.243630
-0.107006
-0.559609
-0.473480
0.128460
0.506071
0.289220
-0.235492
-0.388937
-0.150774
0.110362
0.096366
0.038051
-0.023833
-0.065201
-0.189618
-0.230859
-0.055832
0.134394
0.116957
-0.165408
-0.265791
-0.071176
0.186787
0.107756
-0.106145
-0.263257
-0.156522
-0.032934
0.046786
-0.131518
-0.308726
-0.132386
-0.011513
-0.107426
-0.348124
-0.358685
-0.136087
0.166920
0.175398
0.013247
-0.210552
-0.335174
-0.184962
0.005006
0.063537
0.036002
-0.057220
-0.318864
-0.335799
-0.159855
0.026247
0.055279
-0.116787
-0.073959
0.194701
0.445083
0.525379
0.461181
0.307247
0.361503
0.391711
0.317447
0.234163
0.217047
0.230802
0.094327
-0.036597
-0.073076
-0.009029
0.018634
0.060512
0.046093
0.070935
0.100640
0.187013
0.165924
-0.015787
-0.093760
-0.010936
0.110614
0.035925
-0.111068
-0.120318
0.023032
0.000951
-0.070219
-0.113079
-0.060519
0.026993
0.054302
0.062215
-0.002142
-0.233839
-0.394945
-0.312060
-0.199091
-0.191153
-0.107859
0.131435
0.209549
0.099769
-0.130832
-0.099301
0.044163
0.217994
0.194850
-0.076976
-0.311417
-0.373590
-0.331113
-0.408561
-0.419117
-0.291546
-0.283707
-0.448280
-0.346943
0.108186
0.453121
0.331871
0.060169
-0.060072
0.080959
0.229215
0.225256
-0.064872
-0.372165
-0.380695
-0.199321
-0.035498
-0.171760
-0.238141
-0.099098
0.066452
0.035182
-0.061619
0.064250
0.305405
0.332176
-0.058141
-0.381934
-0.410022
-0.153759
0.164307
0.121227
-0.121949
-0.245818
-0.072628
0.289016
0.439768
0.314254
0.244028
0.337520
0.282896
0.068742
-0.012857
0.149200
0.319850
0.141320
-0.099265
-0.151510
0.057286
0.319163
0.371861
0.131331
-0.177730
-0.125743
0.174413
0.336706
0.148956
-0.029253
-0.032751
0.058572
0.080735
0.034780
-0.029405
-0.151051
-0.243305
-0.241394
-0.132514
-0.014157
0.100466
0.129806
0.110610
0.014947
0.017679
0.061260
0.044417
0.022838
0.038354
0.146487
0.105506
0.006318
-0.092362
-0.014987
0.043749
-0.065257
-0.209902
-0.231112
-0.034572
0.150618
0.163800
0.003376
-0.156172
-0.254194
-0.217716
-0.082964
0.040608
0.045805
0.003153
-0.047057
-0.149078
-0.239455
-0.269774
-0.209145
-0.149895
-0.157977
-0.141296
-0.132214
-0.109476
-0.105862
-0.075392
-0.056465
0.009726
0.036616
-0.000186
-0.025758
-0.117433
-0.089402
-0.048437
-0.002675
0.040211
0.086881
0.088059
0.032783
-0.074214
-0.067585
0.085211
0.226082
0.239029
0.072689
-0.139664
-0.161800
0.017041
0.167277
0.136089
-0.039699
-0.100287
-0.064528
0.031937
0.021249
0.002721
-0.009358
0.025087
0.106090
0.113746
0.110484
0.084119
0.056411
0.047390
0.087556
0.082913
0.018790
-0.050012
-0.034493
0.063854
0.134358
0.111441
0.116421
0.136236
0.189702
0.230419
0.165038
0.036371
-0.081371
-0.042666
0.177046
0.356772
0.285544
0.015730
-0.176242
-0.134413
0.014030
0.117648
0.128758
0.076325
-0.017540
-0.075320
-0.095522
-0.041360
-0.020737
0.009640
0.094351
0.098567
0.003304
-0.119261
-0.125225
-0.031847
0.035577
0.025615
-0.038997
-0.118019
-0.128676
-0.032865
0.089291
0.125093
0.035192
-0.078524
-0.080025
0.005331
0.056770
0.015002
-0.058454
-0.115438
-0.100735
-0.048846
0.013761
0.021009
-0.054174
-0.137114
-0.147913
-0.117145
-0.081597
0.002215
0.048100
0.050023
0.038611
-0.037054
-0.150172
-0.196866
-0.128004
0.090946
0.200970
0.077026
-0.090633
-0.201541
-0.172053
-0.023702
0.060915
0.009357
-0.063780
-0.011745
0.113638
0.140515
0.112426
0.055215
0.015653
-0.071781
-0.154628
-0.138950
-0.045373
0.114130
0.208196
0.183908
0.075106
-0.014822
-0.099265
-0.056508
0.049486
0.136345
0.139453
0.023143
-0.047047
-0.015885
0.145413
0.240081
0.140518
-0.094994
-0.200973
-0.086821
0.105139
0.222683
0.157637
0.028441
-0.060384
-0.033659
0.018496
0.028860
0.012208
0.015436
0.033233
-0.006423
-0.024651
-0.009065
0.043762
0.044640
0.044671
0.036166
0.047749
0.032856
-0.045680
-0.027730
0.055744
0.077372
-0.050449
-0.129198
-0.106264
0.049391
0.163779
0.124723
-0.038183
-0.183936
-0.128940
0.042102
0.148503
0.068332
-0.013155
-0.056443
-0.072604
-0.109468
-0.111072
-0.068774
-0.018044
0.014637
-0.019009
-0.019912
0.012796
0.037463
0.002823
-0.049320
-0.092638
-0.082149
-0.065682
-0.033039
0.041244
0.092966
0.075868
-0.000355
-0.086725
-0.131824
-0.049337
0.060465
0.104396
0.041878
-0.020739
-0.021958
-0.003478
-0.049654
-0.079923
-0.038783
0.017387
0.058518
0.043818
0.050238
0.045498
0.056897
0.014387
-0.025430
-0.004186
0.037414
0.065129
0.033185
-0.025237
-0.080125
-0.060949
-0.036737
-0.006565
0.004029
0.020619
0.066767
0.101297
0.053343
-0.042880
-0.082705
-0.085898
-0.036646
0.001705
0.028618
0.032929
-0.005754
-0.078879
-0.108781
-0.076287
-0.055388
-0.015135
0.042241
0.099742
0.098913
0.057322
0.018981
-0.005252
-0.020501
-0.043423
-0.028275
-0.017196
-0.015627
-0.027859
-0.033317
-0.055718
-0.072449
-0.075484
-0.065935
-0.023486
0.003876
0.027214
0.029941
0.052201
0.024898
-0.023841
-0.041871
-0.035579
-0.046263
-0.064240
-0.056272
-0.030312
0.006520
-0.005836
-0.050517
-0.084631
-0.071452
-0.046780
-0.008360
0.023261
0.046301
0.035425
0.020027
0.011203
-0.027980
-0.078686
-0.069997
-0.008426
0.020551
0.017426
0.010355
0.029259
0.019901
-0.007610
-0.035089
-0.035713
-0.012682
0.023000
0.027578
0.027627
0.019579
-0.002954
-0.016694
-0.049731
-0.078862
-0.081357
-0.039392
-0.013880
0.002127
0.006579
0.045311
0.056370
-0.009300
-0.113907
-0.143875
-0.062672
0.047376
0.100273
0.075830
0.017195
-0.057560
-0.075963
-0.069653
-0.053758
-0.035530
0.017314
0.068935
0.103279
0.060504
0.005004
-0.037982
-0.089842
-0.098107
-0.052717
0.060734
0.116897
0.092662
0.025991
-0.042348
-0.096366
-0.090026
-0.044530
0.006364
0.022528
0.020518
0.009425
-0.013721
-0.049241
-0.055357
-0.018468
-0.000800
0.009337
0.017988
0.050453
0.071153
0.069050
0.017133
-0.035974
-0.073618
-0.078541
-0.065358
-0.031995
0.031660
0.073211
0.071567
0.013841
-0.027444
-0.040997
-0.035681
0.016720
0.085846
0.086109
0.041700
-0.001360
-0.021609
-0.045309
-0.089507
-0.088297
-0.012263
0.068791
0.092647
0.060560
0.015211
0.006734
0.023711
0.049654
0.070467
0.056648
0.004292
-0.017580
0.009705
0.016293
-0.005663
-0.018267
-0.011846
0.003814
0.012766
0.030281
0.050086
0.047176
-0.009591
-0.056478
-0.053687
-0.006516
0.059397
0.090524
0.064839
0.016464
-0.016772
-0.039967
-0.020053
0.008226
0.033125
0.042138
0.018103
-0.026561
-0.041417
-0.026963
-0.003469
0.002800
-0.021659
-0.030274
-0.002861
0.049232
0.074422
0.059959
0.006577
-0.023045
0.007608
0.039298
0.037150
0.006220
-0.027589
-0.071941
-0.093530
-0.074054
-0.035904
0.013076
0.032330
0.019647
-0.002059
0.012559
0.049998
0.078939
0.074412
0.041260
-0.003306
-0.054854
-0.064696
-0.028942
0.019582
0.019550
-0.021641
-0.051513
-0.063981
-0.035212
0.033872
0.085337
0.083592
0.033555
0.006940
0.014437
0.025612
0.024114
0.018804
0.011383
-0.007805
-0.015694
-0.006857
0.011511
0.006398
-0.014932
-0.035847
-0.028863
0.015431
0.075390
0.103443
0.103925
0.076331
0.022103
-0.017146
-0.025690
-0.011121
-0.007988
-0.017496
-0.029887
-0.022825
-0.011913
0.002221
0.020150
0.032461
0.022826
0.006585
0.011499
0.026409
0.050015
0.058320
0.060474
0.045455
-0.002019
-0.050269
-0.065449
-0.034793
0.005573
0.016756
0.024951
0.025550
0.018885
0.001469
0.024812
0.042557
0.026577
0.030634
0.035360
0.045663
0.026841
0.016784
0.001409
-0.000131
-0.025750
-0.052392
-0.049919
-0.041216
-0.023908
-0.018461
-0.014600
-0.019554
-0.010291
0.009786
0.029823
0.019901
0.007490
0.001054
-0.006620
-0.024380
-0.029452
0.008010
0.057734
0.058600
0.007674
-0.049812
-0.077367
-0.040219
0.024135
0.033391
0.000084
-0.040519
-0.036156
0.007059
0.033455
0.040311
0.006991
-0.025390
-0.044199
-0.028721
-0.009399
0.001176
-0.015714
-0.054570
-0.066203
-0.059311
-0.015858
0.022203
0.044742
0.026802
0.001144
-0.010777
0.001857
0.051816
0.071615
0.053366
-0.013147
-0.049573
-0.053197
-0.033314
0.004346
0.025344
0.004201
-0.054016
-0.070230
-0.028903
0.025421
0.037490
0.032244
0.004171
-0.013637
0.003724
0.033963
0.039699
0.013241
-0.017687
-0.028079
-0.012929
0.005872
0.010019
-0.018055
-0.043816
-0.036316
0.000693
0.010825
0.005688
0.009916
0.025567
0.043217
0.040692
0.001184
-0.036574
-0.020660
0.029219
0.068934
0.026766
-0.046723
-0.098255
-0.089140
-0.045892
-0.001024
0.004770
-0.022961
-0.032066
-0.032040
-0.005304
0.009953
0.023281
0.036554
0.039347
0.011338
-0.021896
-0.025370
0.000331
0.018480
0.000686
-0.045281
-0.067291
-0.061618
-0.052681
-0.022703
0.001407
0.008094
-0.004602
-0.011295
-0.012956
-0.019844
-0.028443
-0.041301
-0.037133
-0.021873
0.005208
0.023236
0.006353
-0.026075
-0.055724
-0.062113
-0.035461
0.010187
0.012664
0.001076
-0.006668
-0.005860
-0.011783
-0.012123
0.005303
0.023211
0.025097
0.002380
-0.021132
-0.045432
-0.022331
0.019158
0.041238
0.027553
0.011591
-0.014983
-0.036685
-0.034217
-0.001679
0.024832
0.001651
-0.025009
-0.035406
-0.026390
-0.005342
0.035238
0.039899
0.016558
-0.010834
-0.005930
0.018707
0.053906
0.076084
0.042096
-0.006669
-0.040812
-0.031814
-0.009539
0.017623
0.030667
0.014408
-0.023782
-0.037282
-0.002621
0.039640
0.061625
0.055523
0.032416
-0.008440
-0.033235
-0.012405
0.006377
0.008144
-0.016515
-0.048230
-0.061351
-0.061687
-0.036975
-0.017457
-0.002452
-0.007304
-0.004900
0.007557
0.027361
0.029787
0.015584
0.001471
-0.018976
-0.021637
-0.021933
-0.011848
-0.012918
-0.028551
-0.053408
-0.051650
-0.030890
-0.023983
-0.012848
-0.008856
-0.015118
-0.013496
-0.009130
-0.010166
-0.002943
0.013628
0.012244
-0.010602
-0.033682
-0.038880
-0.032290
-0.014012
-0.000113
-0.008941
-0.025348
-0.033277
-0.012137
0.007407
0.017956
0.023283
0.020308
0.005519
0.003975
0.017733
0.023950
0.039812
0.039673
0.022718
0.007132
-0.008823
-0.004362
-0.000210
0.005224
0.024489
0.025690
0.014701
0.012080
0.017478
0.018263
0.031215
0.038391
0.037077
0.023714
0.007298
-0.007677
-0.015919
-0.009323
0.005843
0.021315
0.017500
0.023162
0.033432
0.032233
0.026446
0.038683
0.029031
0.016134
0.007919
0.002713
-0.000936
-0.002359
0.017715
0.021050
0.007950
-0.019094
-0.020578
-0.006465
0.015328
0.030802
0.025794
-0.002183
-0.020595
-0.008553
0.001028
0.002949
-0.002598
-0.001409
-0.010235
-0.016160
-0.012686
-0.013290
-0.016715
-0.008946
0.002440
0.005437
0.009991
0.003393
-0.012466
-0.023676
-0.028568
-0.020866
-0.018519
-0.024021
-0.021014
-0.007140
0.007032
0.013546
0.015107
0.013309
0.018960
0.025162
0.030002
0.024566
0.026134
0.015020
0.000926
0.005777
0.009217
0.010994
0.009612
0.011123
0.005840
0.011173
0.020170
0.036269
0.039582
0.044396
0.063734
0.069205
0.047712
0.011328
-0.002762
0.005299
0.028970
0.034356
0.021972
-0.006139
-0.027505
-0.033673
-0.026438
-0.006281
0.018647
0.040426
0.050320
0.058357
0.048170
0.039676
0.040232
0.038901
0.034464
0.021459
0.000194
-0.020123
-0.023155
-0.015266
-0.016135
-0.022430
-0.020390
-0.001578
0.007907
0.008091
0.011793
0.015489
0.018524
0.025490
0.034112
0.009216
-0.024847
-0.039337
-0.032198
-0.018404
-0.013014
-0.023759
-0.035762
-0.033808
-0.022516
-0.002142
0.000492
0.003006
0.004377
-0.002942
-0.005018
-0.002120
-0.000037
-0.007640
-0.017978
-0.026577
-0.019803
-0.018146
-0.019715
-0.020226
-0.032148
-0.027841
-0.017957
-0.005080
-0.003392
-0.010199
-0.017798
-0.013738
0.001880
0.004770
0.006203
-0.005245
-0.002072
0.003985
0.005301
0.004020
-0.001044
-0.004379
-0.016341
-0.030298
-0.038989
-0.022581
-0.006113
0.011528
0.025942
0.021273
0.008905
0.015524
0.031336
0.042317
0.040423
0.023555
0.009036
-0.020315
-0.037722
-0.045592
-0.034655
-0.017043
-0.023501
-0.034931
-0.042130
-0.032093
-0.016914
0.000002
0.015273
0.024179
0.023215
0.007029
0.005101
0.008290
0.010106
0.010798
-0.005117
-0.030934
-0.052643
-0.046984
-0.032722
-0.024051
-0.020172
-0.019297
-0.012408
-0.006634
0.005483
0.012044
0.012229
0.017431
0.017975
0.015304
-0.003217
-0.021852
-0.031065
-0.042235
-0.050213
-0.051281
-0.043433
-0.028436
-0.019206
-0.023714
-0.022310
-0.009286
0.007075
0.019573
0.031093
0.026478
0.023819
0.014914
0.002098
-0.014889
-0.035830
-0.048484
-0.039973
-0.028939
-0.035357
-0.029116
-0.021165
0.006460
0.011650
0.011759
0.016314
0.019141
0.021133
0.017701
0.009784
-0.007077
-0.010525
-0.020665
-0.037021
-0.038436
-0.038282
-0.030606
-0.018772
-0.007134
-0.000687
-0.000551
0.003559
0.011012
0.020663
0.020264
0.023989
0.011236
0.011348
-0.000725
-0.015293
-0.020786
-0.020422
-0.016041
-0.015311
-0.019461
-0.033499
-0.042995
-0.035044
-0.010754
-0.005001
-0.001450
-0.006959
0.004216
0.001422
0.005482
0.007320
0.005876
-0.000329
-0.008373
-0.012354
-0.028057
-0.022738
-0.023637
-0.007968
-0.007138
-0.003346
0.002151
0.005558
0.012200
0.014111
0.020968
0.021783
0.024009
0.009179
-0.012904
-0.033702
-0.031614
-0.022393
-0.020205
-0.009198
-0.009082
-0.016901
-0.010732
-0.005446
-0.001167
0.012502
0.032974
0.040755
0.012584
-0.015696
-0.012511
0.012585
0.024553
0.022761
0.012568
0.000995
-0.013974
-0.018249
-0.004203
0.005993
0.013970
0.021241
0.024453
0.009608
-0.007456
-0.011090
-0.005864
0.011454
0.011276
0.005571
0.005306
-0.003138
-0.011651
-0.018260
-0.002726
0.013936
0.014389
-0.004914
-0.011022
-0.004025
0.009918
0.026577
0.025563
0.009861
-0.006089
-0.002758
0.016130
0.031810
0.027736
0.017121
0.007698
0.003411
-0.007038
-0.007839
-0.012165
-0.015956
-0.018050
-0.026687
-0.031882
-0.022124
0.004874
0.021034
0.023286
0.018338
0.023685
0.032840
0.042285
0.044415
0.033769
0.008126
-0.012253
-0.020042
-0.013075
