-0.032916
-0.025074
-0.017078
-0.007702
0.001258
0.005702
0.005465
0.003852
0.003282
0.001357
-0.006058
-0.016182
-0.022536
-0.025613
-0.029453
-0.031099
-0.026648
-0.018876
-0.011787
-0.005569
0.000160
0.004610
0.008402
0.009002
0.006530
0.000085
-0.006454
-0.016950
-0.025854
-0.033121
-0.027080
-0.017385
-0.009696
-0.015405
-0.015626
-0.004269
0.014384
0.022229
0.009134
-0.002207
-0.016003
-0.012808
-0.020901
-0.014735
-0.028281
-0.016788
-0.034432
-0.026726
-0.041731
-0.016039
-0.030616
-0.032673
-0.071920
-0.107298
-0.253083
-0.290737
-0.221543
-0.582724
-0.259644
-0.138488
0.039172
0.342765
0.366159
0.685490
0.430080
-0.134393
-0.329657
-0.059839
-0.075613
-0.218949
-0.260676
-0.217382
-0.316261
-0.719857
-0.782358
-0.287923
0.352144
0.539397
0.216319
-0.109684
0.018433
0.331662
0.394858
0.198460
-0.096657
-0.313469
-0.456934
-0.498810
-0.382968
-0.181166
0.038955
0.096321
-0.098270
-0.307730
-0.120359
0.403409
0.741929
0.510752
-0.120404
-0.446146
-0.147073
0.288585
0.299261
-0.112709
-0.413858
-0.359312
-0.131424
0.041149
0.099954
0.165551
0.230054
0.221291
0.129865
0.066020
0.169914
0.432607
0.541469
0.185154
-0.386298
-0.572965
-0.284243
0.117694
0.138542
-0.209173
-0.339042
-0.085279
0.267088
0.347923
0.174972
0.200041
0.275337
0.291620
0.154677
-0.101920
-0.204373
-0.176013
-0.074341
-0.206062
-0.325099
-0.180342
-0.046539
0.003131
0.213198
0.196135
0.254685
0.386271
0.528665
0.781191
0.686367
0.480690
0.389398
0.303310
0.005915
-0.164749
-0.210830
-0.122843
-0.082664
-0.220989
-0.308677
-0.251468
-0.124777
-0.092058
-0.026950
0.266288
0.567504
0.569701
0.216456
-0.094567
-0.075589
0.051790
0.074971
-0.080735
-0.330963
-0.528048
-0.488212
-0.261041
-0.022590
-0.030518
-0.111988
-0.083001
0.145822
0.361134
0.361674
0.311175
0.204358
0.075500
-0.042589
-0.128927
-0.185428
-0.330488
-0.454298
-0.320060
-0.083803
-0.011356
-0.170880
-0.193533
0.096135
0.451595
0.503799
0.227341
-0.027955
-0.050323
0.132950
0.166944
-0.093322
-0.463499
-0.702137
-0.594626
-0.260252
-0.057779
-0.082768
-0.211283
-0.107320
0.138535
0.109076
0.087074
0.032530
0.061057
0.052369
-0.097883
-0.244375
-0.427614
-0.399444
-0.227494
0.048210
-0.128293
-0.169227
0.209797
0.589031
0.702484
0.534876
0.602106
0.715980
0.585324
0.225480
0.151633
0.220972
0.043964
-0.267216
-0.384067
-0.142505
-0.065540
-0.376320
-0.673746
-0.521259
0.066489
0.327076
0.202247
0.055565
0.114704
0.194361
0.078263
-0.114776
-0.130530
0.065600
0.017834
-0.321549
-0.692991
-0.673177
-0.193318
0.183169
0.021067
-0.450256
-0.568892
-0.040800
0.555775
0.607321
0.143452
-0.232958
-0.131922
0.077458
0.028819
-0.169481
-0.216561
-0.150751
-0.291404
-0.464167
-0.496485
-0.110103
0.264958
0.231877
-0.023121
-0.246362
0.001354
0.292757
0.330319
-0.113597
-0.516202
-0.504327
-0.245629
-0.100698
-0.405214
-0.630342
-0.425483
-0.038533
0.083145
-0.017941
-0.100414
0.209835
0.609143
0.660699
0.322020
-0.008281
0.049900
0.447883
0.524133
0.099960
-0.282421
-0.298621
0.014242
0.027539
-0.185747
-0.131459
0.202778
0.425404
0.335522
0.095502
0.216944
0.499573
0.608300
0.365642
-0.065047
-0.254546
-0.172175
0.033261
0.104863
-0.019467
-0.141288
-0.239076
-0.389435
-0.480602
-0.271695
0.139393
0.343856
0.075835
-0.269889
-0.278959
-0.096758
0.078621
-0.007259
-0.176264
-0.178161
-0.190323
-0.163877
-0.044018
-0.020957
-0.039373
-0.164988
-0.174285
-0.171242
-0.222794
-0.256487
-0.079044
0.080310
-0.040510
-0.301428
-0.247674
0.065774
0.191455
0.116742
0.007705
-0.031036
-0.071195
-0.072785
0.030520
0.065191
-0.013590
0.037244
0.080310
0.036005
-0.395692
-0.641454
-0.462802
0.025774
0.405334
0.268098
-0.145761
-0.362760
-0.097056
0.369688
0.509392
0.185381
-0.169718
-0.277626
-0.055108
0.295965
0.560522
0.568913
0.479522
0.210715
-0.004611
-0.083426
0.039003
0.272144
0.349887
0.270023
0.110400
-0.014215
-0.055822
0.020949
0.092609
0.154002
0.089021
-0.061760
-0.096061
0.127093
0.370282
0.449668
0.205836
-0.111427
-0.169015
0.044927
0.380194
0.438769
0.142347
-0.241724
-0.261108
-0.040423
0.070436
-0.076817
-0.268699
-0.302145
-0.223273
-0.118287
-0.013390
0.011519
-0.053543
-0.009362
0.031951
0.088380
0.086346
0.034277
-0.009305
-0.088620
-0.276939
-0.440524
-0.342816
-0.056511
0.094872
-0.120086
-0.408100
-0.328001
0.166765
0.395837
0.278921
0.001836
-0.267644
-0.318994
-0.222227
0.014438
0.212094
0.209999
0.113826
-0.046552
-0.213649
-0.234032
-0.057188
0.179137
0.179594
0.020080
-0.133664
-0.050667
0.029974
0.025543
-0.092278
-0.165654
-0.044877
0.009350
-0.087264
-0.212708
-0.075680
0.227030
0.353423
0.128028
-0.109568
-0.039270
0.244064
0.370727
0.164020
-0.166647
-0.202017
0.046305
0.315236
0.318188
0.101191
0.064054
0.259371
0.403830
0.228993
-0.109748
-0.244523
-0.018472
0.265256
0.302410
0.102855
-0.129624
-0.151650
0.054653
0.196486
0.119449
-0.042396
-0.112663
-0.010316
0.144111
0.161874
0.073401
-0.018613
-0.054626
-0.021625
-0.071197
-0.191634
-0.186705
-0.019305
0.178676
0.211496
0.063976
-0.045470
-0.070777
0.024025
0.092722
0.038160
-0.057006
-0.013349
0.157392
0.241305
0.177140
-0.107346
-0.289225
-0.271867
-0.142344
0.010818
0.074672
0.130142
0.194014
0.165266
-0.040033
-0.212628
-0.237664
-0.073619
0.146689
0.206780
0.118751
-0.072820
-0.185326
-0.200976
-0.067366
0.042550
0.030797
-0.070737
-0.116511
0.016924
0.139412
0.099552
-0.104163
-0.156938
-0.168911
-0.214492
-0.265945
-0.143476
0.174730
0.322744
0.178740
-0.107758
-0.264213
-0.246872
-0.018676
0.198363
0.186973
0.067195
-0.058116
-0.019868
0.021804
-0.025751
-0.132472
-0.164236
-0.062238
0.023101
0.086928
-0.003924
-0.087835
-0.076222
0.016053
0.086934
0.006769
-0.144437
-0.197325
-0.009386
0.200059
0.287321
0.133692
-0.151146
-0.267062
-0.092218
0.217291
0.241451
0.037583
-0.229678
-0.215571
0.046347
0.211321
0.203375
-0.019649
-0.219326
-0.184052
0.166638
0.394513
0.339809
0.094072
-0.137195
-0.100039
-0.016214
0.006863
-0.000662
0.018121
0.008203
0.005822
-0.014991
-0.105587
-0.105139
-0.048593
0.033313
0.089279
0.126837
0.181110
0.256313
0.310369
0.152566
-0.097416
-0.278222
-0.293412
-0.138262
0.044005
0.122515
0.088570
-0.026355
-0.160302
-0.150074
-0.022204
0.093274
0.066206
-0.095411
-0.158423
-0.048906
0.093571
0.093020
-0.085209
-0.296828
-0.373616
-0.247172
-0.030004
0.090751
0.073042
0.037248
0.040492
0.031321
-0.012817
-0.017498
0.009222
-0.004129
-0.068689
-0.116040
-0.064540
0.034627
0.065991
-0.070160
-0.279857
-0.355430
-0.195457
0.085550
0.242794
0.221296
0.073578
-0.074554
-0.126636
-0.061130
0.055824
0.125680
0.125607
0.063657
-0.008717
-0.055693
-0.092565
-0.133228
-0.127985
-0.110580
-0.090553
0.052862
0.186682
0.190371
0.122596
0.013321
0.029747
0.109500
0.094951
-0.003073
-0.036199
0.024477
0.052602
-0.023436
-0.134071
-0.102287
-0.019366
0.003340
-0.084188
-0.117350
0.045701
0.279219
0.406702
0.248070
-0.056828
-0.186936
-0.033466
0.172903
0.164863
-0.028535
-0.171580
-0.157921
-0.069243
-0.054839
-0.106349
-0.117177
-0.061711
0.010479
0.071403
0.132000
0.141877
0.070075
-0.057992
-0.131177
-0.123300
-0.028855
0.065039
0.098029
0.047585
-0.074415
-0.177375
-0.177104
-0.039654
0.023126
0.010600
-0.001964
0.052336
0.129719
0.050108
-0.024927
-0.026332
0.013138
-0.002579
-0.047399
-0.039429
-0.056174
-0.079287
-0.131887
-0.139785
-0.126553
-0.147168
-0.131388
-0.045971
0.052895
0.148498
0.229470
0.217111
0.221049
0.187933
0.049099
-0.048598
-0.104306
-0.111307
-0.075663
-0.008934
0.026657
-0.042870
-0.118944
-0.103094
-0.006930
0.117811
0.196332
0.192051
0.098256
0.035452
0.067204
0.052115
-0.101339
-0.281862
-0.244914
-0.060051
0.091298
0.076233
-0.014475
-0.057012
-0.037392
0.019002
-0.000777
0.025420
0.124158
0.184564
0.119338
-0.057307
-0.198533
-0.185874
-0.044246
0.032704
-0.006048
-0.054926
-0.012994
0.085193
0.077545
-0.041852
-0.113016
-0.044289
0.093271
0.156457
0.095430
0.013351
-0.008436
-0.002311
-0.018204
-0.084104
-0.096037
-0.066083
-0.042168
0.001929
0.017939
0.003287
-0.028411
-0.028096
-0.032156
-0.039192
-0.008318
0.036881
0.065698
0.042181
-0.023638
-0.056656
-0.082316
-0.064480
0.010415
0.076713
0.087235
0.017838
-0.064455
-0.102739
-0.046590
0.006318
0.030678
0.028100
0.002924
0.011207
0.069414
0.125924
0.096914
-0.005921
-0.071126
-0.023542
0.043786
0.031979
-0.007656
-0.000524
0.005807
-0.028662
-0.096588
-0.094374
-0.000637
0.119454
0.171268
0.105691
-0.007181
-0.089372
-0.080192
-0.029416
0.025204
0.029798
0.010231
0.013277
-0.008987
-0.046570
-0.090887
-0.085237
-0.027999
0.016366
0.038389
0.053757
0.049047
0.014870
-0.016946
-0.020206
0.003016
0.022192
0.005033
-0.029160
-0.023612
0.004057
0.009804
-0.032315
-0.069426
-0.067664
-0.014248
0.057075
0.103041
0.095405
0.017544
-0.037668
-0.045511
-0.044795
-0.059993
-0.030573
0.038830
0.067586
0.031988
-0.063837
-0.115471
-0.096991
-0.011472
0.079597
0.090725
0.032861
-0.021918
-0.014538
0.000258
0.015681
0.011508
0.011826
0.022333
0.035568
0.033209
0.003360
-0.013111
0.021584
0.073066
0.065005
-0.018396
-0.106217
-0.103387
-0.022107
0.070005
0.067041
0.003491
-0.035303
-0.017900
0.038292
0.109261
0.121847
0.043803
-0.051469
-0.083893
-0.004620
0.102361
0.110958
0.023291
-0.041759
-0.048252
-0.036867
-0.035339
-0.027800
0.015700
0.064415
0.030459
-0.027446
-0.030249
0.038892
0.106051
0.100813
0.029099
-0.064924
-0.071747
-0.009978
0.070294
0.065335
-0.020272
-0.097401
-0.095354
-0.002503
0.083088
0.091429
0.059049
0.027715
-0.000631
-0.004253
0.012522
0.057962
0.074797
0.051647
0.008176
-0.043223
-0.064486
-0.021137
0.045999
0.075643
0.030757
-0.012478
-0.028402
-0.044159
-0.021406
0.015644
0.056128
0.030275
-0.037031
-0.080664
-0.040265
0.040815
0.079275
0.095453
0.079005
0.036615
-0.028064
-0.060258
-0.023366
0.025040
0.021259
-0.030697
-0.059893
-0.021953
0.044125
0.082531
0.063714
0.034926
0.010241
-0.016176
-0.024197
-0.018328
0.001408
-0.024668
-0.053691
-0.060900
-0.033286
0.022687
0.056923
0.057868
0.028776
0.002833
-0.001120
0.022902
0.044145
0.035973
-0.005396
-0.045288
-0.063177
-0.050846
-0.010367
0.014495
0.018610
0.028654
0.039911
0.062576
0.066216
0.044090
0.028126
0.030879
0.038691
0.028591
-0.014264
-0.077604
-0.106047
-0.075399
-0.031026
-0.001878
-0.007820
-0.028604
-0.003410
0.025039
0.052341
0.072678
0.094598
0.084359
0.015055
-0.016082
-0.000947
0.019603
0.001469
-0.049221
-0.071836
-0.076192
-0.074576
-0.046115
-0.028664
-0.033321
-0.036241
-0.010267
0.023549
0.034900
0.023413
0.008688
0.020888
0.027904
0.014393
-0.027409
-0.080308
-0.094537
-0.070471
-0.041903
-0.018455
-0.014672
-0.025462
-0.031069
0.007778
0.074056
0.097549
0.052493
-0.006112
-0.023154
-0.002780
0.024954
0.009618
-0.037627
-0.082393
-0.074484
-0.046585
-0.059079
-0.074210
-0.056450
-0.006134
0.012566
-0.000595
0.005763
0.039833
0.061396
0.025458
-0.013234
-0.024552
-0.016578
-0.019581
-0.029429
-0.045066
-0.061639
-0.064981
-0.064488
-0.042486
-0.011060
0.005168
0.004664
0.013731
0.027316
0.035195
0.015278
-0.010077
-0.020512
-0.032665
-0.042982
-0.041955
-0.015979
-0.015295
-0.060356
-0.089992
-0.061938
-0.019958
-0.001738
-0.009545
-0.022990
-0.010111
0.031855
0.059667
0.056631
0.036119
-0.008782
-0.048788
-0.077969
-0.085240
-0.057727
-0.034595
-0.049314
-0.077701
-0.074022
-0.033313
0.023101
0.062457
0.056803
0.033310
0.024509
0.032981
0.040060
0.047628
0.042548
0.012647
-0.039978
-0.098518
-0.104941
-0.054123
0.012418
0.035343
0.007452
-0.020927
0.007579
0.060988
0.073927
0.050031
0.021596
0.001679
-0.011020
-0.001599
-0.006175
-0.067245
-0.126393
-0.119718
-0.058488
0.000763
0.008836
0.007576
0.012302
0.017168
0.027312
0.039323
0.036789
0.013971
-0.019822
-0.057491
-0.072829
-0.065725
-0.041368
-0.034895
-0.043449
-0.063180
-0.053896
-0.005934
0.036145
0.047582
0.031959
0.032063
0.025982
0.018991
0.002082
-0.024921
-0.038059
-0.043198
-0.034554
-0.038819
-0.057413
-0.056381
-0.036553
-0.002461
0.022099
0.039982
0.061350
0.063118
0.025164
-0.034179
-0.055274
-0.022283
-0.000986
-0.018967
-0.045849
-0.051698
-0.030312
-0.019674
-0.008990
0.020090
0.074404
0.096411
0.079094
0.049816
0.041363
0.074590
0.095732
0.100402
0.058819
-0.003302
-0.055464
-0.050161
0.009557
0.035230
0.014482
-0.014921
-0.012617
-0.000895
0.015018
0.064981
0.126611
0.125653
0.058947
-0.001847
-0.006517
0.019469
0.029664
-0.004407
-0.070579
-0.123606
-0.123381
-0.069560
-0.002533
0.054687
0.061845
0.040403
0.030931
0.066697
0.124077
0.122120
0.075876
0.021029
-0.019197
-0.043313
-0.045845
-0.050779
-0.060601
-0.073525
-0.107201
-0.107052
-0.050880
0.032747
0.078733
0.065358
0.034841
0.038170
0.065801
0.085323
0.073475
0.032762
-0.026746
-0.067313
-0.056142
-0.028061
-0.010723
-0.039017
-0.082285
-0.091365
-0.043023
0.025497
0.071861
0.094972
0.072936
0.039573
0.022118
0.034398
0.059985
0.060774
0.029472
-0.014741
-0.033730
-0.021328
0.000748
0.004267
0.007586
0.017505
0.036406
0.052422
0.058988
0.063218
0.082581
0.104423
0.084693
0.045390
0.015978
0.025516
0.053514
0.041917
0.004620
-0.028095
-0.021065
0.009972
0.023144
0.025851
0.015552
0.014233
0.020190
0.031636
0.037231
0.037185
0.041154
0.037843
0.025111
0.002974
-0.016394
-0.014555
-0.001350
-0.000627
-0.018546
-0.043497
-0.038927
-0.014402
0.008697
0.016217
0.023932
0.031657
0.021615
0.008390
-0.000333
-0.000089
0.023816
0.043219
0.023440
-0.022223
-0.048273
-0.036376
-0.035366
-0.045326
-0.060895
-0.062102
-0.030062
0.000557
0.003578
-0.012668
-0.014218
0.020476
0.051671
0.044245
0.031026
0.018275
-0.002874
-0.021436
-0.043908
-0.068638
-0.078075
-0.071261
-0.045856
-0.015417
-0.004090
0.007380
0.016780
0.030623
0.054444
0.093099
0.127701
0.100299
0.031821
-0.047365
-0.070719
-0.023038
0.029510
0.034738
-0.015070
-0.054760
-0.045906
0.000629
0.044150
0.047663
0.032193
0.025462
0.037702
0.041222
0.036115
0.046486
0.045183
0.012634
-0.048538
-0.070215
-0.053314
-0.027618
-0.007244
-0.007862
-0.019046
-0.035033
-0.021176
0.005159
0.026324
0.040567
0.042878
0.040463
0.021612
-0.002537
-0.018982
-0.035671
-0.053840
-0.064932
-0.054204
-0.055181
-0.054446
-0.043521
-0.029125
-0.008540
0.000953
0.016761
0.032380
0.031100
0.003603
-0.027055
-0.029927
-0.008226
0.009338
-0.011059
-0.074449
-0.108794
-0.091609
-0.051541
-0.028456
-0.017419
0.006789
0.015178
0.011424
-0.004427
0.026415
0.062931
0.052520
0.002027
-0.063836
-0.083106
-0.080499
-0.058375
-0.039612
-0.035326
-0.040201
-0.054616
-0.046446
-0.020217
0.023438
0.058230
0.062369
0.047997
0.025936
0.017076
0.020818
0.017838
-0.001265
-0.028270
-0.061305
-0.083573
-0.066320
-0.027245
0.000293
-0.007157
-0.033127
-0.031142
0.001976
0.047876
0.078328
0.067431
0.011120
-0.054571
-0.075660
-0.040721
-0.017627
-0.047484
-0.095095
-0.115916
-0.088266
-0.042089
-0.003749
0.011275
0.008028
0.013404
0.016755
0.022575
0.029773
0.026913
0.017820
-0.017883
-0.045232
-0.041564
-0.030971
