0.000355
0.000938
0.001166
0.000986
0.001208
0.000975
0.000322
-0.000787
-0.001639
-0.001927
-0.001997
-0.001882
-0.001093
-0.000209
0.000548
0.001332
0.002460
0.003915
0.003981
0.002772
0.002285
0.001591
0.000802
-0.000442
-0.001505
-0.002106
-0.002515
-0.002287
-0.001641
-0.000409
0.000073
0.000467
0.001002
0.001383
0.001118
0.000691
0.000023
-0.001284
-0.002875
-0.003952
-0.004305
-0.004230
-0.003903
-0.004006
-0.003623
-0.003407
-0.002681
-0.002377
-0.002438
-0.002271
-0.002631
-0.002534
-0.002467
-0.003093
-0.004482
-0.006105
-0.006118
-0.005525
-0.005169
-0.004833
-0.005593
-0.005751
-0.006265
-0.006144
-0.005431
-0.005518
-0.006218
-0.006894
-0.006551
-0.006165
-0.005751
-0.004957
-0.003970
-0.003382
-0.002292
-0.002245
-0.002689
-0.002761
-0.003543
-0.003462
-0.003033
-0.002931
-0.002462
-0.002022
-0.002308
-0.002697
-0.003400
-0.003607
-0.003233
-0.003538
-0.003240
-0.003909
-0.003644
-0.003173
-0.002869
-0.002738
-0.002113
-0.001425
-0.001476
-0.001297
-0.002205
-0.001454
-0.002789
-0.002720
-0.002672
-0.003151
-0.002704
-0.003022
-0.002635
-0.002969
-0.003972
-0.005113
-0.004811
-0.005037
-0.005152
-0.004718
-0.004710
-0.004645
-0.004377
-0.004842
-0.005180
-0.005813
-0.006718
-0.006327
-0.005752
-0.005252
-0.004755
-0.005222
-0.005511
-0.005789
-0.005298
-0.004859
-0.005005
-0.005782
-0.006412
-0.007116
-0.007079
-0.006107
-0.006122
-0.005600
-0.005960
-0.005256
-0.004340
-0.003496
-0.003943
-0.004112
-0.003842
-0.003789
-0.003319
-0.004236
-0.004502
-0.004903
-0.004603
-0.004945
-0.005634
-0.005773
-0.006577
-0.006556
-0.006471
-0.006479
-0.006141
-0.006205
-0.006513
-0.006704
-0.006689
-0.006984
-0.007509
-0.007529
-0.007649
-0.007854
-0.007645
-0.007241
-0.006657
-0.007203
-0.007277
-0.006366
-0.006599
-0.007311
-0.007844
-0.008420
-0.008927
-0.009992
-0.010097
-0.009668
-0.009865
-0.009429
-0.009215
-0.008418
-0.008399
-0.008488
-0.008087
-0.007914
-0.008280
-0.008452
-0.007928
-0.007859
-0.007688
-0.008187
-0.008018
-0.008216
-0.008520
-0.008263
-0.008484
-0.007752
-0.007501
-0.007473
-0.006762
-0.006084
-0.005719
-0.005533
-0.004724
-0.004386
-0.003564
-0.002848
-0.002204
-0.001527
-0.001823
-0.001476
-0.000773
-0.000146
-0.000232
-0.000228
-0.000786
-0.000954
-0.000681
-0.000851
-0.000595
-0.000135
0.000827
0.000824
0.001030
0.001245
0.001617
0.002401
0.002893
0.003196
0.002699
0.002686
0.002295
0.001901
0.002004
0.002096
0.003067
0.003555
0.004234
0.004171
0.003820
0.003275
0.002623
0.002876
0.003450
0.004013
0.004494
0.005659
0.005975
0.006043
0.005865
0.006022
0.006258
0.006912
0.006571
0.006478
0.006621
0.006695
0.007266
0.006731
0.006581
0.006262
0.006463
0.006655
0.007407
0.008952
0.009762
0.009819
0.009654
0.009459
0.009054
0.008233
0.008436
0.009385
0.009813
0.009685
0.009366
0.008693
0.008556
0.008510
0.008836
0.009821
0.010644
0.011214
0.011065
0.011275
0.010938
0.010614
0.009753
0.008878
0.008751
0.008961
0.009568
0.010041
0.010341
0.009382
0.008354
0.007027
0.006729
0.007131
0.007228
0.007128
0.007510
0.007460
0.006062
0.006271
0.005238
0.005499
0.006502
0.006767
0.007589
0.007358
0.007065
0.006258
0.005183
0.004619
0.004130
0.004395
0.004332
0.004112
0.004104
0.004353
0.005180
0.006107
0.006847
0.006498
0.005574
0.004127
0.003286
0.002341
0.002498
0.003605
0.005200
0.005576
0.005715
0.006292
0.006136
0.005106
0.004278
0.004875
0.004777
0.005456
0.005639
0.005161
0.004989
0.004995
0.004666
0.003879
0.003193
0.003558
0.004141
0.004546
0.004034
0.003738
0.003340
0.002228
0.001455
0.000818
0.001655
0.001737
0.002240
0.001708
0.001098
0.000485
-0.000471
-0.000570
0.000031
0.001255
0.001398
0.001147
0.000378
-0.000286
-0.001418
-0.002198
-0.002148
-0.001337
-0.001151
-0.000813
-0.000779
-0.000855
-0.000946
-0.001871
-0.001966
-0.001582
-0.001168
-0.000889
-0.000370
-0.000821
-0.000909
-0.000380
0.000111
0.000098
-0.000118
-0.000404
-0.000268
-0.000710
-0.000999
-0.000649
-0.000794
-0.000484
-0.000773
-0.000617
-0.000855
-0.001347
-0.002206
-0.002190
-0.002045
-0.001170
-0.000570
-0.000271
0.000437
-0.000804
-0.001261
-0.001966
-0.001982
-0.002702
-0.002755
-0.002332
-0.002406
-0.001998
-0.002139
-0.002204
-0.003173
-0.003511
-0.003907
-0.004062
-0.003391
-0.003611
-0.004195
-0.004508
-0.004925
-0.005047
-0.004966
-0.004490
-0.003939
-0.003209
-0.003163
-0.004040
-0.004690
-0.005381
-0.005756
-0.005765
-0.005674
-0.005447
-0.005372
-0.005483
-0.005429
-0.005231
-0.004820
-0.004820
-0.004970
-0.005008
-0.004743
-0.005327
-0.005938
-0.005439
-0.004700
-0.003977
-0.003549
-0.003776
-0.003856
-0.003533
-0.003309
-0.002607
-0.001452
-0.000658
-0.001096
-0.002256
-0.002953
-0.002657
-0.002509
-0.002625
-0.002340
-0.001520
-0.001661
-0.001920
-0.001521
-0.000589
-0.000361
-0.000507
-0.000270
-0.000820
-0.001675
-0.002325
-0.001994
-0.001525
-0.001266
-0.001596
-0.001364
-0.001588
-0.002097
-0.003109
-0.003785
-0.003093
-0.003618
-0.005183
-0.006254
-0.006768
-0.006935
-0.006849
-0.007028
-0.006309
-0.006391
-0.006736
-0.007420
-0.007443
-0.007006
-0.006744
-0.006273
-0.006635
-0.006926
-0.007427
-0.006940
-0.006467
-0.006472
-0.006667
-0.007480
-0.007995
-0.008072
-0.008514
-0.008489
-0.007596
-0.005679
-0.004687
-0.006460
-0.007577
-0.007217
-0.007091
-0.006604
-0.006416
-0.005018
-0.004141
-0.004676
-0.005214
-0.006552
-0.006946
-0.007332
-0.007029
-0.007181
-0.006741
-0.006357
-0.006072
-0.005818
-0.006365
-0.006693
-0.007505
-0.006779
-0.006925
-0.007593
-0.007731
-0.007179
-0.006252
-0.006799
-0.006491
-0.005328
-0.005095
-0.005429
-0.005671
-0.005837
-0.005293
-0.005296
-0.006083
-0.006327
-0.006516
-0.006090
-0.006480
-0.006403
-0.006172
-0.005857
-0.005231
-0.005813
-0.006788
-0.007703
-0.008231
-0.007896
-0.007003
-0.006731
-0.006339
-0.005421
-0.003905
-0.002915
-0.002988
-0.002955
-0.002449
-0.002360
-0.003133
-0.003806
-0.003735
-0.003517
-0.003898
-0.004318
-0.004216
-0.004654
-0.004330
-0.002948
-0.001656
-0.001041
-0.000809
-0.000181
-0.000210
-0.001264
-0.002011
-0.002207
-0.001561
-0.001109
-0.001716
-0.002056
-0.001050
0.000621
0.000545
-0.000376
0.000515
0.002264
0.001968
-0.000219
-0.001940
-0.001971
-0.001257
-0.000243
0.000170
-0.000309
-0.000326
0.000194
-0.000314
-0.001128
-0.001064
0.000285
0.001913
0.002128
-0.000090
-0.000549
0.001678
0.003517
0.003885
0.002395
0.001195
0.000004
-0.000763
-0.002215
-0.001657
0.000533
0.002472
0.002066
0.000350
0.000357
0.002176
0.005136
0.005343
0.005094
0.004131
0.004218
0.004521
0.004597
0.004311
0.005018
0.008334
0.010592
0.010677
0.007601
0.006462
0.008118
0.009805
0.009423
0.007880
0.006872
0.008678
0.011440
0.011454
0.010582
0.009834
0.009712
0.008916
0.007547
0.007370
0.009450
0.010689
0.009773
0.008448
0.008901
0.010541
0.010873
0.011534
0.011907
0.009921
0.007695
0.008467
0.010757
0.010591
0.008438
0.006597
0.007505
0.007665
0.004508
0.002728
0.005848
0.010432
0.010578
0.006818
0.004759
0.006703
0.008669
0.009549
0.009350
0.009621
0.008627
0.007735
0.008414
0.007900
0.006869
0.006344
0.008798
0.010753
0.008712
0.007079
0.010101
0.014448
0.013445
0.008349
0.007610
0.010984
0.012411
0.009178
0.005875
0.006657
0.008311
0.009187
0.008584
0.008661
0.011249
0.011690
0.008554
0.007054
0.008048
0.011091
0.013512
0.014058
0.011546
0.006960
0.006420
0.009615
0.011363
0.009689
0.008036
0.007390
0.005377
0.002474
-0.000177
-0.000672
0.001103
0.001731
0.000182
-0.001655
-0.000075
0.003405
0.005590
0.004761
0.003063
-0.000321
-0.003538
-0.003738
-0.002173
0.001463
0.005005
0.005967
0.001799
-0.001770
-0.002265
0.000031
0.001834
0.003603
0.004366
0.000193
-0.005234
-0.007185
-0.005821
-0.006178
-0.006266
-0.004648
-0.001728
-0.001893
-0.004242
-0.005681
-0.002799
0.001187
0.001173
-0.001711
-0.001030
0.003050
0.004333
0.001177
-0.000922
-0.000090
0.001134
0.001510
0.002704
0.001580
-0.002246
-0.005784
-0.005529
-0.005332
-0.009152
-0.009336
-0.005087
0.002052
-0.008109
-0.013592
-0.012300
0.005610
0.000516
-0.001424
-0.011668
-0.001740
-0.010484
-0.010099
-0.017003
-0.010412
-0.007828
-0.006375
-0.013613
-0.036643
-0.018434
-0.034558
-0.021718
-0.166957
-0.077858
-0.167160
-0.370836
-0.213337
0.054354
-0.094975
-0.036386
0.361507
0.407705
0.154371
-0.127988
0.400065
0.679736
0.308510
0.110102
0.333385
0.181107
-0.400881
-0.721340
-0.487810
-0.091143
0.001755
-0.117643
-0.324385
-0.266951
-0.005292
0.345181
0.475439
0.331393
0.205708
0.200576
0.115332
-0.079019
-0.203853
-0.077383
0.035692
-0.238888
-0.720528
-0.728226
-0.151813
0.375751
0.391130
-0.021093
-0.218611
0.091247
0.562381
0.627081
0.214103
-0.175852
-0.126550
0.034127
-0.137408
-0.421472
-0.451529
-0.223822
-0.043030
-0.113939
-0.202971
-0.136372
0.174956
0.522872
0.469998
0.111163
-0.115630
0.041626
0.192351
0.045414
-0.222316
-0.302735
-0.310958
-0.403326
-0.439620
-0.244645
0.007770
0.163768
0.248431
0.140305
0.070882
0.140869
0.322446
0.399963
0.224432
-0.082477
-0.113017
-0.322054
-0.530768
-0.489202
-0.420470
-0.172345
-0.083422
-0.087415
-0.123102
-0.024444
0.044949
0.403378
0.252190
-0.092488
0.004657
0.309447
0.708945
0.640242
0.442491
0.262991
0.261514
-0.014161
-0.174353
-0.108373
0.129935
0.318363
0.237362
-0.114049
-0.598457
-0.664915
-0.464810
-0.005116
0.293763
0.298593
0.202620
0.107304
0.002187
0.026197
0.135060
0.262767
0.265819
-0.051039
-0.473734
-0.639449
-0.449902
-0.156945
0.010586
-0.164162
-0.316299
-0.161360
0.132645
0.351616
0.329666
0.213890
0.187060
0.186937
0.097109
-0.026571
-0.184428
-0.217153
-0.132718
-0.183777
-0.325338
-0.475633
-0.244003
0.065890
0.266818
0.178362
-0.022498
0.055822
0.218046
0.386404
0.174123
-0.136203
-0.403277
-0.409992
-0.251871
-0.225627
-0.259538
-0.276277
-0.259343
-0.248044
-0.244084
-0.143889
0.015731
0.236894
0.344579
0.187142
0.065607
-0.014953
0.004975
0.043929
0.154517
0.279826
0.269757
-0.148619
-0.344833
-0.125072
0.250128
0.571216
0.570270
0.496530
0.286892
0.150475
0.077870
0.247457
0.345631
0.262957
0.197555
0.056996
-0.138921
-0.284338
-0.198284
-0.044373
0.025367
-0.029316
-0.053171
-0.071244
-0.099793
0.022764
0.195556
0.137981
-0.153311
-0.346891
-0.235441
0.008856
0.179899
0.115093
-0.131798
-0.246015
-0.167601
-0.011862
0.034684
-0.147784
-0.097231
0.097529
0.102292
-0.087610
-0.180748
-0.042357
0.110423
0.062018
-0.095528
-0.177007
-0.221393
-0.079022
-0.011503
0.011354
-0.233741
-0.288906
-0.061571
0.075858
0.161863
0.117031
0.117682
0.046530
-0.063415
-0.198059
-0.202823
0.047642
0.371291
0.419139
0.106299
-0.394620
-0.615561
-0.469642
-0.166605
0.131247
0.232251
0.208735
0.056019
-0.179254
-0.219517
0.005621
0.201249
0.343517
0.117887
-0.242056
-0.372006
-0.179495
0.345725
0.584447
0.450236
0.160873
0.058991
0.163782
0.299595
0.305261
0.151245
0.069175
0.105039
0.260675
0.223061
-0.035658
-0.193163
-0.053219
0.208610
0.164009
0.015253
-0.031781
0.130777
0.279335
0.245609
0.068766
-0.226225
-0.316278
-0.181611
0.077554
0.068681
-0.102969
-0.194225
-0.163138
-0.070110
0.000176
0.118149
0.091735
-0.049219
-0.235236
-0.257234
-0.118895
0.048423
0.198243
0.087361
-0.096842
-0.175672
-0.133794
-0.027190
-0.011328
-0.008171
-0.017763
-0.120896
-0.239572
-0.225951
-0.033771
0.200478
0.278473
0.041977
-0.297262
-0.350256
-0.122429
0.158418
0.236483
0.153798
0.013812
-0.083990
-0.182082
-0.237264
-0.186107
-0.065474
0.174667
0.255118
0.113417
-0.147448
-0.298770
-0.218401
-0.031713
0.093926
0.038310
-0.060176
-0.157600
-0.169102
-0.145891
-0.043057
0.122691
0.145070
0.071608
-0.015168
0.032130
0.122555
0.189839
0.177808
0.063304
-0.051170
-0.087064
0.053086
0.233549
0.233643
0.092473
-0.018261
0.000432
0.080365
0.127172
0.119633
0.105466
0.074954
-0.030315
-0.083656
-0.084327
0.017113
0.082533
0.072796
0.000281
-0.065703
0.005931
0.098764
0.158974
0.063130
-0.086575
-0.164002
-0.126480
-0.016331
0.091934
0.193653
0.206287
0.056560
-0.146566
-0.211403
-0.062002
0.124423
0.205477
0.121015
-0.024021
-0.120974
-0.132999
-0.037296
0.026777
0.091695
0.123206
0.081133
-0.017194
-0.055779
-0.032022
0.053388
0.093461
0.025095
-0.092001
-0.179168
-0.082254
0.040330
0.032153
-0.055721
-0.083622
-0.051514
-0.054008
-0.050113
0.042968
0.106803
0.109189
0.016355
-0.102456
-0.195070
-0.188205
-0.061191
0.036932
0.004523
-0.115357
-0.174365
-0.183738
-0.087600
0.019505
0.080023
-0.003692
-0.215581
-0.297526
-0.161799
0.071864
0.142055
0.016595
-0.149019
-0.198222
-0.118133
-0.033438
0.007808
-0.008958
-0.048017
-0.053363
-0.051627
-0.049071
-0.008289
0.086882
0.122250
0.043402
-0.080991
-0.103030
0.023298
0.129831
0.079695
-0.062262
-0.104690
-0.043208
0.053373
0.079509
0.045449
0.034578
0.052864
0.067216
0.018023
-0.023235
0.009491
0.105944
0.162167
0.084088
-0.029170
-0.081182
-0.024825
0.043679
0.097798
0.074920
0.034270
0.040422
0.012237
0.004182
-0.001153
0.039324
0.083664
0.105053
0.053207
-0.002559
-0.013010
0.059493
0.120512
0.066073
-0.018483
-0.041373
0.036179
0.053253
0.038203
0.011022
-0.011573
-0.031047
-0.021906
-0.027363
-0.053593
-0.027883
-0.015600
-0.004033
-0.035451
-0.045259
-0.001871
0.038645
0.025481
-0.024074
-0.081249
-0.132694
-0.128285
-0.134891
-0.109098
-0.066516
0.017427
0.057994
0.017092
-0.046380
-0.121867
-0.114197
-0.108681
-0.064295
-0.015566
0.035686
0.059935
-0.001685
-0.089398
-0.162546
-0.128587
-0.036772
0.027816
0.025032
0.013139
0.034422
0.046360
-0.003739
-0.083344
-0.107598
-0.057547
0.028137
0.084970
0.074140
0.019932
-0.033349
-0.020409
0.037768
0.072886
0.047540
-0.015575
-0.037634
-0.028282
0.011760
0.037776
0.086622
0.102412
0.042329
-0.034745
-0.084586
-0.072235
-0.029142
0.075008
0.166010
0.171601
0.094591
0.012964
-0.018657
-0.012554
-0.013452
-0.023373
-0.025889
-0.023679
-0.006246
0.021560
0.060978
0.074324
0.040530
-0.024500
-0.101135
-0.132793
-0.044256
0.117895
0.238230
0.218905
0.088181
-0.047131
-0.157038
-0.217728
-0.170542
-0.053694
0.048081
0.114481
0.121511
0.083737
0.055022
0.050909
0.016298
-0.097927
-0.164706
-0.063510
0.108961
0.220986
0.163129
0.038638
-0.084792
-0.171137
-0.183692
-0.125052
-0.013228
0.049065
0.078741
0.049485
0.004846
-0.040896
-0.027988
0.031220
0.043896
-0.024999
-0.077480
-0.020405
0.055932
0.077773
0.036017
0.003427
-0.052331
-0.088314
-0.069967
-0.008878
0.072802
0.093257
0.049218
-0.024173
-0.073323
-0.044879
0.059862
0.155683
0.143495
0.024686
-0.070759
-0.081758
-0.052605
-0.024922
0.008847
0.056190
0.030267
-0.014056
-0.006863
0.001333
0.009011
0.032426
0.042097
0.042359
0.055142
0.051511
0.041654
0.008893
-0.013188
-0.032484
-0.047858
-0.037222
-0.004771
0.038778
0.028690
-0.026389
-0.085639
-0.070026
0.001631
0.064934
0.066996
0.035622
0.017815
0.017899
0.010771
-0.009384
-0.011804
-0.014728
0.004606
0.026793
0.045815
0.041781
0.024957
-0.014759
-0.040464
-0.035560
0.016001
0.075503
0.080243
0.053655
0.008931
-0.004501
-0.006221
0.018025
0.005943
-0.020690
-0.055895
-0.047302
-0.000914
0.018101
0.035792
0.017644
-0.017980
-0.078994
-0.068509
0.015619
0.131182
0.156536
0.057689
-0.039693
-0.062794
-0.016389
0.031103
0.042793
-0.001137
-0.026507
-0.004463
0.041069
0.053677
0.031411
-0.004544
-0.024723
-0.041991
-0.038953
0.006398
0.064337
0.089424
0.067843
0.025698
-0.047127
-0.090647
-0.086140
-0.015056
0.060562
0.072721
0.042939
0.006645
-0.004939
-0.017260
-0.015141
-0.004613
0.002471
0.010110
0.035372
0.081242
0.072315
-0.004908
-0.085073
-0.096778
-0.064231
-0.016031
0.006198
-0.003774
-0.027091
-0.056373
-0.036710
-0.012680
-0.010219
-0.011211
0.000718
0.019003
0.044302
0.035904
0.008507
-0.022866
-0.060197
-0.062967
-0.045912
-0.019285
-0.021962
-0.037955
-0.035047
0.001806
0.031707
0.013675
-0.029413
-0.042245
-0.014086
0.026449
0.059481
0.066713
0.043102
-0.019049
-0.065303
-0.075894
-0.057267
-0.030944
-0.012900
-0.012920
-0.019706
-0.033448
-0.041916
-0.017205
0.014310
0.057291
0.081757
0.064524
0.005507
-0.047861
-0.046992
0.014430
0.058114
0.033245
-0.020464
-0.076226
-0.109534
-0.083652
-0.008193
0.040953
0.033078
-0.004763
-0.015254
0.011080
0.045412
0.052695
0.042837
0.001944
-0.066730
-0.083826
-0.028570
0.027896
0.024646
-0.026205
-0.067903
-0.064895
-0.039081
-0.000880
0.040154
0.052287
0.035689
0.024995
0.026714
0.021173
0.008030
-0.008564
-0.007977
-0.013580
-0.042463
-0.042554
-0.021963
0.002558
-0.005268
-0.064943
-0.108673
-0.088153
-0.029258
0.033531
0.077513
0.089464
0.084969
0.065066
0.015300
-0.025933
-0.045677
-0.041677
-0.020593
-0.006016
-0.002858
-0.016241
-0.020307
-0.007082
0.010861
0.010797
-0.012291
-0.041099
-0.033070
-0.004036
0.034495
0.052023
0.038513
0.019630
0.001461
-0.022179
-0.045167
-0.024078
-0.003235
-0.005250
-0.046739
-0.085622
-0.075571
-0.051657
-0.036472
-0.032266
-0.024896
-0.022134
-0.018114
0.002875
0.045573
0.058490
0.027852
-0.024189
-0.056327
-0.031595
0.009396
0.032457
0.006929
-0.054079
-0.090281
-0.069095
-0.030383
0.014578
0.047888
0.049647
0.025157
-0.005103
-0.008988
0.013956
0.042061
0.043754
0.014044
-0.038391
-0.057232
-0.028834
0.002330
-0.002867
-0.044175
-0.059447
-0.018032
0.034660
0.049765
0.031432
0.026284
0.033494
0.043473
0.041235
0.029072
0.017898
0.006706
-0.011206
-0.030286
-0.032183
-0.009854
0.015895
0.017460
0.004949
-0.012251
-0.010037
0.005936
0.023640
0.021268
0.025250
0.043121
0.060590
0.042640
0.012165
-0.005352
-0.016223
-0.024557
-0.025528
-0.008738
-0.001480
0.000239
-0.016766
-0.039061
-0.047188
0.003061
0.059313
0.065191
0.032509
0.013968
0.022520
0.031387
0.032641
-0.005168
-0.033571
-0.040310
-0.025496
-0.019683
-0.037995
-0.042625
-0.009804
0.028050
0.017524
-0.000385
-0.003192
0.010145
0.010120
-0.000767
-0.002637
0.026987
0.060675
0.053775
0.006760
-0.052090
-0.062590
-0.027367
0.015039
0.018129
0.002471
-0.022383
-0.026993
-0.001079
0.023555
0.026710
0.007127
-0.011435
-0.017497
-0.007773
0.000823
0.016745
0.020431
0.012636
0.010688
-0.000023
-0.006829
-0.009589
-0.018967
-0.029548
-0.026719
0.001382
0.047892
0.056777
0.020489
-0.002218
0.005100
0.017162
0.006839
-0.009275
-0.014615
-0.002438
0.005861
0.020536
0.023026
0.010927
0.010531
0.010162
-0.010935
-0.039215
-0.028700
0.005058
0.032619
0.024270
0.021910
0.019469
0.021208
0.024960
0.029097
0.034330
0.040651
0.058618
0.048141
0.011694
-0.032289
-0.029147
-0.003309
0.027553
0.024915
0.003212
-0.016514
-0.023461
-0.000828
0.019873
0.052569
0.067216
0.052624
0.012610
-0.019227
-0.020732
0.018960
0.045439
0.028031
0.000314
-0.031792
-0.048440
-0.046685
-0.035342
-0.014437
0.010929
0.016768
0.010488
0.000653
0.001786
0.017620
0.027294
0.021474
0.010520
0.001126
-0.003621
-0.005092
-0.012191
-0.021786
-0.038309
-0.026308
-0.011205
-0.007087
-0.014561
-0.034087
-0.039270
-0.024296
0.006543
0.023642
0.032787
0.024922
0.014248
-0.007932
-0.016626
-0.006823
0.007302
0.020745
-0.001371
-0.036460
-0.054540
-0.028193
-0.004117
0.004249
-0.014084
-0.023453
-0.008247
-0.000882
0.016134
0.020968
0.041610
0.067280
0.064042
0.021452
-0.006404
0.000834
0.032803
0.048000
0.028856
0.004000
-0.017522
-0.005538
0.022964
0.045887
0.041701
0.041413
0.024233
0.001185
-0.010458
-0.011174
0.012462
0.023184
0.021114
0.000645
-0.010899
-0.013545
-0.017445
-0.018481
-0.020399
-0.008706
-0.007478
-0.008945
0.003505
0.014426
0.006757
0.012486
0.033246
0.028332
0.000363
-0.019505
-0.012174
-0.010118
-0.013197
-0.012947
-0.007583
-0.015921
-0.035062
-0.044469
-0.046184
-0.037354
-0.011851
0.001477
-0.010100
-0.037687
-0.041793
-0.008221
0.009666
0.002699
-0.027217
-0.037071
-0.020129
-0.000297
0.004398
-0.002030
-0.021296
-0.046960
-0.056751
-0.043284
-0.010840
0.009682
0.001111
-0.020878
-0.026178
-0.014335
0.015322
0.032190
0.031640
0.022475
0.011739
0.006324
0.001138
-0.014020
-0.015623
-0.006273
0.001073
0.000641
-0.007389
0.001916
0.003726
0.002403
-0.009063
-0.002776
0.019150
0.043056
0.046752
0.031543
0.025959
0.025152
0.029864
0.023011
0.017059
0.000373
-0.012524
-0.017275
-0.025241
-0.036882
-0.044200
-0.025937
0.002260
0.009911
-0.004860
-0.021252
-0.018627
0.007737
0.035532
0.040041
0.019301
-0.012338
-0.022525
-0.019017
-0.028768
-0.032289
-0.029042
-0.021026
-0.029819
-0.049791
-0.047664
-0.023985
0.010775
0.017946
0.000272
-0.023032
-0.031812
-0.007633
0.006698
0.012534
0.010535
-0.003575
-0.024054
-0.042987
-0.050518
-0.052901
-0.039647
-0.027422
-0.031961
-0.037355
-0.030957
-0.014132
0.005740
0.002667
0.007967
0.021823
0.019649
0.006120
-0.008560
-0.016039
-0.021720
-0.018695
-0.024664
-0.029126
-0.036346
-0.040609
-0.036093
-0.025204
-0.003292
0.022605
0.037895
0.032814
0.026762
0.022437
0.040446
0.055633
0.051094
0.029252
0.001662
-0.007359
-0.012548
-0.016308
-0.016410
-0.012060
-0.015563
-0.019067
-0.022321
-0.014402
0.003320
0.023932
0.036956
0.042912
0.041878
0.028105
0.027224
0.019271
0.016863
-0.001464
-0.029245
-0.041493
-0.052842
-0.058543
-0.051535
-0.034527
-0.013059
0.003700
0.012432
0.023461
0.035598
0.042510
0.042689
0.041296
0.020096
0.003484
-0.006399
-0.014745
-0.026836
-0.040401
-0.042812
-0.044245
-0.044919
-0.043110
-0.023115
0.007132
0.028393
0.034894
0.028875
0.025660
0.040050
0.055716
0.038563
-0.001184
-0.034350
-0.046644
-0.031729
