0.001761
0.001976
0.001489
0.000535
-0.000138
-0.001376
-0.001413
-0.002356
-0.003074
-0.002924
-0.001962
0.000625
0.002339
0.002571
0.001936
0.002797
0.004623
0.005244
0.004607
0.003884
0.003785
0.002997
0.001975
0.000541
0.000181
0.001207
0.002741
0.004372
0.004962
0.004679
0.003869
0.003484
0.003031
0.001778
0.000650
0.000773
0.000186
-0.001751
-0.001657
-0.000173
0.001964
0.004649
0.005738
0.005478
0.004592
0.004357
0.003692
0.001987
-0.000711
-0.002489
-0.003241
-0.005352
-0.006930
-0.007620
-0.006260
-0.002807
0.001227
0.003208
0.002989
0.002999
0.001693
0.001480
0.000625
-0.000705
-0.001807
-0.001896
-0.001122
-0.001988
-0.001438
-0.003170
-0.001150
-0.000749
0.000790
-0.002637
-0.000282
-0.002106
0.003145
0.002585
0.005414
0.002968
0.003816
-0.000082
-0.000013
0.001423
-0.000043
0.006412
-0.003659
0.003969
-0.014358
0.000519
-0.020876
0.004023
-0.022816
0.009735
-0.021383
0.015539
-0.023465
0.005010
-0.028126
-0.013427
-0.112156
-0.154920
-0.078439
-0.465770
-0.133957
-0.307872
-0.157153
0.098500
0.261151
0.559440
0.555310
0.480349
0.353184
0.386054
0.123664
0.197622
0.072408
-0.049453
-0.246644
-0.556492
-0.679100
-0.592401
-0.334183
-0.009712
0.191071
0.253088
0.168184
0.140576
0.311245
0.515629
0.520830
0.255737
-0.046116
-0.282259
-0.379901
-0.482665
-0.442687
-0.336285
-0.233786
-0.250877
-0.268412
-0.075490
0.294399
0.665987
0.658832
0.305720
0.040425
0.003077
0.182816
0.163021
-0.149683
-0.513179
-0.636640
-0.424751
-0.283246
-0.285363
-0.306123
-0.102760
0.212636
0.169834
-0.012628
-0.168924
0.056833
0.368496
0.157083
0.013895
-0.317561
-0.390176
0.031544
0.416094
0.594925
0.344079
0.116291
0.353593
0.636185
0.381258
-0.043140
-0.056589
0.135990
0.155331
-0.335390
-0.829161
-0.704640
-0.148373
0.247333
0.008730
-0.259139
-0.085502
0.424592
0.581989
0.312241
0.124223
0.185121
0.206501
-0.109595
-0.443486
-0.380127
-0.014246
0.135394
-0.247203
-0.668545
-0.456801
0.257804
0.656180
0.327753
-0.207060
-0.242608
0.319777
0.609616
0.266179
-0.273344
-0.378637
-0.065580
0.039343
-0.242267
-0.534248
-0.342095
0.125806
0.273178
-0.029624
-0.327227
-0.117729
0.412115
0.579047
0.163715
-0.345774
-0.506676
-0.100723
0.001557
-0.370909
-0.695800
-0.841026
-0.384358
0.044208
0.064286
-0.191445
-0.112578
0.305177
0.567427
0.279006
-0.073653
0.274074
0.703360
0.733029
0.373842
0.262884
0.397980
0.230212
-0.105442
-0.200273
0.150726
0.493517
0.211708
-0.295884
-0.452980
-0.117650
0.193306
0.211988
0.003008
-0.023697
0.221060
0.310821
0.241157
0.034591
0.038660
0.051335
-0.059397
-0.375810
-0.485496
-0.162185
0.053689
-0.023420
-0.455685
-0.685044
-0.306356
0.335761
0.648558
0.389505
-0.073011
-0.168449
-0.007095
0.201543
0.087965
-0.091899
-0.344343
-0.646446
-0.366181
-0.224453
-0.055669
0.061486
0.268408
0.301256
0.007910
-0.118014
0.033501
0.323947
0.087425
-0.154866
-0.214774
-0.174704
-0.206007
-0.555341
-0.839521
-0.903048
-0.723026
-0.255278
0.083405
0.247612
0.247284
0.093877
-0.019930
0.294787
0.664742
0.699303
0.394487
0.091469
0.178095
0.244849
0.121671
-0.112334
-0.215246
-0.181594
0.075212
0.252885
0.326922
0.240938
0.203508
0.257081
0.255835
0.176044
0.169005
0.416447
0.499339
0.334247
-0.113134
-0.342307
-0.242477
0.028735
0.196189
0.175326
-0.114554
-0.325467
-0.265204
-0.016713
0.197129
-0.046107
-0.308821
-0.270785
0.090627
0.373847
0.217971
-0.478068
-0.691149
-0.250311
0.417715
0.606901
-0.016792
-0.532234
-0.571609
-0.172032
0.053489
-0.034723
-0.286718
-0.280213
-0.113709
-0.199419
-0.347962
-0.308345
0.130891
0.402917
0.142165
-0.354850
-0.546851
-0.238496
0.244381
0.344391
0.043033
-0.293623
-0.319642
-0.027494
0.039853
0.043944
0.128380
0.342751
0.294020
-0.013607
-0.290461
-0.151429
0.223000
0.163600
-0.230088
-0.640213
-0.269796
0.406081
0.694670
0.429902
0.034187
0.035908
0.181332
0.247364
0.100728
0.015505
0.126432
0.317655
0.361425
0.140538
-0.042937
0.023930
0.127285
0.033071
-0.141341
-0.074074
0.218718
0.445703
0.378062
0.173627
0.083569
0.064506
-0.006705
-0.158024
-0.168922
-0.015987
0.159860
0.291891
0.238442
0.031467
-0.256841
-0.389908
-0.168579
0.079308
0.131165
-0.035116
-0.192070
-0.154723
-0.040980
-0.056302
-0.129089
-0.227613
-0.262320
-0.201277
-0.146168
-0.166851
-0.199851
-0.191053
-0.159044
-0.017856
-0.079730
-0.106740
-0.073773
-0.004416
0.102261
0.083001
-0.039296
-0.200372
-0.277646
-0.279029
-0.153559
-0.046976
0.105410
0.185386
0.072497
-0.043645
-0.068619
-0.013112
0.000628
-0.055779
-0.013871
0.173446
0.243213
0.120112
-0.105869
-0.278698
-0.163915
0.049339
0.111064
-0.027391
-0.231169
-0.204542
0.004014
0.143727
0.109711
-0.035662
-0.066943
0.101990
0.289447
0.244495
0.048136
0.011624
0.091715
0.098265
-0.035564
-0.068671
0.162124
0.364004
0.298895
0.041502
-0.145728
-0.102483
0.109138
0.233793
0.184662
0.073300
0.020678
0.082738
0.131060
0.104895
0.039831
-0.046458
-0.142980
-0.234554
-0.217086
-0.040744
0.122443
0.142374
-0.025952
-0.159499
-0.097798
0.039986
0.141763
0.075528
-0.011160
-0.017420
0.006878
0.006363
-0.065181
-0.085189
-0.012036
0.024557
-0.089851
-0.205872
-0.130443
0.064760
0.204332
0.153913
-0.009558
-0.111140
-0.028635
0.134917
0.153914
-0.008218
-0.239681
-0.315168
-0.146358
0.086665
0.097255
-0.006755
-0.111474
-0.118629
-0.012562
0.061664
0.069094
0.013370
-0.060932
-0.074886
0.047646
0.026619
-0.031083
-0.073478
-0.163319
-0.216556
-0.178020
-0.030992
0.109516
0.167191
0.093084
-0.023011
-0.123371
-0.097182
0.127017
0.249660
0.113014
-0.111639
-0.192318
-0.036096
0.152462
0.236490
0.094320
-0.130568
-0.319813
-0.278381
0.036401
0.312169
0.346686
0.094624
-0.202725
-0.317566
-0.166791
0.119937
0.286865
0.172078
-0.124571
-0.244527
-0.058894
0.197360
0.260489
0.092069
-0.089820
-0.117274
0.044188
0.166981
0.137857
0.024691
-0.103380
-0.128374
-0.138848
-0.135287
-0.026084
0.118884
0.206844
0.121597
-0.076443
-0.142368
-0.005159
0.175824
0.206850
0.132408
0.066908
0.022658
-0.008548
-0.059891
-0.101200
-0.086436
-0.052676
-0.002067
0.049962
0.074151
0.089495
0.090214
0.039557
-0.074298
-0.129142
-0.057418
0.043962
0.110519
0.109709
0.023143
-0.052525
-0.104454
-0.093876
0.018532
0.091398
0.067888
-0.021890
-0.087620
-0.060458
0.075527
0.195790
0.132940
-0.098930
-0.279160
-0.243322
-0.038595
0.189327
0.216414
0.079258
-0.116140
-0.217711
-0.108348
0.011194
0.037389
0.004349
-0.048709
-0.127226
-0.153291
-0.082056
0.064276
0.117454
-0.034925
-0.209752
-0.222258
0.028079
0.267623
0.254622
0.062994
-0.151432
-0.191222
-0.091598
0.041248
0.106748
0.001464
-0.149152
-0.220546
-0.110634
0.055564
0.154445
0.105942
-0.034850
-0.084420
-0.028930
0.138830
0.179026
0.059113
-0.093486
-0.122621
-0.036292
0.040757
0.062041
-0.027335
-0.061984
-0.021151
0.093170
0.175680
0.096472
-0.014955
-0.040065
0.018540
0.076269
0.087957
0.045814
0.017230
-0.011977
-0.030750
-0.020911
0.008407
0.049481
0.070667
0.067205
0.007202
-0.061530
-0.077815
-0.002313
0.072224
0.123137
0.117975
0.055113
-0.035077
-0.132868
-0.124043
-0.038667
0.091517
0.131956
0.106225
0.058998
-0.047490
-0.109029
-0.118860
-0.103909
-0.063736
-0.039455
0.020349
0.061203
-0.029064
-0.185583
-0.241490
-0.170301
-0.069085
0.010944
0.002001
0.039484
0.027240
-0.034775
-0.044457
0.003707
0.073782
0.110844
0.125328
0.093113
-0.000170
-0.140977
-0.142430
-0.017097
0.105437
0.131081
0.033752
-0.070663
-0.059249
0.029259
0.143822
0.141058
-0.006728
-0.156329
-0.178922
-0.047994
0.083427
0.101251
-0.055478
-0.207444
-0.205874
-0.044478
0.132904
0.164609
0.093411
-0.018420
-0.056348
-0.009092
0.090400
0.141916
0.061353
-0.054899
-0.121011
-0.049267
0.060255
0.103681
0.115745
0.079624
0.029017
0.026317
0.072653
0.111998
0.073212
0.008017
-0.064331
-0.089235
-0.056189
-0.021509
0.038538
0.042134
0.017965
-0.048267
-0.089985
-0.039792
0.010238
-0.015450
-0.071073
-0.067061
-0.026651
0.010402
-0.029783
-0.059404
-0.048770
-0.000687
0.032622
0.001429
-0.026996
-0.040908
0.004187
0.012264
-0.014179
-0.046609
-0.051112
0.013196
0.033003
-0.025050
-0.120144
-0.116214
0.034651
0.172965
0.146106
0.018433
-0.051002
-0.003326
0.086177
0.060964
-0.052973
-0.089722
-0.037933
0.022937
0.011587
-0.055346
-0.077644
-0.034454
0.038528
0.099416
0.114276
0.066484
0.025581
0.002506
0.016542
0.047246
0.036621
0.009906
-0.043720
-0.050867
-0.036379
-0.015673
-0.012975
-0.046864
-0.036890
0.012626
0.098415
0.118456
0.069929
0.024207
-0.017061
-0.017851
-0.013733
-0.002955
-0.012300
-0.047430
-0.068686
-0.066998
-0.032246
-0.017079
0.002647
0.046327
0.092136
0.106277
0.044728
-0.024138
-0.067021
-0.041442
0.013879
0.012495
-0.022073
-0.088544
-0.101765
-0.087507
-0.067444
-0.042577
-0.015587
0.026845
0.061327
0.059189
0.026296
0.018237
0.011445
0.035572
0.039227
-0.010026
-0.043986
-0.034651
0.001637
-0.007929
-0.083127
-0.082730
-0.011205
0.060996
0.048170
-0.027223
-0.047114
-0.002796
0.067430
0.062119
0.025825
-0.014963
-0.006145
0.024195
0.023099
-0.005192
-0.039017
-0.018011
0.055164
0.104809
0.063732
-0.028307
-0.078735
-0.036383
0.006650
0.028907
0.036187
0.035938
0.013054
-0.036506
-0.051013
0.015483
0.093296
0.090513
0.022412
-0.063893
-0.074972
-0.027486
-0.004954
-0.048225
-0.104882
-0.087436
-0.028450
0.021474
0.028136
-0.012408
-0.036865
-0.005045
0.046899
0.066256
0.031811
-0.005899
0.005659
0.012313
-0.009944
-0.026963
-0.013443
0.004600
-0.005502
-0.026482
-0.030398
0.011608
0.058743
0.068749
0.055648
0.022942
0.004168
-0.001297
-0.004316
-0.006622
0.001301
-0.004687
-0.019632
-0.024636
-0.035853
-0.028501
-0.011529
0.021563
0.025467
0.014655
0.012299
0.030921
0.073964
0.065973
0.022109
-0.027940
-0.034852
-0.007748
0.015965
-0.012920
-0.068997
-0.086124
-0.069461
0.002272
0.067739
0.087869
0.050891
-0.020016
-0.038793
0.005447
0.046318
0.041181
-0.012852
-0.067589
-0.093505
-0.072331
-0.022439
0.026448
0.039530
0.009054
-0.009438
-0.032504
-0.032154
-0.017043
0.013084
0.030871
0.011637
-0.024079
-0.033970
0.006953
0.050989
0.056630
0.014678
-0.026767
-0.047550
-0.022196
0.002419
0.000871
-0.021891
-0.018087
0.000462
0.019082
0.014426
-0.008183
0.007273
0.012650
0.029919
0.027293
0.021926
0.033205
0.054711
0.038761
-0.015264
-0.052391
-0.057159
-0.027134
-0.009045
0.019703
0.048705
0.050819
0.028869
0.006897
0.019933
0.045123
0.050844
0.028357
-0.021225
-0.044342
-0.035144
-0.005293
0.003082
-0.038607
-0.081681
-0.077304
-0.019072
0.018091
0.021274
-0.007833
-0.008366
0.028065
0.036247
0.014386
-0.030559
-0.038284
-0.010471
0.021568
0.038774
0.019809
-0.011516
-0.037788
-0.038919
-0.030373
-0.020394
-0.007000
-0.005171
-0.026904
-0.060588
-0.067804
-0.048482
-0.030136
-0.021320
-0.013890
0.007377
0.042031
0.054458
0.061341
0.059660
0.057342
0.049784
0.007368
-0.018600
-0.012125
0.002550
-0.002904
-0.047110
-0.075073
-0.059845
-0.013444
0.028643
0.031813
0.013274
0.000685
0.008490
0.041795
0.073147
0.060900
0.035958
0.000089
-0.011587
-0.007334
-0.012715
-0.025467
-0.058711
-0.060011
-0.043060
-0.015612
-0.005070
-0.005714
-0.006036
-0.000490
0.021549
0.038923
0.046680
0.025623
-0.002401
-0.021349
-0.024613
-0.015282
-0.012230
-0.032269
-0.037416
-0.019580
0.004168
0.016564
-0.003363
-0.007256
0.003462
0.022509
0.024092
0.000262
-0.011763
-0.012455
-0.000655
-0.009334
-0.015647
-0.020237
-0.009657
0.010574
0.001506
-0.005090
-0.023709
-0.030463
-0.019587
-0.003148
0.009314
0.003385
-0.015761
-0.018258
0.005494
0.018637
0.020486
0.020326
0.032007
0.049014
0.047036
0.026679
0.006909
0.001492
0.013174
0.014594
0.005334
-0.006182
-0.028623
-0.037995
-0.027383
0.012019
0.046425
0.035873
0.004326
-0.010908
0.004846
0.027067
0.035703
0.019412
-0.012402
-0.046531
-0.048491
-0.031013
-0.019543
-0.014287
-0.021760
-0.021476
-0.009914
0.000300
0.004817
0.005547
0.009692
0.023393
0.033759
0.025674
0.001568
-0.004856
0.014962
0.034818
0.036535
0.021715
0.008067
-0.002476
-0.012616
-0.024131
-0.019432
-0.000996
-0.001885
-0.023076
-0.035399
-0.031673
-0.014643
0.009706
0.011299
0.017389
0.016404
0.006398
0.018689
0.038586
0.044876
0.025368
-0.019846
-0.058591
-0.064324
-0.050113
-0.025845
-0.022661
-0.048948
-0.070834
-0.050517
0.012649
0.081853
0.097003
0.066513
0.039168
0.040135
0.055154
0.049928
0.034150
0.006834
-0.009924
-0.021425
-0.030827
-0.028789
-0.032036
-0.024652
-0.003862
0.018661
0.040229
0.057154
0.063768
0.058446
0.040282
0.013358
-0.009892
-0.020312
-0.015876
-0.029776
-0.051665
-0.051230
-0.033168
-0.007104
0.000672
0.010144
0.020282
0.044609
0.057599
0.051246
0.030033
0.006108
0.014875
0.009468
-0.004382
-0.026684
-0.035320
-0.040755
-0.052165
-0.046765
-0.037318
-0.025534
-0.028314
-0.028718
-0.014400
-0.001881
0.022804
0.035507
0.027424
0.010380
-0.011487
-0.011049
-0.001937
0.000658
-0.026133
-0.067548
-0.087783
-0.073886
-0.027691
-0.011328
-0.024877
-0.028670
-0.029502
-0.019521
-0.001301
0.022863
0.035584
0.029176
0.009888
0.000097
-0.006265
0.002452
0.015932
-0.001051
-0.019811
-0.033234
-0.019260
0.001149
0.009660
0.016439
0.019779
0.028813
0.036119
0.039041
0.033878
0.029646
0.030400
0.028468
0.034228
0.043271
0.054982
0.044950
0.016736
0.005945
0.000382
0.005323
0.018802
0.025176
0.013701
-0.020600
-0.023309
0.004750
0.036797
0.037992
0.017804
0.012866
0.012827
0.014927
0.007627
-0.005954
-0.009373
0.006334
0.012355
-0.009958
-0.044646
-0.066966
-0.062695
-0.037485
-0.024811
-0.017490
-0.019793
-0.018368
-0.006328
0.011249
0.018281
0.005019
-0.002684
-0.011612
-0.019642
-0.032072
-0.040103
-0.038939
-0.037983
-0.052412
-0.070780
-0.070041
-0.045647
-0.014619
0.001420
0.002622
0.004502
0.014990
0.019961
0.019152
0.019844
0.018953
0.005962
-0.007562
-0.022667
-0.033523
-0.029985
-0.030738
-0.031699
-0.034945
-0.028013
-0.006414
0.021588
0.054289
0.070265
0.071087
0.066451
0.061020
0.063804
0.048287
0.028710
0.021217
-0.001548
-0.017770
-0.018329
-0.004857
0.015825
0.025025
0.027805
0.033619
0.030582
0.029286
0.035713
0.041078
0.043796
0.030549
0.014131
0.000740
-0.014076
-0.024595
-0.024820
-0.017752
-0.011913
-0.019439
-0.030833
-0.034064
-0.026794
-0.009094
0.001138
-0.006960
-0.015336
-0.018421
-0.011684
-0.004630
-0.010456
-0.007827
-0.006325
-0.001572
-0.005046
-0.012945
-0.013784
-0.009842
-0.001599
-0.001640
-0.014145
-0.038713
-0.051911
-0.040656
-0.019337
-0.007977
-0.011190
-0.021079
-0.015297
-0.001949
0.017136
0.032669
0.030433
0.028214
0.010652
-0.019397
-0.035142
-0.029083
0.001497
0.015450
-0.002051
-0.023077
-0.021655
0.007057
0.030545
0.037478
0.035721
0.031723
0.028652
0.035607
0.036772
0.030809
0.018025
-0.010400
-0.026915
-0.031879
-0.019444
-0.000097
0.002304
-0.003223
0.002546
0.016771
0.042830
0.055292
0.054128
0.033806
-0.001435
-0.000074
0.007676
0.023092
0.004550
-0.035445
-0.052315
-0.053560
-0.035724
-0.025125
-0.021121
-0.023240
-0.025657
-0.020932
-0.007447
0.014191
