-0.016890
-0.009472
0.002717
0.012928
0.018429
0.022614
0.024227
0.024961
0.019945
0.015692
0.007572
0.002473
-0.008829
-0.016267
-0.025397
-0.021635
-0.018315
-0.010784
-0.007584
-0.000563
0.007797
0.015658
0.022623
0.014015
0.014332
-0.000054
0.002716
-0.021321
-0.024827
-0.060862
-0.038770
-0.067586
-0.035271
-0.090924
0.013834
-0.139425
-0.178764
0.064096
-0.278417
-0.123141
-0.087325
0.038791
-0.003636
-0.034587
0.143576
0.244339
0.162429
0.023282
0.490983
0.505316
0.443404
0.176580
0.150075
0.119861
-0.115770
-0.246634
-0.497429
-0.338228
-0.250314
-0.321863
-0.488700
-0.379483
0.138125
0.518619
0.437842
0.116622
0.128362
0.276729
0.320472
0.152083
-0.050390
-0.056275
-0.117696
-0.374453
-0.752259
-0.724279
-0.214124
0.271366
0.260483
-0.168954
-0.293440
0.199853
0.722061
0.743265
0.187938
-0.188505
-0.140569
-0.079789
-0.076309
-0.387135
-0.388970
-0.125005
-0.167855
-0.343262
-0.422799
-0.275438
0.226762
0.504414
0.082415
-0.257342
-0.267482
0.051237
0.415940
-0.119564
-0.617026
-0.450600
0.081808
0.549259
0.478076
0.457906
0.566027
0.572655
0.250086
-0.047972
-0.093770
0.042816
0.092977
-0.050777
-0.376517
-0.721501
-0.654779
-0.311403
-0.007063
0.055856
0.019219
0.233916
0.445000
0.380055
0.302262
0.373341
0.471610
0.164410
-0.416241
-0.737502
-0.475376
-0.037728
0.026513
-0.274752
-0.480435
-0.257987
0.153670
0.341911
0.291415
0.239872
0.258701
0.230659
0.070379
-0.147000
-0.160279
-0.001190
-0.012106
-0.302514
-0.699240
-0.642223
-0.104658
0.304156
0.208215
-0.102219
-0.119593
0.230102
0.457360
0.319119
-0.009479
-0.158603
-0.034433
0.013717
-0.262680
-0.582588
-0.771962
-0.686123
-0.378788
-0.209453
-0.101449
0.028455
0.302981
0.601418
0.605514
0.279105
0.199803
0.479097
0.747404
0.594360
0.168263
-0.120684
-0.056571
0.089221
0.078569
-0.052137
-0.278334
-0.304151
-0.052902
0.280140
0.277262
0.065861
-0.084971
0.010896
0.270990
0.337899
0.219400
0.068354
-0.108834
-0.172217
-0.126767
-0.072872
-0.087384
-0.085248
-0.104082
-0.204808
-0.342160
-0.345559
-0.050488
0.274025
0.309819
0.016933
-0.227835
-0.205104
0.101931
0.308823
0.226216
-0.089433
-0.341687
-0.339935
-0.294035
-0.194903
-0.148041
-0.072459
-0.080298
-0.127594
-0.173891
0.000185
0.277408
0.377910
0.299446
0.034628
-0.059139
-0.041548
-0.067906
-0.217314
-0.422833
-0.525129
-0.238444
0.032685
0.113800
0.077059
-0.041596
-0.055635
0.021865
0.052093
0.135513
0.079721
-0.168796
-0.161209
-0.116749
-0.015429
0.133307
0.446798
0.663840
0.622497
0.171696
-0.141833
-0.091324
0.136043
0.419748
0.470263
0.485541
0.285811
0.023074
-0.247261
-0.231441
-0.005762
0.224109
0.234692
0.129486
0.167856
0.264115
0.343680
0.192768
-0.025082
-0.175354
-0.218752
-0.173669
-0.063570
0.176395
0.421416
0.392782
-0.001169
-0.497108
-0.645044
-0.175131
0.278072
0.084399
-0.557210
-0.846571
-0.264437
0.471564
0.501755
0.018553
-0.364750
-0.380529
-0.242597
-0.217430
-0.083558
-0.013644
0.022167
-0.051495
-0.313535
-0.531174
-0.410464
0.032105
0.421084
0.331351
-0.064422
-0.262195
-0.161008
0.150358
0.196240
-0.005132
-0.281223
-0.431416
-0.359572
-0.106545
0.140391
0.263237
0.100880
-0.122911
-0.074022
0.137162
0.342129
0.419268
0.329596
0.116378
-0.125062
-0.326857
-0.155925
0.086392
0.068492
-0.141823
-0.357183
-0.257125
0.162889
0.644869
0.808845
0.468705
-0.055301
-0.229376
0.062279
0.383418
0.293564
-0.063417
-0.154417
0.146760
0.423463
0.295734
-0.093835
-0.258538
0.000725
0.346736
0.420077
0.155129
-0.167462
-0.246405
-0.020784
0.150971
0.168073
0.116476
0.041791
0.085083
0.064294
0.025662
0.028052
0.055984
-0.008355
-0.170640
-0.352574
-0.236736
-0.025784
-0.016199
-0.152089
-0.226779
-0.001498
0.186896
0.110981
-0.187789
-0.342286
-0.225382
0.068550
0.170266
-0.016629
-0.204404
-0.220348
-0.026234
0.053355
-0.069996
-0.223402
-0.195505
-0.024701
0.055988
-0.046793
-0.211437
-0.224290
-0.171459
-0.113251
-0.063303
-0.004294
0.049271
0.002302
-0.049288
-0.030700
0.043089
0.065988
-0.022132
-0.125329
-0.088904
0.101964
0.199923
0.060668
-0.177251
-0.251583
-0.064547
0.157351
0.179003
-0.014777
-0.187873
-0.109949
0.191639
0.349036
0.157157
-0.176400
-0.328511
-0.167986
0.115645
0.270478
0.194354
-0.018471
-0.134021
0.022384
0.244369
0.237953
0.051007
-0.058448
0.055931
0.196131
0.164547
0.022763
-0.085114
-0.052199
0.038565
0.091813
0.025417
-0.014410
0.038375
0.099632
0.089616
0.008958
-0.042517
-0.056407
0.018432
0.073675
0.088709
0.046118
-0.009795
-0.035490
-0.054329
-0.036277
-0.009273
-0.048051
-0.135762
-0.123221
0.016741
0.170661
0.138802
-0.048026
-0.172704
-0.131303
0.034257
0.172313
0.124543
-0.035017
-0.171756
-0.208093
-0.090486
-0.014407
-0.008212
-0.023115
-0.036308
-0.002647
0.040357
0.048417
-0.014108
-0.086069
-0.088935
0.000960
0.065403
0.047264
-0.006122
-0.131112
-0.278230
-0.253925
-0.074463
0.121205
0.156826
0.034954
-0.069033
-0.053437
0.004278
0.068447
0.035131
-0.077942
-0.082190
0.007716
0.098008
0.010475
-0.112347
-0.162616
-0.091085
-0.044027
-0.060847
0.010546
0.137488
0.170545
0.008546
-0.176192
-0.193912
-0.043000
0.054492
0.022965
-0.041732
-0.016767
0.067115
0.066046
-0.057352
-0.116060
-0.015982
0.145715
0.157172
-0.028670
-0.132602
-0.004818
0.208055
0.142422
-0.150440
-0.321422
-0.171750
0.129047
0.192994
0.042356
-0.116229
-0.076176
0.050158
0.083570
0.034199
0.048170
0.240023
0.383356
0.211540
-0.183249
-0.351253
-0.186167
0.102247
0.182532
0.086606
0.024608
0.036783
0.059022
0.001104
-0.040774
-0.007875
0.095751
0.119516
0.080035
0.058036
0.089622
0.112245
0.007837
-0.168974
-0.247928
-0.101630
0.138790
0.243237
0.115531
-0.066894
-0.142192
-0.069954
0.091792
0.199116
0.193693
0.075008
-0.085286
-0.171056
-0.133381
-0.034973
0.061987
0.082239
0.039325
0.003476
0.008002
0.003973
-0.042421
-0.117288
-0.176348
-0.141219
-0.062114
-0.012706
0.012444
0.039215
0.041741
0.002833
-0.110553
-0.159264
-0.081247
0.032478
0.099127
0.065415
-0.010768
-0.060532
-0.076182
-0.113435
-0.140176
-0.124613
-0.034436
0.078493
0.109212
0.051405
-0.050832
-0.103052
-0.056433
0.024035
0.065194
0.041152
0.018329
0.050428
0.064768
0.010024
-0.044164
-0.057441
-0.046788
-0.032489
-0.006770
0.094857
0.175202
0.145120
0.004760
-0.136812
-0.144818
-0.004610
0.152826
0.150114
0.027554
-0.084704
-0.038712
0.074506
0.075412
-0.028151
-0.096863
-0.022010
0.096078
0.149882
0.110066
0.055642
-0.007654
-0.059879
-0.040209
-0.003530
0.042407
0.048036
0.016924
0.000898
0.009565
0.011050
0.005644
0.003676
-0.020806
-0.044464
-0.074370
-0.047985
-0.009821
-0.004243
-0.026299
-0.075018
-0.107349
-0.122285
-0.069992
0.016770
0.057619
0.033467
0.006653
-0.002512
0.006966
-0.003698
-0.023283
-0.041950
-0.061470
-0.034878
0.025489
0.061428
0.011534
-0.101868
-0.165826
-0.100988
0.030059
0.107405
0.077821
0.026505
0.008909
0.055167
0.032956
-0.068804
-0.141494
-0.095911
0.049078
0.135383
0.083838
-0.061744
-0.135282
-0.149817
-0.084384
0.002646
0.090323
0.167588
0.143810
0.043851
-0.045033
-0.042557
0.009711
0.089308
0.105107
0.029852
-0.035014
-0.040019
0.018231
0.039917
-0.028037
-0.082270
-0.063479
0.026939
0.111826
0.143814
0.116778
0.038224
-0.039118
-0.082778
-0.065491
0.006290
0.065171
0.063115
0.011291
-0.040547
-0.033320
-0.026153
-0.058955
-0.080120
-0.055209
0.011775
0.092791
0.114306
0.051453
-0.046391
-0.088854
-0.042743
0.017181
0.035768
-0.001990
-0.009899
0.017514
0.039156
0.005274
-0.062962
-0.078523
-0.044603
0.033958
0.068262
0.064378
0.050311
-0.001756
-0.055394
-0.078503
-0.026219
0.065291
0.112154
0.074534
-0.007009
-0.034630
-0.043885
-0.045354
-0.052212
-0.045691
0.000536
0.056103
0.092194
0.065377
0.016732
-0.056825
-0.036948
0.034798
0.093147
0.097215
0.040468
0.022180
0.021777
0.020438
-0.053583
-0.122247
-0.095424
0.018802
0.125041
0.120455
0.017318
-0.043794
-0.014344
0.042783
0.054742
-0.001355
-0.057525
-0.040159
0.036742
0.058828
-0.014638
-0.128388
-0.147773
-0.064453
0.045299
0.093702
0.068575
0.036913
-0.002616
-0.005271
0.013891
0.026780
0.015941
-0.051817
-0.110513
-0.092032
-0.022473
0.012965
0.005578
-0.065730
-0.123478
-0.087303
0.011654
0.111084
0.114697
0.029157
-0.027902
-0.014840
-0.000465
-0.031726
-0.084979
-0.066564
0.003235
0.053976
0.037245
-0.033105
-0.093045
-0.106814
-0.067043
-0.004219
0.056323
0.072027
0.054134
0.008163
-0.042355
-0.074481
-0.075281
-0.050382
-0.027891
-0.007367
-0.010804
0.007264
0.017101
-0.000497
-0.018266
-0.038733
-0.039596
-0.022686
-0.007819
-0.004832
-0.014134
-0.051406
-0.094391
-0.077642
-0.018943
0.040158
0.051332
0.016035
-0.005055
-0.019064
-0.000833
-0.006608
-0.039301
-0.076724
-0.101968
-0.065615
-0.026318
-0.029286
-0.034924
-0.009493
-0.000776
-0.019583
-0.061730
-0.034917
0.064491
0.115224
0.086721
-0.003272
-0.052709
-0.051842
-0.021273
-0.025419
-0.058260
-0.067442
-0.048427
0.012524
0.049899
0.037873
-0.031405
-0.074284
-0.058439
0.028498
0.096274
0.096941
0.061959
0.020046
-0.010568
-0.066314
-0.074141
-0.037574
0.026419
0.054073
0.030918
0.012638
0.029366
0.052370
0.033449
-0.014681
-0.037144
0.003961
0.054414
0.047662
-0.007307
-0.048013
-0.035779
-0.005521
-0.009544
-0.019514
-0.023676
0.006624
0.040930
0.006810
-0.051367
-0.067720
-0.008413
0.069250
0.081748
0.024868
-0.037164
-0.053836
-0.048368
-0.048624
-0.064556
-0.028197
0.053052
0.099468
0.061403
-0.043948
-0.086302
-0.041690
0.038286
0.080141
0.057583
0.017425
0.004921
0.023074
0.035534
0.030407
0.033565
0.039990
0.016244
-0.023210
-0.046603
-0.013706
0.019963
0.026071
0.009647
-0.000270
0.025091
0.045007
0.043685
0.010333
-0.030807
-0.046381
-0.015230
0.026530
0.058747
0.058943
0.042798
0.035661
0.015465
-0.002473
-0.008707
0.004259
0.027260
0.020999
-0.013101
-0.019713
0.012309
0.066635
0.099174
0.093368
0.052345
-0.000636
-0.027909
-0.021403
-0.009832
-0.008736
-0.002265
0.017133
0.047104
0.040825
0.024854
0.021201
0.013385
0.011862
0.005129
0.006216
0.023592
0.045774
0.061406
0.065329
0.047501
0.007564
-0.018876
-0.020443
-0.005093
0.017487
0.019964
-0.009783
-0.040991
-0.057890
-0.042765
0.008484
0.052315
0.047607
0.001146
-0.030281
-0.006669
0.044697
0.072648
0.060013
0.037945
0.042646
0.051229
0.043025
0.001961
-0.048538
-0.053816
-0.030338
-0.005475
0.008433
0.009557
0.013370
0.023889
0.033916
0.041535
0.051592
0.055941
0.059255
0.055423
0.020362
-0.020625
-0.041324
-0.040031
-0.032756
-0.032058
-0.027962
-0.016515
0.001144
0.010224
0.021077
0.016121
0.000072
-0.007094
-0.001296
0.016934
0.022496
0.013675
-0.014557
-0.027280
-0.024235
-0.024161
-0.021435
-0.016929
-0.005739
0.005361
0.014350
0.014991
0.019205
0.012124
0.010376
0.020812
0.019826
0.022222
0.013967
0.000689
-0.033459
-0.048308
-0.035241
-0.007313
0.011616
-0.003177
-0.011373
-0.021226
-0.015008
-0.018266
-0.023925
-0.030509
-0.032145
-0.018799
-0.014215
-0.005518
-0.010545
-0.013931
-0.012089
-0.014810
-0.012937
-0.004171
0.004553
0.018812
0.032057
0.024134
-0.000677
-0.028186
-0.034677
-0.034295
-0.033578
-0.038198
-0.044106
-0.041788
-0.028313
0.000126
0.027695
0.031501
0.009520
-0.009564
-0.023418
-0.023018
-0.024311
-0.027055
-0.028193
-0.030170
-0.041249
-0.056461
-0.046298
-0.024639
-0.007766
-0.010103
-0.021732
-0.036060
-0.034031
-0.004482
0.029123
0.040574
0.010195
-0.029369
-0.044994
-0.029355
0.003836
0.019717
0.006357
-0.043404
-0.087103
-0.098175
-0.078759
-0.029878
0.003032
0.000295
-0.020511
-0.036870
-0.023866
0.009657
0.030709
0.041142
0.032406
0.005140
-0.015845
-0.027015
-0.028973
-0.016486
-0.018276
-0.040045
-0.063251
-0.066420
-0.039707
-0.022777
-0.014577
-0.017337
-0.016311
0.003067
0.023617
0.044859
0.048607
0.034213
0.009893
-0.017093
-0.028147
-0.013944
0.002795
-0.000103
-0.014758
-0.030245
-0.036793
-0.025305
0.002747
0.031196
0.041525
0.034251
0.023445
0.028339
0.039479
0.029879
0.022127
0.011649
-0.002113
-0.012951
-0.023272
-0.019832
-0.014907
-0.006756
-0.005208
-0.009416
-0.009705
0.011058
0.042063
0.064283
0.057672
0.024642
0.004219
-0.015409
-0.014563
-0.006319
-0.017419
-0.026780
-0.038458
-0.042322
-0.037640
-0.025057
-0.006662
0.010624
0.012325
-0.007271
-0.020768
-0.015981
0.009015
0.027569
0.010647
-0.023235
-0.041424
-0.037271
-0.023447
-0.011803
-0.009683
-0.017999
-0.020716
-0.016509
-0.004197
0.002056
-0.010883
-0.019050
-0.022533
-0.023049
-0.016573
-0.001120
0.005794
0.000925
-0.000094
0.003842
0.017149
0.036862
0.052788
0.045624
0.021724
-0.009001
-0.013387
0.009303
0.024861
0.032655
0.020694
0.009818
0.010443
0.019224
0.041127
0.056680
0.059060
0.044005
0.029353
0.042066
0.055497
0.054080
0.046116
0.033150
0.016055
-0.001551
-0.018461
-0.014524
0.012404
0.025942
0.022231
0.002543
-0.011401
0.000862
0.019401
0.037449
0.046002
0.040428
0.028271
0.021382
0.016946
0.005827
-0.007832
-0.030051
-0.043494
-0.051132
-0.054938
-0.045271
-0.030622
-0.011032
0.001185
0.012513
0.020808
0.026464
0.035507
0.030159
0.012538
-0.012496
-0.031578
-0.030401
-0.017543
-0.019479
-0.043578
-0.072852
-0.082267
-0.056229
-0.027339
-0.000957
0.028437
0.041990
0.043772
0.033786
0.020595
0.007170
-0.013882
-0.017704
-0.007638
-0.005062
-0.017098
-0.027823
-0.028153
-0.026486
-0.026965
-0.021085
-0.000050
0.025689
0.048231
0.050576
0.043668
0.035709
0.035580
0.042074
0.036821
0.018535
-0.003475
-0.011890
-0.004367
0.001516
-0.006143
-0.008891
-0.002328
0.008395
0.010783
0.012882
0.028754
0.041141
0.036185
0.011356
-0.016077
-0.027174
-0.017354
-0.006360
0.002521
-0.006400
-0.013933
-0.012828
-0.014688
-0.014746
-0.023431
-0.022263
-0.015963
-0.012911
-0.014522
-0.024100
-0.028387
-0.013495
0.003002
0.015687
0.011157
0.002361
-0.002671
-0.001546
0.000674
-0.004108
-0.007967
-0.018923
-0.024684
-0.036082
-0.039634
-0.033995
-0.026167
-0.019834
-0.009820
-0.005321
-0.008998
0.001173
0.009165
0.022143
0.030610
0.029042
0.022151
0.004510
-0.015666
-0.023539
-0.021058
-0.028279
-0.029876
-0.023358
-0.012754
-0.001392
0.010919
0.025799
0.036343
0.047308
0.045430
0.033745
0.018141
0.013003
0.020893
0.022132
0.005270
-0.013224
-0.028859
-0.038359
-0.025299
-0.002931
0.013427
0.005536
0.003919
0.015550
0.033907
0.052952
0.059854
0.065722
0.047426
0.022808
0.001983
-0.013428
-0.016875
-0.017531
-0.017972
-0.031502
-0.035723
-0.031554
-0.009864
0.009466
0.019730
0.026718
0.028404
0.040738
0.035037
0.026509
0.006382
-0.005487
-0.002399
-0.005366
-0.005565
-0.012344
-0.019180
-0.021069
-0.016156
-0.012186
-0.009500
-0.003954
0.015787
0.039309
0.045581
0.029352
0.004936
-0.003485
-0.003566
-0.002457
0.003932
-0.003352
-0.018661
-0.024279
-0.021101
0.001321
0.018051
0.021520
0.011294
-0.014099
-0.025913
-0.021348
-0.002591
0.019799
0.028546
0.019763
-0.008888
-0.032015
-0.025500
0.001880
0.018609
0.019708
0.012382
0.006504
0.009484
0.011735
0.021230
0.026364
0.025301
0.020476
0.009292
-0.001829
-0.001605
-0.003325
-0.007503
-0.016751
-0.024908
-0.021846
-0.019256
