-0.000127
0.004308
0.006721
0.005674
0.002258
-0.000026
0.001319
0.004444
0.004354
0.001359
0.000045
0.002781
0.006304
0.005703
0.003525
0.002742
0.004414
0.006345
0.007284
0.007710
0.007996
0.008417
0.009192
0.009833
0.008900
0.005874
0.003591
0.004422
0.007436
0.009196
0.006576
0.003799
0.006233
0.011795
0.015531
0.013925
0.010178
0.008266
0.009407
0.011340
0.010893
0.009249
0.008731
0.010885
0.013645
0.014445
0.012223
0.010048
0.010590
0.013034
0.013539
0.010957
0.009748
0.010390
0.009291
0.005873
0.004294
0.006675
0.009860
0.011291
0.011857
0.012081
0.011924
0.012579
0.013671
0.014520
0.013748
0.012250
0.011768
0.012976
0.013969
0.011073
0.007711
0.009198
0.013923
0.016179
0.014765
0.012489
0.013962
0.018157
0.019050
0.014971
0.009442
0.008684
0.012477
0.014764
0.011432
0.006539
0.007163
0.012087
0.015811
0.014324
0.011544
0.013022
0.018420
0.022824
0.021655
0.017643
0.015720
0.018158
0.020082
0.016795
0.010881
0.008527
0.009436
0.009626
0.010381
0.011627
0.011337
0.009057
0.010308
0.016736
0.020573
0.019143
0.018030
0.020535
0.021881
0.018221
0.011910
0.008618
0.009392
0.013097
0.014375
0.010260
0.007083
0.009404
0.014176
0.014940
0.014329
0.012406
0.011962
0.010350
0.011255
0.006897
0.002938
-0.000603
0.005153
0.007007
0.003769
-0.005363
-0.002163
0.009074
0.013875
0.012833
0.010040
0.016558
0.004106
-0.002053
-0.018297
-0.006023
-0.018238
0.001530
-0.010999
0.004778
-0.015603
-0.004318
-0.028924
-0.008929
-0.026225
-0.024203
-0.145926
-0.245343
-0.063809
-0.433958
-0.333782
-0.040169
0.084141
0.113409
0.388591
0.713410
0.555295
0.118944
-0.025476
0.452291
0.323612
-0.082914
-0.191872
0.039504
-0.081702
-0.547769
-0.766466
-0.397226
0.193673
0.310853
0.053469
-0.114136
0.110390
0.407020
0.410215
0.111565
-0.060221
0.028568
0.075651
-0.122068
-0.409243
-0.466262
-0.145558
0.119365
-0.070636
-0.449535
-0.319490
0.325476
0.679874
0.279750
-0.309409
-0.228860
0.365915
0.579580
0.040210
-0.565405
-0.481539
0.054878
0.248987
-0.143874
-0.604272
-0.455440
0.147695
0.466821
0.199946
-0.258617
-0.240548
0.322151
0.667603
0.259570
-0.352049
-0.449891
-0.116708
0.077583
-0.228113
-0.557859
-0.507342
-0.225058
-0.088595
-0.244401
-0.232503
0.066583
0.451462
0.388387
0.189429
0.175138
0.338064
0.419649
0.273455
0.303162
0.406226
0.440779
0.119045
-0.290590
-0.573199
-0.361558
-0.007125
0.031195
-0.159015
-0.291679
-0.034376
0.230322
0.269796
0.097715
0.134553
0.340624
0.469093
0.265649
-0.097972
-0.186773
-0.081495
-0.126960
-0.441554
-0.577593
-0.379219
-0.112587
-0.061153
-0.125907
-0.024241
0.250172
0.356274
0.210083
0.067536
0.175682
0.323484
0.223273
-0.169881
-0.491682
-0.480390
-0.251241
-0.040818
-0.290499
-0.413073
-0.385626
0.018122
0.348462
0.185648
0.041839
-0.001034
0.213116
0.172425
-0.069190
-0.380679
-0.324195
-0.225107
-0.273491
-0.471285
-0.610163
-0.374939
-0.051879
0.197706
0.067572
0.046352
0.164793
0.437494
0.620687
0.604276
0.550033
0.474776
0.289638
0.040709
-0.136227
-0.237674
-0.100737
0.004832
-0.035378
-0.173682
-0.269533
-0.117984
0.096965
0.156629
0.175506
0.279574
0.453425
0.503542
0.322864
0.017080
-0.137100
-0.135987
-0.097657
-0.157503
-0.327900
-0.533550
-0.459554
-0.235608
0.022549
0.025358
-0.077815
0.040964
0.238079
0.453334
0.350069
0.131612
-0.155460
-0.280535
-0.323190
-0.201043
-0.066460
-0.007236
-0.154523
-0.386991
-0.485306
-0.319622
0.104844
0.400093
0.536514
0.166722
-0.159049
-0.177528
-0.077009
-0.192219
-0.443203
-0.430140
-0.115507
0.087626
-0.174687
-0.270719
-0.063532
0.034176
-0.170633
-0.531689
-0.374036
0.168276
0.493595
0.444473
0.266794
0.246675
0.226053
0.321301
0.195641
0.237180
0.334477
0.321624
0.114472
-0.136526
-0.027382
0.224378
0.344792
-0.032589
-0.209693
-0.105313
0.327807
0.519307
0.349741
0.160887
0.199344
0.310010
0.028677
-0.338359
-0.426436
-0.000967
0.291240
0.096243
-0.358761
-0.334747
0.089494
0.425469
0.370980
-0.032691
-0.116235
-0.094009
0.120400
-0.183927
-0.555534
-0.550016
-0.247512
0.297326
0.259293
-0.069458
-0.490395
-0.060798
0.230734
0.139494
-0.342765
-0.514908
0.081353
0.249472
-0.041928
-0.430334
-0.273845
-0.167408
-0.241116
-0.200303
0.114618
0.420531
0.105644
-0.486844
-0.655981
-0.342179
0.146956
0.256163
0.023349
-0.288025
-0.069001
0.351907
0.413790
0.003877
-0.311691
-0.066558
0.296936
0.162499
-0.386146
-0.325133
0.277570
0.821709
0.436597
-0.355957
-0.421330
0.244702
0.680976
0.468138
0.108439
0.124994
0.374687
0.345002
0.083040
-0.093650
0.052775
0.305243
0.248247
-0.039575
-0.144688
0.128519
0.450511
0.392203
0.040637
-0.266561
-0.187915
0.032263
0.106640
-0.148454
-0.179360
0.078724
0.311118
0.210379
-0.035866
0.108464
0.183982
0.100428
-0.234028
-0.209735
0.008252
0.135635
-0.011658
-0.344157
-0.432390
-0.315388
0.062337
0.111026
0.023899
-0.247586
-0.329388
-0.103428
0.116842
0.172112
-0.039574
-0.202658
-0.233908
-0.203131
-0.180739
-0.001784
0.062916
-0.091315
-0.414248
-0.481105
-0.259118
0.031257
0.184453
0.118857
0.022332
-0.055335
0.002927
0.021582
-0.018907
-0.094507
-0.103897
-0.105605
-0.138728
-0.041956
0.059335
0.183417
0.191693
0.034946
-0.137723
-0.198553
-0.015299
0.224555
0.271993
0.113211
0.005210
0.045561
0.187919
0.227646
0.173163
0.042360
-0.070799
-0.088529
0.014283
0.143163
0.093893
-0.019872
-0.024474
0.136714
0.262963
0.237882
0.080944
-0.031655
-0.063036
0.047567
0.196310
0.217656
0.125542
-0.009483
-0.057188
-0.016094
0.064024
0.059777
-0.073760
-0.258111
-0.165534
0.153691
0.392090
0.338659
0.016778
-0.253242
-0.331656
-0.130080
0.065065
0.075224
-0.044620
-0.096553
-0.047255
-0.022718
-0.062083
-0.100788
-0.032468
0.005357
0.016667
-0.057209
-0.050250
0.142560
0.275872
0.164709
-0.113749
-0.295711
-0.255507
-0.068400
0.027586
-0.026844
-0.108034
-0.160319
-0.126167
-0.082008
-0.005992
0.089524
0.131493
-0.048651
-0.229114
-0.158012
0.061526
0.296836
0.143407
-0.235898
-0.401315
-0.196785
0.062042
0.102326
-0.068983
-0.162373
0.005418
0.052869
-0.046358
-0.146335
-0.079131
0.113795
0.191207
0.046484
-0.155508
-0.093419
0.064810
0.162410
0.001967
-0.223046
-0.130916
0.148267
0.251887
0.037867
-0.136960
-0.099229
0.055954
0.125142
0.094133
0.069773
0.029598
-0.065282
-0.168758
-0.137373
0.001004
0.112337
0.133078
-0.012630
-0.150819
-0.104454
0.049779
0.125774
0.032650
-0.108471
-0.098495
0.019293
0.034825
-0.018645
-0.036582
0.016240
0.070510
0.103499
0.072991
0.018850
-0.001600
-0.014750
-0.016029
0.012151
0.048858
0.053945
0.024154
-0.068704
-0.072487
0.028562
0.112756
0.097845
0.014507
0.005252
0.061242
0.096109
0.020331
-0.088150
-0.094440
-0.038858
0.008387
-0.000743
-0.020549
0.020214
0.043442
-0.010166
-0.098311
-0.117875
0.001611
0.125250
0.104121
-0.024645
-0.126620
-0.093794
-0.013504
-0.003344
-0.001843
0.026691
0.061654
0.065910
-0.005860
-0.094204
-0.090480
0.056187
0.143729
0.038151
-0.116015
-0.118175
0.006376
0.048689
-0.028378
-0.146890
-0.157969
-0.075143
0.041307
0.070665
0.021862
-0.024715
-0.051216
-0.022489
-0.009868
0.003151
0.013828
0.022497
-0.055389
-0.165517
-0.196973
-0.119927
-0.017199
-0.012448
-0.054168
-0.063369
-0.014325
0.048551
0.079518
0.082331
0.048642
0.023506
0.025672
0.017814
-0.024548
-0.031576
-0.003687
-0.020394
-0.042474
-0.079039
-0.050524
0.025744
0.112040
0.130610
0.063099
-0.024916
-0.006918
0.096046
0.116011
0.068436
0.001416
0.008668
0.022392
0.017247
0.004627
-0.003605
-0.049347
-0.114476
-0.050527
0.084107
0.159639
0.118271
0.016006
-0.030749
0.022846
0.099930
0.140392
0.129104
0.065297
0.009973
-0.015044
-0.017483
-0.029169
-0.031560
0.014077
0.041860
-0.036798
-0.115247
-0.083555
0.022316
0.116838
0.102872
0.046516
-0.035204
-0.061278
-0.032526
0.028744
0.022747
-0.058070
-0.101523
-0.130150
-0.105747
-0.077762
-0.016692
0.017672
0.017664
-0.008739
-0.016877
0.009567
0.012631
0.024752
0.039031
0.034388
-0.010863
-0.037935
-0.025363
0.001040
-0.009279
-0.077735
-0.123639
-0.095608
-0.018672
0.059251
0.048084
-0.001044
-0.010383
0.036491
0.067379
0.073733
0.058379
0.014468
-0.019320
-0.036879
0.005480
-0.000336
-0.042475
-0.061527
-0.019452
0.014612
-0.018905
-0.057490
-0.051288
0.028159
0.119244
0.155033
0.143241
0.094789
0.062372
0.060976
0.050400
0.050991
0.048766
0.032263
-0.020428
-0.071642
-0.099252
-0.058220
0.023514
0.104744
0.123573
0.066621
0.018899
0.016728
0.064643
0.091194
0.076963
0.021066
-0.049280
-0.094583
-0.102074
-0.086770
-0.060327
-0.063421
-0.081465
-0.046999
0.033550
0.114630
0.096704
-0.003571
-0.058402
-0.014710
0.065740
0.085185
0.036703
-0.040271
-0.051937
-0.034685
-0.032624
-0.071342
-0.095165
-0.035583
0.031899
0.054661
0.008414
-0.009788
-0.007247
0.034609
0.050948
0.052575
0.063181
0.026110
-0.022204
-0.052255
-0.002296
0.046248
0.032755
-0.037428
-0.069717
-0.044681
-0.012200
-0.009183
-0.034855
-0.032631
0.015500
0.122335
0.148621
0.083477
-0.019169
-0.047934
0.047086
0.126877
0.112588
0.022170
-0.014629
-0.044645
-0.061912
-0.075305
-0.047289
0.000125
-0.007375
-0.009593
-0.001553
0.020694
0.020861
0.076714
0.121576
0.109713
0.045723
-0.025628
-0.037100
-0.025033
-0.021626
-0.061122
-0.097034
-0.118894
-0.087299
-0.045995
-0.026179
-0.023427
-0.007032
0.026080
0.038515
0.062025
0.052822
0.028417
-0.002420
-0.064252
-0.121824
-0.083066
0.011581
0.039887
-0.024857
-0.118832
-0.124485
-0.039522
0.053827
0.074825
0.042547
-0.022823
-0.040254
0.022045
0.057151
0.056676
0.006611
-0.014686
-0.024586
-0.029725
-0.037887
-0.072941
-0.059114
-0.047505
-0.019607
-0.023166
-0.016009
0.015139
0.050421
0.031377
-0.028306
-0.011168
0.042254
0.100693
0.080546
0.021153
-0.055744
-0.112009
-0.118751
-0.077111
0.014729
0.046514
-0.001512
-0.049956
-0.036209
0.012834
0.031053
0.023285
0.024666
0.041254
0.041119
-0.010197
-0.040394
-0.019813
-0.002800
-0.002235
-0.027927
-0.073741
-0.089457
-0.077757
-0.065127
-0.055173
-0.050529
-0.026072
0.043270
0.083056
0.057987
-0.012113
-0.059532
-0.016916
0.056749
0.087146
0.018486
-0.052884
-0.070114
-0.059430
-0.058079
-0.069490
-0.042614
-0.007093
0.012686
0.002877
0.013996
0.057318
0.087783
0.060335
-0.018311
-0.022211
0.049877
0.093754
0.059101
-0.029543
-0.090481
-0.087550
-0.034112
0.007291
0.018059
0.003247
-0.036229
-0.031179
0.001889
0.046116
0.090470
0.107170
0.070189
-0.016812
-0.083754
-0.072904
0.000059
0.038489
-0.006784
-0.093710
-0.129415
-0.087173
-0.013197
0.021778
0.040504
0.047762
0.035982
0.008955
0.007697
0.017980
0.028786
0.045028
0.007205
-0.034437
-0.065898
-0.054214
-0.039976
-0.044518
-0.052960
-0.059539
-0.037055
-0.013036
0.023057
0.041841
-0.003681
-0.053483
-0.046206
0.042589
0.145687
0.155562
0.054610
-0.044511
-0.057985
-0.011830
0.036136
0.021972
-0.003218
-0.046855
-0.087980
-0.078363
-0.019765
0.053043
0.072196
0.050805
0.037340
0.074899
0.113793
0.078361
-0.002338
-0.039791
-0.029696
-0.020417
-0.008090
0.017004
0.015931
-0.022652
-0.069907
-0.056439
0.010291
0.070482
0.101331
0.055883
-0.017094
-0.059792
-0.017277
0.057942
0.078915
0.016399
-0.057971
-0.074685
-0.038186
0.007559
-0.007656
-0.034280
-0.035523
-0.000955
0.028217
0.030693
0.024251
0.019583
0.009991
0.016371
0.034197
0.021294
-0.037050
-0.065567
-0.048587
-0.018103
0.003212
-0.009008
-0.025083
-0.048702
-0.045350
-0.011273
0.038360
0.075815
0.048680
-0.007972
-0.031834
0.000807
0.048555
0.050609
0.010708
-0.032401
-0.050882
-0.047326
0.002426
0.049424
0.035678
-0.004091
-0.026695
-0.011357
0.031219
0.071382
0.076902
0.035475
-0.020149
-0.033524
0.008402
0.045095
0.025323
-0.016713
-0.039430
-0.017395
0.006931
0.007859
0.017539
0.015541
0.005560
-0.014567
-0.005075
0.022266
0.028149
-0.000125
-0.034130
-0.025828
-0.021807
-0.006086
0.003265
-0.000751
-0.032206
-0.061921
-0.025965
0.046194
0.083666
0.063025
0.037176
0.022968
0.023930
0.015621
0.013521
0.015341
0.007349
-0.011830
-0.033478
-0.022854
-0.005132
-0.003170
-0.023136
-0.043839
-0.034056
0.002925
0.032532
0.027227
0.007383
0.012806
0.044047
0.067838
0.061258
0.032230
0.007384
-0.017312
-0.029174
-0.031281
-0.028969
-0.014926
-0.017458
-0.032755
-0.028332
0.008998
0.050548
0.067853
0.049709
0.016877
0.019926
0.050524
0.075646
0.060570
0.002979
-0.041602
-0.034764
-0.000708
0.012370
-0.014746
-0.050723
-0.049286
-0.017653
0.030504
0.051997
0.041044
0.013557
-0.001832
0.003198
0.014896
0.020931
0.001592
-0.019312
-0.047719
-0.061169
-0.053506
-0.020073
0.023277
0.026856
-0.001072
-0.014667
-0.003951
0.023400
0.051597
0.051243
0.014288
-0.029833
-0.026603
0.002048
0.004275
-0.022348
-0.041086
-0.038402
-0.031637
-0.026647
-0.004181
0.013771
0.002604
-0.015548
-0.025984
-0.017200
0.000203
-0.014364
-0.031542
-0.018902
-0.005965
-0.004799
-0.014462
-0.013248
-0.001088
0.006298
0.018028
0.016922
-0.004191
-0.026659
-0.029950
-0.008254
-0.005319
-0.005056
0.001407
0.007956
0.014128
0.012329
0.024290
0.035883
0.037426
0.024195
0.010908
-0.000171
-0.012338
-0.004806
0.009822
0.008829
-0.017734
-0.031974
-0.009145
0.014521
0.011147
-0.008981
-0.010859
0.006433
0.013065
0.001866
-0.001807
0.015560
0.033175
0.034346
0.039030
0.032935
0.011558
0.002799
-0.005027
-0.019082
-0.036502
-0.041425
-0.026461
-0.019817
-0.025739
-0.030757
-0.018132
-0.007931
0.007215
0.027659
0.032474
0.023469
0.000157
-0.008311
-0.016380
-0.018769
-0.037911
-0.063811
-0.077393
-0.083050
-0.077197
-0.060399
-0.023653
0.002232
0.012327
0.017533
0.019837
0.016845
0.011850
0.001594
-0.010627
-0.035462
-0.057637
-0.054634
-0.038163
-0.033513
-0.048490
-0.056097
-0.042005
-0.022938
-0.015565
0.004237
0.035890
0.059795
0.053055
0.024639
0.003030
0.010067
0.042209
0.057210
0.029670
-0.020820
-0.054330
-0.059928
-0.041463
-0.008064
0.024896
0.021378
0.015373
0.018613
0.026138
0.041775
0.050211
0.060105
0.070309
0.064598
0.036301
0.011420
0.001263
0.003726
-0.013330
-0.042556
-0.054849
-0.041993
-0.024933
-0.011983
0.001366
0.000575
-0.000732
0.013706
0.033152
0.044388
0.042788
0.040452
0.033468
0.007651
-0.022463
-0.038297
-0.051615
-0.072598
-0.083344
-0.075571
-0.055775
-0.046743
-0.041809
-0.023968
-0.001147
0.022882
0.038909
0.035109
0.023021
0.017174
0.022187
0.007527
-0.015543
-0.038276
-0.059991
-0.062577
-0.056528
-0.049862
-0.051966
-0.048552
-0.033344
-0.014600
-0.006878
0.017161
0.055921
0.070676
0.062293
0.039597
0.014200
0.004917
0.011876
0.007692
-0.011218
-0.024193
-0.008946
-0.005431
-0.014665
-0.023490
-0.018340
0.019365
0.056775
0.082352
0.077351
0.065121
0.066927
0.068141
0.050039
0.024734
0.010113
-0.003415
-0.022874
-0.039820
-0.044375
-0.042653
-0.035876
-0.019965
0.003648
0.028836
0.051390
0.060093
0.057634
0.051951
0.037122
0.019999
-0.004190
-0.017569
-0.023358
-0.041393
-0.061066
-0.071783
-0.066808
-0.055856
-0.046257
-0.034132
-0.016893
-0.000821
0.015930
0.016566
0.015598
0.028259
0.029862
