-0.005181
-0.005392
-0.005815
-0.005337
-0.005448
-0.005797
-0.006129
-0.005937
-0.005751
-0.005756
-0.005857
-0.006045
-0.006053
-0.006508
-0.006859
-0.006686
-0.005841
-0.005670
-0.005315
-0.005681
-0.005661
-0.005820
-0.005471
-0.005103
-0.006084
-0.006653
-0.006204
-0.005354
-0.005261
-0.005887
-0.006899
-0.007027
-0.006867
-0.006982
-0.007718
-0.007398
-0.006949
-0.006683
-0.006333
-0.006538
-0.006331
-0.005868
-0.004907
-0.004564
-0.004298
-0.004237
-0.003942
-0.004193
-0.004160
-0.004039
-0.004117
-0.004030
-0.004165
-0.004124
-0.004590
-0.004483
-0.004656
-0.004551
-0.004468
-0.004403
-0.004428
-0.003971
-0.003845
-0.003718
-0.003919
-0.004046
-0.003635
-0.003715
-0.003522
-0.003565
-0.003545
-0.003709
-0.003353
-0.003589
-0.003549
-0.003723
-0.004219
-0.004687
-0.004471
-0.003792
-0.003655
-0.003384
-0.003427
-0.003372
-0.003776
-0.004082
-0.004547
-0.004635
-0.004667
-0.003612
-0.002810
-0.003175
-0.003484
-0.003587
-0.004059
-0.004542
-0.004199
-0.004543
-0.003972
-0.004070
-0.004175
-0.004094
-0.004303
-0.004246
-0.003993
-0.003244
-0.003241
-0.003167
-0.003061
-0.002679
-0.002066
-0.002324
-0.002720
-0.002607
-0.002324
-0.002969
-0.003402
-0.003117
-0.003035
-0.003098
-0.002957
-0.002782
-0.002767
-0.003091
-0.003175
-0.002612
-0.002869
-0.002949
-0.002857
-0.002354
-0.002368
-0.002417
-0.002252
-0.002098
-0.002156
-0.002317
-0.002019
-0.001774
-0.001764
-0.001915
-0.002091
-0.002079
-0.001884
-0.002183
-0.001955
-0.001906
-0.001357
-0.000297
0.000335
0.000268
0.000005
-0.000430
-0.000801
-0.000497
-0.000488
-0.000000
0.000516
0.000338
0.000007
-0.000060
0.000843
0.001465
0.001724
0.001533
0.001450
0.002110
0.002228
0.002171
0.002071
0.002269
0.002510
0.002780
0.003235
0.003319
0.003336
0.003409
0.002920
0.002331
0.002252
0.002088
0.002420
0.002887
0.002842
0.003149
0.003362
0.003690
0.003822
0.004182
0.004245
0.004065
0.004099
0.003393
0.003356
0.003275
0.003347
0.002561
0.002683
0.003157
0.002620
0.003004
0.002263
0.002026
0.002052
0.002098
0.002109
0.002042
0.002519
0.002679
0.002884
0.002399
0.002303
0.002339
0.001903
0.001963
0.002382
0.002739
0.002785
0.002533
0.002344
0.002326
0.002196
0.002417
0.002529
0.002337
0.002305
0.002384
0.002927
0.003430
0.003173
0.003167
0.003777
0.004410
0.004719
0.005052
0.005265
0.005385
0.006049
0.006445
0.006565
0.006267
0.006283
0.006600
0.006584
0.006716
0.006659
0.007021
0.006991
0.006691
0.006974
0.007379
0.007884
0.008010
0.008481
0.008962
0.008719
0.008109
0.007778
0.007638
0.008087
0.008402
0.008052
0.008355
0.008576
0.009148
0.008940
0.008074
0.008001
0.007942
0.008008
0.008297
0.008073
0.007771
0.007673
0.007593
0.007729
0.008039
0.007606
0.006531
0.006414
0.006044
0.005840
0.006646
0.006841
0.006253
0.005493
0.004747
0.004558
0.005020
0.005586
0.005647
0.005654
0.005344
0.004850
0.004750
0.004338
0.003961
0.004195
0.004561
0.004149
0.003067
0.001036
0.000571
0.001020
0.001275
0.001589
0.001566
0.002551
0.003021
0.002803
0.001896
0.001361
0.001531
0.001831
0.001835
0.001365
0.000267
-0.000603
-0.000636
-0.000580
-0.000057
0.000108
-0.000014
-0.000184
-0.001335
-0.002820
-0.003400
-0.002322
-0.000718
-0.000709
-0.001284
-0.001981
-0.002295
-0.001744
-0.000961
-0.000790
-0.001474
-0.002836
-0.003281
-0.002859
-0.003124
-0.003436
-0.003252
-0.001335
-0.000008
-0.000997
-0.002812
-0.003541
-0.002834
-0.003064
-0.003643
-0.004116
-0.003929
-0.002907
-0.002112
-0.001773
-0.001020
0.000236
0.001670
0.001654
0.000282
-0.000352
0.000242
0.001761
0.001150
-0.000337
-0.001484
-0.001746
-0.002197
-0.002325
-0.001601
-0.000250
0.000755
0.000247
-0.000581
-0.001552
-0.000503
0.000543
0.000440
0.000067
-0.000397
-0.000516
-0.000608
-0.000491
0.000120
0.000251
-0.001242
-0.003589
-0.004434
-0.003904
-0.002579
-0.001520
-0.001724
-0.003032
-0.004366
-0.003813
-0.002792
-0.003242
-0.004371
-0.005235
-0.005078
-0.004237
-0.003702
-0.004289
-0.004544
-0.003569
-0.002827
-0.002075
-0.002747
-0.003248
-0.003496
-0.003831
-0.003828
-0.004692
-0.005322
-0.005141
-0.004338
-0.004469
-0.005709
-0.005944
-0.005153
-0.003995
-0.002688
-0.003177
-0.003714
-0.002750
-0.001299
-0.000544
-0.001962
-0.003391
-0.002127
0.000432
0.000347
-0.002487
-0.003871
-0.002415
-0.000909
-0.000269
-0.001334
-0.001796
-0.001655
-0.003178
-0.004803
-0.005496
-0.004078
-0.002923
-0.002546
-0.002961
-0.004383
-0.004381
-0.002671
-0.000378
0.000574
-0.000593
-0.001654
-0.001805
-0.002396
-0.003715
-0.004402
-0.004236
-0.003869
-0.004770
-0.006698
-0.006411
-0.004730
-0.004036
-0.004520
-0.005037
-0.004511
-0.004874
-0.005891
-0.007111
-0.007252
-0.005496
-0.004615
-0.004396
-0.005660
-0.007017
-0.005091
-0.001710
-0.000488
-0.000758
-0.001712
-0.002514
-0.003028
-0.004712
-0.005545
-0.004845
-0.003695
-0.003471
-0.003327
-0.003809
-0.005005
-0.004758
-0.003535
-0.002312
-0.001565
-0.000407
-0.000209
-0.001390
-0.002564
-0.002557
-0.001233
0.000609
0.001675
0.000135
-0.002289
-0.004372
-0.005668
-0.004776
-0.003889
-0.004532
-0.006153
-0.006585
-0.004056
-0.003173
-0.004943
-0.005938
-0.004356
-0.003007
-0.006294
-0.011546
-0.012239
-0.008463
-0.005042
-0.005612
-0.007851
-0.009049
-0.007038
-0.005613
-0.004694
-0.004817
-0.003121
-0.001893
-0.003641
-0.010000
-0.015783
-0.013698
-0.008370
-0.005708
-0.014083
-0.018541
-0.021075
-0.013647
-0.015682
-0.008405
-0.009004
0.002210
-0.004556
-0.005671
-0.014254
-0.007086
-0.003209
0.002514
0.004212
-0.007388
-0.000909
-0.014438
-0.014427
-0.048329
-0.032699
-0.075951
-0.082611
-0.299362
-0.139084
-0.358404
-0.540265
-0.110484
-0.122396
0.112067
0.263524
0.650202
0.737513
0.310527
-0.025159
0.222079
0.444832
0.223133
0.202448
0.154424
0.102594
-0.430812
-0.855587
-0.705054
-0.188762
0.167727
0.095286
-0.024901
-0.060896
0.154384
0.419766
0.519942
0.350279
0.053061
-0.133445
-0.119612
-0.042594
-0.120609
-0.173218
-0.166335
-0.237909
-0.422059
-0.503846
-0.118223
0.446214
0.607810
0.159519
-0.313136
-0.206102
0.378344
0.790499
0.444811
-0.248295
-0.686820
-0.495325
0.066471
0.260354
-0.109158
-0.583359
-0.537382
0.019810
0.464811
0.333209
0.058395
0.111011
0.348274
0.415113
0.100997
-0.219279
-0.207432
-0.096002
-0.037327
-0.169826
-0.413530
-0.452203
-0.405250
-0.092171
0.103027
0.153409
0.000158
-0.070828
0.131034
0.008086
0.148945
0.074485
0.017045
-0.084415
-0.327393
-0.145996
-0.150610
-0.233201
-0.249709
0.101777
0.558415
0.876401
0.829808
0.573280
0.360471
0.229096
0.451703
0.418182
0.288389
-0.043057
-0.222920
-0.233550
-0.302750
-0.389191
-0.551870
-0.509013
-0.291108
0.114146
0.335540
0.483658
0.470575
0.315746
0.122455
0.045957
0.224967
0.276376
0.035933
-0.433263
-0.628456
-0.440503
-0.207180
-0.205439
-0.425329
-0.425847
-0.132206
0.225825
0.349532
0.265396
0.236669
0.308970
0.359151
0.240290
-0.045857
-0.218037
-0.201372
-0.185381
-0.309831
-0.512230
-0.524555
-0.282925
-0.035926
0.007974
0.034696
0.179316
0.381292
0.433421
0.206322
0.104453
0.076933
-0.001629
-0.118376
-0.427202
-0.452254
-0.398519
-0.149310
-0.245451
-0.529453
-0.432203
-0.257790
0.175137
0.228301
0.071977
-0.006996
-0.024361
0.066447
0.159382
-0.001643
-0.308998
-0.251832
0.007147
0.206001
0.009875
-0.278692
0.016918
0.599820
0.959659
0.690237
0.378693
0.300619
0.348550
0.250225
0.082040
0.186150
0.406968
0.449732
0.040649
-0.392461
-0.546587
-0.230917
0.212544
0.365296
0.158301
-0.034392
-0.048621
-0.036877
-0.150965
-0.192204
0.101431
0.345767
0.060244
-0.558042
-0.732726
-0.156502
0.454025
0.355358
-0.318355
-0.753964
-0.433320
0.158306
0.350661
0.030125
-0.297784
-0.252650
0.034069
0.154792
-0.013845
-0.164574
-0.095172
0.049518
0.021799
-0.168555
-0.255858
-0.060666
0.124361
0.119924
-0.113087
-0.214403
-0.229674
-0.203035
-0.105903
-0.099317
0.129614
0.156127
-0.002609
-0.164940
-0.047943
0.195868
0.229860
-0.027816
-0.338061
-0.310221
-0.145825
0.036886
0.015807
-0.231439
-0.378770
-0.306771
-0.186193
-0.097548
-0.189878
-0.173699
0.031703
0.256781
0.187682
0.055454
0.039838
0.041906
0.106671
0.085618
0.272239
0.500571
0.609672
0.505630
0.376204
0.231300
0.086450
0.094113
0.110426
0.166443
0.142072
0.135054
0.227242
0.280687
0.204799
0.059555
-0.074505
-0.099230
0.030187
0.173186
0.195406
0.067742
-0.059574
0.009194
0.090570
0.092206
0.014197
-0.053317
-0.077022
-0.028566
0.024733
-0.051860
-0.155580
-0.228985
-0.143889
-0.008514
-0.005311
-0.051437
-0.074321
-0.092960
-0.034953
0.061841
0.066758
-0.118868
-0.271367
-0.288247
-0.001586
0.147416
-0.076067
-0.274324
-0.311108
-0.118981
0.034699
0.095489
0.122709
0.104948
0.000261
-0.120924
-0.204205
-0.257510
-0.281204
-0.169831
-0.001429
-0.030970
-0.273616
-0.383604
-0.246267
0.023052
0.033864
-0.138681
-0.256754
-0.181114
0.028506
0.130323
0.059915
-0.138560
-0.145519
0.067562
0.340294
0.261713
0.038727
-0.075478
-0.103014
-0.144081
-0.040518
0.128430
0.229383
0.095038
-0.140051
-0.144176
0.047196
0.378495
0.472617
0.325144
0.016212
-0.084887
0.091339
0.311578
0.326052
0.173688
-0.019054
-0.136790
-0.044407
0.144708
0.331708
0.272355
0.018354
-0.118206
0.021542
0.172546
0.187093
0.107235
0.070665
0.072774
0.019703
-0.063534
-0.062327
-0.005466
0.037152
0.033492
-0.128436
-0.208956
-0.090932
0.175081
0.308842
0.133473
-0.142242
-0.222159
0.010394
0.264197
0.230941
-0.074023
-0.267261
-0.178697
-0.027238
0.041231
-0.012380
-0.058259
-0.077728
-0.099615
-0.061341
0.010755
0.007084
-0.018846
-0.017440
0.031429
0.117929
0.059540
-0.143790
-0.318967
-0.340677
-0.140342
-0.002072
-0.081208
-0.145577
-0.155673
-0.079390
-0.054229
-0.068663
-0.104046
-0.068927
0.009189
0.069946
-0.023280
-0.206267
-0.227505
-0.119366
-0.012180
-0.056257
-0.084944
-0.049900
0.011568
-0.006073
-0.023457
-0.051871
-0.074711
-0.022395
0.065940
0.084177
0.056480
0.051389
0.020246
-0.044342
-0.160557
-0.136074
-0.007391
0.100048
0.096528
0.075558
0.060779
0.012987
0.031851
0.069035
0.069801
0.032766
0.033607
0.089604
0.125925
0.046477
-0.046716
0.015085
0.074646
0.060864
0.011368
-0.048009
-0.005476
0.103351
0.195186
0.226649
0.166488
0.067933
0.058061
0.049553
0.034113
0.042101
0.014640
0.008249
0.019057
0.041673
0.051324
0.018957
0.016317
0.006021
-0.005026
0.000908
0.022532
0.103469
0.109444
0.097429
0.056999
-0.009794
-0.045859
-0.050343
-0.025025
-0.040988
-0.075936
-0.066254
0.060145
0.148305
0.113570
-0.012126
-0.143671
-0.181762
-0.129864
-0.046082
0.002405
-0.005276
-0.017595
0.006573
0.030918
-0.012200
-0.123720
-0.151039
-0.142160
-0.115467
-0.029236
0.031063
0.068611
0.047859
-0.017458
-0.060135
-0.087585
-0.154492
-0.202033
-0.180461
-0.102418
0.039004
0.122704
0.041881
-0.157902
-0.256101
-0.178650
0.002807
0.102558
0.063271
0.017564
0.038925
0.067193
0.021018
-0.046292
-0.111793
-0.093631
-0.025050
0.038197
0.065753
0.075297
0.025133
-0.047562
-0.096337
-0.123607
0.015794
0.200261
0.227622
0.095180
-0.047264
-0.070327
-0.028790
0.018997
0.057565
0.031430
-0.004541
-0.040283
-0.013782
0.081016
0.105393
0.048354
-0.035148
-0.099900
-0.049306
0.132108
0.296928
0.294015
0.111959
-0.096754
-0.155737
-0.041506
0.095365
0.126112
0.019267
-0.088793
-0.128098
-0.036532
0.071135
0.089360
0.082954
-0.005210
-0.069250
-0.068046
0.029438
0.159964
0.163945
0.058288
-0.064696
-0.095246
-0.055744
0.005440
0.053111
0.058209
0.021985
-0.048689
-0.079459
-0.063102
-0.000576
0.084573
0.112678
0.037272
-0.067684
-0.081381
-0.022718
0.025416
-0.025776
-0.091511
-0.083084
-0.055626
-0.030334
-0.030400
-0.039613
-0.051712
-0.077617
-0.046040
0.016531
0.069325
0.083137
0.040733
0.009692
-0.049580
-0.109891
-0.107834
-0.046655
0.055705
0.062689
0.027341
-0.015938
-0.078987
-0.084659
-0.054152
0.028391
0.094480
0.081449
0.041235
0.029589
0.016019
0.008525
-0.010958
-0.026874
-0.010108
-0.034124
-0.046387
-0.020061
0.030630
0.030898
0.000846
-0.010816
0.024852
0.111193
0.146415
0.100557
0.002423
-0.002311
0.048252
0.084985
0.025378
-0.084792
-0.110936
-0.072194
-0.001329
0.011160
-0.000048
-0.018235
-0.002353
0.049466
0.066283
0.039660
0.027083
0.043914
0.062010
0.044186
-0.022695
-0.073400
-0.061579
0.009876
0.056838
0.024892
-0.028134
-0.041088
0.008560
0.082382
0.063642
-0.003392
-0.046381
-0.021071
0.038098
0.070467
0.060094
0.002588
-0.035048
-0.066983
-0.079116
-0.080290
-0.074685
-0.051919
-0.022863
-0.002879
-0.015614
0.016806
0.066427
0.080553
0.040245
-0.028477
-0.044997
0.018009
0.094651
0.082841
0.011532
-0.102134
-0.102833
-0.005016
0.026748
-0.009722
-0.057056
-0.042834
-0.005107
0.008963
0.004190
0.018413
0.041962
0.042326
0.022418
-0.000388
-0.015868
-0.006712
0.011640
0.002658
-0.056614
-0.096712
-0.056727
0.045100
0.130766
0.118533
0.047446
-0.033633
-0.095830
-0.081020
0.028988
0.127510
0.123402
0.021683
-0.085332
-0.103514
-0.043872
0.011824
0.015306
-0.017794
-0.059739
-0.039001
0.014650
0.045929
0.026234
-0.046914
-0.080992
-0.052850
0.014015
0.060611
0.065092
0.032662
-0.044471
-0.098281
-0.052932
0.027197
0.052494
0.007920
-0.050811
-0.068832
-0.057131
-0.017883
0.027105
0.028898
-0.047810
-0.087429
-0.067880
-0.013787
0.045752
0.056815
0.047859
-0.017479
-0.071189
-0.067745
0.000762
0.067029
0.068960
0.020805
-0.063219
-0.103692
-0.075725
-0.003462
0.029759
0.013876
-0.012405
-0.008391
0.026826
0.019737
-0.020737
-0.024368
-0.004755
0.032206
0.061824
0.035765
-0.028317
-0.084894
-0.074957
-0.047842
-0.016298
-0.002981
0.012047
0.041396
0.017627
-0.026970
-0.047513
-0.016625
0.053326
0.095120
0.068472
0.023879
-0.017510
-0.017356
0.006908
-0.016028
-0.044376
-0.037684
0.004853
0.052609
0.053248
0.024340
-0.000345
-0.027923
-0.038129
-0.024745
0.005392
0.050961
0.066195
0.033516
-0.021809
-0.082522
-0.088170
-0.025971
0.047465
0.062081
0.024876
-0.009625
-0.015798
0.011814
0.033909
0.018925
-0.017428
-0.041846
-0.032070
0.013099
0.055051
0.024600
-0.052174
-0.098764
-0.095045
-0.016467
0.036825
0.028932
-0.004587
-0.019694
0.008415
0.017675
-0.007448
-0.047561
-0.027971
0.038664
0.108548
0.106212
0.005889
-0.095750
-0.136447
-0.072529
0.017389
0.036324
0.009930
-0.022916
-0.015435
0.018051
0.032383
0.021154
-0.023211
-0.039402
-0.016735
0.027103
0.065661
0.047480
-0.030679
-0.089268
-0.067924
-0.017951
0.016280
0.001735
-0.007049
0.008962
0.019434
0.015329
-0.006429
-0.018391
-0.014805
0.022902
0.062506
0.063589
0.026131
-0.004658
0.003770
0.010493
0.001148
-0.013902
-0.009585
0.008998
0.021582
0.016331
-0.005411
-0.003195
-0.004421
-0.001267
0.014096
0.037289
0.059808
0.056324
0.046513
0.022425
0.001439
-0.016014
-0.006854
0.019002
0.040059
0.044600
0.010155
-0.022419
-0.053912
-0.050261
-0.003919
0.026541
0.017189
-0.036820
-0.052020
0.014283
0.083550
0.085210
0.025402
-0.026862
-0.024724
0.010963
0.046840
0.054030
0.009313
-0.050915
-0.058672
-0.035903
-0.005453
0.019647
0.020035
0.023346
0.006426
-0.014065
-0.018114
0.006361
0.046679
0.024790
-0.026483
-0.046622
-0.023410
0.007426
-0.011473
-0.044307
-0.044009
-0.015144
0.005147
0.022166
0.018281
-0.022710
-0.050963
-0.035062
0.009802
0.030840
0.009537
-0.023076
-0.034227
-0.038187
-0.034058
-0.029129
-0.015656
0.004029
0.012571
0.014687
-0.007041
-0.015773
-0.013000
-0.002266
0.006547
-0.004354
-0.026090
-0.027158
-0.008813
-0.016982
-0.032939
-0.051444
-0.024738
0.024299
0.056640
0.072532
0.047629
0.018125
0.008423
0.023939
0.039962
0.037775
0.024559
0.001463
-0.030362
-0.059420
-0.060044
-0.035485
-0.012242
-0.008598
-0.014792
-0.014443
0.017896
0.064396
0.084609
0.066298
0.032511
0.020275
0.033001
0.047919
0.044652
0.033165
0.013495
-0.004976
-0.025433
-0.029054
-0.008029
0.014089
0.032534
0.031088
0.016542
0.015838
0.024764
0.051080
0.068065
0.048490
0.024228
0.005692
-0.011890
-0.042609
-0.058769
-0.047659
-0.018130
0.006186
-0.005360
-0.006162
0.011523
0.022684
0.027105
0.016032
0.014317
0.027786
0.027144
0.023274
0.021371
0.014288
0.005688
-0.023274
-0.038214
-0.025553
-0.020978
-0.016459
-0.012798
-0.008649
-0.002784
-0.006784
-0.004532
0.010494
0.014015
0.009311
0.001397
-0.001530
0.001699
-0.007150
0.000128
0.000219
-0.013607
-0.027414
-0.038445
-0.015906
-0.001137
0.009177
0.013443
0.008906
0.009133
0.009998
0.006455
-0.007671
-0.018804
-0.021693
-0.011148
-0.006045
-0.004009
-0.003925
-0.006139
-0.015907
-0.014489
0.006635
0.028550
0.035066
0.031079
0.031886
0.016029
0.004829
0.005882
0.022164
0.035350
0.012904
-0.017464
-0.011493
0.024154
0.051618
0.059280
0.039848
0.026774
0.013875
0.007902
0.022920
0.025445
0.022410
0.008895
-0.013528
-0.034794
-0.046283
-0.027839
0.016638
0.028205
-0.003170
-0.032765
-0.020588
0.029111
0.047699
0.042804
0.025508
0.003738
0.002822
-0.005027
-0.013040
-0.025066
-0.047658
-0.051200
-0.031540
-0.026732
-0.030389
-0.024582
-0.010447
0.001755
-0.007075
0.001856
0.011975
0.001752
-0.021610
-0.038282
-0.025947
-0.034755
-0.057276
-0.073013
-0.068353
-0.032039
-0.023215
-0.033340
-0.051596
-0.057136
-0.030291
0.003289
0.026574
0.014746
-0.013778
-0.026795
-0.016733
-0.013833
-0.027176
-0.042754
-0.049823
-0.047557
-0.054401
-0.044107
-0.017888
-0.002792
0.002601
0.001814
0.009748
0.016645
0.035051
0.063413
0.070777
0.047862
0.015831
0.001628
-0.002212
0.002098
-0.003120
0.003131
0.000848
-0.015942
-0.022633
-0.016062
0.016035
0.039821
0.045424
0.031762
0.023433
0.033314
0.055460
0.054008
0.005743
-0.049604
-0.070886
-0.046093
-0.005244
0.005082
-0.017154
-0.035798
-0.029058
0.002388
0.032621
0.045946
0.048098
0.043883
0.017299
-0.008801
-0.011660
-0.000721
0.013147
0.001438
-0.036277
-0.066334
-0.067600
-0.040264
0.002259
0.015253
-0.008344
-0.025296
-0.015519
0.016307
0.032195
0.016094
-0.007173
-0.026537
-0.027140
-0.017604
-0.017350
-0.023831
-0.049479
-0.065201
-0.050604
-0.016117
-0.000777
-0.004279
-0.005308
-0.009006
-0.009889
-0.021668
-0.015639
-0.003948
0.003226
-0.009673
-0.019408
-0.015995
-0.017773
-0.009120
-0.007008
-0.000614
-0.008687
-0.011008
0.009238
0.039871
0.050741
0.035345
0.014232
-0.006338
0.010559
0.030537
0.045698
0.041378
0.016553
0.006666
0.005954
0.012209
0.009626
0.021708
0.030540
0.025511
0.004621
-0.023674
-0.027148
-0.012716
0.007704
0.016328
0.011446
-0.006838
-0.006397
0.005479
0.011419
0.021789
0.021888
0.013231
0.008262
0.006697
0.015341
0.019216
-0.000289
-0.011718
-0.015112
-0.019331
-0.015460
-0.001430
0.013237
0.016140
0.007355
-0.004614
0.001630
0.013818
0.015222
0.011034
-0.004962
-0.017165
-0.020679
-0.016219
-0.007808
-0.019823
-0.034417
-0.024575
0.012831
0.036061
0.037532
0.020761
-0.000340
-0.008586
-0.003117
0.015835
0.009444
-0.019997
-0.055493
-0.060589
-0.052482
-0.033867
-0.013212
-0.003751
0.007016
0.013641
0.021793
0.026110
0.028826
0.009928
0.003594
0.002302
0.007276
0.012872
-0.006540
-0.025519
-0.027828
-0.021188
-0.006511
0.002890
-0.013746
-0.013922
0.009667
0.055734
0.074108
0.053802
0.017898
-0.009937
-0.003928
0.004769
0.020322
0.012547
-0.025662
-0.047156
-0.047427
-0.028994
-0.006670
0.006847
0.013030
0.016486
0.019376
0.024383
0.035897
0.046006
0.046762
0.026271
-0.007558
-0.031239
-0.022712
-0.013735
-0.021168
-0.038226
-0.047287
-0.037814
-0.019113
0.007353
0.027369
0.034245
0.024929
0.024743
0.032704
0.033580
0.027946
0.015313
-0.010328
-0.029325
-0.028580
-0.018957
-0.020543
-0.039881
-0.041712
-0.018459
0.017515
0.039031
0.039438
0.032951
0.025247
0.033904
0.038192
0.030642
0.011689
-0.014226
-0.030178
-0.046120
-0.044963
-0.043312
-0.034148
-0.019115
-0.004157
0.013028
0.013886
0.019460
0.031085
0.052896
0.053142
0.040541
0.016544
0.001337
0.001556
-0.010769
-0.007440
-0.007923
-0.001583
-0.003343
-0.010871
-0.013190
-0.010194
0.008930
0.028200
0.045644
0.039890
0.014344
-0.002815
0.004358
0.022632
0.019335
-0.008616
-0.028949
-0.028956
-0.014065
0.002559
0.003187
-0.008720
-0.023444
-0.014563
0.022092
0.040042
0.032980
0.014145
0.005173
0.014729
0.018808
0.019496
0.006079
-0.010739
-0.018343
-0.010078
0.011177
0.019507
