-0.029764
-0.014855
-0.000129
0.023692
0.043482
0.005244
-0.039854
-0.040550
0.005154
0.027758
0.011138
-0.012064
-0.016092
0.003103
0.000313
-0.011888
-0.004880
0.009846
0.027597
0.014477
-0.006854
-0.024893
-0.015694
0.001156
0.018086
0.000583
-0.007118
0.021275
0.035762
0.030327
-0.031723
-0.064654
-0.039908
0.031954
0.067476
0.031574
-0.029065
-0.053381
-0.020731
0.038054
0.041192
-0.005408
-0.049218
-0.034088
0.018719
0.037350
0.022485
-0.016642
-0.012466
0.033090
0.049474
-0.012519
-0.070314
-0.069095
0.008814
0.061458
0.039530
-0.019143
-0.026339
0.021549
0.020693
-0.008546
-0.039274
-0.026573
0.013696
0.025741
-0.000540
-0.017438
-0.015944
0.016110
0.005239
-0.002446
0.023713
0.010682
-0.009426
-0.037520
-0.009523
0.035347
0.026946
-0.026357
-0.070358
-0.037641
0.019663
0.078805
0.038561
-0.018356
-0.074186
-0.066192
0.028988
0.078403
0.051904
-0.074597
-0.074505
-0.027638
0.025274
0.015696
0.009887
0.040417
0.052440
0.012439
-0.104135
-0.069602
-0.013041
0.041046
0.042960
0.013641
-0.016333
-0.033574
-0.026448
-0.030927
0.020926
0.029954
0.039419
-0.006400
-0.011443
-0.047400
-0.068681
-0.041583
0.002786
0.084876
0.028913
0.007030
-0.069773
-0.039509
0.009280
0.014934
0.032991
0.021024
-0.021721
-0.074173
-0.036894
-0.003611
0.061841
0.034503
-0.004089
-0.010875
0.007904
0.010220
-0.025673
-0.079285
-0.041154
0.040901
0.044963
0.026367
0.011132
0.044086
0.003052
-0.071674
-0.085844
-0.037642
0.046935
0.059477
-0.011803
-0.033440
-0.013524
0.010924
0.002210
0.005298
0.060311
0.086112
0.054546
-0.044284
-0.132525
-0.117924
-0.029077
0.062274
0.078584
0.060140
0.015670
-0.022466
-0.021043
0.017233
0.057501
0.008789
-0.039459
-0.046888
-0.015097
-0.034719
-0.012756
0.023150
0.050000
0.092091
0.061339
0.003152
-0.062235
-0.054877
-0.011975
0.038020
-0.007288
-0.074495
-0.054806
0.037810
0.117242
0.085036
0.006327
-0.056669
-0.022182
0.016190
0.002651
-0.040722
-0.052070
-0.018937
0.014850
0.042804
0.064554
0.047190
0.007026
-0.034223
-0.070503
-0.025161
0.052191
0.055818
0.004165
-0.059415
-0.050587
0.010912
0.022933
0.046125
0.009036
0.006785
0.010335
-0.015546
-0.016220
-0.024575
0.002647
-0.018859
-0.008997
0.045273
0.053119
0.014420
-0.037846
-0.043336
-0.005312
0.018558
-0.001867
-0.009926
-0.007998
-0.001936
0.016185
0.004874
0.019462
0.024064
-0.019171
-0.028777
-0.025004
0.015673
0.027904
-0.030727
-0.033926
0.000518
0.075458
0.079303
0.013372
-0.052727
-0.068794
-0.036614
-0.011194
0.024564
0.026433
0.040829
-0.001394
0.002371
-0.028227
-0.022824
0.026412
-0.010995
0.011856
0.001329
0.008379
-0.003762
-0.027423
-0.026318
-0.000578
0.031897
0.030863
-0.009250
-0.017771
0.009025
0.003608
-0.011616
-0.029349
-0.007443
0.024428
0.034542
-0.010136
-0.045021
-0.022550
0.017679
0.029786
0.008420
-0.013581
-0.014299
-0.005286
-0.000369
-0.015344
0.000975
0.016590
-0.007868
0.012186
0.011837
-0.003504
-0.019044
-0.047160
-0.028214
0.010888
0.044479
0.035385
-0.041257
-0.050923
0.004434
0.043004
0.068601
0.019833
-0.059122
-0.068280
-0.031704
0.007758
0.002002
-0.015482
0.042556
0.066442
0.056998
0.004517
-0.054671
-0.052710
-0.047846
-0.006476
-0.010014
-0.019949
0.024588
0.030430
0.028215
0.059221
0.051614
0.002608
-0.027008
-0.047147
-0.047815
-0.037753
-0.010636
-0.016120
0.032376
0.056214
0.026241
0.012231
-0.042577
-0.024765
0.003488
0.083575
0.062656
0.010491
-0.037526
-0.081882
-0.045904
-0.021130
0.059269
0.088119
0.076789
-0.028653
-0.067256
-0.052616
0.000952
0.039911
-0.020388
0.010627
0.014095
0.055092
-0.003257
-0.052387
-0.022476
0.007876
0.062129
0.047789
-0.007782
-0.079089
-0.062623
-0.017380
0.038078
0.041444
0.026707
0.006885
0.029962
0.036061
-0.039834
-0.064162
-0.031098
0.028228
0.036053
-0.006841
-0.044568
-0.028477
0.009120
0.030661
0.037483
-0.000658
-0.035967
-0.050139
-0.028868
0.026154
0.052074
0.038991
-0.025483
-0.046166
-0.063088
0.009013
0.042017
0.019640
0.016426
-0.025653
-0.013425
-0.005385
0.011235
-0.016773
-0.034595
-0.020781
0.033106
0.054082
0.023047
-0.052309
-0.067270
0.032355
0.073715
0.035218
-0.053154
-0.076594
-0.030448
0.031275
0.060730
0.009618
-0.016828
-0.030076
-0.005368
0.007447
0.010902
-0.001860
-0.007919
-0.006411
-0.031585
0.009850
0.001065
0.014644
-0.027180
-0.049126
0.000470
0.040761
0.029723
-0.027866
-0.028204
-0.032298
0.027727
0.017623
-0.012488
-0.013620
-0.020462
0.014351
0.019525
-0.005036
-0.043044
-0.032454
-0.007231
0.041316
0.029649
-0.012832
-0.032080
-0.041559
-0.002598
0.036770
0.027465
-0.022695
-0.040113
-0.008557
0.041849
0.028352
-0.043359
-0.060490
0.019420
0.063415
0.013091
-0.040169
-0.055182
0.003909
0.043880
-0.002043
-0.014126
-0.009578
-0.027651
0.025362
0.035255
0.001376
-0.020096
-0.024323
0.025530
0.006420
-0.028871
-0.046530
0.002048
0.043858
0.052984
0.008860
-0.021744
-0.021933
-0.052293
-0.019084
0.011941
0.044580
0.008049
-0.023912
-0.002977
0.013522
0.012978
-0.003374
-0.016209
-0.004287
0.016983
0.012517
-0.028590
-0.033039
0.010941
0.022602
0.032379
-0.017321
-0.048549
0.016284
0.075013
0.023512
-0.032491
-0.027895
-0.034331
-0.009498
-0.006141
0.020388
0.018635
0.021174
-0.009426
-0.011845
-0.007849
-0.011468
-0.001844
-0.012776
0.062668
0.017237
-0.045580
-0.060390
0.014786
0.035531
0.025281
-0.002619
-0.025802
0.001789
-0.019425
-0.014854
-0.002544
0.033569
0.001994
-0.014203
-0.015252
0.023575
-0.002681
-0.049356
0.010519
0.054250
0.046667
-0.038731
-0.038858
0.017034
0.047962
-0.008352
-0.067001
-0.040248
-0.011283
0.024410
0.025074
0.057257
0.044299
-0.003599
-0.054853
-0.053490
0.035033
0.003180
-0.025786
-0.012501
0.009317
0.021407
0.001789
-0.003517
-0.022509
0.005227
-0.030565
0.003845
0.023411
0.045932
0.016459
-0.005520
0.031146
-0.036523
-0.069776
-0.056698
0.067290
0.050066
0.010890
-0.038209
0.011989
0.021123
-0.035016
-0.014620
-0.021877
0.019873
-0.013806
-0.000093
-0.003771
0.026952
-0.040655
-0.068418
0.040488
0.056506
0.042159
-0.052429
-0.057551
0.000673
0.035757
0.055219
0.040873
0.020517
-0.049182
-0.075604
-0.019527
0.068639
0.056843
0.001391
-0.006692
0.015515
0.028208
-0.016659
-0.037012
-0.017159
0.026844
0.012847
-0.030894
-0.011494
0.032648
0.027576
0.009182
0.012648
0.000392
0.010318
-0.037814
-0.026775
0.017418
0.034796
-0.006753
-0.039552
-0.007853
0.020731
0.005530
-0.030284
0.016869
-0.000115
0.026426
-0.004191
0.011818
0.040526
0.000361
-0.029034
-0.049425
-0.061034
-0.003968
-0.005315
-0.035118
0.032120
0.034484
0.044578
0.057180
0.115075
0.049130
-0.103345
-0.180936
-0.092202
0.036077
0.074225
0.009068
0.021426
0.118433
0.062770
-0.081820
-0.144857
-0.046509
0.039710
0.015332
0.008339
0.028368
-0.037139
-0.042394
-0.037142
0.005987
0.085619
0.056248
0.015415
-0.033663
-0.079712
-0.053421
-0.014720
0.058409
0.014341
-0.039493
-0.015570
0.052055
0.070312
-0.057259
-0.099305
-0.096813
0.023581
0.123452
0.073920
-0.012970
-0.033009
0.048500
0.058375
0.009732
-0.105468
-0.168480
-0.071622
0.079789
0.183242
0.103370
0.015832
-0.084310
-0.077495
-0.048028
-0.022058
-0.016772
0.011747
0.050825
-0.002646
-0.039260
-0.082756
0.029852
0.065893
0.086053
-0.034111
-0.096229
0.007862
0.070198
0.037173
-0.104100
-0.069471
0.066188
0.129568
0.022500
-0.068911
-0.019849
0.035644
-0.008196
-0.116914
-0.079751
0.039208
0.135155
0.045526
-0.042442
0.043779
0.051958
-0.017065
-0.149466
-0.108119
0.027943
0.113986
0.049630
-0.019242
-0.061911
0.013654
0.091624
-0.029603
-0.046197
-0.038331
0.029969
0.005434
-0.064652
-0.038158
-0.014281
0.096047
0.120903
0.015544
-0.026919
-0.087974
-0.053860
-0.015918
-0.019806
0.004938
0.015637
0.087427
0.057774
-0.060958
-0.076096
0.013869
0.069391
0.070067
0.018231
-0.027874
-0.071206
-0.088112
-0.042175
0.023220
0.095018
0.066281
0.030707
0.028537
-0.051066
-0.144209
-0.024881
0.172556
0.131840
-0.118688
-0.205661
-0.030584
0.163228
0.165215
-0.039805
-0.079702
0.049339
0.058210
-0.093441
-0.158318
-0.026038
0.120832
0.162749
0.057332
-0.086439
-0.064905
0.001870
-0.010121
-0.027048
-0.009071
0.040575
0.070029
0.005653
-0.047696
-0.006488
0.039171
0.026086
-0.065038
-0.065259
0.018959
0.053856
-0.024569
-0.070783
0.030450
0.137162
0.103741
-0.038284
-0.083622
-0.010309
0.035213
-0.034443
-0.108440
-0.065213
0.065549
0.140150
0.096066
-0.034338
-0.115759
-0.094504
0.005234
0.020588
0.008236
0.006071
0.001417
0.090443
0.058115
0.014195
-0.083894
-0.068052
-0.021603
0.002670
-0.013636
-0.058736
-0.002440
0.094586
0.176536
-0.072264
-0.167765
-0.136692
0.055665
0.182773
0.093232
-0.016987
-0.174663
-0.082292
0.050351
0.083623
-0.016327
-0.084111
-0.031855
0.101009
0.121119
-0.019118
-0.146689
-0.120975
0.069217
0.143284
0.062511
-0.061031
-0.120080
-0.022969
0.053549
0.045619
-0.014186
-0.036625
0.005190
0.016968
-0.010531
-0.054237
-0.022736
0.029836
0.044824
-0.000324
-0.016880
-0.002417
0.018018
0.009513
-0.051065
-0.037407
0.017946
0.069026
0.040913
-0.047233
-0.065023
-0.039265
0.037899
0.070617
0.017467
-0.034938
-0.055651
-0.017308
0.016527
0.017698
-0.014642
0.004649
0.039306
0.048419
-0.019041
-0.089598
-0.063313
0.006164
0.080531
-0.007200
-0.027807
0.006894
0.038646
0.024256
-0.057696
-0.023841
0.010218
0.066763
-0.030303
-0.077022
-0.052302
-0.003644
0.076275
0.018472
-0.006761
-0.052050
-0.011832
0.057068
0.070096
-0.012471
-0.093157
-0.089195
-0.017052
0.044559
0.038017
0.069356
0.030941
-0.004793
-0.065152
-0.103242
-0.020168
0.045525
0.085835
0.007072
-0.064772
-0.068455
0.001264
0.061720
0.032889
-0.006059
-0.043121
-0.017736
-0.004150
0.035739
-0.008775
-0.039849
-0.015759
0.044437
0.045596
0.006058
-0.039083
-0.051238
-0.004168
0.028290
0.018785
-0.004491
-0.008360
-0.026527
0.024506
-0.010717
0.034416
0.020686
0.018814
-0.033209
-0.064630
-0.015091
-0.008180
0.039151
-0.022515
0.039391
0.045618
0.052534
-0.010800
-0.092391
-0.054383
-0.021417
0.068773
0.035472
0.038556
-0.015414
-0.038408
-0.044565
-0.009846
0.030817
0.013894
0.074584
0.005973
-0.028750
-0.056104
-0.038941
-0.012755
0.038629
0.091358
0.062962
-0.060326
-0.072604
-0.024182
-0.009969
0.001806
-0.039805
0.073510
0.114590
-0.007451
-0.120455
-0.050565
0.103015
0.094486
-0.027877
-0.094374
-0.093694
0.008601
0.065989
0.083839
0.061891
-0.024367
-0.122008
-0.064869
0.057810
0.079740
-0.006959
-0.042282
0.027869
0.028380
-0.008984
-0.086771
-0.012717
-0.055341
0.074489
0.104907
0.037442
0.027208
-0.055852
0.008770
-0.075792
-0.111017
-0.034052
0.002673
0.125405
0.105729
0.013223
-0.028683
-0.076132
-0.004162
0.040684
0.049930
-0.056098
-0.118565
-0.073243
0.062077
0.102576
0.057692
-0.011963
-0.031715
0.021409
-0.013586
-0.051448
-0.079925
-0.031701
0.075523
0.112929
0.019820
-0.060091
-0.069682
0.056328
0.069649
0.000496
-0.101501
-0.118613
0.002958
0.053878
0.159164
0.042043
-0.075297
-0.114664
-0.014024
0.149760
0.073861
-0.074965
-0.149188
-0.033876
0.099314
0.094229
-0.006901
-0.130782
-0.045095
0.024977
0.151708
0.084430
-0.107381
-0.122099
-0.078491
0.191136
0.182058
0.036252
-0.184986
-0.193655
-0.008388
0.094493
0.049979
0.002003
0.067820
0.055887
0.021415
-0.156305
-0.143739
0.037154
0.129364
0.152865
-0.005987
-0.098458
-0.072144
-0.055483
0.046761
0.013298
0.003539
0.015766
0.057396
0.065934
-0.002775
-0.102247
-0.060010
0.012344
-0.017476
0.042538
-0.003427
0.032020
0.033652
0.037504
0.021101
-0.106393
-0.100329
0.013190
0.058801
0.009211
-0.100047
0.040626
0.174588
0.095580
-0.062196
-0.154355
-0.046750
0.056970
0.067922
-0.014811
-0.090522
-0.099525
0.050336
0.174257
0.135797
-0.100890
-0.260132
-0.109946
0.175210
0.186165
0.016053
-0.123781
-0.090008
0.075504
0.089294
-0.002181
-0.141590
-0.046846
0.051781
0.054335
-0.002993
-0.059795
0.027431
0.056984
0.011957
-0.096981
-0.025489
0.094397
0.086720
-0.034542
-0.127228
-0.084296
0.020777
0.092975
0.026926
-0.004852
-0.078251
-0.044363
0.093321
0.183740
0.043678
-0.234606
-0.201428
0.027780
0.200873
0.097200
-0.120810
-0.092990
0.092913
0.128471
-0.029054
-0.138191
-0.053033
0.057620
0.055304
0.023926
-0.045578
-0.062293
-0.011962
0.029554
0.073368
0.012947
-0.016752
-0.046633
-0.047174
0.011609
0.004861
0.032090
0.051638
0.065123
-0.019461
-0.060171
-0.071091
-0.035025
0.012431
0.029340
0.071118
0.046697
0.018039
-0.083362
-0.075944
0.025107
0.054481
0.046077
-0.016219
-0.048640
-0.038730
0.007843
0.030592
0.046312
0.000129
-0.051906
0.011441
0.023510
0.074998
-0.020713
-0.015628
-0.042816
-0.033694
-0.028563
-0.065670
-0.009427
0.001800
0.130703
-0.021331
-0.014922
-0.024849
0.008062
0.063037
0.067194
0.094721
-0.076730
-0.117611
-0.165886
-0.048568
0.035002
0.120356
0.109279
0.079014
0.090768
-0.123645
-0.176547
-0.138023
0.117944
0.172275
0.002772
-0.082512
-0.132037
-0.004419
0.063119
0.094465
0.037117
-0.037150
-0.085604
-0.047955
0.029558
0.026918
0.009853
-0.030007
0.006342
0.033565
0.027489
-0.033136
-0.025131
0.012193
-0.003814
-0.027454
-0.034377
0.029487
0.033323
-0.009577
-0.049035
-0.017563
0.015230
0.045166
-0.000387
-0.036807
-0.032092
0.002864
0.048711
0.045258
-0.006916
-0.090896
-0.033863
0.038906
0.099335
0.026936
-0.075203
-0.082723
-0.054558
0.050019
0.081473
0.030893
-0.027222
-0.047034
0.016805
0.030443
-0.028977
-0.043274
-0.064065
0.035966
0.086461
0.035586
-0.035809
-0.089829
-0.041303
-0.026371
0.105167
0.100252
0.049329
-0.017691
-0.031055
-0.036274
-0.117484
-0.070594
0.020540
0.098082
0.053497
0.013949
0.030046
0.023424
-0.076339
-0.146352
-0.028909
0.181677
0.201175
-0.013736
-0.214699
-0.143021
0.008774
0.074422
0.014898
0.027157
0.085801
0.051288
-0.056241
-0.137882
-0.085334
0.055574
0.138145
0.019823
-0.047841
-0.068428
0.018496
0.021663
-0.019579
-0.000194
0.003961
0.035450
-0.016696
0.009565
-0.006710
-0.045005
-0.062943
-0.021405
0.130045
0.097119
-0.069115
-0.160517
-0.028845
0.138122
0.130752
-0.031969
-0.185526
-0.043331
0.065182
0.035272
-0.033844
-0.065716
0.073983
0.138061
0.070635
-0.099351
-0.148266
-0.040225
0.065968
0.062376
-0.046457
-0.083401
-0.014835
0.055328
0.016619
-0.025775
0.045297
0.060489
0.093976
0.048856
-0.003531
-0.152773
-0.210318
-0.021399
0.044428
0.163825
-0.000256
0.048431
0.122744
0.029215
-0.131440
-0.254069
0.063141
0.211692
0.113351
-0.185992
-0.227809
0.000739
0.167479
0.173786
0.050263
-0.043461
-0.107717
-0.061730
-0.056251
0.032509
0.036987
0.033111
0.061824
0.000202
-0.028688
-0.062445
0.003300
0.071774
0.054985
-0.053960
-0.068755
0.012626
0.069859
-0.011379
-0.095199
-0.085302
0.037360
0.090554
0.004270
-0.091463
-0.120595
0.058872
0.163130
0.189915
0.073556
-0.027461
-0.099263
-0.151727
-0.117516
-0.065785
0.064949
0.111481
0.106128
0.041798
-0.010596
-0.026849
-0.112315
-0.082157
0.072635
0.170559
0.092063
-0.099151
-0.199347
-0.119303
0.041599
0.136958
0.095960
0.025109
-0.008284
-0.094211
-0.123292
-0.070649
0.075769
0.128977
0.043015
-0.041557
-0.048028
0.026666
0.028835
-0.002990
-0.083751
-0.048157
-0.002204
0.036626
0.060580
-0.024243
-0.023988
-0.024613
0.048923
0.053970
-0.008836
-0.081198
-0.078454
0.036154
0.076614
0.054901
-0.025396
-0.051498
-0.032355
0.017983
0.039349
0.013708
-0.025266
-0.049682
0.007498
0.013477
0.025221
-0.002306
-0.039619
-0.001501
0.020191
0.035471
-0.025257
-0.022102
-0.009210
-0.011485
-0.027188
0.025758
0.045465
0.011734
-0.036968
-0.051250
0.015222
0.040309
0.024754
-0.055556
-0.020571
-0.041993
0.036270
0.073107
0.022262
0.008715
0.008653
0.057402
-0.033463
-0.090494
-0.103483
-0.014638
0.022004
0.048669
0.015980
0.056723
0.079383
-0.040573
0.007533
0.027333
0.074789
-0.050320
-0.144762
-0.085789
0.004134
0.045052
0.081364
0.038878
0.033925
0.031079
-0.098431
-0.081771
-0.073552
0.099551
0.108937
-0.009574
-0.067888
-0.064184
0.068336
0.020204
-0.022487
-0.018178
0.009591
-0.039101
-0.086825
0.011468
0.113697
0.109050
-0.054808
-0.103533
-0.039971
0.067751
0.064694
-0.007638
-0.037796
-0.064780
0.012902
0.041437
0.050421
-0.011749
-0.071807
-0.033572
0.031995
0.065240
-0.005555
-0.025311
-0.035562
0.018774
0.048338
0.009354
-0.036046
-0.036473
0.012442
0.032171
-0.002115
0.001310
-0.003698
0.034655
0.007643
-0.033611
-0.079603
-0.039278
0.068236
0.010772
0.012028
-0.096348
0.009353
0.095292
0.170720
0.067061
-0.070775
-0.102838
-0.076959
0.002480
-0.052384
0.004885
0.021992
0.116766
0.060266
0.019238
-0.051465
-0.080803
0.002790
0.032347
0.053528
0.019090
-0.009733
-0.064387
-0.036161
-0.019149
0.037417
0.083313
0.077109
-0.005674
-0.105651
-0.051071
0.002314
0.011197
-0.031882
0.038543
0.071777
0.015277
-0.050246
-0.088579
0.020959
0.106427
0.076345
-0.033172
-0.066690
-0.062586
-0.032911
-0.015587
-0.011622
0.045208
0.099676
0.112586
-0.030720
-0.167365
-0.111461
0.049819
0.192718
0.078848
-0.116248
-0.179434
-0.025034
0.144943
0.126287
-0.027175
-0.157056
-0.015132
0.064728
0.102637
-0.058119
-0.114883
-0.048490
0.033543
0.133796
-0.017750
-0.067348
-0.078760
0.093110
0.133628
0.064904
-0.045135
-0.136609
-0.073361
-0.079157
0.045093
0.042913
0.021778
0.002019
0.045994
0.060845
-0.005294
-0.023179
-0.043463
0.063475
0.066170
-0.025219
-0.160847
-0.141017
0.023316
0.142154
0.137020
0.000491
-0.097758
-0.092613
-0.031669
-0.011516
0.001981
0.102034
0.155142
0.107132
-0.049908
-0.155119
-0.150883
-0.106064
0.014585
0.081839
0.094534
0.027969
0.047008
0.068293
-0.021713
-0.165362
-0.178064
0.051480
0.211175
0.125596
-0.123825
-0.220162
-0.056405
0.133823
0.153244
0.011212
-0.098648
-0.073466
0.016933
0.018633
-0.011859
0.009882
0.042437
0.032139
-0.035446
-0.045295
-0.018752
0.017492
0.006819
-0.023617
-0.008492
0.019262
0.031622
-0.001628
-0.032466
-0.074213
-0.003380
0.073174
0.033691
0.000494
-0.051309
-0.028557
0.041377
0.051292
0.005172
-0.058554
-0.085586
-0.027726
-0.009631
0.051638
0.062567
0.043542
-0.003911
-0.058725
0.006425
-0.005863
-0.010594
-0.046412
-0.018461
-0.003317
0.029682
0.058135
0.036866
-0.000800
-0.066574
-0.057115
0.000019
0.062069
-0.007398
-0.061089
-0.040388
0.048122
0.095836
0.009267
-0.089837
-0.054250
0.030299
0.056230
0.038118
-0.027783
-0.038620
-0.020019
0.009964
-0.023399
-0.069485
-0.014152
0.044838
0.062514
0.001728
-0.108274
-0.111027
0.032930
0.157363
0.091827
-0.052753
-0.074475
0.036337
0.049986
-0.044492
-0.124944
-0.081809
0.038584
0.084364
0.096002
0.034971
-0.029956
-0.091636
-0.073478
0.000366
0.004769
0.031266
0.027054
0.002283
-0.002062
-0.013178
-0.014231
0.009076
0.019499
0.001897
-0.046061
-0.072176
-0.031655
0.022401
0.081415
0.090856
0.013274
-0.068179
-0.099899
-0.036523
0.060763
0.063283
-0.001614
-0.064740
-0.041025
0.034496
0.059096
-0.022915
-0.090243
-0.020440
0.072997
0.069104
-0.026035
-0.072005
-0.050671
0.048789
0.096448
0.021006
-0.053683
-0.074353
0.000935
0.028371
0.017557
-0.023869
-0.025126
0.054278
0.046424
-0.020287
-0.062939
-0.040013
0.033648
0.039480
-0.008248
-0.035154
-0.014245
0.057064
0.039168
-0.001818
-0.035458
-0.019354
0.008109
0.005943
-0.024131
-0.047326
-0.004428
0.050921
0.043930
0.007072
0.006435
-0.056514
-0.005206
0.033561
0.045389
0.033522
-0.061008
-0.065202
-0.043594
0.028180
0.045537
0.041561
0.020176
0.003443
0.003995
-0.036263
-0.026922
-0.034990
0.032028
0.042327
0.023716
-0.010099
-0.048347
0.020797
0.032903
0.035862
-0.013923
-0.032214
0.003413
0.011333
0.003805
-0.021574
-0.000751
0.007054
0.011483
0.000190
0.008958
0.017668
-0.001258
-0.007207
-0.038894
-0.003468
0.060049
0.057211
-0.027005
-0.069744
-0.027389
0.041270
0.063950
-0.002319
-0.024480
-0.012554
0.013404
0.022271
0.016597
0.011367
-0.020488
-0.023366
-0.023386
0.037361
0.037826
-0.026616
-0.026628
0.001752
0.028543
0.028108
0.005157
-0.007560
-0.003723
-0.014603
-0.006048
-0.009325
0.019281
0.002108
-0.002697
-0.018485
0.015862
0.029856
-0.029032
