0.048996
0.027521
0.030374
-0.011947
-0.022702
-0.016247
-0.003812
0.029449
0.020806
0.012352
-0.034076
-0.020514
-0.006964
0.021983
0.031233
0.021406
-0.015344
-0.037889
-0.001065
0.009838
0.021302
0.000692
0.000669
-0.006358
0.003789
0.030054
0.009072
-0.025803
-0.043488
0.003862
0.034134
0.036067
0.009828
-0.014384
0.003229
0.001178
-0.009489
-0.034321
-0.007735
0.035906
0.039288
-0.010242
-0.035885
-0.003568
0.029554
0.015791
-0.052728
-0.039921
0.001106
0.061954
0.047669
-0.005240
-0.028992
-0.016484
0.006551
-0.012043
-0.007916
-0.026737
0.006353
0.044143
0.064564
0.002429
-0.050932
-0.062348
-0.027047
0.031696
0.039419
0.025421
-0.003388
0.004753
-0.032286
-0.048044
-0.011434
0.037259
0.044798
0.009957
-0.034035
-0.041418
-0.011699
0.025732
0.025434
0.029715
0.001441
-0.036132
-0.027070
-0.018580
0.032168
0.056337
0.040761
-0.017212
-0.056893
-0.035506
-0.015153
0.015461
0.006393
0.031197
0.035186
0.043195
-0.034674
-0.072347
-0.041601
0.003634
0.075448
-0.032989
0.032588
-0.030856
0.031840
0.038482
0.015414
0.046715
-0.058697
-0.035729
-0.075422
0.016742
0.024395
0.022173
0.037481
0.069422
-0.002464
-0.081638
-0.062596
0.017740
0.078414
-0.000706
-0.049926
-0.077299
0.014371
0.050645
0.045337
-0.008379
-0.022361
-0.012760
-0.015542
-0.009304
-0.031277
0.018563
0.025166
0.046521
-0.002297
-0.025913
-0.001849
-0.000581
-0.004194
-0.033323
-0.002257
0.033205
0.027915
-0.023725
-0.029837
0.017851
0.035955
-0.014243
-0.062663
-0.011864
0.060608
0.075984
-0.017690
-0.069644
-0.037553
0.013291
0.047845
0.012220
-0.005463
-0.027259
-0.012026
0.020495
0.022546
0.020946
-0.012277
-0.019733
-0.000149
0.014529
-0.010351
-0.010083
0.012780
0.021862
0.006290
-0.011770
0.012930
0.013503
-0.006434
-0.032928
0.002095
0.043050
0.014588
-0.044355
-0.037353
0.031298
0.056911
0.008440
-0.033814
-0.035210
-0.024434
0.032209
0.051284
0.012837
-0.045075
-0.052038
-0.020465
0.021397
0.036406
0.017024
0.004830
0.012663
-0.000143
-0.049315
-0.056084
-0.038420
-0.015491
0.030861
0.087869
0.042721
-0.012734
-0.038969
-0.004811
-0.018819
-0.033797
-0.013735
-0.006126
0.017452
-0.005311
0.021304
0.043857
0.018963
-0.071819
-0.073041
0.004558
0.063794
0.021524
-0.046938
-0.047138
-0.029609
-0.005819
-0.003852
0.012817
0.015095
0.019067
0.023821
0.004612
-0.056992
-0.096072
-0.036681
0.047176
0.056304
-0.015613
-0.043547
0.007848
0.073178
0.022661
-0.077326
-0.094385
-0.026305
0.069676
0.040354
-0.004802
-0.078422
-0.035299
0.047289
0.034394
0.004589
-0.043068
-0.007403
0.003621
-0.004194
-0.014717
-0.024418
-0.028241
-0.004663
0.045034
0.080314
0.030797
-0.072451
-0.107862
-0.042567
0.053954
0.053646
0.012308
-0.017700
-0.018252
-0.011650
-0.012544
-0.002961
-0.014908
-0.004831
0.019813
0.026001
0.010652
-0.014721
0.000777
-0.002842
-0.012018
-0.006819
-0.005354
0.005429
0.013717
0.029983
0.027700
0.008881
-0.032331
-0.044179
-0.019829
0.057855
0.037863
-0.037006
-0.020471
-0.007238
0.017964
0.011029
0.023941
0.009732
0.000291
-0.011218
-0.051915
-0.029052
0.020157
0.064296
0.062359
0.042601
-0.054645
-0.101503
-0.063818
0.048268
0.076089
0.028471
-0.004476
-0.051384
0.007910
0.008972
0.003319
-0.013429
0.031542
0.063281
0.011503
-0.069715
-0.086123
0.003419
0.084058
0.071643
-0.017068
-0.071022
-0.035673
0.034085
-0.010162
-0.022126
-0.006713
0.057391
0.053673
0.017563
-0.031778
-0.059537
-0.042916
-0.021576
0.013140
0.010649
0.043607
0.028836
0.041898
-0.000319
-0.040145
-0.092497
-0.025505
0.057467
0.042804
0.007460
-0.041940
-0.031951
-0.033806
0.030749
0.042551
0.011522
-0.012591
0.021520
0.019589
-0.035922
-0.103542
-0.110838
0.001431
0.099566
0.124090
0.071329
0.031236
-0.026887
-0.115508
-0.125082
-0.070013
0.015232
0.089733
0.082551
0.044321
0.021905
-0.026042
-0.094600
-0.146462
-0.065115
0.113941
0.132509
0.068815
0.001379
0.008617
-0.009964
-0.084538
-0.145327
-0.077813
0.048726
0.070189
0.052086
0.016392
0.042840
-0.005570
0.046124
0.083613
0.024168
-0.098107
-0.194341
-0.122268
-0.031462
0.068615
0.147580
0.203864
0.161324
-0.012310
-0.207753
-0.229346
-0.101952
0.086823
0.162555
0.125121
-0.007301
-0.128492
-0.074832
0.038926
0.112926
0.056094
-0.035155
-0.102068
-0.071312
-0.018025
0.042620
0.070330
0.039802
-0.042420
-0.039465
0.057108
0.041871
-0.006203
-0.100919
-0.064063
0.078021
0.149052
0.036679
-0.131420
-0.141135
-0.028579
0.118014
0.119210
0.007429
-0.058781
-0.037674
-0.004836
0.037937
0.001523
-0.032550
-0.011297
0.006674
0.039398
0.032255
0.011360
-0.059186
-0.081740
-0.001161
0.079595
0.096328
0.010995
-0.111856
-0.096280
0.032482
0.113019
0.071402
-0.042763
-0.089745
-0.023358
0.061337
0.064397
-0.018177
-0.087427
-0.037836
0.049571
0.097879
0.009747
-0.073134
-0.054438
0.010165
0.052951
0.039710
-0.002175
-0.041086
-0.001610
0.009519
0.040932
0.012836
-0.005637
-0.024837
-0.015087
0.017240
-0.032141
-0.024817
0.001185
0.074060
0.079154
-0.000040
-0.038640
-0.031084
0.002774
-0.031681
-0.053244
0.004929
0.075650
0.071308
-0.016148
-0.046699
-0.004791
0.028962
-0.012717
-0.035823
-0.037220
0.027055
0.073807
0.046086
-0.000337
-0.051754
-0.066391
-0.054999
0.021283
0.060428
0.029752
0.025692
0.009462
-0.025125
-0.036486
-0.024540
0.004938
0.021593
0.033815
0.005053
-0.004232
-0.018143
-0.034485
-0.000206
0.033933
0.034386
-0.011868
-0.009870
-0.005488
-0.022428
-0.021888
-0.000636
0.055637
0.054631
0.000045
-0.076252
-0.047460
0.001618
0.011158
0.008571
0.021321
0.078383
0.026233
-0.045373
-0.109037
-0.061478
0.038815
0.093077
0.064691
-0.036676
-0.057618
-0.023784
0.044318
0.008743
-0.050552
-0.059456
0.024249
0.099717
0.080992
-0.032432
-0.104980
-0.068429
0.026535
0.046440
-0.016521
-0.013770
-0.068064
-0.030861
0.036171
0.037118
0.017146
0.047082
0.028997
-0.045028
-0.093953
-0.006668
-0.041353
-0.059062
0.023200
0.108785
0.192501
0.055600
-0.090924
-0.145388
-0.014606
0.037450
-0.050357
-0.038477
0.090932
0.132066
0.018129
-0.067604
-0.069795
-0.063820
0.028491
0.088932
0.052679
-0.012559
-0.032722
-0.029876
-0.039109
-0.028900
-0.002953
0.097121
0.112359
0.008437
-0.138157
-0.122521
0.004491
0.101202
0.095174
-0.013937
-0.082406
-0.057734
0.040041
0.090520
0.034784
-0.090224
-0.110604
0.020682
0.097213
0.056194
-0.054892
-0.049421
-0.029775
-0.000065
-0.008619
-0.041253
0.032813
0.012160
0.043827
0.011639
-0.018523
0.018511
0.049957
0.053759
-0.023021
-0.170888
-0.152386
0.006817
0.068276
0.092841
0.066408
0.142220
0.074671
-0.116528
-0.254176
-0.206393
0.026472
0.127930
0.146928
0.077646
-0.035128
-0.126485
-0.064857
0.064388
0.084581
-0.052963
-0.118503
-0.053648
0.008194
0.055190
-0.009517
0.083135
0.103433
-0.046874
-0.142015
-0.041477
0.080237
0.033955
-0.084643
-0.104183
-0.010920
0.079357
0.100587
0.014082
0.011493
-0.044654
-0.062280
-0.037706
0.013087
0.025342
-0.036643
0.009877
0.049240
0.029484
-0.033699
-0.078327
-0.040041
0.030277
0.064510
0.030197
-0.038146
-0.106586
-0.041073
0.090410
0.081934
0.023727
-0.044095
-0.050511
-0.036802
-0.019702
-0.004542
-0.038082
-0.006120
0.036156
0.087169
0.093294
-0.024688
-0.054106
-0.024248
-0.018384
-0.044390
-0.067394
-0.026299
0.019580
0.078962
0.077356
0.015419
-0.059266
-0.057722
-0.024842
0.081527
0.137616
0.024083
-0.134117
-0.185332
-0.059684
0.043253
0.088063
0.063889
0.074284
0.129889
0.000793
-0.234909
-0.216175
0.055658
0.248385
0.109158
-0.128644
-0.146682
-0.002976
0.089417
-0.009634
-0.083450
0.007112
0.141331
0.154088
-0.011282
-0.205155
-0.222415
0.033355
0.223186
0.151028
-0.074280
-0.172925
-0.006129
0.170192
0.119921
-0.126881
-0.169006
-0.008800
0.134548
0.075389
-0.117424
-0.124380
0.015999
0.141538
0.140027
-0.030112
-0.108245
-0.038538
0.055722
0.062044
-0.024789
-0.134848
-0.100507
0.038616
0.137992
0.062235
-0.061833
-0.037960
-0.092001
0.070287
0.148928
0.156178
0.013823
-0.215000
-0.236211
-0.063723
0.094290
0.077615
0.084123
0.085963
0.148728
-0.024287
-0.173934
-0.190293
-0.041589
0.134665
0.106256
0.024036
-0.063668
-0.051281
0.043952
0.054513
-0.034328
-0.099196
-0.023279
0.118092
0.113563
-0.037323
-0.134227
-0.110524
0.015677
0.112899
0.092333
0.018106
-0.091619
-0.089245
-0.034652
0.028192
0.049873
0.049973
0.036868
0.002482
-0.075841
-0.094455
-0.011803
0.077530
0.093813
0.001613
-0.038048
-0.044577
-0.004884
0.003110
0.025107
-0.032250
-0.037820
0.000530
0.016382
0.090327
0.043554
0.049218
-0.013880
-0.019199
-0.128905
-0.125107
-0.028813
0.035614
0.166686
0.036248
0.077262
-0.008191
-0.078979
-0.063243
-0.007986
0.106346
0.011937
-0.074225
-0.134669
-0.025945
0.092664
0.102953
0.101260
0.077608
-0.038871
-0.176909
-0.143832
0.047136
0.166590
0.052444
-0.044338
-0.024175
0.019209
0.021797
-0.036502
-0.022580
0.022753
0.070501
0.017139
-0.065053
-0.068347
-0.020684
0.055390
0.064460
0.056328
-0.037719
-0.066997
-0.041222
0.008982
0.052201
-0.004132
0.000671
0.050884
0.057718
-0.044657
-0.120362
-0.062659
0.067852
0.102381
0.046625
-0.055354
-0.067909
-0.017905
0.029220
0.062512
0.022449
-0.028499
-0.092666
-0.006812
0.059120
0.053586
-0.025312
-0.059258
-0.024318
0.019421
0.085918
-0.017447
-0.050822
-0.003621
0.041486
0.025744
-0.001261
0.006226
-0.055555
-0.048105
-0.054551
0.040927
0.116818
0.064788
-0.033770
-0.093003
-0.024878
0.011750
0.058345
0.000462
-0.053050
-0.088431
-0.021631
0.113061
0.136955
0.032250
-0.165729
-0.146351
0.039393
0.148846
0.059503
-0.051372
-0.050163
0.000293
-0.008337
-0.048610
0.005378
0.033861
0.064239
0.043013
0.033336
-0.026610
-0.150340
-0.120929
0.000522
0.175912
0.199677
0.070158
-0.101745
-0.216660
-0.173505
0.036823
0.153898
0.121051
0.000953
-0.031463
0.064433
-0.017989
-0.091920
-0.081169
0.009947
0.058369
0.043597
0.002783
-0.036505
-0.035817
0.004166
0.069477
0.054867
0.023739
-0.058049
-0.062808
-0.062353
-0.002525
0.029490
0.031759
0.070964
0.002396
-0.019453
-0.014108
0.049793
-0.019142
-0.143379
-0.064402
0.106377
0.181061
0.040057
-0.140233
-0.160055
-0.019978
0.115780
0.097933
0.028304
-0.040424
-0.048002
-0.041203
0.035773
0.033347
-0.006622
0.009889
0.000430
0.030218
-0.043371
-0.061710
-0.074665
0.018572
0.132368
0.132922
0.039821
-0.089132
-0.105109
-0.066684
0.007970
0.033897
0.050743
-0.011798
-0.027706
-0.007764
-0.009484
0.006653
0.021630
0.002944
0.005586
0.099657
0.041719
-0.057609
-0.225978
-0.085881
-0.004168
0.078152
0.234631
0.079779
0.026447
-0.057421
-0.076044
-0.114299
-0.122497
-0.012484
0.042259
0.035532
0.066023
0.036248
0.100477
0.063497
-0.142399
-0.158675
-0.026597
0.098624
0.034136
-0.094193
-0.047658
0.032135
0.142660
0.097034
-0.084453
-0.149696
-0.082969
0.083318
0.089512
-0.066577
-0.135886
0.039353
0.175432
0.080943
-0.156679
-0.160158
0.023078
0.172704
0.067427
-0.164648
-0.188235
0.020736
0.180542
0.106871
-0.031304
-0.146710
-0.052820
0.083527
0.118946
-0.010506
-0.179063
-0.106433
0.065657
0.133622
0.053925
-0.139273
-0.100649
0.099473
0.203469
0.041177
-0.181876
-0.179026
-0.010641
0.106485
0.016018
-0.021320
-0.018818
0.060236
0.101576
0.065450
-0.031216
-0.184478
-0.148201
0.004624
0.134127
0.099043
-0.012089
-0.006132
0.051712
0.020657
-0.109960
-0.147863
0.008739
0.133890
0.077474
0.003817
-0.073647
-0.055345
-0.023615
0.017128
0.066688
0.043787
-0.013687
-0.077877
-0.027970
0.033327
0.027970
-0.046173
-0.040984
-0.020297
0.081252
0.055790
-0.022017
-0.019920
-0.019275
0.017754
-0.043845
-0.060641
-0.041108
0.039903
0.083599
0.077814
0.074855
0.008065
-0.240862
-0.195687
0.032379
0.189630
0.210701
0.003577
-0.086451
-0.135127
-0.052531
-0.028909
-0.005627
0.066350
0.063200
0.040773
0.067184
-0.018834
-0.186835
-0.132420
0.067308
0.210978
0.083343
-0.099943
-0.180178
-0.059479
0.105170
0.105374
0.058305
-0.022076
-0.090115
-0.079187
0.010160
0.029665
0.046169
0.004743
-0.039690
0.010638
0.047927
0.012967
-0.110772
-0.097326
0.011733
0.121904
0.132332
-0.014514
-0.124751
-0.080097
0.035466
0.067855
-0.011127
-0.050557
-0.054639
0.004751
0.099811
0.101107
0.050177
-0.091118
-0.186851
-0.097929
0.062722
0.115931
0.109253
0.002995
-0.034049
-0.026927
-0.024630
-0.025317
-0.076577
-0.026913
0.060372
0.175759
0.071791
-0.099304
-0.160098
-0.036538
0.105126
0.069148
-0.006531
-0.098322
-0.025377
0.043536
0.074593
0.038401
-0.052698
-0.087013
-0.054027
0.074070
0.064372
0.028521
-0.049115
-0.057613
0.042216
0.086333
0.023074
-0.140805
-0.086005
0.027947
0.159655
0.093459
-0.074465
-0.119088
-0.055304
0.110381
0.096544
-0.005910
-0.089163
-0.035796
0.042990
0.073463
-0.003435
-0.061193
-0.007832
0.035172
0.038052
-0.009220
0.009861
-0.005355
-0.043173
-0.034277
0.034097
0.114523
0.040493
-0.097902
-0.100969
0.020229
0.096320
0.002008
-0.064360
-0.015939
0.055950
0.084332
-0.009108
-0.075564
-0.040289
0.043126
0.033591
-0.011729
-0.031607
-0.029961
0.032510
0.088710
0.033753
-0.045843
-0.039527
-0.045863
0.009009
0.027587
0.004431
-0.001287
0.072576
0.076343
-0.085661
-0.129195
-0.082406
0.066927
0.184777
0.086582
-0.119925
-0.105922
0.058104
0.093594
-0.063039
-0.142925
-0.071031
0.073092
0.149946
0.036595
-0.032605
-0.041599
0.026897
0.006165
0.029061
-0.007204
-0.067219
-0.056333
-0.015541
0.033111
0.013037
0.072067
0.077485
0.024903
-0.048708
-0.054179
-0.024985
-0.036486
-0.051215
-0.007084
0.099511
0.110356
-0.011003
-0.113070
-0.040788
0.063614
0.050084
-0.013306
-0.045644
-0.006715
0.002041
0.010990
0.008701
0.000701
-0.005149
0.035268
0.051341
0.003722
-0.083341
-0.108942
0.027029
0.068752
0.069483
-0.028690
-0.051012
0.011372
0.085539
0.063394
-0.067530
-0.125945
-0.090468
0.038302
0.076890
0.082354
0.008483
-0.013671
0.005246
0.020613
-0.014120
-0.066380
-0.077693
-0.053087
0.055172
0.058599
0.018600
-0.019738
0.006504
0.019086
0.012478
-0.022994
-0.073118
-0.013150
0.016538
0.037233
0.010988
-0.023699
-0.032961
0.019178
0.054819
0.010509
-0.042432
-0.031287
-0.006654
-0.024769
-0.002492
0.022464
0.057866
0.030645
-0.043841
-0.079088
-0.011203
0.041604
0.025458
-0.002318
-0.013326
-0.009336
-0.031722
-0.023980
0.029529
0.052125
0.015287
-0.010233
-0.019858
-0.016990
-0.022467
-0.030148
-0.007326
0.041748
0.028014
-0.012961
0.008114
0.006134
-0.011740
-0.033934
-0.008049
0.020984
-0.008450
-0.007837
-0.015163
0.019930
0.019396
-0.006365
-0.006838
0.000283
0.011046
-0.020814
-0.000404
0.005572
-0.005415
-0.015700
-0.004889
0.016989
0.036474
0.016238
-0.037171
-0.054654
-0.028673
0.038804
0.057509
0.029368
-0.056834
-0.058306
-0.012252
0.003145
0.023238
0.023888
0.027144
-0.016180
-0.010599
-0.002840
-0.020544
-0.044139
-0.035236
0.032722
0.052848
0.017802
-0.019308
0.008366
0.010952
-0.027345
-0.045829
-0.003294
0.036012
-0.018273
-0.044251
0.010617
0.077265
0.011087
-0.079645
-0.043691
0.037873
0.050258
-0.015491
-0.066451
-0.039965
0.040308
0.042268
0.007052
-0.016085
-0.021501
-0.016961
-0.003578
0.015241
-0.018019
-0.044643
-0.028058
0.064050
0.064191
-0.007275
-0.062164
-0.079121
0.028375
0.075487
0.035940
-0.085082
-0.088436
0.004952
0.070287
0.075529
0.009775
-0.021494
-0.049906
-0.032103
-0.017726
0.004804
0.002009
-0.006153
0.014020
0.061728
0.059366
-0.042611
-0.116929
-0.075048
0.050022
0.113818
0.062844
-0.060369
-0.083870
-0.051112
0.045654
0.099169
0.031282
-0.018314
-0.117631
-0.060589
0.048501
0.100893
0.027255
-0.079418
-0.044458
0.033659
0.055570
-0.006997
-0.011615
-0.000411
0.024716
-0.021814
-0.032046
-0.036849
-0.014628
0.016292
0.023735
0.083531
0.039507
-0.044814
-0.088736
-0.029598
0.039229
0.036339
0.006771
-0.014233
-0.018543
-0.017820
0.009127
0.043449
0.022712
-0.022806
-0.043168
0.006641
0.053354
0.004083
-0.047019
-0.035616
0.023604
0.042648
0.028406
-0.015106
-0.050524
-0.025814
0.013346
0.041076
0.017048
0.000181
-0.031379
-0.017712
0.034109
0.020216
0.002517
-0.062434
-0.044642
0.047635
0.077751
0.044021
-0.040263
-0.056326
-0.028513
-0.002954
0.021170
0.023287
0.033540
0.025692
0.002520
0.026944
-0.001128
-0.087982
-0.089008
-0.034708
0.062448
0.102612
0.031501
-0.012217
-0.007414
0.016343
-0.014048
-0.010907
0.011377
-0.034651
-0.063714
-0.055479
0.028102
0.101380
0.099578
0.027136
-0.055963
-0.101752
-0.068830
0.015382
0.062517
0.040903
-0.031975
-0.037214
0.038430
0.057406
-0.006840
-0.045074
-0.006383
0.043965
0.024257
-0.047275
-0.079143
0.005534
0.066480
0.060129
0.036137
0.022156
-0.043487
-0.110496
-0.049992
0.052922
0.102117
0.015502
-0.054745
-0.016934
0.034999
0.013468
-0.035786
-0.007992
0.022964
0.011624
0.010400
-0.003882
-0.028492
-0.016675
0.009244
0.045735
0.033026
-0.017697
-0.039071
-0.020080
0.017744
0.022959
0.019361
0.014166
-0.024640
-0.046539
-0.023040
0.038393
0.057295
-0.005572
-0.064137
-0.026975
0.025081
0.036666
0.030445
-0.017837
-0.021745
0.005820
0.044390
-0.005807
-0.077873
-0.071112
0.010945
0.105181
0.075747
0.007440
-0.033407
-0.048462
-0.058546
-0.058448
-0.007093
0.057704
0.073208
0.038237
-0.031187
-0.044596
-0.039750
-0.003503
0.011298
-0.002114
0.015511
0.019767
-0.024110
-0.071314
-0.028520
0.027364
0.111589
0.044093
-0.041441
-0.063112
-0.028185
0.029751
-0.040425
-0.029556
-0.017453
0.040688
0.050849
0.014760
-0.000825
-0.032975
-0.032186
-0.023091
0.031970
0.007950
-0.010031
-0.040250
0.006825
0.052075
0.017235
-0.006916
-0.047049
-0.010123
-0.011282
0.015176
0.017836
0.002985
-0.009121
-0.023672
0.011211
-0.006141
0.003497
-0.022915
-0.006925
0.036826
0.053419
0.037781
-0.078367
-0.085698
-0.024707
0.035912
0.054297
0.011528
0.000453
-0.016067
-0.000673
-0.007756
-0.040611
-0.019324
0.018494
0.056682
0.056056
0.003063
-0.061081
-0.063567
-0.008133
0.035358
0.019253
0.007408
-0.006487
-0.017160
0.002669
0.003187
0.010911
0.001902
-0.007800
-0.004091
0.003869
0.001109
-0.009235
-0.011404
0.005967
0.002988
-0.002141
-0.008812
0.001250
0.026758
-0.007700
-0.030264
-0.028068
0.018647
0.034901
0.012998
-0.009682
-0.036295
-0.016161
-0.017821
0.018384
0.016214
0.008535
0.003758
-0.022576
-0.010222
-0.016720
0.033101
-0.007187
-0.041778
-0.020025
0.027953
0.060856
0.003102
-0.004540
-0.022048
-0.033175
-0.028732
-0.017008
-0.009729
0.009375
0.022628
0.032691
0.057111
-0.028176
-0.087315
-0.054481
0.039427
0.062465
-0.000467
-0.009118
-0.051070
-0.043753
-0.021722
0.027326
0.097828
0.071038
-0.049700
-0.127505
-0.038221
-0.002038
0.021926
0.030451
0.049677
0.033202
0.001351
0.000944
-0.064315
-0.040198
-0.041195
0.022165
0.021769
-0.008925
-0.000899
0.063090
0.108736
-0.033025
-0.123967
-0.110061
0.033283
0.104339
0.050993
-0.054622
-0.093433
-0.021125
0.080585
0.108763
0.022948
-0.073963
-0.051784
0.046687
0.009157
-0.064387
-0.078059
-0.002528
0.104131
0.111327
0.008100
-0.072510
-0.065346
-0.016981
0.039688
0.076171
0.049836
-0.027310
-0.069070
-0.055279
-0.017586
-0.013063
0.031945
0.103333
0.110366
0.034316
-0.072286
-0.085386
-0.052699
-0.023200
-0.013509
0.015005
0.032364
0.062256
0.073416
0.009809
-0.011541
-0.030863
0.027091
0.000676
-0.034462
-0.085819
-0.072267
0.027951
0.084982
0.075649
-0.004897
0.018330
-0.013459
0.046313
0.027155
-0.016137
-0.074797
-0.048726
-0.013795
-0.023791
0.007211
-0.013440
0.094058
0.108043
0.099875
-0.036880
-0.124874
-0.080113
0.008423
0.080728
0.024307
-0.035174
-0.101821
-0.019051
0.077696
0.106216
0.061982
-0.046974
-0.120361
-0.060876
0.085931
0.069291
-0.030755
-0.090807
-0.001061
0.078177
0.065254
-0.072604
-0.078901
0.041687
-0.035172
-0.004171
-0.042089
-0.000287
0.026026
0.094629
0.108740
-0.076173
-0.064245
-0.103249
0.003863
0.019270
-0.034064
0.022274
0.058288
0.056778
-0.048417
-0.031485
0.038865
0.060661
-0.007694
-0.066398
-0.052867
0.002808
0.003110
-0.049075
-0.024270
0.047549
0.137930
0.074766
-0.103029
-0.180423
-0.066360
0.131847
0.136025
-0.023029
-0.143928
-0.078952
0.088032
0.085246
-0.031782
-0.058462
0.016556
0.081389
0.030918
-0.085172
-0.087462
-0.005564
0.068814
0.053842
-0.014163
-0.080425
-0.030427
0.057610
0.030480
-0.002295
-0.001497
0.062380
0.012143
-0.046252
-0.133944
-0.070726
0.027957
0.076090
0.108166
0.037178
0.022461
-0.042489
-0.036011
-0.074347
-0.028348
-0.036230
-0.026926
0.080328
0.118319
0.050215
-0.062598
-0.048477
-0.039118
0.002618
-0.005716
0.047749
0.043951
-0.021365
-0.047362
-0.045106
0.030678
0.028617
0.022047
-0.028719
0.026145
0.075523
-0.042311
-0.076714
-0.020455
0.035088
0.047709
-0.020192
-0.038656
-0.005679
0.039979
0.025907
-0.032286
0.011196
-0.007413
-0.003638
-0.026323
0.050616
0.007662
-0.096765
-0.037056
0.051391
0.105907
0.043795
-0.042569
-0.073606
0.025825
0.002704
-0.015688
-0.005284
0.007277
-0.002361
-0.030469
-0.004583
0.066216
0.045535
-0.019742
-0.088454
-0.069613
0.011279
0.030658
0.041862
-0.016195
-0.020385
-0.038782
0.041507
0.018546
-0.027517
-0.026805
-0.022954
0.044224
0.012706
-0.021103
-0.066301
-0.042258
0.014755
0.084446
0.083620
-0.037753
-0.061305
-0.057110
-0.014940
0.003865
-0.034874
0.028689
0.069475
0.073554
-0.051526
-0.121506
-0.056459
0.048487
0.111065
0.022017
-0.049380
-0.111320
-0.010809
0.091479
0.092240
-0.014969
-0.104858
-0.050298
0.004490
0.073465
0.004194
-0.035062
-0.018868
0.073180
0.071873
-0.041337
-0.103959
-0.119121
0.065362
0.102454
0.048835
-0.022116
-0.001378
0.030688
-0.028527
-0.048993
-0.079098
0.020099
0.044724
0.054348
0.009900
-0.021462
-0.014635
-0.022243
0.026783
0.019436
0.043454
-0.035439
-0.040280
-0.021689
-0.025024
0.037122
0.000636
0.016703
0.050187
0.083713
-0.013255
-0.111380
-0.139427
-0.001227
0.154444
0.106708
0.012470
-0.087272
-0.046041
-0.048860
-0.003499
0.017493
0.043234
0.036575
-0.008751
0.002924
-0.003191
-0.007282
-0.060802
-0.040133
0.017080
0.085434
0.051905
-0.016304
-0.052231
-0.018891
0.025798
-0.010398
-0.024437
-0.030349
0.033069
0.042923
0.004334
-0.008378
-0.004221
-0.000670
-0.028817
-0.022097
-0.019916
0.028876
0.017082
0.030998
0.009712
-0.040299
-0.023015
-0.041624
0.039730
0.029824
-0.007015
-0.024980
-0.001191
0.026813
-0.025698
-0.024646
-0.007894
0.024574
0.018613
0.002418
0.010690
0.021116
-0.046162
-0.077730
-0.010909
0.070015
0.066195
-0.025578
-0.063230
-0.037651
0.028924
0.040216
0.010077
-0.030415
-0.003645
0.023313
0.012243
-0.027515
-0.062892
-0.000575
0.059430
0.045067
-0.002736
-0.030558
-0.037568
0.007940
0.001719
-0.017426
-0.018558
0.036863
0.045207
0.015594
0.002160
-0.052723
-0.035295
-0.014369
0.035584
0.044858
0.021902
-0.044295
-0.051011
-0.002063
0.021217
0.014986
0.003230
0.024129
-0.012590
-0.027237
-0.044904
0.007328
0.015612
0.031018
0.013862
-0.018873
-0.020066
-0.001818
0.032936
-0.006502
-0.033774
-0.073051
0.017962
0.071640
0.084502
0.018012
-0.034385
-0.043911
-0.053600
-0.004479
0.018374
0.037472
-0.022844
0.005159
0.040904
0.034771
-0.025821
-0.080171
-0.036373
0.039991
0.079856
0.024671
-0.034764
-0.056210
-0.019642
0.025461
0.051479
0.012117
-0.055452
-0.048687
0.020225
0.078908
0.031574
-0.037653
-0.036635
0.032468
0.055146
-0.025182
-0.069954
-0.046427
0.035786
0.069934
0.020164
-0.008875
-0.008265
0.011444
-0.009266
-0.031514
-0.007296
0.012846
0.026473
0.005704
-0.009488
0.008098
0.014919
-0.002537
-0.009674
-0.001384
0.008520
-0.005982
-0.031904
-0.013268
0.029900
0.044820
-0.010854
-0.040204
-0.008998
0.029467
0.062361
0.041639
-0.026500
-0.091864
-0.080001
0.019524
0.091781
0.057318
-0.016617
-0.022293
0.017049
0.030496
-0.036210
-0.068576
-0.023940
0.037003
0.056745
0.008040
-0.019480
-0.024686
0.006733
0.020572
0.011907
0.002169
-0.015944
-0.044846
-0.025915
0.016054
0.053500
0.042371
-0.023326
-0.035776
-0.037559
-0.005662
0.022433
0.039675
0.014731
-0.035130
-0.040965
-0.001501
0.047781
0.023012
-0.035728
-0.056056
-0.006460
0.058827
0.040602
-0.023787
-0.061353
-0.041369
0.022723
0.041304
0.021537
-0.011884
-0.027246
-0.016407
0.003651
0.021900
-0.011092
-0.038845
-0.013350
0.027348
0.036761
0.003699
-0.027291
-0.037966
-0.029021
0.001842
0.024448
0.035537
0.010315
-0.032824
-0.028022
0.011209
0.018284
-0.020060
-0.034648
-0.010471
0.009812
0.023411
0.024680
0.021115
-0.005600
-0.044291
-0.020026
0.017370
0.028866
-0.023739
-0.050829
0.003064
0.046684
0.036991
-0.015158
-0.025970
-0.012771
0.002882
0.007727
0.006982
-0.004261
-0.022376
-0.016697
0.012959
0.039365
0.031392
-0.000079
-0.030395
-0.026222
-0.001936
0.002436
-0.010848
0.003419
0.013327
0.028345
0.029209
-0.000705
-0.030751
-0.049996
-0.006298
0.033817
