-0.046295
-0.042897
-0.013644
0.023125
0.020368
0.004333
-0.002380
0.001179
-0.003696
-0.016053
-0.015052
0.000928
0.035427
0.029319
-0.001836
-0.040801
-0.056794
-0.028767
0.013175
0.030818
0.012208
-0.004185
-0.005246
0.002460
-0.000875
-0.011078
-0.005534
0.018145
0.029563
0.007639
-0.043547
-0.071430
-0.040081
0.023101
0.056768
0.036202
0.000633
-0.024940
-0.018923
0.002830
0.010522
0.015946
0.025980
0.021548
0.001302
-0.042389
-0.067287
-0.038184
0.022815
0.051254
0.019619
-0.012158
-0.016630
-0.003648
0.009239
0.011431
0.013748
0.040539
0.029970
-0.014468
-0.058466
-0.070612
-0.036106
0.026881
0.069106
0.049663
0.009793
-0.018979
-0.016974
-0.017050
-0.020671
-0.013207
0.035339
0.064723
0.041452
-0.022343
-0.067241
-0.045966
0.009250
0.049890
0.026737
-0.003425
-0.015902
0.001127
-0.001349
-0.020885
-0.030120
0.003939
0.055576
0.059283
0.025987
-0.031714
-0.039997
-0.009819
0.007796
-0.010166
-0.024246
-0.004360
0.018741
0.027948
0.015019
-0.000985
-0.016025
-0.004048
0.012785
0.017428
0.000241
-0.009626
-0.009189
-0.021546
-0.020744
-0.011265
0.015864
0.030288
0.038339
0.019542
-0.015839
-0.034323
-0.014861
0.013892
0.023772
0.013824
0.004561
-0.013735
-0.045926
-0.043914
0.000505
0.056242
0.058402
0.030595
-0.021501
-0.048721
-0.057106
-0.046190
-0.006955
0.056609
0.073863
0.036398
-0.006414
-0.032777
-0.022102
-0.002163
0.032896
0.012695
-0.005398
0.000922
0.022008
0.002160
-0.048145
-0.055745
0.006766
0.085053
0.073977
0.005650
-0.060104
-0.064048
-0.021479
0.030375
0.046233
0.031163
0.008951
-0.018024
-0.043397
-0.045265
-0.021664
0.027616
0.068693
0.062736
0.003212
-0.055063
-0.057638
-0.028146
-0.002606
-0.006984
-0.005891
-0.008024
0.022421
0.022269
0.027995
0.059134
0.005809
-0.019743
-0.028240
-0.039537
-0.045084
-0.026646
0.004983
0.022255
0.048869
0.060786
0.025016
-0.036230
-0.051319
-0.047592
-0.012758
0.029275
0.050804
0.013321
-0.037643
-0.043478
-0.016119
0.029621
0.039899
0.024504
-0.000721
-0.014484
-0.011835
-0.023539
-0.035574
-0.006431
0.018193
0.016893
-0.006991
-0.009567
0.009372
0.022709
0.009336
-0.031513
-0.041562
0.009914
0.056091
0.015070
-0.046186
-0.048385
0.010039
0.026175
0.039314
0.020457
-0.018494
-0.015299
-0.015564
0.017954
0.021172
0.012249
-0.008927
-0.018850
0.011365
0.040386
0.029917
-0.025999
-0.089744
-0.086019
0.024139
0.122889
0.117603
0.001140
-0.111635
-0.110341
-0.001611
0.102082
0.079127
-0.018532
-0.075190
-0.048516
0.011915
0.041151
0.034232
-0.014663
-0.017611
0.004131
0.000892
0.005507
0.018073
0.026438
-0.007549
-0.025731
-0.029536
0.003183
0.049701
0.023485
-0.054585
-0.078469
-0.005121
0.079678
0.083066
0.004247
-0.066406
-0.089545
-0.026528
0.079323
0.103641
0.026403
-0.057502
-0.060225
-0.002982
0.033526
0.006011
-0.045501
-0.042501
0.022740
0.070963
0.030093
-0.023708
-0.040482
-0.020157
0.025817
0.018869
-0.029955
-0.047720
-0.008641
0.043170
0.034166
-0.019084
-0.043473
-0.012983
0.037200
0.034767
-0.016954
-0.061564
-0.036199
0.014678
0.047896
-0.000545
-0.050700
-0.020249
0.039774
0.072044
0.013269
-0.067823
-0.107567
-0.008893
0.090764
0.071109
-0.031973
-0.097563
-0.042611
0.022738
0.054930
0.023857
-0.023891
-0.023756
-0.001681
0.020439
-0.003648
-0.021492
0.004476
0.021661
-0.007038
-0.050313
-0.062370
-0.024081
0.072107
0.098904
0.018951
-0.101471
-0.107749
-0.008389
0.071741
0.070858
0.002112
-0.046236
-0.054704
-0.006503
0.017668
0.002555
-0.003360
0.005586
0.036095
-0.020381
-0.056292
-0.025614
-0.008973
0.021120
0.053681
0.044243
-0.017193
-0.075921
-0.059265
0.015070
0.035197
0.031475
0.009398
-0.018303
-0.055481
-0.022864
0.009413
0.032483
0.038660
0.036397
0.038485
-0.044195
-0.061942
-0.042548
0.009468
0.025739
0.012641
-0.003006
-0.024028
-0.003040
0.052996
0.076642
-0.039604
-0.087393
-0.044197
0.054365
0.086614
-0.006598
-0.079085
-0.062139
0.030323
0.094941
0.085360
-0.018575
-0.078129
-0.080254
-0.003979
0.083492
0.069696
-0.028040
-0.103031
-0.071138
0.054850
0.120539
0.083033
-0.027221
-0.102962
-0.043604
0.021187
0.022689
0.002799
0.021691
-0.005850
-0.038841
-0.029242
0.005076
0.025105
0.059672
0.008321
-0.012997
-0.031848
-0.036607
0.028719
0.025187
0.002811
-0.021314
-0.010359
-0.036591
-0.007171
0.027542
0.052132
0.011914
-0.042089
-0.024447
0.009595
0.020391
-0.048889
-0.068156
-0.011755
0.103835
0.071602
-0.018394
-0.080079
-0.071947
0.043530
0.071497
0.085568
-0.020143
-0.144004
-0.121204
0.035789
0.117935
0.045695
-0.069994
-0.002591
0.085792
-0.013232
-0.004138
-0.062688
-0.041600
0.027098
0.010427
0.011124
0.036851
0.023138
0.005711
0.043983
-0.013239
-0.054007
-0.142102
-0.041619
0.128359
0.130162
0.046362
-0.132440
-0.094975
-0.045646
0.071714
0.124973
0.034840
-0.067644
-0.034855
0.069641
-0.041956
-0.064222
-0.147128
-0.053351
0.136522
0.129334
0.088737
0.086576
0.034822
-0.173518
-0.269900
-0.089274
0.143459
0.235572
-0.024962
-0.074054
0.029003
0.072274
-0.049930
-0.116152
0.051563
-0.074352
-0.042372
0.038805
0.104146
0.110514
0.131964
-0.046761
-0.209158
-0.215794
0.094288
0.166012
-0.038361
-0.047168
-0.032032
0.156427
0.124339
-0.036032
-0.233409
-0.123527
0.115328
0.179913
0.006166
-0.077678
-0.029495
0.000633
-0.017988
0.006164
0.017843
0.044043
-0.016417
-0.027364
0.050239
-0.109458
-0.106703
-0.019098
0.081253
0.126210
0.265524
0.177655
-0.146539
-0.460659
-0.293420
0.102777
0.243235
0.146867
0.007280
0.126395
0.046965
-0.124575
-0.277355
-0.078875
0.032622
0.112871
0.199483
-0.023996
-0.056613
-0.032446
-0.095559
-0.034860
0.102992
0.156846
0.011980
-0.197659
-0.219555
-0.035089
0.071503
0.183962
0.257117
-0.026221
-0.302251
-0.246866
0.142189
0.237118
0.116039
-0.152547
-0.172522
-0.092808
-0.091043
0.007463
0.110417
0.277101
0.139901
-0.134997
-0.258733
-0.102501
0.031200
0.087187
0.036686
0.017629
0.056419
0.060385
-0.033652
-0.097940
-0.116838
0.017893
0.091523
-0.002031
0.050554
0.064766
0.057667
-0.175423
-0.154190
0.020040
0.066089
0.127147
0.134243
0.039579
-0.081777
-0.150774
-0.163109
-0.001148
0.163927
0.151397
-0.022791
-0.076618
-0.057027
0.112434
0.064790
-0.073575
-0.039038
-0.021837
-0.063090
-0.066793
0.084724
0.125637
0.023153
-0.102069
0.005994
0.088518
0.027287
-0.114440
-0.157599
0.013500
0.240732
0.225857
-0.080820
-0.323213
-0.214932
0.088783
0.223395
0.195007
-0.017705
-0.085522
-0.016853
0.002047
-0.114228
-0.180254
0.008743
0.210856
0.310139
-0.003773
-0.357332
-0.245339
0.131172
0.274251
0.137044
-0.103076
-0.202444
-0.044725
0.074374
0.046269
-0.003610
0.014403
0.000257
-0.017256
0.030534
0.079793
-0.053543
-0.115971
-0.095064
0.057684
0.080467
0.119560
0.038654
-0.179564
-0.181553
0.009495
0.134394
0.011442
0.047274
-0.281721
-0.178976
0.080917
0.412848
0.449967
0.009046
-0.179272
-0.351456
-0.070303
0.083629
0.103365
-0.153329
-0.109267
0.186782
0.310645
0.103479
-0.362751
-0.260580
0.123271
0.360129
0.026484
-0.297298
-0.238506
0.022898
0.150635
0.183780
0.091099
-0.111371
-0.027097
-0.117443
-0.170533
-0.086789
0.204341
0.309344
0.028595
-0.181395
-0.241254
0.015401
0.134269
0.130650
-0.056082
-0.100827
-0.035517
0.041654
0.060682
-0.059909
-0.013850
-0.077082
-0.035074
0.051786
0.217219
0.064954
-0.163389
-0.232335
-0.044769
0.211990
0.136317
0.041947
-0.130387
-0.042880
0.040366
0.032815
-0.088264
-0.052972
-0.032448
0.093040
0.127345
-0.056169
-0.037640
-0.072883
0.140926
-0.000413
-0.176699
-0.146870
0.111933
0.266133
0.157217
-0.114564
-0.237010
-0.056527
0.033937
0.166465
-0.027336
-0.072690
-0.143359
0.051014
0.268388
0.238905
-0.047215
-0.397531
-0.243300
-0.020370
0.238956
0.324870
0.060894
-0.110791
0.011349
-0.054757
-0.174708
-0.126582
-0.003515
0.053789
0.117726
0.102596
0.092155
0.025861
-0.089524
-0.245837
-0.135711
0.215199
0.203219
-0.026321
-0.081857
-0.119949
-0.047831
0.197270
0.069083
-0.071525
-0.015428
0.082505
-0.049824
-0.137215
-0.117064
0.080775
0.074705
-0.036401
0.035844
-0.028928
0.059782
0.091504
-0.010339
-0.150191
-0.087615
0.015358
0.183530
-0.020073
-0.179065
-0.046392
0.170674
0.276730
-0.272395
-0.284515
-0.096140
0.180687
0.287756
0.068700
-0.067410
-0.247767
-0.002977
0.061285
0.010897
0.078542
0.089086
-0.011414
-0.112747
-0.150079
-0.007600
0.116840
0.064215
-0.020748
-0.172097
0.042056
0.233190
0.037724
-0.161907
-0.242926
-0.055755
0.258503
0.192668
-0.024243
-0.193817
-0.085572
0.057916
0.153004
-0.055923
-0.327619
0.023052
0.219608
0.245759
0.050658
-0.183194
-0.284211
-0.126150
0.197125
0.237835
-0.093338
-0.169879
-0.031916
0.164551
0.277660
-0.117663
-0.278277
-0.222078
0.175990
0.287229
0.111712
-0.207413
-0.368114
0.001886
0.291286
0.319774
-0.016170
-0.270418
-0.227464
0.012446
0.148942
0.157285
-0.054458
-0.092650
-0.060580
0.036659
0.117712
0.065290
-0.039391
-0.200323
0.004908
0.096963
0.029683
-0.035452
0.035733
0.055832
0.007846
-0.096333
-0.003925
0.028205
-0.003615
0.133130
-0.005965
-0.182259
-0.199596
0.016578
0.218605
0.190228
0.013424
-0.025341
-0.105381
-0.097005
-0.087342
-0.086187
0.050404
0.173385
0.181275
-0.041603
-0.145959
-0.131955
-0.014330
0.077292
0.093006
0.059916
-0.030285
-0.069247
-0.109599
-0.078809
0.079969
0.145262
0.097519
-0.056579
-0.143886
-0.049737
-0.003224
0.088814
0.064353
0.029403
-0.089544
-0.096001
0.093516
0.005059
-0.040346
0.037192
0.073599
-0.004581
-0.055495
-0.063107
-0.068863
-0.040968
0.083935
0.146553
0.055211
-0.014202
-0.126980
-0.110578
0.028548
0.136542
0.065750
-0.039229
0.018281
-0.091282
-0.081563
0.156305
-0.005308
-0.036324
0.074050
-0.082664
-0.091943
0.114568
0.024355
-0.119293
-0.187893
-0.083178
0.088385
0.073220
0.248805
0.144267
0.089151
-0.024156
-0.236949
-0.216654
-0.034945
0.045680
0.052177
0.036275
0.061074
0.026464
0.001862
0.116286
-0.055598
-0.078854
-0.020593
0.027796
-0.047608
-0.070692
-0.021815
0.069219
0.107372
-0.088088
-0.005478
0.097172
0.200995
-0.178176
-0.373428
0.010894
0.062403
0.337959
0.238248
-0.162543
-0.390133
-0.310885
0.201800
0.412544
0.242804
-0.051531
-0.214279
-0.222187
-0.149785
-0.038067
0.028819
0.191124
0.249608
0.104525
-0.092656
-0.182476
-0.106594
-0.053764
-0.075292
0.074178
0.259574
0.132577
-0.118258
-0.307966
-0.139075
0.164296
0.303824
0.073195
-0.111245
-0.255050
-0.133219
0.105076
0.129137
0.073317
-0.106959
-0.043250
0.022860
0.239612
0.033752
-0.185758
-0.184102
-0.020304
0.191127
0.118729
-0.076491
-0.150395
-0.090092
0.049336
0.287814
0.048547
-0.097108
-0.143997
-0.113181
0.079868
0.154255
0.003493
-0.067975
-0.016859
0.017668
0.074423
0.019436
-0.111817
-0.086327
0.037251
0.081457
0.074277
0.008859
-0.105632
-0.080210
0.017389
-0.011078
0.085253
0.089708
-0.010850
-0.091975
0.005763
-0.038583
-0.076224
0.037231
0.107873
0.054642
0.010226
-0.040704
-0.100247
0.023365
0.042174
-0.023629
-0.044342
0.018302
0.072451
0.022117
-0.028962
-0.001857
-0.047499
-0.037535
0.039025
0.071783
-0.035436
-0.033218
-0.063333
0.010741
0.157098
0.080129
-0.085717
-0.175819
-0.030811
0.043697
0.062269
0.075719
-0.017868
-0.043994
-0.002586
0.044833
0.087250
0.054526
-0.073347
-0.148409
-0.056943
0.032260
0.066805
0.011300
0.099854
0.022717
-0.005637
-0.063921
-0.100869
-0.103667
0.004772
0.248733
0.100439
-0.014413
-0.087593
-0.100489
-0.146125
-0.027285
0.041429
0.182542
0.060684
-0.110269
-0.115093
0.065836
0.065698
0.005785
0.102384
-0.087717
0.130942
-0.115576
-0.090136
-0.032173
-0.018468
0.071265
-0.029425
0.084367
-0.024179
-0.157176
-0.111053
0.256897
0.310300
0.099995
-0.332324
-0.307649
-0.021851
0.131887
0.187291
-0.033477
-0.035149
-0.032845
0.017532
-0.043186
-0.033963
0.048197
0.090323
0.071045
-0.102559
-0.163159
-0.071717
0.074633
0.145936
0.021719
-0.105494
0.001210
0.061761
0.041724
-0.009296
-0.122623
-0.154949
-0.044457
0.184464
0.126042
-0.156178
-0.048630
-0.004799
0.054338
0.235786
0.163670
-0.028259
-0.317313
-0.267755
-0.017947
0.034871
0.052485
0.135594
0.167834
0.131070
0.013270
-0.103850
-0.151806
-0.087436
-0.031361
-0.051839
0.074784
0.092061
-0.003315
0.093193
0.097364
-0.058482
-0.165226
-0.084309
-0.047007
-0.001887
0.144012
0.128305
0.166704
0.048072
-0.116104
-0.345176
-0.176035
0.164898
0.241068
0.010677
-0.277278
-0.082300
0.112325
0.278091
0.183038
0.043489
-0.151365
-0.114552
-0.050488
-0.036314
-0.094838
-0.219364
0.029657
0.215670
0.265461
0.116265
0.052546
-0.117040
-0.302364
-0.197724
0.099369
0.263972
0.150974
-0.050912
-0.151085
-0.130862
0.010119
0.141157
0.125857
0.000357
-0.182590
-0.087795
0.096734
0.100269
0.095787
-0.055366
-0.142065
-0.040342
0.010528
0.179643
-0.062280
-0.173426
-0.002935
0.072225
0.139634
0.097655
-0.087899
-0.265535
-0.157933
0.150053
0.274466
0.149690
0.027256
-0.047222
-0.230566
-0.147885
-0.057021
-0.282644
0.191560
0.232237
0.040556
0.121737
0.131131
-0.185283
-0.437920
-0.237718
0.073600
0.312726
0.197030
0.066019
-0.101158
0.071001
-0.123416
-0.280087
-0.021505
0.179250
0.146117
0.016950
-0.080364
-0.116948
0.111936
0.062932
-0.160933
-0.123157
0.123571
0.092545
0.137330
0.060418
-0.090438
-0.164039
-0.214486
0.017944
0.103004
0.163061
-0.023109
-0.089502
0.081603
0.001917
0.030074
-0.076864
-0.069454
0.100891
0.059602
-0.001554
-0.139241
-0.097909
0.101758
0.250786
0.040159
-0.109331
-0.128623
-0.123797
-0.019442
0.057237
0.141474
0.014550
0.011916
0.049215
0.040730
-0.017443
-0.147088
-0.128394
-0.031573
-0.005108
0.084595
0.074671
0.045538
0.040091
0.028806
0.080735
0.077408
-0.179086
-0.306917
-0.101535
0.170989
0.164224
0.021684
0.071309
-0.020077
0.029301
-0.017332
-0.096718
-0.021421
0.079761
0.086343
-0.129386
-0.153782
-0.083534
0.044332
0.163547
0.115723
0.050343
-0.054336
-0.070495
-0.029083
0.012074
-0.065306
-0.008171
0.079261
0.158198
-0.004445
-0.204209
-0.173391
0.040589
0.301887
-0.001103
-0.171594
-0.132153
0.067779
0.245270
0.091350
-0.203690
-0.192467
-0.047391
0.134606
0.239041
0.037112
-0.225782
-0.237185
0.002069
0.124291
0.148333
-0.079836
-0.143315
0.021535
0.277104
0.141584
0.015533
0.026196
-0.097531
-0.178307
-0.240171
-0.043868
0.026512
0.080754
0.167003
0.293974
0.062280
-0.386134
-0.309240
-0.139900
0.247621
0.267004
0.108450
0.047577
-0.123031
-0.090066
-0.071325
0.029406
-0.034786
0.055561
-0.015912
-0.094790
-0.071113
0.144479
0.182722
-0.094485
-0.265993
-0.157937
0.083247
0.167280
0.196003
-0.179369
-0.026028
0.109174
0.011794
0.145356
0.232878
-0.025760
-0.375735
-0.397409
-0.138086
0.296280
0.346544
0.261549
-0.062223
-0.188761
-0.203599
-0.167895
0.130499
0.075227
0.160952
0.028394
-0.206272
-0.073450
0.067454
0.172200
-0.040133
-0.143379
-0.087883
-0.008031
0.028103
0.046873
0.110089
0.024938
0.013789
-0.010192
-0.042603
-0.092003
-0.075716
0.015185
0.104681
0.015046
0.004160
0.017312
-0.025896
-0.006447
-0.099260
-0.003456
-0.038239
0.021969
0.263532
0.147808
-0.076482
-0.295387
-0.207205
0.103964
0.212614
0.135191
-0.043269
-0.041906
-0.086718
-0.101964
0.026532
0.163453
0.119817
-0.071776
-0.219016
-0.122862
0.128555
0.197988
0.071153
-0.157278
-0.129793
0.006052
0.085068
0.018204
-0.132164
-0.109870
0.192587
0.298016
0.124370
0.013121
-0.254747
-0.327118
-0.118747
0.076287
0.193960
0.062390
0.031064
0.177366
0.127635
-0.199754
-0.395779
-0.165914
0.214241
0.335886
0.217505
-0.073900
-0.212050
-0.158560
-0.058756
0.117680
0.112187
0.173485
-0.060637
-0.234888
-0.135196
0.007241
0.234643
0.130000
-0.048716
-0.156473
-0.116765
0.078615
0.128693
0.024402
-0.086620
-0.106316
0.044994
0.138233
0.042506
-0.104011
-0.164376
0.018270
0.083463
0.158370
0.047117
-0.094866
-0.121088
-0.126064
0.072933
0.058782
0.147291
-0.012216
-0.086000
-0.046141
-0.041533
0.196625
0.067590
-0.127417
-0.146363
-0.072239
0.180285
0.160864
-0.080268
-0.091137
0.003756
0.074887
-0.047707
-0.130716
-0.081722
0.111114
0.126865
0.093110
-0.158130
-0.214163
0.124961
0.175609
0.229811
0.003762
-0.244747
-0.198628
-0.018125
-0.005391
0.023105
0.083798
0.095470
0.067678
-0.050039
-0.107729
0.010508
0.061814
-0.049295
-0.059418
-0.084440
0.104724
0.225656
0.130803
-0.149156
-0.301566
-0.058633
0.182983
0.139595
-0.079786
-0.118315
0.005238
0.106958
0.025763
-0.049226
-0.011711
0.022168
0.040316
0.064826
-0.075376
-0.093749
-0.061603
-0.009727
0.056954
0.039453
0.111112
0.005961
0.023998
-0.063379
-0.072176
-0.000405
-0.018290
-0.088916
-0.092673
0.130193
0.151369
0.050154
-0.124185
-0.146935
-0.004441
0.159605
0.111543
-0.047040
-0.141325
-0.077461
0.088450
0.062705
0.018695
-0.025158
0.065889
0.064793
-0.190576
-0.213883
-0.030796
0.238192
0.252735
-0.013752
-0.170041
-0.168172
0.000372
0.199450
0.100265
-0.154392
-0.010432
0.078652
-0.034521
-0.106516
-0.053009
0.085709
0.072924
-0.046618
-0.001492
0.112627
0.033377
-0.060647
-0.119735
-0.006474
0.024240
0.000959
0.060191
0.028022
-0.034544
-0.082879
-0.015373
0.063896
0.117729
-0.014932
-0.094582
-0.030882
-0.011151
0.017140
-0.081529
-0.046277
0.023381
0.110732
0.094341
0.012625
0.059405
0.021165
-0.119840
-0.247490
-0.079503
0.107029
0.191080
0.027291
-0.070980
0.004493
0.035946
-0.049796
-0.185896
0.012494
0.120106
0.152920
-0.026822
-0.118243
0.035319
0.051115
-0.038994
-0.150278
-0.038603
0.068429
0.142954
0.028831
-0.043312
-0.034014
-0.042933
-0.021827
-0.085456
0.032524
0.083450
0.088708
-0.006050
-0.081304
-0.085499
-0.027135
0.022179
0.010453
0.025098
0.083069
0.016257
-0.118619
-0.024635
0.066001
0.078820
-0.054606
-0.047116
-0.013285
0.052237
0.016830
-0.046258
-0.054460
0.037006
0.115525
-0.010638
-0.050336
-0.012202
-0.002464
-0.101706
-0.027950
0.020374
0.105539
0.047300
0.014206
0.023307
-0.065555
-0.097045
-0.100354
0.047348
0.100152
0.067899
-0.025405
-0.013520
-0.038484
-0.059814
-0.015928
0.056847
0.146470
0.008773
-0.165593
-0.138194
-0.004120
0.087667
0.075737
0.044503
-0.050197
-0.018753
0.032659
-0.013234
-0.013652
-0.026428
0.013923
-0.007989
0.009273
0.051725
0.009276
-0.083438
-0.097721
0.015787
0.100085
0.088954
0.013834
-0.070138
-0.041231
-0.053072
0.030440
-0.009551
-0.080036
-0.015963
0.007522
0.031330
0.030804
0.104812
-0.055501
-0.022475
-0.046382
-0.048937
0.046922
0.059515
0.068864
0.010424
0.046914
-0.095969
-0.133676
-0.111448
0.059543
0.086451
0.052202
-0.011851
-0.055496
0.061151
-0.033242
0.009490
0.041433
0.116277
0.029305
-0.160533
-0.146916
-0.067974
0.036627
0.091663
0.108406
0.010320
0.072009
0.006872
-0.106110
-0.140942
-0.079463
0.138058
0.085487
0.007380
-0.048160
-0.042961
-0.028258
-0.001074
0.074496
0.118045
-0.058685
-0.134307
-0.044372
0.001353
0.088887
0.056320
0.029986
-0.048287
-0.080396
-0.040086
-0.005398
0.029738
0.009331
0.029767
0.063929
0.031236
0.033622
-0.091160
-0.092182
0.063214
0.099302
0.015389
-0.102472
-0.079776
-0.094950
0.039059
0.109496
0.052572
0.015233
-0.027890
0.004315
-0.051271
0.017316
0.004895
-0.074601
0.009884
0.081510
0.042898
-0.057856
-0.064258
0.019932
0.001801
0.043260
0.122932
-0.022606
-0.069504
-0.076169
0.002093
0.047745
-0.020561
-0.024860
0.010602
-0.049461
-0.013126
0.051898
-0.053619
0.027285
0.064984
0.122501
0.010340
-0.076536
0.019260
-0.018842
-0.053825
-0.075314
0.009580
0.006448
0.045020
0.013440
-0.061551
0.015922
0.018321
0.033189
-0.031483
-0.003275
0.098635
0.066846
-0.011073
-0.076658
-0.139095
-0.053056
0.110739
0.068406
-0.002160
-0.024412
0.028373
0.046717
-0.044306
-0.085877
-0.010080
0.059816
-0.030748
-0.006090
0.028936
0.014866
0.045558
0.009325
-0.007985
-0.038573
0.028098
0.037806
-0.045930
-0.078798
0.039689
0.089891
0.067922
-0.054878
-0.078001
0.012330
-0.037689
0.007682
-0.018414
0.048813
-0.118178
0.008891
0.190050
-0.025182
0.068839
0.165854
0.120135
-0.154787
-0.231375
-0.107401
0.003454
0.052255
0.083660
0.209219
0.063325
-0.019882
-0.135701
-0.172214
-0.014384
0.211552
0.183373
-0.106491
-0.184154
-0.108378
0.068071
0.045181
0.085086
0.091391
0.078798
-0.008060
-0.162803
-0.166874
-0.014793
0.165872
0.121535
0.000133
-0.150005
-0.035576
0.091200
0.055714
-0.056368
-0.071135
0.024497
0.065645
0.075718
-0.061238
-0.128840
-0.054825
0.075343
0.096948
0.011505
-0.042385
-0.036401
-0.018730
-0.010030
0.017540
0.053372
0.021382
-0.041411
-0.066369
-0.019561
0.038537
-0.022436
0.021004
0.085086
0.016097
-0.086876
-0.036634
0.037173
0.063407
-0.026792
-0.112621
-0.043709
0.035163
0.145210
0.088773
-0.057531
-0.155486
-0.063695
0.052043
0.074856
0.052655
-0.001242
-0.040853
-0.069971
-0.001221
0.045379
0.041458
-0.034569
-0.050833
0.020110
0.014288
-0.028126
-0.029676
0.014037
0.002380
-0.010519
0.029645
0.031388
-0.035754
-0.032960
0.020683
0.003742
-0.013278
0.021114
0.085311
-0.003289
-0.114717
-0.077635
0.065867
0.095198
-0.002237
-0.041524
-0.037904
-0.025858
-0.013131
0.067308
0.057108
-0.033340
-0.042903
0.018751
0.018871
-0.027696
0.015490
0.023548
-0.021691
-0.073425
0.011590
0.053201
-0.006426
-0.023053
-0.005193
0.070172
-0.022897
-0.033599
0.011619
0.047269
-0.016724
-0.055029
-0.026887
0.009090
0.078148
0.035208
-0.044219
-0.107511
-0.002471
0.066529
0.057590
-0.021370
-0.012557
-0.005530
0.023790
-0.042249
-0.068506
0.011119
0.012649
0.091229
0.033468
0.014271
-0.073870
-0.076518
0.015883
0.027804
0.010139
-0.044237
0.005750
0.070232
0.033458
-0.055363
-0.062841
0.010463
0.063339
0.010370
-0.032878
-0.080155
0.012379
0.077562
0.037604
-0.028781
-0.070100
0.032625
0.044417
-0.001264
-0.116709
-0.019528
0.077571
0.038280
0.029855
-0.044270
-0.027767
-0.020303
0.002829
0.002595
-0.025596
-0.007792
0.012707
0.025438
0.047992
-0.003655
-0.074897
0.002573
0.033660
-0.056693
-0.069542
0.081089
0.136715
-0.011035
-0.120454
-0.073849
-0.034146
0.007262
0.063358
0.074082
0.013895
-0.071608
-0.023324
0.019907
0.007501
-0.018166
-0.004285
0.011124
-0.048681
-0.007134
0.077471
0.054016
-0.010324
-0.073585
-0.046002
0.016914
0.041778
0.033520
-0.046065
0.002501
-0.009764
-0.012091
0.051956
-0.001785
-0.069798
-0.080705
0.043952
-0.020683
0.025358
0.032965
0.012727
0.092058
0.084858
0.053301
-0.094933
-0.137352
-0.131776
-0.000041
0.068457
0.046206
0.046572
0.066748
0.050367
-0.101613
-0.097595
0.034915
0.079534
0.022349
-0.082663
-0.021356
0.038689
0.031213
-0.029725
-0.027174
0.040977
-0.003610
0.000150
0.016902
0.028722
-0.054854
-0.035086
0.006405
0.015944
0.028104
0.019349
0.006706
-0.068955
-0.029011
0.017501
0.029933
-0.027671
-0.001540
0.009516
-0.071884
0.030943
0.048644
0.035003
0.027858
-0.008099
0.010102
-0.064184
-0.053261
0.027640
0.034598
-0.033289
-0.015125
0.031169
0.146779
-0.008832
-0.189176
0.014121
0.058228
0.087305
-0.030407
-0.093927
-0.084836
-0.035325
0.062628
0.092947
0.083605
0.010642
-0.027258
-0.076681
-0.112911
-0.053464
0.091531
0.128491
0.058101
-0.080977
-0.059227
-0.052087
0.011698
0.028859
-0.002285
0.007589
0.007716
0.038564
-0.002395
-0.035199
-0.098592
0.047178
0.048132
-0.024932
-0.014577
-0.026139
-0.014498
-0.016611
0.027083
0.048662
0.064944
-0.014642
-0.036231
0.028553
0.020187
-0.123111
-0.100332
0.042791
0.091287
0.041702
-0.026216
0.041398
0.044320
0.038769
-0.027489
-0.130720
-0.082625
0.044856
0.084991
0.025151
-0.067102
-0.003705
0.108638
0.054303
0.045934
-0.063380
-0.139346
-0.079114
0.013832
0.076206
0.026069
-0.026124
0.007617
-0.016791
0.087154
0.063077
-0.221644
-0.075714
0.048740
0.077669
0.110516
0.123539
-0.011126
-0.171444
-0.095891
0.004214
0.062939
-0.084693
-0.091185
0.146427
0.301744
0.079871
-0.213274
-0.260348
-0.071827
0.162894
0.187204
-0.027700
-0.180742
-0.026067
0.140800
0.124214
-0.075734
-0.131195
-0.029412
0.079782
0.071446
-0.015570
-0.061057
-0.052115
0.075742
0.073488
-0.023188
-0.081584
-0.029413
0.075003
0.040808
-0.030031
-0.043952
-0.023044
0.061220
0.056346
-0.048777
-0.090032
-0.024570
0.047005
0.111299
0.049883
-0.083557
-0.091818
0.005466
0.136110
0.062675
-0.094977
-0.157952
-0.041039
0.072922
0.193518
-0.036829
-0.158328
-0.019003
0.060417
0.168602
0.022265
-0.030455
-0.112907
-0.032127
0.076900
0.002447
-0.102299
-0.115789
0.039253
0.204229
0.068993
-0.094914
-0.096898
0.026392
0.075241
-0.054443
-0.056598
-0.024231
0.113290
0.054322
-0.052659
-0.075518
0.006387
0.081884
-0.038306
-0.077243
0.008419
0.078618
0.048923
-0.038851
-0.094081
0.027888
0.044475
0.023462
-0.003759
-0.050895
0.026503
-0.007287
-0.024868
0.000949
0.056899
0.044301
-0.007096
-0.085232
-0.035426
0.034979
0.058780
-0.030531
-0.084172
-0.064643
0.002529
0.221975
0.020949
-0.090952
-0.034265
0.070141
0.070611
-0.079568
-0.117142
-0.030655
0.083697
0.077866
0.052123
-0.003966
-0.012722
-0.053202
-0.047379
-0.042654
0.028436
0.117209
0.017993
-0.091848
-0.079152
0.050949
0.102452
0.018631
-0.069907
-0.051103
0.039993
0.060812
-0.004978
-0.056709
0.000621
0.060294
0.046278
-0.033923
-0.079323
-0.016315
0.062647
0.018611
-0.042000
-0.011483
0.027809
0.035180
0.003601
-0.037623
-0.039478
-0.005323
0.039878
0.022262
-0.034680
-0.009016
-0.020036
-0.023670
-0.030974
0.052276
-0.003806
0.008729
0.034761
-0.083293
0.028294
0.052286
0.074653
-0.056975
-0.071545
-0.037143
-0.050526
0.033143
0.001848
0.065363
0.081919
0.058206
-0.116918
-0.136847
-0.042639
0.086418
0.112689
-0.063073
0.054793
0.007996
0.001748
-0.031582
-0.098282
0.017968
0.040602
0.055268
0.002935
-0.015724
-0.043644
-0.040878
0.002794
0.063897
0.001835
-0.036224
0.006840
0.050403
0.034400
-0.059226
-0.028571
-0.000481
0.080332
0.029698
-0.075371
-0.059616
0.001793
0.098777
0.068107
-0.068283
-0.077977
0.004439
0.091417
0.074025
-0.084503
-0.098126
-0.014152
0.092300
0.087477
-0.062063
-0.142346
0.019706
0.108871
0.052116
-0.016992
-0.118829
-0.013403
0.086555
0.069498
-0.058991
-0.121232
-0.002086
0.110317
0.085696
-0.018441
-0.066801
-0.031547
0.010764
-0.013838
-0.071229
-0.039982
0.075772
0.111787
0.053068
-0.065865
-0.083780
-0.004116
0.005870
0.021212
0.012646
-0.040099
-0.040319
0.004485
0.058158
0.062356
-0.034787
-0.077612
0.042202
0.041858
0.011137
-0.068561
-0.031253
0.037268
0.036990
0.002504
-0.076286
-0.055431
0.013380
0.091780
0.050106
0.002655
-0.127748
-0.099085
-0.057969
0.038107
0.127686
0.056324
0.000107
0.042281
0.053881
0.035813
-0.032999
-0.177368
-0.017569
0.046977
0.061458
0.037426
0.070871
0.017777
-0.079560
0.002893
-0.038073
-0.004180
0.022479
0.028213
-0.031532
-0.030498
0.015550
0.004735
0.036198
0.000305
-0.033001
-0.001520
0.074588
-0.006472
-0.100245
-0.066643
0.011690
0.113907
0.085998
-0.018876
-0.106242
-0.068600
0.001722
0.047233
0.064002
0.033034
0.023711
-0.084220
-0.077216
-0.015108
0.044552
0.124575
0.065466
-0.094327
-0.186337
-0.022410
0.118441
0.070921
0.044343
-0.015835
-0.071105
0.053094
-0.028580
-0.081879
0.015090
0.062139
0.067507
-0.040593
-0.043807
-0.038140
-0.059043
-0.013066
0.125122
0.169848
0.070953
-0.207735
-0.300182
-0.019988
0.252992
0.282363
-0.021903
-0.178105
-0.177956
-0.094293
0.031102
0.147254
0.197029
0.057137
-0.172720
-0.223938
0.009184
0.185803
0.148003
-0.141948
-0.219801
0.019573
0.258697
0.160084
-0.152485
-0.277488
-0.112777
0.189257
0.230034
0.114657
-0.100700
-0.263250
-0.162134
0.063036
0.171299
0.204376
0.106280
-0.151432
-0.273885
-0.149404
0.095959
0.238468
0.136614
-0.036060
-0.161970
-0.156771
0.037159
0.072681
0.050704
0.023918
0.004364
0.034024
-0.014060
-0.106986
-0.156874
-0.034681
0.152978
0.244530
0.101238
-0.171786
-0.306124
-0.151713
0.153156
0.319349
0.142975
-0.171954
-0.313007
-0.107460
0.250860
0.277122
-0.037269
-0.283129
-0.148720
0.095547
0.216044
0.070200
-0.086311
-0.154670
-0.080702
0.107642
0.102604
0.054023
-0.066448
-0.121274
-0.072120
0.087179
0.193354
0.047301
-0.140098
-0.194811
-0.044603
0.166433
0.188192
-0.027145
-0.167957
-0.109762
0.034002
0.127309
0.064587
-0.050208
-0.072409
-0.005244
0.072042
0.071544
-0.023933
-0.125158
-0.100211
0.086952
0.145122
0.070386
-0.091933
-0.137260
0.049865
0.024658
0.016635
-0.006604
-0.087776
0.071908
0.116688
-0.043679
-0.086789
-0.073617
0.008358
0.153921
0.038503
-0.016956
-0.031153
-0.079757
0.009940
0.011276
-0.030603
0.006988
0.039992
0.060289
0.043423
-0.086210
-0.080185
-0.007099
0.022844
0.088593
0.055422
-0.050510
-0.069989
-0.055119
-0.011220
0.143201
0.126250
-0.060755
-0.156852
-0.123930
0.097072
0.187796
0.031004
-0.109357
-0.141317
0.010833
0.135072
0.122590
-0.002797
-0.162140
-0.127013
0.077404
0.203231
0.031221
-0.147704
-0.145834
0.057707
0.201822
0.074610
-0.136606
-0.220685
-0.065785
0.172559
0.297038
0.033714
-0.247954
-0.258742
0.035308
0.259560
0.217138
-0.143764
-0.272455
-0.133383
0.029666
0.368255
0.125716
-0.131264
-0.168442
-0.004647
0.102222
0.019968
-0.071367
-0.086859
0.025450
0.052793
0.105083
0.053187
-0.059800
-0.153274
-0.110509
0.072304
0.192051
0.061014
-0.089431
-0.137827
-0.008324
0.116975
0.074499
-0.037448
-0.093938
-0.052223
0.033899
0.072691
0.027265
-0.009540
-0.108285
-0.050821
0.071256
0.110744
0.001293
-0.135829
-0.110171
0.087191
0.173229
0.048304
-0.105781
-0.184613
-0.002011
0.106863
0.123443
0.016936
-0.134988
-0.108975
-0.017403
0.132954
0.144919
0.015304
-0.110695
-0.155016
-0.022611
0.140802
0.148710
-0.017174
-0.184561
-0.127188
0.066315
0.219264
0.137707
-0.136412
-0.272814
-0.090883
0.200905
0.246229
-0.033881
-0.256262
-0.144577
0.143612
0.238105
0.000180
-0.209592
-0.193885
0.134632
0.274460
0.054899
-0.169685
-0.166873
0.032620
0.110954
0.009683
-0.132271
-0.066875
0.096650
0.172930
0.052477
-0.084555
-0.111653
-0.070270
-0.017526
0.038393
0.091251
0.066885
-0.011942
-0.093652
-0.065633
0.030203
0.067570
0.019560
-0.058351
-0.024495
0.034034
0.019567
-0.019593
-0.034787
0.037546
0.020317
-0.063459
-0.071700
0.068572
0.146362
0.019742
-0.141110
-0.112000
0.054975
0.104606
0.024056
-0.071616
-0.011533
0.047023
0.011853
-0.044131
-0.019813
0.036756
0.029925
-0.013121
-0.018652
0.029729
-0.000991
-0.031495
-0.036666
0.028123
0.042962
-0.020258
-0.045624
-0.021547
0.038126
0.014901
-0.040050
-0.030610
0.031908
0.014506
-0.017687
-0.056976
0.004923
0.083453
-0.000547
-0.011017
-0.010334
0.026539
-0.033921
-0.098811
-0.040509
0.023071
0.105702
0.052730
0.002241
-0.001517
-0.001733
-0.077430
-0.105552
-0.010506
0.096193
0.089904
-0.014421
-0.072518
-0.025505
0.079567
0.015840
-0.067862
-0.084740
0.042243
0.115537
0.011158
-0.087700
-0.076415
0.043135
0.097816
0.028011
-0.070715
-0.060036
0.022899
0.067318
0.000644
-0.062466
-0.034065
0.046249
0.074744
0.011292
-0.096978
-0.052634
0.022588
0.081733
0.035294
-0.071094
-0.049531
0.004337
0.056612
0.016776
-0.003991
-0.034584
-0.014543
0.006375
-0.013778
-0.029240
0.032016
0.101481
0.054549
-0.065126
-0.141055
-0.069041
0.086591
0.166786
0.034621
-0.098561
-0.127050
-0.021387
0.069969
0.060925
0.025751
-0.003560
-0.026414
-0.033891
-0.040271
-0.035399
0.041351
0.075348
0.047833
-0.044546
-0.095021
-0.057813
0.039672
0.103275
0.063133
-0.041514
-0.096719
-0.053932
0.001708
0.067417
0.054386
-0.003467
-0.044348
-0.040094
-0.011534
0.022776
0.027927
0.015829
0.000900
-0.011463
-0.020881
-0.039461
-0.008643
0.029596
0.079420
0.028082
-0.045656
-0.058476
-0.041623
0.006433
0.036305
0.049996
0.016488
-0.019744
-0.041158
-0.036114
-0.018217
0.007288
0.031778
0.044032
0.021897
-0.033926
-0.054155
-0.036943
0.011866
0.053085
0.074320
0.019399
-0.073589
-0.123789
-0.086928
0.048133
0.116646
0.100297
-0.007454
-0.096561
-0.089077
-0.035149
0.041477
0.059783
0.048228
0.000999
-0.048089
-0.047302
-0.031347
-0.012107
0.021353
0.067623
0.054630
-0.010369
-0.075789
-0.089254
-0.016901
0.055187
0.091694
0.035610
-0.034667
-0.060727
-0.055522
-0.010802
0.041447
0.062234
0.030362
-0.015187
-0.050214
-0.045095
-0.028692
0.022776
0.057327
0.042487
0.003337
-0.034937
-0.042017
-0.037651
-0.008241
0.039657
0.062616
0.037448
-0.034661
-0.061445
-0.054227
-0.001075
0.051963
0.042462
0.012456
-0.038174
-0.027605
-0.021831
0.018713
0.026717
0.020934
0.001993
-0.012875
-0.019786
-0.037603
0.014819
0.016432
0.039275
0.017161
-0.010905
-0.042226
-0.038278
0.014732
0.014829
0.022682
0.014874
0.007191
-0.014483
-0.016626
-0.020264
0.005163
0.020519
0.006884
-0.005480
-0.009925
0.013786
0.006992
0.008687
-0.000636
-0.019462
-0.017084
