0.013686
0.003534
0.008807
-0.000299
-0.011733
-0.028579
-0.021946
0.024798
0.058589
0.032919
-0.013874
-0.030751
-0.023674
0.026239
0.013389
-0.004571
-0.023238
0.010291
0.033177
0.011762
-0.008717
-0.033088
0.010907
0.016839
0.013388
-0.021625
-0.018680
0.024510
-0.006282
0.001245
0.025084
0.007568
-0.015798
-0.006188
0.032309
0.045479
-0.012648
-0.031612
-0.020048
-0.031945
-0.018301
-0.018985
0.060664
0.075244
0.025373
0.000691
-0.051571
-0.062921
-0.050860
0.002006
0.050757
0.052266
0.017425
-0.028335
-0.007323
0.007549
-0.019979
-0.017962
-0.020697
0.015098
0.012117
0.031753
0.013476
-0.024363
-0.025797
-0.020874
0.021150
0.016540
-0.005694
-0.043522
-0.023076
0.024853
0.049174
0.021198
-0.032696
-0.078703
-0.013029
0.019353
0.037366
0.030897
-0.027036
-0.027698
-0.020689
0.013110
-0.012182
-0.024461
-0.021502
0.026072
0.038470
0.005980
-0.027760
-0.037031
-0.003934
0.007033
-0.001827
-0.003049
-0.010877
0.017009
-0.020193
-0.051210
-0.010359
0.029926
0.061241
-0.005137
-0.031246
-0.055483
-0.051672
0.003002
0.058836
0.024085
-0.021410
-0.060618
-0.008334
0.057977
0.036673
-0.007011
-0.070618
-0.051505
-0.009732
0.031655
0.016808
-0.003875
-0.033400
-0.018121
0.022205
0.032902
0.013497
-0.038555
-0.027364
0.014017
0.022265
0.013164
-0.045068
-0.049668
-0.049186
0.023338
0.087103
0.058360
-0.013850
-0.110847
-0.037961
0.045438
0.066920
-0.018356
-0.053401
-0.010397
0.037376
0.027694
-0.022144
-0.020793
-0.028981
0.002640
0.028342
0.043075
0.013985
-0.038070
-0.060747
0.001482
0.068695
0.031130
-0.032040
-0.062828
-0.024944
0.048901
0.072972
0.026661
-0.046143
-0.048688
0.012878
0.057171
0.043536
-0.051770
-0.049177
-0.015025
0.043195
0.051007
-0.007815
0.008171
-0.024405
0.024011
0.018450
-0.013518
0.014679
-0.015863
-0.008561
0.012420
0.020818
-0.003356
-0.007568
0.012288
0.031053
0.040512
0.009942
-0.030896
-0.046368
-0.025930
0.014728
0.034855
0.035903
0.033341
-0.039121
-0.006230
0.016907
0.018382
0.001482
-0.038031
-0.034459
0.010175
0.070883
0.029964
0.001472
-0.012274
-0.022841
-0.029402
-0.004049
0.009185
0.032016
0.007696
-0.007573
0.019580
0.014594
0.015233
-0.036672
-0.038917
0.030689
0.018763
-0.005726
-0.034137
0.005430
0.053706
0.012536
-0.025144
-0.067972
-0.041111
0.047037
0.069296
0.019903
-0.010495
-0.036649
-0.031899
-0.015175
0.016644
0.021222
-0.016842
-0.025141
-0.007980
0.048682
0.058340
-0.009372
-0.049894
-0.048288
0.007269
0.046447
0.014769
-0.015345
-0.060850
-0.017152
0.038522
0.058878
0.015611
-0.045342
-0.035012
-0.012298
0.034573
0.011374
-0.005672
-0.017052
-0.009521
-0.020772
0.001820
0.016358
0.038310
-0.004525
-0.050960
0.005858
0.000605
0.030959
-0.019141
-0.028649
0.028772
0.050437
0.001125
-0.038459
-0.038625
0.006594
0.028712
0.006939
0.003360
-0.023299
0.014251
0.029886
0.013298
-0.029874
-0.045983
-0.019694
0.042190
0.071978
0.011341
-0.042491
-0.045277
-0.003472
0.001553
0.024570
0.014355
-0.021550
-0.029560
0.006579
0.048237
0.008614
0.006542
-0.022179
-0.009273
0.017502
-0.034337
-0.038542
0.006685
0.038798
0.067134
0.040678
0.004872
-0.076768
-0.090059
-0.017187
0.031531
0.068509
-0.005887
0.003486
0.002257
-0.016498
-0.013870
0.009105
0.017659
-0.015050
-0.031036
-0.021656
-0.001123
-0.022654
0.009552
0.057278
0.066371
-0.009684
-0.078050
-0.085492
-0.029290
0.047825
0.064003
0.024329
-0.018815
-0.040142
-0.029884
-0.001096
0.012175
0.000619
0.006356
0.018598
-0.003828
-0.010703
-0.021394
-0.010257
-0.013784
-0.000165
0.004835
0.024297
0.015106
-0.026070
-0.028948
-0.020690
0.022966
0.020055
0.015688
-0.021799
-0.030429
-0.013948
-0.009578
0.020308
0.029854
0.037387
-0.025751
-0.059051
-0.024535
0.006840
0.036578
0.020135
0.012489
-0.029811
-0.044440
0.027726
0.037178
-0.015445
-0.031804
-0.007773
0.031045
0.033083
-0.048884
-0.058205
-0.021711
0.075545
0.085401
-0.003769
-0.031073
-0.051916
-0.028513
-0.034598
0.001537
0.031748
0.038243
0.026563
-0.023635
-0.024855
-0.012743
-0.011237
0.002450
0.000269
0.025436
0.007083
-0.009536
-0.004096
-0.032328
-0.028295
-0.001278
0.009043
0.019918
0.050934
0.015210
-0.042554
-0.072682
-0.011463
0.035377
0.035607
-0.001594
-0.013196
0.014190
0.007593
-0.005558
-0.032197
-0.018390
-0.021608
-0.022223
0.042579
0.055692
-0.012403
-0.063684
-0.039636
0.036041
0.081375
0.015319
-0.062178
-0.080929
-0.008241
0.072947
0.026599
-0.023800
-0.024450
-0.010148
0.028765
0.037307
-0.036594
-0.029159
0.002812
0.048559
0.029340
-0.047608
-0.043475
-0.034854
0.026897
0.066327
0.047911
-0.019159
-0.073555
-0.024826
0.013422
0.034747
0.005919
-0.011597
0.014932
0.001738
0.008017
-0.001817
-0.037061
-0.029835
0.015779
0.011871
0.027437
0.018958
-0.003485
-0.044761
-0.023991
0.018663
0.020937
0.040077
-0.035018
-0.048483
-0.024048
0.029665
0.046519
-0.011867
-0.037129
0.018092
0.049796
-0.004141
-0.051016
-0.041163
0.024421
0.025925
0.017519
-0.003747
-0.024500
0.007032
0.012135
-0.021692
-0.014708
-0.014100
0.013733
0.046354
0.030898
-0.005422
-0.068946
-0.046813
0.005645
0.041080
0.030517
-0.004799
-0.031208
-0.010953
0.019541
0.018841
-0.001334
-0.028396
-0.018999
0.008497
0.027409
0.013154
-0.024131
-0.025405
0.010272
0.015403
0.009984
-0.004396
-0.009990
-0.027078
0.006928
0.057690
0.037097
-0.020574
-0.079874
-0.043286
0.035701
0.064693
0.038745
-0.031483
-0.024442
-0.013181
-0.003071
0.002638
-0.023480
-0.001727
0.015804
0.041358
0.010179
-0.019045
-0.038342
-0.005414
0.012522
0.004699
0.008782
-0.005661
0.018586
0.005845
-0.008079
-0.038170
-0.029058
0.053629
0.097959
0.029306
-0.068845
-0.080289
-0.023242
0.022869
0.029627
0.019022
0.001271
-0.008403
-0.008883
-0.002794
-0.006699
0.008697
0.038456
-0.007676
-0.035812
-0.030027
0.010302
0.052197
0.010155
-0.025542
-0.037006
-0.012205
0.012711
0.036388
0.032973
-0.006586
-0.042065
-0.045394
0.026383
0.053487
0.014277
-0.043429
-0.040622
