0.010785
-0.007548
-0.021552
-0.016525
-0.005133
0.024961
0.003021
0.010275
-0.015315
-0.010676
0.027424
0.014417
-0.030786
-0.060633
-0.004587
0.073288
0.003371
-0.027797
-0.024533
0.012267
0.022930
-0.027714
0.011851
-0.004881
-0.007703
-0.029468
0.000726
0.010102
0.026771
-0.004281
-0.044941
0.027545
0.053347
0.001902
-0.080334
-0.056040
0.033803
0.036120
-0.013052
0.024661
0.016703
-0.006645
-0.028075
0.010572
0.001767
-0.028632
-0.007422
0.017304
0.006289
-0.029434
0.030496
0.023568
-0.006052
-0.015931
-0.001222
-0.009937
-0.031271
0.002074
0.031975
0.015005
0.013687
0.002932
-0.002991
-0.030453
-0.040268
0.030595
0.027892
0.016986
-0.018705
-0.021434
0.017124
-0.004595
0.011318
-0.004962
0.002194
0.024466
-0.021808
-0.008454
-0.005912
0.019493
-0.009391
0.002739
0.025453
0.014179
-0.020457
-0.029650
0.037267
0.027237
-0.042940
-0.058739
0.051058
0.000410
0.075930
-0.013615
-0.040689
0.030658
0.001346
0.028796
-0.054275
0.004403
-0.003907
-0.005424
-0.000816
0.043450
0.034485
0.041711
-0.032694
-0.051191
0.008178
-0.001057
-0.001890
-0.001132
0.034962
0.022526
0.001559
-0.028788
-0.009830
0.023406
0.039574
-0.012216
-0.020025
-0.082664
0.062347
-0.057363
0.031302
0.123317
-0.050487
0.047411
-0.002219
0.081377
-0.055059
-0.089653
-0.057568
-0.019315
0.045514
0.034934
0.063672
0.089730
0.044252
-0.092863
-0.113631
-0.065034
0.038814
0.072750
0.057045
-0.001801
-0.013011
-0.010757
-0.010359
-0.035545
0.005304
0.044369
0.032055
-0.014936
-0.087559
-0.002559
0.025285
0.039110
0.036823
-0.004874
-0.004344
-0.043015
-0.011254
-0.013603
-0.003270
-0.014159
0.048677
0.084055
-0.009722
-0.095189
-0.111712
0.046703
0.065652
0.071438
0.003706
-0.018874
-0.035096
-0.016812
0.007124
-0.026184
0.009126
-0.018704
0.031858
0.021598
-0.000355
-0.029460
0.001747
0.006804
0.009615
-0.016145
-0.002436
-0.003461
-0.023698
0.021303
0.037262
0.031115
-0.045008
-0.016715
-0.015233
-0.003322
0.006121
0.004047
-0.031862
-0.003454
-0.003275
0.044115
0.062956
0.005029
0.029947
-0.016106
-0.011987
-0.099500
-0.088162
-0.008971
0.090515
0.139722
0.074043
-0.006757
-0.113880
-0.105542
-0.044332
0.027486
0.045702
0.086541
0.020844
-0.025687
-0.035622
-0.014561
0.013562
-0.026018
0.052024
0.033939
-0.007425
-0.079626
-0.110068
0.021172
0.095846
0.066110
0.050964
-0.052565
-0.053646
-0.075103
-0.035426
0.007613
-0.001014
0.101146
-0.021478
0.059212
-0.017443
-0.037180
-0.028554
0.000340
0.108323
-0.041907
-0.057863
-0.116284
-0.007838
0.031698
0.044331
0.067311
0.055427
-0.001062
-0.113124
-0.064651
-0.050403
0.035000
0.020169
0.056754
0.045522
-0.035119
-0.049871
-0.087011
-0.010360
0.056268
0.078077
0.006952
-0.034839
-0.061225
-0.040786
-0.027375
0.030633
0.064377
-0.011075
-0.016126
-0.040741
-0.028547
-0.008544
-0.002514
0.012189
0.038320
0.015742
-0.009356
-0.058372
-0.036098
0.029777
0.062341
0.064516
-0.038017
-0.091262
-0.051564
-0.006191
0.014820
0.044912
0.073620
0.044936
-0.038801
-0.074381
-0.066440
-0.025917
0.021847
0.011739
0.043464
0.049886
-0.019700
-0.042637
-0.028045
0.047760
0.034224
-0.008678
-0.058099
-0.032967
0.016972
0.018378
0.017357
0.051590
0.060692
-0.044562
-0.037438
-0.062799
-0.018438
0.004925
0.052194
0.057135
0.002881
0.011809
-0.083430
-0.011543
-0.008186
-0.041455
0.027624
0.024997
0.051821
-0.003341
0.058357
0.021265
-0.026225
-0.007758
-0.054055
-0.055400
-0.127053
0.031039
0.042034
0.126349
0.110308
-0.000298
-0.011605
-0.114775
-0.042189
-0.089242
0.021658
0.044431
0.049545
0.023785
-0.053446
0.039466
-0.011808
0.040148
-0.039722
-0.055680
0.004067
0.000707
0.050264
-0.019951
-0.011754
0.031251
0.020440
-0.048635
-0.047308
-0.004788
0.073818
0.020988
-0.024779
-0.039722
-0.042630
-0.018463
-0.007961
0.116143
-0.005326
0.008732
-0.067140
-0.046326
0.007842
0.035523
0.007425
-0.090814
0.040503
0.011844
0.043970
-0.057517
0.017776
0.005405
-0.025383
0.008049
-0.096379
-0.034256
0.023725
0.087052
0.132870
0.115870
0.016824
-0.235117
-0.262161
-0.086805
0.004734
0.136058
0.096908
0.123279
0.108905
0.086957
-0.081753
-0.192927
-0.172452
-0.061180
0.086210
0.030374
0.083193
0.118029
0.162839
-0.021949
-0.219688
-0.136847
-0.027561
0.009111
0.066806
0.018312
0.003302
0.104859
0.141872
0.058548
-0.165279
-0.310510
-0.070951
0.124808
0.116755
0.043776
0.102211
0.144296
-0.014350
-0.227327
-0.341862
0.016063
0.159572
0.139967
0.150609
0.202253
0.037161
-0.273500
-0.280206
-0.130278
0.097779
0.186662
0.110285
0.098930
0.123019
-0.086822
-0.270497
-0.213996
0.053747
0.204963
0.216224
-0.002094
-0.195353
-0.064493
0.011956
0.002698
0.043096
0.082639
0.080329
-0.013892
-0.130963
-0.068247
-0.046944
0.112760
0.038635
0.048292
-0.007644
-0.063802
-0.045638
-0.047906
0.160611
-0.004671
0.026471
-0.024966
0.050782
-0.140981
-0.085900
0.015716
0.038874
0.188448
0.041471
0.061242
-0.110568
-0.100984
-0.160997
0.060939
0.127324
0.100339
0.003216
-0.030824
0.023023
-0.082745
0.013436
-0.069419
0.032819
0.077617
0.025434
0.011507
-0.076195
-0.064039
0.040533
0.055115
0.048339
0.029569
0.028809
-0.122933
-0.104867
0.082876
0.087550
0.017662
-0.022790
-0.004224
0.049706
0.017838
-0.067534
-0.054731
0.005411
0.090467
0.037785
0.060169
-0.096832
-0.079536
-0.073257
0.018981
0.157399
0.013041
0.054331
-0.037854
0.000752
-0.134514
-0.077027
0.088144
0.007826
0.057660
-0.022142
0.056186
0.102031
-0.031416
-0.091573
-0.112232
0.003360
0.072995
0.015034
-0.031298
0.019333
0.108477
0.011086
-0.059808
-0.097629
-0.015629
0.079157
-0.013334
-0.065143
0.019861
0.056952
0.046095
-0.027248
-0.063790
-0.021768
-0.007100
0.096181
0.005187
-0.016491
-0.021035
-0.044806
0.000376
0.032595
0.037240
-0.083897
-0.005068
0.080866
0.038154
-0.023644
-0.089333
0.023633
0.023823
0.014989
-0.043219
-0.033964
0.035200
-0.036761
0.009210
-0.073595
0.064476
0.053680
-0.031182
0.055005
0.035195
0.002007
-0.095998
-0.093395
-0.021322
0.037296
0.006637
-0.001763
0.074735
0.092598
0.006268
-0.109691
-0.098790
0.006190
0.090651
0.023498
0.005391
-0.026149
-0.081640
0.014018
0.017265
0.046414
0.003223
0.047176
0.015818
-0.059881
-0.059962
-0.049677
0.025796
0.037645
0.041726
0.021472
0.046316
-0.020121
-0.082233
-0.039750
0.010144
0.014876
0.073407
0.009838
-0.052950
-0.037882
-0.032334
0.031859
0.029026
0.055094
-0.021174
-0.027637
-0.018450
-0.059593
0.030991
0.000211
0.034151
0.048326
-0.001820
0.006268
-0.071349
-0.016012
-0.013131
-0.017263
0.040411
0.001265
0.020569
0.031105
-0.019781
-0.043349
-0.061734
0.005715
0.073043
0.037972
-0.036722
-0.086116
0.069596
0.034452
-0.046285
-0.059723
-0.030346
0.051199
0.016220
0.017273
-0.058812
-0.013827
-0.006539
0.013527
0.000792
-0.031541
0.065210
0.008379
-0.067290
-0.091707
-0.010129
0.075828
0.068650
-0.017294
-0.022763
-0.012312
0.001320
-0.020973
-0.097371
0.003661
0.022825
0.033122
0.017733
-0.002847
0.031514
-0.025832
-0.024679
-0.047482
-0.043086
0.051250
0.043064
0.020067
0.012553
-0.039950
-0.049249
-0.015758
-0.015674
-0.036185
0.052412
0.055556
0.015039
-0.039762
-0.063278
0.040062
-0.002065
0.027798
0.033237
-0.028864
-0.023075
-0.066936
0.014253
0.017874
0.021755
0.032684
-0.028498
0.053221
-0.025957
-0.090097
-0.011034
0.044162
0.029704
0.005332
0.025197
-0.028462
-0.021192
0.017748
-0.015093
0.003176
0.003254
-0.014237
0.032930
0.005974
0.033266
-0.072717
-0.009904
0.030116
0.014213
0.044716
-0.062282
0.044626
-0.019973
0.023099
-0.032303
-0.041200
0.006230
0.013393
0.079598
0.026711
-0.079564
-0.100473
-0.001574
-0.001277
0.101941
0.013708
-0.017835
-0.015152
0.037481
-0.013297
-0.052159
-0.055604
0.000486
0.050681
0.030057
-0.005467
-0.048409
0.093216
-0.026706
-0.021040
-0.076966
0.032697
0.010453
-0.007331
0.000218
-0.093093
0.080300
0.085804
0.006918
-0.073424
-0.027619
-0.008134
0.022812
-0.018303
-0.045506
-0.004151
0.075515
0.071127
-0.043197
-0.086107
-0.040886
0.017349
0.106462
0.051047
-0.098693
-0.063134
0.003780
0.080536
-0.001831
-0.016188
-0.005984
-0.017752
0.052444
0.019021
-0.059871
-0.078049
-0.014486
0.047003
0.085103
0.046660
-0.049345
-0.071495
0.025806
0.084661
-0.033767
-0.087291
-0.043215
0.025274
0.095008
0.033181
0.005185
-0.027788
-0.027974
-0.038898
-0.046665
-0.012610
0.053075
0.071070
0.035191
0.057286
-0.030320
-0.057017
-0.062394
-0.003648
0.040176
0.017440
0.054254
-0.018399
-0.016758
0.018524
-0.006745
-0.006719
-0.005152
0.051195
0.055516
0.042377
-0.027999
-0.077213
-0.087943
0.013284
0.082887
-0.003569
0.022066
-0.008180
0.006774
0.036067
-0.032520
-0.126072
0.024337
0.111765
0.019104
0.016944
0.022814
0.039875
0.003955
-0.146440
-0.163105
0.075953
0.111611
0.028073
-0.017953
0.036525
0.007462
-0.061738
-0.032360
0.063490
0.097049
0.018456
-0.018969
-0.056659
-0.054523
-0.146854
-0.044355
0.107976
0.145722
0.084716
-0.033569
-0.085214
-0.028217
-0.002479
-0.068429
0.032697
-0.005179
0.016329
0.058197
0.027301
0.002955
-0.051927
-0.010327
-0.005289
0.015283
-0.005306
0.034067
-0.023360
-0.029837
0.049764
0.031214
0.042050
-0.109798
-0.174028
-0.023283
0.129541
0.083018
0.048623
-0.058673
-0.057563
0.116217
0.078137
0.037733
-0.115224
-0.136246
-0.061398
-0.006664
0.052917
0.006649
0.083895
0.124053
0.103854
-0.022627
-0.209583
-0.182581
-0.004740
0.122281
0.115691
0.092925
-0.026071
-0.027302
-0.013131
-0.050492
-0.038576
-0.014116
0.007944
0.007076
0.052027
-0.042129
0.005085
0.015630
0.038656
0.020890
-0.053425
-0.017837
-0.036757
0.071785
0.020446
-0.046076
-0.048396
0.042525
0.067285
-0.015547
-0.063397
-0.102651
0.028778
0.113350
0.077353
-0.084152
-0.053066
-0.008466
0.006846
0.064084
0.002391
-0.037817
-0.044460
0.023429
0.029213
0.042497
0.009311
-0.033694
-0.047577
-0.000261
0.057925
-0.007740
-0.016336
-0.054151
0.000616
0.072318
0.045880
0.007907
-0.086278
-0.066348
0.040344
0.086426
0.014877
-0.040941
-0.061155
0.032296
0.069777
-0.013479
-0.096485
-0.036256
0.018435
0.066693
0.077466
-0.067239
0.007416
-0.063145
-0.021204
0.022454
0.047970
0.056799
-0.058948
-0.030204
-0.019614
0.024592
-0.020742
-0.008471
0.037182
0.062775
-0.010203
-0.031291
-0.057102
-0.007025
0.026309
-0.024199
0.048727
0.006423
0.022738
-0.054149
-0.042527
0.007035
0.001929
0.086185
-0.006582
-0.077309
-0.005160
0.045564
0.034729
-0.036342
-0.026506
-0.004503
0.019255
0.046287
-0.067643
-0.028840
-0.037546
-0.059137
0.059069
-0.007670
-0.020702
0.026612
-0.025690
0.023569
0.152465
0.117985
-0.085445
-0.199521
-0.077062
-0.005890
-0.005717
-0.024656
-0.036342
0.197374
0.208255
-0.063499
-0.186142
-0.074381
0.024381
-0.031552
-0.017519
0.039827
0.058177
0.015051
-0.066829
-0.026074
0.120551
0.041856
-0.086648
-0.096026
-0.020178
0.052531
0.037836
0.022126
0.032838
-0.040986
-0.089058
-0.000305
0.053294
0.061074
-0.071107
-0.031474
0.011590
0.076294
0.029304
-0.134604
-0.071166
0.006386
0.129710
0.090570
-0.053875
-0.101414
-0.019112
0.025137
0.035184
0.000517
-0.010629
0.045562
0.003112
-0.050248
-0.027518
0.040015
0.092417
0.011070
-0.074570
-0.029097
0.006470
0.059031
-0.040957
-0.103751
0.015596
0.031158
-0.031939
-0.058211
-0.002517
0.098423
0.126752
0.161360
0.045216
-0.112623
-0.140500
-0.220366
-0.113685
-0.006487
0.061108
0.214133
0.266323
0.137271
-0.145206
-0.231111
-0.162036
-0.105907
0.091477
0.203548
0.081064
-0.012192
-0.073862
-0.060053
0.047265
0.011548
-0.008556
0.013531
0.044990
-0.047621
-0.109651
0.005116
0.069331
0.125742
0.014907
-0.085600
-0.083894
0.003621
0.040392
-0.009252
-0.013262
-0.034926
0.060119
0.077939
-0.036597
-0.096189
-0.126954
0.057079
0.182944
0.067579
-0.056116
-0.149145
-0.040352
0.079763
0.056112
0.012371
-0.038274
0.027232
0.028110
-0.038628
-0.004074
-0.079073
-0.013153
0.014568
-0.034939
-0.068545
-0.050235
0.082414
0.101932
0.144780
0.158572
0.110788
-0.098998
-0.342781
-0.333119
-0.091032
0.131936
0.181338
0.154687
0.273534
0.200067
-0.180919
-0.392674
-0.303261
0.035751
0.203756
0.172711
0.025882
-0.065060
0.039789
-0.043891
-0.004095
0.048611
-0.023085
-0.020193
-0.071844
-0.026174
-0.032336
0.068803
0.084787
0.023164
0.032929
-0.076981
-0.068102
0.003295
0.027743
-0.017696
0.003903
0.010897
0.028902
0.012682
-0.032244
-0.095771
-0.018266
0.136089
0.002560
-0.012140
-0.044079
-0.030341
0.036608
0.042546
0.057666
-0.038820
-0.030741
-0.065510
-0.066717
0.070989
0.071658
0.122175
0.026785
-0.144938
-0.128595
-0.061311
0.091726
0.096244
0.008504
-0.001096
-0.006801
-0.036408
0.025731
-0.043821
0.006374
0.023655
-0.055124
0.060393
0.007486
0.003826
-0.008452
-0.036054
0.029798
-0.002211
0.023839
0.033630
-0.061479
-0.019899
-0.039568
0.032317
0.069610
-0.037072
-0.012097
-0.033564
0.022932
0.066043
-0.001024
-0.009428
-0.059302
-0.086739
0.024079
0.069578
0.059341
-0.031428
-0.087254
0.048027
0.065174
0.023793
-0.022563
-0.116165
-0.014179
0.057947
0.045603
-0.005669
-0.092457
0.031039
0.039835
0.009410
0.039797
-0.070403
-0.079613
0.010901
0.064090
0.089528
0.028913
-0.121180
-0.098807
0.027184
0.071033
0.025372
-0.038642
-0.014226
0.005264
0.029938
0.039117
-0.021532
-0.020909
-0.001278
0.015222
-0.027913
-0.064025
0.017602
0.003551
0.061142
0.023636
-0.035222
0.012550
-0.008405
-0.041983
-0.059351
0.025859
0.052167
-0.017086
-0.069720
0.070698
0.085438
0.035952
-0.050299
-0.106747
-0.053848
0.012137
0.087831
0.027485
0.063897
-0.059394
-0.060992
0.007043
0.019520
0.050091
-0.034110
-0.054874
-0.001457
0.083283
0.048144
-0.011534
-0.074072
-0.025670
0.051664
0.011865
-0.040549
-0.025071
-0.002945
0.043229
0.098964
-0.017195
-0.070636
-0.064110
-0.051204
0.105800
0.085451
-0.054847
-0.092020
-0.052625
0.029777
0.050864
0.091141
-0.015625
-0.043852
0.055568
-0.023677
-0.088706
-0.090089
0.071208
0.168745
0.031651
-0.093230
-0.102452
-0.015410
0.034147
0.041061
-0.001945
0.077282
0.041485
-0.102691
-0.015626
0.052402
0.035307
-0.067878
-0.019654
-0.015019
-0.011286
0.073964
-0.013925
0.046666
0.043922
-0.037457
-0.031240
-0.063947
-0.081001
-0.017839
0.088784
0.068555
0.020991
0.007546
-0.071859
-0.032552
0.033864
0.014535
-0.047942
-0.001616
0.061671
0.017189
-0.033752
-0.131885
-0.015079
0.170881
0.077602
-0.060696
-0.026082
-0.017587
-0.013425
-0.030781
-0.056945
-0.002429
0.096968
0.019005
-0.059880
0.016084
0.025438
0.033218
-0.034103
-0.025111
0.020210
0.016280
-0.043318
-0.092433
0.001788
0.122805
0.077137
0.000239
-0.032009
-0.044919
0.000460
-0.068818
-0.067364
0.009044
0.078954
0.080823
-0.016166
0.008457
-0.035927
-0.081767
0.005187
0.048788
0.044791
-0.015452
-0.068871
-0.061533
0.032577
0.050879
0.014371
-0.011982
0.039070
0.032970
-0.060496
0.000047
-0.056638
-0.022781
0.088942
0.031885
0.007061
-0.018099
-0.037979
-0.006924
0.000525
0.031535
-0.025707
-0.080699
-0.017883
0.023888
0.048705
0.006845
0.032321
0.038682
-0.024242
0.011990
0.001729
-0.083683
-0.069684
0.004273
0.049494
0.064297
-0.013312
-0.031975
0.040764
0.047026
0.001367
-0.074717
-0.033099
0.004496
0.042949
0.014206
-0.058097
0.005503
0.056255
0.036263
-0.075566
-0.030655
0.035603
0.022604
-0.031082
-0.049170
0.001441
0.041666
0.058823
-0.014456
-0.047911
0.015081
0.063889
0.013716
-0.015341
-0.062320
-0.058190
0.019636
0.034945
0.000163
-0.039291
0.055621
0.066831
-0.053755
-0.068731
-0.069685
0.038324
0.129148
0.071235
-0.055262
-0.142581
-0.029496
0.008359
0.049999
0.070749
-0.008846
0.043389
0.003534
-0.054729
-0.063438
-0.065664
-0.017176
0.065796
0.095039
0.015355
-0.055663
-0.066477
-0.000030
0.043329
0.009926
-0.079914
0.001399
0.054072
-0.005867
0.010960
-0.015920
-0.004259
0.022165
-0.035268
-0.044780
0.033267
0.011153
0.001454
0.040269
0.073778
0.004703
-0.145397
-0.098459
-0.027813
0.077038
0.112598
-0.000034
0.017927
-0.023757
-0.071208
-0.054473
-0.066307
0.024409
0.083987
0.053604
-0.014635
0.004002
-0.001932
-0.047694
-0.049736
-0.056306
0.104740
0.072661
0.007342
-0.081158
-0.089558
0.094454
0.051505
-0.008491
-0.118311
0.019001
0.105515
0.019411
0.000485
-0.069753
-0.032827
-0.034588
0.028491
0.040884
0.076067
0.024646
-0.046496
0.022767
-0.033524
-0.065950
-0.157737
-0.010278
0.094395
0.067302
0.078811
-0.017469
0.030376
0.020548
0.026480
-0.017223
-0.071449
-0.009442
-0.009888
-0.075568
-0.089618
-0.007105
0.067627
0.151281
0.139321
-0.043346
-0.101984
-0.071612
0.027274
0.027935
-0.109389
-0.050120
0.024239
0.154899
0.050968
-0.056634
-0.011112
0.054853
0.072586
-0.154395
-0.162399
-0.023165
0.067377
0.133109
0.091602
0.030261
-0.049801
-0.118101
-0.043418
0.019515
0.123055
-0.003151
-0.122818
0.017398
0.050957
0.031123
-0.039076
-0.025585
0.010666
0.017653
0.068979
0.006903
-0.082978
-0.029211
-0.075957
0.034024
0.131911
0.063573
0.005197
-0.132113
-0.050835
-0.031507
0.100124
0.070871
-0.091691
-0.066198
-0.050620
0.073344
0.048989
0.037375
-0.027813
-0.046283
0.055897
0.030069
-0.061162
-0.102297
-0.047630
0.071663
0.168057
0.005106
-0.083456
0.000263
-0.039796
-0.018485
0.038471
0.064034
-0.039989
-0.067904
-0.025300
0.046161
0.138335
-0.042454
-0.118391
-0.009102
0.041045
-0.037943
0.005783
-0.094068
-0.007462
0.175519
0.029757
-0.000222
-0.033750
0.016231
-0.065565
-0.065649
-0.047217
-0.048096
0.089391
0.082797
0.047462
0.006502
-0.023411
-0.073336
-0.037573
-0.064510
0.011714
0.141534
0.045816
0.012649
-0.121741
-0.045160
0.072124
-0.020955
0.025465
-0.050098
0.048552
0.085927
-0.040817
-0.065031
-0.065317
0.088653
0.069969
-0.031743
-0.076736
0.009328
0.085580
0.019677
0.002642
-0.054489
-0.041229
-0.035418
0.019612
-0.035312
-0.082822
0.094530
0.070968
0.130554
0.064069
-0.157205
-0.112539
-0.053082
0.067515
0.125663
-0.032575
-0.101289
0.027774
0.166187
0.136570
-0.109151
-0.193865
-0.062186
0.074208
0.103503
-0.059510
-0.048514
0.082488
0.104321
0.021708
-0.109886
-0.111441
-0.005153
0.048099
0.037349
0.036779
-0.014959
-0.001092
0.049203
0.015437
-0.046000
-0.121422
-0.026788
0.111569
0.093177
-0.009933
-0.068155
-0.033403
0.069401
0.051385
-0.098652
-0.116895
-0.016599
0.131359
0.135216
0.024310
-0.123128
-0.148124
0.016245
0.095993
0.047847
-0.027500
-0.056390
0.009858
0.069335
0.058490
-0.050468
-0.138702
-0.032146
0.093869
0.138890
-0.004179
-0.074775
-0.023526
0.019357
-0.001235
-0.047039
-0.024238
0.007047
0.056034
-0.018749
0.027424
0.035516
-0.002199
-0.032829
-0.087140
0.038377
0.086623
0.046211
-0.045932
-0.101480
-0.019684
0.031675
0.017711
0.000906
-0.001316
0.004386
-0.005525
0.009128
-0.042348
-0.054036
0.011209
0.067894
0.086133
-0.015261
-0.086490
-0.114927
-0.006036
0.096342
0.062281
0.028206
-0.049489
-0.043028
-0.052744
-0.021414
0.058370
0.018934
0.030140
0.058849
0.013209
-0.073390
-0.109672
-0.073668
0.050846
0.088285
0.084444
0.022791
-0.052902
-0.052882
-0.045893
0.032362
-0.024031
0.006196
0.015297
0.056130
0.032979
-0.054374
-0.047169
-0.064232
0.055206
0.020368
0.013719
-0.052504
-0.039563
0.008655
0.054619
0.073327
-0.072921
-0.026744
-0.003314
0.047847
0.008273
-0.054759
-0.071545
0.020535
0.070460
0.072836
0.018726
-0.108821
-0.058647
-0.031453
0.078570
0.049125
0.032554
0.019907
-0.052822
-0.039720
-0.049889
0.013168
0.032826
0.033994
0.018841
-0.011565
-0.012899
-0.015750
-0.076303
-0.020324
0.079354
0.077016
0.060683
-0.091216
-0.111380
-0.021106
0.062314
0.033691
-0.028458
0.032572
0.022100
-0.007785
-0.081723
-0.014042
0.044005
0.046540
-0.009094
-0.078150
-0.002561
-0.002158
0.009036
0.008388
0.009674
0.018834
-0.009500
-0.019579
-0.035349
0.005558
0.007485
0.023505
0.030677
-0.006290
-0.023897
-0.043414
0.001909
-0.027931
0.019667
0.049077
0.037632
0.006520
-0.046993
-0.079198
-0.028823
0.050393
0.013460
0.031860
-0.002224
0.012723
0.014071
-0.038131
-0.033139
-0.031096
-0.010659
0.053669
-0.004453
-0.012179
0.032912
0.027162
-0.036785
-0.107736
0.006186
0.058964
0.051680
-0.000470
-0.092629
-0.019292
0.056764
0.059223
0.000807
-0.085027
0.056084
0.010686
-0.014078
-0.033010
-0.071801
0.043722
0.010384
0.081357
0.028371
-0.033116
-0.038405
-0.030032
0.043503
0.011178
-0.039764
-0.068900
0.016921
0.093297
0.029525
-0.035691
-0.028310
0.046404
0.035860
-0.041198
-0.079932
-0.045734
0.089376
0.110338
0.007226
-0.000214
-0.038886
-0.078341
-0.027065
0.023545
0.054416
-0.006354
0.017608
0.048036
0.019853
-0.035390
-0.128172
-0.058642
0.078851
0.127704
0.050686
-0.080636
-0.055623
-0.015079
-0.015394
0.016461
0.009481
0.017732
0.016621
0.012595
-0.018846
-0.048070
-0.017483
0.002114
0.057265
0.072072
-0.017203
-0.106926
-0.054344
0.021026
0.057879
0.091384
-0.058913
-0.051465
0.041045
0.061591
-0.030590
-0.124906
-0.034360
0.065958
0.118743
0.025681
-0.027848
-0.050658
-0.009434
-0.022523
0.013398
0.024528
-0.007803
0.031892
0.008692
0.013763
-0.055212
-0.043213
-0.005946
0.034684
0.051695
0.001972
-0.059408
-0.047138
-0.002920
0.015072
0.017561
0.039862
0.146815
0.071163
-0.070426
-0.093013
-0.101815
-0.018859
-0.004662
0.002173
0.103131
0.091149
0.015540
-0.088513
-0.050679
-0.013292
0.002880
-0.015992
0.011206
0.086318
0.023816
-0.027999
-0.098096
-0.005942
0.053357
0.018925
-0.006982
0.018866
0.019620
0.000780
-0.022259
-0.067583
0.003657
0.023658
0.032891
0.014617
0.003002
-0.028247
0.000109
0.010009
-0.010767
-0.001753
-0.026932
-0.011220
-0.031017
0.006710
0.059555
0.032667
0.015646
-0.044121
-0.066382
-0.009565
0.029071
-0.009637
-0.069718
0.015705
0.078591
0.054411
-0.030578
-0.064703
-0.020141
0.070475
0.004289
-0.068287
-0.001207
0.019844
0.023668
-0.019623
0.023940
-0.043125
0.002574
0.040312
-0.015236
0.014380
-0.017277
-0.010730
-0.030469
0.046865
0.055281
-0.041382
-0.043283
0.004486
0.013869
0.006815
-0.000733
-0.007006
0.023901
-0.030956
0.003345
0.010310
-0.004653
-0.014496
-0.027721
0.094228
-0.025117
-0.012889
-0.005530
-0.012367
0.017794
-0.045929
0.019798
0.002796
0.022780
-0.019535
-0.001433
0.038086
-0.000671
-0.081615
-0.082013
0.038301
0.071931
0.062294
-0.005768
-0.052363
0.056997
-0.011088
-0.075339
-0.039324
-0.010675
0.033114
-0.000100
0.074900
0.013966
-0.031998
-0.005553
-0.030025
-0.045767
-0.009272
0.024483
0.048524
-0.014348
0.003494
0.023967
-0.019083
0.026210
-0.017168
0.010526
-0.046035
-0.060118
0.025028
0.026691
-0.006718
0.041236
0.028678
0.007954
-0.012438
-0.026957
-0.006227
-0.054900
0.038959
0.043090
-0.008374
-0.052663
-0.019632
0.057708
-0.002755
-0.034832
-0.005654
0.052021
-0.008693
-0.075561
-0.018975
0.014443
0.015557
0.011926
0.006889
0.019031
0.034811
-0.008725
-0.045871
-0.035683
-0.015171
-0.002665
0.020762
0.027536
0.001881
0.023270
-0.031075
-0.021095
0.038041
0.035167
0.000547
-0.042465
-0.010391
-0.034608
0.027608
0.056883
-0.032007
-0.045534
-0.001675
0.014673
0.035558
0.014823
-0.052251
-0.023080
0.009381
0.048390
0.035960
-0.005845
-0.026132
-0.059619
-0.013630
0.055336
0.019565
-0.019528
-0.060769
-0.018557
0.020101
0.008579
0.022369
-0.019789
0.024416
0.003431
-0.001572
0.011233
-0.043529
-0.048041
-0.023237
0.025788
0.058728
0.036507
-0.022957
-0.043615
-0.040546
0.043474
0.010837
-0.027037
0.011416
-0.000283
0.029674
0.022958
-0.017528
-0.052971
-0.009472
0.032220
-0.007250
-0.003181
0.045612
0.014833
-0.000436
-0.050893
-0.046361
0.007816
0.016513
0.041410
-0.006335
0.009743
-0.003972
0.004514
0.009782
-0.029376
-0.014139
0.039104
0.060971
-0.045755
-0.027668
-0.022553
-0.003806
0.021010
-0.003827
0.019362
0.002437
-0.017345
-0.043488
0.002767
0.017051
0.045603
0.035996
-0.005145
-0.037447
-0.056151
-0.042898
-0.021964
0.052531
0.039897
0.056561
0.014751
-0.077183
-0.034681
-0.011644
-0.008570
0.028264
0.042082
0.027289
-0.021960
-0.035529
0.003155
-0.016054
-0.010580
0.025119
0.005886
0.032094
-0.016848
-0.071784
-0.020420
0.027944
0.088284
-0.017771
-0.044725
0.015482
0.002424
0.003062
-0.017653
-0.026877
-0.011831
0.043854
-0.004378
-0.009691
-0.001547
0.018787
-0.000705
0.011121
-0.001754
-0.054626
-0.001303
0.051918
0.023670
-0.041056
0.007108
-0.054220
-0.001783
0.050824
0.036194
-0.040833
-0.019004
0.048369
-0.031513
-0.048132
-0.009492
0.055941
0.092094
0.035488
-0.122448
-0.083102
-0.005412
0.072440
0.119251
0.037231
-0.090323
-0.075899
-0.011135
0.019775
0.097930
-0.002588
-0.045470
-0.006617
-0.010374
0.029392
-0.065951
-0.055314
0.067838
0.087363
0.059030
0.020581
-0.054041
-0.169320
-0.102302
0.035931
0.188805
0.076077
-0.061726
0.003111
0.062540
0.008270
-0.207026
-0.151193
0.061226
0.251483
0.171850
-0.129097
-0.176752
-0.071832
0.083955
0.075077
-0.011988
-0.010405
0.019669
0.011642
-0.039128
-0.030095
-0.015377
0.007961
0.010664
0.079107
0.039069
0.009205
-0.058528
-0.155570
-0.040657
0.150830
0.176889
-0.023924
-0.097060
-0.113065
-0.035895
0.071890
0.053537
0.011359
-0.014147
-0.042071
0.003662
0.092766
-0.050558
-0.114536
0.001543
0.105613
0.101760
-0.052783
-0.087273
-0.028418
0.037749
-0.013860
0.022796
0.066032
-0.019313
-0.021176
-0.035262
0.030705
-0.008187
-0.020779
-0.000814
0.016151
0.056800
-0.062606
-0.021739
0.045143
-0.011773
-0.028986
-0.009175
0.002186
0.064787
0.033371
-0.054245
-0.103253
-0.058273
0.081828
0.111952
0.033731
-0.105166
-0.043881
0.017553
0.024310
-0.019942
0.009284
0.095101
0.023673
-0.062108
-0.085698
0.014051
0.023669
-0.014689
-0.038315
0.007306
0.043157
0.000556
-0.005313
-0.018937
0.010996
0.036795
-0.053018
-0.078912
0.043155
0.068820
0.001605
-0.041525
-0.015610
0.028443
0.003219
-0.052374
0.021484
0.083089
0.028135
-0.049911
-0.110412
0.004734
0.066755
0.003277
-0.086032
-0.030799
0.019537
0.060412
0.080352
0.016628
-0.013368
0.024219
0.076383
-0.061383
-0.177236
-0.205959
0.014025
0.111607
0.172529
0.145315
0.043779
0.001633
-0.130702
-0.100374
-0.098308
-0.055319
-0.001225
0.117475
0.145034
0.080514
-0.036744
-0.061666
-0.038349
-0.048229
-0.080521
-0.083302
0.056719
0.096296
0.104275
0.020186
-0.052298
-0.049569
-0.113895
-0.008277
0.171838
0.126707
-0.119156
-0.188922
0.061444
0.151885
0.023380
-0.241194
-0.103063
0.122622
0.169354
0.052096
-0.009061
0.059573
-0.160047
-0.153035
-0.087008
0.108289
0.138991
0.063099
-0.041316
-0.007246
0.023642
-0.174869
-0.159672
-0.071665
0.277460
0.267463
-0.007075
-0.217327
-0.149863
0.068227
0.006014
0.002637
0.083001
0.115719
0.023771
-0.248940
-0.281083
0.166155
0.279098
0.075529
-0.091021
-0.081958
0.006207
-0.128590
-0.127675
0.018280
0.149540
0.191367
-0.042208
-0.116472
-0.060371
-0.040503
0.021700
0.012452
0.096476
0.126335
0.041274
-0.191786
-0.322810
-0.059597
0.261719
0.259678
0.097932
-0.037711
-0.133094
-0.226408
-0.167457
0.013414
0.165623
0.218676
0.156748
0.010581
-0.153829
-0.137851
-0.117810
-0.070343
-0.037006
0.129210
0.292100
0.158922
-0.185363
-0.291933
-0.088669
0.138711
0.090718
-0.108533
-0.010484
0.179654
0.202764
-0.101579
-0.262032
-0.141528
0.050454
0.183352
0.064385
-0.025612
-0.003970
-0.061509
-0.045492
0.021419
-0.002816
0.004204
0.019427
0.060567
0.059102
-0.071424
-0.073279
0.019988
0.003936
-0.089692
0.023089
0.149694
0.010572
-0.149438
-0.072191
0.132301
0.086317
-0.005233
-0.063592
-0.059169
-0.042865
-0.064427
0.046864
0.156321
0.035887
-0.061670
-0.005674
-0.023526
-0.052398
-0.037267
-0.005994
0.022182
0.101068
0.056818
-0.063457
-0.046680
0.021006
-0.002580
-0.073293
-0.029806
0.092704
0.098849
0.025254
-0.044119
-0.038971
-0.039763
-0.079148
-0.013364
0.098212
0.117790
0.013602
-0.078260
-0.093780
-0.028474
0.016502
-0.010772
0.014343
0.083679
0.055854
0.064414
-0.039324
-0.157182
-0.108743
0.025180
0.124026
0.130567
0.041080
-0.103070
-0.103890
-0.046938
0.039014
0.028227
0.005179
-0.028214
0.020973
0.100755
0.049551
-0.052017
-0.074566
-0.055913
0.018310
-0.013945
-0.009310
0.049999
0.010206
0.032708
-0.016749
0.064263
-0.014383
-0.048815
-0.036147
-0.027784
0.029590
-0.002972
0.023665
0.047524
0.026099
-0.004315
-0.077138
-0.094028
0.066446
0.022135
-0.000407
-0.023169
0.030174
0.062699
-0.073964
-0.038769
-0.017763
0.030619
0.044794
0.023993
0.075409
0.026701
-0.117444
-0.141188
-0.020369
0.105660
0.103755
-0.007364
-0.023565
0.006809
-0.021125
-0.012771
-0.024814
0.003301
0.051604
0.026948
-0.021420
-0.034385
-0.046370
-0.032009
0.057355
0.109100
0.118188
-0.080902
-0.152004
-0.145586
-0.023943
0.155492
0.078091
0.032362
0.009322
0.048892
-0.009537
-0.108616
-0.112878
-0.023897
0.083471
0.046960
0.099623
0.053303
-0.074368
-0.067530
-0.071149
0.055859
0.058225
0.058390
-0.087948
-0.081792
-0.022818
0.035017
0.132974
0.021829
0.036317
-0.087234
0.003944
-0.022218
-0.046665
-0.062177
0.022117
0.122080
0.082840
0.025590
-0.165209
-0.071397
-0.032887
0.048575
0.056887
0.050032
0.036605
-0.069574
0.051543
0.053661
-0.056945
-0.085821
-0.036101
0.083712
0.088566
-0.019148
-0.064134
-0.037691
0.038443
0.008647
-0.013959
0.015816
-0.016570
0.031622
-0.003561
0.005050
-0.069092
-0.053689
0.076793
0.134847
0.060444
-0.115609
-0.085705
-0.067087
-0.023850
0.003735
0.116551
0.134021
0.010095
-0.071562
-0.079345
-0.055726
0.000090
0.003402
0.036799
0.070050
0.031485
-0.048411
-0.157676
0.013667
0.087777
0.132424
0.035944
-0.012009
-0.038841
-0.119482
-0.087681
-0.042768
0.100394
0.089214
0.077340
0.036434
-0.026569
-0.173890
-0.144142
-0.013231
0.102960
0.193938
0.041229
-0.032792
-0.135427
-0.050628
0.044117
-0.025382
-0.013098
0.052253
0.082192
-0.044474
-0.049801
-0.020068
0.003042
-0.006219
-0.014393
0.033448
0.004053
0.006223
-0.017508
0.004648
-0.019707
-0.016779
0.024251
-0.012436
-0.004316
-0.016738
0.028768
-0.019413
-0.037304
0.046844
0.046793
-0.039612
-0.084699
-0.013199
0.077772
0.053349
-0.087400
-0.085940
0.032627
0.053963
-0.048907
-0.019995
0.051002
0.073808
0.001248
-0.030100
0.009903
0.004204
-0.047059
-0.086474
-0.041514
0.023743
0.111449
0.081705
0.024084
-0.087689
-0.102205
-0.025782
0.028580
0.038843
0.007845
0.003938
0.029342
-0.008676
-0.002004
0.017688
-0.046228
-0.020439
0.041260
0.091843
-0.037439
-0.131654
-0.082504
0.060039
0.109033
0.013420
0.020144
0.017802
-0.012537
-0.070194
-0.085641
0.011906
-0.002537
0.038129
0.101516
0.032209
-0.049015
-0.089699
-0.050594
0.054904
0.098183
0.013235
-0.047829
-0.058091
0.007210
-0.023651
-0.003531
-0.070362
0.001909
0.147298
0.026240
-0.060394
-0.101934
-0.000394
0.039822
0.009730
-0.025739
0.022056
0.019867
-0.020967
-0.034894
0.010260
-0.029658
-0.015734
0.008102
0.006605
0.084872
-0.046549
-0.071887
0.001698
0.128288
0.004385
-0.105938
-0.100623
-0.007087
0.035852
-0.034765
0.066255
0.077486
0.071767
-0.084263
-0.072957
-0.058689
-0.082346
0.039882
0.075054
0.150270
0.046519
-0.065802
-0.119208
-0.112078
0.040718
0.080523
0.068023
-0.020571
-0.047095
-0.021827
-0.008042
-0.039953
-0.024396
0.042186
0.021755
0.063572
0.022145
-0.021753
-0.102455
-0.068012
0.019234
0.054614
0.073667
0.037250
-0.013371
-0.077829
-0.075180
0.002362
0.092553
0.095401
-0.025838
-0.102238
0.013178
0.077217
0.039329
-0.063944
-0.090367
-0.007002
0.113350
0.073848
-0.048298
-0.096393
-0.057118
-0.014889
0.087299
0.074203
-0.036887
-0.049303
-0.033083
0.075313
0.102631
0.069613
-0.101405
-0.148713
-0.087281
-0.041969
0.049782
0.097555
0.137785
0.088854
-0.025310
-0.117340
-0.176110
-0.062241
0.060288
0.153650
0.133072
-0.010572
-0.070868
-0.120919
-0.052924
-0.030959
0.056641
0.118584
0.036602
-0.092229
-0.152699
-0.011164
0.091986
0.153309
0.012988
-0.091787
-0.045690
-0.009325
0.034941
0.034647
0.035517
-0.044609
-0.068978
-0.026497
0.034148
0.039140
-0.058480
-0.062720
0.025289
0.123546
0.076206
-0.076241
-0.110731
-0.022489
0.078432
0.108988
0.085580
-0.106660
-0.203628
-0.163869
0.092266
0.233175
0.170011
-0.029792
-0.217147
-0.062623
-0.020022
0.080893
-0.013681
0.041580
0.025199
-0.007551
0.033250
-0.044175
-0.033494
-0.039330
0.107921
0.126838
0.122932
-0.137411
-0.220670
-0.124126
0.023076
0.194735
0.207028
0.116001
-0.109188
-0.220885
-0.170495
0.005825
0.123843
0.160093
0.063762
-0.035093
-0.095194
-0.088270
0.028687
0.103413
0.074134
-0.031906
-0.084277
-0.044243
0.004863
0.033136
0.067677
0.052534
0.017118
-0.071100
-0.094682
0.018295
-0.048630
-0.007792
0.090689
0.116229
0.060319
-0.038268
-0.098820
-0.075850
0.008166
-0.002768
0.036195
-0.001392
-0.023800
0.010466
0.155644
0.096852
-0.077736
-0.160117
-0.142890
0.010258
0.128096
0.156964
0.061589
-0.042001
-0.126099
-0.119311
0.006266
0.099673
0.068905
-0.006955
-0.060887
-0.031067
0.014261
0.004918
-0.053441
0.020078
0.011980
0.045328
0.082091
-0.040405
-0.075031
-0.026644
0.093981
0.096920
0.001445
-0.171811
-0.234042
-0.074722
0.191932
0.311857
0.190075
-0.035510
-0.279065
-0.222028
-0.075520
0.128658
0.125464
-0.019208
0.027343
0.021095
0.044453
0.036283
0.000583
-0.047946
-0.042538
-0.040298
-0.051805
0.000948
-0.043000
0.016709
0.136676
0.067835
0.059688
-0.008362
-0.126605
-0.089996
0.039017
0.084784
0.010986
-0.056314
-0.079514
-0.090444
-0.035044
0.094319
0.232973
0.242658
-0.066581
-0.298614
-0.286290
-0.062957
0.160507
0.246713
0.139675
-0.023982
-0.102056
-0.135747
-0.060320
0.014331
0.104917
0.079975
0.001972
-0.083410
-0.093528
-0.018829
0.047778
0.120928
0.075756
-0.019868
-0.125335
-0.134491
-0.040104
0.072585
0.152076
0.122545
-0.006920
-0.133157
-0.163888
-0.065513
0.058265
0.099990
0.074200
0.002312
-0.008028
-0.043354
-0.017038
-0.029055
-0.016895
0.002956
0.017246
-0.023648
-0.059815
0.004777
0.037204
0.139339
0.050385
-0.040095
-0.139235
-0.104813
0.008696
0.081006
0.105707
0.001565
-0.078054
-0.097585
0.009683
0.093344
0.085633
-0.025990
-0.079766
-0.036489
0.014836
0.012934
-0.005425
-0.013340
0.032293
-0.035078
-0.033547
-0.049455
-0.081785
-0.004872
0.090828
0.176750
0.020628
-0.085123
-0.157064
-0.070281
0.034694
0.097121
0.124578
0.072122
-0.026072
-0.125568
-0.075212
0.007234
0.087201
0.052628
0.024082
-0.024963
-0.026805
-0.029133
-0.024257
0.007664
0.041773
0.064101
0.009732
-0.040321
-0.061539
-0.023748
0.015096
0.043892
0.027502
-0.011827
-0.031886
-0.018064
0.006249
0.016613
-0.006494
-0.013683
0.002696
0.010888
-0.003199
-0.018713
-0.019186
0.002566
0.017481
-0.001983
-0.014416
-0.022524
-0.004903
0.006676
0.002375
