-0.026028
-0.004844
0.017845
0.027584
0.023881
0.003886
-0.025100
-0.039898
-0.029963
0.004693
0.035620
0.044220
0.024333
-0.009139
-0.038340
-0.040763
-0.018379
0.008837
0.032325
0.032059
0.020844
-0.005540
-0.030510
-0.041366
-0.023302
0.009108
0.034003
0.038490
0.017227
-0.006195
-0.029102
-0.031392
-0.026201
-0.000394
0.023488
0.034621
0.026229
-0.001013
-0.028880
-0.044473
-0.024139
0.001781
0.034958
0.039516
0.035710
0.002098
-0.044834
-0.060456
-0.039909
0.016451
0.041698
0.050053
0.032472
-0.000074
-0.037550
-0.056941
-0.035201
0.010793
0.049024
0.058388
0.028225
-0.030624
-0.063385
-0.043573
0.001340
0.036735
0.051405
0.042488
0.000395
-0.054156
-0.060771
-0.029325
0.025294
0.062824
0.062032
0.026248
-0.041325
-0.067935
-0.049519
0.004136
0.045034
0.060894
0.041589
-0.017467
-0.050570
-0.053139
-0.009797
0.024353
0.064688
0.053752
-0.000186
-0.046263
-0.055419
-0.016833
0.020311
0.058939
0.040340
-0.000842
-0.043828
-0.036848
-0.011751
0.026137
0.049842
0.041795
0.005121
-0.043174
-0.045861
-0.016557
0.034725
0.059537
0.050940
-0.014346
-0.060065
-0.052308
0.003774
0.050027
0.066065
0.038319
-0.018699
-0.060460
-0.060364
0.000347
0.042343
0.075145
0.058120
-0.004341
-0.070247
-0.077936
-0.019630
0.049463
0.096740
0.064619
-0.017995
-0.092082
-0.092514
-0.023213
0.051493
0.101613
0.083361
0.015955
-0.068346
-0.101291
-0.061091
0.011550
0.073777
0.083755
0.036702
-0.039935
-0.081233
-0.070799
0.000242
0.072913
0.095468
0.017816
-0.070939
-0.097677
-0.045520
0.036233
0.070836
0.066775
0.011569
-0.045147
-0.087081
-0.054666
0.010468
0.055347
0.050605
0.012942
-0.017679
-0.053522
-0.055237
-0.026775
0.035780
0.071396
0.031169
-0.044629
-0.078620
-0.046061
0.012863
0.058566
0.040197
-0.009015
-0.053827
-0.052982
-0.025644
0.021281
0.051831
0.021936
-0.015798
-0.051931
-0.043984
-0.022190
0.011955
0.029491
0.036836
0.006099
-0.051482
-0.055902
-0.026130
0.030646
0.049918
0.035419
-0.028005
-0.079744
-0.075687
-0.022790
0.048247
0.076179
0.059187
-0.010154
-0.071294
-0.088201
-0.045394
0.017689
0.055249
0.054669
0.019592
-0.033224
-0.070831
-0.055968
-0.002888
0.045646
0.056007
0.029603
-0.024820
-0.060433
-0.068662
-0.022784
0.037224
0.080549
0.075136
0.002811
-0.074114
-0.111439
-0.061725
0.016649
0.081186
0.081719
0.045713
-0.009299
-0.073454
-0.089581
-0.044961
0.035136
0.070388
0.060035
0.017211
-0.022268
-0.050793
-0.075325
-0.042477
0.031218
0.085788
0.078928
0.019838
-0.044084
-0.070303
-0.045456
-0.012693
0.015644
0.039500
0.037018
0.018969
-0.012524
-0.021437
-0.012479
-0.009230
0.009573
0.011066
0.012487
-0.002551
-0.007021
-0.010932
-0.011704
-0.001519
0.001575
0.010811
0.010176
0.017384
0.003983
-0.000224
-0.032924
-0.031625
-0.000548
0.024811
0.028688
0.036490
0.032812
-0.019611
-0.055378
-0.090079
-0.032034
0.048383
0.079125
0.074320
0.093999
0.037900
-0.110646
-0.171797
-0.102713
0.017706
0.070577
0.090736
0.116975
0.100097
-0.035573
-0.171687
-0.140054
-0.000951
0.084614
0.077864
0.040176
0.013369
-0.012863
-0.041790
-0.044119
-0.003506
0.045032
0.042398
-0.004028
-0.027815
-0.020850
-0.000831
0.016792
0.026917
0.033552
0.011622
-0.023784
-0.043724
-0.026016
0.005577
0.027919
0.039923
0.039257
0.014181
-0.027139
-0.049934
-0.038495
0.009535
0.044676
0.038209
0.004523
-0.009549
-0.005385
-0.014094
0.000401
0.017531
0.008162
-0.011030
-0.019832
-0.010316
0.006651
0.020209
0.021655
0.020096
0.005325
-0.017468
-0.036049
-0.031978
-0.012758
0.016523
0.045036
0.048133
0.018858
-0.035412
-0.055956
-0.055505
0.001471
0.062842
0.065740
0.031561
-0.016631
-0.056973
-0.072206
-0.030131
0.025719
0.063965
0.055776
0.020624
-0.025774
-0.051949
-0.059221
-0.024583
0.034590
0.071261
0.062561
0.004367
-0.052543
-0.086093
-0.055312
0.016998
0.062487
0.065099
0.045569
-0.009906
-0.056436
-0.063707
-0.019634
0.016681
0.039579
0.033088
0.011289
0.003102
-0.026871
-0.042125
-0.030291
0.016702
0.036926
0.028883
-0.005105
-0.017601
-0.025627
-0.014010
0.001988
0.013650
0.035408
0.020781
-0.008929
-0.041011
-0.035089
-0.013543
0.012721
0.028757
0.032587
0.020371
0.009659
-0.019610
-0.047829
-0.048478
-0.021095
0.027346
0.055655
0.046807
0.004909
-0.028864
-0.037599
-0.028826
-0.003577
0.015125
0.012850
0.009947
0.004514
0.005568
-0.003391
-0.005751
-0.012528
-0.010211
0.006978
0.010886
0.013099
0.001756
-0.015950
-0.025348
-0.007650
0.005022
0.010764
0.011220
0.008855
0.017008
-0.002233
-0.024963
-0.037450
-0.020702
0.006381
0.027393
0.048752
0.034129
-0.013979
-0.064667
-0.053488
-0.017403
0.028237
0.041905
0.034969
0.016593
-0.016269
-0.032778
-0.038333
-0.010461
0.011889
0.039172
0.025948
0.002634
-0.030582
-0.037686
-0.029647
0.000858
0.040740
0.050520
0.026495
-0.022210
-0.041003
-0.048136
-0.010499
-0.019755
0.026476
0.055275
0.049255
0.027674
-0.001781
-0.020964
-0.071548
-0.049130
-0.031501
0.023000
0.045719
0.062640
0.047704
0.003798
-0.044679
-0.082543
-0.026488
0.024973
0.069238
0.038553
0.003100
-0.038702
-0.044540
-0.032394
-0.016683
0.031594
0.046570
0.069619
0.013106
-0.037648
-0.073554
-0.017011
0.042836
0.034478
0.000209
-0.030594
-0.006482
-0.006286
0.013390
0.016170
0.032898
-0.004878
-0.029583
-0.021192
-0.005793
0.006951
-0.004642
0.031151
0.055481
0.018327
-0.057025
-0.075578
-0.026972
0.027020
0.043431
0.028743
-0.002822
-0.010670
-0.018986
-0.017190
0.002706
0.011532
0.020232
0.022188
0.002264
-0.045873
-0.060433
-0.033076
0.001664
0.048041
0.061385
0.043503
-0.020921
-0.064694
-0.043693
0.000199
0.036583
0.041395
0.027824
-0.025704
-0.045582
-0.052919
-0.016859
-0.010077
0.032743
0.080272
0.055496
-0.006149
-0.094823
-0.071160
-0.035156
0.045503
0.056955
0.032833
-0.005264
-0.032788
-0.026999
-0.018815
0.017235
0.007434
0.026134
-0.014085
-0.011229
-0.023092
-0.000700
0.008023
0.010419
0.017794
-0.031586
-0.013998
0.013639
0.045699
-0.000350
-0.016311
-0.038308
-0.006206
-0.004727
-0.003083
0.012753
0.012692
0.048597
0.056971
0.037362
-0.060800
-0.095456
-0.081525
-0.016448
0.043099
0.083707
0.071528
0.037217
-0.041611
-0.071104
-0.049653
-0.011996
0.008193
0.030619
0.090975
0.023647
-0.037274
-0.052540
-0.018372
-0.016541
-0.013874
0.026943
0.031006
-0.011397
-0.002718
0.046615
0.048499
-0.035761
-0.086309
-0.078318
0.004015
0.049360
0.052669
0.063824
0.027777
-0.010850
-0.100094
-0.062686
-0.040004
0.025912
0.057605
0.064510
0.033121
-0.020955
-0.052774
-0.076252
0.016124
0.073880
0.076895
-0.030523
-0.065782
-0.082450
-0.048112
-0.011185
0.067802
0.116068
0.079089
-0.007915
-0.131800
-0.124230
-0.058651
0.050271
0.084253
0.102979
0.051615
-0.039321
-0.096322
-0.097880
-0.054235
0.066045
0.106988
0.076222
0.030897
-0.008873
-0.070750
-0.119428
-0.069467
0.008937
0.106428
0.092417
0.046036
-0.018644
-0.066933
-0.092219
-0.074123
0.028348
0.088509
0.055612
0.043838
-0.026164
-0.005582
-0.102714
-0.042272
0.000183
0.046153
0.133116
-0.006949
-0.014103
-0.035394
-0.013428
-0.031203
-0.025324
0.028070
0.005971
-0.114333
-0.004764
0.139434
0.210060
0.081737
-0.052217
-0.114601
-0.124828
-0.097795
-0.099527
0.019241
0.058473
0.152967
0.200312
0.149815
-0.109587
-0.236664
-0.176470
-0.035970
0.066111
0.095472
0.115883
0.060862
0.007332
-0.099606
-0.141204
-0.028644
0.089753
0.077528
0.019440
-0.038837
-0.085252
-0.047303
0.036264
0.107766
0.080751
0.026487
-0.071586
-0.095012
-0.054662
-0.066746
0.001770
0.049823
0.108081
0.119128
0.064216
-0.093147
-0.189753
-0.081281
0.068562
0.094471
0.057143
-0.010254
-0.056852
-0.066069
-0.050153
-0.002107
0.112315
0.030408
-0.022998
-0.055896
-0.019994
-0.185724
-0.161477
0.112976
0.043588
0.313293
0.288880
0.110625
-0.198491
-0.245985
-0.254188
-0.203265
0.009667
0.185607
0.407095
0.264969
-0.015572
-0.274747
-0.212704
-0.196409
-0.008331
0.211228
0.280899
0.077957
-0.142325
-0.203119
-0.140113
0.042031
0.161997
0.145613
0.056274
-0.071424
-0.184113
-0.138682
-0.024422
0.150939
0.133844
0.095476
-0.006153
-0.087799
-0.155260
-0.137538
0.028105
0.127369
0.146816
0.053338
-0.040291
-0.132309
-0.152809
-0.039684
0.090322
0.137575
0.079502
0.028540
-0.079108
-0.130253
-0.112877
-0.043814
0.090155
0.114171
0.134458
0.073178
-0.014081
-0.157856
-0.198439
-0.030155
0.088409
0.084655
0.005552
-0.026683
-0.004338
0.012421
-0.000127
0.006465
-0.001854
-0.009700
-0.038914
-0.025994
-0.048549
0.000550
0.030543
-0.010482
0.031499
0.031803
0.044617
-0.041726
-0.071631
-0.012974
-0.014736
0.027757
0.005795
-0.019433
0.001493
-0.029383
0.016348
0.056000
0.037415
-0.032427
-0.036076
0.013923
0.027403
-0.007266
-0.096157
-0.079637
0.058785
0.072977
0.022286
-0.009874
0.008022
0.007109
-0.009277
0.035122
-0.023394
-0.009480
-0.068000
-0.024613
0.006400
0.055854
0.022872
-0.061489
-0.032892
0.016908
0.088870
-0.004964
-0.014931
-0.000976
0.076931
0.022945
-0.042350
-0.141552
-0.146534
0.020323
0.083288
0.130340
0.100247
0.120070
0.014223
-0.149378
-0.251517
-0.177256
0.058676
0.119775
0.167830
0.141059
0.076844
-0.113511
-0.216780
-0.063947
0.092278
0.143320
0.033151
-0.063467
-0.127573
-0.024751
-0.021385
0.000041
0.028470
0.099149
0.086419
-0.003344
-0.040332
-0.097112
-0.039133
0.048180
0.143710
-0.030930
-0.093366
-0.125542
-0.091943
0.027285
0.128147
0.242986
0.128925
-0.019845
-0.259457
-0.271502
-0.038949
0.136468
0.159013
0.146512
0.155051
-0.001748
-0.173221
-0.262781
-0.076508
0.093027
0.060407
0.122629
0.216615
0.017782
-0.188583
-0.195661
-0.009509
0.118187
0.025863
0.109495
0.072525
-0.061549
-0.245462
-0.040216
0.164625
0.165227
0.012683
-0.132944
-0.057412
-0.058255
0.081047
0.073536
0.162492
0.026574
-0.143879
-0.194567
-0.083700
0.085288
0.147399
0.183739
0.032831
-0.046657
-0.131315
-0.115147
-0.091759
-0.030979
0.133612
0.227320
0.167653
-0.053453
-0.221965
-0.142604
-0.045618
0.126801
0.115496
-0.043244
-0.066391
-0.009204
0.114451
0.065081
0.005215
-0.049333
0.014756
0.053535
0.014720
-0.085507
-0.095286
-0.000831
0.047917
0.089447
0.064667
0.047416
-0.067761
-0.099749
-0.014993
0.040888
0.029094
-0.063573
-0.052570
0.056646
0.082665
0.083468
-0.044751
-0.082230
-0.015176
0.090062
0.040686
-0.100805
-0.195002
-0.089024
0.248378
0.269996
0.112177
-0.051083
-0.052581
-0.122534
-0.112954
-0.091626
-0.042387
0.047063
0.098932
0.136763
0.103097
0.020361
-0.185614
-0.163978
0.018892
0.117144
0.010960
-0.012621
-0.029377
0.024510
0.047045
-0.060424
-0.082165
0.001431
0.089538
0.056109
0.013615
-0.025318
-0.020265
-0.024207
0.016304
0.046748
-0.006089
-0.079618
-0.133947
-0.036696
0.056657
0.154242
0.187802
0.056815
-0.109157
-0.255911
-0.225004
-0.095618
0.126523
0.214503
0.238891
0.103627
-0.120201
-0.187115
-0.162533
-0.051024
-0.001999
0.070551
0.068812
0.030763
0.012389
0.030730
0.034472
0.029988
-0.034943
-0.078448
-0.073466
-0.013624
-0.013985
-0.024217
0.132542
0.088298
-0.029056
-0.158725
-0.104494
0.043754
0.156681
0.125082
-0.025495
-0.071637
-0.165519
-0.116511
-0.057584
0.064485
0.116751
0.092859
0.045294
-0.072837
-0.065325
-0.026543
0.056155
0.061190
0.009336
-0.142040
-0.157592
-0.073218
0.012492
0.040057
0.045815
0.226004
0.094826
-0.067119
-0.124139
-0.104976
0.010989
0.127161
0.108213
-0.079901
-0.212514
-0.156412
-0.000915
0.065338
0.162402
0.225531
0.238607
-0.088570
-0.413886
-0.349201
-0.130957
0.108781
0.168368
0.115518
-0.096124
0.037229
0.057412
-0.048785
0.410394
0.431533
-0.107929
-0.479302
-0.409901
-0.323890
-0.189297
0.173301
0.617759
0.678848
0.096755
-0.490600
-0.500989
-0.161096
-0.052830
0.043567
0.199213
0.287649
0.081508
-0.165258
-0.203829
-0.050610
0.079481
0.047741
-0.054300
-0.089582
-0.035001
-0.025022
0.068988
0.141632
0.126362
-0.037103
-0.161063
-0.094197
0.009817
-0.028658
-0.026004
0.051082
0.076586
0.011319
-0.024138
-0.056216
-0.025292
0.055802
0.021482
-0.021059
-0.069098
-0.017991
-0.047824
-0.008266
0.059265
0.075163
0.032601
-0.083143
-0.031694
0.064008
0.088433
0.005427
-0.053473
-0.013686
-0.058088
-0.084969
-0.011675
0.087908
0.075286
-0.021144
-0.047152
-0.045533
0.024251
0.046722
0.045831
-0.048373
-0.061341
-0.075142
0.050147
0.022526
-0.001280
0.047473
-0.069335
0.035865
0.020606
0.032925
-0.024639
0.039007
0.069796
0.027778
-0.047317
-0.118678
-0.150618
-0.026790
0.120198
0.100655
0.096423
-0.023123
-0.047454
-0.029605
0.042008
0.018289
0.012203
-0.029489
-0.082091
-0.158518
-0.025658
0.136246
0.154465
0.139612
-0.013622
-0.072384
-0.082162
-0.046755
-0.039786
0.046524
0.103432
0.058395
-0.040661
-0.133120
-0.139831
-0.040302
0.134344
0.239249
0.175689
-0.057986
-0.234643
-0.182344
-0.013141
0.143168
0.079609
0.039529
0.015741
0.005810
-0.040974
-0.059530
0.065548
0.067067
0.102731
-0.012159
-0.095750
-0.161959
-0.056493
0.076045
0.129500
0.149944
-0.037600
-0.107979
-0.107583
0.068913
0.178066
0.116085
-0.059275
-0.168302
-0.119860
-0.036689
0.074460
0.049227
0.114591
0.086255
-0.003178
-0.063897
-0.077789
0.045894
-0.004912
0.036232
-0.009706
-0.039336
-0.128068
-0.083676
0.087953
0.159565
0.228825
0.053375
0.035938
-0.080696
-0.124953
-0.161423
-0.038446
0.139481
0.202616
0.089849
-0.098925
-0.129488
-0.083247
0.074856
-0.002709
0.087496
0.111409
0.066389
-0.044388
-0.104419
-0.069198
-0.093481
-0.014559
0.071294
0.053553
0.039195
0.022745
0.039835
0.126789
0.080619
-0.060586
-0.200986
-0.173691
-0.090146
0.052698
0.158242
0.195713
0.106400
0.021695
-0.080217
-0.196159
-0.145268
0.012796
0.095701
0.007004
0.005286
0.023037
0.049834
0.070619
-0.062185
-0.092047
0.043409
0.067094
-0.015594
-0.049056
0.027428
-0.025620
0.022905
0.032718
-0.088781
-0.125774
-0.007442
0.179749
0.205523
0.090856
-0.303025
-0.212295
0.007614
0.099904
0.110617
-0.073098
0.004357
0.044116
0.187481
-0.027815
-0.141352
0.025139
-0.024361
-0.134092
-0.205725
0.056984
0.250577
0.239616
-0.058440
-0.127195
-0.072187
-0.038611
-0.120086
-0.147294
0.031683
0.097926
0.201090
0.068824
0.133769
0.039082
-0.072454
-0.157835
-0.223098
-0.180204
-0.079966
0.198609
0.276886
0.247371
0.123029
0.011774
-0.234229
-0.433911
-0.370239
0.031580
0.382729
0.410735
0.230185
-0.039404
-0.237410
-0.352955
-0.265887
-0.006070
0.219981
0.325683
0.231551
-0.029989
-0.191444
-0.210347
-0.132722
-0.041107
0.044541
0.105880
0.161029
0.077582
-0.085198
-0.078004
-0.013382
-0.012793
-0.050529
-0.100040
0.060904
0.167845
0.059503
-0.086559
-0.107174
0.012640
0.020355
-0.024527
-0.056140
0.066110
0.076353
-0.017547
-0.056245
-0.069857
-0.036344
0.012085
0.113593
0.107461
0.034408
-0.143227
-0.215388
-0.040099
0.096527
0.130962
0.046288
0.006390
-0.025199
-0.061007
-0.120458
-0.104770
0.006548
0.142156
0.185223
0.052945
-0.007101
-0.200036
-0.188221
-0.082941
0.120528
0.228480
0.073551
-0.060138
-0.088680
-0.007088
-0.072371
-0.097047
-0.042131
0.114445
0.098417
0.070543
-0.047342
-0.098257
-0.073530
-0.041302
0.090628
0.153496
0.083209
-0.074172
-0.118400
-0.065028
-0.005279
-0.028650
0.045296
0.043812
0.090138
-0.030787
-0.052908
-0.033585
-0.063643
-0.021798
-0.029270
0.126273
0.120361
0.032522
-0.087284
-0.145209
-0.025585
0.063961
-0.016417
-0.065453
0.016764
0.115570
0.090610
0.047455
-0.028122
-0.078144
-0.066299
-0.107324
-0.096143
0.025745
0.148223
0.072213
0.037137
-0.041121
-0.082714
-0.058812
-0.046984
0.052571
0.062230
0.096398
-0.015689
-0.075501
-0.044517
-0.050859
0.019375
0.035740
0.120745
0.047937
-0.067174
-0.142928
-0.055263
0.095353
0.049491
0.024033
-0.049051
-0.039115
-0.078161
-0.028863
-0.003436
0.044786
0.101562
0.069714
-0.002812
-0.133600
-0.126977
-0.081174
0.045919
0.056515
0.110723
0.103354
0.065320
-0.076653
-0.183001
-0.123478
0.002487
0.149887
0.099506
0.064859
-0.064835
-0.130902
-0.093905
-0.014246
0.072593
0.106271
0.073023
-0.014237
-0.060322
-0.065442
-0.056324
-0.040352
0.052182
0.122616
0.094021
-0.043635
-0.144834
-0.120818
-0.027158
0.075523
0.121883
0.043814
-0.023619
-0.029338
-0.042567
-0.030024
0.032467
0.141441
0.094572
-0.039825
-0.128269
-0.157080
-0.104058
-0.008665
0.032084
0.246033
0.273797
-0.023278
-0.201706
-0.154441
0.068632
0.047268
-0.007396
-0.028305
-0.006512
-0.008396
-0.060723
-0.002705
0.163400
0.166497
-0.005805
-0.134674
-0.172706
-0.053806
0.027636
0.165023
0.120299
0.019125
-0.092671
-0.140689
-0.071193
0.002430
0.109524
0.137531
0.087223
-0.029580
-0.069801
-0.115293
-0.093857
0.002830
0.118341
0.145907
0.009868
-0.105326
-0.150009
-0.061466
0.073952
0.139095
0.173419
0.002479
-0.150837
-0.156954
-0.032778
0.048300
0.034329
0.042240
0.044875
0.037948
0.001941
-0.030661
-0.046961
0.019083
0.005313
-0.006468
-0.051324
-0.082280
-0.031882
0.089520
0.109124
0.086407
0.031759
-0.095332
-0.115981
-0.069319
0.022641
0.030688
0.042122
0.042767
-0.016219
-0.045961
-0.030433
0.001972
0.094779
0.088612
0.017694
-0.074441
-0.139128
-0.107016
-0.005432
0.112576
0.130505
0.056692
-0.025047
-0.038352
-0.044430
-0.055170
-0.045256
0.013964
0.071047
0.055221
-0.008766
-0.040241
-0.044395
-0.010817
0.035810
0.068754
0.025776
-0.047535
-0.100983
-0.071239
0.027251
0.132091
0.087550
-0.014205
-0.046927
-0.069208
-0.021282
-0.040323
0.027185
0.020996
0.004250
0.038332
-0.000350
-0.001842
-0.004253
0.011809
-0.031478
-0.025988
-0.010929
-0.007507
0.006687
0.062438
0.054199
-0.018305
-0.052396
-0.129514
-0.050057
0.056631
0.170857
0.128725
-0.018936
-0.125713
-0.167499
-0.058436
0.045471
0.057849
0.066520
0.053513
-0.007113
-0.000374
-0.101226
-0.015448
-0.004349
0.040634
0.042262
-0.018812
0.003121
-0.051720
-0.008048
0.014477
0.083381
0.010975
-0.063534
-0.089469
0.013556
0.053123
0.033651
0.013646
-0.014890
-0.054673
-0.052095
0.001249
0.023858
0.070594
0.017737
0.002399
-0.037423
0.018441
-0.011442
-0.052338
-0.053703
-0.037493
0.066130
0.143820
0.052191
-0.020427
-0.033844
-0.091524
-0.062674
-0.045439
0.024982
0.046158
0.102620
0.054444
-0.012793
-0.056105
-0.144777
-0.073269
0.080440
0.171404
0.097262
-0.028915
-0.094134
-0.114261
-0.043724
0.012077
0.053644
0.088653
0.054473
0.001260
-0.061001
-0.044390
-0.062482
0.026963
0.054774
0.037514
-0.015585
-0.065934
-0.008418
0.053533
0.070643
-0.076252
-0.038197
-0.008946
0.065176
0.056759
-0.010141
-0.036862
-0.053329
-0.004324
-0.010878
0.053086
0.005806
0.002446
0.024112
0.045947
0.011867
-0.070703
-0.118405
-0.004133
0.059294
0.049207
0.051773
-0.026626
0.024404
-0.072799
-0.064122
-0.037522
0.051143
0.102950
0.019869
0.044609
-0.018395
-0.078714
-0.125730
-0.031019
0.084580
0.124105
0.090169
0.004750
-0.094683
-0.128927
-0.066114
0.039533
0.112804
0.065237
0.015977
-0.028449
-0.054892
-0.075325
-0.042743
0.044212
0.111439
0.078271
-0.006996
-0.035435
-0.093495
-0.072952
-0.006408
0.100385
0.156321
0.060543
-0.053096
-0.177261
-0.095678
0.021671
0.080301
0.063196
0.005259
0.010525
-0.069441
-0.067054
0.012995
0.037230
0.086914
0.110372
0.098826
0.015313
-0.201995
-0.192594
-0.123622
0.029686
0.093129
0.122244
0.228998
0.087480
-0.083050
-0.210801
-0.123671
0.003796
0.071212
0.036216
0.006429
-0.005784
0.026918
0.035766
0.065325
0.047363
-0.096989
-0.092413
-0.108136
-0.000932
0.028036
0.090011
0.167757
0.089421
-0.083034
-0.250595
-0.158827
0.037131
0.158291
0.135048
0.034436
-0.016538
-0.062678
-0.150591
-0.067695
0.065911
0.212088
0.111914
-0.055265
-0.129525
-0.194015
-0.139932
-0.040399
0.231886
0.285005
0.141900
-0.114280
-0.199949
-0.124542
-0.106008
-0.004766
0.075266
0.201293
0.113366
-0.049472
-0.082262
-0.085925
-0.026266
-0.006668
0.009872
0.037314
0.010681
-0.029305
-0.003831
0.029952
0.022736
-0.038415
-0.099066
0.004673
0.121679
0.071753
-0.033696
-0.021751
-0.046985
-0.031510
-0.026257
-0.014777
0.002791
0.009414
0.069994
0.053666
0.034566
-0.136098
-0.116927
0.007277
0.117798
0.103177
-0.021432
-0.078951
-0.126449
0.004667
0.050431
0.088149
0.074217
-0.036165
-0.056472
-0.082729
-0.078343
-0.006837
0.074386
0.135358
0.080778
-0.051787
-0.204363
-0.176754
0.019584
0.171399
0.200160
0.047226
-0.114902
-0.160288
-0.093736
-0.015228
0.080588
0.127007
0.110916
0.004583
-0.110057
-0.155635
-0.167786
-0.033646
0.125873
0.219587
0.184940
-0.023441
-0.219731
-0.269456
-0.090824
0.117267
0.192518
0.158564
0.037781
-0.078495
-0.222328
-0.197603
-0.031687
0.099972
0.199484
0.255644
0.114250
-0.166899
-0.362537
-0.314124
-0.022719
0.203712
0.318686
0.286155
0.069382
-0.202263
-0.425055
-0.268802
0.016021
0.217306
0.370253
0.199730
-0.033929
-0.241490
-0.276960
-0.169056
0.018545
0.167305
0.239900
0.098600
-0.078682
-0.158745
-0.165722
0.008986
0.052233
0.188578
0.117575
-0.016090
-0.149101
-0.225658
-0.108908
0.034984
0.199400
0.243813
0.063835
-0.101501
-0.154243
-0.211473
-0.073906
0.093054
0.264966
0.173117
-0.004808
-0.142575
-0.282109
-0.202348
0.015084
0.283280
0.351500
0.098119
-0.138736
-0.244035
-0.248341
-0.081731
0.053910
0.228158
0.297001
0.150152
-0.096435
-0.322172
-0.324719
-0.123639
0.165521
0.337316
0.319496
0.115497
-0.199512
-0.413903
-0.310461
0.000482
0.284610
0.403232
0.217580
-0.053367
-0.298124
-0.337244
-0.182104
0.105189
0.333112
0.258543
0.087281
-0.135904
-0.266347
-0.223520
-0.064630
0.154729
0.334986
0.264689
0.011038
-0.277239
-0.321909
-0.163912
0.053230
0.281339
0.211342
0.094669
-0.047397
-0.239371
-0.246510
-0.042239
0.159124
0.279838
0.171994
-0.017650
-0.154945
-0.277502
-0.142409
0.105902
0.296129
0.210643
-0.036858
-0.174220
-0.187482
-0.162522
-0.051610
0.214506
0.315429
0.176338
-0.088698
-0.267765
-0.196822
-0.104578
0.024118
0.190520
0.304815
0.219690
-0.071416
-0.255984
-0.250178
-0.112357
-0.031020
0.068835
0.279860
0.300729
0.043237
-0.233692
-0.242132
-0.037886
-0.000848
-0.020760
0.069816
0.155236
0.164519
0.000907
-0.121550
-0.086579
-0.043738
-0.039597
-0.094687
0.012797
0.173078
0.140040
0.055040
-0.026282
-0.023673
-0.092200
-0.171214
-0.144251
0.053357
0.251136
0.199278
0.035542
-0.106335
-0.117010
-0.117768
-0.072455
0.036541
0.152201
0.173862
0.084780
-0.069121
-0.159559
-0.178269
-0.137818
0.070278
0.268733
0.273442
0.011726
-0.239967
-0.235380
-0.051534
0.065504
0.073667
0.134363
0.131913
0.043582
-0.121947
-0.192275
-0.090845
0.052993
0.087707
0.055828
0.123370
0.058468
-0.052765
-0.169659
-0.081742
0.061540
0.061203
-0.018817
-0.075325
0.061303
0.140616
0.093984
-0.044563
-0.079796
-0.070696
-0.087954
-0.104269
-0.007537
0.162610
0.224718
0.086089
-0.106568
-0.172362
-0.148973
-0.055010
0.003052
0.125142
0.185447
0.126865
-0.053391
-0.138503
-0.037642
-0.028136
-0.044380
-0.077863
0.038365
0.146382
0.049278
-0.023342
-0.040686
0.088115
0.091132
-0.082563
-0.174293
-0.140404
0.009037
0.100525
0.157579
0.064155
0.031297
0.032544
-0.024995
-0.169221
-0.246752
-0.063330
0.165363
0.309333
0.129564
-0.036128
-0.105656
-0.127192
-0.194729
-0.174260
0.077342
0.305268
0.280739
0.042386
-0.174332
-0.233652
-0.077365
-0.014446
0.019084
0.079950
0.087935
0.022348
0.043847
0.020721
-0.044562
0.001372
-0.018957
-0.081723
-0.131222
-0.027153
0.090204
0.146998
0.098728
0.018010
0.004836
-0.043535
-0.126023
-0.147498
-0.046951
0.085537
0.102779
-0.017591
-0.070444
0.061951
0.183052
0.084621
-0.049442
-0.109149
-0.124925
-0.130786
-0.100236
0.012888
0.166437
0.195796
0.097754
0.039238
-0.108468
-0.234006
-0.201248
-0.026358
0.213775
0.216634
0.001123
-0.121409
-0.036608
0.015099
-0.064116
-0.100787
-0.033818
0.121766
0.147167
0.014635
-0.149306
-0.163835
0.016336
0.165278
0.153375
-0.030281
-0.188594
-0.140407
0.032153
0.102253
-0.000232
-0.073495
0.010444
0.077744
0.124446
-0.093820
-0.288849
-0.082167
0.168559
0.193564
0.171316
-0.068028
-0.367653
-0.186801
0.020451
0.240037
0.195598
0.073888
0.036404
-0.122458
-0.142736
-0.320423
-0.234826
0.116558
0.322809
0.375994
0.189258
-0.106679
-0.371864
-0.339167
-0.077273
0.143921
0.216388
0.134846
-0.009605
-0.101721
-0.101400
-0.114054
-0.011944
0.188606
0.199606
0.003329
-0.232354
-0.199736
-0.016290
0.107565
0.173946
0.069657
0.009042
-0.113806
-0.159955
-0.078899
0.020858
0.089640
0.101484
0.101004
-0.008302
-0.115308
-0.165541
-0.064506
0.094758
0.170114
0.129430
-0.009284
-0.171784
-0.166423
-0.086225
0.109515
0.203830
0.102590
-0.049276
-0.132575
-0.046435
0.017433
-0.001642
-0.031619
0.040000
0.061255
0.054545
-0.079187
-0.141181
-0.046210
0.112399
0.177765
0.005000
-0.093222
-0.120635
-0.012422
0.065670
0.043773
0.011389
-0.050412
0.019970
-0.000454
-0.052690
-0.042364
0.022372
0.133619
0.078490
-0.057134
-0.161196
-0.078257
0.058424
0.114034
0.065507
-0.038691
-0.071900
-0.064336
-0.003622
0.048069
0.037425
0.045588
0.001263
-0.046317
-0.004021
-0.013975
-0.010367
-0.026681
-0.004532
0.056939
0.043216
-0.074364
-0.048837
0.045997
0.063544
0.090357
-0.076760
-0.100957
-0.032311
0.055516
0.020362
-0.044519
-0.000713
0.015122
0.120390
0.018988
-0.063447
-0.073501
-0.046318
0.022509
0.059695
0.018455
-0.012119
0.004960
-0.003780
-0.017723
-0.037886
0.048228
0.044546
0.024936
-0.045483
-0.032113
-0.004718
-0.015852
0.049644
-0.006364
-0.012563
-0.031240
-0.008428
0.040192
0.064083
-0.021631
-0.050932
0.023073
0.039328
0.007211
-0.088954
-0.056439
0.051809
0.140854
0.001371
-0.131957
-0.052178
0.013647
0.005159
0.020689
0.041572
0.088803
0.046167
-0.075016
-0.150984
-0.067202
0.112079
0.126572
0.061875
-0.070327
-0.103087
-0.046514
0.035445
0.005980
0.012599
0.121055
0.075288
-0.088335
-0.172839
-0.060612
0.077194
0.104203
0.013818
0.022919
0.048640
-0.019594
-0.105437
-0.096539
0.048328
0.118026
0.056989
-0.069979
-0.045233
0.030156
0.022120
-0.031648
-0.050278
0.069164
0.081451
-0.040525
-0.088297
0.018097
0.047569
0.017517
-0.085826
-0.046494
0.133174
0.062678
0.000818
-0.066278
-0.059234
0.022933
0.053226
0.003925
-0.061967
0.020931
0.094795
-0.024152
-0.113738
-0.015300
0.121838
0.134602
-0.031629
-0.110650
-0.087316
-0.003131
0.005891
-0.006021
0.075302
0.148071
0.070609
-0.095628
-0.135775
-0.022577
0.086495
0.012435
-0.036370
-0.030383
0.052617
0.064042
-0.016700
-0.005977
-0.005048
-0.036065
-0.025368
0.032300
0.041376
-0.008618
-0.036364
0.035386
0.045574
0.049945
-0.004145
-0.074454
-0.059548
0.025391
0.097518
0.025028
-0.043594
-0.152123
0.053609
0.153274
0.036994
-0.050599
-0.090532
0.040139
0.023700
-0.003427
-0.062482
-0.021604
0.041611
0.073418
0.037997
-0.039811
-0.043635
-0.035674
0.014712
0.020925
0.039005
-0.012966
-0.003903
-0.027982
-0.034628
0.051453
0.062725
0.049803
-0.036678
-0.075926
-0.063039
0.015418
0.028913
0.001136
-0.001674
0.070898
0.091750
-0.005213
-0.079263
-0.124217
-0.045275
0.015486
0.076154
0.067397
0.070336
0.042615
-0.055203
-0.144231
-0.126143
-0.000906
0.145184
0.110220
0.009183
-0.016972
-0.044863
0.007968
-0.127457
-0.069198
0.032776
0.142722
0.140060
-0.101154
-0.116894
-0.032220
0.046994
-0.019050
-0.056397
0.054697
0.107507
0.063052
-0.092813
-0.149887
-0.039071
0.110810
0.080593
-0.059253
-0.012069
-0.030046
0.006510
0.025704
0.082003
0.017638
-0.087637
-0.099215
-0.114960
0.042642
0.108259
0.101266
0.074273
-0.032880
-0.111109
-0.065705
-0.077532
-0.030591
0.078710
0.177245
0.114070
-0.056776
-0.186560
-0.188070
-0.060147
0.116983
0.232427
0.140183
-0.061138
-0.202966
-0.121151
0.020782
0.127457
0.055630
0.043570
0.005820
-0.082259
-0.115866
-0.159832
0.005141
0.184582
0.203579
0.021804
-0.074813
-0.130527
-0.193301
-0.028919
0.100692
0.183596
0.223129
0.070709
-0.196619
-0.302968
-0.187018
0.021374
0.197592
0.220126
0.134829
0.028745
-0.121901
-0.258841
-0.132601
0.016833
0.114194
0.157888
0.113529
-0.009774
-0.133458
-0.149698
-0.102367
0.116932
0.157959
0.093484
-0.031572
-0.172840
-0.100070
-0.010242
0.135863
0.111926
0.012389
-0.037127
-0.112475
-0.080654
0.032684
0.104493
0.021470
-0.003402
-0.034023
-0.038350
-0.019485
-0.003971
0.002970
-0.010011
0.050529
0.014643
-0.004336
-0.072273
-0.030066
0.025524
0.040967
0.046781
-0.018968
-0.035346
-0.071205
-0.015665
0.043509
0.080867
0.006171
-0.080682
-0.063273
-0.000978
0.012635
0.031128
0.041809
0.048854
0.012184
-0.057851
-0.029197
-0.043702
-0.007257
-0.057376
-0.031034
0.104484
0.119561
0.046856
-0.099801
-0.127575
-0.049431
0.001161
0.070651
0.085343
0.001481
-0.056629
-0.095793
0.005967
0.077925
-0.004959
-0.043156
-0.004073
0.067769
0.027936
-0.074923
-0.098857
-0.041701
0.062145
0.118014
0.073124
-0.051204
-0.128533
-0.062390
0.028928
0.097269
0.105243
-0.019356
-0.134245
-0.085672
-0.002058
0.084380
0.032350
0.004857
-0.016749
-0.002524
0.029002
-0.068386
-0.016612
-0.049396
0.033191
0.058262
0.050004
-0.021458
-0.061478
-0.030094
-0.130987
0.051483
0.153302
0.042908
-0.094030
-0.053591
0.082539
0.092086
-0.063209
-0.172610
-0.122195
0.038767
0.185721
0.183187
0.068800
-0.147144
-0.194919
-0.098580
0.045099
0.127896
0.093469
0.030276
-0.069755
-0.076720
-0.079214
-0.006399
0.027630
0.087444
0.106535
0.022444
-0.042656
-0.154759
-0.097577
0.024182
0.148859
0.101518
0.002152
-0.092399
-0.117396
-0.029790
0.057160
0.065893
0.103523
0.044220
-0.062423
-0.162717
-0.162780
0.068738
0.137033
0.116153
0.009905
0.094547
0.009697
-0.126204
-0.240019
-0.147262
0.141901
0.240625
0.147174
-0.026917
-0.044177
-0.174695
-0.112992
-0.012917
0.152250
0.070105
-0.000377
-0.037009
-0.044248
0.066827
0.005735
-0.010512
-0.072417
0.053387
0.053212
-0.006422
-0.092554
-0.107218
0.029020
0.160165
0.130354
-0.054239
-0.130623
-0.114176
0.052152
0.067295
0.021901
-0.017806
-0.011393
0.063378
-0.019147
-0.028495
-0.046724
0.024697
0.065342
0.014436
-0.051377
-0.099800
0.010747
0.028357
0.049099
0.005328
-0.000390
0.026879
0.020745
-0.061832
-0.077627
0.005875
0.050025
0.049406
-0.020110
-0.016276
0.010930
0.020536
-0.011895
-0.092484
-0.013037
0.034340
0.029546
0.034297
0.006485
-0.000376
-0.114735
0.044435
0.067249
-0.003209
-0.056485
-0.028898
0.059246
0.059734
-0.060324
-0.147767
-0.001345
0.082485
0.155633
0.024480
-0.074373
-0.096961
-0.081166
-0.026175
0.061396
0.119439
0.104570
-0.043661
-0.117724
-0.115675
0.071317
0.079477
-0.048425
0.026958
0.031577
0.077204
-0.062489
-0.095955
-0.059256
0.047745
0.103975
0.043107
-0.050867
-0.056726
0.004753
0.017124
0.010620
-0.036395
-0.008555
0.058330
0.074211
-0.005907
-0.094935
-0.111573
0.044950
0.104078
0.158279
-0.040632
-0.215470
-0.117306
0.090224
0.268258
-0.067245
-0.136647
-0.056709
0.060585
0.105053
0.019445
0.125294
-0.086159
-0.080484
-0.154207
-0.075339
0.134183
0.028276
0.205108
0.093792
-0.021372
-0.202641
-0.179044
-0.005681
0.004109
0.162172
0.150131
0.089458
-0.137569
-0.185045
-0.092240
0.135338
0.169655
0.060388
-0.101483
-0.199424
0.008151
0.082986
0.140973
0.018158
-0.085046
-0.071631
0.038540
0.094725
-0.083149
-0.129219
0.101032
0.121467
0.008050
-0.119078
0.039941
0.154265
-0.090691
-0.132613
-0.098920
0.124697
0.120031
0.028705
-0.046873
-0.029525
-0.007767
-0.020204
0.005256
-0.100522
-0.059514
0.129459
0.240818
0.007408
-0.213134
-0.271962
0.077130
0.223351
0.157338
0.047701
-0.131930
-0.124612
-0.091938
0.047939
0.068331
0.050288
-0.017525
0.008067
0.087967
0.053099
-0.124342
-0.193826
-0.023592
0.203637
0.178788
-0.025249
-0.175976
-0.112495
0.036688
0.110890
0.075289
-0.030835
-0.026454
0.023613
0.011470
-0.111354
-0.078777
0.024712
0.128666
0.092705
0.033513
-0.054669
-0.089003
-0.034122
-0.006701
-0.029447
-0.003579
0.048209
0.097899
0.099058
0.003274
-0.152978
-0.172303
0.061544
0.067964
0.047582
-0.051183
0.034029
0.093461
0.067545
-0.049942
-0.199618
-0.043094
0.032345
0.089758
0.081311
0.146396
-0.037690
-0.160677
-0.147173
-0.046413
0.099432
0.076089
0.151442
-0.021997
-0.038087
-0.111634
-0.051118
-0.015530
0.018566
0.085147
-0.025057
0.073636
-0.054436
0.021371
-0.021082
0.004157
-0.063842
-0.014567
0.087745
-0.081211
-0.012329
-0.015859
0.173227
0.037948
-0.081163
-0.127043
-0.039497
0.068489
-0.044253
0.060245
0.085735
0.079509
-0.109874
-0.119542
0.016028
0.118317
0.004617
-0.169499
-0.022682
0.104175
0.078353
-0.091060
-0.088179
0.040045
0.135580
0.061756
-0.154795
-0.126761
0.019901
0.083179
0.072491
0.008664
-0.000173
-0.038997
-0.039936
-0.075289
-0.063068
0.026990
0.087003
0.108096
0.060140
-0.012347
-0.166087
-0.141160
-0.012139
0.054661
0.050934
0.044449
0.113524
0.092656
-0.048088
-0.185288
-0.196132
-0.045249
0.118201
0.151717
0.074000
-0.041704
-0.023525
0.005612
-0.054594
-0.093765
-0.075579
0.058194
0.113418
0.071839
-0.029215
-0.112713
-0.059995
-0.017307
0.115055
0.079490
-0.064764
-0.090175
-0.061760
0.074042
0.056044
0.027727
-0.075581
-0.029766
0.062831
-0.028027
-0.049406
-0.077783
0.072265
0.119963
0.030551
-0.063227
-0.142049
-0.092963
0.088629
0.168687
0.060310
-0.085119
-0.119444
-0.068000
-0.032855
0.025235
0.039370
0.106337
0.062645
-0.021564
-0.077346
-0.104536
-0.048167
0.043592
0.103967
0.040965
-0.054515
-0.107130
-0.057889
0.034431
0.100385
0.065939
-0.009006
-0.097160
-0.038731
0.025931
0.018859
-0.002656
-0.037917
0.004407
0.006602
0.022950
-0.043229
-0.010073
0.037845
0.031274
-0.076914
-0.083606
0.011834
0.086202
0.115474
-0.025694
-0.111176
-0.109841
0.014118
0.062184
0.069715
-0.008233
-0.001775
-0.002370
-0.022816
-0.051458
-0.033589
0.035943
0.037772
0.027292
-0.017346
0.010445
-0.050959
-0.070030
0.013338
0.085546
0.065298
-0.023669
-0.081144
-0.021900
0.017687
0.026007
-0.009159
-0.011787
0.019422
-0.049982
-0.019422
0.084986
0.078133
-0.048214
-0.115144
-0.020079
0.050671
0.048451
-0.032871
0.002383
0.027451
0.040697
-0.007252
-0.083346
-0.034771
-0.050220
0.039429
0.104982
0.156856
-0.017287
-0.167109
-0.141367
0.008494
0.115913
0.052881
0.003422
-0.011451
0.011199
-0.015049
-0.048366
-0.033596
0.016884
0.010173
0.042755
0.045121
0.002359
-0.047503
-0.053068
-0.004171
0.037789
0.076471
0.001061
-0.090165
-0.068144
0.025190
0.056851
0.057177
0.051980
-0.033289
-0.003433
-0.065665
-0.029290
-0.050032
-0.004576
0.066487
0.077145
0.086253
-0.048484
-0.057453
-0.062002
0.025992
-0.058718
-0.014661
0.076152
0.093918
0.003863
-0.100820
-0.049274
0.059496
0.097256
-0.038838
-0.030867
-0.027767
-0.011340
0.032015
-0.007503
-0.032498
-0.033172
0.040604
0.113170
0.068759
-0.034542
-0.095613
-0.073138
-0.073037
0.059980
0.150022
0.104282
-0.044490
-0.143628
-0.059796
0.019761
0.023745
0.041869
0.084468
0.051993
-0.033188
-0.086165
-0.034467
-0.020588
-0.023582
0.027990
0.094534
0.071544
-0.031376
-0.072528
-0.024273
-0.005700
0.030935
0.011719
0.023616
0.034411
-0.054085
-0.065475
-0.061361
0.058249
0.133357
0.001292
-0.009485
-0.036237
-0.093988
-0.027224
0.087194
0.198190
0.004794
-0.168523
-0.142998
-0.021198
0.053021
0.045958
0.109637
0.107647
0.072632
-0.182262
-0.153612
-0.077869
-0.024191
0.118818
0.169097
0.219313
-0.119840
-0.263356
-0.202562
0.037774
0.171397
0.214616
0.112892
-0.065862
-0.185175
-0.270236
-0.023260
0.065668
0.239029
0.219618
0.219342
-0.075543
-0.367853
-0.341640
-0.085629
0.194162
0.184459
0.256601
0.115189
0.003984
-0.274218
-0.170235
-0.078860
0.027930
0.152010
0.070900
0.089201
-0.047841
-0.062612
-0.046606
-0.042708
0.002312
0.087654
0.025141
-0.002147
0.016714
0.072498
-0.035109
-0.154819
-0.025870
-0.014555
0.018906
0.070659
0.142136
0.137777
-0.075416
-0.136561
-0.220118
-0.098891
0.116216
0.203634
0.172445
-0.052535
-0.091186
-0.125952
-0.110596
0.007513
0.106731
0.121903
0.044906
0.049779
0.044287
-0.115830
-0.226828
-0.154417
0.121847
0.143583
0.120060
0.080975
0.017969
-0.101148
-0.181802
0.032593
-0.016322
0.077342
0.014358
-0.007609
-0.033888
0.053747
0.128211
-0.045090
-0.071792
-0.219150
0.003329
0.052042
0.145471
0.095251
0.093550
0.002275
-0.217364
-0.164585
-0.171512
0.093380
0.135101
0.226165
0.208042
0.110354
-0.157752
-0.410482
-0.227802
0.080482
0.197491
0.102539
0.040055
0.081322
0.032240
-0.016828
-0.124111
-0.222850
-0.036758
0.063098
0.132357
0.112287
0.145125
0.031263
-0.127311
-0.192135
-0.091815
0.027350
0.011221
0.014492
0.126469
0.204669
-0.013679
-0.180582
-0.160521
0.014216
-0.040420
-0.015619
0.120242
0.155942
0.041810
-0.062449
-0.020009
-0.013669
-0.059413
-0.119947
-0.029740
0.014386
0.035849
0.052845
0.193970
0.040806
-0.110633
-0.204076
-0.098164
0.115174
0.124205
0.110196
-0.091722
-0.041917
-0.190319
-0.044486
0.051727
0.109280
0.192287
0.125930
0.054239
-0.252848
-0.320122
-0.220304
0.099354
0.219694
0.261404
0.174192
0.004998
-0.220437
-0.237303
-0.100802
0.004125
0.107365
0.081505
0.128233
0.054956
-0.024803
-0.139558
-0.129534
-0.044589
0.028958
0.044013
-0.001250
0.006827
0.108937
-0.020940
-0.057296
-0.012767
-0.003857
0.043756
0.019007
0.075928
-0.088367
-0.151687
-0.130565
0.063929
0.148928
0.130825
0.103876
-0.031659
-0.152095
-0.219456
-0.086562
0.074265
0.196664
0.123404
-0.009189
-0.122940
-0.111643
-0.062227
0.012843
0.099839
0.109680
0.039640
-0.076285
-0.097606
-0.074699
-0.045892
0.013182
0.156681
0.174625
-0.012035
-0.188792
-0.165707
-0.063158
0.097255
0.234362
0.186503
-0.023419
-0.228045
-0.252961
-0.141612
0.040336
0.182672
0.295031
0.165613
-0.078029
-0.244004
-0.210109
-0.018992
0.088632
0.118899
0.077643
-0.045152
-0.119381
-0.052315
0.035132
0.140474
0.094540
-0.009215
-0.127869
-0.172367
-0.094152
0.043899
0.154598
0.197306
0.121682
-0.105735
-0.249215
-0.234155
-0.004583
0.186835
0.244616
0.104185
-0.063379
-0.143092
-0.154052
-0.086225
0.003801
0.110655
0.140355
0.101017
-0.005380
-0.090670
-0.191677
-0.128904
0.059083
0.208547
0.151097
-0.060555
-0.193276
-0.118919
0.047370
0.142465
0.165307
-0.009091
-0.117042
-0.143003
-0.046753
0.034956
0.036226
0.053211
0.059580
0.055734
-0.015433
-0.096146
-0.133875
-0.017626
0.060480
0.103501
0.056152
-0.010596
-0.080344
-0.108868
0.007541
0.126879
0.112776
-0.033028
-0.125391
-0.135610
-0.016026
0.101295
0.173234
0.092499
-0.098746
-0.180087
-0.104267
0.045038
0.113168
0.097300
0.030674
-0.044757
-0.097322
-0.090459
-0.005202
0.086118
0.098381
0.028951
-0.029163
-0.057650
-0.047210
-0.008246
0.028493
0.028177
-0.019528
-0.030506
-0.010896
0.017992
0.047526
0.063333
0.023712
-0.066237
-0.123933
-0.063358
0.007159
0.066009
0.110145
0.109907
0.021555
-0.121505
-0.192397
-0.107764
0.051926
0.146225
0.187688
0.070787
-0.063518
-0.229020
-0.175801
0.014353
0.155722
0.227237
0.120279
-0.031986
-0.227672
-0.240370
-0.103088
0.121115
0.237221
0.218086
0.062240
-0.148404
-0.244666
-0.198742
0.012535
0.164285
0.212181
0.112661
-0.050885
-0.188416
-0.153293
-0.000415
0.145348
0.149987
0.010510
-0.098466
-0.160649
-0.076162
0.069149
0.200324
0.148907
-0.032867
-0.185535
-0.186672
-0.050921
0.076184
0.182573
0.179881
0.053320
-0.134546
-0.211139
-0.120699
0.043922
0.150107
0.152338
0.055560
-0.111059
-0.179329
-0.080519
0.094700
0.198238
0.119060
-0.035625
-0.163764
-0.195672
-0.085540
0.095501
0.238868
0.213253
0.035784
-0.131961
-0.225251
-0.195040
-0.047587
0.143509
0.239093
0.165779
-0.007968
-0.168071
-0.181146
-0.082488
0.084800
0.165955
0.144771
-0.002262
-0.148165
-0.187764
-0.090055
0.104128
0.180029
0.148556
0.019434
-0.078877
-0.157430
-0.147432
-0.022954
0.113801
0.181541
0.127222
0.015521
-0.124470
-0.179174
-0.104323
0.033168
0.143968
0.126938
0.042542
-0.048914
-0.090893
-0.070593
-0.016961
0.054057
0.051607
0.038579
-0.009352
-0.020161
-0.030701
-0.031523
-0.000415
0.006239
0.038251
0.041522
0.037386
-0.002078
-0.028466
-0.060722
-0.049023
-0.009760
0.044133
0.081288
0.039949
-0.027429
-0.065538
-0.031985
0.003680
0.048888
0.075748
0.055879
-0.041727
-0.123736
-0.119999
-0.024125
0.092614
0.164890
0.140747
-0.017205
-0.161808
-0.197082
-0.083905
0.087489
0.225056
0.192323
0.028618
-0.168347
-0.270879
-0.175860
0.025651
0.231515
0.278917
0.167159
-0.081524
-0.264398
-0.275721
-0.105879
0.139456
0.271260
0.246703
0.038416
-0.188655
-0.280691
-0.188714
0.005659
0.212359
0.304863
0.201440
-0.049649
-0.278848
-0.319086
-0.167796
0.078728
0.281287
0.313040
0.150341
-0.116028
-0.289528
-0.257207
-0.070132
0.134627
0.230326
0.195516
0.046593
-0.118027
-0.237661
-0.187484
-0.003436
0.168071
0.224735
0.147609
0.000612
-0.165003
-0.239340
-0.162920
0.047840
0.200740
0.192401
0.088468
-0.034901
-0.132935
-0.155431
-0.075081
0.039238
0.101033
0.090615
0.041068
-0.009123
-0.061189
-0.073122
-0.038029
0.018613
0.054483
0.047966
0.020481
-0.007528
-0.022355
-0.036962
-0.008392
0.003462
0.010188
-0.000053
-0.015453
-0.001315
0.008849
0.032599
0.019355
-0.000389
-0.021608
-0.032496
-0.026203
-0.011206
0.014747
0.027320
0.025695
-0.012444
-0.017365
0.000453
0.020855
0.014964
-0.003800
-0.015510
-0.022987
-0.030679
-0.044040
-0.007905
0.046705
0.079657
0.062137
-0.004866
-0.078594
-0.092559
-0.058912
0.010917
0.068873
0.092905
0.042756
-0.037071
-0.065113
-0.058854
-0.026181
0.000853
0.032349
0.055936
0.043953
-0.001611
-0.035269
-0.057090
-0.049975
-0.011187
0.031205
0.048425
0.043108
0.003074
-0.036590
-0.045308
-0.035229
-0.016993
-0.009252
0.020212
0.034166
0.040788
0.017343
-0.021264
-0.028769
-0.024383
-0.030577
-0.026949
0.000447
0.041968
0.035118
0.004739
-0.002489
-0.006921
-0.013746
-0.051035
-0.042910
0.000670
0.041569
0.047542
0.032796
0.003579
-0.023448
-0.062684
-0.076876
-0.034426
0.029625
0.084612
0.075734
0.024750
-0.028400
-0.058652
-0.092942
-0.059272
0.003142
0.049871
0.061732
0.027838
0.021191
0.005240
-0.037381
-0.056717
-0.047938
-0.018391
0.008026
0.017890
0.039418
0.023195
0.004840
-0.006725
-0.013481
-0.009357
-0.022369
-0.030143
-0.033884
-0.011748
0.014047
0.040673
0.040777
0.025176
-0.005512
-0.035234
-0.044226
-0.043819
-0.022617
0.007031
0.031001
0.017810
0.014316
0.007993
0.007652
-0.011588
-0.032935
-0.029075
-0.018466
-0.014431
-0.016687
0.019323
0.037281
0.033221
0.006987
-0.010576
-0.008648
-0.022904
-0.041399
-0.052341
-0.027223
0.001397
0.038288
0.077876
0.062779
0.031355
-0.032612
-0.087177
-0.105644
-0.060934
0.020622
0.069944
0.087539
0.064583
0.028315
-0.036110
-0.077949
-0.085374
-0.043127
0.011310
0.040088
0.050499
0.029870
0.023294
0.004970
-0.020322
-0.043388
-0.049929
-0.020069
0.004438
0.034040
0.045457
0.023424
-0.004729
-0.026728
-0.028076
-0.009505
0.003757
0.008263
0.009149
-0.003737
-0.021897
-0.018640
0.007854
0.019517
0.019361
0.020629
0.010911
-0.010246
