-0.012905
0.003472
0.017655
0.014720
0.006626
0.002805
0.013037
0.003567
-0.010690
-0.015063
-0.004787
0.001356
0.009495
0.011906
0.013945
0.025026
0.022953
-0.009268
-0.046486
-0.040402
-0.013209
0.002846
0.019344
0.047854
0.054425
0.009104
-0.053649
-0.071749
-0.044343
-0.004001
0.022335
0.039741
0.038738
0.007885
-0.021421
-0.037543
-0.027253
-0.000488
0.027207
0.018816
-0.017610
-0.035245
-0.029182
-0.011906
0.002684
0.024742
0.028593
0.019179
-0.011727
-0.035648
-0.028340
0.002823
0.029104
0.021234
0.006684
-0.023836
-0.051740
-0.060238
-0.010117
0.049327
0.080414
0.044075
-0.014565
-0.051792
-0.071531
-0.037764
-0.003812
0.047482
0.053973
0.037021
-0.002324
-0.042875
-0.045710
-0.024352
0.018167
0.033433
0.032735
0.005298
-0.015763
-0.028087
-0.019144
0.001299
0.025254
0.030319
0.004147
-0.013981
-0.026487
-0.010157
0.021710
0.036553
0.020571
-0.002899
-0.008178
-0.018114
-0.009454
0.016847
0.037910
0.025729
-0.012938
-0.032716
-0.027282
0.011095
0.037986
0.056321
0.033171
-0.018076
-0.056702
-0.050482
0.005698
0.046626
0.061085
0.029434
-0.009760
-0.031771
-0.023771
0.001345
0.016711
0.012283
0.006989
-0.001006
-0.011936
-0.005926
0.011964
0.023548
0.002295
-0.009989
-0.013543
-0.000698
0.011406
0.003864
0.006763
0.009595
-0.006904
-0.032101
-0.023774
0.007989
0.020418
0.004889
0.005142
0.021804
0.005995
-0.024239
-0.030719
-0.007149
-0.002687
-0.011176
-0.000153
0.019052
0.020209
0.005774
-0.012820
-0.016893
0.001970
-0.035861
-0.030217
0.014579
0.055025
0.034875
-0.030338
-0.045665
-0.035659
-0.001425
0.001886
0.042670
0.044187
-0.009649
-0.081578
-0.074599
-0.000484
0.068471
0.069227
0.011131
-0.017550
-0.078199
-0.076600
-0.020908
0.079375
0.078769
0.005848
-0.048728
-0.073010
-0.043875
-0.018001
0.039347
0.082127
0.067909
-0.037163
-0.115774
-0.090768
-0.008142
0.073809
0.088678
0.044001
-0.014156
-0.067359
-0.086833
-0.057908
0.003840
0.056563
0.080509
0.065332
-0.008436
-0.084378
-0.095639
-0.021234
0.053227
0.064674
0.009549
-0.025922
-0.010724
0.008114
0.003496
-0.013450
-0.004779
0.014934
0.016261
-0.006616
-0.044260
-0.039091
0.025354
0.051504
0.070767
0.060919
0.001387
-0.048076
-0.087863
-0.072139
-0.034927
0.032681
0.106807
0.108849
0.062908
-0.035893
-0.092445
-0.103687
-0.044548
0.025758
0.089137
0.094873
0.005035
-0.050032
-0.043353
-0.000296
0.018423
0.027404
-0.000441
0.005784
0.004685
-0.008873
-0.051969
-0.024298
0.026861
0.059626
0.049322
0.004100
-0.011111
-0.047045
-0.036307
-0.050901
-0.020870
0.011076
0.066928
0.075202
0.045688
-0.035317
-0.097448
-0.082285
-0.039467
0.018387
0.043670
0.063788
0.044731
0.009677
-0.058989
-0.061679
-0.055990
-0.005737
0.012289
-0.001321
0.012625
0.054126
0.033772
0.003728
-0.015584
-0.066395
-0.069884
-0.071322
0.040498
0.089961
0.105939
0.051636
-0.050756
-0.126096
-0.161054
-0.066682
0.056471
0.125991
0.109147
0.048178
-0.022865
-0.098693
-0.144237
-0.081674
-0.007856
0.033480
0.094277
0.155078
0.125053
-0.077487
-0.267951
-0.180225
0.028096
0.140678
0.123532
0.094841
0.039647
-0.100494
-0.188863
-0.127774
0.046416
0.111656
0.130924
0.115607
0.015305
-0.173077
-0.215831
-0.028529
0.120722
0.144605
0.071368
0.069893
-0.032756
-0.158919
-0.156293
-0.025575
0.147544
0.151311
0.120815
0.025130
-0.123722
-0.222566
-0.119379
0.121722
0.191951
0.115998
0.023260
-0.008743
-0.071109
-0.171588
-0.134109
0.017301
0.123181
0.162589
0.168663
0.053296
-0.153700
-0.249777
-0.126766
0.073401
0.160550
0.136587
0.125981
0.025783
-0.142311
-0.201206
-0.125885
0.038644
0.110716
0.160397
0.157027
-0.007233
-0.208524
-0.251947
-0.050586
0.179741
0.200463
0.038082
-0.006534
-0.074857
-0.125601
-0.094732
-0.025234
0.076225
0.099062
0.162781
0.030790
-0.081501
-0.163618
-0.162403
-0.029799
0.101955
0.179641
0.094753
-0.019946
-0.176078
-0.167225
-0.069564
0.024414
0.116247
0.187015
0.056758
-0.157388
-0.203598
-0.160992
-0.034036
0.174747
0.292245
0.194641
0.007116
-0.180372
-0.268348
-0.223431
-0.092465
0.091754
0.241525
0.242061
0.122849
-0.030615
-0.156150
-0.238157
-0.157659
0.002605
0.135520
0.171241
0.102353
-0.053627
-0.131622
-0.081070
0.026923
0.057552
0.031171
-0.013782
-0.031983
0.020591
0.007165
0.006564
-0.057728
0.000294
-0.020055
0.032967
0.105405
0.075243
0.001272
-0.040773
-0.038311
-0.063851
-0.052340
-0.031392
0.044140
0.051884
0.097848
0.068520
0.044584
-0.025924
-0.075122
-0.079108
-0.028856
0.009603
0.036399
0.032772
0.013221
0.043749
0.100760
0.018352
-0.113680
-0.051657
-0.004353
0.014127
0.020751
0.100995
0.070940
0.003156
-0.067701
-0.123661
-0.053845
-0.036687
0.054810
0.253745
0.176222
-0.028201
-0.218153
-0.218159
-0.017516
0.130111
0.169525
0.058119
-0.024656
-0.102039
-0.209262
-0.121998
0.078788
0.250828
0.333010
0.034922
-0.179660
-0.259131
-0.200512
-0.101146
0.073502
0.277140
0.144277
0.009958
-0.140512
-0.097099
0.053370
0.093511
0.050261
-0.142169
-0.110025
-0.082740
-0.032036
0.121171
0.121211
0.157523
0.045339
-0.039035
-0.239340
-0.131871
-0.078555
-0.028429
0.135446
0.142273
0.178489
0.128316
0.012755
-0.332596
-0.317924
-0.176063
0.183377
0.273756
0.151613
0.070013
0.041951
0.013151
-0.271472
-0.232100
-0.101901
0.114785
0.189321
0.144030
0.132148
-0.026702
-0.174283
-0.299963
-0.104472
0.204629
0.197023
0.093169
-0.095557
-0.004918
-0.095238
-0.111474
-0.016357
0.005258
0.072001
0.074883
0.106447
0.063355
-0.008140
-0.200779
-0.126277
-0.015226
0.017582
0.066625
0.188701
0.194441
-0.063671
-0.282923
-0.254563
-0.066832
0.154507
0.316733
0.276167
-0.037670
-0.300101
-0.369962
-0.092356
0.144053
0.293197
0.215601
0.061599
-0.043374
-0.307254
-0.333844
-0.118133
0.339164
0.347941
0.224345
-0.099242
-0.343819
-0.370479
-0.055113
0.262221
0.367554
0.281971
-0.142284
-0.342852
-0.349989
-0.001540
0.151950
0.360182
0.204359
-0.142252
-0.248774
-0.280917
0.024251
0.227491
0.247172
0.023303
-0.087575
-0.052950
-0.059737
0.009996
0.066421
-0.018768
-0.211726
-0.084457
0.045807
0.228468
0.217520
0.007075
-0.118325
-0.149180
-0.038278
-0.048868
-0.005758
-0.056318
0.040162
0.068467
0.039379
0.103889
0.081138
-0.005120
-0.161341
-0.193261
-0.028895
0.078991
0.051246
0.079650
0.070757
0.027993
-0.021352
-0.067146
-0.109019
-0.021393
-0.009207
0.018400
0.005197
-0.023122
0.056292
0.017487
0.018837
-0.020105
0.093174
-0.007049
-0.086822
-0.108819
-0.070002
-0.003756
-0.010229
0.174956
0.153884
0.058480
-0.168968
-0.156952
-0.069425
0.022721
0.103746
0.091935
0.013680
-0.120186
-0.060311
0.029695
0.091543
0.066609
0.061204
-0.029158
-0.126510
-0.162871
-0.026961
0.090025
0.091982
0.099955
0.008553
0.003271
-0.049542
-0.053323
-0.087587
-0.109487
0.029126
0.122297
0.150379
0.062403
0.021467
-0.021277
-0.121124
-0.217154
-0.067352
0.053503
0.095819
0.069938
0.046453
0.128510
0.029318
-0.089213
-0.147642
-0.070078
-0.086115
0.050777
0.112355
0.091949
0.016745
-0.016837
-0.016643
-0.035055
-0.000204
-0.105197
-0.053852
0.044836
0.108013
0.092173
0.087791
-0.112204
-0.189004
-0.105230
0.065379
0.119979
0.169632
0.037457
-0.165420
-0.124370
-0.083521
0.063314
0.117941
0.173152
-0.039053
-0.129497
-0.143331
-0.053216
0.105395
0.079955
0.041929
-0.036726
-0.022108
0.011029
-0.010978
-0.096327
-0.079958
-0.002962
0.182724
0.215131
0.010232
-0.237137
-0.300684
-0.043306
0.158068
0.282475
0.117064
-0.147468
-0.254963
-0.097041
0.160726
0.172639
0.093350
-0.120688
-0.176155
-0.031951
0.114710
0.090056
0.017526
-0.065532
-0.143767
-0.024636
0.056593
0.100906
0.036713
-0.071583
-0.047248
0.005723
0.030938
-0.037929
-0.047792
-0.014488
0.096391
0.111002
-0.078464
-0.143995
-0.033378
0.140605
0.097522
-0.007426
-0.066332
-0.062681
-0.024664
-0.040622
0.058070
0.025343
-0.084776
-0.022144
0.137422
0.163799
-0.004953
-0.050969
-0.083216
-0.064546
-0.050729
-0.013668
-0.004098
-0.015790
0.057218
0.147355
0.209787
-0.042816
-0.215888
-0.180753
-0.066168
0.096426
0.149153
0.133537
0.049977
-0.093274
-0.136266
-0.033691
0.116368
0.093404
0.021261
-0.133033
-0.219846
-0.004935
0.154025
0.226153
0.151062
0.009340
-0.167010
-0.143614
-0.065664
0.007697
0.008218
-0.059519
0.007133
0.168158
0.297306
0.012923
-0.212437
-0.266458
-0.054628
0.148287
0.132146
0.066749
-0.057141
-0.086084
-0.093236
0.045505
0.206555
0.107612
-0.141374
-0.265944
-0.091768
0.121531
0.228778
0.128295
-0.210339
-0.186966
0.031968
0.135972
0.059366
0.054268
-0.002248
-0.027076
0.019774
-0.089643
-0.113752
-0.134368
-0.039262
0.141084
0.358646
0.167656
-0.126154
-0.312648
-0.238597
0.033428
0.152247
0.208076
-0.024721
-0.090295
-0.113388
-0.032946
0.079883
0.152758
0.096167
-0.110535
-0.170937
-0.136385
0.020244
0.038789
0.093813
0.055549
0.058280
0.037999
0.000576
-0.105361
-0.170324
-0.069322
0.019872
0.205159
0.143556
-0.033233
-0.173053
-0.156622
-0.001687
0.162357
0.172777
-0.017927
-0.140047
-0.131512
-0.013127
0.138935
0.140563
0.026761
-0.117117
-0.152657
0.003477
0.099054
0.091150
0.013603
-0.134848
-0.058020
0.010338
0.041127
0.074249
0.008731
-0.018919
0.081234
0.205143
0.064662
-0.179356
-0.368179
-0.216677
0.069446
0.258378
0.314511
0.202658
-0.054296
-0.245200
-0.214430
-0.095555
0.043798
0.083670
0.112649
0.150053
0.123644
-0.037661
-0.201477
-0.248461
-0.065327
0.207553
0.243028
0.074790
-0.130786
-0.203835
-0.092375
0.081670
0.164123
0.085435
-0.039771
-0.109151
-0.056793
0.058710
0.017095
-0.021214
-0.015705
0.016249
0.081947
0.039660
-0.072539
-0.172716
-0.009386
0.086450
0.123993
0.099444
-0.092564
-0.175192
-0.061593
0.091462
0.119761
0.064789
-0.096347
-0.104107
-0.002722
0.040073
-0.001700
0.003459
-0.048034
-0.014055
0.076151
0.057009
0.028318
-0.076470
-0.104444
-0.034777
0.063079
0.032313
0.006587
-0.057603
-0.066223
0.057275
0.060388
-0.013048
-0.051863
-0.018024
0.023210
0.085735
0.037109
-0.085506
-0.086799
-0.039450
0.057999
0.093906
0.007126
-0.091605
-0.067198
0.031577
0.095585
0.070835
-0.054589
-0.103109
-0.058614
0.056081
0.121465
0.055867
-0.147644
-0.162591
-0.003215
0.173157
0.186494
-0.062846
-0.198124
-0.113387
0.102168
0.178707
0.131742
-0.129967
-0.239063
-0.048251
0.116057
0.198084
0.001894
-0.132902
-0.109887
0.046299
0.128567
0.079034
-0.046039
-0.216499
-0.078789
0.125474
0.229135
-0.002235
-0.190447
-0.093514
0.066047
0.173085
0.098142
-0.067412
-0.218941
-0.149109
0.009966
0.230869
0.166095
-0.038325
-0.190520
-0.135087
0.078925
0.144672
0.114827
0.022469
-0.014414
-0.068528
-0.054767
-0.139248
-0.111255
-0.023584
0.127062
0.269856
0.172054
-0.033041
-0.266812
-0.226972
-0.012172
0.164188
0.138901
0.069115
-0.023909
-0.055250
-0.072373
-0.057502
0.017984
0.049245
0.080827
-0.008628
-0.065965
-0.078914
-0.024412
0.041983
0.081227
0.027976
-0.019727
-0.053093
-0.023604
0.057755
0.032289
-0.027409
-0.076417
-0.004807
0.080582
0.029507
-0.052321
-0.105299
-0.080500
0.069504
0.132405
0.122138
-0.041510
-0.159878
-0.114323
0.046657
0.116066
0.036216
-0.060089
-0.103855
0.019926
0.053066
0.042755
-0.072865
-0.058995
0.034754
0.067258
0.046734
-0.086669
-0.138194
-0.048301
0.103422
0.161862
0.094719
-0.048304
-0.131311
-0.116491
-0.028150
-0.015756
0.009230
0.081889
0.113504
0.022196
-0.090995
-0.131638
-0.074231
0.076781
0.127955
0.099551
-0.053959
-0.102202
-0.078450
-0.049109
0.065926
0.015012
-0.013957
0.065287
0.071148
0.006809
-0.094219
-0.102560
0.003300
0.079633
0.106072
0.035010
-0.043923
-0.075271
-0.084825
-0.011676
0.062893
0.053971
0.016229
-0.006343
0.002486
-0.002579
-0.098678
-0.076274
0.008549
0.105364
0.093749
-0.018950
-0.032801
-0.062095
-0.000293
0.042244
-0.000034
-0.027833
-0.064595
0.003532
0.108472
0.018211
-0.094045
-0.035755
0.118073
0.121080
-0.042422
-0.127240
-0.119579
-0.005642
0.078859
0.116420
0.098905
-0.024957
-0.102592
-0.075214
-0.008868
0.026875
-0.013335
0.000331
0.034092
0.063866
0.035625
-0.051219
-0.019506
-0.031350
0.000222
0.001030
0.011063
0.025817
-0.025901
-0.010156
-0.021982
0.016307
0.009751
0.007302
-0.015999
-0.032157
0.023840
0.053878
0.003300
-0.060383
-0.023312
0.028167
0.071056
-0.027311
-0.096628
-0.092686
0.040247
0.173556
0.117031
-0.028089
-0.177505
-0.102216
0.043883
0.095877
0.014029
0.002261
0.020356
0.017099
-0.050035
-0.127622
-0.031384
0.078895
0.122510
0.072699
0.018058
-0.073021
-0.126294
-0.097084
-0.000353
0.075370
0.095107
0.063025
0.011271
-0.006527
-0.070001
-0.076049
-0.033199
0.015781
0.052586
0.045582
-0.012830
-0.039153
-0.045293
-0.003758
0.025199
0.041088
0.059382
-0.004389
-0.060867
-0.104277
0.024052
0.054794
0.045960
-0.002257
-0.039580
0.033123
0.025867
0.042691
0.024045
-0.014934
-0.088653
-0.084977
-0.018255
0.052423
0.060803
0.080762
0.087233
0.069421
-0.079002
-0.167161
-0.088180
0.026633
0.098767
0.048181
0.112091
0.038605
-0.049159
-0.164919
-0.112773
0.063484
0.130985
0.115425
-0.027378
-0.041173
-0.036461
-0.047447
-0.032846
0.020599
0.094083
0.105844
-0.026603
-0.096089
-0.084193
0.022795
0.056242
0.013796
0.026752
0.007080
0.031723
-0.059812
-0.055604
-0.046237
0.024487
0.084766
0.070645
0.054576
-0.043511
-0.060049
-0.086373
-0.015564
0.057017
0.079776
0.037762
-0.061774
-0.090896
-0.040288
0.060112
0.099495
0.019849
-0.026317
-0.038185
-0.057899
-0.023359
-0.017348
0.039136
0.056261
0.037129
-0.001253
-0.030771
-0.026103
-0.045059
-0.011299
-0.000578
0.047257
-0.001325
-0.049415
-0.036069
0.004224
0.073493
0.056491
-0.016135
-0.057898
-0.046516
-0.042869
0.030927
0.023311
0.033167
0.004276
0.006316
-0.008385
-0.002370
0.006156
-0.042417
-0.046947
-0.041788
0.041288
0.055288
0.073145
-0.049908
-0.040750
-0.006539
0.036450
-0.018475
-0.088663
-0.005817
0.039939
0.083700
-0.034171
-0.040939
-0.009883
0.023195
0.002878
0.008556
-0.007515
-0.030495
-0.020832
0.002456
0.021576
0.013965
-0.008179
-0.012418
0.054911
0.061587
-0.007633
-0.140178
-0.100049
0.017694
0.112871
0.043968
-0.011101
0.009012
0.074002
0.035852
-0.089175
-0.090712
-0.039226
0.046905
0.037880
0.048438
0.008098
-0.005610
-0.050323
-0.041844
0.012782
0.054510
0.023510
-0.015740
-0.012245
-0.001714
0.027699
-0.017397
0.011252
-0.008051
-0.011529
-0.033149
0.013480
0.025516
-0.004072
-0.033509
-0.048434
0.035751
0.067511
0.051403
-0.027719
-0.071775
-0.047614
0.006542
0.022481
0.016889
0.005784
0.010160
-0.033392
-0.026090
-0.011010
0.043143
0.012373
-0.043032
0.002320
0.024225
0.036338
-0.052627
-0.062116
-0.014763
0.084583
0.037675
-0.032908
-0.041834
0.004823
0.038294
-0.042619
-0.005831
-0.001531
-0.000488
-0.045885
-0.034281
0.073082
0.056493
-0.035138
-0.053988
0.020576
0.029119
-0.039128
-0.074570
-0.023184
0.060372
0.032210
0.003857
-0.005353
0.025353
0.003265
-0.026220
-0.029589
-0.030461
0.021929
-0.050013
-0.028744
0.020944
0.127918
0.061641
-0.048181
-0.059844
-0.048435
-0.019091
-0.071838
0.044566
0.117668
0.092381
-0.079562
-0.119795
-0.025763
0.025367
0.020738
0.000702
0.066571
0.009068
-0.053498
-0.051230
0.025619
0.052444
-0.020173
-0.031602
0.015945
0.047607
-0.030700
-0.053787
0.010738
0.050059
-0.005087
-0.043472
-0.049182
0.014130
0.047377
0.009921
0.028730
-0.002110
0.006235
-0.073677
-0.055771
0.012972
0.041446
0.058528
0.004685
-0.007297
0.003133
-0.028134
-0.059957
-0.056523
0.012199
0.070581
0.045298
0.021290
-0.034533
-0.002626
-0.002891
-0.035061
-0.057368
-0.038120
0.043687
0.025717
0.014188
0.024430
0.024618
-0.030440
-0.056759
0.023523
-0.006385
-0.029978
-0.035422
0.020819
0.063052
0.036931
-0.007331
-0.026574
0.026179
-0.051955
-0.089111
-0.033804
0.107616
0.097265
-0.030865
-0.061209
-0.035001
-0.009942
-0.062075
-0.004705
0.112293
0.123146
-0.022204
-0.139377
-0.082623
-0.014015
0.018667
0.049985
0.071939
0.035125
-0.056623
-0.055328
-0.019523
0.008329
-0.014270
0.004388
0.022847
0.011264
0.017697
-0.042343
-0.034231
-0.005875
0.048926
0.018636
-0.011927
-0.013255
-0.028733
-0.021470
-0.034600
0.019420
0.004616
0.020842
0.023341
0.022249
0.053368
0.023190
-0.036980
-0.101143
-0.031475
-0.006306
0.003586
0.009943
0.057452
0.084369
0.006932
-0.040565
-0.073532
-0.027243
-0.019436
0.008325
0.046005
0.058052
0.012075
-0.046737
-0.021133
-0.024272
0.022261
0.053354
0.030004
0.012611
-0.042390
-0.030134
-0.029088
0.014762
0.062029
0.012060
-0.009057
-0.006557
0.051345
0.007727
-0.030055
-0.026872
0.018030
0.025467
-0.023259
0.026737
0.032383
-0.002894
-0.068731
0.000199
0.097460
0.035984
-0.061394
-0.089447
0.002699
0.056932
0.042897
0.021184
0.029850
-0.004619
-0.070235
-0.059419
-0.021311
0.055297
0.062327
0.026767
-0.019493
-0.029208
-0.000484
-0.028655
-0.027948
0.021127
0.079988
0.027135
-0.060659
-0.039479
0.010988
0.011311
-0.019893
0.025842
0.048385
0.017976
-0.048172
-0.073949
-0.005273
0.026413
0.035001
0.001001
-0.000975
0.012780
0.006685
-0.039539
-0.013170
0.067461
0.044323
-0.043277
-0.082655
-0.014554
0.027283
0.004363
0.008717
0.067248
0.068619
-0.039629
-0.111159
-0.017168
0.045152
-0.000033
-0.017609
0.029867
0.040602
-0.028211
-0.048412
0.022262
0.059126
0.005795
-0.041518
-0.009987
0.011026
0.008165
-0.009904
-0.018866
0.024513
0.027005
0.008267
-0.028045
0.006306
0.057230
0.019870
-0.051811
-0.066665
0.023934
0.026012
-0.014852
0.026799
0.067661
0.021778
-0.076059
-0.047466
0.015058
0.004621
-0.021348
0.012366
0.090914
0.047954
-0.040827
-0.095529
-0.052123
0.035243
0.040937
0.024084
0.020262
0.041218
-0.014511
-0.057807
-0.039290
0.010500
0.021763
-0.006358
0.013254
0.067673
0.026779
-0.087234
-0.057298
0.024935
0.033226
-0.014980
-0.004911
0.036144
0.032333
-0.033936
-0.037837
0.000912
0.028763
0.008937
-0.031882
0.004374
0.018140
0.017343
-0.034704
-0.035161
0.019469
0.055989
0.002817
-0.060338
-0.014831
0.017161
0.012184
-0.011690
0.033068
0.030918
-0.043195
-0.074952
-0.003715
0.098763
0.038125
-0.045395
-0.055034
-0.004643
0.002160
-0.019602
0.011271
0.035206
0.030747
-0.020769
-0.029664
-0.025773
0.011943
-0.036946
-0.019769
0.024700
0.027817
0.042807
-0.025072
-0.019775
0.000388
0.039344
-0.043191
-0.070430
-0.012864
0.037382
0.040548
-0.004804
0.029977
0.001358
-0.032169
-0.052995
-0.002605
0.013950
-0.018528
-0.019097
0.040564
0.079831
-0.015361
-0.067950
-0.057499
-0.012918
0.025358
0.043375
0.022823
-0.024662
-0.043732
-0.014825
0.022284
0.013210
0.007526
-0.018624
-0.032243
-0.019588
0.039877
0.061398
-0.035211
-0.062214
-0.005818
0.035876
-0.015710
-0.052548
0.019806
0.092416
0.019680
-0.057987
-0.037878
-0.012460
-0.037156
-0.023636
0.047585
0.040806
0.025660
0.007085
-0.015963
-0.022238
0.014587
-0.007697
-0.061311
-0.054278
0.032245
0.045683
0.000312
0.010103
0.047734
0.044924
-0.048228
-0.089116
-0.038073
0.037818
-0.004812
-0.006371
0.037977
0.046767
0.006799
-0.036854
-0.020963
-0.013424
-0.010124
-0.024319
0.016058
0.062448
0.044596
-0.038720
-0.075113
-0.008035
0.026375
0.002169
-0.021943
0.000548
0.058131
-0.002095
-0.073853
-0.029127
0.041028
0.024647
-0.057445
-0.013742
0.053984
0.038206
-0.030062
-0.046982
0.017087
0.016523
-0.028819
-0.013252
0.057142
0.015471
-0.073729
-0.051715
0.035166
0.067404
-0.003459
-0.039057
-0.013412
0.030497
-0.005733
-0.039793
-0.004243
0.010069
0.013274
-0.008099
-0.000993
0.000371
-0.000136
-0.009731
0.002056
0.020154
0.015232
-0.041715
-0.049091
0.003105
0.041781
0.063817
0.002045
-0.025300
-0.009399
0.034844
-0.000868
-0.075784
-0.043632
0.049580
0.064654
0.001460
-0.027267
0.000929
0.006842
-0.010870
-0.006477
0.027139
0.009387
-0.038978
-0.034255
0.033046
0.081376
-0.017279
-0.064763
-0.005582
0.066593
0.025252
-0.037325
-0.011909
-0.022102
-0.037416
-0.033018
0.052619
0.084308
0.041630
-0.038471
-0.086460
-0.025681
0.017239
0.017680
-0.001649
0.003194
0.038939
0.058120
-0.033233
-0.075476
-0.048100
0.038836
0.054104
0.007535
0.014467
-0.017508
-0.042077
-0.051865
0.035306
0.072549
0.013542
-0.076568
-0.055735
0.029817
0.041953
-0.018295
-0.032573
0.058666
0.060291
-0.046353
-0.095826
-0.039205
0.025297
0.018960
0.007107
0.030824
0.021117
-0.001291
-0.047195
-0.031442
0.015522
0.018169
0.006388
-0.017252
-0.037787
0.003315
0.032295
0.023834
-0.007668
-0.056368
-0.010581
0.041646
0.012961
-0.056202
-0.034828
0.050371
0.044882
-0.013387
-0.023831
0.023809
0.008411
-0.050070
-0.056885
0.041822
0.076807
-0.007266
-0.063091
-0.020837
0.044740
0.003652
-0.011970
0.007383
0.062259
-0.003268
-0.066106
-0.050333
0.045247
0.063900
-0.046537
-0.014933
0.022661
0.055293
-0.059972
-0.071694
0.014712
0.095236
0.049209
-0.053653
-0.021082
0.009126
0.001571
-0.055454
-0.009605
0.063377
0.071119
0.003601
-0.040753
-0.056673
-0.006434
0.001539
0.011914
0.066450
0.050076
0.000916
-0.057683
-0.065596
-0.039932
0.053922
0.093290
0.037692
-0.007276
-0.028519
-0.031593
-0.061002
-0.033500
0.056623
0.107312
0.038133
-0.061459
-0.066429
-0.002027
0.002604
-0.031473
0.001399
0.071371
0.083281
-0.019617
-0.084083
-0.049724
0.032267
0.032863
-0.009236
0.003551
0.026845
-0.011977
-0.044829
-0.017878
0.067336
0.050224
-0.053280
-0.055294
0.000292
0.057012
-0.004853
-0.046932
-0.008301
0.072799
0.051426
-0.054375
-0.064598
-0.000194
0.031423
-0.013966
-0.022615
0.037630
0.046189
-0.001351
-0.040043
-0.008710
0.038920
-0.002530
-0.037595
-0.014151
0.016599
0.013204
0.025172
0.022442
-0.002437
-0.015599
-0.000515
-0.029526
-0.049457
-0.001362
0.056521
0.060840
-0.006580
-0.031941
0.020004
0.008082
-0.046456
-0.023214
0.042768
0.044894
-0.013970
-0.041243
-0.019995
-0.000094
-0.021971
0.048583
0.071773
0.024959
-0.045833
-0.012246
0.026652
-0.055707
-0.052034
-0.009477
0.049821
0.008237
-0.007849
0.061843
0.077408
-0.018557
-0.107322
-0.076638
0.024067
0.016625
0.002710
0.054157
0.064928
-0.001610
-0.099820
-0.052358
0.029323
0.056412
0.020308
0.004399
-0.025847
-0.040525
-0.020368
0.015220
0.028163
0.006121
0.001635
-0.017369
-0.024958
-0.008116
0.027815
0.018604
-0.019540
-0.029952
0.035682
0.061171
-0.021231
-0.100087
-0.067589
0.039783
0.059299
0.028759
-0.005149
0.002357
-0.036261
-0.031817
0.014078
0.033540
0.003189
-0.031562
0.022749
-0.001300
-0.011463
-0.028871
0.005998
-0.003747
-0.035270
0.017755
0.063592
0.025892
-0.062231
-0.046633
0.038683
0.052172
-0.019189
-0.027782
-0.019148
0.010513
-0.007887
0.008064
0.015618
0.004336
-0.013640
-0.023126
-0.003291
-0.016388
0.020835
0.029980
0.042624
-0.006971
-0.042369
-0.028648
-0.013976
-0.007299
0.014029
0.045646
0.016307
-0.051274
-0.064804
0.013567
0.051444
0.017952
-0.029529
-0.006633
0.018230
0.005836
-0.003565
0.000112
-0.005127
-0.017922
-0.009915
0.011364
0.006531
-0.014427
0.000213
0.005575
-0.022354
-0.018629
0.025716
0.042617
-0.011569
-0.034720
0.001709
-0.000232
-0.023399
-0.025763
0.039007
0.037048
-0.005920
-0.041896
-0.031404
-0.014784
-0.004532
0.052551
0.031466
-0.016284
-0.055360
0.023924
0.034358
-0.023391
-0.028116
0.018753
0.038995
-0.056451
-0.036439
0.028800
0.048810
-0.004305
-0.030367
0.010291
0.015505
-0.008382
-0.017141
-0.008950
-0.011600
-0.005471
0.018458
0.006029
-0.024516
-0.000852
0.036785
-0.000129
-0.070610
-0.010953
0.044928
0.033634
-0.020701
-0.011410
0.018831
-0.020553
-0.038749
-0.003040
0.027016
-0.003447
-0.008916
0.007447
0.003351
-0.039542
-0.021518
0.039270
0.041595
-0.013364
-0.024626
0.009365
-0.008390
-0.038018
-0.000422
0.058647
0.029805
-0.021737
-0.021175
-0.016310
-0.032751
-0.015384
0.036176
0.028624
-0.011225
-0.015263
-0.017569
-0.016692
0.004607
0.039723
0.051598
-0.029109
-0.051747
-0.019524
0.010135
0.025010
-0.005305
0.019574
-0.013907
-0.020016
-0.024074
-0.009027
0.016234
0.007019
0.027489
0.000911
0.000537
0.001237
-0.002647
-0.046104
-0.042999
0.024344
0.041313
0.023293
-0.004161
-0.002787
-0.020187
-0.050233
-0.013625
0.025000
0.025373
0.012981
0.031967
0.026970
-0.039835
-0.056344
-0.009507
0.019458
-0.014326
-0.000991
0.040597
0.042200
-0.015202
-0.050513
-0.021554
-0.012920
0.019127
0.040391
0.015877
-0.004316
-0.021841
0.011202
0.002996
-0.038567
-0.004786
0.020481
-0.000704
-0.055571
-0.030804
0.036554
0.060215
0.030327
-0.006362
-0.025972
-0.015888
0.004800
-0.000430
-0.017080
-0.002773
0.035329
0.023773
0.003665
-0.011796
-0.001527
-0.023088
-0.033253
-0.028772
-0.003377
0.021045
0.034133
0.037730
-0.003910
-0.019310
-0.017228
0.017783
-0.014288
-0.034859
0.002096
0.037340
0.006537
-0.048723
-0.008619
0.038944
0.019165
-0.051254
-0.032172
0.023037
0.016333
0.022149
0.000751
-0.028419
-0.035024
0.003095
0.056493
0.001399
-0.021022
0.009106
0.015077
-0.031720
-0.065512
-0.010980
0.038799
0.024919
0.000973
0.015714
-0.009015
-0.018763
-0.015892
0.004153
0.011054
0.004183
0.034882
0.000321
-0.034006
-0.031158
0.026202
0.034066
-0.012293
-0.022661
-0.023112
-0.012690
-0.004242
0.028627
0.023118
0.024160
-0.000505
0.009169
-0.022491
-0.064510
-0.007120
0.026381
0.036636
-0.014116
0.005084
0.031776
-0.013774
-0.042818
-0.020548
0.012286
0.031448
0.023266
0.014691
-0.007604
-0.025809
0.022611
0.012968
-0.036467
-0.066115
-0.019023
0.031133
0.025581
0.034879
0.046363
0.018391
-0.070520
-0.091966
-0.015388
0.065956
0.071836
0.031132
-0.009801
-0.057850
-0.059146
-0.013320
0.015138
0.018239
0.018680
0.047980
-0.002505
-0.054752
-0.026434
0.011425
0.067800
0.032096
-0.003777
-0.045671
-0.042220
0.003025
0.010484
0.009565
0.018923
0.021382
-0.006448
-0.025588
-0.025732
0.030959
0.027649
-0.009633
0.007882
0.020234
0.001184
0.002207
0.022041
0.018923
-0.052243
-0.041979
-0.000681
0.008321
0.010994
0.047372
0.054754
-0.042387
-0.035056
0.023484
0.057124
-0.003544
-0.054203
-0.067502
-0.025253
0.033377
0.084287
0.056879
-0.037205
-0.072707
-0.055240
0.031219
0.018687
0.057874
0.033403
-0.014074
-0.005571
-0.027760
-0.029982
-0.035435
0.030751
0.071487
0.000431
-0.063136
-0.046092
-0.003617
0.004637
0.036314
0.084414
0.009937
-0.042592
-0.087370
-0.033911
0.004997
0.034756
0.079928
0.031097
-0.018069
-0.069795
-0.055961
-0.034033
0.011868
0.057757
0.050857
0.006821
-0.023160
-0.041334
-0.021589
0.008400
0.021837
-0.014961
-0.000942
0.018822
0.007080
-0.040948
-0.057188
0.020241
0.070946
0.065995
-0.014704
-0.037502
-0.039429
-0.028154
-0.011273
-0.005978
0.005148
0.063363
0.076902
-0.025895
-0.113330
-0.064464
0.038246
0.052474
0.016974
0.017772
0.010836
-0.017382
-0.024213
-0.011280
0.018162
0.009683
0.039816
0.014811
-0.031467
-0.065672
-0.024029
0.019087
0.007495
0.034154
0.061331
0.055645
-0.034922
-0.069158
-0.054405
-0.003846
0.031593
0.065108
0.045029
-0.026794
-0.036987
-0.026580
-0.004748
-0.011333
0.018599
0.034543
0.053111
-0.006841
-0.054827
-0.040407
-0.058639
0.056013
0.073557
0.054283
-0.014100
-0.015161
-0.017050
-0.092074
-0.056836
0.016204
0.098176
0.029035
0.005195
-0.006323
0.011748
-0.012868
-0.049739
-0.037225
-0.017144
0.053228
0.037649
0.006498
-0.002352
0.011027
0.006261
-0.053798
-0.075925
-0.003745
0.027876
0.020077
0.021499
0.064978
0.016212
-0.044921
-0.075764
-0.044178
-0.006005
0.030663
0.074402
0.020855
-0.016931
-0.111851
-0.034452
0.001271
0.025361
0.042129
0.093248
0.069924
-0.074339
-0.123168
-0.150003
-0.005335
0.059629
0.137869
0.112878
0.063768
-0.042222
-0.183802
-0.189187
-0.070414
0.110905
0.151921
0.135030
0.023946
-0.051246
-0.140277
-0.126286
-0.044719
0.062988
0.086217
0.091300
0.070716
-0.048295
-0.104646
-0.098884
0.018093
0.041270
0.030753
0.013649
0.014623
-0.006168
-0.026208
-0.044865
-0.037113
0.025315
0.065788
0.057798
-0.038921
-0.056028
-0.019030
0.008613
0.000645
-0.029358
0.028765
0.059266
0.041283
-0.013286
-0.055553
-0.047406
-0.042545
0.024452
0.059945
0.063119
0.031086
0.002423
-0.038135
-0.079461
-0.051537
0.016167
0.067424
0.069066
0.039020
0.007704
-0.041431
-0.081438
-0.052800
0.017717
0.078928
0.075697
0.060904
-0.006925
-0.075696
-0.101550
-0.024172
0.044070
0.048059
0.050763
0.021514
-0.009590
-0.055514
-0.054772
-0.004257
0.026609
0.027318
0.022928
0.001897
-0.021831
-0.038095
-0.018917
0.015899
0.044941
0.038723
0.009907
-0.052521
-0.081143
-0.042834
0.027440
0.068819
0.063429
0.029255
-0.032448
-0.064528
-0.105132
-0.044947
0.051231
0.107446
0.068189
-0.029460
-0.084745
-0.083766
-0.048879
0.029183
0.085542
0.066849
-0.011505
-0.075052
-0.045891
-0.047687
-0.025043
0.024908
0.117752
0.082768
-0.050370
-0.138728
-0.095528
0.016070
0.069778
0.095685
0.080924
0.003217
-0.101398
-0.117762
-0.059132
0.039912
0.070688
0.073276
0.040991
0.006138
-0.088483
-0.118016
-0.053128
0.037931
0.090917
0.087349
0.066996
-0.035824
-0.108955
-0.107324
0.021809
0.074668
0.054416
0.012415
0.003384
-0.014425
-0.062460
-0.053010
-0.021438
0.054213
0.062568
0.049149
0.014805
-0.024216
-0.042248
-0.039487
0.003209
0.000224
-0.002939
-0.004652
0.040142
0.042148
-0.005902
-0.042608
-0.034876
0.017655
0.020977
0.009275
-0.012140
0.011280
-0.002394
-0.011897
-0.013679
0.016353
0.032385
0.020538
0.004908
-0.023897
-0.025911
-0.024537
-0.007811
0.010303
0.022511
0.006723
0.008418
0.020490
0.030108
-0.015421
-0.031320
-0.026127
-0.010923
-0.038702
-0.030508
0.055324
0.090158
0.055271
-0.061939
-0.079382
-0.050684
0.002761
0.031229
0.035228
0.055329
0.026098
-0.014206
-0.052064
-0.065030
-0.020143
0.015169
0.060460
0.058469
-0.006042
-0.061178
-0.080996
-0.012501
0.049039
0.077509
0.043648
-0.009825
-0.050502
-0.073835
-0.067763
0.015098
0.093669
0.091784
0.004873
-0.089925
-0.085292
-0.022779
0.032567
0.031657
0.069203
0.052576
-0.003610
-0.090391
-0.124469
-0.033583
0.066500
0.119875
0.090016
0.010373
-0.066415
-0.097966
-0.074980
0.008540
0.065526
0.080370
0.038516
-0.011518
-0.049847
-0.073095
-0.049082
0.010446
0.079590
0.086223
0.021035
-0.040417
-0.077347
-0.041104
0.017211
0.044168
0.030923
0.026318
0.022178
-0.019167
-0.083224
-0.090514
0.037350
0.101339
0.092084
0.014957
-0.019357
-0.028370
-0.047509
-0.049498
-0.041069
0.001926
0.039857
0.089108
0.077938
0.007905
-0.076840
-0.093240
-0.034609
0.040631
0.041097
0.007318
0.026816
0.044646
0.020311
-0.052497
-0.077366
-0.005494
0.041099
0.032708
0.020486
0.020719
-0.005146
-0.034913
-0.040082
0.009928
0.035084
0.024711
0.017023
-0.012778
-0.018057
-0.032399
-0.012691
0.020692
0.044943
0.023656
-0.007107
-0.052432
-0.030642
0.008339
0.021832
0.033513
0.015697
0.025140
-0.036978
-0.051194
-0.024109
0.008324
0.026459
0.046639
0.040646
-0.016332
-0.063154
-0.040496
0.021506
0.028526
0.009269
-0.019962
-0.020766
-0.016091
0.014473
0.036918
0.034759
-0.008815
-0.033076
-0.053996
-0.050153
-0.007978
0.020975
0.054873
0.056825
0.027119
-0.034092
-0.082982
-0.058078
0.025213
0.071901
0.053432
-0.019315
-0.071716
-0.056570
0.001212
0.034806
0.041507
0.016764
0.006029
0.008973
-0.021232
-0.068825
-0.047994
0.011122
0.052422
0.052181
-0.001664
-0.022595
-0.036685
-0.004780
0.003964
0.018210
-0.002598
-0.025520
-0.010344
-0.006196
0.028064
0.023203
0.016634
-0.013900
-0.021407
-0.025657
-0.024879
-0.000479
0.045930
0.052778
0.002897
-0.040516
-0.067503
-0.025487
0.022512
0.028183
0.000042
0.009886
0.032004
0.053960
0.008444
-0.087818
-0.131980
-0.062661
0.082840
0.154332
0.103132
-0.010614
-0.114379
-0.129785
-0.037034
0.070870
0.098958
0.028243
-0.032793
-0.035377
0.017654
0.002088
-0.042248
-0.047308
0.012368
0.064533
0.068545
0.032623
-0.062455
-0.104627
-0.067694
0.026331
0.086473
0.073158
0.031390
-0.027187
-0.083463
-0.073208
-0.025928
0.045475
0.061467
0.068899
0.042183
-0.035700
-0.085569
-0.100706
-0.015215
0.076311
0.114657
0.067341
-0.031446
-0.090359
-0.101334
-0.023937
0.064943
0.106084
0.092399
-0.019992
-0.098708
-0.127199
-0.054981
0.040363
0.117396
0.141252
0.033833
-0.095526
-0.143932
-0.055814
0.022373
0.085476
0.071675
0.031383
-0.039698
-0.085162
-0.067398
-0.027603
0.052174
0.088020
0.084566
-0.013029
-0.086433
-0.089055
-0.038566
0.029819
0.069256
0.072081
0.017387
-0.068087
-0.085484
-0.040045
0.027120
0.073385
0.063307
0.012004
-0.074285
-0.081289
-0.026460
0.029526
0.052594
0.059571
0.047659
-0.024412
-0.106072
-0.114992
-0.027337
0.074637
0.121716
0.075238
-0.020177
-0.090202
-0.110662
-0.049937
0.034430
0.114853
0.077947
-0.015305
-0.066783
-0.082189
-0.043399
-0.000427
0.069457
0.085739
0.038507
-0.036784
-0.076122
-0.071649
-0.005230
0.047099
0.063836
0.043141
-0.007046
-0.042283
-0.059980
-0.014310
0.020568
0.057274
0.019100
-0.022166
-0.035711
-0.004309
0.020328
0.012823
0.012029
-0.014468
-0.013305
-0.006753
0.028581
0.022835
0.006178
-0.020868
-0.027397
-0.004368
0.011680
0.012662
0.007888
-0.002510
-0.015164
-0.003115
0.000011
0.020904
