0.024062
0.018201
0.001859
-0.034328
-0.021704
0.009791
0.033239
0.021120
0.013913
0.003768
-0.013262
-0.025941
-0.010532
0.006381
0.014543
-0.005693
-0.010677
0.025841
0.012971
0.018126
-0.000883
0.045170
0.004865
-0.041486
-0.012648
-0.001002
0.034819
0.025668
0.062158
0.018838
-0.053200
-0.077216
-0.037247
0.067542
0.080572
0.032211
-0.029238
-0.072118
-0.048849
-0.019032
0.048082
0.068715
0.022343
-0.019742
-0.050589
-0.011709
-0.034723
-0.018710
0.036287
0.076320
0.057423
-0.058520
-0.106746
-0.094019
0.039103
0.095203
0.087456
0.057390
-0.045294
-0.060318
-0.092418
-0.049419
-0.011475
0.041637
0.100585
-0.014881
-0.021596
-0.023533
-0.013518
0.021778
0.047754
0.045095
-0.061770
-0.074006
-0.032810
0.020498
0.050364
0.014918
-0.010100
0.033590
-0.001031
-0.077675
-0.091337
0.006783
0.073695
0.041094
0.033854
-0.039380
-0.065123
-0.076481
-0.042981
0.016763
0.032219
0.052897
0.027378
0.035634
0.005664
-0.064690
-0.105411
-0.032441
0.048306
0.066309
0.025935
-0.009633
-0.032139
-0.064717
-0.010139
0.026909
0.042606
0.013416
0.000782
-0.009666
-0.003515
-0.022439
-0.044577
-0.031457
0.008319
0.030018
0.019680
0.036963
-0.013252
0.004704
-0.013728
-0.016444
-0.080629
-0.056916
0.040680
0.065403
0.081791
-0.024109
-0.029917
-0.071059
-0.053176
-0.010208
0.043543
0.083026
0.056674
0.002127
-0.047919
-0.058122
-0.072173
-0.015955
0.025083
0.088872
0.062784
0.032140
-0.035043
-0.069141
-0.064781
-0.038860
0.037870
0.047219
0.053538
-0.005858
-0.000780
0.008399
-0.000707
-0.041251
-0.093302
-0.033216
0.066215
0.109057
0.044622
-0.049454
-0.061964
0.001202
0.056007
0.012837
-0.066691
-0.080440
-0.034597
0.068261
0.085959
0.041261
-0.025745
-0.061923
-0.027660
0.021634
0.003056
-0.057243
-0.047845
0.011567
0.039184
0.053519
0.065287
0.002973
-0.029666
-0.056134
-0.013823
0.019451
-0.014708
-0.020565
0.007711
0.077053
0.031240
-0.048905
-0.047390
0.005528
0.024974
0.009062
-0.010320
-0.008265
-0.010583
-0.019742
-0.001772
0.005693
0.029270
-0.010871
-0.017854
-0.016055
0.001971
0.021368
0.025985
0.019104
-0.008589
0.018811
-0.003345
-0.022470
-0.075991
-0.014771
0.036770
0.054501
0.019734
-0.024013
0.006642
0.010449
0.006961
-0.057268
-0.023562
-0.024272
-0.003038
-0.025537
0.026075
0.071202
0.043070
0.011214
0.001764
0.049856
-0.035786
-0.067912
-0.101050
-0.014560
0.011254
0.036109
0.055343
0.086460
0.099093
-0.073426
-0.115560
-0.060070
0.104937
0.086009
-0.025193
-0.133701
-0.102450
-0.003970
0.040192
0.089004
0.076121
0.086276
-0.023192
-0.092594
-0.100780
-0.009158
0.104795
0.078581
-0.041690
-0.134481
-0.080784
0.002902
0.103026
0.157770
0.093948
-0.013037
-0.158665
-0.193615
-0.082897
0.071789
0.115820
0.128244
0.025942
-0.101638
-0.123356
0.010423
0.169304
0.111362
-0.031574
-0.209530
-0.175824
-0.030363
0.170972
0.194079
0.097760
-0.022276
-0.102385
-0.075742
-0.043284
-0.015823
-0.041319
0.027386
0.041026
0.035208
-0.004629
0.041257
0.055429
-0.003264
-0.054576
-0.085376
-0.083195
0.016005
0.050748
0.024209
0.071771
0.038349
0.014631
-0.065283
-0.035359
-0.039569
-0.050162
-0.031077
0.075371
0.130563
0.086490
0.005247
-0.088559
-0.060688
-0.071491
-0.020539
-0.033267
0.060743
0.084949
0.068179
0.044097
-0.014150
-0.030018
-0.123195
-0.041706
0.030561
0.064416
0.024211
-0.050436
-0.056972
0.029549
0.072532
0.036745
-0.045623
-0.053320
-0.023643
0.036789
0.059289
0.000124
-0.048389
-0.096436
0.008375
0.046232
0.087094
0.023450
0.008254
-0.026779
-0.060516
-0.070863
-0.050069
0.016986
0.034333
0.106831
0.044594
0.029907
-0.008306
-0.054897
-0.097698
-0.054592
0.030197
0.080413
0.061216
-0.039956
-0.031502
0.063023
0.080571
-0.041177
-0.118404
-0.069196
0.037868
0.089736
0.049221
-0.056829
-0.071062
-0.019227
0.037353
0.040435
-0.007318
-0.020880
-0.001057
0.019853
0.050754
0.053180
-0.009860
-0.087462
-0.128214
-0.037731
0.069419
0.146175
0.121524
0.046202
-0.061520
-0.175211
-0.128111
0.014870
0.119906
0.038165
-0.013971
0.027025
0.069951
0.045457
-0.063564
-0.050221
-0.020285
0.023675
0.013251
-0.062085
-0.064675
-0.005320
0.133167
0.176661
0.065164
-0.129935
-0.189163
-0.032373
0.096017
0.059746
-0.051599
-0.083750
0.032547
0.107429
0.044915
-0.015113
-0.053083
-0.002907
0.009828
-0.002764
-0.030137
-0.022911
0.027785
-0.003590
0.020255
-0.008641
0.001334
0.047025
0.033932
-0.003184
-0.056183
-0.064081
-0.031900
-0.002268
0.041336
0.049052
-0.003098
-0.007857
-0.000730
0.070812
0.002520
-0.039668
-0.054413
-0.040045
0.005617
-0.029432
0.007186
0.054683
0.088119
0.025331
-0.040623
-0.058799
-0.034350
-0.072592
-0.009710
0.011300
0.090133
0.082185
0.019018
-0.014730
-0.111263
-0.049038
-0.044743
0.061715
0.059364
0.071328
0.018319
-0.037464
-0.063438
-0.088543
-0.036184
0.018962
0.061765
0.010550
0.029185
0.001162
-0.014765
-0.012664
0.058872
0.055138
-0.022842
-0.124205
-0.110676
-0.006311
0.072097
0.058606
0.087502
0.075534
-0.023683
-0.100035
-0.136020
0.002604
0.048240
0.123177
0.029707
-0.058981
-0.103519
-0.081674
0.008230
0.065386
0.079635
0.040819
0.010752
-0.069187
-0.073606
-0.048254
0.066938
0.017457
-0.006555
-0.034272
-0.012826
0.014351
0.024537
0.027406
-0.010449
-0.000864
-0.068248
-0.061119
-0.020636
0.066323
0.031262
0.031550
-0.008321
-0.034252
-0.047958
-0.009367
-0.004272
-0.042231
0.019984
0.025952
0.039647
-0.042127
-0.031651
-0.006854
0.053068
0.012080
-0.065540
-0.084168
0.017432
0.068849
0.012894
-0.004278
-0.059794
0.010892
-0.014898
-0.024667
-0.060710
0.016445
0.063935
0.033639
-0.007895
-0.092332
-0.047707
0.017472
0.083384
-0.007150
-0.089495
-0.080887
0.014803
0.065238
0.044037
-0.003177
0.023970
0.065367
-0.023534
-0.121054
-0.146224
-0.034413
0.056449
0.101227
0.065334
0.012301
-0.015535
-0.047109
-0.047501
-0.020290
-0.011896
-0.006756
-0.005822
0.022883
0.045136
-0.015792
-0.056228
-0.044840
0.046865
0.086905
0.038545
-0.098771
-0.134896
-0.007560
0.123619
0.112190
-0.008258
-0.110189
-0.128217
-0.008979
0.047976
0.090537
0.041093
0.004847
-0.016115
0.023522
0.034081
-0.098339
-0.112863
-0.064857
0.073378
0.103584
0.043446
0.008688
0.049247
0.018331
-0.066975
-0.084778
-0.042667
0.022806
0.024692
0.017760
-0.003280
0.025999
0.019575
0.021567
0.024531
-0.007080
-0.057605
-0.064013
-0.001499
0.037545
0.031623
0.001302
-0.026793
0.012124
0.002965
0.003537
0.018371
0.023827
0.053431
-0.012230
-0.058581
-0.061955
-0.012748
0.014196
0.013332
0.037466
0.061956
0.050425
-0.018277
-0.076778
-0.033045
0.022207
0.019054
-0.046662
-0.075769
0.001447
0.071039
0.093919
0.032190
-0.032029
-0.023132
-0.004652
-0.031053
-0.052933
-0.044990
-0.004904
0.051321
0.101314
0.066729
0.000096
-0.051140
-0.084772
-0.048700
0.003799
0.043776
0.033932
0.011564
-0.029709
0.000443
0.047422
0.020217
-0.039868
-0.064794
0.017913
0.057676
0.012717
-0.054416
-0.048870
0.047784
0.075721
0.008305
-0.050321
-0.038435
0.017312
0.042358
0.025077
-0.022914
-0.052847
-0.031577
0.017021
0.060089
0.034448
-0.005297
-0.004921
-0.016329
-0.005742
-0.010477
0.005377
0.026593
0.007556
-0.005133
-0.000763
0.009018
-0.008652
-0.016279
-0.006678
0.042956
0.049438
0.007790
-0.060517
-0.076565
0.015150
0.081717
0.082003
-0.007122
-0.092049
-0.071345
0.028968
0.093592
0.052377
-0.031135
-0.074589
-0.021453
0.050469
0.054247
-0.020211
-0.053683
-0.027440
0.025895
0.046842
-0.002742
-0.026386
-0.027403
0.023078
0.045044
0.050973
0.008045
-0.066970
-0.077503
-0.006487
0.072727
0.061056
-0.020188
-0.052384
0.001936
0.043179
0.002713
-0.060832
0.000281
0.033613
0.060773
0.046820
-0.047007
-0.095646
-0.065230
0.026238
0.084178
0.062275
0.011746
-0.007303
0.001435
-0.041532
-0.095377
0.003297
0.095795
0.087356
-0.046252
-0.072364
-0.003476
0.065419
0.039074
-0.075846
-0.040345
0.034755
0.095449
-0.024547
-0.096210
-0.043239
0.089489
0.134754
0.007734
-0.091262
-0.098088
0.040032
0.107260
0.047940
-0.070798
-0.095278
-0.036941
0.044491
0.070084
0.055732
0.029688
-0.000750
-0.028196
-0.064314
-0.042102
0.015129
0.066980
0.025716
-0.013731
-0.021666
0.013491
-0.009858
-0.029949
-0.001284
0.075367
0.087099
-0.048799
-0.112040
-0.055365
0.082557
0.073276
-0.002317
-0.069877
-0.020002
0.047170
0.015212
-0.022937
-0.029101
0.037853
0.041939
-0.001025
-0.068849
-0.042374
0.014702
0.063461
0.042895
-0.017529
-0.043346
-0.021903
0.025409
0.030383
0.009972
-0.052632
-0.043154
0.027563
0.042246
-0.005071
-0.028620
-0.025084
0.030264
0.032059
0.024499
-0.027742
-0.025609
-0.008109
-0.013570
-0.011866
-0.026462
0.028613
0.012035
0.026321
-0.016784
-0.012458
0.008573
-0.000278
-0.026796
-0.028539
0.014246
0.014238
-0.010923
-0.020477
0.024225
0.034051
0.025438
-0.050115
-0.075646
-0.030423
0.055408
0.072355
0.027172
-0.033328
-0.060201
-0.038529
0.014017
0.050916
0.011695
-0.029113
-0.038173
0.032187
0.050262
0.004736
-0.082728
-0.070201
0.013979
0.071146
0.024338
-0.034340
-0.026793
0.003778
0.054615
0.002749
-0.028322
-0.012780
-0.001675
0.001750
-0.016750
-0.048591
0.005980
0.069682
0.073897
-0.003040
-0.067092
-0.059763
-0.036916
0.020449
0.018565
0.041979
0.076351
0.028652
-0.059171
-0.118887
-0.051410
0.025213
0.053901
0.053043
0.020757
-0.004781
-0.053671
-0.085486
-0.035914
0.066964
0.093036
0.030220
-0.067100
-0.062361
-0.018079
0.015303
0.012858
0.002028
0.001731
-0.018146
0.008886
-0.001872
0.010058
-0.008222
-0.034267
-0.032462
0.007814
0.020500
-0.018314
-0.014823
0.028735
0.035565
-0.019472
-0.046386
-0.045511
-0.002526
0.026087
0.024785
-0.001182
-0.007384
-0.018970
-0.016507
0.009965
0.000735
-0.031901
-0.041474
0.013660
0.038890
0.004786
-0.035833
-0.026772
-0.002246
-0.004350
-0.002002
0.003499
0.000769
-0.016061
-0.022039
-0.013986
-0.008516
0.009767
0.018715
0.029201
0.004022
-0.047444
-0.068511
-0.017755
0.055911
0.024349
-0.027518
-0.030671
-0.006580
0.032902
0.022418
-0.018864
-0.039237
-0.010395
0.026352
-0.022913
-0.049394
0.006262
0.065155
0.070164
-0.000834
-0.078856
-0.074271
-0.003531
0.024858
0.017304
0.002140
0.010412
0.009740
0.019416
0.008726
-0.034539
-0.044059
-0.010199
0.036090
0.021417
0.000566
-0.029360
-0.008173
0.017215
0.009394
-0.004476
-0.005037
-0.005889
0.015711
0.031728
-0.003465
-0.024545
-0.007315
0.018750
-0.007417
-0.026214
-0.022518
