-0.025764
-0.021442
0.001986
0.024139
0.039932
0.036276
0.017132
-0.022627
-0.051838
-0.051249
-0.014973
0.013231
0.030495
0.036434
0.031732
0.025465
-0.003954
-0.024065
-0.046466
-0.020552
0.018154
0.032657
0.006399
-0.029802
-0.022410
-0.005180
0.016183
0.027874
0.042012
0.030908
-0.019833
-0.063784
-0.062375
-0.010859
0.037649
0.045161
0.021500
-0.007818
-0.012949
-0.022862
-0.026099
-0.006933
0.026992
0.060442
0.036706
-0.026313
-0.075258
-0.059240
-0.020917
0.006685
0.033104
0.043965
0.046936
0.034723
0.004935
-0.030824
-0.048940
-0.052959
-0.028819
0.010878
0.034160
0.020326
0.008222
0.002484
-0.007222
0.008609
-0.004940
-0.006735
0.011279
0.012759
-0.018347
-0.047476
-0.028772
0.011528
0.047589
0.043559
0.011881
-0.026178
-0.046241
-0.041837
-0.000919
0.041911
0.049774
0.016078
-0.024867
-0.034653
-0.024357
0.007544
0.019930
0.026655
0.016835
-0.010396
-0.036273
-0.037270
-0.000707
0.025792
0.038018
0.017098
-0.014220
-0.020591
0.016058
0.027330
0.008534
-0.014196
-0.032603
-0.035039
-0.018203
0.021841
0.038334
0.028482
-0.020560
-0.002041
0.019381
0.007633
0.001853
0.011035
0.016544
-0.037084
-0.059201
-0.049931
0.014051
0.061142
0.065608
0.052771
0.014954
-0.038542
-0.092103
-0.070492
0.001070
0.058134
0.045457
0.001712
-0.013142
-0.005223
-0.010456
-0.014747
0.017871
0.049947
0.014218
-0.062069
-0.076878
-0.016671
0.046763
0.052881
0.026219
-0.006694
-0.027885
-0.035400
-0.031785
-0.001290
0.020587
0.015663
0.004222
0.005247
0.009945
-0.005468
-0.020633
-0.017804
-0.001183
0.001849
-0.022162
-0.040893
-0.019015
0.045530
0.080434
0.033561
-0.036958
-0.091925
-0.082028
0.000951
0.055071
0.056758
0.045548
0.018114
-0.038866
-0.066907
-0.075898
-0.041190
0.017998
0.044358
0.063681
0.062399
0.019927
-0.033278
-0.064388
-0.060931
-0.039402
-0.020090
0.023963
0.053521
0.059938
0.022121
-0.022237
-0.043933
-0.027771
-0.017327
-0.033850
-0.028888
-0.004508
0.017019
0.053552
0.055866
0.016775
0.008472
-0.028627
-0.060486
-0.075679
-0.034107
0.023341
0.046217
0.042508
0.049104
0.039806
-0.017791
-0.064003
-0.074151
-0.023189
0.042062
0.049792
0.014056
-0.006055
-0.018333
-0.012144
-0.013605
-0.007876
0.006737
0.034593
0.040963
0.009053
-0.024172
-0.048426
-0.039629
0.004455
0.041614
0.030173
0.007774
-0.011330
0.016004
0.038700
0.013071
-0.043453
-0.060641
-0.011470
0.041627
0.038116
-0.001985
-0.009074
0.000447
0.025746
0.002285
-0.016569
-0.000780
0.001435
-0.004445
-0.003783
0.008442
0.001876
-0.003284
0.005903
0.035513
0.036347
-0.028381
-0.074608
-0.032990
0.037595
0.057998
0.033785
0.005222
-0.002199
-0.025778
-0.059678
-0.049804
0.000098
0.055689
0.056632
0.039324
0.013474
-0.015993
-0.035209
-0.050977
-0.035311
0.006454
0.044477
0.033478
0.006013
-0.023179
-0.020081
0.009788
0.032623
0.017886
-0.015222
-0.042091
-0.054436
-0.027149
-0.002784
0.044092
0.077051
0.070715
-0.005145
-0.078548
-0.072595
-0.031977
0.015224
0.015737
0.032076
0.048206
0.026717
-0.021466
-0.053833
-0.030415
0.012563
0.029542
0.003861
-0.012662
-0.025296
-0.025627
-0.006371
0.020872
0.060118
0.041788
-0.024748
-0.080346
-0.054862
0.017226
0.018369
0.017153
0.037078
0.060314
0.000730
-0.074249
-0.087832
-0.063536
0.038654
0.076778
0.074208
0.035584
-0.028051
-0.067934
-0.057055
-0.002986
0.015799
0.028832
0.027118
0.016603
0.015114
-0.005639
-0.051950
-0.049025
0.003573
0.057019
0.038611
-0.023329
-0.058871
-0.034125
0.019490
0.041224
0.027142
-0.001119
0.019799
0.008783
-0.039812
-0.070511
-0.040477
0.015989
0.040269
0.052767
0.050527
0.022034
-0.045411
-0.080619
-0.048781
0.000468
0.019033
0.031558
0.058126
0.049877
-0.012568
-0.059951
-0.026875
-0.019044
-0.041484
-0.029680
0.012571
0.066962
0.067556
0.039444
-0.000302
-0.021217
-0.056814
-0.089246
-0.063440
-0.007967
0.053975
0.089548
0.094916
0.042770
-0.025228
-0.079434
-0.098813
-0.064710
0.005705
0.050067
0.048910
0.037768
0.028153
0.016546
-0.006244
-0.050665
-0.071800
-0.019508
0.024048
0.035846
-0.007065
-0.008098
0.030291
0.040254
0.022296
-0.037017
-0.053507
-0.036179
-0.014185
-0.014638
-0.002678
0.039003
0.090296
0.066689
-0.033662
-0.099294
-0.063567
0.002280
0.021061
0.026578
0.019814
0.018187
-0.003819
-0.030581
-0.026591
0.000272
-0.026457
-0.030284
0.028689
0.048770
0.038835
0.018730
0.006548
0.012011
-0.018452
-0.093468
-0.097417
-0.021946
0.045129
0.078376
0.092742
0.061388
0.002826
-0.067945
-0.118364
-0.084442
-0.006031
0.046361
0.071011
0.063528
0.039825
0.022546
0.003092
-0.053383
-0.104584
-0.056040
0.038813
0.052945
0.005920
0.030283
0.072594
0.048945
-0.047267
-0.120660
-0.057226
0.040604
0.032862
0.010518
0.021533
0.048755
0.051119
0.011982
-0.058476
-0.101990
-0.041182
0.015838
0.064470
0.079852
0.057420
0.000674
-0.056035
-0.087844
-0.065047
-0.006189
0.047083
0.096123
0.103336
0.067704
-0.038175
-0.092382
-0.110276
-0.077961
-0.005802
0.061856
0.096257
0.072469
0.051631
-0.004830
-0.034425
-0.055329
-0.059988
-0.033387
0.017509
0.035232
0.001029
0.007817
0.012582
0.040611
0.046232
-0.016235
-0.052348
-0.069694
-0.027344
0.008325
0.043087
0.059548
0.034273
0.033563
-0.026245
-0.062262
-0.063847
-0.025590
0.021393
0.053105
0.025800
0.016268
0.025619
-0.013640
-0.049000
-0.076115
-0.017174
0.004454
0.052821
0.050759
0.017559
0.032046
-0.016894
-0.054889
-0.083851
-0.049423
0.014870
0.054536
0.054890
0.023418
0.031100
0.015382
-0.073944
-0.114078
-0.044751
0.035284
0.067396
0.040815
0.013348
0.028351
0.000576
-0.092712
-0.111443
-0.021969
0.059913
0.099164
0.026707
-0.025917
0.003721
-0.015859
-0.053645
-0.064877
0.009903
0.061049
0.050687
0.000165
-0.027221
0.015883
-0.018560
-0.059068
-0.036921
0.028811
0.058197
0.020851
-0.031282
-0.010968
0.051134
0.020752
-0.047454
-0.065606
-0.002878
0.012720
0.007361
0.023188
0.049892
0.081520
0.010437
-0.096434
-0.119110
-0.068663
0.038391
0.090528
0.078293
0.077833
0.047684
-0.027905
-0.152088
-0.137016
-0.024024
0.101233
0.121103
0.074686
0.054586
-0.004913
-0.071649
-0.162559
-0.096263
0.017931
0.112541
0.130850
0.066877
0.002217
-0.058756
-0.093466
-0.110621
-0.022936
0.068036
0.097125
0.054124
-0.000108
0.005981
-0.000534
-0.081096
-0.117725
-0.041904
0.086088
0.118648
0.033070
-0.028001
-0.022619
0.000085
-0.044512
-0.055928
-0.020889
0.041474
0.058999
-0.011776
-0.016561
0.012285
0.029337
-0.040325
-0.061244
0.001393
0.025277
-0.017888
-0.042023
0.044597
0.089995
0.050501
-0.092586
-0.127502
-0.046032
0.026645
0.051967
0.061419
0.061954
0.013816
-0.044744
-0.123391
-0.109503
0.020701
0.088133
0.064274
0.046058
0.014190
-0.031200
-0.109199
-0.101432
-0.035150
0.090524
0.084461
-0.005767
0.025949
-0.005451
-0.015676
-0.038134
-0.044216
-0.021961
-0.003865
0.044165
0.012823
-0.008817
-0.037277
0.007905
0.091773
0.002415
-0.111962
-0.142864
0.020418
0.103704
0.062439
0.044564
0.006418
-0.043193
-0.099476
-0.058447
0.007998
0.077989
0.046374
-0.000802
0.026129
0.016686
-0.069336
-0.089125
-0.041372
0.025504
0.076050
0.070833
0.036305
-0.018368
-0.068040
-0.116352
-0.037668
0.047576
0.136631
0.095931
0.013068
-0.090821
-0.162771
-0.078907
0.019345
0.137591
0.112587
0.078677
-0.030627
-0.108363
-0.130681
-0.079186
0.066694
0.131872
0.117466
0.017627
-0.035672
-0.097121
-0.092472
-0.042037
0.040766
0.104159
0.077121
0.029144
0.006961
-0.043004
-0.109945
-0.092137
-0.015637
0.064471
0.087137
0.078154
-0.006175
0.000838
-0.027683
-0.095308
-0.072302
0.031091
0.075012
0.012996
-0.000761
0.000340
0.074602
-0.001160
-0.053113
-0.082278
-0.023762
0.016878
0.019284
0.049483
-0.001680
0.072364
-0.020591
-0.066690
-0.099322
-0.028735
0.058778
0.040263
0.097186
0.049088
-0.000341
-0.150311
-0.145654
-0.033211
0.102544
0.178785
0.073392
-0.051219
-0.155820
-0.081779
-0.011878
0.048865
0.123768
0.129965
0.034846
-0.133035
-0.208381
-0.075963
0.036418
0.111412
0.177082
0.120130
-0.048904
-0.243236
-0.172384
0.018513
0.192990
0.196126
0.056652
-0.094940
-0.199517
-0.215549
-0.046951
0.145032
0.230067
0.218794
0.040457
-0.124557
-0.297939
-0.221149
-0.016113
0.189828
0.248047
0.137321
0.016601
-0.118286
-0.151464
-0.134813
-0.014419
0.054354
0.134593
0.069694
-0.037571
-0.082972
-0.014289
0.082928
0.045655
0.024252
-0.019737
-0.005747
-0.114498
-0.114781
-0.019985
0.120634
0.121268
0.086107
0.074514
-0.022485
-0.097716
-0.144913
-0.076789
-0.015187
0.077822
0.078957
0.093584
0.019676
-0.039270
-0.042410
0.008149
-0.018508
-0.021275
0.014091
0.018563
0.051330
-0.011488
-0.019913
-0.058651
-0.002555
-0.030344
0.016153
0.124339
0.157580
-0.030155
-0.158587
-0.078984
-0.058928
0.050835
0.082584
0.070331
-0.006596
-0.023483
-0.076719
0.006565
0.092609
0.032092
-0.051297
-0.110052
0.014849
0.020025
0.045280
-0.054037
-0.029282
0.175733
0.156703
-0.089351
-0.287865
-0.133951
0.049473
0.202834
0.093244
-0.054540
0.019373
0.042682
-0.045062
-0.159824
-0.050926
0.024853
0.061886
0.120997
-0.024897
-0.063287
-0.001865
0.039885
0.040548
-0.057162
-0.133558
-0.147333
0.084203
0.173695
0.143811
0.102381
-0.091005
-0.166158
-0.155249
-0.068280
-0.011695
0.111938
0.137330
0.133109
0.107058
-0.099417
-0.211715
-0.220349
-0.000830
0.210113
0.177382
-0.060925
-0.126366
0.044218
0.083391
-0.005902
-0.157824
-0.121160
0.074557
0.154517
0.091281
0.019923
-0.079851
-0.116338
-0.081323
0.024612
0.094735
0.031612
-0.024664
0.039121
0.146764
0.002443
-0.198460
-0.225882
0.018432
0.195001
0.121250
0.002896
-0.011760
-0.052373
-0.089795
0.016740
0.081478
0.043670
-0.084604
-0.099209
-0.040659
0.087558
0.098795
0.036735
0.008136
-0.025322
-0.055410
-0.066767
0.021177
0.049312
0.032914
-0.011228
-0.054555
-0.012389
0.007643
-0.036598
0.007093
0.127566
0.149680
-0.044618
-0.199871
-0.187418
-0.016950
0.144745
0.135735
0.091531
0.057749
-0.032513
-0.169289
-0.191430
-0.060093
0.111569
0.140710
0.098653
0.048774
-0.039769
-0.138413
-0.139786
0.005282
0.117532
0.107924
0.021942
-0.009394
-0.046179
-0.122235
-0.101688
0.004652
0.133520
0.125256
0.039403
-0.066450
-0.108680
-0.075036
0.025739
0.084484
0.008889
0.024021
-0.023181
-0.049970
-0.033123
0.026784
0.014331
-0.039913
-0.042923
-0.033616
0.038337
0.030386
0.057984
0.061953
0.054225
-0.087077
-0.190024
-0.096551
0.021406
0.121569
0.088483
0.079236
0.025100
-0.114629
-0.168110
-0.062178
0.147657
0.165763
-0.043751
-0.195821
-0.090631
0.065142
0.086087
0.079138
0.078975
-0.001699
-0.103764
-0.140935
-0.110723
0.026769
0.151264
0.142867
0.048550
-0.049903
-0.160825
-0.133592
-0.032559
0.079904
0.171954
0.156046
0.002795
-0.196770
-0.193820
-0.073261
0.083856
0.152058
0.131674
0.073639
-0.035133
-0.164244
-0.165984
-0.031792
0.061028
0.118210
0.121300
0.086706
-0.039537
-0.135180
-0.115074
-0.029680
0.094305
0.082767
0.027128
-0.002586
-0.059515
-0.030759
0.019637
0.059205
0.021898
-0.050637
-0.044386
-0.006537
0.044278
-0.007761
0.019608
0.072679
-0.001452
-0.088423
-0.096283
0.018829
0.128732
0.069481
-0.022966
-0.029077
-0.045052
-0.078564
-0.082053
0.041553
0.109788
0.084261
0.013889
0.003589
-0.030414
-0.100959
-0.117103
-0.030481
0.128729
0.101890
0.026800
-0.030456
-0.005894
-0.043473
-0.127686
-0.045019
0.075166
0.113931
0.063137
0.004484
-0.021662
-0.108589
-0.156398
-0.062760
0.121689
0.222340
0.061341
-0.070315
-0.111717
-0.116211
-0.071706
0.006495
0.122542
0.133906
0.069341
-0.053002
-0.141714
-0.126112
-0.070030
0.071870
0.181185
0.120279
-0.012069
-0.100582
-0.098995
-0.069293
-0.056776
0.027104
0.099000
0.088341
0.033458
-0.039717
-0.057881
-0.070498
-0.049291
0.026058
0.088850
0.050603
-0.056168
-0.023916
0.054104
-0.010594
-0.097722
-0.047536
0.100215
0.127023
-0.019383
-0.126012
-0.075836
0.031142
0.052731
0.066878
0.077759
-0.017175
-0.109946
-0.110361
0.021545
0.085558
0.042881
0.022495
0.008485
-0.010028
-0.085147
-0.050968
-0.002075
0.049208
0.088358
0.083705
0.022194
-0.103331
-0.129528
-0.037595
0.070302
0.063898
0.074292
0.052190
-0.007257
-0.119995
-0.133393
-0.024820
0.102395
0.160462
0.101588
0.015660
-0.151151
-0.175245
-0.061807
0.052953
0.093945
0.107218
0.094027
-0.000990
-0.109400
-0.151178
-0.055456
0.068262
0.128527
0.108790
0.048300
-0.087358
-0.214747
-0.137942
0.091635
0.223873
0.142727
0.001053
-0.108122
-0.137811
-0.114174
-0.012602
0.080334
0.143316
0.091977
-0.067556
-0.121518
-0.055735
0.063993
0.059797
0.030882
-0.004191
-0.017461
-0.063605
-0.090902
0.012467
0.118814
0.112024
-0.036898
-0.112822
-0.083236
-0.031072
0.041933
0.066773
0.078956
0.057788
-0.041369
-0.126646
-0.106675
0.052968
0.104256
0.066454
-0.026242
-0.084242
-0.055211
-0.025871
0.031589
0.091448
0.079015
-0.036121
-0.084861
-0.100200
-0.039164
0.089273
0.139856
0.051489
-0.065379
-0.118971
-0.107401
-0.002347
0.114996
0.162271
0.040585
-0.096598
-0.125347
-0.090488
-0.029966
0.092770
0.206164
0.109954
-0.084212
-0.222882
-0.136290
0.042615
0.106716
0.123892
0.090877
0.009174
-0.099094
-0.154687
-0.120948
0.021549
0.181721
0.167815
0.008224
-0.145380
-0.139686
-0.000109
0.082722
0.102176
0.039827
-0.068442
-0.090568
-0.055419
0.008765
0.087835
0.146075
0.048424
-0.092733
-0.130850
-0.105757
0.019515
0.146126
0.175080
0.043648
-0.150459
-0.202634
-0.076099
0.062758
0.123367
0.158767
0.096613
-0.052088
-0.153492
-0.187604
-0.069328
0.116736
0.188484
0.131794
-0.000582
-0.113544
-0.139002
-0.098629
0.022881
0.166561
0.193616
-0.006591
-0.243545
-0.129717
0.007263
0.074345
0.096054
0.127189
0.065091
-0.081263
-0.189529
-0.153679
0.064428
0.111927
0.123416
0.074423
0.040052
-0.149025
-0.206659
-0.094845
0.073310
0.217388
0.099006
0.008500
-0.107786
-0.133426
-0.077396
0.060128
0.119136
0.052676
-0.014634
-0.052656
-0.060978
-0.046757
0.043835
0.134589
0.080851
-0.084888
-0.151632
-0.110953
-0.031340
0.044315
0.176135
0.196238
0.028896
-0.205477
-0.258216
-0.068033
0.128729
0.202400
0.134502
-0.036081
-0.206531
-0.152924
-0.045635
0.088023
0.175792
0.146343
0.036728
-0.145028
-0.221658
-0.147579
0.046188
0.182577
0.234383
0.135163
-0.076599
-0.292935
-0.249286
-0.015575
0.187390
0.223319
0.107482
0.010156
-0.162310
-0.188648
-0.105682
0.072385
0.177729
0.131244
0.043175
-0.078241
-0.187710
-0.195746
-0.003833
0.192891
0.245264
0.105442
-0.095841
-0.205991
-0.162959
-0.029491
0.082840
0.122742
0.136812
0.112158
-0.012536
-0.191197
-0.263064
-0.110336
0.128142
0.219443
0.185644
0.086538
-0.081788
-0.224489
-0.225323
-0.049962
0.168779
0.203422
0.101615
-0.003619
-0.057083
-0.123649
-0.195697
-0.024722
0.112466
0.157685
0.087258
0.011984
-0.037546
-0.140561
-0.137590
-0.030908
0.137764
0.128060
0.050281
-0.010027
-0.031802
-0.139353
-0.152256
0.002273
0.132331
0.142241
0.061430
0.037703
-0.046920
-0.161275
-0.200293
-0.034735
0.134361
0.178304
0.088192
-0.013894
-0.071139
-0.101100
-0.090248
-0.041761
0.040674
0.112435
0.121080
0.006165
-0.085671
-0.137248
-0.045213
0.059730
0.093409
0.055176
-0.006048
-0.063235
-0.089043
-0.068427
-0.012787
0.115208
0.145602
0.107992
-0.032391
-0.125144
-0.179194
-0.128486
0.007510
0.139900
0.206296
0.068841
0.006318
-0.065743
-0.145305
-0.145793
-0.038476
0.077340
0.131784
0.114913
-0.007624
-0.095434
-0.112966
-0.045735
0.066588
0.149795
0.024933
-0.065299
-0.017977
-0.000662
-0.054192
-0.058144
0.036064
0.084497
0.014062
-0.098025
-0.020066
0.093890
0.088276
-0.030228
-0.039037
-0.036036
-0.092502
-0.099611
-0.010098
0.129787
0.155115
0.092063
-0.037889
-0.152302
-0.173811
-0.018365
0.096041
0.120098
0.078048
0.020211
-0.031919
-0.111462
-0.121351
-0.054275
0.053030
0.146104
0.162395
0.063225
-0.114802
-0.251484
-0.146611
0.075945
0.181574
0.115293
0.030896
-0.032351
-0.102752
-0.145143
-0.082716
0.033402
0.114892
0.131234
0.072888
0.029798
-0.062601
-0.156495
-0.120035
0.026927
0.125519
0.096060
0.002785
-0.082652
-0.100788
-0.026696
0.011481
0.086477
0.135898
0.037190
-0.103962
-0.169126
-0.096697
0.026184
0.152140
0.190404
0.072334
-0.058165
-0.147120
-0.195853
-0.075387
0.070448
0.167231
0.156242
0.028930
-0.127025
-0.180118
-0.106311
0.028313
0.180294
0.224654
0.050201
-0.150526
-0.216595
-0.140876
0.077746
0.191965
0.145684
-0.048970
-0.159581
-0.149167
-0.043023
0.069226
0.175434
0.195225
0.040899
-0.145524
-0.238664
-0.167013
-0.044044
0.155741
0.263112
0.190560
-0.087512
-0.279547
-0.201045
0.022368
0.193422
0.214931
0.105821
-0.107088
-0.258976
-0.220684
-0.023259
0.139242
0.198065
0.208296
0.102570
-0.137770
-0.283901
-0.235908
-0.006119
0.210335
0.267461
0.104461
-0.077986
-0.209797
-0.191180
0.038812
0.182720
0.096159
-0.045870
-0.032850
-0.026533
-0.002031
-0.028275
-0.031454
0.013583
0.028401
0.010820
-0.004741
0.049377
0.044669
0.017142
-0.007663
-0.034890
-0.097754
-0.064119
0.038503
0.086541
0.055074
-0.001436
-0.016541
0.006363
0.047870
-0.006426
-0.058556
-0.062166
-0.001888
0.053370
0.074994
0.011766
-0.056951
-0.023367
-0.028087
-0.015302
0.041952
0.097465
0.057130
-0.047669
-0.107246
-0.043977
0.055476
-0.018545
-0.005139
0.105687
0.080935
-0.036010
-0.118986
-0.041456
0.023689
0.036876
0.016844
0.074909
0.062914
-0.115658
-0.149609
-0.031514
0.086098
0.110659
0.072317
0.017898
-0.012677
-0.055195
-0.085356
-0.087271
-0.022570
-0.000355
0.070091
0.129923
0.067104
0.007804
-0.084738
-0.092535
-0.058906
-0.046302
0.000307
0.109702
0.108557
-0.008938
-0.081508
-0.032036
0.071573
0.020273
-0.126738
-0.106697
0.032513
0.101843
0.079983
0.009973
-0.025418
-0.044209
-0.066080
-0.037101
0.043912
0.048001
-0.015409
-0.007131
0.001618
-0.001897
-0.010905
-0.036588
0.034168
0.070414
0.029700
-0.104085
-0.126608
-0.036283
0.091041
0.116056
0.020187
0.035379
0.001418
-0.047904
-0.156476
-0.107995
0.035861
0.160862
0.109635
-0.036972
-0.081813
-0.114249
-0.050432
0.044850
0.091438
0.031578
0.028776
0.001026
-0.031436
-0.046155
-0.045370
-0.012134
0.049691
0.071635
-0.009073
-0.068041
-0.085847
-0.010728
0.105119
0.089981
-0.004711
-0.034092
-0.022799
-0.052376
-0.075691
-0.011296
0.072636
0.099291
0.009149
-0.043707
-0.035644
0.015431
0.040818
0.040182
-0.049494
-0.137111
-0.028887
0.075512
0.104470
-0.000204
-0.044654
-0.009674
0.055999
0.039082
-0.063827
-0.114238
-0.078121
0.092729
0.164797
0.087748
-0.082732
-0.102788
-0.028899
-0.020693
0.027017
0.019200
0.031251
-0.027278
-0.057182
0.072355
0.129463
0.059441
-0.074660
-0.101398
-0.067391
0.002465
-0.001836
0.021552
0.110979
0.058555
-0.028709
-0.052583
-0.007798
-0.035042
-0.049811
-0.002090
0.054551
0.072432
-0.002266
-0.047013
-0.051201
-0.027081
0.009315
0.029592
0.031042
-0.036272
-0.036220
0.009601
0.037384
0.026836
0.015705
0.014820
-0.039982
-0.089472
-0.063697
0.014330
0.101253
0.103095
0.036127
-0.018703
-0.093251
-0.109260
-0.054755
0.074176
0.077990
0.022825
0.002242
0.033763
-0.019346
-0.130230
-0.108710
0.021302
0.147261
0.087143
-0.064272
-0.132908
-0.031847
0.044240
0.106004
0.033702
-0.041409
-0.020413
0.007588
-0.048463
-0.076332
-0.011103
0.041906
0.115971
0.009308
-0.085030
-0.076118
0.035643
0.034444
0.018954
-0.000454
-0.034430
-0.022980
-0.060946
0.037823
0.059051
-0.007411
-0.018854
0.056354
0.031124
-0.090493
-0.129671
-0.018509
0.136451
0.106884
-0.029678
-0.043141
-0.024240
0.002402
0.029429
-0.037185
-0.064205
0.046378
0.124938
-0.005033
-0.105833
-0.107796
0.018802
0.073851
0.020092
0.030201
0.043934
0.008081
-0.040676
-0.036271
0.009906
-0.046235
-0.080335
0.032708
0.154496
0.137482
-0.047507
-0.097227
-0.104861
-0.081013
-0.034191
0.064310
0.153537
0.119260
-0.057618
-0.152244
-0.062892
-0.020223
0.074252
0.127705
0.141399
-0.013289
-0.159632
-0.184476
-0.104926
0.044544
0.106116
0.192247
0.144123
-0.006658
-0.122998
-0.165094
-0.081651
-0.007485
0.010776
0.054878
0.030102
0.057537
0.063613
0.007103
-0.008297
-0.087538
-0.107683
-0.057559
0.034383
0.080761
0.106251
0.076928
-0.012415
-0.075051
-0.099173
-0.072695
-0.013161
0.060223
0.101033
0.077675
-0.018089
-0.093501
-0.086039
0.021030
0.076743
0.026382
-0.046026
-0.064778
-0.046424
0.074916
0.107574
0.041022
-0.059085
-0.143929
-0.079092
0.035555
0.141155
0.073223
0.055757
0.012105
-0.077953
-0.132334
-0.129551
0.009190
0.140979
0.120533
-0.003195
-0.011877
-0.007415
-0.054647
-0.110478
-0.044674
0.087382
0.075696
0.006364
-0.030576
-0.003440
-0.002975
-0.066334
-0.008829
0.049990
0.054743
0.032024
-0.018658
-0.039387
-0.060593
-0.005315
0.054849
0.042507
0.009863
-0.069452
-0.050724
0.016980
0.045337
0.049799
-0.023189
-0.083704
-0.043316
0.082541
0.060160
-0.014452
-0.045532
-0.027016
0.015385
-0.012584
-0.017254
0.028231
0.070826
0.015325
-0.058087
-0.055701
-0.000306
0.021367
0.019563
0.044332
0.018042
-0.019360
-0.033074
-0.092618
-0.068724
0.022448
0.092545
0.164427
0.085673
-0.095705
-0.166495
-0.089137
0.017306
0.072401
0.092394
0.063074
0.045825
-0.069135
-0.138397
-0.071611
0.005651
0.103845
0.109346
0.054272
-0.017411
-0.085344
-0.133394
-0.053556
0.046891
0.094873
0.101826
-0.023170
-0.112067
0.021455
0.091522
0.029276
-0.011259
-0.026869
0.008229
-0.042534
-0.111797
-0.077478
0.043036
0.117759
0.134376
0.103542
-0.015439
-0.182577
-0.161919
-0.068719
0.004617
0.079110
0.133728
0.179498
0.030237
-0.159719
-0.173330
-0.028550
0.045377
0.102955
0.096680
-0.038449
-0.135297
-0.079575
0.033390
0.080218
0.020520
-0.024652
0.078580
0.109749
-0.020737
-0.177287
-0.166895
-0.042093
0.139786
0.161029
0.034461
-0.021145
-0.002260
-0.010579
-0.092586
-0.097627
-0.026294
0.096117
0.074283
-0.031262
-0.012235
0.033482
0.043875
-0.019826
-0.077360
-0.048280
-0.012915
0.010593
0.003651
0.074094
0.141242
0.045238
-0.077310
-0.158773
-0.121043
-0.026369
0.059128
0.128229
0.166085
0.093161
-0.105166
-0.198638
-0.149887
-0.010848
0.106318
0.130786
0.071839
0.027375
-0.026979
-0.142922
-0.096938
0.022110
0.103012
0.077334
0.031421
-0.035333
-0.089947
-0.017875
-0.020376
0.041445
0.058833
0.027535
-0.001463
-0.053099
-0.041527
-0.075199
-0.000564
0.055745
0.093924
0.083970
-0.074984
-0.151256
-0.096007
0.051820
0.096200
0.099684
0.079691
-0.000659
-0.047930
-0.114076
-0.131851
-0.039314
0.064376
0.133151
0.109432
0.001285
-0.054382
-0.064224
-0.041410
-0.064718
-0.026829
0.043579
0.100237
0.066568
-0.053815
-0.108374
-0.076320
-0.005926
0.050476
0.120651
0.099129
0.000594
-0.136373
-0.150304
-0.043966
0.022623
0.088996
0.177797
0.106346
-0.057770
-0.219352
-0.164275
0.041992
0.100462
0.079124
0.063088
0.067506
-0.041291
-0.117650
-0.110430
-0.022621
0.062564
0.055491
0.057120
0.050347
-0.025683
-0.080449
-0.033330
0.019870
0.033793
-0.021495
-0.068543
-0.010258
0.067177
0.069778
0.038794
-0.018854
-0.089953
-0.063163
-0.034452
0.005724
0.092125
0.106034
0.004894
-0.084886
-0.058758
-0.011493
0.014706
0.005095
0.042396
0.052320
-0.019179
-0.074070
-0.039685
0.050607
0.040594
-0.004171
-0.012173
0.017378
-0.002556
-0.062887
-0.020372
0.034113
0.063899
0.018854
-0.072182
-0.069912
0.006853
0.074599
0.080155
0.029884
-0.032433
-0.068164
-0.070889
-0.033824
-0.009624
0.042466
0.088927
0.061284
0.029643
-0.022826
-0.079712
-0.082976
-0.020496
0.034260
0.009843
-0.020740
0.006654
0.126876
0.088925
-0.080957
-0.148897
-0.051504
0.081751
0.065041
0.008457
-0.042716
-0.002804
0.001027
0.006209
0.011965
0.027425
0.029304
-0.043563
-0.074700
-0.067555
0.013692
0.078916
0.052975
-0.036634
-0.004991
-0.008674
-0.038419
-0.001514
0.038374
0.073474
0.034193
-0.019288
-0.023996
-0.036868
-0.095572
-0.038003
0.094431
0.111960
-0.013770
-0.057544
0.007677
0.062304
-0.055344
-0.140860
-0.021476
0.104236
0.074465
-0.017928
0.000696
-0.005611
-0.001738
-0.088637
-0.055489
0.030626
0.062294
0.053490
0.000763
0.039691
0.036131
0.025555
-0.053070
-0.112871
-0.111640
-0.029438
0.070075
0.126234
0.115463
0.032508
-0.076314
-0.124825
-0.078902
-0.046097
-0.001730
0.028706
0.152850
0.163739
0.008144
-0.130293
-0.165207
-0.020404
0.047571
0.021961
-0.001932
0.054186
0.061616
-0.014819
-0.085285
-0.081385
0.013515
0.056064
0.072077
0.018322
-0.012978
-0.069474
-0.087387
-0.020219
0.060974
0.095691
0.020498
0.032623
0.016694
-0.042400
-0.149778
-0.152839
0.015186
0.190444
0.189456
0.008094
-0.087794
-0.118471
-0.057302
-0.007112
0.033736
0.043923
0.056091
0.015264
-0.040468
-0.042156
-0.022385
-0.024349
-0.050254
0.028258
0.087504
0.080683
-0.028191
-0.061321
-0.036896
0.030458
0.017085
-0.089125
-0.011341
0.047097
0.047343
0.022593
0.009708
-0.030635
-0.056964
-0.073221
-0.042793
0.125159
0.128074
0.025627
-0.046357
-0.010077
-0.035958
-0.071676
-0.059608
-0.013160
0.097888
0.082245
0.031056
-0.020451
-0.070510
-0.107399
-0.049262
0.056773
0.122362
0.064064
-0.026043
-0.050465
-0.007494
-0.031219
-0.076304
0.002397
0.077983
0.096220
0.021174
-0.065031
-0.068257
-0.072067
-0.049147
0.038506
0.119624
0.078157
-0.046871
-0.039118
-0.034019
0.019964
-0.009898
-0.029789
0.037909
0.053095
0.019028
-0.077384
-0.037167
-0.020568
0.045586
0.046346
0.018229
0.007028
-0.040484
-0.048657
-0.031385
0.049019
0.010869
0.026370
0.009382
-0.032108
-0.041016
-0.049053
0.001921
0.021796
0.056369
0.025782
-0.001515
-0.052311
-0.067699
0.018527
0.045185
0.014597
-0.018029
-0.022863
-0.016702
-0.014049
-0.002223
0.047602
0.079891
0.005647
-0.102305
-0.044949
0.020590
0.011575
-0.025190
-0.039880
0.014087
0.024885
-0.003370
-0.000307
0.062596
0.021315
-0.016188
-0.044098
-0.039479
-0.003542
0.023004
0.041955
-0.019835
-0.006112
0.016005
-0.003017
-0.062591
-0.045724
0.047828
0.097926
0.031198
-0.077202
-0.070612
-0.011251
0.020545
0.023396
0.032240
0.001282
-0.027677
-0.051395
-0.044610
0.052092
0.092545
0.035390
-0.028824
-0.070600
-0.059413
-0.016351
0.045614
0.074693
0.056706
0.028515
-0.017410
-0.067251
-0.075602
-0.040076
0.023162
0.056793
-0.037445
-0.011056
0.037739
0.026326
0.047475
-0.045575
0.014829
0.084953
0.042494
-0.057153
-0.095356
-0.032202
-0.018759
0.017555
-0.015157
0.103819
0.110188
-0.007777
-0.051419
-0.049865
-0.075861
-0.187469
-0.006879
0.121214
0.167943
0.128125
-0.038528
-0.072174
-0.003071
0.033927
-0.061515
-0.098565
-0.075499
0.019206
0.086150
0.029637
0.100155
0.185096
-0.016780
-0.254397
-0.198726
-0.001602
0.056087
0.022589
0.081962
0.189815
0.029520
-0.138491
-0.095698
0.005203
0.107080
0.040881
-0.086297
-0.136618
-0.048582
0.009861
0.119506
0.160757
0.054757
-0.011477
-0.094563
-0.168355
-0.156544
0.008235
0.124401
0.151141
0.118950
-0.020553
-0.100517
-0.105963
-0.091461
0.006226
0.113535
0.111084
-0.024860
-0.104880
-0.071235
0.037280
0.119297
0.059103
-0.043968
-0.097700
-0.071301
-0.013501
0.034303
0.087345
0.056766
-0.013431
-0.053063
-0.069530
0.008177
0.046010
0.012355
-0.044196
-0.015213
0.021296
0.007889
-0.004395
0.012635
0.071641
0.012429
-0.068928
-0.117179
-0.035657
0.088717
0.120505
0.058268
-0.053631
-0.082434
-0.067444
-0.003077
0.024529
0.050706
0.073821
0.053785
-0.012188
-0.091717
-0.092187
-0.034477
0.047675
0.046686
0.034053
0.016742
-0.015277
-0.012168
0.003066
-0.005615
-0.013774
-0.019964
-0.006785
0.038805
0.009358
-0.011402
0.007294
0.021631
0.019866
0.009958
-0.011419
-0.056571
-0.052492
-0.010900
0.042989
0.058328
0.021945
0.017747
0.008112
-0.049866
-0.079923
-0.020252
0.061730
0.073174
0.003218
-0.029133
-0.019937
-0.009792
-0.000603
-0.026241
-0.005306
0.026201
0.039240
0.022735
-0.003806
-0.025341
-0.033988
-0.015114
0.008856
0.023317
0.001168
-0.011893
-0.000844
0.027278
-0.006496
-0.029896
-0.061024
0.002706
0.084315
0.037086
0.008989
-0.040276
-0.034306
-0.017197
-0.001528
-0.005466
-0.009026
0.012398
0.032512
0.056800
0.020366
-0.054778
-0.092147
-0.033969
0.034855
0.039351
0.008002
-0.008781
0.026743
0.032848
-0.010615
-0.076611
-0.070034
0.035268
0.075058
0.039624
-0.046189
-0.069839
-0.003360
0.052695
0.047378
-0.010430
-0.061411
-0.040095
0.005201
0.042553
0.039740
-0.017912
-0.039961
-0.001685
0.053786
0.021307
-0.052340
-0.064191
-0.003189
0.053420
0.043825
-0.011712
-0.035965
-0.029006
-0.005523
0.038498
0.020826
-0.022777
-0.019974
0.009041
0.021661
-0.019669
-0.030057
0.006427
0.049765
0.038984
-0.029845
-0.046238
-0.039878
0.017104
0.039337
0.014879
0.005510
0.012497
0.007431
-0.024568
-0.047748
-0.062530
0.003365
0.066327
0.085028
0.047598
-0.047076
-0.098096
-0.046293
0.030593
0.042939
0.015434
-0.020249
0.002639
0.023836
-0.011813
-0.029999
-0.024259
0.024977
0.060848
0.034213
-0.056207
-0.104679
-0.050090
0.055218
0.116309
0.048247
-0.030487
-0.076743
-0.015137
0.037921
0.020632
-0.042190
-0.050116
0.020333
0.044851
0.033293
-0.047618
-0.033022
0.029020
0.045493
0.003079
-0.052219
-0.052117
0.005978
0.061645
0.041862
-0.024809
-0.059935
-0.030786
0.011563
0.053969
0.013632
-0.021410
-0.013833
0.024402
0.034199
-0.031395
-0.058812
-0.036788
0.045409
0.072057
0.008022
-0.040159
-0.037979
0.011141
0.021048
-0.023239
-0.044421
0.012909
0.066893
0.042235
-0.037277
-0.077527
-0.042235
0.032649
0.085303
0.028620
-0.053063
-0.072155
0.005318
0.076193
0.020256
-0.056887
-0.043812
0.040325
0.077060
0.005928
-0.076695
-0.089529
0.004026
0.096581
0.066644
-0.022830
-0.072317
-0.033808
0.025862
0.015431
-0.033323
-0.012741
0.040553
0.053192
-0.012860
-0.075429
-0.050707
0.037123
0.078315
0.012511
-0.060630
-0.073489
-0.005768
0.041711
0.064696
0.042035
-0.010542
-0.021630
-0.047706
-0.051027
-0.043626
-0.004557
0.091783
0.123099
0.028796
-0.117947
-0.154296
-0.028756
0.093316
0.102475
0.016306
-0.057341
-0.038435
0.007704
0.025287
-0.016916
-0.026395
0.005633
0.043992
0.018610
-0.059467
-0.060067
0.002039
0.094077
0.084275
-0.001299
-0.104904
-0.112561
0.010323
0.099988
0.074825
-0.021186
-0.062332
-0.012184
0.015750
-0.026200
-0.050706
0.016117
0.102432
0.062156
-0.031589
-0.123227
-0.077603
0.053746
0.096638
0.049762
-0.014904
-0.036983
-0.013283
0.005889
-0.015754
-0.044167
-0.010225
0.051870
0.047077
0.007395
-0.076327
-0.066301
-0.026436
0.065703
0.078171
-0.000159
0.001828
-0.005685
0.034547
-0.011853
-0.047168
-0.062034
-0.018624
0.021544
0.018734
0.034879
0.019209
0.042433
-0.014435
-0.055907
-0.049816
-0.004705
0.041384
0.033901
-0.005767
-0.035239
-0.015932
0.004937
0.017370
0.016351
-0.007128
-0.007539
0.020492
0.004148
-0.041400
-0.056153
0.002136
0.054244
0.067752
0.032897
-0.029456
-0.059563
-0.013885
0.038765
0.011239
-0.045273
-0.078903
-0.023926
0.086993
0.098319
0.016056
-0.043005
-0.034335
0.030547
0.032171
-0.023031
-0.100558
-0.075703
0.033531
0.080771
0.077976
0.017516
-0.026127
-0.039122
-0.016017
-0.011712
-0.005675
0.007986
0.020561
0.035135
0.024961
-0.022556
-0.077629
-0.055131
0.004701
0.077098
0.063477
0.011361
-0.021586
-0.018067
-0.006670
-0.019008
-0.015835
0.004288
0.035930
0.018158
-0.036613
-0.070193
-0.020654
0.058420
0.084700
0.034702
-0.041968
-0.067721
0.003243
0.059836
0.045118
-0.030798
-0.098299
-0.047734
0.001878
0.035213
0.051135
0.031338
0.007074
-0.007222
-0.012211
-0.033483
-0.032931
-0.013692
0.034848
0.050283
0.009491
-0.027886
-0.063045
-0.025771
0.026675
0.054861
0.033336
-0.025026
-0.047759
-0.015333
0.034207
0.041037
0.018326
-0.012352
-0.039574
-0.043107
-0.009419
0.008962
0.020842
0.008543
0.009969
-0.008418
-0.029445
-0.025410
-0.000263
0.077925
0.085527
0.021619
-0.056932
-0.102905
-0.073718
-0.007888
0.038536
0.057287
0.060019
0.048047
-0.004354
-0.056585
-0.076630
-0.047452
0.004071
0.026504
0.041840
0.034586
0.014411
-0.011395
-0.025760
-0.006503
0.006732
0.000780
-0.016747
-0.018497
0.016602
0.014067
0.000477
-0.013824
-0.007628
0.009428
0.016759
0.020074
-0.018748
-0.036989
-0.039037
-0.003468
0.035268
0.046803
0.035517
0.011526
-0.006512
-0.030080
-0.042483
-0.047302
-0.015573
0.026204
0.053284
