0.026950
-0.007684
-0.026791
-0.017367
-0.001598
0.008332
0.010821
0.000301
-0.019887
-0.025682
-0.016660
0.009995
0.017516
0.019976
0.006450
-0.009516
-0.021896
-0.013090
0.032655
0.018750
0.016255
-0.007014
-0.038884
-0.038037
0.015944
0.040586
0.014931
0.012739
0.003804
-0.012724
-0.048425
-0.040102
-0.003206
0.044343
0.046983
0.000814
-0.036594
-0.037494
-0.004282
0.024859
0.040218
0.022716
0.001835
-0.021045
-0.038564
-0.024903
0.000761
0.025035
0.022969
0.006551
-0.019684
-0.033551
-0.011111
0.012285
0.012213
-0.003269
0.002993
0.021537
0.006051
-0.032597
-0.060749
-0.042106
0.009247
0.050819
0.041876
-0.006205
-0.034707
-0.024608
0.013900
0.017317
-0.003561
-0.041346
-0.034044
0.002378
0.035097
0.026466
-0.006573
-0.028545
-0.022160
-0.008226
0.000991
-0.012481
-0.027308
-0.020563
-0.008645
0.011342
-0.005072
0.053708
-0.032302
0.010248
0.035877
-0.053096
-0.065224
-0.027904
0.074167
0.012233
0.017451
0.033772
0.014257
-0.045242
-0.053224
-0.014920
0.019872
0.014622
-0.020244
-0.017225
0.003845
0.029392
0.000049
-0.003124
-0.005038
0.018828
0.014394
-0.041187
-0.054308
-0.017453
0.034820
0.036796
0.018362
-0.004443
-0.015263
-0.000048
0.000125
-0.018060
-0.038991
-0.002366
0.033355
0.033031
-0.044752
-0.073823
-0.054727
0.035516
0.068211
0.085000
0.028314
-0.068415
-0.001039
-0.019705
-0.028051
-0.039229
0.039953
0.034319
0.018862
0.010777
-0.020841
-0.061079
-0.082530
0.013323
0.091207
0.123774
0.006388
-0.073870
-0.094667
-0.022155
0.024970
0.025435
0.004071
-0.015005
0.018344
0.013862
-0.011378
-0.033555
-0.013171
-0.009720
-0.013924
-0.019917
-0.004641
0.015247
0.046374
0.053580
0.011151
-0.023133
-0.031915
-0.039431
-0.059874
-0.042322
0.013843
0.068889
0.063963
0.036853
-0.012636
-0.066108
-0.083817
-0.041739
0.037985
0.061548
0.038312
-0.009473
-0.011108
-0.004340
-0.012671
-0.033807
-0.032013
0.006223
0.023286
0.023266
0.000016
-0.002104
0.003734
0.021960
0.013528
-0.054415
-0.095305
-0.060294
0.003565
0.058929
0.074257
0.052194
0.026460
-0.019914
-0.041409
-0.031627
-0.005901
-0.012239
-0.019735
-0.003355
0.009496
0.024455
0.011004
0.007142
0.012237
0.004202
-0.032062
-0.043775
-0.021975
0.013075
0.052276
0.069754
0.058378
-0.008382
-0.082210
-0.110183
-0.066720
0.027506
0.090724
0.080885
0.017127
-0.045223
-0.060235
-0.049210
-0.008070
0.062623
0.087153
0.065182
0.011259
-0.078918
-0.117143
-0.087532
0.010435
0.091178
0.098755
0.078746
0.004626
-0.079252
-0.134234
-0.079076
0.053777
0.133176
0.102455
0.011097
-0.055723
-0.064043
-0.031221
-0.016767
-0.002302
0.030727
0.061350
0.046873
0.001954
-0.025709
-0.028151
-0.012138
-0.002163
-0.007695
-0.013054
-0.004964
0.009128
0.006724
-0.002945
0.001950
0.024622
0.045756
0.044062
0.011871
-0.032533
-0.050972
-0.037233
-0.014499
0.008325
0.004196
0.015414
0.038802
0.010124
-0.014231
-0.017022
0.013681
0.021936
0.002935
-0.010093
-0.043575
-0.050205
-0.033649
0.000653
0.033467
0.060277
0.061186
0.020634
-0.003462
-0.019016
-0.043066
-0.063847
-0.063380
-0.005274
0.046947
0.050803
0.056331
0.035510
-0.009395
-0.078504
-0.065712
0.008749
0.038739
0.042705
0.013549
-0.012416
-0.032896
-0.024259
-0.017759
-0.000849
0.004550
0.013534
0.020373
0.031767
-0.004203
-0.052180
-0.026102
-0.018474
0.010507
0.046863
0.080550
0.024462
-0.051445
-0.074109
-0.043225
0.005075
0.034613
0.051051
0.036681
0.011668
-0.047419
-0.048188
-0.008752
0.018924
0.024448
0.024154
0.019080
0.000637
-0.015746
-0.026368
-0.035563
-0.037336
0.027465
0.092520
0.069969
-0.018999
-0.079887
-0.047887
0.014004
0.042375
0.035724
0.021612
-0.003649
-0.016240
-0.016904
-0.016161
-0.019325
0.002354
0.053224
0.069596
0.034343
-0.043645
-0.085436
-0.053484
0.034301
0.080419
0.065039
0.007402
-0.047892
-0.062177
-0.051708
-0.026261
0.010629
0.058455
0.079811
0.063921
-0.007844
-0.083215
-0.107705
-0.036353
0.045231
0.063412
0.045341
0.017950
-0.020051
-0.055853
-0.055334
-0.021067
0.033641
0.059917
0.057183
0.019111
-0.012956
-0.051980
-0.062368
-0.035862
0.008116
0.048430
0.048837
0.029745
-0.024345
-0.041230
-0.047046
-0.038615
0.003774
0.055121
0.061506
0.003584
-0.056854
-0.081010
-0.018726
0.050181
0.060082
0.035135
-0.022950
-0.053339
-0.047285
-0.021779
0.002316
0.018191
0.040642
0.032680
0.024813
-0.007734
-0.025962
-0.024983
-0.027822
-0.031266
-0.017484
0.021150
0.032511
0.042148
0.022561
-0.012368
-0.018915
-0.009797
-0.020686
-0.042173
-0.036906
-0.013645
0.039239
0.076059
0.068384
0.026244
-0.050208
-0.068391
-0.031476
0.005885
0.002858
0.005015
0.027612
0.038740
0.028960
-0.000411
-0.032827
-0.043475
-0.023995
0.020278
0.026992
-0.004252
-0.010193
-0.016691
0.036049
0.040576
0.008080
-0.022189
-0.010764
-0.000302
-0.019430
0.001376
0.017760
0.015826
-0.024307
-0.028130
0.029860
0.073236
0.022655
-0.029760
-0.035727
-0.019897
-0.016472
-0.011410
-0.006391
0.000169
-0.005613
0.017108
0.077258
0.071794
-0.007814
-0.073282
-0.036592
-0.010987
0.001983
-0.003352
-0.017346
0.005641
0.044573
0.017919
-0.008910
0.003423
-0.009674
-0.028407
-0.066749
-0.051653
0.015157
0.111072
0.112390
0.041388
-0.039712
-0.097145
-0.094269
-0.031953
0.029137
0.027274
0.047315
0.036677
0.000685
-0.072761
-0.079717
-0.053014
0.013708
0.102848
0.109663
0.064418
-0.025136
-0.070538
-0.097513
-0.086952
-0.054589
0.003270
0.032804
0.065655
0.081088
0.073071
-0.006598
-0.126924
-0.116482
-0.065702
0.061893
0.125814
0.064708
-0.036717
-0.074625
-0.043649
-0.041989
-0.007974
0.053234
0.067358
0.019441
-0.030455
-0.058647
-0.030088
0.025308
0.029590
-0.020721
-0.044207
-0.022745
0.005446
0.010860
-0.006942
-0.009560
0.027259
0.046137
0.029398
-0.030268
-0.122116
-0.095205
0.027987
0.124563
0.068472
-0.033729
-0.050589
-0.049725
-0.043715
-0.034814
0.044081
0.063784
0.021729
-0.026290
-0.034213
0.014573
-0.012151
-0.022298
-0.003457
0.058665
0.027468
-0.055840
-0.049784
-0.002464
0.052424
0.046764
-0.018576
-0.055232
-0.041737
0.000722
0.045440
0.049899
0.022938
0.007720
0.002892
-0.021944
-0.037362
-0.054626
0.005918
-0.034577
0.015844
0.062080
0.006482
0.047673
0.062344
0.024427
-0.113832
-0.100435
-0.033580
-0.029117
0.027829
-0.014736
0.092553
0.165290
0.018515
-0.099618
-0.075777
0.036624
-0.027500
-0.055521
-0.047313
0.077002
-0.012748
0.013268
0.070431
0.027416
0.093958
0.007781
-0.017130
-0.176036
-0.074559
-0.018966
0.059334
0.060926
-0.005192
0.099543
0.030453
-0.026611
-0.069054
-0.005595
0.018115
-0.031088
-0.030712
0.009070
0.017229
-0.006581
-0.066518
0.024814
0.118915
0.080842
-0.026900
-0.084993
-0.078718
-0.043972
0.035677
0.078125
0.080837
-0.014019
-0.062287
-0.083321
0.013108
0.075488
0.036833
-0.014390
-0.075597
-0.005310
0.065063
-0.008899
-0.071942
-0.058659
-0.015651
0.117265
0.174945
0.056226
-0.165542
-0.215590
-0.035594
0.049190
0.128540
0.073114
-0.028704
0.001246
0.034088
-0.008025
-0.095943
-0.067102
-0.008310
0.019350
0.017087
0.078626
0.056924
0.073594
-0.030794
-0.170992
-0.140145
0.025293
0.158398
0.069842
-0.001773
-0.124403
-0.032143
0.146805
0.120910
-0.120005
-0.274943
-0.052285
0.141740
0.196653
0.065438
-0.121014
-0.051713
0.137535
0.059030
-0.153345
-0.258841
-0.134550
0.199610
0.247022
0.125170
-0.054306
-0.009036
-0.055790
-0.156581
-0.128314
-0.030968
0.139003
0.046644
0.096993
0.064754
-0.008300
-0.065208
-0.060287
-0.040441
-0.032802
0.014208
0.043483
0.052667
-0.044077
0.011704
0.058085
0.100336
0.007841
-0.130933
-0.156862
-0.050299
0.104215
0.136558
0.109061
-0.047859
-0.083539
-0.066766
-0.031971
0.012764
0.052394
0.020587
-0.015444
0.049594
0.032856
-0.040316
-0.108048
0.003210
0.075772
0.082960
0.029939
-0.061995
-0.090641
-0.048270
0.040721
0.076744
0.041677
-0.018389
-0.013182
-0.007732
-0.010263
-0.043629
-0.013003
0.051546
0.061545
-0.040819
-0.032810
0.022444
0.023063
0.036526
0.003138
-0.032751
-0.077199
-0.014835
0.013738
0.043428
0.054564
0.036749
-0.004972
-0.022308
-0.041261
-0.085057
-0.015933
0.075376
0.094774
-0.037848
-0.062229
-0.003366
0.065147
0.042544
-0.028551
-0.053976
-0.038644
0.003013
0.000492
0.033565
-0.023541
-0.007641
0.062288
0.071595
-0.033819
-0.118393
-0.074843
0.038812
0.084037
0.049738
0.014533
-0.065461
-0.044017
0.012600
0.041190
-0.012351
-0.030122
0.008673
0.016452
0.011610
-0.008124
-0.030595
-0.012054
0.020722
0.051293
0.035455
-0.050119
-0.061268
-0.022345
0.026041
0.036373
0.029573
-0.002278
-0.020404
-0.001418
0.006728
-0.030914
-0.036251
0.026892
0.016785
0.007097
-0.001799
-0.005732
-0.004019
0.003927
0.003646
-0.000742
0.000790
-0.005028
-0.012415
-0.037432
-0.008945
0.030030
0.035054
0.004220
-0.027665
-0.023608
0.018098
-0.049960
0.027476
0.077369
-0.032891
-0.046557
0.033435
0.112564
-0.062248
-0.136940
-0.051692
0.056594
0.051807
0.024781
0.061691
0.041780
-0.034067
-0.098832
-0.008756
0.010808
-0.025161
-0.030711
0.056003
0.096089
-0.006270
-0.092878
-0.080493
0.018007
0.050063
0.047033
0.000670
-0.039530
-0.032291
-0.001651
0.043449
0.022800
-0.053952
-0.049193
0.019816
0.073913
0.024083
-0.064571
-0.059519
0.008600
0.082275
-0.008882
-0.090409
-0.040866
0.065475
0.093959
0.056852
-0.042845
-0.115590
-0.063042
0.005512
0.083605
0.063741
0.023192
-0.021650
-0.021337
-0.021354
-0.046855
-0.051360
0.039493
0.111984
0.035902
-0.058866
-0.070797
0.000794
0.007950
0.020259
-0.011992
0.024374
0.025159
-0.017515
-0.070739
-0.028496
0.068789
0.038606
0.040290
-0.002248
-0.004897
-0.073581
-0.074448
-0.022366
0.074793
0.105563
0.021457
-0.043480
-0.046472
-0.018326
-0.055781
-0.016127
0.062811
0.102071
-0.038679
-0.071847
-0.013622
0.060640
0.025434
-0.059393
-0.046973
0.020804
0.054606
-0.016826
-0.031978
-0.020329
0.046703
0.047484
0.044180
-0.067744
-0.097116
-0.041399
0.047866
0.061917
0.036237
0.021756
-0.010919
-0.017546
-0.050458
-0.029141
-0.080660
0.039657
0.082831
0.054231
-0.012192
0.029599
-0.024337
-0.089356
-0.082995
-0.028452
0.064432
0.040709
0.067752
0.017031
0.024670
-0.107745
-0.106730
-0.017606
0.112065
0.062357
-0.040382
0.033521
-0.001486
-0.087641
-0.149290
-0.044523
0.128283
0.133317
0.037861
-0.108658
-0.006091
-0.064210
-0.222014
0.069182
0.170153
0.205462
0.008304
-0.080714
-0.120302
-0.190290
-0.177092
-0.074051
0.241768
0.298721
0.157749
-0.063696
-0.173152
-0.170189
-0.125078
-0.044389
0.099498
0.205189
0.116967
-0.028899
-0.087231
-0.055107
-0.055547
-0.091548
0.060068
0.156900
0.069216
-0.034535
-0.010166
-0.095423
-0.100069
-0.083576
0.115558
0.200772
0.033869
-0.034997
-0.122445
-0.047798
-0.101713
0.047866
0.023904
0.056849
-0.096079
0.003576
0.011687
0.007817
0.083897
-0.010690
0.262041
0.053138
0.002328
-0.266469
-0.187919
-0.128773
-0.085424
0.116106
0.360954
0.416806
-0.070361
-0.309502
-0.250853
-0.012061
-0.063567
0.019954
0.174845
0.272312
-0.025489
-0.238221
-0.101692
0.124800
0.081322
-0.101873
0.005137
0.152788
0.021516
-0.178077
-0.093706
0.042098
0.119622
-0.029532
-0.018867
0.079255
0.079476
-0.137274
-0.171127
0.001397
0.150657
0.062128
-0.045075
-0.073087
-0.046420
0.020951
0.059023
0.033159
-0.107787
-0.023977
-0.064215
0.099542
0.179665
0.149431
-0.045534
-0.185229
-0.089505
-0.019191
-0.056764
-0.101293
0.090358
0.187474
0.198580
0.033285
-0.130604
-0.252503
-0.199441
-0.028205
0.159599
0.185822
0.086390
0.011032
-0.112591
-0.173833
-0.084693
0.029464
0.128186
0.063010
-0.021848
0.022203
0.013522
-0.040088
-0.116152
-0.057357
0.008303
0.080379
0.043370
0.051632
0.031355
-0.038992
-0.085920
-0.027484
0.001259
-0.005360
-0.001039
-0.026147
0.079151
0.072659
-0.011225
-0.089829
0.004652
0.016254
-0.016538
-0.036759
-0.021383
-0.018077
0.013763
0.044258
-0.004510
0.040871
0.039458
-0.006512
-0.097824
-0.062785
0.013582
0.060518
0.053554
-0.034150
-0.048066
-0.030873
0.014395
0.043258
0.013303
0.072861
0.007051
-0.086761
-0.000442
0.075323
-0.003299
-0.109684
-0.059591
-0.004242
0.060883
0.041111
-0.027083
0.102411
0.107581
-0.085421
-0.115652
0.025512
0.029732
-0.065307
-0.073834
0.020859
0.085563
0.088833
0.018302
-0.074609
0.020830
0.030592
-0.046679
-0.029981
0.017936
-0.020325
0.037955
0.045899
-0.005333
-0.070127
-0.054510
0.129636
0.150484
0.061151
-0.104175
-0.209617
-0.159479
0.114848
0.188686
0.017747
-0.110179
-0.093821
0.037127
0.177015
0.109949
-0.177150
-0.197399
-0.070608
0.167481
0.224031
0.051667
-0.155984
-0.204381
0.022214
0.081338
0.022688
0.002540
-0.011521
0.028209
0.057127
-0.088410
-0.121172
0.006959
0.111212
0.124534
0.029464
0.034329
-0.002886
-0.152804
-0.167821
-0.056559
0.133142
0.191891
0.062063
-0.053102
-0.079026
-0.001913
-0.133144
-0.047144
0.154470
0.148073
0.084527
-0.102201
-0.182882
-0.127916
0.046265
0.065986
0.033417
0.048685
0.084185
0.056465
-0.018474
-0.177721
-0.263879
0.078495
0.235050
0.113248
-0.091844
-0.123953
0.004874
0.144514
0.113815
-0.047694
-0.055617
-0.133510
-0.107825
0.010370
0.119558
0.191645
0.134039
-0.085382
-0.253472
-0.175282
0.059354
0.135038
0.158970
0.080833
-0.055962
-0.016142
-0.064064
-0.117517
-0.093223
0.089905
0.085788
0.152099
0.141666
-0.137131
-0.146729
-0.116528
-0.008126
0.042030
0.079306
0.146019
0.023383
-0.126474
-0.160908
0.029767
0.204236
0.092917
-0.164676
-0.150870
0.031162
0.104322
0.045908
-0.104907
-0.035846
0.046349
0.144076
0.115508
-0.108520
-0.140402
0.010194
0.096961
-0.051534
-0.062283
-0.020797
0.019000
0.096088
0.088997
0.008665
-0.015202
0.000464
-0.103540
-0.077057
-0.035697
-0.038392
0.079800
0.067708
0.018669
0.137539
0.047920
-0.212614
-0.178252
0.039175
0.147589
0.069376
-0.091794
-0.098531
-0.004377
0.095307
0.100276
0.033780
-0.080460
-0.072241
0.052518
0.055074
-0.081624
-0.160148
-0.037202
0.087352
0.149332
0.096501
-0.044631
-0.173401
-0.043231
0.090083
0.029138
-0.065633
-0.103758
0.026582
0.183563
0.143126
-0.073040
-0.116426
-0.077874
-0.071500
-0.013381
-0.011798
-0.055624
0.030083
0.108908
0.201676
0.116157
-0.205507
-0.316969
-0.201671
0.074960
0.309948
0.256155
-0.056988
-0.157804
-0.069155
0.022883
-0.032690
-0.180749
-0.093610
0.104411
0.198230
0.134623
0.044788
-0.182508
-0.255046
-0.057092
0.199737
0.119733
0.016630
-0.053452
-0.137889
0.048480
0.096288
0.041915
-0.101631
-0.157559
-0.079088
0.169772
0.144368
-0.025541
-0.008719
-0.001508
-0.081018
-0.128763
0.004729
0.009583
0.027348
0.135330
0.113145
-0.029129
-0.044108
-0.078300
-0.149377
-0.097988
0.076645
0.135965
0.072271
-0.026690
-0.031667
0.063154
0.051061
-0.020524
-0.164911
-0.175208
-0.048001
0.146630
0.147055
0.007581
0.067693
0.105883
-0.093981
-0.262649
-0.182357
0.106416
0.281284
0.056991
-0.099892
-0.044003
-0.020373
-0.012866
-0.015153
-0.035619
-0.011888
0.071383
0.072787
-0.025165
-0.088606
-0.071098
-0.067461
0.047178
0.206319
0.120229
-0.018741
-0.115430
-0.151259
-0.102000
-0.064821
0.090583
0.195601
0.143499
0.086880
-0.042481
-0.175572
-0.242592
-0.155825
0.062649
0.311017
0.206400
-0.023992
-0.063207
-0.031075
-0.050078
-0.177841
-0.159552
0.012082
0.241853
0.156970
0.010002
-0.118983
-0.117559
0.041474
0.091614
0.052971
0.026043
-0.096168
-0.230865
-0.017033
0.137246
0.158476
0.019754
-0.022923
0.044602
0.007748
-0.081619
-0.139706
-0.049366
0.108478
0.132308
-0.022387
-0.049408
-0.067928
-0.056204
0.038421
0.085040
0.113295
0.083193
-0.047073
-0.202920
-0.220098
-0.048688
0.267851
0.397658
0.042791
-0.317820
-0.380840
-0.072048
0.299783
0.316131
0.068681
-0.122594
0.041239
0.041867
-0.189290
-0.307628
-0.151305
0.137162
0.273119
0.260442
0.046718
-0.169894
-0.190280
-0.176149
-0.028819
0.272391
0.273001
0.013817
-0.259758
-0.311098
-0.060811
0.169227
0.086756
0.004060
0.131752
0.204831
-0.004453
-0.247488
-0.231179
-0.093013
0.184382
0.306498
0.111762
-0.216034
-0.240727
-0.076364
0.066301
0.164218
0.079113
0.069919
0.084554
0.025338
-0.184935
-0.266621
-0.086807
0.133332
0.173248
0.096436
0.046099
-0.049884
-0.045800
-0.060554
-0.067363
-0.048313
0.019533
0.048608
0.007452
0.045419
-0.007997
0.056207
0.097269
-0.062137
-0.229078
-0.067548
0.198212
0.210769
0.048537
-0.228405
-0.214752
-0.017078
0.181789
0.111668
0.039130
-0.020552
-0.056249
-0.031922
-0.093741
0.038164
0.002150
-0.017505
0.090190
0.169103
0.037487
-0.178394
-0.193824
-0.072377
0.077663
0.123392
0.123828
0.011649
-0.044183
0.031832
-0.107175
-0.165208
0.017661
0.204342
0.139174
-0.006924
-0.133211
-0.112642
0.023904
0.020462
0.043187
-0.004842
0.057165
0.000047
0.062778
0.033718
-0.122816
-0.115827
-0.007078
0.032757
0.005211
0.110800
0.070818
0.068437
-0.064025
-0.106346
-0.141991
0.000016
0.071567
0.078344
0.128362
-0.029056
-0.044304
-0.051769
-0.024833
-0.045769
0.006991
-0.004882
0.024052
0.014574
0.041530
-0.080723
-0.116557
0.024617
0.016793
0.094913
0.052738
0.101589
-0.006531
-0.095264
-0.108910
-0.020341
0.033365
-0.039488
-0.058033
0.059032
0.153782
0.064020
0.023033
-0.040246
-0.041759
-0.180835
-0.154218
-0.070094
0.124488
0.221906
0.066606
0.035476
0.026168
-0.053168
-0.251045
-0.138607
0.070584
0.204027
0.150195
-0.058903
-0.120568
-0.087368
-0.011406
-0.001231
0.038935
0.096200
0.126842
0.035636
-0.162148
-0.162394
-0.054250
0.025678
0.173221
0.085192
-0.022184
-0.024857
-0.047026
-0.051683
-0.107636
0.038159
0.079861
0.113813
0.082347
-0.098708
-0.143217
-0.140143
-0.015217
0.035649
0.158023
0.230956
0.032602
-0.032375
-0.167987
-0.206290
-0.027213
0.169626
0.123053
-0.040111
-0.163743
-0.183162
0.079376
0.212918
0.205176
-0.079782
-0.049272
-0.037871
-0.147857
-0.131379
0.033751
0.168357
0.060833
0.029694
-0.152202
0.012843
0.026545
-0.010514
0.059214
0.171369
0.100679
-0.199408
-0.318870
-0.171130
0.161595
0.200790
0.105279
0.009748
0.010233
0.087063
-0.088000
-0.353083
-0.113874
0.170962
0.295323
0.072379
-0.127929
-0.149654
-0.134594
0.058413
0.120892
0.209319
0.081500
-0.167270
-0.313268
-0.103267
0.203971
0.186360
0.021941
-0.122626
-0.038587
0.123846
0.048625
-0.110069
-0.214607
-0.099039
0.062492
0.174296
0.173032
-0.026530
-0.152759
-0.131620
-0.048883
0.049255
0.118892
0.039366
0.002559
-0.070097
-0.045406
-0.044848
-0.033123
-0.014071
0.107813
0.173751
0.005474
-0.121006
-0.201398
-0.040610
0.114229
0.144112
-0.022411
-0.106912
-0.061264
0.047190
0.109894
-0.007797
-0.070313
-0.016602
0.059011
0.009364
-0.009012
-0.051729
-0.115658
-0.025948
0.158045
0.173057
0.002328
-0.084322
-0.145138
-0.095674
-0.025792
0.109448
0.212841
0.049539
-0.061757
-0.131351
-0.143339
-0.056664
0.145419
0.211747
-0.027337
-0.244564
-0.069844
0.134868
0.095653
0.072089
0.044626
-0.055435
-0.123651
-0.200785
-0.155652
0.198549
0.290762
0.160959
0.113897
-0.034987
-0.289225
-0.370776
-0.219907
0.122723
0.361581
0.234728
0.065082
-0.051127
-0.141769
-0.088611
-0.098577
-0.101750
0.156957
0.262168
0.051645
-0.176988
-0.160846
-0.045176
-0.006528
-0.001595
0.073113
0.203750
0.187609
-0.076165
-0.281599
-0.204353
0.100916
0.295629
0.106238
-0.157817
-0.216397
0.008608
0.080151
0.047626
0.103564
0.011772
-0.071189
-0.032698
-0.038681
-0.025663
0.051470
0.061707
0.026029
-0.037156
-0.040059
0.002524
0.009278
0.026220
0.021503
-0.001338
0.056396
0.009956
-0.122483
-0.055511
0.081513
0.082018
-0.000511
-0.059060
-0.024282
-0.000264
-0.037061
-0.062069
0.091687
0.100462
0.000890
0.038786
-0.094448
-0.102050
0.096148
0.141061
-0.147939
-0.246067
-0.113507
0.217559
0.294829
0.009493
-0.040684
-0.039237
0.027068
-0.065948
-0.193266
-0.216281
0.094057
0.236550
0.177008
0.041541
-0.034347
-0.027223
-0.163380
-0.151465
-0.054124
0.083551
0.012619
0.076921
0.078527
0.145882
0.032975
-0.140850
-0.168576
-0.189398
0.062801
0.230906
0.222584
-0.047310
-0.262356
-0.166495
0.098885
0.135360
0.072277
0.115224
0.011392
-0.162296
-0.201664
-0.144608
0.101699
0.271136
0.096088
0.107597
0.107521
-0.089266
-0.382752
-0.433444
0.042146
0.405776
0.488254
0.171984
-0.298417
-0.310299
-0.088462
-0.076364
-0.010324
0.116087
0.134810
0.134157
0.016709
-0.138794
-0.094877
-0.076862
-0.129009
0.032466
0.114281
0.172284
0.174476
-0.020076
-0.293317
-0.153414
0.034557
0.096153
-0.027206
-0.003004
0.253652
0.101181
-0.011346
-0.212405
-0.256448
-0.069873
0.226344
0.208714
0.008268
-0.156773
-0.153014
0.122236
0.179614
0.023724
-0.157103
-0.119712
0.031580
0.156625
-0.018395
-0.126275
-0.003219
0.110556
0.091652
-0.110866
-0.078708
0.081930
0.008555
-0.029729
0.006634
0.012897
0.042245
-0.027470
-0.135708
-0.033658
0.036407
0.116552
0.299308
0.190640
-0.259152
-0.478548
-0.283476
0.121496
0.542645
0.311471
-0.148408
-0.245565
-0.049718
0.036945
-0.121305
-0.249276
0.061871
0.283095
0.183890
0.208164
0.013837
-0.328155
-0.480182
-0.109772
0.195272
0.335345
0.240113
-0.103532
-0.135033
0.110937
0.081523
-0.247043
-0.228474
-0.051653
0.244360
0.201203
-0.017602
-0.009129
-0.027980
0.025446
-0.076347
-0.104112
-0.066168
0.002118
0.012263
0.046934
0.163521
0.119383
0.012988
-0.328079
-0.220040
0.106833
0.150614
0.199168
0.131319
-0.067963
-0.195032
-0.151771
-0.082452
0.089418
0.041218
0.116625
0.277372
0.134333
-0.188695
-0.477368
-0.255411
0.114382
0.451197
0.339833
-0.060817
-0.268111
-0.208467
-0.046301
0.006845
0.020333
0.082253
0.243952
0.054310
-0.112519
-0.076543
-0.054392
-0.182787
-0.109604
0.215548
0.300726
0.063668
-0.119894
-0.189811
-0.171668
0.041052
0.034955
0.129494
0.053186
-0.090162
0.033082
0.084636
-0.015763
-0.215172
-0.135897
0.013952
0.126888
0.256307
0.128639
-0.119132
-0.256351
-0.240271
-0.078260
0.149404
0.209092
0.256988
0.152438
-0.129491
-0.282906
-0.304275
0.015985
0.119100
0.066606
0.199592
0.218487
0.040232
-0.296143
-0.373818
-0.096116
0.202625
0.327943
0.195126
-0.070979
-0.290739
-0.244581
0.047529
0.125596
0.133333
0.154985
0.041341
-0.081038
-0.167358
-0.233558
-0.067746
0.150707
0.225843
0.199023
-0.008202
-0.188113
-0.260409
-0.079036
0.085289
0.218887
0.179349
0.010733
-0.105090
-0.190290
-0.096701
-0.025685
0.093572
0.092014
0.058447
0.061997
-0.017064
-0.090201
-0.018845
0.003763
-0.050339
-0.058611
-0.038929
0.060133
0.094100
0.049605
0.008875
-0.101231
-0.171229
0.017755
0.026352
-0.022681
0.087781
0.233071
0.148479
-0.215303
-0.287036
-0.185130
0.051249
0.117481
0.103906
0.188468
0.152356
-0.022576
-0.265263
-0.243852
-0.142769
0.110754
0.171308
0.156620
0.067870
-0.108090
-0.087225
-0.007669
0.109461
-0.121613
-0.284883
0.050400
0.226539
0.087841
0.132330
0.104324
-0.120973
-0.328968
-0.221493
-0.119479
0.190117
0.414943
0.089695
-0.000815
0.134673
-0.013170
-0.414865
-0.391069
-0.171031
0.254695
0.480778
0.194203
0.115191
0.037845
-0.230485
-0.470851
-0.415351
0.125157
0.516482
0.229362
0.008288
0.037134
0.031420
-0.208268
-0.532257
-0.204368
0.348495
0.468230
0.305051
-0.063594
-0.317039
-0.243425
-0.187637
-0.051987
0.120059
0.222599
0.243285
0.125392
-0.150647
-0.317047
-0.253307
-0.044534
0.346862
0.396601
0.073784
-0.267387
-0.365256
-0.131457
0.113055
0.168842
0.140816
0.077439
-0.017062
-0.033712
-0.072295
-0.164413
-0.141201
-0.052619
0.246024
0.324959
0.072931
-0.191741
-0.258985
-0.048242
0.086945
0.140508
-0.071131
-0.115486
0.026974
0.212350
0.140705
-0.093047
-0.207093
-0.074568
0.090498
-0.000322
0.046653
-0.065448
0.016423
0.054418
0.154991
0.039388
-0.104839
-0.041195
-0.075787
-0.119302
-0.043262
0.136078
0.076121
0.146375
-0.044673
-0.043261
0.080283
-0.024487
-0.220070
-0.140397
0.013915
0.181090
0.228624
-0.026400
-0.206652
-0.013488
0.184288
-0.041172
-0.180512
-0.128353
0.187493
0.201434
0.115018
-0.285114
-0.330200
0.057106
0.399368
0.291272
-0.031852
-0.235147
-0.402833
-0.075910
0.160207
0.324450
0.111777
-0.086376
-0.136054
-0.033079
0.019750
-0.050696
-0.085298
0.044738
0.201734
0.084073
-0.138959
-0.143879
0.085024
0.082578
-0.006065
-0.098104
-0.026109
0.090082
0.060120
-0.040535
-0.020977
0.056312
0.006451
-0.038404
-0.007646
0.027134
0.023124
-0.067480
0.003039
0.010534
0.102693
0.088612
-0.064589
-0.234786
-0.105622
0.215573
0.114040
0.061476
-0.107123
-0.066944
0.041784
0.128229
-0.091920
-0.204124
-0.009891
0.163664
0.184989
0.005836
-0.187413
-0.201747
0.192467
0.222406
-0.056707
-0.279373
-0.121788
0.059927
0.216827
0.193194
0.036302
-0.079439
-0.084567
-0.062930
-0.117313
-0.070922
0.018434
0.180779
0.097761
0.003241
-0.124870
0.085514
0.152106
-0.029779
-0.290352
-0.287017
0.164086
0.262942
0.173610
-0.141610
-0.100027
0.099382
0.121088
-0.112256
-0.271633
-0.034912
0.177503
0.152614
-0.029527
-0.062838
-0.078839
0.083949
0.106423
-0.081387
-0.170972
0.045339
0.078768
0.001830
-0.014507
-0.139831
0.004492
0.278678
0.248275
-0.210685
-0.410601
-0.181633
0.160100
0.222784
0.093613
-0.063322
0.031567
0.068787
-0.136676
-0.216420
-0.016005
0.187250
0.156228
0.063364
-0.150622
-0.146774
0.027337
0.106387
-0.048509
-0.095535
0.029285
0.166314
0.114136
-0.152854
-0.249584
0.053045
0.236853
0.108095
-0.077022
-0.172774
-0.032017
0.026706
0.020260
-0.059899
0.025101
0.108543
0.100891
-0.026456
-0.178430
-0.111355
0.002791
0.111068
0.108688
0.076944
-0.065804
-0.070275
0.000772
-0.039525
-0.029758
-0.003030
0.026468
0.014805
0.015171
0.069419
0.017415
-0.038911
-0.042584
-0.096533
-0.036494
0.065634
0.105711
0.084683
-0.046408
-0.207016
-0.069640
0.118334
0.122527
-0.052800
-0.121125
0.056585
0.135856
0.004933
-0.170578
-0.101469
0.020557
0.068736
0.075685
0.018549
-0.069231
0.058444
0.149621
0.006328
-0.213126
-0.153802
-0.011443
0.096962
0.126826
0.007206
0.000075
-0.011100
0.036687
-0.072316
-0.156884
-0.063309
0.179252
0.155134
-0.037709
-0.128577
-0.047458
0.076262
0.008351
-0.025718
-0.078112
0.002071
0.055931
0.025391
-0.023311
-0.041126
0.041141
0.136900
0.078478
-0.166314
-0.251579
0.042644
0.138111
0.041008
0.051766
0.050980
0.041525
-0.012580
-0.132802
-0.189713
-0.006546
0.089162
0.138367
0.068246
-0.008063
-0.064468
-0.000461
0.073279
-0.069330
-0.101087
-0.088816
0.023751
0.047876
0.113271
0.025155
-0.020724
0.056703
-0.046042
-0.133127
-0.145098
0.088616
0.046605
0.001370
0.070426
0.050182
0.094693
0.038016
-0.120958
-0.268578
-0.096419
0.104365
0.117066
0.001596
0.038641
0.124184
0.068746
-0.027316
-0.224532
-0.187594
-0.017541
0.111661
0.055948
-0.002066
0.087343
0.082940
0.026264
-0.036824
-0.121182
-0.160866
-0.060887
0.061595
0.082713
0.003825
0.000859
0.055927
0.054176
0.004774
-0.030483
-0.058344
-0.044685
-0.042369
-0.069182
-0.042586
0.045878
0.163387
0.147052
0.070490
-0.085334
-0.202110
-0.180650
-0.003897
0.126620
0.033140
0.009653
0.093518
0.121519
0.000428
-0.093094
-0.191297
-0.123189
0.080951
0.159342
0.089698
-0.081667
-0.025458
0.061929
0.042379
-0.025088
-0.073084
-0.052390
0.006903
0.040225
-0.028654
-0.042503
0.050649
0.131093
0.077492
-0.005723
-0.101882
-0.117734
-0.047343
0.038217
0.070343
0.010935
0.003742
0.012160
0.048607
0.067101
0.001273
-0.101398
-0.130020
-0.022814
0.093388
0.048367
-0.025449
0.027839
0.082374
0.005092
-0.053640
-0.062312
-0.074805
0.025110
0.051134
0.009835
-0.046681
0.048935
0.158330
0.038923
-0.103767
-0.150868
-0.076672
-0.002373
0.103530
0.108013
0.010896
-0.062156
-0.012880
0.037832
-0.000018
-0.042351
-0.092514
0.010704
0.061460
0.014777
-0.035879
-0.029366
0.067842
0.080590
0.013112
-0.063703
-0.052126
-0.014599
0.041570
0.013829
-0.050528
-0.088135
-0.012045
0.152740
0.109629
0.001923
-0.060529
-0.074661
-0.071370
0.007124
0.053476
0.011497
-0.089632
0.006124
0.128275
0.031130
-0.019860
-0.002026
0.051940
-0.010673
-0.064734
-0.095802
-0.072976
-0.006453
0.078842
0.119171
0.072347
0.005980
-0.050592
-0.041487
-0.046692
-0.035791
-0.052406
0.023368
0.069650
0.084756
0.085743
-0.038817
-0.156604
-0.098723
0.113246
0.146020
-0.010381
-0.120834
-0.020966
0.065020
0.048976
-0.052948
-0.122395
-0.048501
0.078184
0.115926
0.022561
0.009390
-0.010666
0.017597
0.015105
-0.081365
-0.160866
-0.109369
0.093663
0.231451
0.136907
-0.056754
-0.075714
-0.016384
0.004080
-0.092513
-0.128294
-0.028282
0.056708
0.073310
0.087573
0.075660
0.023289
0.004238
-0.041658
-0.081317
-0.101178
-0.050066
0.036048
0.118566
0.107970
-0.018572
-0.116583
-0.023487
0.064823
-0.014435
-0.072429
-0.012559
0.058692
-0.010034
0.052219
0.193250
0.098952
-0.106599
-0.223408
-0.184513
-0.032392
0.135208
0.176553
0.089704
-0.008724
-0.106242
-0.122130
0.006907
0.084225
-0.024191
-0.052477
0.040760
0.087149
0.041541
-0.018936
-0.037109
0.024163
0.038719
-0.091348
-0.163356
-0.047067
0.156631
0.145864
0.015956
-0.129645
-0.071184
0.086373
0.100925
-0.058909
-0.134838
-0.010672
0.039109
0.057939
0.017493
-0.024683
-0.017209
0.080630
-0.002355
-0.084798
-0.114339
-0.038680
0.136326
0.163391
0.019502
-0.213091
-0.096211
0.088966
0.099733
-0.036865
-0.065338
0.044238
0.066449
0.017507
-0.085620
-0.072484
0.029017
0.033648
-0.049573
-0.026639
0.049352
0.064352
0.003684
-0.062791
-0.026598
0.051940
0.022386
-0.088887
-0.085403
0.021735
0.100519
0.079116
0.008085
-0.012488
-0.036773
-0.026817
-0.059625
-0.084977
-0.018062
0.041759
0.109374
0.111045
0.043803
-0.088413
-0.124272
-0.089119
-0.002080
0.071505
0.050665
0.036056
0.005469
-0.011254
-0.022616
0.014800
0.001325
-0.063681
-0.069260
-0.000485
0.073287
0.051044
-0.025052
-0.043819
0.057165
0.116977
-0.004535
-0.166128
-0.165279
-0.005812
0.112548
0.113817
0.030467
0.014008
0.015088
-0.049753
-0.122941
-0.119127
0.031006
0.098640
0.057792
0.007791
0.037662
0.022404
-0.065379
-0.108311
-0.089708
0.035386
0.092841
0.063044
0.000332
0.009615
0.030660
-0.005873
-0.066266
-0.071638
-0.012138
0.022448
0.030056
-0.004302
0.044573
0.038683
-0.014869
-0.071366
-0.051005
0.003784
0.009344
0.015666
0.008477
0.050619
0.059510
0.026094
-0.053046
-0.099605
-0.077689
0.000710
0.051052
0.077442
0.074099
0.038633
-0.009960
-0.090676
-0.107319
-0.073397
0.001673
0.064462
0.123266
0.090348
-0.027156
-0.083872
-0.050343
0.012972
-0.008021
0.002177
0.019474
0.003172
-0.024721
-0.030769
0.035291
0.079463
0.046268
-0.051650
-0.105568
-0.080519
0.011553
0.068588
0.071512
0.051607
0.021039
-0.034301
-0.108680
-0.093163
0.006627
0.106337
0.105518
0.048257
-0.032742
-0.116699
-0.118765
-0.026215
0.057374
0.110725
0.098030
-0.007228
-0.088036
-0.073209
-0.020690
0.013827
0.027293
0.051118
0.057445
-0.023427
-0.055316
-0.073652
-0.035850
0.055487
0.073514
0.040888
-0.038086
-0.068361
-0.056688
0.003326
0.061754
0.074935
0.024645
-0.039805
-0.048933
-0.043666
0.016228
0.029683
0.005146
0.002884
0.017973
0.011832
-0.016109
-0.020434
-0.030907
-0.006924
0.035331
0.044547
0.002407
0.001541
-0.005809
-0.004473
0.028831
-0.011969
-0.029619
-0.015306
-0.010640
-0.010343
0.025415
0.054944
0.049001
-0.023521
-0.078747
-0.048856
-0.001382
0.027319
0.011819
0.032474
0.035026
0.000603
-0.059873
-0.037269
0.016419
0.033020
-0.001721
-0.047629
-0.018039
0.012757
0.080436
0.062868
0.001605
-0.038964
-0.046328
-0.077409
-0.089114
0.005434
0.104120
0.125497
0.044440
-0.022756
-0.095176
-0.120202
-0.061435
0.051804
0.114937
0.073944
0.008320
-0.056707
-0.087543
-0.072139
0.012184
0.075094
0.086588
0.037468
-0.031114
-0.094640
-0.095851
-0.005256
0.063443
0.111950
0.048215
-0.022639
-0.071696
-0.071809
-0.032894
0.022722
0.075734
0.029510
0.012659
-0.019806
-0.056732
-0.069893
0.010441
0.066586
0.054050
0.028034
-0.024926
-0.060926
-0.082166
-0.026133
0.049637
0.098463
0.072628
0.002847
-0.069560
-0.094193
-0.051615
0.014935
0.073799
0.042545
0.028271
0.009335
-0.015837
-0.034654
-0.054968
-0.012643
0.025652
0.042828
-0.015657
-0.004861
0.037175
0.050507
0.005234
-0.032323
-0.052363
-0.034276
0.020651
0.025675
0.019150
-0.026409
0.004273
0.024271
0.027815
-0.024997
-0.013137
-0.010966
-0.018344
-0.035904
-0.013684
0.056527
0.068089
0.075574
-0.019377
-0.066823
-0.105015
-0.052324
0.006383
0.059466
0.068319
0.057085
0.023830
-0.057806
-0.071213
-0.087573
-0.014938
0.059089
0.102018
0.058485
-0.017100
-0.076159
-0.097038
-0.037330
0.026121
0.061165
0.047789
0.023617
-0.031463
-0.097778
-0.048361
0.058135
0.100821
0.093599
0.049551
-0.035525
-0.133441
-0.156397
-0.101838
-0.003730
0.086923
0.172301
0.185717
0.058426
-0.135953
-0.240799
-0.165667
0.017518
0.162817
0.152600
0.047796
-0.024667
-0.045813
-0.087825
-0.114581
-0.027541
0.111164
0.149133
0.052831
-0.075720
-0.115208
-0.068391
-0.001753
0.031997
0.043373
0.044096
0.042679
0.038955
-0.005864
-0.066880
-0.085659
-0.012471
0.084935
0.082626
-0.009877
-0.062692
-0.020349
0.019435
0.008475
-0.005820
-0.001586
-0.007136
0.013030
0.020487
-0.011102
0.003762
-0.017617
-0.016051
0.041840
0.038535
-0.003721
-0.026567
-0.048139
-0.014436
0.020313
0.009535
0.029219
0.021888
0.007420
-0.033623
-0.040586
-0.007752
0.009956
0.015680
0.004210
0.017413
0.022219
0.019858
0.000439
-0.037275
-0.039447
-0.021466
0.014198
0.024718
0.021165
0.003958
-0.062135
-0.069731
-0.006831
0.056282
0.067629
0.080065
0.111615
0.068560
-0.057192
-0.205355
-0.230277
-0.139743
0.028548
0.162064
0.238713
0.121544
-0.112676
-0.137540
-0.099160
0.038899
0.169842
0.166155
-0.000357
-0.186041
-0.209502
-0.099259
-0.014626
0.070613
0.176554
0.189797
0.085883
-0.171462
-0.279142
-0.152598
0.087223
0.156525
0.111252
0.030722
-0.031147
-0.053848
-0.116064
-0.096400
-0.030935
0.097183
0.114816
0.069993
0.018415
-0.005912
-0.026495
-0.042116
-0.021301
-0.071362
-0.068210
-0.029964
0.039163
0.091225
0.089447
0.002212
-0.062965
-0.035206
-0.031076
-0.054471
-0.029910
0.060869
0.109457
0.094815
-0.041547
-0.148208
-0.143398
-0.005138
0.090544
0.078136
0.050418
0.024407
0.032767
0.028266
0.027392
-0.043637
-0.103039
-0.109538
-0.023593
0.025515
0.099135
0.091444
0.014971
0.004558
-0.016539
-0.025031
-0.099647
-0.067930
0.018680
0.133033
0.117343
0.015764
-0.102883
-0.148395
-0.060733
0.021439
0.087314
0.053043
0.052071
0.029876
0.009719
0.003790
-0.012001
-0.033991
-0.058838
-0.051390
-0.030864
0.024478
0.043777
0.051887
0.040262
0.037424
0.000367
-0.047398
-0.087295
-0.144588
-0.047943
0.035226
0.115789
0.082813
0.014946
0.017939
0.037121
0.116103
0.036487
-0.077978
-0.189939
-0.149729
-0.039387
0.029579
0.116975
0.152492
0.108946
-0.001691
-0.108261
-0.205951
-0.143376
0.007031
0.130228
0.157646
0.095046
0.002518
-0.104548
-0.133184
-0.097964
0.014271
0.111229
0.106782
0.048669
-0.015664
-0.034593
-0.001371
0.007621
-0.081897
-0.103358
-0.033021
0.065840
0.121451
0.072983
0.016960
-0.022332
-0.025440
-0.034685
-0.070014
-0.092491
-0.024762
0.082401
0.113082
0.055170
-0.023621
-0.040328
-0.033329
0.000228
-0.016685
-0.053783
-0.023238
0.026519
0.056694
0.050626
0.055211
-0.000928
-0.061993
-0.056259
-0.026565
-0.028649
-0.023992
0.034035
0.070372
0.057060
0.008950
-0.027852
-0.055826
-0.046384
-0.022343
-0.000244
0.004695
0.013162
0.012475
-0.002565
0.025643
0.022948
-0.007029
-0.029111
-0.019716
0.019376
0.055992
0.032318
-0.029599
-0.070229
-0.053914
-0.014326
-0.004601
0.018255
0.035557
0.054564
0.033946
-0.012881
-0.061345
-0.095529
-0.066821
-0.003212
0.059844
0.064983
0.042943
-0.015300
-0.033613
0.014872
0.035085
-0.008542
-0.077892
-0.065858
-0.017442
0.036428
0.060593
0.051244
-0.004550
-0.018884
0.003671
-0.010880
-0.027599
-0.036013
-0.030988
-0.020220
0.040668
0.077078
0.048954
-0.011932
-0.046658
-0.024028
0.014906
0.028984
-0.004383
-0.048190
-0.055890
-0.004228
0.080977
0.064948
0.019351
-0.015254
-0.013655
-0.022576
-0.017001
0.037910
0.032310
0.018010
-0.013058
-0.001589
-0.011268
-0.001420
-0.017622
-0.005490
0.021402
0.027260
0.026142
-0.014394
-0.015127
-0.042335
0.002547
0.029148
0.053019
0.045733
-0.015340
-0.067451
-0.066775
0.029642
0.043297
0.020977
0.012927
0.035198
0.021482
-0.013033
-0.032338
-0.064801
-0.042986
0.028778
0.071697
0.043104
0.023829
-0.021503
-0.065507
-0.056210
0.019339
0.056518
0.021648
-0.022874
-0.050383
-0.033469
0.015100
0.037999
0.006081
-0.004348
-0.002184
0.022773
-0.001341
-0.043494
-0.035884
-0.012819
0.014009
0.032445
0.026334
-0.006531
-0.049476
-0.045852
0.014246
0.028559
-0.010088
-0.029147
-0.006763
0.009069
-0.006689
-0.030036
-0.028497
-0.006457
0.032828
0.031687
0.003288
-0.009985
-0.023555
0.010318
0.026013
0.000674
-0.030669
-0.077063
-0.046849
0.026681
0.074775
0.056278
-0.003098
-0.024858
-0.031886
-0.014052
-0.011197
-0.018505
-0.001151
0.042792
0.046184
-0.005844
-0.043461
-0.046056
-0.012665
0.018751
0.033640
0.019882
0.009740
-0.019279
-0.026633
-0.004985
0.007710
0.023456
0.005534
0.007356
0.003880
0.002326
0.002650
-0.014860
-0.029295
-0.019769
