-0.007694
0.016835
0.006446
0.013401
-0.018618
-0.016772
-0.008907
0.015469
0.031260
0.010873
-0.006497
-0.041398
-0.024545
-0.000830
0.045161
0.026676
0.001929
-0.009084
-0.011949
-0.029682
-0.033681
0.017237
0.028135
0.034887
0.003997
-0.007972
-0.027233
-0.023604
-0.014103
0.008502
0.033367
0.026161
-0.007072
-0.027374
-0.016619
-0.025147
-0.007442
0.019166
0.054582
0.038148
-0.022930
-0.063254
-0.048679
0.004086
0.039484
0.035129
0.009417
-0.009993
-0.014592
-0.009028
-0.013907
-0.004116
0.011698
0.012693
-0.006424
-0.015597
-0.016694
-0.002106
0.023301
-0.013531
0.001063
-0.017173
-0.001200
0.011687
0.034850
0.059584
-0.040704
-0.022508
0.011603
0.032557
-0.041889
-0.062278
0.000443
0.022887
0.021221
-0.006839
0.014211
0.023406
0.015701
-0.041591
-0.050946
-0.020745
0.006554
0.013038
0.006720
0.017622
0.022395
0.001859
-0.032543
-0.038353
-0.024006
0.010349
0.021139
0.000300
-0.010653
-0.014216
0.044762
0.019605
-0.038346
0.002835
-0.026069
-0.012383
0.062227
0.067547
-0.031167
-0.094389
-0.037046
0.025936
0.031830
-0.005375
-0.016240
0.016696
-0.000775
-0.009127
0.006295
0.002147
0.001574
0.004791
0.036433
0.000982
-0.011047
-0.021377
-0.032114
-0.019258
0.037563
0.082846
0.007510
-0.071040
-0.075664
-0.003933
0.049942
0.102461
0.092038
-0.006454
-0.112467
-0.136089
-0.055709
0.029977
0.047456
0.061858
0.104611
0.057881
-0.046148
-0.101580
-0.072342
-0.010306
0.049260
0.079083
0.015567
-0.032911
-0.037080
-0.055603
-0.006691
0.063852
0.051853
-0.006347
-0.055516
-0.032068
0.003099
0.022130
0.051660
0.029258
0.006035
-0.031750
-0.045461
-0.037125
-0.038141
0.005021
0.060346
0.069004
0.080425
0.038160
-0.090115
-0.152286
-0.103333
0.029511
0.095211
0.085181
0.050400
-0.006348
-0.070916
-0.087716
-0.002516
0.060750
0.047767
0.011272
-0.009919
-0.032104
-0.045233
-0.042078
0.003595
0.051252
0.069783
0.050965
-0.011336
-0.069858
-0.105653
-0.021237
0.060337
0.055910
0.015360
-0.020159
-0.036228
-0.039125
-0.004483
0.013344
0.024027
0.019156
0.004780
-0.001836
-0.014267
-0.010034
-0.007032
-0.002864
0.009152
-0.004198
0.005724
-0.000703
-0.049861
-0.052621
0.019565
0.066764
0.017779
-0.030460
-0.017751
0.013120
0.020988
-0.012178
-0.037717
-0.002089
0.002526
-0.014096
0.010207
0.034588
0.017932
-0.021564
-0.049238
-0.031087
-0.015848
-0.023225
0.044451
0.089675
0.055812
-0.020310
-0.077778
-0.127125
-0.068911
0.033399
0.078975
0.060034
0.020356
0.060312
-0.022843
-0.048418
-0.043583
-0.052772
-0.041095
-0.028368
0.027880
0.039973
0.045645
0.024993
0.063333
0.014911
-0.044813
-0.096603
-0.145737
-0.103645
-0.055319
0.057727
0.099278
0.139040
0.085343
0.043894
0.088629
0.024795
-0.048931
-0.165879
-0.278583
-0.227145
0.016341
0.292665
0.433868
0.221321
-0.147310
-0.297137
-0.204950
-0.093990
-0.037805
0.103056
0.176152
0.144637
0.041922
-0.101004
-0.117018
-0.036029
-0.011375
-0.010988
0.077186
0.138034
0.012149
-0.117231
-0.122099
-0.031771
0.088022
0.117931
0.041385
-0.052621
-0.103950
-0.063211
0.061538
0.063077
0.012037
-0.075829
-0.121604
-0.008331
0.137873
0.077754
-0.010276
0.109553
-0.004441
-0.146848
-0.132014
0.035119
0.166829
0.106410
-0.054269
-0.274619
-0.080828
0.150888
0.120887
-0.012494
0.006773
0.065095
-0.087830
-0.191977
-0.058286
0.133220
0.077890
0.053790
-0.011008
0.031499
0.062519
-0.104536
-0.059867
0.134597
0.130618
-0.091050
-0.158940
-0.131876
-0.096419
0.006319
0.052119
0.216242
0.189362
-0.050665
-0.084591
-0.038086
0.089460
0.030225
-0.088413
-0.211911
-0.103273
0.110747
0.104088
0.096866
0.048004
0.114364
-0.007602
-0.078366
-0.166206
-0.235331
-0.023095
0.164002
0.290510
0.096596
0.010750
-0.108661
-0.199884
0.033488
0.094972
-0.014272
-0.227368
-0.153892
0.092039
0.254637
0.227104
0.102600
0.035282
-0.121260
-0.262196
-0.212065
-0.067279
0.043505
0.106448
0.124955
0.245377
0.098616
-0.034479
-0.145376
-0.192668
-0.018798
0.028064
0.056210
0.009672
-0.051967
-0.014081
0.099183
0.016656
-0.016104
-0.028885
-0.029395
0.075733
0.039928
0.075795
-0.031145
-0.140003
-0.051774
-0.040574
-0.074715
0.033093
0.321170
0.371261
0.009377
-0.389515
-0.448166
-0.108278
0.187431
0.251141
0.212735
0.132531
-0.021886
-0.209518
-0.327707
-0.137694
0.132424
0.179241
0.278336
0.094383
-0.168337
-0.277146
-0.081593
0.187768
0.100281
0.015504
-0.108061
-0.252044
-0.080281
0.284187
0.308558
0.178067
-0.079559
-0.126294
-0.142447
-0.129356
-0.061164
-0.265931
-0.302926
-0.023878
0.884260
0.580282
-0.160549
-0.384694
-0.550632
-0.006234
0.536500
0.470174
-0.375995
-0.642548
-0.567830
0.224354
0.692990
0.231601
0.118811
0.133169
-0.144758
-0.761166
-0.384802
-0.000926
0.272313
0.678153
0.496459
0.010722
-0.133216
-0.227177
-0.619315
-0.420671
0.126620
0.246119
0.082307
0.093670
0.199078
0.357965
0.208573
-0.523664
-0.722829
-0.042136
0.404491
0.361203
0.044485
-0.342239
-0.133185
0.341716
0.267576
-0.189848
-0.482326
-0.127991
0.148962
0.164929
0.117476
0.316149
0.267017
0.040822
-0.418151
-0.572648
-0.241525
-0.285996
0.376474
0.490506
0.121581
-0.264835
0.052603
0.067836
-0.011199
0.299155
0.398145
0.053047
-0.750429
-0.596796
-0.120612
0.325734
0.141726
0.322132
0.515768
0.566876
-0.188146
-1.088154
-0.737442
0.301837
0.830487
0.305924
-0.218523
-0.371278
-0.187044
-0.089799
0.171408
0.343240
0.373467
0.009154
-0.458559
-0.520016
0.003372
0.355874
0.395017
0.267854
-0.113423
-0.507486
-0.382129
0.117653
0.352350
0.303848
-0.030103
-0.224442
-0.130144
0.104600
-0.008588
-0.098571
-0.067499
0.007832
0.126635
0.264278
0.033043
-0.315366
-0.254851
0.112200
0.343594
0.202999
-0.122759
-0.347506
-0.109960
-0.018563
0.158681
0.294930
0.221055
-0.104160
-0.398997
-0.291731
-0.079198
0.164942
0.376740
0.369647
-0.004534
-0.300893
-0.434193
-0.235245
0.140750
0.345044
0.208134
-0.018155
-0.012726
-0.008336
-0.103965
-0.199859
-0.097280
0.078153
0.285833
0.085536
-0.247587
-0.208777
-0.001120
0.323799
0.354085
0.006359
-0.303406
-0.346137
-0.201389
0.097549
0.161076
0.079384
-0.143600
-0.071960
-0.048122
0.084646
0.471113
0.080788
-0.140225
0.124322
0.185904
-0.035845
-0.308204
-0.490263
-0.437965
-0.014212
0.605532
0.594220
0.309660
-0.134510
-0.526239
-0.332772
0.016167
0.028975
-0.085102
0.161477
0.235328
0.034026
-0.189495
-0.204353
0.029619
0.299587
0.252310
-0.075252
-0.201483
-0.057664
-0.015473
-0.045048
0.010952
0.015576
-0.074465
-0.094922
0.067981
0.204391
0.207187
0.143029
-0.206557
-0.444941
-0.237078
0.122381
0.298153
0.004423
-0.158142
0.022492
0.245511
0.177706
-0.171671
-0.326862
-0.079291
0.301170
0.195528
-0.035903
-0.218518
-0.211173
0.024241
0.094457
0.079770
0.068936
0.043578
-0.102924
-0.028770
0.014841
-0.008766
-0.075183
-0.110475
-0.050076
0.033634
0.144262
0.034088
0.021997
-0.013420
-0.094626
-0.209716
-0.142678
0.058562
0.212968
0.258493
0.068978
0.024795
-0.125293
-0.281593
-0.086945
0.154971
0.081889
-0.015668
0.033165
-0.007123
-0.042331
-0.003868
0.038910
0.054970
-0.011755
-0.072450
-0.055903
0.032385
-0.008270
-0.068543
0.040792
0.000151
0.017357
0.012766
-0.032003
-0.094847
0.046759
0.184996
0.136693
0.023326
-0.197168
-0.300881
-0.168076
0.223904
0.377013
0.218965
-0.211656
-0.350535
-0.106671
0.164910
0.100704
-0.035238
0.049452
0.092737
-0.012726
-0.169665
-0.100241
0.005970
0.079285
0.024073
-0.017558
-0.025437
0.005064
0.024248
0.121144
0.084292
-0.093511
-0.214733
-0.080190
0.092360
0.130064
0.069976
-0.049307
-0.051599
-0.073733
0.049695
0.011580
0.042472
-0.053326
-0.045334
0.012840
-0.024213
0.042120
-0.134326
-0.051912
0.074033
0.080507
-0.028842
-0.011944
0.036780
0.084626
0.038541
-0.027589
0.054825
-0.073147
-0.089376
-0.068189
0.056953
-0.010655
0.009890
0.051650
0.039634
0.028340
0.011682
0.115485
0.026579
-0.155162
-0.274500
-0.105499
0.016638
0.213564
0.173541
0.056559
0.017775
0.123737
0.092083
-0.198433
-0.305746
-0.197487
0.131453
0.349385
0.260714
-0.112633
-0.237852
-0.196149
0.069693
0.165728
0.095894
0.009601
-0.190134
-0.112250
0.133857
0.257966
0.148526
-0.189564
-0.294416
-0.081562
0.069062
0.145539
0.028092
0.049220
0.054752
-0.032565
-0.038360
0.022189
-0.125317
-0.121238
-0.066739
0.132276
0.367113
0.388523
0.130327
-0.340470
-0.540961
-0.575659
0.052319
0.333922
0.251963
0.514144
0.303181
-0.024515
-0.192592
-0.287511
-0.411421
-0.620571
-0.145458
0.281825
0.652397
0.619773
0.189904
-0.102567
-0.135665
-0.354599
-0.615211
-0.224649
0.154378
0.434249
0.109929
0.084864
0.323232
0.211671
-0.366899
-0.660980
-0.046812
0.416785
0.283780
-0.176678
-0.200736
0.063338
0.231005
0.031254
-0.265486
-0.139463
0.155266
0.323973
0.068331
-0.179650
-0.181265
-0.114653
0.093959
0.221535
0.085883
-0.226018
-0.208235
0.177526
0.338426
0.061704
-0.350198
-0.314756
0.163938
0.382196
0.190335
-0.156568
-0.431879
-0.232148
0.181003
0.400405
0.166846
-0.174060
-0.264051
-0.122224
0.221481
0.221941
-0.024123
-0.254588
-0.121847
0.204041
0.339025
0.120443
-0.225937
-0.358392
-0.172426
0.170726
0.228951
0.036116
-0.093498
-0.100043
0.129814
0.204378
-0.060510
-0.249699
-0.327150
-0.029398
0.162698
0.348989
0.219911
-0.202009
-0.237311
-0.054320
0.216780
0.173393
-0.130918
-0.141081
0.100350
0.046766
-0.089124
-0.105836
-0.096376
-0.032126
-0.066301
0.079102
0.342934
0.298623
-0.156698
-0.434459
-0.228060
-0.048606
0.093457
0.199681
0.245224
0.024999
-0.024441
0.026094
0.026031
-0.004519
-0.234818
-0.304636
-0.172611
0.037214
0.259418
0.478600
0.372293
-0.175964
-0.493324
-0.286533
-0.069864
0.357058
0.421345
-0.008971
-0.405984
-0.449831
-0.061614
0.208225
0.220381
0.031361
0.021735
0.084740
0.202633
0.070746
-0.164520
-0.183813
-0.208035
-0.036070
0.190450
0.300662
0.031437
-0.210088
-0.251742
-0.015454
0.268279
0.130636
0.130513
-0.098571
-0.404475
-0.263961
0.139083
0.345258
0.144233
-0.064295
-0.171178
-0.056020
0.128721
0.134220
-0.114829
-0.226610
0.028474
0.221576
0.174317
-0.072410
-0.194209
-0.185689
-0.011770
0.154950
0.046493
0.091143
-0.235952
-0.224701
0.121684
0.243050
-0.012617
-0.138404
0.319417
0.121918
-0.014552
-0.052223
-0.088689
-0.472416
-0.398401
0.096466
0.388994
0.423653
-0.055064
-0.117470
-0.074378
0.091320
-0.029740
-0.042619
-0.005554
0.098695
0.074731
-0.320719
-0.205159
0.144530
0.271651
-0.125725
-0.309419
-0.080479
0.290254
0.372155
0.108270
-0.156801
-0.358460
-0.187251
0.039714
0.259406
0.066497
-0.144778
-0.115143
0.020441
0.202494
0.173139
0.064957
-0.250629
-0.343390
-0.142582
0.170471
0.321570
0.272117
-0.017272
-0.324921
-0.258234
-0.021542
0.126410
0.035811
0.021864
0.042860
0.147545
0.031946
-0.177429
-0.259849
-0.271712
-0.166022
0.168783
0.569098
0.148357
-0.004359
0.008257
-0.024606
-0.054178
0.055541
0.043864
-0.342943
-0.483527
-0.111434
0.363847
0.162795
0.259943
0.212336
-0.005057
-0.006540
0.090111
-0.233178
-0.513687
-0.331344
0.036302
0.308953
0.267376
0.306303
0.180497
-0.084182
-0.365361
-0.298472
0.089078
0.163031
0.087539
-0.040500
-0.111392
0.043704
0.036721
-0.037627
-0.126271
0.114664
0.211658
0.073059
-0.202012
-0.238419
-0.040221
0.109082
0.169829
0.115736
-0.034670
-0.194355
-0.014580
0.075639
-0.050766
-0.230836
0.018983
0.192481
0.307779
0.080969
-0.200159
-0.228156
-0.088693
0.076705
0.072620
0.046578
-0.033580
-0.005590
0.040220
0.129295
-0.067197
-0.135356
-0.084142
0.149365
0.145390
0.041351
-0.074601
-0.287263
-0.247830
-0.067929
0.125786
0.210564
0.065691
-0.000786
0.164259
0.264717
-0.108128
-0.340986
-0.043694
-0.094277
-0.149506
-0.188634
0.139810
0.201873
0.269252
0.072253
0.043262
0.146880
-0.280206
-0.347709
-0.210088
0.163137
0.099778
0.079870
0.048927
-0.029716
-0.133130
-0.038098
0.255035
0.142199
-0.199328
-0.389052
-0.122378
0.223437
0.276297
0.120489
0.065969
0.046408
-0.079185
-0.127924
-0.076205
-0.005824
0.030122
0.048054
0.067049
0.062932
0.061310
-0.031461
-0.012234
-0.049773
-0.034741
0.035940
0.072168
0.002868
-0.063141
0.020218
0.030155
0.151127
0.196829
0.125471
-0.103946
-0.188111
-0.027083
-0.009972
-0.006214
-0.054857
0.035089
0.240758
0.260899
0.047205
-0.207148
-0.249024
-0.076653
0.115594
0.159856
0.047538
-0.205955
-0.096942
0.100031
0.273782
0.257209
-0.055976
-0.267792
-0.329484
-0.018885
0.218748
0.154636
-0.100805
-0.086676
0.124032
0.190330
-0.004354
-0.183796
-0.196219
-0.068960
0.135210
0.228611
0.068982
-0.267924
-0.175418
0.037539
0.182899
-0.026684
-0.153003
-0.116886
0.021206
0.158835
0.112759
0.011249
-0.143263
-0.057409
0.017827
0.101494
-0.068477
-0.191148
-0.102722
0.133485
0.213778
0.067260
-0.114242
-0.220656
-0.080020
0.053264
0.170790
0.040322
-0.127969
-0.085189
0.061542
0.063263
-0.065031
-0.192550
-0.115543
0.167915
0.190624
0.029381
-0.139305
-0.103676
0.133273
0.207225
0.043512
-0.191147
-0.212727
-0.104698
0.101781
0.157563
0.018012
-0.050022
-0.018084
0.056576
-0.024742
-0.062915
-0.117920
0.059592
0.139070
0.121632
0.065774
-0.131896
-0.141632
-0.104151
0.049039
0.083006
0.008767
-0.093307
0.008626
0.144001
0.153723
0.023641
-0.150701
-0.200209
-0.073352
0.076996
0.074068
0.073550
0.010882
-0.081304
-0.076774
0.044326
0.074821
0.154231
0.124338
-0.117659
-0.162796
-0.019655
-0.010036
-0.023310
-0.082796
-0.001439
0.209633
0.237028
0.047766
-0.294920
-0.327515
-0.056896
0.186624
0.263681
0.121793
-0.155831
-0.234236
-0.102070
0.083182
0.170295
0.131052
-0.087691
-0.110426
0.088322
0.186502
0.107434
-0.219270
-0.362897
-0.210491
0.138465
0.334467
0.285533
0.082417
-0.212764
-0.247591
0.008511
0.145821
0.057358
-0.075545
-0.175904
-0.113321
0.115878
0.242734
0.049579
-0.137705
-0.194016
-0.025751
0.211529
0.198098
-0.010458
-0.171235
-0.048953
0.047637
0.083718
-0.021719
-0.145663
-0.095122
0.110305
0.161602
0.049019
-0.036284
-0.149029
0.004681
0.077627
-0.019358
-0.152733
-0.084777
0.134189
0.205465
0.081160
-0.200851
-0.299820
-0.033224
0.313376
0.261374
0.089193
-0.082823
-0.231537
-0.164498
0.061042
0.074605
-0.017013
-0.017078
-0.015495
0.160911
0.145959
-0.000132
-0.179066
-0.183258
-0.049669
0.038605
0.119909
0.113738
0.054128
-0.038234
-0.043643
-0.147165
-0.055847
0.125800
0.166654
0.042207
-0.093750
-0.152001
-0.115371
0.068568
0.154866
0.115628
-0.025982
-0.071196
-0.075590
-0.030178
-0.027653
-0.006385
0.028591
0.153537
0.119580
-0.107602
-0.108004
-0.084128
-0.024504
0.087577
0.133271
-0.050784
-0.142567
-0.043053
0.110444
0.168515
-0.033389
-0.144461
-0.108316
0.036181
0.146820
0.096628
-0.120601
-0.139356
0.013686
0.088840
0.147990
0.020158
-0.110001
-0.136742
0.000212
0.017656
0.065472
0.056260
0.006679
-0.019640
-0.095342
0.002352
-0.127721
0.020543
0.241019
0.220396
-0.058175
-0.209647
-0.170105
-0.164227
0.083055
0.109301
0.161866
0.034349
0.001399
-0.153891
-0.162045
0.057363
0.134431
0.138788
-0.194331
-0.003190
-0.071035
-0.060887
0.103754
0.121397
-0.019135
-0.147727
0.041998
-0.026410
0.013074
0.007519
0.159093
0.027439
-0.101880
-0.131804
-0.144497
-0.053865
0.063790
0.261499
0.079427
0.020643
-0.185436
-0.272894
-0.017235
0.156766
0.176856
0.018837
-0.043392
-0.114171
-0.047493
0.040038
0.010342
0.006537
-0.017747
0.045182
-0.107401
-0.053799
0.096349
0.129035
-0.058977
-0.203209
0.032179
-0.062708
0.067635
0.159315
0.221774
-0.011948
-0.332265
-0.250032
-0.059238
0.130238
0.120195
0.197018
0.036487
0.083657
-0.054656
-0.284141
-0.284893
-0.026315
0.270835
0.231226
0.153888
-0.103780
-0.285510
-0.194397
0.161488
0.146552
0.062843
0.002881
-0.250952
-0.053608
0.216289
0.280304
-0.045756
-0.483968
-0.163109
0.100910
0.191419
0.338507
0.089742
-0.128349
-0.223405
-0.173740
0.024055
0.042658
-0.062860
0.095114
0.280422
0.241743
-0.081881
-0.449329
-0.356464
0.015716
0.433028
0.445867
0.014765
-0.303808
-0.310390
-0.160016
0.113020
0.315170
0.159630
-0.018642
-0.164097
-0.126997
0.059244
0.043823
0.043331
0.041284
0.034788
0.028696
-0.133930
-0.131164
-0.001194
0.074950
0.275908
0.114425
-0.136320
-0.126956
-0.160540
0.069287
0.087404
0.102584
-0.012671
-0.195588
0.058052
0.227655
0.087879
-0.285821
-0.158872
0.018079
0.180490
0.249599
0.128357
-0.165469
-0.312241
-0.079196
0.006220
0.175622
0.103739
0.007683
0.121254
0.160169
-0.215942
-0.276810
-0.204776
-0.036403
0.429250
0.364924
-0.010078
-0.344054
-0.287454
-0.032770
0.051394
0.038239
0.204321
0.214344
0.053194
-0.194247
-0.302545
-0.215590
-0.032300
0.346597
0.270568
-0.005480
-0.169413
-0.250633
-0.203414
0.062780
0.256869
0.220800
0.102410
-0.226755
-0.259493
-0.159432
0.125351
0.288474
0.024406
-0.093692
-0.072266
-0.093377
-0.166860
-0.045515
0.126420
0.192750
0.132661
0.061663
-0.062061
-0.235451
-0.273508
-0.011146
0.207867
0.179518
0.060869
-0.091855
0.015829
0.003852
-0.139879
-0.141875
0.011123
0.185300
0.221660
-0.104798
-0.340826
-0.060431
0.200464
0.348569
0.078379
-0.288962
-0.307773
-0.070279
0.282665
0.231612
0.009438
-0.133984
-0.198040
-0.059291
0.255200
0.190606
-0.102229
-0.085719
-0.157817
-0.035291
0.076518
0.108333
0.146789
0.041616
0.041858
-0.099619
-0.231823
-0.101808
0.137892
0.191371
0.061959
0.008141
-0.104801
-0.095042
0.019544
0.065573
0.170818
0.067074
-0.151143
-0.145430
0.013627
0.078127
0.041812
-0.042061
-0.005538
0.065364
0.131389
0.050889
-0.081652
-0.188553
-0.242466
0.104870
0.247611
0.152768
0.081892
-0.106467
-0.164887
-0.026328
-0.053777
-0.093118
0.075250
0.113393
0.268071
0.187119
-0.154489
-0.398863
-0.258840
0.201779
0.330840
0.221529
-0.098560
-0.232156
-0.117264
-0.006796
0.041712
0.020710
0.018074
0.157292
0.139603
-0.034672
-0.217421
-0.227244
-0.087828
0.162048
0.416538
0.054504
-0.184634
-0.182166
-0.033208
0.046208
-0.020699
0.129446
0.021733
-0.038457
-0.013364
0.077230
-0.066329
-0.107749
0.115371
-0.039817
-0.133137
0.042286
0.155509
0.153802
-0.051500
-0.262910
-0.221616
-0.056406
0.380414
0.324027
-0.023479
-0.382652
-0.265246
0.108808
0.204663
0.209351
0.046717
-0.216915
-0.278569
0.083605
0.206211
-0.004403
-0.381214
-0.050842
0.221776
0.388991
0.215703
-0.310439
-0.410443
-0.259474
0.319966
0.294028
0.020188
-0.125565
-0.070592
-0.176009
-0.008598
0.156135
0.014339
0.095565
0.056855
0.116659
-0.139012
-0.228564
-0.205004
-0.032839
0.218899
0.308041
0.223600
0.013048
-0.228418
-0.538727
-0.335796
0.261468
0.488925
0.335101
0.049786
-0.150027
-0.292534
-0.293819
-0.077806
0.057317
0.173943
0.227411
0.225510
-0.051426
-0.164419
-0.282642
-0.178759
0.058855
0.279912
0.229857
-0.062128
-0.108146
-0.208091
-0.180421
-0.044381
0.269399
0.311431
0.063878
-0.172421
-0.337304
-0.183219
0.306810
0.144561
-0.090585
-0.086925
0.015146
0.168595
-0.010047
-0.128097
-0.265526
-0.105194
0.188627
0.405053
0.149428
-0.102017
-0.366518
-0.348911
0.114522
0.416319
0.176657
-0.225258
-0.115494
-0.203694
0.064059
0.239282
0.160520
-0.017901
-0.024139
-0.114192
-0.297831
-0.077716
0.101562
0.312022
0.061432
-0.127751
-0.109443
0.086594
0.171662
-0.089937
-0.205752
-0.053495
0.180921
-0.027889
-0.022416
0.090724
-0.078656
-0.022454
0.007624
0.082017
-0.036099
-0.072396
-0.077174
-0.083627
0.058654
0.187365
0.140561
-0.160347
-0.011321
-0.172036
-0.149264
0.165018
0.280759
0.158713
-0.199540
-0.200390
-0.153663
-0.060647
0.092587
0.246572
0.266527
0.003929
-0.362745
-0.332441
0.064773
0.296406
0.140453
-0.115044
-0.107603
0.029499
0.014735
-0.045955
0.027969
0.029287
0.017198
-0.022888
-0.011320
0.051317
0.047000
-0.043592
-0.201745
-0.028401
0.189319
0.164188
-0.134808
-0.245786
-0.004942
0.109813
0.236891
0.103217
-0.097386
-0.197872
-0.145595
-0.012419
0.015721
0.067978
0.039937
0.174779
0.194951
-0.114813
-0.354705
-0.217783
0.109191
0.301874
0.097613
-0.105219
-0.090764
0.070891
0.114892
-0.189306
-0.263507
-0.004401
0.372157
0.176812
-0.169753
-0.297116
0.001569
0.326495
0.268549
-0.090280
-0.429671
-0.136128
0.118335
0.178590
-0.088728
-0.158458
0.052197
0.318861
0.343621
-0.128632
-0.536088
-0.362170
0.166452
0.396342
0.281015
-0.091550
-0.276765
-0.133004
0.181908
0.143218
-0.163965
-0.214405
0.039828
0.331881
0.022264
-0.177392
-0.129319
-0.071998
0.250716
0.134552
-0.057514
-0.105759
-0.029144
0.112929
-0.060309
-0.179849
-0.014388
0.177269
0.180385
0.073054
-0.178527
-0.238299
0.028458
0.219324
0.083908
-0.141972
-0.101351
-0.012547
0.098794
0.064999
-0.043240
0.001306
0.020137
0.028017
-0.139362
-0.116679
0.070069
0.215046
0.080170
-0.173933
-0.170632
0.100252
0.225681
-0.042604
-0.156355
-0.079131
0.049110
0.010127
0.020742
0.052636
0.063326
-0.002011
-0.054983
-0.084046
-0.056496
0.064169
-0.000417
0.051764
0.053087
-0.041116
0.027585
-0.109040
-0.016326
0.034340
-0.072392
0.117174
0.065903
-0.043067
-0.119196
-0.033808
0.120740
0.201551
-0.045880
-0.147890
0.070169
0.162661
-0.130358
-0.378198
-0.184149
0.270264
0.580339
0.226647
-0.239384
-0.611213
-0.231628
0.236987
0.249331
0.131055
0.013641
-0.000617
-0.035547
-0.014559
-0.148653
-0.085936
0.099716
0.198075
-0.023367
-0.167227
-0.097726
-0.002116
0.070721
0.074852
0.092623
-0.015914
0.011456
-0.136132
-0.251857
-0.107141
0.249907
0.428552
0.207766
-0.000245
-0.154552
-0.265424
-0.260269
-0.174069
0.005700
0.095888
0.383159
0.458566
-0.089814
-0.429206
-0.480602
0.105024
0.447036
0.296933
-0.127458
-0.312091
-0.041506
0.048824
0.060380
-0.115516
0.071086
0.197979
-0.054651
-0.247232
-0.071622
0.153698
0.122584
0.059851
-0.022724
-0.121477
-0.046066
0.095484
0.177714
-0.089160
-0.160053
-0.138437
-0.117851
0.130970
0.218018
0.318505
-0.024900
-0.144444
-0.281937
-0.078094
0.113410
0.118992
0.063603
-0.202355
-0.024895
0.085398
0.174527
0.014107
0.029298
-0.093606
-0.142736
-0.075252
-0.038102
0.049816
0.139185
0.183016
0.078752
-0.044820
-0.109032
-0.143286
-0.211456
0.033741
0.168676
0.195350
0.024776
-0.029820
-0.064986
-0.065253
-0.009090
-0.091580
-0.098512
0.101793
0.319604
0.098908
-0.191332
-0.338023
-0.196527
0.270339
0.372622
-0.061843
-0.241974
-0.101467
0.114848
0.182339
0.124628
-0.089412
-0.222353
-0.060892
0.117236
0.087829
0.000408
-0.061282
-0.217461
-0.004165
0.185594
0.160614
-0.042351
-0.211220
-0.067888
0.062670
0.172199
0.102813
-0.014685
-0.151732
-0.157055
-0.130981
-0.052902
0.254770
0.395156
0.130743
-0.289635
-0.332155
-0.185600
0.068704
0.139572
0.127276
0.078421
0.096027
-0.002439
-0.130178
-0.040833
-0.079561
-0.140436
-0.084680
0.164135
0.116441
0.042142
-0.087521
0.007331
0.045402
-0.108064
0.013235
-0.020463
0.053655
0.036941
0.035832
-0.001905
-0.163730
-0.074292
0.080309
0.142263
-0.058511
-0.062583
0.005887
0.084589
0.102267
-0.142028
-0.111477
-0.026878
0.083623
0.054516
0.052977
0.016047
-0.068773
-0.082573
-0.151407
0.010018
0.138402
0.116354
0.082445
0.020719
-0.120574
-0.171543
-0.164273
0.006976
0.163858
0.187076
0.090300
-0.105326
-0.156991
-0.032986
0.059997
0.050501
0.013785
-0.045965
0.017484
0.014953
-0.017225
-0.075050
-0.028263
0.067001
0.137089
0.092382
-0.039554
-0.140737
-0.209717
-0.026229
0.188721
0.190160
0.033052
-0.080533
-0.104837
-0.031170
-0.020270
0.034813
0.028205
-0.041163
-0.011665
0.019701
0.081360
0.003323
-0.035639
-0.000652
0.021887
0.011778
-0.108796
-0.173487
0.010845
0.197078
0.082463
0.081615
0.013682
-0.147677
-0.176972
0.089557
0.185843
-0.028213
-0.247932
-0.267329
0.185025
0.237400
0.203211
0.058559
0.027527
-0.140405
-0.358315
-0.095494
0.080799
0.100400
-0.099115
0.083504
0.286899
0.227228
-0.117988
-0.443701
-0.277588
0.015960
0.221794
0.231852
0.077138
-0.051374
-0.142168
-0.090732
-0.003512
0.140719
0.029860
-0.155311
-0.168674
-0.066505
0.315003
0.238417
-0.031684
-0.270176
-0.232033
0.045359
0.165658
0.060795
-0.061045
-0.182235
-0.056673
0.165324
0.173647
0.051710
-0.154948
-0.139259
-0.097489
0.143669
0.097537
-0.018517
-0.153167
-0.131244
0.181719
0.181599
0.043419
-0.070058
-0.093500
-0.126481
-0.017506
0.105834
0.097209
-0.023435
-0.115682
-0.042031
0.035252
0.044318
-0.000275
0.002472
0.015123
-0.041718
-0.035823
-0.024272
-0.072213
0.007238
0.053519
0.009370
0.085803
0.002786
-0.006016
-0.027731
-0.017743
-0.001195
0.037992
0.162297
0.064253
-0.080549
-0.276254
-0.209909
-0.081358
0.156405
0.328884
0.356413
0.077092
-0.341058
-0.408425
-0.139841
0.178928
0.181290
0.118450
0.058234
0.091656
-0.056686
-0.246890
-0.144767
0.038133
0.101125
0.212900
0.141519
-0.034475
-0.180351
-0.130822
0.027471
0.099190
0.111442
-0.077592
-0.092266
-0.051579
0.084029
0.085403
0.040842
-0.071816
-0.120362
-0.008459
0.067050
0.072327
-0.007212
-0.020039
-0.019506
0.057906
-0.007281
-0.040933
-0.065364
-0.024875
0.075567
0.173065
0.076762
-0.058121
-0.173127
-0.144935
-0.045284
0.150255
0.193857
-0.006605
0.027556
-0.099264
-0.058020
-0.022390
0.154406
0.077437
-0.057482
-0.088395
-0.100327
-0.024214
-0.024028
0.133742
0.204750
0.161488
-0.158940
-0.248933
-0.147445
0.007274
0.128086
0.170752
0.147475
-0.056253
-0.157110
-0.087529
-0.144847
0.030388
0.153370
0.159603
0.074906
-0.005619
0.095864
-0.068624
-0.156919
-0.207533
-0.020256
0.035648
0.065497
0.143135
0.232875
0.134758
-0.186447
-0.237368
-0.173799
0.043787
0.094323
0.141393
0.160892
0.032050
-0.065006
-0.230951
-0.090135
0.067340
0.130572
0.078225
-0.009189
0.031212
-0.216965
-0.105075
0.052418
0.151591
0.124443
0.092591
0.116472
-0.089924
-0.145100
-0.252233
-0.111747
-0.020399
0.149509
0.323842
0.239298
-0.007100
-0.403315
-0.235600
-0.065939
0.170182
0.300659
0.051105
-0.076650
-0.104713
0.060293
-0.053218
-0.116273
-0.043504
0.072420
-0.034034
-0.012696
0.210485
0.144312
-0.021473
-0.280884
-0.131476
0.030272
0.040554
0.085642
0.052764
-0.023281
-0.062794
0.041998
0.116558
-0.010599
-0.104570
-0.122319
-0.059791
-0.004387
0.024002
0.176761
0.126921
0.001418
-0.202867
-0.214792
0.022011
0.116451
0.101061
0.033746
0.054714
-0.007316
-0.131722
-0.087778
-0.042358
-0.022337
0.006681
0.092762
0.156451
0.122048
-0.012812
-0.172304
-0.194096
-0.110508
0.063116
0.148078
0.112902
0.038683
-0.050657
-0.046631
-0.068787
-0.109726
0.078630
0.058091
-0.028868
0.010769
0.176345
0.114210
-0.168961
-0.222341
-0.122802
0.125690
0.022650
0.152146
0.225792
-0.013503
-0.200784
-0.194425
0.085915
0.027154
-0.035810
-0.081456
0.084533
0.073292
-0.039451
0.132335
0.005698
-0.053747
-0.096461
0.113390
0.070137
-0.141070
-0.176353
-0.096815
0.175617
0.031641
0.117513
0.124420
-0.004256
-0.136691
-0.130028
-0.000889
-0.062526
-0.036325
0.025866
0.179932
0.034714
-0.084963
-0.052079
0.012244
0.034630
-0.026387
-0.065665
-0.061353
0.013406
-0.006568
0.128314
0.006338
-0.129782
0.006230
0.001248
0.052544
0.194440
0.232475
-0.122675
-0.434226
-0.262273
0.087840
0.133734
0.010440
0.163938
0.342672
0.130894
-0.298410
-0.432887
-0.187164
0.053439
0.154667
0.263199
0.230711
0.004091
-0.259714
-0.282215
-0.072746
0.164826
0.223095
0.068991
-0.107870
-0.140840
-0.060070
0.009539
0.052082
0.051526
0.063259
0.021687
0.013464
-0.018449
-0.080716
-0.102016
-0.050074
0.126309
0.169256
0.066370
-0.093440
-0.158448
-0.081330
-0.002301
0.077834
0.097396
0.049609
-0.035378
-0.053432
-0.014061
-0.011202
-0.006858
0.028680
0.055855
0.008521
-0.042196
-0.018706
0.028669
0.034318
-0.033384
-0.074204
-0.052644
0.021783
0.104697
0.096714
0.021016
-0.086319
-0.123978
-0.050784
0.057710
0.061673
0.015386
-0.042265
-0.040335
0.032841
0.051020
0.016365
-0.048423
-0.044480
0.024206
0.060804
0.019858
-0.034160
-0.056537
-0.043600
0.000170
0.031567
0.044016
0.011929
-0.030979
0.004955
0.043028
0.024333
-0.072962
-0.108027
-0.032197
0.073694
0.123146
0.037977
-0.074255
-0.095546
-0.028118
0.036848
0.045462
0.002479
-0.017900
-0.015299
0.018179
0.028987
-0.003436
-0.083995
-0.060595
0.017795
0.103757
0.100210
-0.036140
-0.095264
-0.081593
0.044241
0.068925
0.020732
-0.063566
-0.061568
0.011861
0.051465
0.061207
0.019035
-0.047589
-0.101792
-0.000049
0.069776
0.089253
0.007500
-0.041691
-0.056199
-0.053086
-0.006568
0.010162
0.039116
0.038325
0.081843
0.038368
-0.047311
-0.131411
-0.089125
0.033205
0.071998
0.073481
0.004839
-0.048986
-0.047440
0.019800
0.060600
0.042326
-0.029677
-0.046391
-0.022330
-0.018812
-0.001888
-0.013050
0.021280
0.030082
0.027615
-0.018077
-0.029283
-0.020717
-0.020338
0.036527
0.045083
0.027735
-0.036653
-0.069370
-0.041435
-0.005019
0.050931
0.069937
0.020644
-0.047845
-0.069183
-0.004419
0.061553
0.042130
-0.017924
-0.031424
-0.026539
-0.007755
-0.004305
0.006086
0.020424
-0.004899
0.023427
0.038029
-0.005809
-0.049424
-0.062024
-0.031529
0.025833
0.057632
0.034373
-0.020353
-0.049007
0.005128
0.056752
0.016867
-0.024995
-0.051887
-0.050159
0.000417
0.035579
0.045338
0.003810
-0.025771
-0.004166
0.013923
0.000796
-0.024958
-0.030434
0.000454
0.041164
0.052720
0.005541
-0.052468
-0.050182
0.008777
0.047966
0.026469
-0.025343
-0.050645
-0.005562
0.026350
0.045292
-0.002621
-0.056397
-0.047028
0.003196
0.048496
0.032265
-0.007931
-0.018001
0.010278
0.034772
0.023592
-0.038061
-0.058158
-0.036142
0.030544
0.069802
0.039972
-0.012491
-0.047453
-0.032484
-0.013257
0.033195
0.041577
0.002210
-0.017538
0.005621
0.055817
0.022437
-0.047541
-0.066333
-0.043852
0.002445
0.072402
0.080199
0.009896
-0.064212
-0.052690
0.026733
0.064436
0.019717
-0.062890
-0.083315
-0.034468
0.060072
0.101935
0.063154
-0.047865
-0.113474
-0.063467
0.045916
0.090214
0.036188
-0.041129
-0.085060
-0.060265
0.014207
0.099117
0.053952
-0.003678
-0.059892
-0.051671
0.002537
0.034012
0.056655
0.015430
-0.033441
-0.068933
-0.033578
-0.002261
0.044262
0.043099
0.020630
-0.017197
-0.048851
-0.033973
0.013078
0.039979
-0.004304
-0.003126
0.018938
0.027822
-0.003682
-0.006952
-0.018423
-0.041394
-0.049315
-0.001397
0.065217
0.073087
0.026043
-0.048118
-0.065248
-0.053454
0.017951
0.059877
0.052017
0.002673
-0.046762
-0.036705
-0.022867
0.021538
0.020428
0.004358
-0.008543
-0.011783
0.001815
0.011524
0.023978
0.027256
-0.004776
-0.045911
-0.049086
-0.023741
0.042981
0.061089
0.040450
-0.022286
-0.045820
-0.020893
0.016686
0.045490
0.018392
-0.007497
-0.041694
-0.036572
-0.011513
0.031317
0.031492
0.018459
0.015139
0.003847
-0.024622
-0.042081
-0.028604
-0.004182
0.037638
0.031940
0.020317
-0.011496
-0.001764
0.003557
0.003958
0.011311
0.026949
0.008007
-0.065104
-0.053252
0.009591
0.070158
0.058027
0.022140
-0.014626
-0.035562
-0.045107
-0.017883
0.020256
0.031910
0.027477
0.002826
-0.011231
-0.029707
0.001046
0.011920
0.023436
0.008448
-0.002968
-0.022929
-0.034818
0.000122
0.021217
0.045174
0.032020
0.017671
-0.046080
-0.066788
-0.043124
0.015639
0.057229
0.046428
0.025433
-0.004977
-0.053564
-0.064441
-0.002679
0.018300
0.044029
0.029158
0.005103
-0.034419
-0.061442
-0.045185
0.029878
0.092618
0.062191
-0.006788
-0.077620
-0.099469
-0.055654
0.035354
0.067718
0.064525
0.007545
-0.021261
-0.048538
-0.066589
-0.029064
0.016776
0.064004
0.020818
-0.019159
-0.045679
-0.027245
-0.008561
0.020863
0.039486
0.033706
-0.003861
-0.063958
-0.055379
-0.015491
0.029370
0.018501
0.028239
0.032596
0.023299
-0.026394
-0.048513
-0.052982
-0.024903
-0.009216
0.014053
0.053399
0.041999
0.016739
-0.039525
-0.030931
-0.050961
-0.033373
-0.002515
0.047532
0.063066
0.005114
-0.044856
-0.041114
0.017874
0.039538
0.007654
-0.039658
-0.043910
-0.015723
0.020505
0.036911
0.032643
-0.003542
-0.030448
-0.032405
0.021420
0.040131
0.020840
-0.018583
-0.040567
-0.036718
0.001247
0.041406
0.017194
-0.010359
-0.037591
0.004877
0.033830
0.037320
0.003174
-0.021030
-0.027674
-0.039094
-0.024881
-0.003303
0.022791
0.022800
0.010630
-0.004818
0.010314
0.001242
-0.009350
-0.021166
-0.016695
0.004328
0.009282
0.009775
-0.016680
-0.019269
0.003565
0.026165
0.029955
0.030886
0.019064
-0.028197
-0.064101
-0.035900
0.015001
0.041923
0.031871
-0.003107
-0.007432
-0.002199
0.009797
0.016538
0.002562
-0.019338
-0.035477
-0.025054
0.000977
0.035176
0.043173
0.027514
-0.006218
-0.045509
-0.050547
-0.018699
0.025939
0.049029
0.043238
0.000169
-0.031384
-0.054262
-0.034956
0.011372
0.047068
0.046728
0.006430
-0.002854
-0.017876
-0.019757
-0.020206
-0.002440
0.023485
0.022707
-0.000251
-0.012535
-0.012175
-0.017863
-0.011017
0.012912
0.044690
0.028880
