0.043233
0.012932
-0.031911
-0.034828
0.002648
0.005556
0.010525
-0.008027
-0.003910
-0.001322
-0.017088
0.004627
-0.005336
-0.009000
-0.009176
0.002626
-0.006357
-0.023215
-0.002153
-0.018795
-0.028559
0.010343
0.017771
0.006737
0.023829
0.021757
-0.044684
-0.081647
-0.028826
0.025792
0.039007
-0.035722
-0.022274
0.048038
0.016550
-0.032737
-0.018008
0.025712
-0.031772
-0.031055
-0.006593
-0.011627
-0.017493
-0.030481
0.028876
0.059800
0.083643
-0.033591
-0.096826
-0.089801
-0.018479
0.036169
0.069614
0.034638
0.006393
-0.020816
-0.068222
-0.002586
-0.116822
0.098740
0.009868
-0.004372
0.028117
0.079977
0.051226
-0.092143
-0.004763
-0.109137
0.024968
-0.007157
0.062687
0.079294
0.107456
0.044134
-0.092957
-0.078687
-0.099325
-0.041636
0.001221
0.104877
0.097990
0.049362
-0.005472
-0.145458
-0.082523
-0.027484
0.054336
0.116897
0.110740
0.104022
-0.044735
-0.090025
-0.178666
-0.084182
-0.025677
-0.041742
0.130843
0.196729
0.124195
-0.040118
-0.087959
-0.104909
-0.107577
0.000018
0.039974
0.041923
0.006072
0.004912
0.068833
0.078574
-0.024005
-0.124397
-0.092517
-0.018090
0.035417
0.041736
0.013002
0.047379
0.074101
-0.030031
-0.088621
-0.039422
0.007721
0.035632
0.001379
-0.027258
-0.077785
0.011812
0.136601
0.040246
-0.036814
-0.113059
-0.034018
0.014229
0.070494
-0.029579
-0.097847
0.070791
0.061749
0.098755
0.017253
-0.033840
-0.102967
-0.103105
0.004462
0.113203
0.054428
-0.016286
0.063025
0.003899
-0.031904
-0.086504
-0.063865
-0.021328
0.091937
0.106583
-0.019791
-0.041145
-0.020753
0.012632
-0.019606
-0.032939
-0.017884
0.018855
0.047381
0.022111
0.003724
-0.015666
-0.032048
0.003969
-0.004216
-0.054161
0.005339
0.054770
0.058571
0.012988
-0.062891
-0.059820
-0.004471
0.035269
0.057909
-0.001147
-0.059954
-0.052799
0.030862
0.069291
0.017380
-0.030445
-0.063189
-0.025777
0.013507
0.083426
-0.016148
-0.060960
-0.035074
0.052978
0.048832
0.011511
-0.048732
-0.172598
-0.007169
0.107642
0.199096
0.068767
-0.124430
-0.208800
-0.112618
0.077893
0.142790
0.082630
-0.043038
-0.084740
0.011289
0.037923
-0.066653
-0.051113
-0.034124
0.014760
0.047664
0.091984
-0.025867
-0.082305
0.022789
0.071688
0.001143
-0.066332
-0.084325
-0.044615
0.029840
0.061025
0.144151
0.098808
-0.092552
-0.177247
-0.072525
-0.021215
0.082374
0.144949
0.091382
-0.037167
-0.127199
-0.136928
0.009097
0.080646
0.043953
0.047288
0.050093
0.017131
-0.068686
-0.047555
-0.090246
0.051072
0.052542
0.017352
-0.006313
-0.014403
0.091412
-0.012487
-0.030889
-0.085669
-0.026849
0.062706
0.038526
0.021614
0.009448
0.024646
-0.046898
-0.056648
-0.048282
0.012576
0.132600
0.080541
-0.053059
-0.119916
-0.040210
0.030851
0.086916
0.068312
-0.069397
-0.024346
0.027683
0.036808
0.013669
-0.062856
-0.090133
-0.020675
0.124097
0.118454
0.036850
-0.046230
-0.125748
-0.057125
0.039489
0.085043
0.082254
-0.038759
-0.101840
-0.016519
0.052812
0.051550
0.058216
0.003867
-0.070581
-0.051349
0.037298
-0.006935
0.035643
0.011510
-0.029334
0.005490
-0.018722
0.037047
0.036995
0.014689
-0.084943
-0.040138
-0.061995
0.090461
0.140336
0.064050
-0.060451
-0.157746
-0.076074
-0.006520
0.149713
0.005905
-0.022874
0.005730
0.058636
0.053548
-0.045512
-0.080255
-0.119333
-0.029306
0.075513
0.166936
0.101858
-0.055886
-0.140243
-0.153249
0.043428
0.130337
0.089432
0.003235
-0.115444
-0.061925
0.005066
0.047569
0.065944
-0.022374
-0.041537
0.021298
0.101166
0.088914
-0.068676
-0.241774
-0.189196
-0.026607
0.104510
0.398053
0.173202
-0.032068
-0.118402
-0.167851
-0.139210
-0.088856
0.090290
-0.025864
0.047474
-0.007848
0.191360
0.236480
-0.079020
-0.225080
-0.229868
-0.007778
0.127635
0.162517
-0.079494
-0.119145
0.040386
0.158542
0.099982
-0.052612
-0.134991
-0.123525
-0.049145
0.042576
0.123914
0.125140
0.036513
-0.084721
-0.136831
-0.161881
0.007896
0.100186
0.240562
0.077001
-0.025811
-0.183381
-0.225555
0.089536
0.122082
0.065062
-0.100535
-0.068860
0.019234
0.205970
0.010755
-0.211658
-0.173701
0.100604
0.267821
0.032366
-0.195113
-0.159352
0.079228
0.078535
0.074262
0.009599
-0.053825
-0.178609
-0.057360
0.083737
0.159363
0.092912
-0.108200
-0.126478
-0.094555
0.064647
0.049912
-0.088749
-0.047450
0.145805
0.175660
0.002387
-0.226148
-0.181537
0.007615
0.105656
0.124590
-0.008614
0.020719
-0.057660
-0.021524
0.000541
-0.098691
0.043952
-0.007104
0.067311
0.053511
0.021400
-0.111432
-0.076918
0.124673
-0.018086
-0.073860
-0.106087
0.122211
0.184914
0.010663
-0.202786
-0.153819
0.095453
0.164917
0.003536
-0.205425
-0.046338
0.045434
0.212765
0.101880
-0.178192
-0.148082
-0.008952
0.113829
0.027162
-0.036886
-0.095082
0.002481
0.141648
0.122944
-0.081572
-0.225859
-0.077699
0.113238
0.245288
0.108004
-0.146943
-0.208132
-0.088973
0.048295
0.103168
0.061118
-0.006725
-0.010754
0.080093
0.008147
-0.097354
-0.163146
-0.052740
0.100626
0.142642
0.138505
-0.048931
-0.050877
-0.110787
-0.075354
-0.008749
0.056033
0.052968
0.037906
0.027173
-0.037829
-0.056027
-0.056318
0.029999
-0.044057
0.094612
0.066300
-0.015793
-0.030435
-0.083063
-0.052194
-0.009942
0.072332
0.041446
0.034929
-0.016469
-0.054001
-0.041603
0.008353
-0.022902
-0.003977
0.059129
0.021261
0.011418
0.032100
-0.019010
-0.066190
-0.058627
-0.008347
0.048677
0.033337
0.025944
0.011158
0.070472
-0.019589
-0.095487
-0.093251
0.042242
0.098082
0.006986
0.030907
0.013348
-0.010926
-0.074150
-0.044929
-0.017067
0.060336
0.052547
0.034627
0.011913
-0.012645
-0.007125
-0.110753
-0.047179
0.034832
0.047991
0.062280
0.045213
-0.017959
-0.061403
-0.075148
-0.022397
0.074271
0.040118
-0.003554
0.090452
0.030683
-0.056515
-0.114923
-0.059539
0.072592
0.017815
0.048669
0.060492
0.044444
-0.014978
-0.097973
-0.092410
-0.009186
0.014198
0.061272
0.126851
0.065904
-0.024036
-0.078724
-0.107626
-0.103909
0.040020
0.094023
0.116679
0.079167
0.006712
-0.114217
-0.152938
-0.055200
0.007910
0.174206
0.082451
-0.016683
-0.017112
0.000807
-0.044149
-0.132629
-0.034038
0.061454
0.077955
0.032859
0.068227
-0.035907
-0.095539
-0.056234
-0.048548
0.023017
0.019930
0.032542
0.006864
0.022413
0.060479
-0.023595
-0.064576
-0.067863
-0.006342
0.045827
0.053842
0.029647
-0.026264
-0.002470
-0.054043
-0.116819
0.033215
0.131625
0.095045
-0.038067
-0.127953
-0.045944
-0.020667
0.006332
0.039796
0.083384
0.013513
0.009138
-0.026037
-0.071458
-0.052320
-0.044057
0.015751
0.045266
0.057798
-0.019932
0.040349
0.047769
-0.009639
-0.086416
-0.050800
-0.066238
-0.009464
0.050084
0.026492
0.133592
0.091296
-0.021443
-0.192597
-0.091935
-0.038943
0.023660
0.159576
0.068292
-0.015448
0.006797
0.000756
-0.130690
-0.062061
-0.020158
0.024637
0.121204
0.058654
-0.001511
-0.003483
-0.020451
-0.112278
-0.068353
0.048291
0.070245
0.028179
0.090088
-0.044048
-0.057922
0.083049
-0.021460
-0.081858
-0.049552
-0.002572
-0.001500
0.148158
0.034391
-0.030257
0.007765
0.043271
-0.262846
-0.321236
0.157118
0.190804
0.326172
0.281958
-0.056916
-0.362971
-0.301936
-0.192191
-0.049828
0.310815
0.304379
0.216355
0.060442
-0.058182
-0.310040
-0.470497
-0.046666
0.223383
0.373032
0.177610
-0.031470
-0.124833
-0.181380
-0.115805
-0.017087
0.099243
0.091743
0.151639
-0.122399
-0.152177
-0.054370
0.091327
0.123790
-0.054259
-0.115895
0.072335
0.127106
-0.016253
-0.109217
-0.158081
0.061309
0.095123
0.166666
0.010052
-0.169321
-0.070869
0.068588
0.127013
0.024390
-0.106231
-0.224379
-0.080255
0.129922
0.261352
0.121320
-0.109154
-0.141395
-0.088142
0.022904
-0.007645
0.091150
0.036137
-0.007250
-0.060663
-0.037291
0.053306
-0.015194
-0.002736
-0.000964
0.110142
0.013380
-0.133033
-0.058529
0.048022
0.052196
-0.028678
-0.079014
0.072032
-0.083679
0.137774
0.003156
-0.108165
0.107489
0.022433
0.071608
-0.172439
-0.125078
-0.038712
0.129347
0.101014
0.007675
0.023517
-0.000735
-0.025583
-0.077142
-0.026376
0.027796
-0.031545
0.009425
0.044354
0.033847
0.029657
-0.057853
-0.066486
0.016778
0.082482
-0.012735
-0.054258
-0.037533
0.032125
0.074513
0.130200
-0.051888
-0.142409
-0.096564
0.042148
0.084994
0.051995
-0.011819
-0.171181
-0.017548
0.129633
0.210582
-0.022171
-0.204852
-0.155302
0.023098
0.129575
0.084879
-0.002280
-0.043206
0.055801
0.011318
-0.043720
-0.087991
-0.085905
-0.067461
0.075070
0.169886
0.071852
-0.019200
-0.117459
-0.055185
-0.036808
-0.014205
0.002447
0.055969
0.086779
-0.059240
0.023466
0.031839
-0.029739
-0.107307
-0.076873
0.017461
0.064603
0.086898
0.023908
0.008524
-0.009214
-0.027452
-0.086597
-0.097880
-0.011037
0.065662
0.137928
0.105462
-0.061550
-0.083752
-0.100388
0.031265
-0.037107
-0.009056
0.107146
0.043491
0.054041
0.011969
0.011121
-0.160454
-0.213733
-0.025140
0.108303
0.079127
0.133442
0.098718
0.043056
-0.162716
-0.216069
-0.094488
0.028136
0.137024
0.097236
0.084429
-0.081003
-0.080259
-0.064277
-0.026091
-0.034633
0.144494
0.271417
0.064080
-0.224692
-0.345684
-0.102465
0.016352
0.191150
0.191910
0.096706
0.069781
-0.119527
-0.207716
-0.190564
0.044279
0.187499
0.184807
0.094976
-0.130144
-0.274234
-0.119945
0.090739
0.095890
0.116085
0.180544
0.105647
-0.188005
-0.300774
-0.166254
0.029870
0.168369
0.158801
0.108958
0.100988
-0.038316
-0.208709
-0.266560
-0.055684
0.164403
0.202594
0.113953
-0.115954
-0.096961
0.021337
0.024665
-0.008852
-0.038687
-0.005704
-0.057197
0.017938
0.009531
0.013640
0.120005
0.085912
0.045838
0.001080
-0.047250
-0.143049
-0.104876
-0.032595
0.068000
0.033600
0.119438
0.154383
0.050769
-0.227667
-0.254857
-0.019366
0.139289
0.163737
0.006462
0.039903
-0.012980
-0.058746
-0.105391
-0.068818
0.010801
0.088896
0.069087
0.021927
-0.034237
-0.037799
-0.069402
-0.019371
0.027933
0.031872
0.002595
0.021513
0.042769
-0.032933
-0.066154
-0.020093
0.125021
0.025214
-0.113514
-0.104753
-0.003135
0.066765
0.127763
0.036424
-0.017326
-0.046412
-0.065594
-0.088934
-0.065814
-0.006765
0.061767
0.132932
0.116105
0.044492
-0.115971
-0.170651
-0.122050
0.068551
0.188203
0.081310
-0.072752
-0.074181
0.000339
0.077296
0.030303
-0.126533
-0.105399
0.008731
0.111319
0.041580
-0.005057
-0.039280
-0.052473
0.033074
0.082159
0.098549
-0.053237
-0.066150
-0.104311
-0.060156
0.021882
0.011288
0.053274
0.063670
0.063487
0.007654
-0.054887
-0.105582
-0.104834
0.015597
0.179058
0.159567
0.043664
-0.177859
-0.193442
-0.046735
0.095934
0.148938
0.112684
0.032299
-0.080122
-0.117403
-0.061489
-0.018206
0.037655
0.008340
0.002100
0.194110
0.038683
-0.099293
-0.158379
0.025228
0.071174
-0.010143
-0.005391
0.024511
0.008196
-0.089433
-0.018644
0.121796
0.124705
-0.082975
-0.103149
-0.133391
0.036900
0.053002
0.061473
0.042551
0.017477
0.017590
-0.113632
-0.134042
0.006392
0.170181
0.063034
-0.017718
-0.046152
-0.026336
-0.029073
0.065828
0.041300
-0.118047
-0.103493
0.067128
0.112828
-0.028756
-0.069041
0.083049
0.118983
-0.052741
-0.092844
-0.094393
-0.015156
-0.004424
0.081008
0.130089
0.058524
-0.054466
-0.189184
-0.068879
0.035417
0.180858
0.065773
0.012863
-0.103795
-0.104889
-0.020553
-0.044904
0.095972
0.073503
0.028321
-0.036312
0.023781
-0.004805
-0.068591
-0.074673
0.016573
0.099027
0.079981
-0.044367
-0.038167
-0.006197
0.000100
-0.069287
0.003667
0.092425
0.021252
-0.005885
-0.057526
0.010986
0.005863
0.049854
0.014057
0.015180
-0.053974
-0.036410
-0.007180
-0.042183
-0.007631
0.079929
0.146827
0.021278
-0.009768
-0.056388
-0.122122
-0.151203
-0.055098
0.083633
0.114614
0.081390
0.097411
0.091624
-0.059352
-0.181619
-0.218534
-0.037953
0.141422
0.148409
0.078295
0.014101
0.011169
-0.096396
-0.112917
-0.054371
0.059216
0.176387
0.057679
-0.131120
-0.095351
0.063205
0.023036
0.060549
-0.046223
-0.082338
0.081142
0.027504
-0.002770
-0.061952
0.087161
-0.040694
-0.069548
0.033306
-0.007018
0.005969
0.003691
0.098843
0.065085
-0.004523
-0.194335
-0.106612
-0.034830
0.036766
0.168582
0.179824
0.005782
-0.150556
-0.102812
-0.050463
-0.009966
0.049965
0.052350
-0.047249
0.035945
0.079043
-0.013826
-0.056966
-0.027064
0.005185
0.014231
-0.022336
-0.038041
-0.017448
0.063118
0.013030
0.020379
-0.004209
-0.022940
-0.023640
-0.083094
0.011217
-0.034459
0.070285
0.084087
0.058833
0.082517
-0.084142
-0.155805
-0.161489
0.025164
0.132419
0.103497
0.026430
-0.082305
-0.016074
0.023010
0.031051
-0.043916
-0.115463
-0.021845
0.078642
0.151832
-0.010417
-0.158992
-0.049156
0.096947
0.015411
-0.060415
0.072791
0.054704
-0.030969
-0.106402
-0.088704
0.047249
0.124617
0.060738
-0.032827
-0.008750
-0.047730
-0.137560
-0.009601
0.038804
0.053591
0.090518
0.063390
-0.096972
-0.138560
-0.041364
-0.017379
0.075079
-0.011976
0.079380
0.059518
-0.003478
-0.087922
-0.196464
0.048897
0.044769
0.065366
0.080494
0.037507
-0.070677
-0.083137
0.057348
-0.061872
-0.005326
-0.026180
0.013034
0.086527
0.024434
-0.008900
0.013565
0.036350
-0.054922
-0.112028
-0.143248
0.032718
0.168462
0.164749
0.020433
-0.100386
-0.126293
-0.114543
-0.052192
0.031591
0.139230
0.075681
-0.003808
-0.015349
0.030622
-0.048779
-0.136839
-0.071931
-0.018632
0.131293
0.153343
0.018309
-0.084940
-0.037491
-0.020868
-0.031222
-0.021467
-0.072962
0.055631
0.089710
0.115258
0.001241
-0.030785
-0.086674
-0.116738
-0.047381
-0.105853
0.165927
0.223960
0.079480
-0.097727
-0.069240
-0.112208
-0.141352
-0.059397
0.032378
0.164436
0.133945
0.133894
0.061533
-0.054254
-0.287052
-0.251877
-0.078701
0.181489
0.208851
0.139195
0.090643
-0.011861
-0.098757
-0.176140
-0.108001
-0.014269
0.119541
0.061495
0.091925
-0.012331
-0.048981
-0.076739
-0.007508
0.088987
0.017016
-0.035219
-0.088333
0.050612
0.035739
0.030801
0.038732
0.064691
-0.049821
-0.082661
-0.083481
-0.083031
0.122673
0.050349
0.068859
0.046328
0.002012
-0.076052
-0.163025
-0.043095
0.005987
0.171353
0.112897
-0.000653
-0.045383
-0.068047
-0.046890
-0.101583
-0.023470
0.034473
0.117446
0.091474
0.003749
-0.063078
-0.003456
-0.053163
-0.082183
0.009400
0.028547
0.026879
-0.001887
0.063609
0.010503
0.038531
0.028299
-0.061413
-0.089754
-0.093895
0.042886
0.146570
0.075945
-0.076401
-0.054504
-0.016565
-0.019147
0.037809
-0.022761
0.008399
0.035289
0.060940
-0.037531
-0.037021
0.012049
-0.007727
-0.050304
-0.079230
0.076772
0.131818
0.067575
-0.073401
-0.037198
0.002211
0.003230
-0.041448
-0.044803
0.012284
0.055101
0.027804
-0.007732
0.040570
0.030584
-0.049035
-0.120753
-0.079172
0.051941
0.056579
0.019123
0.085867
0.049371
-0.007784
-0.034641
-0.149975
-0.121062
0.140552
0.096350
0.037003
-0.000334
0.030971
0.004281
-0.114027
-0.152884
-0.044227
0.162192
0.082850
0.051650
0.026221
0.003483
-0.100553
-0.115101
-0.039382
0.019670
0.048060
0.100120
0.058993
0.000248
0.013771
-0.102780
-0.074588
-0.050812
0.050409
0.104525
0.048325
0.027226
-0.105952
-0.045279
0.025635
0.018739
-0.051231
0.043960
0.070185
-0.062929
-0.018210
-0.043813
0.078266
0.056331
0.024148
-0.029631
-0.057568
-0.078190
-0.069305
0.022795
0.076720
0.097460
0.049631
0.040782
-0.086581
-0.243754
-0.158235
0.086706
0.250403
0.170504
-0.007406
-0.060780
-0.177069
-0.127032
-0.035757
0.143079
0.095599
0.024116
0.021819
0.006548
-0.031232
-0.165825
-0.056964
0.006866
0.143458
0.121311
-0.019923
-0.069317
0.033123
0.057466
-0.113529
-0.208822
-0.030070
0.149128
0.109334
0.068598
0.056079
0.066969
-0.096319
-0.174692
-0.186555
-0.049597
0.145504
0.223751
0.115111
-0.032253
-0.086221
-0.154834
-0.057553
-0.063276
0.072798
0.151335
0.108148
0.026611
-0.090288
-0.104768
-0.044215
-0.027646
-0.004674
0.094389
0.056957
0.029900
-0.010967
-0.001996
-0.088349
-0.150014
0.026951
0.030566
0.087594
0.171215
0.121803
-0.011060
-0.210470
-0.166576
-0.103777
-0.001817
0.020872
0.194883
0.222539
0.027574
-0.102842
-0.125701
-0.109441
-0.153946
-0.004729
0.122243
0.205610
0.073423
-0.074124
-0.111035
0.022067
-0.009051
-0.020229
-0.073845
-0.071299
0.073067
0.124021
0.154811
0.006559
-0.062634
-0.143890
-0.059006
-0.059494
-0.007878
0.055732
0.134968
0.137978
-0.019052
-0.127922
-0.190381
-0.053497
0.023009
0.131319
0.123174
0.078635
-0.013358
-0.132502
-0.150254
-0.075022
0.057506
0.136236
0.152425
0.021377
-0.067017
-0.136391
-0.102246
-0.014022
0.063472
0.146494
0.109247
-0.020724
-0.102963
-0.099829
-0.122150
-0.027893
0.118866
0.225846
0.100690
-0.093163
-0.167578
-0.129963
-0.014509
0.077293
0.175298
0.132417
-0.030708
-0.166049
-0.148870
-0.090326
0.079202
0.136800
0.096874
0.071154
-0.022963
-0.043651
-0.177743
-0.098624
0.000584
0.066620
0.151534
0.049695
0.029320
-0.111674
-0.113341
-0.069839
0.025290
0.115359
0.041160
0.009786
-0.007076
-0.054836
-0.119344
-0.019912
0.056707
0.095846
0.060701
-0.009642
-0.098896
-0.047816
-0.023080
-0.008254
0.130733
0.067071
-0.037808
-0.104593
-0.071913
0.025306
0.022099
0.033082
0.015502
0.040275
-0.018321
-0.084303
-0.055978
-0.050151
0.049117
0.067502
0.090076
0.036239
-0.060990
-0.158065
-0.043930
0.010926
0.097762
0.108184
0.010426
0.020551
-0.079985
-0.070406
-0.095375
0.008488
0.115630
0.049427
-0.041520
0.001285
0.011711
0.007286
-0.045519
-0.067558
-0.019805
0.085383
0.074482
0.024661
-0.037845
-0.083212
0.025589
0.071801
-0.022679
-0.121101
-0.014840
0.019268
0.122863
0.056830
-0.043909
0.009605
-0.009273
-0.053303
-0.078741
-0.021032
0.084772
0.082179
0.044612
-0.003603
-0.009151
-0.059645
-0.126073
-0.015596
0.096059
0.091949
0.015835
-0.034033
0.000603
0.017149
-0.000490
-0.015330
-0.090649
-0.016167
0.009208
0.077297
0.104325
0.008274
-0.121403
-0.097827
0.045865
0.087952
-0.037496
-0.153889
0.019414
0.127955
0.139769
-0.046347
-0.138406
-0.080739
-0.001967
0.105055
0.074522
-0.024342
-0.069838
0.038505
0.091526
-0.025654
-0.159854
-0.080325
0.039878
0.134010
0.063286
-0.007974
-0.006576
-0.044107
-0.011880
-0.066623
-0.040046
-0.001537
0.050843
0.065639
0.024546
-0.086985
-0.120566
0.055498
0.097816
0.031711
-0.098193
-0.077054
0.053603
0.017506
0.040087
-0.047198
-0.061976
-0.015419
0.062159
0.083804
-0.028083
-0.101989
-0.079047
0.041639
0.050296
0.078637
-0.050338
-0.010595
-0.067174
-0.020598
0.044979
0.046285
0.025008
-0.076137
0.011544
0.019838
0.074676
-0.063995
-0.038406
-0.008425
0.048966
0.035147
-0.007628
0.005605
-0.063437
-0.023865
-0.005819
0.139305
-0.025427
-0.044944
-0.081282
0.008698
0.114718
-0.021665
-0.056643
-0.066007
0.093436
0.023535
0.010200
-0.071576
-0.031544
0.044758
0.048771
0.008259
-0.001149
-0.016846
-0.069278
0.007244
0.058689
0.032398
-0.045331
0.005118
0.031127
0.037672
-0.045096
-0.095132
-0.051361
0.135709
0.131309
0.046325
-0.092667
-0.169354
-0.020593
0.062440
0.124026
-0.038882
-0.093422
0.009865
0.124173
0.110571
-0.064853
-0.139566
-0.137642
0.043669
0.152567
0.118420
-0.024478
-0.116205
-0.129074
-0.031293
0.092413
0.087195
0.003529
-0.090588
0.022386
-0.012912
-0.003390
-0.083243
0.030087
0.074714
0.029727
-0.004363
-0.065462
0.010641
-0.084637
0.043634
0.025815
0.052112
-0.004161
0.021188
0.005550
-0.104788
-0.066158
-0.058136
0.050178
0.072971
0.115847
0.033599
-0.073272
-0.103685
-0.078426
0.015606
0.103206
0.071331
-0.024391
-0.100087
-0.051882
0.061968
0.096337
0.038450
-0.057425
-0.131808
-0.021844
0.095259
0.069716
-0.043883
-0.128002
0.049673
0.130437
0.067927
-0.088484
-0.121052
-0.071774
0.045787
0.086678
0.031414
-0.024228
-0.034220
0.078620
0.011302
-0.027650
-0.107562
-0.039891
0.071725
0.061287
0.063794
-0.013204
-0.003085
-0.007439
0.004905
-0.047851
-0.057088
0.031067
0.044944
0.022427
-0.046792
0.039838
0.038269
0.062555
-0.024916
-0.128269
-0.027790
0.124211
0.098877
-0.096360
-0.092616
-0.022809
0.107915
0.025468
-0.009309
-0.011815
0.041048
0.000706
-0.079335
-0.009719
0.019351
0.070984
-0.032097
-0.023254
-0.046458
-0.003001
0.044583
0.015366
0.006078
0.061793
0.015298
-0.081259
-0.059075
-0.012188
0.088133
0.041945
0.009840
-0.088005
-0.038995
0.047407
0.035695
0.033623
-0.041214
0.022065
0.023870
-0.026689
-0.039069
-0.028143
0.031152
-0.035669
0.002378
0.028693
0.051318
0.037248
-0.014797
-0.067823
-0.078347
0.032509
0.084959
0.022683
-0.052169
-0.000069
0.051164
0.050821
-0.069904
-0.090839
-0.003697
0.032688
0.019896
0.018276
0.035890
0.116609
-0.076363
-0.102451
-0.030006
0.128851
0.061693
-0.116367
-0.060492
0.009465
0.113023
-0.027548
-0.005948
0.010313
0.041026
-0.102428
-0.076068
0.063668
0.111196
-0.037190
-0.060023
0.005989
0.122808
0.056547
-0.124856
-0.083675
-0.034328
0.160232
0.055556
-0.035848
-0.094157
0.031952
0.066783
-0.040584
-0.096712
-0.034562
0.102929
0.025396
-0.002018
0.029689
0.074484
-0.045791
-0.164438
-0.092682
0.087388
0.142873
0.017310
-0.046455
-0.071440
0.062049
0.005744
-0.041748
-0.041250
0.023350
0.082122
-0.005527
-0.060674
-0.120720
0.042871
0.099149
0.057399
-0.065274
-0.016453
0.006778
-0.038942
-0.078827
-0.036021
0.093059
0.042194
-0.025500
-0.048648
0.025841
0.031242
0.006077
-0.075896
-0.018005
0.055461
0.013728
-0.050740
-0.040962
0.039196
0.046577
0.015977
-0.074725
-0.028649
0.020250
0.024033
-0.049050
-0.083491
0.048464
0.128233
0.063106
-0.132552
-0.130004
0.003303
0.076532
0.006865
-0.080016
0.052584
0.038386
0.024656
-0.080528
-0.056333
0.073565
0.059411
0.033723
-0.122897
-0.032015
0.019407
0.091631
-0.010940
-0.085145
0.040439
0.097271
-0.018561
-0.159999
-0.050464
0.107585
0.134355
-0.038105
-0.091388
-0.010890
0.081681
-0.060890
-0.110142
-0.015855
0.131774
0.136252
-0.047073
-0.121950
-0.046698
0.079292
0.012897
-0.062221
-0.074390
0.028140
0.135158
0.042780
-0.092801
-0.111638
0.041940
0.095608
0.005000
-0.116527
-0.055912
0.103145
0.043770
-0.033776
0.012684
0.060753
-0.033186
-0.114034
-0.085870
0.131383
0.088997
-0.029016
-0.094399
-0.004122
0.052329
0.004489
-0.001483
-0.085726
-0.010103
0.036841
0.063897
-0.037421
-0.069717
-0.027044
0.027745
0.044962
0.022266
-0.054561
0.018047
0.044087
0.003574
-0.086988
-0.041533
0.026438
0.015346
-0.009975
-0.039176
0.137536
0.061236
0.005016
-0.162401
-0.044005
0.018365
0.032429
-0.063609
-0.043011
0.107643
0.060818
0.057836
-0.125114
-0.023275
-0.022552
0.081579
-0.062165
-0.090086
0.055902
0.120752
0.056200
-0.190155
-0.043990
0.079563
0.082868
-0.077898
-0.085989
0.048711
0.094620
0.024413
-0.095965
-0.005284
0.064167
0.023726
-0.067752
-0.069511
0.088695
0.154904
-0.054609
-0.178866
-0.101098
0.083676
0.135601
0.044060
-0.010678
-0.016962
0.055384
-0.065307
-0.111597
-0.063195
0.105487
0.082288
0.025746
0.005646
-0.027239
-0.003197
-0.059806
-0.017192
-0.002099
0.048753
0.015587
-0.001392
-0.024660
-0.035069
0.043720
-0.024985
0.008081
0.029269
0.027977
0.047591
-0.014169
0.011423
-0.094561
-0.007551
0.039201
0.045333
-0.028675
-0.075774
0.044410
0.064905
0.028572
-0.090986
0.003306
0.065342
0.021120
-0.058508
-0.047247
0.053723
0.112845
0.004472
-0.093045
-0.059914
0.036748
0.076956
-0.054348
-0.045517
-0.042064
0.091692
0.089517
-0.029744
-0.075594
-0.089276
0.067138
0.018090
-0.020807
-0.020597
-0.007689
0.039114
0.034089
-0.020439
-0.063157
-0.036321
0.039611
0.034356
0.024009
-0.033710
-0.036212
0.015163
0.016162
0.039742
-0.038385
0.015788
-0.018576
0.001664
-0.022415
0.055062
0.047013
-0.068854
-0.043518
-0.045455
0.072338
0.012409
0.019336
-0.022599
0.007876
-0.014088
-0.026640
0.018787
0.031160
0.085673
-0.032293
-0.068492
-0.087384
-0.003085
0.057475
0.052619
0.013173
-0.029411
0.005240
-0.041967
0.025834
0.023739
-0.018688
0.015588
-0.038448
0.028306
-0.019583
0.024057
0.005634
-0.012480
0.041885
-0.020687
0.020032
-0.024253
-0.008576
-0.028318
-0.005183
-0.008312
0.021863
0.033599
0.003690
0.008103
-0.010605
0.001621
-0.045729
-0.025562
0.022620
0.046072
-0.003890
-0.024441
0.027502
0.057893
-0.033402
-0.051087
-0.036405
0.001327
0.063865
0.017470
0.002547
-0.028814
-0.046815
-0.044850
0.039530
0.052844
-0.014853
-0.018932
-0.034952
0.045476
0.063468
-0.028660
-0.049062
-0.040160
0.038121
-0.016032
-0.002555
-0.008381
0.006196
0.040496
-0.031455
0.015599
-0.021658
0.059737
-0.038829
-0.031979
0.010893
0.033021
-0.005541
-0.095969
0.013107
0.051903
0.036760
-0.071742
-0.012127
0.005079
0.046191
-0.008948
0.011609
0.001130
0.039250
0.022806
-0.072567
-0.027231
-0.041041
0.052802
-0.023777
0.025996
0.007546
0.054554
0.086201
-0.061161
-0.085165
-0.051537
0.042201
0.021672
-0.013235
0.028849
0.014510
-0.005282
-0.000587
-0.007593
0.024562
-0.012959
-0.017319
-0.007857
0.040665
0.039679
-0.008697
-0.003654
-0.038689
0.011733
-0.016853
-0.023689
0.034041
0.031130
0.013519
-0.038170
-0.040630
-0.011444
-0.009047
0.020047
0.028913
0.019842
0.027928
-0.043925
-0.036528
-0.003259
0.046963
0.004717
-0.074950
-0.001707
0.031837
0.066866
-0.037563
-0.021318
0.044373
0.004265
-0.020095
-0.054412
-0.000465
-0.055496
-0.007089
0.005663
0.070154
0.005292
0.005849
-0.019368
-0.072750
0.058675
0.007840
0.009972
-0.080705
0.012465
-0.012790
-0.009685
0.003967
0.022169
0.062233
0.039437
0.010260
-0.041679
-0.025378
-0.102795
-0.005508
0.095583
0.099659
-0.028674
-0.125772
-0.065653
0.057090
0.058126
0.063693
0.151666
0.048734
-0.093913
-0.193449
-0.206147
0.013581
0.192249
0.175798
0.092438
0.005401
-0.090485
-0.184488
-0.123387
-0.029437
0.125537
0.154093
0.069278
0.017483
-0.075826
-0.058530
-0.101255
-0.045668
0.077396
0.143614
-0.020442
-0.087507
-0.033009
-0.055690
0.058745
0.011086
-0.003543
0.010203
0.023396
-0.024328
-0.073608
-0.039660
-0.001093
0.117498
0.086240
-0.058652
-0.132070
-0.103344
-0.020512
0.088772
0.120530
0.050755
-0.022481
-0.037368
-0.009284
-0.044535
-0.062121
-0.038688
0.014483
0.049898
0.008814
0.033935
0.125170
0.053019
-0.121390
-0.195407
-0.083819
0.060549
0.171871
0.088150
-0.069714
-0.070217
0.026070
-0.057512
-0.107466
-0.063265
-0.030983
0.077054
0.101640
0.168855
0.015675
0.069773
-0.020562
-0.118612
-0.134698
-0.180373
0.010903
0.005405
0.086198
0.139574
0.151485
0.098860
-0.103611
-0.240009
-0.207867
0.025498
0.205152
0.190609
0.031471
-0.078272
-0.091482
-0.066944
-0.081891
-0.080469
0.095368
0.182032
0.144397
-0.099442
-0.132138
-0.052139
0.071588
0.062682
-0.032385
-0.038113
0.003613
0.048311
-0.073169
-0.068715
-0.031843
0.214987
0.180737
0.057971
-0.115579
-0.243000
-0.157289
0.051094
0.153426
0.063781
0.004434
-0.019244
0.092705
0.029217
-0.062728
-0.103705
-0.020114
0.061080
0.141704
0.061278
-0.088791
-0.171435
-0.118300
0.052629
0.130378
0.057200
0.001316
-0.007832
-0.042895
-0.001480
-0.004193
0.038774
0.016762
-0.031094
-0.036225
-0.047645
-0.081764
-0.014288
0.075140
0.086865
0.039549
-0.033609
-0.068481
0.029245
0.060067
-0.007855
-0.035092
-0.122711
-0.088839
0.015884
0.050988
0.044517
0.001869
0.043748
0.102029
0.023268
-0.050109
-0.112022
-0.097084
-0.048715
-0.026923
-0.023376
0.048090
0.118856
0.113315
0.012419
-0.050495
-0.083849
-0.048443
0.053358
0.017889
-0.013232
-0.086410
-0.048091
-0.044972
0.049864
0.156314
0.191518
0.064959
-0.175333
-0.220964
-0.147722
0.115877
0.204085
0.106027
-0.116756
-0.175426
-0.042453
0.076169
0.130170
0.056979
-0.004327
-0.058619
-0.015307
-0.024963
-0.050436
-0.029429
0.002790
0.008718
0.022069
0.006234
0.018423
0.046371
0.006135
0.052230
0.101092
0.055935
-0.073121
-0.186905
-0.180419
0.011752
0.126573
0.146009
0.040901
0.015714
0.003801
-0.073696
-0.011146
0.040138
0.077460
-0.044742
-0.120257
-0.116726
0.023335
0.059342
0.042098
0.094057
0.020919
-0.019646
-0.075211
-0.021773
0.049332
0.082088
0.065977
-0.083461
-0.159907
-0.103521
0.005066
0.173920
0.187631
0.019734
-0.159142
-0.183713
-0.023094
0.162431
0.228504
0.107743
-0.083814
-0.224469
-0.206696
-0.094020
0.059121
0.151648
0.128507
0.132496
-0.005530
-0.170147
-0.111122
0.029419
0.160827
0.102237
0.006425
-0.111278
-0.189951
-0.150920
-0.075250
0.139434
0.297930
0.202497
-0.106449
-0.212313
-0.194331
-0.011464
0.162793
0.203850
0.076996
-0.131624
-0.167382
-0.175283
0.010762
0.065816
0.073197
0.071168
0.064193
-0.014718
-0.064583
0.055832
0.065913
-0.008283
-0.102365
-0.102883
-0.091446
-0.012279
0.072619
0.138803
0.115446
0.045435
-0.076636
-0.194587
-0.077163
0.037288
0.110853
0.103701
0.001918
-0.044070
-0.098612
-0.111012
-0.012316
0.044196
0.129146
0.107571
-0.026231
-0.000026
0.050039
0.063898
-0.086843
-0.168804
-0.103223
0.012242
0.100976
0.112464
0.106483
-0.008595
-0.080901
-0.135301
-0.127037
-0.018788
0.114029
0.114744
0.061490
0.007660
-0.042603
-0.051836
-0.055375
0.004436
0.060697
0.007179
-0.088577
-0.087324
-0.016812
0.051578
0.091567
0.058737
-0.028850
-0.032395
-0.007445
0.022610
0.009042
-0.020283
0.012321
0.010247
-0.047565
-0.068077
-0.016611
0.046940
0.055767
0.024011
-0.055881
-0.106134
-0.022180
0.039049
0.033800
0.034013
0.051332
0.083462
0.081532
-0.060247
-0.200573
-0.131388
0.013058
0.141517
0.140169
0.009677
-0.050321
-0.069009
-0.041090
-0.033225
-0.047298
0.019443
0.097686
0.124991
0.089391
-0.003741
-0.136660
-0.157365
-0.075726
0.040310
0.110763
0.083947
0.030873
-0.030722
-0.038930
-0.038078
-0.006659
-0.003223
-0.033302
-0.035732
-0.006711
0.067653
0.091642
0.085005
0.017287
-0.068148
-0.098369
-0.072467
-0.029685
0.014602
0.069756
0.071084
0.080016
0.052692
-0.053671
-0.134081
-0.124476
-0.027928
0.075951
0.119616
0.043379
-0.048739
-0.013160
0.070337
0.044564
-0.044222
-0.077929
-0.039100
0.011576
-0.002524
-0.028602
-0.021078
0.065356
0.097430
0.074404
-0.052448
-0.173271
-0.115983
0.038084
0.176764
0.136819
-0.008569
-0.114540
-0.087475
-0.045575
-0.011492
-0.005705
0.016539
0.038812
0.038639
-0.019208
-0.048195
-0.026814
0.004975
0.073747
0.111414
0.062414
-0.046787
-0.116829
-0.126079
-0.028590
0.032505
0.091380
0.055377
0.022622
-0.009304
-0.051977
-0.044607
-0.039648
-0.024783
-0.006790
-0.018964
0.009802
0.072038
0.074252
0.033936
-0.074280
-0.088936
-0.050006
0.035600
0.051194
0.026702
0.002877
0.001726
0.011029
-0.010097
-0.041730
-0.079716
-0.038394
0.041963
0.115771
0.095441
0.004180
-0.106238
-0.111991
-0.039580
0.017999
0.026870
-0.007051
0.016797
0.068166
0.068724
0.010497
-0.033132
-0.022357
0.013911
0.010505
-0.028069
-0.087391
-0.079953
0.008785
0.114750
0.131006
0.060459
-0.032945
-0.091970
-0.083806
-0.076142
-0.023099
0.017288
0.079439
0.081390
0.036838
-0.011827
-0.019275
-0.001824
-0.019516
-0.018869
-0.028371
0.005274
0.002658
-0.005073
-0.008157
0.036438
0.053102
0.012790
-0.018410
-0.065207
-0.062960
-0.054839
0.012071
0.066568
0.095984
0.078837
-0.017381
-0.068673
-0.062113
0.017819
0.037795
-0.008409
-0.039245
-0.040143
-0.020449
0.010885
0.040964
0.025759
0.022950
-0.004185
-0.009120
-0.012170
-0.034517
-0.040620
-0.014683
0.052548
0.055309
0.027201
-0.032861
-0.061171
-0.032265
0.004928
0.039224
0.001699
-0.034305
-0.046861
-0.018620
0.033422
0.040150
0.028266
-0.009246
-0.012215
-0.031855
-0.026601
-0.000227
0.010671
0.028921
0.022088
0.002234
-0.004831
0.002297
-0.024599
-0.023327
-0.025131
0.014636
0.009685
0.007884
-0.008873
-0.009402
0.007446
0.015154
