-0.013987
-0.004116
0.006631
0.029779
0.003119
-0.018541
-0.026685
0.005028
0.016262
0.013539
0.005286
-0.013467
-0.037806
-0.037780
0.006204
0.042067
0.037512
0.007377
-0.010089
-0.034497
-0.042773
-0.024309
0.012641
0.034551
0.031401
0.018474
-0.010370
-0.044859
-0.054079
-0.011554
0.038702
0.041787
0.012614
-0.007551
-0.018035
-0.027788
-0.027505
-0.011459
0.013823
0.033904
0.035852
0.014594
-0.024813
-0.054933
-0.039053
0.007918
0.042057
0.035463
0.010158
-0.014041
-0.019236
-0.023280
-0.017220
-0.000037
0.002009
0.028921
0.047294
0.031384
-0.029733
-0.070647
-0.053501
-0.006473
0.045319
0.053698
0.048242
0.022347
-0.022856
-0.061186
-0.064303
-0.028307
0.013513
0.057852
0.065360
0.028348
-0.008011
-0.038164
-0.043302
-0.026308
0.010224
0.032854
0.009311
0.000524
-0.001589
0.001491
0.013161
0.023917
0.012236
-0.023657
-0.035874
-0.024083
-0.016606
0.012316
0.060232
0.062655
0.025837
-0.040073
-0.077950
-0.060879
-0.000835
0.068216
0.074103
0.027786
-0.033212
-0.052288
-0.022200
0.014299
0.025879
0.031950
0.026162
0.007808
-0.040730
-0.069473
-0.031438
0.021658
0.097356
0.096270
0.017591
-0.062119
-0.087342
-0.048579
-0.010520
0.021164
0.060458
0.057808
0.024618
-0.010245
-0.031640
-0.009240
0.018405
0.007416
-0.032739
-0.061250
-0.027183
0.031589
0.064186
0.086362
0.071108
0.001140
-0.094459
-0.136320
-0.085641
0.004188
0.091879
0.140888
0.110165
0.013624
-0.089212
-0.130878
-0.104193
0.000969
0.091665
0.109150
0.029213
-0.019948
-0.046378
-0.048048
-0.010234
0.025070
0.065244
0.028167
-0.003168
-0.055751
-0.083360
-0.048093
0.062009
0.120885
0.071314
-0.000919
-0.095021
-0.100522
-0.060307
0.057138
0.040811
0.029368
0.037810
-0.006519
0.017046
-0.055938
-0.009678
-0.005242
0.033272
-0.022140
-0.034960
0.032654
0.053369
0.096390
0.054186
-0.026329
-0.155954
-0.125822
-0.031577
0.093721
0.117805
0.092216
0.029347
-0.071602
-0.125218
-0.112482
0.011424
0.080109
0.089170
0.051591
-0.004667
-0.054865
-0.083602
-0.041993
0.014119
0.069007
0.067499
0.011082
-0.074911
-0.066129
0.008811
0.031827
0.037055
0.001523
-0.020802
-0.040584
0.024061
0.026212
-0.006017
-0.029646
-0.015854
0.011617
0.001775
0.041678
-0.010177
-0.029537
-0.021696
0.015679
-0.009432
-0.006338
0.026806
0.019628
0.044268
0.008823
-0.047508
-0.093725
-0.032648
0.003390
0.045771
0.085461
0.052223
-0.027414
-0.078710
-0.048023
-0.012899
0.018255
0.011506
-0.000675
0.026492
0.030394
-0.012882
-0.013026
-0.013091
-0.024233
-0.026817
0.029652
0.045057
0.017605
-0.017190
-0.071478
-0.028447
0.022640
0.051746
0.024900
-0.004302
-0.035702
-0.055319
-0.018622
0.029527
0.064485
0.019566
-0.024663
-0.054899
-0.050636
-0.004720
0.034257
0.039594
0.023955
-0.014224
-0.033909
-0.041382
-0.025351
0.041081
0.068451
0.069744
-0.018639
-0.086524
-0.111312
-0.070904
0.046409
0.106342
0.124105
0.057392
-0.056350
-0.159452
-0.144424
-0.026215
0.096783
0.137999
0.107030
0.017549
-0.108577
-0.154377
-0.088166
0.050028
0.099758
0.092067
0.047630
-0.018548
-0.088321
-0.078866
-0.029341
0.026359
0.085093
0.035930
-0.017752
-0.032315
-0.028177
-0.030542
0.019059
0.061499
0.021910
-0.043971
-0.072157
-0.074967
0.028947
0.095901
0.076717
0.030819
-0.040878
-0.071611
-0.088425
-0.004509
0.023141
0.022366
-0.008950
0.016097
0.073237
0.054261
-0.017034
-0.097697
-0.073458
-0.024283
0.062883
0.044376
0.048373
-0.017890
-0.048142
-0.062471
-0.023628
0.056648
0.019597
0.043526
-0.069901
-0.038642
-0.086124
0.064378
0.117899
0.039931
0.045925
-0.083920
-0.062289
-0.108883
-0.007025
0.034736
0.120748
0.105419
0.056283
0.006861
-0.060356
-0.071327
-0.079031
-0.034407
-0.027148
0.102660
0.056514
0.034836
-0.036174
-0.067947
-0.057878
-0.042223
0.017188
0.077854
0.120268
0.007782
-0.080808
-0.116176
-0.011404
0.032602
0.042520
0.004597
-0.019242
-0.011812
0.013881
0.037869
0.010764
-0.056993
-0.141526
-0.029037
0.075182
0.115085
0.033680
-0.054751
-0.047897
-0.026666
0.010667
0.008957
0.052423
0.046327
-0.014869
-0.106483
-0.136065
-0.009362
0.078983
0.114083
0.064652
-0.004335
-0.032129
-0.039749
-0.070599
-0.073495
-0.051510
0.016693
0.106011
0.043661
-0.008968
-0.060788
-0.025784
-0.104733
-0.040375
0.117919
0.137816
0.082563
-0.050301
-0.053527
-0.081912
-0.027178
-0.025374
-0.003949
0.000349
0.045253
0.069702
0.084538
0.054083
-0.064037
-0.125526
-0.134671
-0.037094
0.027945
0.141064
0.107377
0.046256
-0.018068
-0.107130
-0.124317
-0.038947
0.080285
0.070940
0.063251
-0.014695
-0.108624
-0.077175
0.030129
0.082187
-0.023799
-0.068991
-0.013542
0.025710
0.014595
0.015449
0.059990
0.077269
0.010272
-0.111642
-0.109295
-0.061449
-0.008918
0.029489
0.118734
0.147610
0.008165
-0.111659
-0.103687
-0.041766
-0.006436
0.011880
0.062041
0.116949
0.025331
-0.055336
-0.074832
-0.013366
-0.004564
0.018508
0.088992
-0.001639
-0.103574
-0.117145
0.009908
0.137590
0.113611
-0.045830
-0.116548
-0.128498
-0.114309
0.108311
0.148637
0.020566
0.115071
0.275135
0.145959
-0.226888
-0.352593
-0.285912
-0.087286
0.054976
0.219532
0.463133
0.353265
-0.078425
-0.399716
-0.325672
-0.121228
0.039314
0.178147
0.286693
0.123741
-0.028947
-0.208848
-0.211365
-0.074352
0.164696
0.290950
0.046718
0.015650
-0.021160
-0.138640
-0.222164
-0.037522
0.099347
0.110934
0.077518
0.212872
0.097103
-0.184301
-0.357899
-0.228348
0.192870
0.215830
0.208638
0.043388
0.012977
-0.302455
-0.156155
0.130170
0.291622
0.155809
-0.171356
-0.132386
-0.351089
-0.033294
0.031964
0.397108
0.315275
0.057350
-0.183751
-0.296682
-0.156154
-0.178653
0.150656
0.178171
0.397117
0.169068
-0.028613
-0.361976
-0.450930
-0.153438
0.131269
0.230803
0.321338
0.273249
-0.113036
-0.178736
-0.210749
-0.145053
-0.233463
0.105636
0.388763
0.200431
-0.061453
-0.046223
-0.023705
-0.119931
-0.139181
-0.096866
0.071683
0.078153
0.268751
0.235325
0.012678
-0.361019
-0.331447
-0.046590
-0.002926
0.222616
0.268710
0.272302
-0.083688
-0.299035
-0.339948
-0.020037
0.121615
0.217309
0.340192
0.140045
-0.142126
-0.452566
-0.255596
-0.017992
0.169771
0.143715
0.380918
0.088771
-0.089338
-0.382199
-0.417142
-0.073975
0.276160
0.565556
0.293178
0.173726
-0.413500
-0.513898
-0.304169
-0.067739
0.238488
0.326785
0.215393
-0.037802
-0.106238
-0.072624
-0.104046
-0.047015
0.147626
0.230976
-0.040474
-0.308161
-0.324152
0.006085
0.047259
0.286186
0.261450
0.248732
0.010965
-0.526160
-0.354058
-0.053900
0.455632
0.160549
-0.058541
-0.165193
0.027079
0.007150
0.009774
0.063180
-0.073922
-0.065535
0.026552
0.021924
-0.153271
-0.102715
0.044123
0.088105
0.042462
0.175643
-0.016727
0.022506
-0.017472
-0.029479
-0.117089
-0.222031
-0.219808
0.059113
0.360164
0.430443
0.070682
-0.037572
-0.233399
-0.349365
-0.083882
-0.077279
0.038949
0.006256
0.234917
0.024865
-0.070167
0.006592
-0.098541
-0.052654
0.379121
0.521553
0.036025
-0.563957
-0.680497
-0.317844
0.034447
0.324327
0.334713
0.348278
0.489768
0.145031
-0.507729
-0.717522
-0.209853
0.205763
0.285613
0.201350
-0.151580
-0.022710
-0.011308
0.169846
-0.043843
-0.039812
-0.069501
-0.270047
-0.280431
0.060735
0.583110
0.274980
0.065771
-0.315124
-0.122844
-0.083410
0.001302
-0.025671
0.054425
-0.077847
-0.207462
0.211481
0.181347
0.076477
-0.235087
0.009006
0.150364
0.155838
-0.091807
-0.271098
-0.115258
0.080327
0.315404
0.178601
-0.109989
-0.383152
-0.426050
0.029485
0.346192
0.345433
0.259164
-0.009977
-0.313251
-0.311924
-0.112157
-0.143741
-0.061984
0.341326
0.625257
0.203824
-0.251877
-0.643885
-0.502099
-0.078753
0.461486
0.555820
0.150231
-0.003217
-0.340772
-0.353367
-0.258390
0.074971
0.309726
0.436473
0.102222
-0.306725
-0.147838
-0.075246
0.028700
0.100158
0.041565
-0.100342
-0.068083
0.105737
0.073316
-0.011728
0.066261
-0.089560
-0.149481
-0.081664
0.132483
0.116588
-0.001149
0.060916
0.025944
0.037984
-0.230046
-0.053112
-0.094941
0.134258
0.227336
0.060380
-0.118918
-0.230823
0.055395
-0.009691
0.141845
-0.164815
0.083824
0.065967
0.153317
0.023550
-0.215460
-0.122357
-0.070283
0.183851
0.010699
0.048679
-0.146590
0.017868
0.077867
0.082372
-0.085650
-0.004873
0.071135
0.050766
0.046645
-0.210765
-0.204007
-0.119073
0.206592
0.288272
0.061190
0.032849
-0.001241
-0.223019
-0.268734
0.064139
0.315260
0.113524
-0.387512
-0.280438
0.074324
0.263933
0.221063
0.195810
0.125366
-0.337286
-0.259763
-0.281887
-0.060638
0.049862
0.460244
0.299142
0.053442
-0.184387
-0.388632
-0.264835
0.060085
0.449186
0.166727
0.280602
-0.249651
-0.350395
-0.408426
-0.027602
0.263555
0.489415
0.420468
-0.245738
-0.329402
-0.454452
-0.142150
0.109004
0.409938
0.343734
0.179062
-0.243393
-0.444953
-0.181201
0.048153
0.322872
0.130596
0.176137
-0.130064
-0.118472
-0.103527
-0.175272
0.000545
0.197116
0.350413
0.009826
-0.107588
-0.293467
-0.192049
0.006154
0.274811
0.157325
0.031866
-0.151458
-0.252559
-0.021190
0.034715
0.170887
0.249605
0.076385
-0.299500
-0.145421
-0.028540
-0.026389
-0.018812
0.105261
0.170158
0.191944
0.005306
-0.152624
-0.185150
-0.134628
0.066394
0.014649
0.069696
0.097237
0.253045
0.002947
-0.105107
-0.290253
-0.247329
-0.140391
0.199885
0.478863
0.081678
-0.069209
-0.466369
-0.237574
0.035811
0.622906
0.508182
0.189729
-0.426093
-0.654603
-0.201073
-0.292255
0.225321
0.171910
0.490381
0.295529
0.035464
-0.204767
-0.268506
-0.039397
-0.033897
0.216624
-0.098017
-0.147869
-0.344817
-0.073139
0.142953
0.684734
0.607303
-0.105924
-0.550563
-0.740306
-0.099935
0.001425
0.551436
0.482385
0.121001
-0.073442
-0.216779
-0.275024
-0.242433
0.110080
0.193298
0.228053
0.040605
-0.218104
-0.317624
0.076298
0.234223
0.270886
-0.005817
-0.152571
-0.173239
-0.175997
-0.091557
0.044733
0.538378
0.292305
-0.166231
-0.587396
-0.216441
0.088572
0.219475
0.311830
0.056369
-0.022611
-0.197418
0.017630
-0.145579
-0.098290
-0.086828
0.080504
0.190823
0.141835
0.202541
0.034004
-0.122504
-0.237602
-0.141847
-0.183382
-0.030868
0.184839
0.289013
0.083334
-0.083312
-0.075694
-0.087543
-0.015767
0.018329
-0.052553
0.012202
0.042759
-0.031935
-0.035603
0.012730
-0.030969
0.159235
0.222058
-0.070182
-0.188305
-0.333314
-0.110700
0.119726
0.276796
0.248548
0.146471
-0.034344
-0.362169
-0.253327
-0.105327
0.152156
0.177186
0.212415
0.067514
-0.105723
-0.150064
-0.219162
-0.015604
0.105614
0.274759
0.154219
-0.031149
-0.313379
-0.169644
-0.014095
0.171328
0.232183
-0.025209
-0.165668
-0.102164
0.083015
-0.007373
0.060848
-0.145975
-0.035426
0.094001
0.240254
0.027132
-0.244472
-0.149966
-0.083145
0.136236
0.010709
0.179802
0.075668
-0.051386
-0.084640
-0.222334
-0.059492
0.040961
0.253102
0.120300
0.008268
-0.075800
-0.200824
-0.167232
0.004650
0.262926
0.208913
0.028413
-0.322138
-0.140432
-0.059571
0.046027
0.172586
0.150714
0.097050
-0.187015
-0.061596
-0.291868
-0.070131
0.222560
0.303459
0.109012
-0.084926
-0.096305
-0.132594
-0.115748
-0.098511
0.029542
-0.086820
0.170914
0.182985
0.307497
-0.024825
-0.404176
-0.287773
-0.051337
0.216679
0.179165
0.086099
-0.048531
-0.042292
-0.045493
-0.033859
-0.017623
-0.012718
-0.140263
-0.002934
0.169296
0.073343
0.075283
0.021749
0.055750
-0.133563
-0.249798
-0.058065
0.012719
0.212705
0.121421
0.186590
0.054763
-0.114724
-0.274435
-0.261257
-0.015813
0.090311
0.210364
0.184206
0.139155
-0.108190
-0.173418
-0.256705
-0.109307
0.125810
0.283413
0.091050
0.007191
-0.090516
-0.174029
-0.039163
0.034898
0.105918
0.057388
0.049697
-0.065141
-0.035124
-0.122251
-0.010169
-0.071344
0.047391
0.163054
0.141071
0.052834
-0.144838
-0.093499
-0.093759
-0.005919
0.009943
0.125481
0.100952
-0.028590
-0.056609
-0.047749
0.019017
0.045850
-0.116048
-0.058732
-0.006346
0.256419
0.147601
-0.159063
-0.184068
-0.089519
0.173978
0.092890
0.155597
-0.176154
-0.251933
-0.182262
0.127190
0.402023
0.212261
-0.062781
-0.306300
-0.171650
-0.138944
0.145090
0.132609
0.207524
0.011866
-0.054645
-0.061374
-0.157639
-0.098310
-0.032116
0.263991
0.173094
0.087416
-0.247626
-0.182220
-0.100343
0.085913
0.191204
0.168476
-0.064620
-0.212339
-0.098187
0.102887
0.170418
-0.023665
-0.076713
-0.160070
0.092001
0.039309
0.131717
-0.013165
-0.122742
-0.070336
0.029365
0.114716
0.022139
-0.031815
-0.101672
-0.052401
0.030975
0.159145
0.098601
-0.054930
-0.119860
-0.155837
0.083569
0.089449
0.046942
-0.054751
-0.077435
0.027421
-0.093371
0.078446
0.027002
0.194099
-0.136664
-0.187900
-0.086453
-0.020645
0.100187
0.184320
0.305963
0.034853
-0.158159
-0.378897
-0.131925
0.010823
0.094935
-0.024639
0.084287
0.158495
0.077518
-0.030664
-0.208157
-0.098740
0.025267
0.139828
0.071788
0.054681
-0.003173
-0.148267
-0.130448
-0.069822
0.094948
0.209377
0.062499
-0.036249
-0.100931
-0.060719
-0.043089
0.006502
0.027762
0.110597
0.078095
-0.075600
-0.177717
-0.016309
0.106896
0.016175
0.075513
0.055658
0.030461
-0.136441
-0.113480
-0.069516
0.018950
0.032553
0.087031
0.117803
0.028867
-0.068247
-0.208633
-0.079669
0.031868
0.162894
0.096214
0.088433
-0.080389
-0.082224
0.005917
-0.011741
0.001622
-0.007261
0.065685
-0.023854
-0.033403
-0.141894
0.003400
0.111162
0.170464
0.052499
-0.045088
-0.153188
-0.140075
-0.039399
0.002368
0.133015
0.097022
0.148853
-0.027949
-0.078365
-0.195105
-0.099485
0.032406
0.203327
0.076267
-0.046012
-0.095045
-0.077581
0.066641
0.134086
0.086605
-0.189440
-0.013562
-0.082732
0.029618
-0.003836
0.113418
0.110882
-0.007508
-0.069566
-0.182046
-0.047432
0.026853
0.098527
0.055536
0.033121
0.007556
0.022252
-0.117126
-0.082807
-0.051611
0.090022
0.120901
-0.016740
-0.020419
-0.003466
0.001144
-0.014002
0.009499
0.057899
-0.030562
-0.090971
-0.031416
0.028943
0.068770
-0.009990
-0.046586
-0.042778
0.128532
0.055374
-0.039668
-0.142434
-0.132626
0.124068
0.139328
0.104460
-0.095471
-0.126710
0.004138
-0.005324
0.026419
0.042354
0.148417
0.013221
-0.193883
-0.030466
0.020635
-0.030754
-0.099823
0.109144
0.236962
0.114827
-0.070134
-0.306062
-0.148048
0.048622
0.164188
0.104833
0.030900
-0.082407
-0.060323
0.044068
0.052873
0.090992
-0.090444
-0.177451
-0.059503
0.121565
0.102510
0.024787
0.027346
-0.053233
-0.066116
-0.022594
-0.055034
-0.009799
0.083709
0.154777
0.080579
-0.083017
-0.129636
-0.120201
0.014610
0.003762
0.102777
0.159779
0.006031
-0.086678
-0.167071
-0.020334
0.046980
0.115684
0.032703
0.026125
-0.010987
-0.114757
-0.029162
0.002825
0.099769
0.005211
0.053511
-0.054216
-0.065857
0.016931
-0.051274
0.021764
0.013663
0.103555
0.034966
0.044368
-0.076014
-0.178757
-0.077607
0.089122
0.219898
0.107585
-0.036014
-0.243788
-0.173251
-0.026911
0.202053
0.218968
0.144138
-0.154171
-0.250865
-0.072083
0.061841
0.124555
0.089661
0.029612
-0.121631
-0.005790
-0.070761
0.025977
0.000395
0.060369
0.021470
-0.026838
-0.027330
-0.052986
-0.028703
-0.023452
0.023910
0.073393
0.065951
-0.026872
-0.074644
-0.098266
0.069143
0.036446
0.043845
-0.073852
-0.066758
-0.021555
0.045469
0.080254
0.010740
0.017768
-0.020262
-0.000878
-0.007216
-0.076743
-0.096307
-0.043972
0.061564
0.102588
0.086717
0.002708
-0.096066
-0.083369
-0.071435
0.037672
0.050296
0.093776
0.055864
-0.048914
-0.141608
-0.041090
0.055377
0.059789
0.048401
-0.002383
-0.106033
-0.072009
0.052874
0.074868
0.066296
-0.038428
-0.080103
-0.143382
0.020741
0.112423
0.128537
-0.009061
-0.131114
-0.112821
-0.029561
0.094206
0.075072
0.088174
0.013015
-0.082704
-0.087843
-0.015105
-0.008422
0.018410
0.092421
0.071372
-0.009535
-0.099693
-0.125969
-0.063990
0.067490
0.085868
0.024207
-0.019408
-0.043115
0.027980
0.024378
0.028921
-0.024020
-0.035057
-0.058360
-0.015182
0.001583
0.032724
0.034721
-0.001661
0.023420
-0.016863
0.028214
-0.047378
-0.028946
-0.059913
0.037790
0.056111
0.044846
0.039192
-0.028729
-0.051771
-0.095745
-0.010083
0.086800
0.077896
-0.057029
-0.022204
-0.013833
0.036287
0.029164
0.012962
-0.014478
-0.032612
0.030105
0.028367
0.006977
-0.087959
-0.046918
0.039866
0.112305
0.033973
-0.050721
-0.051802
-0.078329
0.008691
0.041303
0.059102
0.009634
-0.048961
-0.039206
0.000011
0.095990
0.033361
-0.060351
-0.030065
-0.041366
0.043450
0.023236
-0.014216
0.010008
-0.040673
0.092361
0.002106
-0.077173
-0.066481
0.056934
0.095083
-0.045282
-0.010483
-0.039043
-0.042001
-0.067775
0.092895
0.134107
0.020977
-0.095778
-0.136817
-0.026910
0.040859
0.165787
0.067436
-0.027588
-0.142775
-0.096222
0.068201
0.045155
-0.003104
-0.022616
0.056389
0.067079
-0.004637
-0.127299
-0.084462
0.028411
0.106568
0.092056
-0.007566
-0.099908
-0.114353
-0.020818
0.026979
0.069070
-0.019236
-0.022392
0.047307
0.000784
0.028672
0.019303
-0.014477
-0.007951
-0.015809
-0.005500
-0.025421
-0.013905
-0.015268
0.010329
0.077305
0.013667
0.018115
0.041586
-0.062817
-0.137347
-0.022634
0.073170
0.067654
-0.003290
-0.068291
-0.017403
0.016644
0.015172
-0.009323
-0.019535
-0.056617
-0.008090
0.051417
0.129250
0.069037
-0.071803
-0.121294
-0.092822
-0.023150
0.062518
0.107268
0.064466
0.025882
-0.098372
-0.070610
-0.039508
0.015410
-0.012125
0.039939
0.101590
0.061221
-0.010369
-0.111376
-0.087453
-0.016432
0.097425
0.051293
0.060719
-0.041154
-0.091402
-0.048471
0.035381
0.065833
-0.037686
0.013069
0.000450
0.013089
-0.038800
-0.034910
0.041889
0.045019
0.003839
-0.023651
0.025103
-0.004599
-0.042836
-0.091386
0.011335
0.074867
0.085435
-0.025057
-0.004679
0.013692
-0.033745
-0.046535
-0.074469
0.098978
0.005520
0.074981
-0.000996
0.000428
-0.058427
-0.092726
-0.015383
0.026746
0.141812
-0.003048
-0.044319
-0.104575
-0.000175
0.043636
0.057863
-0.019778
-0.039175
-0.016532
0.030118
0.022680
-0.035421
-0.000622
0.032957
0.008954
-0.079703
-0.075945
-0.019075
0.153872
0.131705
0.002857
-0.116074
-0.095218
-0.076297
-0.003259
0.081332
0.142318
0.050212
0.009440
-0.035826
-0.116020
-0.092245
-0.049179
0.158896
0.096279
-0.004091
-0.135058
-0.066826
0.052683
0.070516
0.044253
0.001640
0.007112
-0.044054
-0.087839
-0.091542
0.075815
0.116891
0.069653
-0.015907
-0.028284
-0.040166
-0.123285
-0.036094
0.065227
0.175406
0.030843
-0.092731
-0.053848
-0.066001
0.011764
0.011181
0.043485
0.088409
0.078947
-0.052188
-0.154158
-0.080561
0.004631
0.127449
0.163208
0.021447
-0.143686
-0.179915
-0.101980
0.063593
0.252383
0.156387
0.012026
-0.151129
-0.183796
-0.102231
0.020675
0.168015
0.085272
0.009956
-0.072785
-0.002301
0.053812
0.022548
-0.106603
-0.075721
0.063698
0.043665
0.013275
-0.051142
-0.030059
0.000116
0.069679
0.040036
0.021400
0.031428
-0.119925
-0.159450
-0.002833
0.082858
0.077180
0.167249
0.020214
-0.124871
0.092797
0.053396
-0.068797
-0.161141
-0.166922
-0.056417
0.093048
0.239335
0.227645
0.171084
-0.194114
-0.328124
-0.297719
-0.026722
0.317760
0.360773
0.099093
-0.268045
-0.229856
-0.036509
0.104690
0.031502
0.019200
0.062194
0.104074
0.002797
-0.197317
-0.213193
-0.006305
0.236986
0.273436
0.003137
-0.158088
-0.182079
-0.059609
0.053468
0.068325
0.105921
0.043812
-0.003873
-0.114213
-0.124922
-0.093805
0.109350
0.108617
0.130414
-0.002405
-0.099397
-0.117023
-0.130111
0.045990
0.116123
0.131337
0.048009
0.015314
-0.150548
-0.108555
-0.103409
0.071633
0.088185
0.096672
0.056575
-0.080352
-0.087262
-0.120440
0.066754
-0.012828
0.024816
0.023865
0.089382
0.062025
-0.072700
-0.094764
-0.091546
-0.002406
0.027837
0.059010
0.046753
0.046372
-0.031998
-0.059666
-0.062093
-0.007213
0.021654
-0.000762
0.029102
0.031774
0.022103
-0.054100
-0.049656
0.001173
0.018544
0.053284
-0.032048
-0.021606
0.004760
-0.014813
0.010774
0.012370
0.010528
-0.001942
0.018411
-0.013142
-0.000200
-0.053118
-0.048784
-0.007294
-0.024467
0.056574
0.111914
0.037157
-0.096444
-0.110341
-0.002216
0.086038
0.024902
-0.049701
0.002664
0.016897
0.011513
-0.049601
-0.050707
0.061876
0.046876
-0.008317
-0.016525
0.019404
-0.010761
-0.045347
-0.049974
-0.005514
0.051053
0.091289
0.049263
-0.037773
-0.086956
-0.116306
-0.000486
0.045665
0.065341
0.063543
0.043680
-0.025225
-0.119337
-0.097081
-0.022721
0.075514
0.103886
0.089340
-0.007998
-0.046464
-0.069581
-0.081724
-0.014717
-0.003159
0.054445
0.064184
0.074278
0.025207
-0.077820
-0.109375
-0.064925
0.047996
0.077645
0.070846
-0.001339
-0.018822
-0.056599
-0.017513
-0.078642
-0.013240
0.089797
0.101497
0.047967
-0.131011
-0.084051
-0.058531
0.078018
0.039576
0.093737
0.045503
-0.023786
-0.096863
-0.101853
-0.003313
0.009009
0.142762
0.080086
0.034903
-0.092273
-0.111452
-0.058087
0.032337
0.076645
0.059801
0.033135
-0.042808
-0.056994
-0.025835
-0.030023
0.031806
0.082785
0.031618
-0.032536
-0.068325
-0.006605
0.011985
0.001569
-0.036411
0.058581
0.082364
0.003984
-0.063164
-0.088949
-0.009603
0.021771
0.028997
0.023747
0.014087
0.009843
-0.006210
0.026725
-0.036567
-0.050579
-0.001262
0.025173
0.066894
-0.007042
-0.070857
-0.073686
0.025312
0.007219
0.081387
0.026484
-0.066647
-0.000067
0.043803
0.032917
-0.080370
-0.046130
-0.012132
0.087207
0.060279
-0.047620
-0.048738
-0.016425
0.017928
0.024306
0.037721
0.028254
-0.029653
-0.044120
-0.037587
0.002666
0.040220
0.039250
0.015518
-0.012492
-0.057276
-0.010397
0.055083
-0.015167
0.009936
0.039741
0.020671
-0.064446
-0.069930
-0.055094
0.038098
0.066202
0.098769
0.043163
-0.071258
-0.091137
-0.083079
0.089821
0.024339
0.023280
-0.069471
0.000771
0.048332
-0.045032
0.027911
-0.036203
0.029869
0.016287
0.021674
-0.029632
-0.057522
-0.025754
0.002604
0.057208
0.023186
0.022108
-0.005302
0.064525
-0.042296
-0.132678
-0.096283
0.020289
0.122345
0.119868
0.074617
-0.078039
-0.096713
-0.133493
-0.010666
0.057981
0.091336
0.032176
-0.004841
0.028475
-0.015787
-0.027964
-0.124241
-0.000797
0.050980
0.119529
0.055781
-0.071551
-0.098435
-0.072175
-0.012005
0.082757
0.088589
0.022707
-0.012850
-0.170381
-0.014025
0.108516
0.082956
-0.057487
-0.055090
0.052650
0.020876
-0.044912
-0.112319
0.006786
0.125907
0.122532
-0.023538
-0.124234
-0.093376
-0.020005
0.054212
0.053539
0.035198
0.052597
0.016326
0.006835
-0.026253
-0.079764
-0.096108
-0.012318
0.043383
0.059628
0.080023
0.039535
-0.026101
-0.142356
-0.083159
0.010969
0.126501
0.097618
-0.001524
-0.041418
-0.081845
-0.039990
-0.040097
-0.008322
0.044438
0.105877
0.058875
0.004205
-0.067611
-0.109001
-0.064436
0.016128
0.147294
0.103129
-0.026261
-0.087327
-0.050184
0.019450
-0.024362
-0.031706
-0.013973
0.066039
0.105283
-0.006165
-0.053348
-0.089013
-0.048213
0.012723
0.062129
0.041123
0.004384
0.011433
0.013313
0.012255
-0.055067
-0.102362
-0.031365
0.094273
0.100655
0.016588
-0.049215
-0.030771
0.006728
0.021953
-0.065240
-0.032952
0.062185
0.067205
0.068558
-0.023849
-0.080404
-0.094162
-0.009219
0.045635
0.041534
-0.000189
-0.030254
0.044834
0.081667
-0.004273
-0.071045
-0.084303
-0.031113
-0.002558
0.038633
0.110918
0.022417
-0.061214
-0.145452
-0.031397
0.093332
0.109738
0.032335
-0.014129
0.004940
0.000581
-0.029541
-0.140429
-0.061252
0.041133
0.152744
0.118418
0.002918
-0.090699
-0.139910
-0.058389
0.022533
0.086717
0.046334
-0.019980
-0.022255
0.009620
0.026270
0.035156
0.005898
-0.055293
-0.093108
-0.031012
0.046021
0.084920
0.071253
-0.024777
-0.075179
-0.077327
-0.021968
0.049297
0.040650
-0.006414
-0.057188
0.041194
0.068559
0.003686
-0.047051
-0.086574
-0.012373
0.027622
0.077977
0.015288
-0.023544
-0.073315
-0.051861
0.063050
0.055455
0.036949
-0.034206
0.028112
0.031905
0.000691
-0.113220
-0.171724
-0.035576
0.122804
0.243805
0.100098
-0.090718
-0.218421
-0.115288
0.015735
0.067221
0.032090
0.035245
0.076331
0.053907
-0.039677
-0.156736
-0.110191
-0.008419
0.129498
0.087835
0.053615
-0.016006
-0.043361
-0.012244
-0.043235
-0.068946
-0.054535
0.052632
0.105533
0.060458
-0.025099
-0.075241
-0.020193
0.009995
-0.008615
0.015897
-0.018545
0.038721
0.035812
-0.014677
-0.074313
-0.047341
0.009115
0.065312
0.037025
-0.006477
0.013768
-0.029079
-0.010704
-0.080998
-0.019460
0.025322
0.064084
0.026081
-0.066512
-0.076072
-0.000733
0.111568
0.077275
0.036253
-0.086279
-0.074784
-0.004217
-0.019280
-0.055867
-0.043518
0.121291
0.143470
0.027083
-0.118547
-0.123512
-0.026496
0.041102
0.103556
0.049752
-0.010341
-0.085132
-0.091547
0.012760
0.094717
0.059640
-0.007935
-0.049160
-0.024834
0.014305
-0.019362
-0.057386
-0.017103
0.047230
0.060594
0.050564
-0.033623
-0.040129
-0.009075
0.002919
0.009778
-0.002678
-0.009216
-0.027575
-0.005174
0.023789
0.054341
0.046961
-0.018841
-0.050138
-0.030240
0.000225
0.023188
0.010210
-0.043397
-0.027850
0.055091
0.075881
0.022319
-0.034015
-0.061016
-0.011758
0.010562
-0.020589
-0.011034
0.017953
0.035999
0.030436
-0.009795
-0.028651
-0.016406
-0.009794
0.017397
-0.006534
-0.017648
0.000339
0.019356
0.015428
0.008792
-0.015390
0.004283
-0.001954
-0.004061
-0.011935
-0.036133
0.013505
0.026955
0.071476
-0.029277
-0.077370
-0.044534
0.026352
0.047023
0.001544
-0.012460
0.006803
0.052354
-0.003442
-0.038801
-0.070925
-0.041834
0.032913
0.093459
0.031298
-0.016059
-0.050511
-0.054431
-0.003426
0.059928
0.059811
0.011592
-0.053714
-0.084681
-0.013263
0.021672
0.066752
-0.022943
-0.027050
-0.000719
0.076515
0.046859
-0.077726
-0.092649
-0.073098
0.059472
0.124436
0.106832
-0.056879
-0.132026
-0.084289
0.020534
0.080450
0.064213
0.011960
-0.032993
-0.032213
-0.011428
0.028553
-0.036640
-0.039065
0.039264
0.115186
0.013966
-0.096293
-0.101347
-0.017127
0.082447
0.079768
0.050567
-0.012456
-0.033384
-0.074818
-0.035784
0.013182
0.059912
0.041569
-0.059936
-0.036121
-0.019218
0.008788
0.004455
-0.002348
0.037875
0.046465
0.027580
-0.020739
-0.063043
-0.044824
0.019167
0.059005
0.076202
-0.031076
-0.092717
-0.062010
0.032036
0.079782
0.024592
-0.008845
-0.016278
0.056740
0.000093
-0.091896
-0.104658
0.007131
0.102016
0.073845
-0.006093
-0.062507
-0.043516
0.011195
0.038329
-0.005076
-0.030421
-0.054558
0.044064
0.078783
0.006425
-0.077062
-0.061252
0.031612
0.071123
0.045814
-0.066255
-0.066932
0.020280
0.058008
0.016210
-0.035527
-0.029967
0.027592
0.018317
0.011029
-0.015817
-0.079712
-0.016779
0.066765
0.087072
0.011472
-0.035197
-0.038027
-0.044468
0.006266
0.019637
0.006164
-0.010410
0.020689
0.015201
-0.011136
-0.008033
0.010715
0.007737
-0.014675
-0.010147
-0.014880
0.004276
-0.007027
0.004207
-0.017105
0.020556
0.050869
0.017462
-0.048234
-0.075695
-0.006815
0.042362
0.044492
-0.002737
-0.040692
-0.069334
0.035931
0.094262
0.045471
-0.065700
-0.090037
-0.023481
0.009177
0.042311
0.020839
0.014182
-0.013231
0.005190
-0.010314
-0.018112
0.002051
0.005094
-0.001518
0.006079
0.019723
-0.019211
-0.025312
-0.032941
0.003304
0.021587
0.041323
0.018536
-0.010747
-0.009941
-0.032709
0.003994
-0.001565
0.016089
-0.004239
-0.020103
0.015258
0.018421
