0.032878
0.018154
-0.020425
-0.016732
0.015300
0.003279
0.005075
0.006735
0.000558
-0.015060
-0.012519
0.006228
-0.013938
-0.001583
0.018555
0.006623
0.012272
0.020667
-0.015287
-0.040214
-0.032316
-0.012844
0.002854
0.053656
0.008453
-0.012519
0.007693
0.009870
0.028571
0.013872
0.077363
0.016685
-0.050561
-0.116696
-0.090662
-0.052119
0.045838
0.159223
0.105380
0.053797
-0.061921
-0.126160
-0.158629
0.026750
0.153878
0.120731
0.049532
-0.034297
-0.073218
-0.106954
-0.063436
-0.019403
0.090653
0.127093
0.056978
-0.052278
-0.094172
-0.074642
-0.017627
0.027527
0.037933
0.064557
0.047418
0.010140
-0.048718
-0.062163
-0.058524
-0.005824
0.062937
0.038837
-0.015189
-0.045774
-0.006364
0.039365
0.036954
-0.001510
-0.063526
-0.069917
0.006852
0.058391
0.039833
-0.002479
-0.022603
0.008823
0.015980
-0.002317
-0.036560
-0.040325
-0.006194
0.014799
0.025196
-0.001632
-0.018970
-0.006194
0.020725
0.024377
-0.025662
-0.024873
-0.033441
-0.022888
0.050060
0.014421
-0.013955
0.030617
0.064052
0.017398
-0.033912
-0.056021
-0.070913
0.041901
0.075358
0.015005
0.005172
0.033398
0.020829
-0.048475
-0.082848
-0.074380
-0.032088
0.034805
0.099071
0.077895
0.031719
-0.082528
-0.102054
-0.027016
0.069489
0.063898
-0.024216
-0.038572
-0.019828
0.037111
0.007131
-0.035190
-0.068886
-0.024085
0.036773
0.073542
0.041866
-0.033777
-0.085783
-0.028951
0.036324
0.051949
-0.015472
-0.064889
-0.024655
0.027991
0.060584
-0.023623
-0.027168
-0.024728
0.040819
0.006968
-0.011394
-0.038019
-0.032935
0.000973
0.014356
0.070603
0.020013
-0.016303
-0.069073
-0.022705
0.026525
0.023254
-0.014761
0.020202
0.032531
-0.003248
-0.082447
-0.071272
-0.021446
0.043982
0.073627
0.003558
0.038177
0.002201
-0.031095
-0.051703
-0.006255
-0.017308
-0.011124
0.006004
0.011284
0.022189
0.006475
-0.014647
-0.001297
-0.006488
-0.025648
0.003560
-0.034848
0.031865
0.021619
0.047296
0.004002
0.002500
0.003002
-0.054832
-0.008487
-0.021801
0.015657
0.006231
-0.002058
0.001699
0.004966
0.014551
0.054095
0.026446
0.000522
-0.047804
-0.058503
-0.034000
-0.029555
0.051015
0.067426
0.049065
-0.028253
-0.059946
-0.038919
0.018844
0.066365
0.025243
-0.007700
-0.021869
-0.044039
-0.058062
-0.007259
0.037088
0.055064
0.076484
0.039188
-0.042305
-0.107598
-0.044839
0.000688
0.043677
0.072828
-0.009569
-0.023008
-0.037359
0.020702
0.047636
0.004233
-0.045163
-0.019821
0.038872
0.013065
0.003247
-0.023003
-0.017160
-0.009268
-0.004845
-0.010944
0.048184
0.042105
-0.018762
-0.018675
-0.008892
0.017269
0.019294
-0.004296
-0.031153
0.001796
0.013981
-0.002002
-0.011828
-0.022445
-0.024228
0.037473
0.077247
0.012454
-0.040180
-0.030789
-0.010663
-0.011511
-0.003122
0.003866
0.028310
0.025804
0.009364
-0.000146
-0.048205
-0.045334
0.033903
0.061485
-0.004868
-0.049867
-0.037693
0.032527
0.043669
-0.007327
-0.008409
0.038104
0.000305
-0.069255
-0.026992
-0.025670
0.019835
0.083654
0.063192
-0.020251
-0.061239
-0.023825
-0.017865
0.005416
-0.028143
-0.039397
0.021854
0.077769
0.095107
-0.014043
-0.048108
-0.019516
-0.044545
-0.030093
-0.024332
-0.017742
0.036751
0.029086
0.037948
0.039690
-0.023554
0.008587
-0.043572
-0.011284
0.044170
0.065637
0.005143
-0.127854
-0.044186
-0.014029
0.021217
0.042178
0.053776
0.047121
0.007341
-0.033508
-0.107569
-0.013967
0.005210
-0.014720
0.063784
0.061383
0.027840
-0.070198
-0.108630
-0.050471
0.048951
0.097626
0.031473
-0.006605
-0.003867
-0.014246
-0.021724
0.023696
-0.045768
-0.068974
-0.023003
0.013348
0.044822
0.037148
0.044402
0.001708
-0.016797
-0.041780
-0.019134
-0.032811
-0.020113
0.036915
0.059542
0.039406
-0.060320
-0.088401
-0.038806
0.031688
0.018327
0.008954
0.029024
0.012910
-0.052777
0.008709
0.042458
0.015392
0.084715
0.040815
-0.083787
-0.102979
0.020752
0.030267
0.006493
-0.019943
-0.014706
0.018813
-0.017368
-0.045553
0.002669
0.108336
0.102640
-0.040218
-0.149058
-0.057326
-0.016544
0.040418
0.062089
0.052625
0.066147
-0.032581
-0.089112
-0.079977
0.038629
0.033425
-0.015207
-0.004741
0.002350
0.029202
0.042521
-0.006310
-0.088723
-0.053741
0.060216
0.075040
0.009829
0.007679
-0.012908
-0.056794
-0.072788
-0.032810
-0.048165
0.018168
0.136481
0.184494
0.104994
-0.150065
-0.219568
-0.149276
0.025605
0.110356
0.094019
0.080572
-0.007202
-0.043232
-0.144734
-0.084886
0.066864
0.095110
0.062369
0.046167
0.018498
-0.005690
-0.099017
-0.135800
0.034927
0.106692
-0.009641
-0.034772
0.062318
-0.031778
0.002469
0.004745
-0.021369
0.036345
-0.028306
-0.047849
-0.091714
0.021917
0.058793
0.080484
0.077675
-0.043582
-0.055506
-0.138103
-0.014252
0.053376
0.114977
0.050729
-0.058751
-0.059160
-0.036170
0.075092
-0.075252
0.008401
0.083213
0.034908
-0.096978
-0.112768
0.036660
0.057959
0.035091
-0.072485
0.023601
0.102265
0.059531
-0.141222
-0.189877
0.029951
0.124615
0.120187
-0.012679
-0.004400
-0.059827
-0.094040
-0.027533
-0.028143
0.054766
0.025447
0.076298
0.122358
0.002977
-0.156167
-0.111534
-0.018225
0.036066
0.076068
0.020363
0.072596
-0.015770
-0.095625
-0.007309
0.007224
0.068021
0.001685
-0.014960
-0.020899
-0.055330
-0.022751
-0.017726
0.103021
-0.041729
0.006991
0.029485
-0.002084
0.052881
0.061298
0.084153
-0.102762
-0.148293
-0.125737
0.008090
0.001981
0.031939
0.217615
0.206659
0.040186
-0.149050
-0.234219
-0.213781
-0.085177
0.147723
0.234600
0.225697
0.072726
-0.158957
-0.223502
-0.189900
0.052483
0.162247
0.142520
0.006832
-0.073555
-0.006032
0.046643
-0.004958
-0.092730
-0.071969
0.042684
0.084102
-0.024921
0.043720
0.018074
-0.074617
-0.085425
0.035200
0.158716
0.052280
-0.144955
-0.159793
-0.012929
0.079816
0.110799
0.092673
0.113585
-0.007403
-0.052892
-0.098035
-0.121284
-0.120853
-0.020927
0.164549
0.165471
0.183152
-0.053005
-0.184724
-0.211649
-0.024470
0.147700
0.148699
0.092353
-0.091203
-0.153500
-0.086779
0.050898
0.091736
0.120974
0.068579
-0.024249
-0.174606
-0.149533
-0.001769
0.109413
0.020541
0.056314
0.062465
0.029816
0.014076
-0.112600
-0.110956
-0.024533
0.068431
0.037972
0.060054
-0.081291
-0.036591
0.053650
0.037533
0.028164
-0.035974
-0.055829
-0.068739
0.017128
0.047718
-0.007637
0.053457
-0.032210
0.031341
0.087234
-0.037928
-0.083427
-0.179122
-0.016105
0.018129
0.168519
0.139446
0.040993
0.006867
-0.126400
0.032795
-0.113033
-0.053232
0.011225
0.025702
0.065601
-0.012462
0.046987
-0.040417
-0.066540
-0.012726
0.049935
0.142000
0.021831
-0.127394
-0.082253
-0.105583
0.075409
0.064013
0.106693
-0.061882
-0.078070
0.122742
-0.068441
-0.020912
-0.045674
0.031490
0.005926
-0.065199
0.005482
0.044679
0.037262
0.067166
-0.072526
0.023174
-0.026958
-0.057399
-0.024344
-0.165561
0.112841
0.081326
0.108134
-0.025290
-0.016558
0.044098
-0.176096
-0.102871
-0.055680
0.149091
0.036878
-0.008102
0.068726
0.053492
-0.002536
-0.096617
0.019453
-0.007595
0.050576
-0.036614
0.044492
0.050876
-0.025712
-0.162282
-0.120331
0.054795
0.233603
0.179381
-0.167599
-0.123838
-0.124320
0.219218
0.055296
-0.077521
-0.104395
-0.036982
0.165345
-0.068906
-0.002953
-0.073961
0.042247
0.111024
0.000707
0.043491
-0.082631
-0.103869
-0.034891
0.038978
0.140576
-0.029392
0.027185
-0.096257
-0.034076
0.040340
-0.078011
0.008931
0.056527
0.116452
0.091963
-0.031071
-0.123448
-0.127508
-0.092265
0.146603
-0.095320
0.223993
-0.052777
-0.163578
-0.021019
-0.049526
0.302857
0.094613
0.133074
-0.230833
-0.285299
-0.194039
-0.053537
0.320333
0.362335
0.100633
-0.118399
-0.219016
-0.138653
-0.100875
0.053714
0.087401
0.052266
-0.045585
-0.055487
0.039142
0.085367
0.112770
-0.254496
-0.099758
0.112822
0.295488
0.041017
-0.291623
-0.257155
0.056027
0.164087
0.068279
-0.085819
0.094303
0.205589
-0.037361
-0.089038
-0.287038
-0.026084
-0.062756
0.200798
0.208513
0.005703
-0.112590
-0.259048
-0.000641
0.085717
0.076857
0.001007
0.025082
0.107129
0.085161
-0.099057
-0.189570
-0.091928
0.068647
0.147419
0.037312
-0.187678
-0.057511
-0.130268
0.138581
0.264385
0.236295
-0.041678
-0.346878
-0.179625
-0.133546
0.166700
0.097500
0.254553
0.107839
-0.078970
-0.251293
-0.266882
0.059443
0.126988
0.120049
0.084802
-0.074006
-0.116092
-0.015449
-0.012631
0.093203
0.097229
0.144505
-0.180135
-0.219439
-0.127334
0.082827
0.253918
0.050464
0.002222
-0.047828
-0.032477
-0.115928
-0.132470
-0.029233
0.112653
0.178394
0.162303
-0.027014
-0.131277
-0.199925
-0.065637
0.108127
0.033222
0.074669
-0.053343
0.044967
-0.090354
-0.079821
0.061175
-0.008879
0.099998
-0.013163
0.120192
0.018909
-0.190013
-0.142658
0.011853
0.061458
0.157949
0.033183
-0.050482
0.032100
0.045438
-0.022825
-0.223757
-0.008125
0.016664
0.104030
-0.070463
0.012036
0.121731
0.088457
0.005938
-0.079319
-0.106920
-0.032491
-0.043812
-0.209011
0.261323
0.090475
0.073755
-0.092702
0.054114
0.075255
-0.074791
-0.047994
-0.110739
-0.082934
-0.049861
0.190637
0.154158
0.262957
-0.196551
-0.324169
-0.211970
0.187778
0.171667
-0.029069
-0.037432
-0.013799
0.067904
0.099589
0.082276
-0.019595
0.033869
-0.150594
-0.015352
-0.098925
0.031010
-0.036364
0.105821
0.060013
0.012959
-0.029627
-0.148509
0.008674
0.004134
0.158411
-0.039126
0.031280
-0.010191
0.026163
-0.084613
-0.025300
-0.017831
0.068353
0.178965
-0.133285
-0.085756
-0.073320
0.180016
-0.038478
-0.062832
-0.051526
-0.013441
0.073595
-0.069362
0.111113
0.084216
0.084416
-0.193218
-0.139284
0.008217
0.010779
0.137114
0.198801
0.041496
-0.064592
-0.191693
-0.161847
-0.069021
0.061466
0.126292
0.138993
0.364933
-0.090370
-0.177984
-0.332586
0.063118
0.145605
-0.037505
-0.046634
-0.140992
0.186444
0.082901
0.242136
-0.048943
-0.088424
-0.198677
-0.115741
0.004804
0.054033
0.096547
0.000523
0.236781
-0.016057
-0.061527
-0.161102
-0.113260
0.007674
0.079972
0.058322
0.036055
0.027886
0.060979
-0.116102
-0.073485
-0.029579
-0.015729
0.173283
-0.096626
0.081475
-0.031399
-0.012817
-0.136243
0.134735
0.150775
-0.021534
0.011609
-0.155321
0.033673
-0.046052
0.005534
-0.077716
0.086352
0.148835
0.131871
-0.036759
-0.055856
-0.304338
-0.117987
0.104157
0.077842
0.186962
-0.007985
0.089372
-0.123331
-0.088302
-0.195684
0.075822
0.204706
0.060818
0.064602
-0.062766
-0.017794
-0.151740
-0.150537
0.001752
0.248459
0.117470
-0.043044
-0.040605
-0.044482
-0.076099
-0.061307
-0.032369
0.027468
0.125202
-0.003534
0.059096
-0.126383
-0.010328
0.010868
0.062845
0.137625
-0.145720
0.001847
-0.110478
0.125202
0.051617
-0.033281
-0.028680
-0.047910
0.092065
-0.069299
0.030504
-0.065518
0.020208
-0.009355
-0.115501
-0.026184
0.138196
0.183464
-0.016525
-0.179047
-0.176619
0.019677
0.058251
0.142780
0.060044
0.032617
-0.015010
-0.194772
-0.209927
-0.054379
0.202658
0.192762
0.045477
-0.138110
-0.138159
0.051217
-0.026425
-0.050956
0.086736
0.105700
0.093025
-0.107587
-0.065136
-0.125685
-0.017159
0.185860
0.039788
-0.059039
-0.050892
-0.001646
-0.129119
-0.086939
0.079462
0.234574
0.133029
-0.102548
-0.303672
-0.122418
0.091163
0.189004
0.178119
-0.020389
-0.165286
-0.170632
0.036094
0.001447
0.079764
0.030419
0.022827
0.109245
-0.073214
-0.199493
-0.146953
0.079157
0.100911
0.026528
0.037380
-0.016051
-0.090159
0.014044
0.293984
0.194536
-0.123895
-0.234101
-0.223264
-0.030166
0.093062
0.095393
0.176286
0.089819
-0.143608
-0.161336
-0.093359
-0.001240
0.139389
0.090004
0.045698
-0.019976
-0.101402
-0.048214
0.004546
0.049334
-0.024483
0.055363
-0.008357
-0.014047
-0.038316
-0.073532
0.070620
0.110314
0.046562
-0.104221
-0.026113
0.009376
0.028800
-0.154619
-0.057633
0.114572
0.140958
0.045102
-0.172866
-0.186357
0.015846
0.262399
0.213070
0.137447
-0.117815
-0.288847
-0.157163
0.015376
0.079919
0.076399
-0.004926
0.037216
0.103602
0.106630
-0.121380
-0.229389
-0.156368
0.072658
0.268736
0.057977
0.019108
-0.092240
-0.160971
-0.078477
0.017444
0.141162
0.166884
-0.091637
-0.087731
-0.080528
0.046143
0.058614
-0.056105
0.018345
-0.056537
0.093224
-0.081141
-0.001544
0.034176
0.066081
-0.044568
-0.156590
0.063473
0.142431
0.035546
-0.132858
-0.208976
-0.137875
0.158069
0.124735
0.245531
-0.042385
-0.019464
0.001030
0.055253
0.048613
-0.388794
-0.151004
-0.087468
0.249335
0.266938
0.073138
-0.023849
-0.190517
-0.058542
-0.112586
0.045741
0.015257
-0.102780
0.083431
0.065043
0.198502
0.031760
-0.195807
-0.160966
-0.028024
0.173917
0.053211
-0.004635
-0.085564
-0.098645
-0.003290
0.079668
0.087728
0.020215
-0.105897
-0.027594
0.079604
0.075908
0.002245
-0.193028
-0.089017
0.020205
0.169167
0.016402
-0.082047
-0.102143
0.073454
0.207139
-0.052679
-0.040928
-0.079393
0.036478
0.036432
0.094280
0.009270
-0.065124
-0.135078
-0.137724
0.076848
0.141205
0.160359
-0.013504
-0.037092
-0.111332
-0.101599
-0.039154
0.039705
0.058293
0.047752
0.071841
0.038747
-0.025429
-0.078167
-0.083572
-0.063152
0.095562
0.110247
0.051910
-0.145967
-0.115554
0.033240
0.115188
0.161628
-0.180912
-0.104884
0.065551
0.167474
0.235451
-0.084480
-0.116056
-0.200965
-0.040497
0.104002
-0.054638
-0.101104
-0.062424
0.334296
0.265900
-0.034391
-0.401656
-0.280621
0.129821
0.334684
0.201697
-0.201502
-0.140445
-0.093260
0.200276
0.041540
-0.019978
-0.046599
-0.055261
0.082629
-0.096432
-0.052102
-0.040175
0.048185
0.166603
0.083874
-0.076772
-0.123606
-0.073820
0.083269
0.074999
0.044415
-0.099787
-0.053763
0.023919
0.013400
0.019322
-0.016096
0.058698
0.129480
0.085012
-0.104663
-0.186307
-0.055433
0.148337
0.095096
-0.016821
-0.107158
-0.022399
0.060218
-0.033017
-0.037303
-0.008959
0.108558
0.037172
-0.042928
-0.005851
-0.028812
0.082997
-0.046463
-0.019150
-0.023714
-0.060927
-0.024477
-0.072960
0.183071
0.120354
-0.058759
-0.113315
-0.094955
0.112773
0.076200
-0.034139
-0.081000
-0.106598
0.096360
0.084621
0.073689
0.023122
-0.071429
-0.032121
-0.109389
-0.001795
0.036706
-0.022517
0.040930
0.028116
0.063590
0.039199
-0.116484
-0.064928
-0.062801
0.083128
0.094890
0.013146
0.048916
-0.076966
-0.026518
-0.042833
-0.009805
0.017298
-0.038517
-0.012209
-0.001399
0.083527
0.105782
-0.041965
-0.101530
-0.045742
0.009963
0.006950
0.022982
-0.023515
0.009627
0.112208
-0.029203
-0.077626
-0.078072
0.009870
0.095705
0.020952
-0.054119
-0.026441
0.061215
0.028073
-0.054304
-0.085803
-0.007460
0.127588
0.035031
0.017064
-0.009713
-0.112394
-0.016684
0.053156
0.025945
-0.094534
-0.009616
0.084559
0.104411
-0.074588
-0.082188
-0.007314
0.059223
0.050767
-0.011262
0.015079
-0.083445
0.014729
-0.060255
0.059064
0.015269
0.005282
0.036451
-0.027497
0.024435
-0.080045
0.034443
-0.012336
-0.038839
-0.020629
-0.010556
0.156635
0.083227
-0.060985
-0.165454
-0.119024
0.171748
0.055003
0.000553
-0.062268
0.010958
0.154674
-0.077938
-0.087471
-0.174860
0.128507
0.173527
0.018705
-0.049838
-0.172860
0.015500
-0.001472
0.079809
0.063886
-0.041375
0.022549
-0.010025
-0.002378
-0.036018
-0.118407
0.021195
0.064330
0.120559
-0.019683
-0.131075
-0.009307
-0.055735
0.107979
0.051612
0.003365
0.001797
-0.096444
0.029505
-0.024411
0.109879
-0.015185
-0.147947
-0.006338
-0.039596
0.132293
0.008908
-0.021997
0.000746
-0.031570
0.114309
-0.050072
-0.068770
-0.090513
-0.016766
0.134104
-0.006939
-0.037593
-0.041422
0.032849
0.107054
-0.045384
-0.090925
-0.112449
-0.004156
0.222252
0.082612
-0.005199
-0.199516
-0.137641
0.069122
0.035956
0.129847
-0.032434
0.012610
0.038748
-0.082084
-0.040531
-0.088019
0.030552
0.038940
-0.000701
0.065146
-0.029748
0.023271
0.002419
-0.051432
0.033686
-0.043835
-0.004200
0.007172
-0.033409
0.047609
-0.004602
0.076764
-0.010302
-0.139823
-0.080036
0.008462
0.204529
0.083192
-0.084565
-0.155422
-0.075889
0.093804
0.075535
0.032221
-0.010042
-0.025382
-0.011515
-0.069265
-0.079052
0.024664
0.071850
0.154983
0.006926
-0.142021
-0.126406
-0.006543
0.193703
0.076773
-0.042326
-0.145889
-0.094948
0.065923
0.073123
0.070200
0.002134
0.013350
0.004901
-0.099083
-0.109679
-0.039818
0.113237
0.138896
0.012678
-0.075475
-0.055081
-0.013784
-0.004784
0.004141
0.009896
0.064894
-0.016664
0.014682
-0.063313
-0.072722
0.017586
0.050772
0.152903
-0.082114
-0.159254
-0.123397
0.119733
0.249265
0.038880
-0.060077
-0.173874
-0.030332
0.096020
-0.007392
-0.051068
-0.047266
0.086623
0.075881
-0.034847
-0.048647
-0.043920
0.054296
0.032954
-0.043652
-0.026728
-0.037123
0.034792
0.093979
-0.020179
0.000016
-0.059384
0.025445
-0.030853
-0.092985
0.097864
0.046619
0.095637
-0.089312
-0.137536
-0.032461
0.026367
0.168094
0.057032
-0.035999
-0.087717
-0.108344
0.005106
0.000463
0.051945
0.149502
0.009917
0.040777
-0.079994
-0.209503
-0.086773
0.027657
0.219342
0.125239
-0.039963
-0.085334
-0.085310
-0.023097
0.015815
-0.023739
-0.009111
0.093646
0.045756
-0.010842
-0.064354
-0.070234
0.035838
0.079873
0.000981
-0.064319
-0.045806
-0.023706
0.101222
0.108458
-0.101138
-0.060209
-0.041364
0.005935
0.096952
-0.013295
0.020404
0.048213
0.055772
-0.127062
-0.098928
-0.040682
0.007407
0.164595
0.159158
0.000232
-0.236155
-0.105157
-0.041412
0.122975
0.038908
-0.040341
0.130994
0.071367
0.007900
-0.107881
-0.167250
-0.102060
0.103862
0.228676
0.151137
-0.168119
-0.308316
-0.051172
0.201419
0.264366
-0.040828
-0.133251
-0.125749
-0.004776
0.125244
0.002335
0.015024
-0.075309
0.047918
0.036335
0.027861
-0.004292
0.004659
-0.044215
-0.033672
-0.034614
-0.005625
0.169453
0.003464
0.024132
-0.168152
-0.060004
0.024521
0.024536
0.047126
0.010855
0.065287
-0.010466
0.060140
-0.007566
-0.158045
-0.137760
0.061406
0.234028
0.168340
-0.102412
-0.226142
-0.156176
0.042435
0.167291
0.186866
0.046540
-0.150344
-0.165751
-0.080144
0.068536
0.125045
0.126953
0.037310
-0.119354
-0.112990
-0.087408
0.026331
0.107145
0.112552
0.067838
-0.077700
-0.086601
-0.148688
-0.093477
0.145069
0.182320
0.076569
-0.062347
-0.118558
-0.073106
-0.070476
0.073985
0.093930
0.117347
0.067710
-0.128929
-0.120978
-0.168323
-0.064667
0.151272
0.204777
0.155853
-0.003032
-0.135064
-0.130981
-0.117546
-0.021941
0.107425
0.090001
0.045149
0.028094
-0.037476
-0.080014
-0.093170
-0.015258
0.145552
0.156941
-0.038228
-0.035895
-0.094538
-0.154429
-0.025935
0.089830
0.206259
0.076921
-0.097954
-0.165754
-0.037673
-0.014864
0.099671
0.141706
-0.027676
-0.071402
-0.128953
-0.033724
0.092230
0.117407
-0.014404
-0.058161
0.028778
-0.049307
-0.103804
0.008051
0.170962
0.175667
-0.038200
-0.232079
-0.148561
-0.024384
0.060190
0.111979
0.142042
0.141157
-0.063828
-0.160475
-0.188058
-0.072446
0.037545
0.165144
0.235136
0.075890
-0.046943
-0.250037
-0.304266
-0.059087
0.166598
0.291227
0.235445
-0.021987
-0.224735
-0.257080
-0.101101
0.093227
0.204255
0.160853
-0.010524
-0.219406
-0.213870
0.006455
0.196398
0.191199
0.057414
-0.107990
-0.149448
-0.099747
-0.020153
0.082362
0.069020
0.093389
0.053932
0.011169
-0.093320
-0.205055
-0.041117
0.136636
0.136673
0.046686
-0.071145
-0.074300
-0.088314
-0.089298
0.075917
0.157618
0.153679
-0.044503
-0.206807
-0.153493
-0.059128
0.073149
0.165784
0.204145
0.030475
-0.158037
-0.147678
-0.130444
-0.060242
0.129407
0.200330
0.233005
0.017696
-0.267885
-0.253822
-0.148465
0.102525
0.262100
0.175903
0.013391
-0.113053
-0.208343
-0.112915
-0.000608
0.049020
0.169674
0.206164
0.061233
-0.127200
-0.210211
-0.227918
-0.020042
0.219283
0.227870
0.144558
-0.105101
-0.231939
-0.117291
-0.101705
0.027104
0.115670
0.159416
0.202662
-0.005882
-0.220914
-0.222870
-0.102197
0.044459
0.195489
0.175101
0.059798
-0.011637
-0.145603
-0.156830
-0.059332
-0.017070
0.048066
0.102138
0.164372
0.125673
-0.100745
-0.263341
-0.145310
0.048058
0.204665
0.182961
-0.026414
-0.146558
-0.116661
-0.060891
0.032997
0.132945
0.044887
0.018501
-0.018936
-0.103370
-0.037007
-0.031252
-0.045713
0.094816
0.175459
0.081448
-0.059568
-0.190032
-0.180343
0.013616
0.114541
0.188947
0.162756
-0.090519
-0.247108
-0.150875
0.051508
0.155893
0.072190
-0.008852
0.063600
-0.004133
-0.101719
-0.150220
-0.059664
0.057146
0.152712
0.133112
0.035707
0.001472
-0.159922
-0.244392
-0.067032
0.120955
0.167520
0.169522
0.028747
-0.030724
-0.093994
-0.157194
-0.148651
0.028657
0.109086
0.081367
0.154785
0.067079
-0.067222
-0.197235
-0.224508
0.021769
0.184131
0.139145
0.050362
-0.015855
-0.036366
-0.091530
-0.040569
-0.047525
0.009275
0.067700
0.040483
0.034052
-0.026321
-0.034187
-0.067938
-0.067519
0.040806
0.015243
0.176460
0.094026
-0.031205
-0.162749
-0.292494
0.056034
0.159081
0.264403
0.015460
-0.196572
-0.130217
-0.070063
0.134847
0.142696
0.003544
-0.083867
-0.130906
-0.036342
0.100751
0.098876
0.074316
-0.127337
-0.091304
0.011863
0.074438
0.001870
-0.056371
0.090180
0.085345
0.033982
-0.135998
-0.113822
-0.033759
-0.001508
0.067600
0.112695
0.041765
-0.120842
-0.121721
-0.022450
0.133067
0.112728
0.057990
-0.049228
-0.080429
-0.094861
-0.116372
-0.007919
0.120261
0.224671
0.109326
-0.052190
-0.304645
-0.233085
-0.008503
0.226543
0.244978
0.093429
-0.023981
-0.168061
-0.131340
-0.099682
0.040652
0.052608
0.157070
0.044124
-0.042568
-0.068881
-0.066446
0.030854
0.030088
0.028720
-0.079156
-0.015076
0.056738
0.082085
-0.020870
-0.051409
-0.118477
-0.016866
0.104777
0.139761
0.010133
-0.108602
-0.119992
-0.080187
0.068077
0.109896
0.125451
0.006482
0.014128
-0.080106
-0.127115
-0.136442
0.019286
0.109900
0.142870
0.102994
-0.006413
-0.077003
-0.161113
-0.089888
-0.024154
0.191273
0.063930
0.031158
0.027318
-0.049700
-0.088042
-0.071994
0.022801
-0.027806
0.008359
0.038207
0.070705
0.031272
0.007001
-0.104227
-0.041564
0.006973
0.053914
0.026825
0.026722
0.073882
-0.074144
-0.047595
-0.035386
0.062454
-0.021860
-0.044220
0.010112
0.094071
0.094619
-0.107819
-0.152377
-0.042081
0.085238
0.078378
0.101794
0.050424
-0.006540
-0.044488
-0.073973
-0.144341
-0.141567
0.003688
0.178981
0.231301
0.102150
-0.091144
-0.203134
-0.129323
0.020376
0.141249
0.065399
0.014234
-0.016294
0.009797
-0.052859
-0.109026
-0.083226
-0.015687
0.085613
0.092719
0.142866
-0.005530
-0.001922
-0.093003
-0.106340
-0.027290
-0.000773
0.091837
0.123945
0.082528
-0.097835
-0.153543
-0.176910
-0.005753
0.139754
0.139592
0.014111
-0.031081
-0.033038
0.012582
0.018000
0.001799
0.033685
0.006581
0.005998
-0.030142
-0.065457
-0.078642
-0.127873
-0.014835
0.177268
0.161351
0.122467
-0.041900
-0.076090
-0.184331
-0.099701
-0.054680
0.085883
0.159981
0.082544
0.123942
-0.003062
-0.087920
-0.301040
-0.145982
-0.012510
0.164529
0.172640
0.119594
0.145740
-0.044565
-0.093100
-0.213846
-0.104851
-0.094940
0.007998
0.204285
0.180959
0.177502
-0.040314
-0.137363
-0.260479
-0.152049
0.049563
0.164400
0.155221
-0.059310
0.054864
0.059595
-0.002174
-0.081996
-0.130769
-0.150660
-0.144788
0.112102
0.291059
0.251383
0.037550
-0.196758
-0.181535
-0.099080
-0.039667
-0.001843
0.023819
0.129478
0.017010
0.057315
0.079142
-0.001615
-0.072872
-0.161511
0.012188
0.045027
0.041515
-0.001664
-0.043192
-0.106011
0.055301
0.158419
0.089022
-0.029109
-0.090933
-0.009795
-0.066854
-0.046275
-0.125946
-0.024939
0.040916
0.251005
0.164246
0.083144
-0.064095
-0.283925
-0.142649
-0.077589
0.163888
0.104923
0.116575
0.030933
-0.060245
-0.167618
-0.102150
0.085104
0.193584
0.062784
-0.164577
0.003813
-0.012619
0.088287
0.036405
0.021411
-0.128140
-0.166752
0.002667
0.047348
0.124965
0.049315
0.135980
-0.063716
-0.100066
-0.063448
-0.072617
0.039528
0.150039
0.200094
-0.057720
-0.210387
-0.209361
-0.070056
0.070005
0.203382
0.233244
0.126177
-0.148265
-0.326408
-0.241170
0.039744
0.259331
0.220531
0.124645
-0.060733
-0.104315
-0.259778
-0.215944
0.131538
0.268982
0.204294
0.027710
-0.071155
-0.184433
-0.241796
-0.074280
0.147725
0.179599
0.051484
0.012336
0.084992
-0.012715
-0.159991
-0.164847
-0.043780
0.082250
0.056771
0.056442
0.072415
0.014741
-0.086609
-0.126559
-0.003019
0.096736
0.054587
-0.022865
-0.071217
-0.022346
0.018548
0.038681
0.031173
0.011688
0.001360
-0.078059
-0.089823
-0.031590
0.045918
0.080773
0.048042
0.079608
0.050004
-0.099044
-0.225249
-0.150849
0.073021
0.169855
0.160072
0.091007
0.020554
-0.142402
-0.252279
-0.119432
0.061911
0.126629
0.103139
0.064012
0.009605
-0.042826
-0.085391
-0.046377
-0.024948
-0.008256
0.040910
0.059569
0.031985
-0.062567
-0.046502
0.030424
0.045414
0.018140
-0.005834
-0.068018
-0.102086
-0.021296
0.110858
0.176486
0.026801
-0.064368
-0.146942
-0.166564
-0.037966
0.113528
0.245654
0.120016
-0.029601
-0.091745
-0.147494
-0.176354
-0.165389
0.054535
0.267515
0.268516
0.141431
-0.082994
-0.234089
-0.275712
-0.140655
0.130210
0.238489
0.118772
-0.051808
-0.033406
0.063064
0.015392
-0.128250
-0.144539
-0.033232
0.055226
0.088737
0.074226
0.056806
0.010775
-0.030602
-0.043016
-0.057949
-0.105214
-0.063745
0.062515
0.153563
0.110246
-0.000542
-0.044489
-0.125826
-0.149682
-0.069129
0.086812
0.234740
0.133548
-0.046561
-0.101758
-0.103226
-0.116741
-0.091177
0.071007
0.189106
0.130616
-0.006282
-0.060126
-0.051389
-0.091066
-0.120807
-0.004171
0.138789
0.118878
-0.031209
-0.084369
-0.017389
0.030495
0.043891
-0.001985
-0.025644
-0.051842
-0.049763
0.018170
0.066622
0.013573
-0.023293
0.008608
0.034453
-0.001473
-0.105097
-0.092817
0.039374
0.112555
0.075550
0.012869
-0.044585
-0.070768
-0.070402
-0.014517
0.047215
0.031493
-0.013169
-0.016389
0.027983
0.039783
0.011308
-0.022341
-0.031530
-0.015905
-0.024413
-0.020369
-0.012442
0.019718
0.105146
0.099030
0.028753
-0.113199
-0.213495
-0.135285
0.034832
0.180441
0.167587
0.072025
-0.011019
-0.060353
-0.086047
-0.122427
-0.096446
-0.002769
0.100390
0.154325
0.064090
-0.025408
-0.062339
-0.082649
-0.052583
-0.011296
0.014589
0.011082
-0.007751
0.031281
0.074790
0.080636
0.014300
-0.078396
-0.117063
-0.112429
0.001471
0.085621
0.096287
0.056957
0.045667
0.013933
-0.067736
-0.119379
-0.114046
-0.012096
0.085575
0.112968
0.067070
0.005816
-0.026960
-0.020164
-0.007253
-0.053366
-0.082836
-0.043133
0.004058
0.088393
0.114127
0.073734
-0.006729
-0.086244
-0.107726
-0.080695
0.017341
0.071896
0.068679
0.016543
-0.003685
0.012830
0.009325
0.007717
-0.021792
-0.051826
-0.041608
-0.004010
0.002721
0.020291
0.038967
0.069207
0.061950
-0.014638
-0.071267
-0.091916
-0.047576
-0.015774
0.047716
0.126170
0.152928
0.092479
-0.066464
-0.226285
-0.253058
-0.069401
0.149925
0.245476
0.179427
0.016591
-0.110044
-0.145999
-0.117623
0.001792
0.088384
0.091865
0.027823
-0.050672
-0.041856
-0.023433
0.014684
0.061332
0.063273
0.025017
-0.080531
-0.117217
-0.045741
0.012668
0.098175
0.126051
0.104185
0.007879
-0.115238
-0.152967
-0.101296
0.020205
0.065926
0.074535
0.064394
0.064827
0.042202
-0.039040
-0.123574
-0.140411
-0.044627
0.067728
0.108600
0.072746
0.011995
-0.028625
-0.020726
-0.013908
-0.014454
-0.017990
-0.000996
0.017487
0.000898
-0.020493
-0.042110
-0.015841
0.036805
0.106786
0.086738
-0.014574
-0.089146
-0.124543
-0.073747
-0.030594
0.050175
0.124772
0.138571
0.080722
-0.034699
-0.104906
-0.164325
-0.139979
-0.021120
0.112873
0.157949
0.100127
0.036340
-0.030312
-0.114150
-0.135148
-0.049629
0.065410
0.101290
0.046053
-0.030699
-0.068944
-0.040778
-0.014485
0.032701
0.085721
0.057219
-0.018818
-0.089752
-0.108403
-0.080052
-0.033003
0.085920
0.172596
0.150257
0.030584
-0.110199
-0.156486
-0.142175
-0.065047
0.041844
0.138062
0.136283
0.089201
0.016845
-0.077555
-0.124338
-0.133737
-0.043572
0.072551
0.104743
0.067370
0.013824
-0.017366
-0.037770
-0.065234
-0.062186
-0.000403
0.072617
0.088945
0.039760
-0.047597
-0.087647
-0.089654
-0.044791
0.049258
0.120849
0.111884
0.024787
-0.027892
-0.067610
-0.103475
-0.102808
-0.046424
0.058978
0.114062
0.095943
0.054340
0.009912
-0.034725
-0.089417
-0.103663
-0.054399
0.010266
0.087277
0.113124
0.082704
0.026165
-0.050970
-0.095031
-0.093663
-0.026434
0.026912
0.051593
0.055540
0.028054
0.008075
-0.030295
-0.055815
-0.050862
-0.016451
0.027335
0.068173
0.054688
0.014585
-0.029058
-0.060507
-0.051939
-0.054036
-0.015510
0.036980
0.066819
0.087902
0.044327
-0.007858
-0.050023
-0.093374
-0.073470
-0.050142
0.001958
0.053042
0.072658
0.084003
0.060007
0.013855
-0.054028
-0.087643
-0.078162
-0.049985
-0.007586
0.046331
0.075479
0.062074
0.029893
-0.019917
-0.066952
-0.078410
-0.042872
0.009904
0.057338
0.071728
0.036301
-0.009016
-0.044053
-0.052370
-0.047615
-0.041102
-0.013659
0.035246
0.064313
0.060686
0.035391
0.011036
-0.021256
-0.071139
-0.080724
-0.048539
-0.010780
0.022645
0.046017
0.049028
0.056189
0.028699
-0.004969
-0.034521
-0.052795
-0.061265
-0.063013
-0.005827
0.039602
0.072569
0.064617
0.018183
-0.031548
-0.066405
-0.054604
-0.021094
0.014509
0.042911
0.050041
0.016234
-0.012075
-0.040038
-0.038813
-0.013950
-0.000406
-0.006017
-0.009778
0.013304
0.008884
0.004455
0.010988
0.026709
0.018092
-0.020594
-0.040384
-0.037125
-0.020070
0.004244
0.012527
0.022579
0.016653
0.004738
0.006035
-0.007273
0.002865
0.006103
-0.006375
-0.023246
-0.030597
-0.007858
0.011570
0.016106
0.019944
0.012526
