0.022645
0.027156
-0.003811
-0.026480
-0.022270
-0.033234
0.005107
0.011687
0.019297
0.018693
0.004330
-0.021598
-0.027816
-0.018708
-0.004213
0.040173
0.031757
0.019051
0.003508
-0.018203
-0.028737
-0.047056
-0.044052
0.013680
0.063545
0.049805
-0.001333
-0.050509
-0.055983
0.003254
0.033080
0.032045
0.009626
-0.016846
-0.008794
-0.005191
-0.014561
-0.023306
0.004205
0.007060
0.010669
0.015644
-0.006396
0.002575
0.014616
0.004054
-0.001800
-0.002427
-0.023140
-0.022955
-0.030445
-0.014268
0.033192
0.056427
0.032805
-0.032874
-0.042190
-0.036490
0.022510
0.048433
0.019889
0.000574
-0.060126
-0.052110
0.001484
0.027287
0.027800
0.030067
0.024608
-0.002473
-0.033360
-0.047883
-0.018091
0.028857
0.031105
0.021459
0.002994
-0.027484
-0.025440
-0.003932
0.017790
0.025336
0.022148
-0.005975
-0.017011
-0.029317
-0.037685
0.004700
0.053329
0.057884
0.005195
-0.052473
-0.060039
0.003189
0.041021
0.033379
0.011201
-0.037051
-0.050061
0.007304
0.040039
0.023783
-0.000995
-0.046701
-0.014537
0.043559
0.044876
0.017722
-0.041233
-0.054995
-0.011209
0.026407
-0.001421
-0.016766
0.001156
0.028609
0.054822
0.026708
-0.001967
-0.048834
-0.078786
-0.022266
0.038667
0.045530
0.046052
-0.009379
-0.040811
-0.012717
-0.003659
-0.007053
0.004523
-0.038064
-0.008618
0.061261
0.028722
0.023716
-0.015843
-0.025459
-0.015350
-0.009128
-0.000265
-0.014066
-0.045381
-0.019847
0.027407
0.066591
0.074109
-0.008688
-0.076417
-0.065196
-0.001242
0.036523
0.046064
0.000895
-0.010297
-0.007803
-0.012725
0.005553
0.007565
-0.013719
-0.015568
-0.003128
0.015559
0.046688
0.000740
-0.028861
-0.045331
-0.030350
0.056745
0.054163
0.002545
-0.038502
-0.068924
-0.021695
0.048143
0.071116
0.010220
-0.001665
-0.015945
-0.025636
-0.001085
-0.045017
-0.016252
-0.020921
0.029612
0.083732
0.051319
-0.008793
-0.113880
-0.064948
-0.010665
0.034691
0.112996
0.020657
-0.035118
-0.014767
0.033743
-0.000244
-0.067565
-0.009701
-0.024439
0.016767
0.000884
0.018195
0.073719
0.003972
-0.039721
-0.033679
-0.018465
-0.030605
-0.018765
0.002872
0.095069
0.071985
-0.028267
-0.063819
-0.041908
-0.011145
-0.018319
0.003396
0.017132
0.052497
-0.012474
-0.026628
0.047710
-0.007914
-0.044288
-0.008964
0.055882
0.046393
-0.034998
-0.061934
-0.058956
-0.001449
0.068176
0.094688
0.025309
-0.035287
-0.100804
-0.086964
0.060936
0.060442
0.028099
0.008306
-0.033603
-0.023898
0.018416
-0.029023
-0.026966
0.020125
0.018494
0.058502
0.059100
-0.047220
-0.130132
-0.020119
0.020837
0.067759
0.034497
-0.051800
0.002279
0.032251
0.038800
-0.041361
-0.058982
-0.027670
0.021177
0.033831
0.035838
0.017802
-0.049667
-0.039761
-0.038833
0.042680
0.059954
-0.014429
-0.047941
0.023364
0.038993
-0.016628
0.013616
-0.071981
-0.039904
-0.000538
0.050572
0.084380
0.013182
-0.076180
-0.122364
0.069478
0.044191
0.023410
0.017629
-0.068897
-0.015936
-0.021896
0.019011
0.084300
0.056150
-0.104565
-0.095727
0.038098
0.038188
0.014597
-0.028528
-0.045699
0.060429
0.087986
-0.027094
-0.088469
-0.093583
0.002569
0.050779
0.072072
0.054018
0.072380
0.004760
-0.131672
-0.077900
-0.044841
-0.001017
0.035414
0.071041
0.042712
0.024918
-0.031182
-0.039104
0.015963
-0.062424
-0.079805
0.034204
0.096563
0.041381
0.005155
-0.097297
-0.100402
0.025262
0.072661
0.053058
0.064347
-0.042776
-0.141511
-0.021265
0.014910
0.054137
0.056812
0.041182
-0.045156
-0.064742
0.026505
-0.062112
-0.007265
-0.001607
0.089281
0.110895
-0.038725
-0.119533
-0.140043
-0.049971
0.027155
0.207745
0.161259
0.007811
-0.121374
-0.182300
-0.124276
0.020872
0.102609
0.102996
0.092052
-0.019005
-0.061375
-0.057648
-0.001705
-0.036729
-0.047748
0.030397
0.048689
0.045900
0.027704
-0.008098
-0.054587
-0.075235
-0.034967
-0.015348
0.084384
0.071077
-0.021908
-0.078381
-0.020288
0.027042
0.057515
0.084465
0.003015
-0.051971
-0.102547
-0.047764
-0.004672
0.063788
-0.063132
0.013933
0.129180
0.094776
0.022852
-0.072660
-0.120893
-0.100758
0.055341
0.052638
0.071359
0.022058
-0.110537
-0.124906
0.064303
0.046876
0.055045
0.122787
-0.023568
-0.104266
-0.070371
0.021279
0.040814
0.092537
-0.013405
-0.162199
-0.088876
0.054970
0.157557
0.102398
0.026320
-0.043312
-0.076528
-0.060537
-0.047162
-0.041327
-0.022530
0.063146
0.120893
0.110824
0.014325
-0.070072
-0.163634
-0.047994
0.044915
0.013275
0.051814
0.040253
0.022589
-0.009576
-0.008614
-0.062548
0.001620
0.058293
0.033197
-0.025850
-0.097113
-0.019551
0.046459
0.072934
0.018656
-0.029306
-0.038845
0.029899
0.093560
-0.030289
-0.109403
-0.045156
0.028304
0.042796
0.043339
-0.007011
-0.041557
0.008210
0.030570
0.023189
0.043397
-0.032176
-0.101238
-0.053565
0.056455
0.069912
0.038601
0.008105
-0.062901
-0.009536
0.003851
0.014285
0.025037
0.035933
-0.005226
-0.037598
-0.000213
0.008545
-0.031838
-0.048445
0.004525
0.044506
0.070844
0.037082
-0.060948
-0.083482
-0.036446
-0.046578
0.054007
0.111940
0.036321
0.004163
-0.008633
-0.076610
-0.074673
0.052806
0.048876
-0.017357
-0.003767
-0.036963
-0.011510
0.082919
0.033029
-0.057765
-0.005250
-0.030088
-0.058761
0.043957
0.059881
-0.042216
0.032250
0.093666
-0.003764
-0.030762
-0.077925
-0.110858
-0.057316
0.061859
0.110487
0.153013
0.060114
-0.142129
-0.188752
-0.036013
0.065120
0.080940
0.062657
-0.010601
-0.041579
0.006048
0.045190
-0.076249
-0.074811
-0.004230
0.026825
0.049419
0.029048
-0.023710
-0.034777
0.037109
0.001826
-0.040482
0.004793
0.018686
0.001831
-0.016855
-0.001766
0.018402
0.000904
-0.018782
0.000786
-0.019487
-0.032754
0.027553
0.053693
0.046817
0.007242
-0.068095
-0.110778
-0.010302
0.058173
0.059813
0.048195
-0.037361
-0.034776
-0.004168
0.021685
-0.029711
-0.015229
-0.004265
-0.037893
0.035656
0.071422
0.024781
-0.064304
-0.036626
-0.052782
0.008727
0.050369
0.022067
0.020177
-0.037555
-0.086934
-0.053272
0.053431
0.027703
0.100668
0.131569
-0.064563
-0.158734
-0.083659
0.042918
0.079382
0.099067
0.042615
-0.060252
-0.075086
-0.077229
0.003200
0.017654
0.014957
-0.013162
0.043825
0.066561
0.001320
-0.046679
-0.045032
0.019300
0.002776
0.012914
0.016054
-0.012793
-0.072972
0.002644
0.026288
0.050469
0.052256
-0.025298
-0.048032
-0.006884
-0.025600
-0.035706
0.034546
0.069724
0.029843
-0.041391
-0.015181
-0.080280
-0.029264
0.055088
0.093763
0.028618
-0.025363
-0.024665
-0.055517
-0.002024
-0.002185
0.000850
0.035916
0.060125
-0.003672
-0.057948
-0.061940
-0.065328
-0.018129
0.090890
0.125552
0.038164
-0.030486
-0.143540
-0.126777
0.069052
0.152577
0.047789
-0.100866
-0.065140
-0.049348
0.050942
0.079978
0.026504
0.037919
0.018154
-0.015537
-0.123573
-0.112975
-0.045970
0.109097
0.093120
0.005315
0.046710
0.026808
-0.085314
-0.079979
0.019911
0.095848
0.093072
-0.078975
-0.185733
-0.117937
0.012788
0.146420
0.203670
0.067398
-0.054045
-0.165523
-0.144932
0.044364
0.185013
0.102973
-0.107933
-0.168773
-0.039793
-0.009458
-0.011873
0.087816
0.152538
0.111123
-0.034881
-0.171810
-0.187573
0.038939
0.106243
0.030687
0.022528
-0.015993
0.075021
0.072424
-0.090844
-0.174766
-0.114282
0.085530
0.152057
0.113720
-0.082291
-0.108892
0.037154
0.065257
0.065880
-0.022936
-0.131206
-0.120406
0.027146
0.064853
0.084169
0.051314
-0.017383
-0.005035
-0.017671
-0.093728
-0.104501
0.019023
0.135048
0.113509
-0.058222
-0.138189
-0.047311
0.094929
0.117156
-0.051775
-0.163669
-0.058361
0.134501
0.160633
0.001641
-0.151818
-0.158297
0.042936
0.190725
0.033323
-0.124051
-0.082272
0.068097
0.111946
0.015847
-0.109166
-0.165522
0.004609
0.138206
0.133328
0.061072
-0.055992
-0.168691
-0.127514
0.015534
0.082432
0.121339
0.042740
-0.019163
-0.003878
-0.014702
-0.052086
-0.067969
-0.023652
0.003685
0.038831
0.041252
0.056719
0.061988
-0.023627
-0.101442
-0.097157
-0.006304
0.055124
0.072565
0.024711
-0.039435
-0.036413
-0.006073
0.000306
0.026457
-0.025017
-0.029981
0.033353
0.027246
0.051317
0.005845
-0.018344
-0.073855
-0.059497
0.004633
0.019240
0.046937
0.046905
0.020256
-0.001313
0.004004
-0.067256
-0.104770
-0.011087
0.106792
0.059510
0.000423
-0.036825
-0.026901
-0.001963
-0.002754
0.009887
-0.005179
0.041610
-0.004684
0.006886
0.009126
-0.025920
-0.042637
-0.046412
0.053003
0.027483
-0.000056
-0.036767
-0.008085
0.044685
-0.005909
0.018902
0.050734
-0.002319
-0.094218
-0.069703
0.016229
0.059263
0.044146
-0.010849
-0.032204
0.017110
0.013425
-0.030300
-0.025824
-0.027417
-0.007897
0.059142
0.084337
0.010294
-0.061807
-0.075001
-0.036996
0.051002
0.062788
0.004057
-0.020843
-0.044873
-0.011693
0.048300
0.043598
0.002145
-0.030447
-0.047892
-0.012065
0.029171
0.012131
-0.001500
0.024876
-0.010021
-0.022615
0.016582
0.010572
-0.009807
-0.023421
-0.022593
0.017845
0.059748
0.001606
-0.022468
0.000301
-0.037988
-0.049447
0.035426
0.049148
0.022531
-0.010633
-0.031023
-0.008835
0.010610
0.016263
-0.013809
-0.032138
-0.037142
0.031318
0.077840
0.019984
-0.028526
-0.038851
-0.051644
-0.011306
0.046746
0.069289
0.002823
-0.063244
-0.037368
0.016196
0.078064
0.071429
0.006054
-0.069178
-0.093632
-0.010348
0.027464
0.033057
0.012968
0.004532
0.022366
0.015554
-0.009908
-0.046662
-0.022027
-0.026046
0.023852
0.050290
-0.000411
-0.045603
-0.014623
-0.067719
0.018469
0.097929
0.010742
0.013088
-0.042034
-0.022302
0.008394
0.051881
0.009176
-0.033610
-0.007745
-0.079459
-0.044618
0.078549
0.058069
0.044405
-0.028881
-0.040271
-0.052383
0.036453
0.073382
-0.078806
-0.022000
0.012218
0.065658
-0.006698
-0.027430
0.000246
-0.020421
-0.030761
-0.022135
0.075917
0.110017
-0.009145
-0.127131
-0.089807
0.014971
0.083770
0.066064
0.029744
-0.099543
-0.066738
0.003238
0.033740
0.079784
-0.026922
-0.038030
-0.002634
0.017618
-0.005509
-0.032137
0.001230
0.034537
0.010662
-0.029011
-0.008777
0.017689
0.013600
-0.042348
-0.015956
0.021368
0.045147
-0.003386
-0.026516
-0.006796
-0.037043
-0.024035
-0.007527
0.076634
0.094847
0.004143
-0.115005
-0.125935
0.008396
0.107841
0.070448
-0.041019
-0.054179
-0.007473
0.012331
-0.015628
0.003774
0.058048
0.014608
-0.050374
-0.029933
0.000510
-0.006357
0.003016
0.031557
0.025795
-0.002106
-0.050549
-0.025356
0.015768
-0.049082
0.082524
0.074282
-0.002411
-0.023179
-0.053762
-0.019056
-0.021105
0.038925
0.019731
-0.016608
-0.063127
-0.013124
0.061127
0.099300
0.010918
-0.098381
-0.072664
0.007404
0.033091
0.022327
0.054647
-0.035205
-0.058482
-0.017296
0.021862
0.034186
-0.040150
-0.023226
-0.014045
-0.000851
0.048921
0.006874
-0.005330
-0.014208
0.035848
0.046358
0.019854
-0.051700
-0.076181
-0.032106
-0.043178
0.055700
0.067669
0.046927
-0.007337
-0.027332
-0.009008
-0.051735
-0.012460
0.009403
0.048149
0.010280
-0.005470
-0.002870
-0.066733
-0.046451
0.022333
0.096223
0.053860
-0.040861
-0.029795
-0.019307
-0.055119
0.035528
0.045342
-0.001896
-0.002570
-0.041519
0.014906
0.060570
-0.035197
-0.073440
0.075589
0.146482
0.015827
-0.167973
-0.209882
-0.072608
0.080183
0.139259
0.049971
-0.008512
-0.023875
-0.109648
0.075804
0.276403
0.225769
-0.073626
-0.288023
-0.193612
-0.107895
-0.003994
0.007264
0.156621
0.306425
0.139101
-0.135527
-0.394085
-0.238152
0.112526
0.228194
0.225660
0.082766
-0.012877
-0.132745
-0.214800
-0.139483
-0.004588
0.209254
0.129617
0.014186
0.007489
-0.026678
-0.030371
-0.119827
-0.089860
0.021637
0.133461
0.085797
-0.008289
-0.032859
-0.067911
-0.026438
0.052602
0.076376
0.011699
-0.109588
-0.126599
0.014911
0.115547
0.130333
-0.008567
-0.090091
-0.107084
-0.026761
0.079442
0.083759
0.026079
-0.041588
-0.089839
-0.046979
0.128129
0.103293
-0.082761
-0.180919
-0.014568
0.098794
0.114759
0.012503
-0.133031
-0.079087
0.011019
0.125376
0.096212
-0.034238
-0.158904
-0.072132
0.112066
0.105792
-0.005766
-0.078473
-0.030400
-0.003241
0.065660
0.049738
-0.055016
-0.044392
-0.085517
0.031589
0.134840
0.030820
-0.086309
-0.115029
0.042776
0.052791
0.030791
0.012858
-0.039768
-0.047048
-0.006661
0.053509
0.042355
-0.038558
-0.157563
0.051114
0.113330
0.042926
-0.019499
-0.151782
0.018062
0.074661
0.106156
0.031209
-0.077202
-0.107886
-0.132079
0.041093
0.092334
0.010303
0.025265
0.098131
0.018995
-0.076417
-0.126719
-0.072418
0.019647
0.081208
0.080697
-0.043620
-0.020590
-0.019229
0.016821
0.041436
-0.028362
0.013493
0.031662
0.053582
-0.073563
-0.185895
-0.058101
0.111194
0.194510
0.080618
-0.081411
-0.140271
-0.035103
0.034654
0.037346
-0.001513
-0.075880
0.015738
0.030676
0.052091
-0.007752
-0.061459
-0.014960
0.000491
0.066238
0.012884
-0.071664
-0.079314
0.013575
0.107619
0.103173
-0.003952
-0.090209
-0.102559
0.025284
0.070448
0.027732
-0.029392
-0.062527
-0.009637
0.060712
0.095928
-0.037336
-0.088228
-0.089066
0.096062
0.109025
-0.032621
-0.080703
-0.071255
0.048950
0.029709
0.094961
-0.045798
-0.137439
-0.045000
0.089363
0.178151
-0.027468
-0.136237
-0.049768
0.092286
0.059843
-0.094322
-0.129042
-0.034492
0.142209
0.194151
0.065698
-0.122059
-0.233591
-0.043168
0.116033
0.091829
-0.055623
-0.089280
0.078456
0.130939
0.027872
-0.144292
-0.105120
0.049484
0.096310
0.037716
-0.049713
-0.074724
-0.019412
0.071480
0.099974
-0.006803
-0.113896
-0.124127
0.014600
0.127768
0.121615
-0.049099
-0.100690
-0.004738
0.046908
0.039944
-0.109683
-0.036208
0.056372
0.108417
-0.035458
-0.092451
-0.010875
-0.040319
0.044313
-0.014078
0.052069
0.084293
-0.014647
-0.067931
-0.047445
0.002758
-0.087448
0.017112
0.131721
0.118672
-0.056330
-0.180977
-0.001445
0.095824
0.054611
-0.060897
-0.116423
-0.009800
0.122320
0.083874
-0.030596
-0.130444
-0.021022
0.117393
0.108009
0.023349
-0.141021
-0.151853
-0.030389
0.113754
0.101169
0.023158
-0.034969
-0.034501
0.043721
-0.004457
-0.100328
-0.021323
0.034573
0.053780
0.026804
-0.042691
-0.057059
-0.017790
0.084624
0.011928
-0.051466
-0.090777
0.035888
0.150321
0.032017
-0.116197
-0.120210
0.021985
0.071901
0.077890
-0.094974
-0.047749
0.100133
0.075291
-0.010486
-0.072297
-0.067726
-0.019577
0.094200
0.043218
-0.035463
-0.099362
-0.081923
0.117141
0.155084
-0.008412
-0.072362
-0.121986
0.001260
0.117341
0.058531
-0.046308
-0.062753
-0.037749
-0.000995
0.012548
-0.013399
0.058735
0.091525
-0.001791
-0.107502
-0.103168
-0.061110
0.149062
0.089978
-0.040361
-0.075826
-0.001096
0.103958
0.087155
-0.041632
-0.200157
-0.051299
0.059019
0.090292
0.046737
-0.016850
-0.025617
0.001555
0.054008
0.026485
-0.092082
-0.107252
0.006992
0.150950
0.057941
-0.060620
-0.090314
-0.055856
0.125724
0.056534
-0.025583
-0.043449
-0.017200
0.029557
-0.048790
-0.053286
0.036588
0.121789
0.089654
-0.067346
-0.144140
-0.066084
0.079342
0.069309
-0.078391
-0.030238
0.057483
0.091402
0.086953
-0.125440
-0.170219
-0.033112
0.084204
0.197814
0.061005
-0.134009
-0.138194
0.037938
0.139043
0.055292
-0.142818
-0.193944
0.097255
0.189067
0.105595
-0.065695
-0.152578
-0.052881
0.047219
0.073565
-0.000021
0.007772
-0.064014
0.022205
0.020099
-0.014185
0.003181
-0.043194
0.039302
0.077497
0.001427
-0.083535
0.002430
0.016180
0.010328
-0.032864
-0.019162
0.071823
0.127761
-0.060088
-0.215679
-0.091467
0.085770
0.165725
0.094234
-0.026377
-0.198373
-0.069113
0.189685
0.144712
-0.163666
-0.178055
0.017389
0.134954
0.077199
-0.041248
0.023543
0.075838
0.033815
-0.093466
-0.132087
-0.090854
-0.029550
0.105856
0.159825
0.107981
-0.024693
-0.097149
-0.133082
-0.108016
0.068980
0.132573
0.133662
-0.000952
-0.138489
-0.149040
-0.009296
0.120279
0.085971
-0.018726
-0.078672
0.043746
0.065663
0.001379
-0.118149
-0.132020
0.093738
0.160747
0.028905
-0.140941
-0.138967
0.057586
0.106646
0.044084
-0.042277
-0.025056
0.033737
-0.052432
-0.085402
-0.015339
0.094311
0.088290
0.014107
-0.084105
-0.068479
0.057237
0.047843
-0.013919
-0.063019
-0.036011
0.060046
0.083943
-0.025053
-0.102589
-0.019758
0.088413
0.040527
-0.027579
-0.105753
-0.051933
0.065624
0.069880
0.032519
-0.035725
0.000419
0.015343
-0.027231
-0.066861
-0.011823
0.089975
0.036551
-0.053361
-0.088777
-0.011357
0.120495
0.053891
-0.071594
-0.117231
0.009708
0.075431
0.069239
0.009587
-0.127320
-0.035901
0.048783
0.075565
-0.030037
-0.094448
0.006631
0.064754
0.101159
-0.034217
-0.122211
-0.052133
0.027109
0.119836
-0.003795
-0.074093
-0.010329
0.035068
0.049905
-0.030891
-0.052404
-0.064948
0.029407
0.069094
-0.003469
-0.061337
-0.026631
0.053047
0.044230
0.033419
-0.065287
-0.105692
-0.025341
0.068088
0.061568
-0.051597
-0.055992
0.021814
0.066982
0.061524
-0.072770
-0.126501
-0.021106
0.086282
0.114065
-0.062255
-0.113889
0.005712
0.137232
0.088246
-0.100241
-0.163544
-0.072127
0.125642
0.104234
-0.029694
-0.068263
0.010280
0.093964
0.058355
-0.113619
-0.184415
-0.009138
0.124352
0.105501
-0.026174
-0.049856
-0.030114
0.056602
0.053810
-0.101132
-0.048531
-0.012571
0.074144
0.011381
-0.066864
0.017768
0.062280
0.117874
-0.020966
-0.123411
-0.136665
-0.022525
0.098296
0.055342
-0.006485
-0.019130
0.025368
0.033444
-0.005842
-0.128650
-0.127614
0.097430
0.212903
0.048171
-0.096886
-0.078857
0.025769
0.037785
-0.102098
-0.117277
0.073009
0.209776
0.074639
-0.130444
-0.127017
0.007037
0.087567
0.072783
-0.054337
-0.080457
0.013766
0.027612
0.000470
-0.020118
0.011396
0.058603
0.078957
0.018309
-0.095120
-0.140319
-0.059619
0.120653
0.091439
0.000973
-0.019216
-0.006711
0.071145
-0.002317
-0.131899
-0.129877
0.047709
0.154094
0.053429
-0.053358
-0.051524
0.020184
0.066667
-0.017517
-0.087965
-0.064324
0.064067
0.080629
-0.025070
-0.005447
-0.002073
0.031538
0.031626
0.010101
-0.061463
-0.068244
-0.012552
0.065041
0.109064
-0.026965
-0.069940
0.047409
0.055571
-0.101125
-0.110959
0.002877
0.118629
0.086266
-0.018862
-0.024869
0.010983
0.002633
-0.045433
-0.076845
-0.036354
0.044732
0.092828
0.092532
-0.021358
-0.131790
-0.056809
0.092971
0.028650
-0.047303
-0.052054
0.009540
0.100529
0.043256
-0.024589
-0.135099
-0.046229
0.149246
0.073855
-0.062885
-0.066113
-0.009443
0.038034
0.062963
-0.055361
-0.106513
0.000254
0.133659
0.069074
-0.046423
-0.070115
-0.042251
0.053117
0.001490
-0.034733
-0.045762
0.007663
0.043448
0.050541
0.033521
-0.064260
0.001618
0.022205
-0.052890
-0.059951
-0.013157
0.091220
0.069891
-0.031652
-0.071519
-0.025371
0.004797
0.043408
0.032217
-0.067487
-0.053819
0.013652
0.080685
-0.030859
-0.034634
0.028078
0.073240
0.011198
-0.060920
-0.048862
-0.087784
0.014054
0.073463
0.122736
-0.036769
-0.059723
-0.005655
0.010698
0.021212
-0.023289
-0.027656
-0.023142
0.010255
-0.004195
0.002383
0.012292
0.112962
0.016802
-0.084178
-0.065168
-0.000805
-0.001048
0.013094
0.070846
0.011391
-0.077378
-0.025018
0.068850
0.000531
-0.003933
-0.010194
0.022570
-0.007761
-0.007607
-0.011949
-0.087528
0.011015
0.062375
0.058959
0.017448
-0.042279
-0.078889
-0.055885
0.093247
0.066539
-0.037022
-0.065262
-0.006767
0.059977
-0.006747
-0.034044
-0.035260
0.065156
0.115437
0.007783
-0.115906
-0.098659
0.025415
0.069289
0.064320
-0.040017
-0.097274
0.024886
0.142899
0.051233
-0.108037
-0.121307
0.003026
0.082529
0.087868
-0.027084
-0.100413
0.053931
0.088952
-0.005961
-0.105335
-0.060375
0.019865
0.041038
0.069039
-0.018476
-0.014859
0.058879
-0.007134
-0.084141
-0.028120
0.030204
0.023415
0.003851
-0.043143
-0.014208
0.093345
0.008343
-0.047226
-0.017683
-0.013761
0.039778
0.045522
-0.023841
-0.067095
0.010248
-0.011255
0.047772
0.033072
-0.034786
-0.000142
0.020047
0.022859
-0.022502
-0.035351
-0.017387
0.056438
-0.013062
-0.018442
0.000984
0.036393
0.025850
-0.007291
-0.037555
-0.015265
0.048673
-0.028264
-0.002685
-0.050522
0.029395
0.048796
-0.028103
-0.080716
0.017854
0.089507
0.023829
-0.011668
-0.112059
-0.023532
0.051508
0.049160
-0.002179
0.001371
-0.013777
0.028085
-0.010122
-0.093270
-0.060458
0.052001
0.106988
0.035903
0.006564
-0.097563
-0.033712
0.023673
0.002147
0.005069
0.020986
-0.016760
0.034047
0.058567
-0.071211
-0.042870
-0.016629
0.020518
0.033507
-0.029273
-0.045840
0.076926
0.077641
-0.011958
-0.056536
-0.130981
0.018310
0.068460
0.023712
-0.014752
-0.001543
0.044241
-0.000807
-0.052273
-0.043718
0.015677
-0.010975
0.048486
-0.049095
-0.042377
0.047672
0.053728
0.031995
-0.089508
-0.070327
0.019070
0.062083
-0.001065
-0.035610
0.009673
0.042195
-0.035182
-0.060837
-0.035511
0.054119
0.069855
0.010627
-0.021399
-0.062030
-0.025899
0.014422
0.009728
0.013361
-0.006816
-0.019217
0.013841
-0.044741
-0.005349
-0.000292
0.051281
0.022315
-0.031013
-0.002747
-0.026965
0.021903
-0.028395
-0.033005
-0.026140
0.041815
0.070132
-0.033134
-0.051789
0.008210
0.070834
0.044781
-0.090139
-0.092551
0.020783
0.053241
0.044179
-0.045413
0.006279
0.016850
-0.011904
-0.062931
-0.054743
0.077448
0.063311
0.031711
-0.087593
-0.034286
0.005358
0.034031
-0.045865
-0.071445
0.062040
0.043142
0.058653
-0.035695
0.007039
-0.026078
-0.031590
-0.063023
-0.044404
0.050694
0.020770
0.025649
-0.004256
0.019916
-0.038859
-0.039532
-0.048923
0.007760
0.064159
0.079180
0.028192
-0.057704
-0.057886
-0.080366
-0.002088
0.052669
0.063686
0.018517
0.010810
0.001710
-0.041803
-0.053929
-0.039405
0.024626
0.028722
0.018625
-0.033679
-0.032028
0.011136
0.008103
0.028877
0.015023
0.024654
-0.005330
-0.078171
-0.067500
-0.033139
0.048751
0.093515
0.045897
-0.032288
-0.063039
-0.004279
0.040039
-0.001499
-0.022754
0.023215
0.025267
0.026209
-0.117299
-0.108783
0.033200
0.170651
0.101519
-0.055152
-0.078406
-0.070345
0.028186
-0.031589
0.023378
0.012331
0.075512
0.013440
-0.039185
-0.024289
-0.040324
0.019787
0.020061
0.075167
-0.041579
-0.048154
-0.042834
0.069796
0.082290
0.004575
-0.065380
-0.036566
0.012741
-0.055268
-0.032248
0.003495
0.109586
0.049638
-0.018744
-0.053151
-0.012006
0.010849
-0.024964
-0.009557
0.018641
0.052008
-0.014603
-0.062301
0.027212
0.051636
0.028079
-0.056325
-0.069830
0.027792
0.018040
0.039135
0.010439
0.037868
0.020524
-0.037893
-0.077639
-0.034922
0.039929
0.070313
0.014831
-0.022101
0.045088
-0.000604
-0.006286
-0.084553
-0.083811
0.041780
0.099741
0.071262
-0.011373
-0.034306
-0.026529
0.018642
0.022962
-0.045328
0.001583
0.038253
0.014228
-0.030796
-0.056713
0.012505
0.066579
0.100729
-0.013422
-0.084946
-0.047127
0.002870
0.041236
-0.037393
-0.016376
0.033189
0.030895
-0.018426
-0.053173
0.023753
0.036560
0.001520
-0.058399
-0.006456
0.067264
0.011947
-0.063041
-0.043804
0.052287
0.085500
0.011428
-0.066448
-0.049761
0.017617
0.019224
-0.010824
0.013714
0.017590
0.031815
-0.033526
-0.057996
-0.043434
0.095907
0.069383
-0.045950
-0.015374
-0.054489
0.004457
-0.003166
-0.007435
0.031919
0.100246
0.016991
-0.115892
-0.050239
0.007214
0.004889
0.013124
0.067092
0.091600
-0.001858
-0.072437
-0.121104
-0.088897
0.075291
0.105867
0.043530
0.037283
-0.027582
-0.068747
-0.028954
-0.036738
-0.018022
0.049257
0.080253
0.040695
-0.001083
-0.097072
-0.072966
0.039874
0.056768
-0.044355
-0.023484
0.080261
0.023657
-0.028347
-0.024639
-0.018545
-0.006793
0.023858
0.005160
-0.012419
-0.003385
-0.001179
-0.004384
0.048416
0.043703
-0.016699
-0.135089
-0.045570
0.101778
0.041362
0.037947
0.015857
-0.027174
-0.042563
-0.051602
-0.080325
0.059347
0.115428
0.004009
-0.001308
0.011752
0.000161
-0.001442
-0.041260
-0.089426
0.027420
0.080361
0.007046
-0.011224
0.025925
0.020820
-0.067913
-0.062893
0.065909
0.078920
-0.042327
-0.054032
-0.000803
0.034043
-0.006289
-0.037842
-0.009794
0.007331
0.022827
-0.001983
0.026897
-0.024204
-0.043111
-0.011943
-0.011316
0.054716
0.043359
-0.063857
-0.033641
0.016970
0.010682
0.021902
-0.041864
0.031743
0.021942
-0.006498
-0.024906
-0.010658
0.003023
-0.026172
-0.031240
-0.022045
0.068536
0.070611
0.012573
-0.054809
-0.025450
-0.002280
-0.028748
-0.060384
0.033315
0.085361
0.056534
-0.008259
-0.045438
-0.032206
-0.040508
-0.043839
-0.000653
0.083206
0.051504
-0.032984
-0.055797
0.013435
0.035654
0.006986
-0.050054
0.011396
0.062620
0.029249
-0.064397
-0.062586
0.039592
0.051863
-0.013550
-0.051697
0.001201
-0.008080
-0.001950
0.017440
0.055732
0.026919
-0.031470
-0.061283
-0.037421
0.006593
0.031977
0.033811
0.030495
0.009984
-0.047777
-0.055560
-0.044590
-0.011882
0.050287
0.049178
0.004039
-0.002126
-0.011557
-0.007836
-0.039443
-0.032303
-0.008650
0.041194
0.018456
-0.010714
0.010987
0.017224
-0.027672
-0.074588
-0.004337
0.047971
0.018376
-0.030076
-0.025609
0.015605
0.068586
-0.008262
-0.046332
-0.033341
0.014309
-0.010601
-0.038229
0.006656
0.034210
0.037623
-0.000471
-0.001624
-0.009590
-0.031816
-0.094475
-0.025725
0.047419
0.097830
0.006516
-0.051167
-0.017034
-0.023405
0.017456
-0.016624
0.019249
-0.007384
-0.022271
-0.015829
-0.005864
0.015977
0.007923
0.007070
-0.002766
-0.002622
-0.002438
-0.010217
-0.044673
-0.006896
0.020842
0.035803
-0.015870
-0.032029
0.002502
0.008312
-0.021475
-0.051609
0.037609
0.048811
0.013095
-0.039971
-0.026984
0.014225
-0.041915
-0.026021
0.017916
0.029632
0.005499
-0.016713
0.036768
0.056827
0.009642
-0.074018
-0.083693
-0.025135
0.016324
0.054118
0.046558
0.009725
-0.023305
-0.013802
0.018267
0.012988
-0.009791
-0.022840
-0.032159
-0.030396
0.000118
0.043780
0.018576
-0.020638
-0.037114
0.003750
0.009668
0.020150
0.013304
-0.016171
0.010536
0.016957
-0.013831
-0.062291
-0.017061
-0.029333
0.046411
0.094922
0.037334
-0.033032
-0.053745
-0.032004
-0.045878
0.012394
0.036263
0.037988
-0.003728
0.005509
0.016428
-0.006073
-0.047596
-0.047850
0.010930
0.032005
0.047944
0.018422
0.002949
0.001394
-0.044204
-0.049722
0.006282
0.005187
-0.002171
0.043569
0.044002
0.004677
-0.039734
-0.037652
0.013463
0.021546
-0.007038
-0.025477
-0.000013
0.006274
0.025922
0.011922
-0.031954
-0.019905
0.039663
0.045145
-0.019558
-0.044525
-0.012190
0.037058
0.009567
0.006090
0.001436
0.010434
-0.016327
-0.009560
0.013595
-0.006020
-0.007118
-0.005308
0.036451
0.018196
-0.011720
-0.034200
-0.015662
0.014145
