0.043615
0.025686
-0.036467
-0.033846
-0.026052
0.008047
0.037029
0.041015
0.019013
-0.018156
-0.002001
-0.013540
0.022375
0.020981
0.019952
0.003457
-0.000962
-0.000316
-0.007686
-0.005666
-0.006860
0.027176
0.039497
0.039692
0.005086
0.000395
-0.019850
-0.010245
-0.000879
0.020435
0.026238
0.023222
0.032175
-0.012815
-0.031997
-0.008547
0.064050
0.065465
0.006766
-0.020074
-0.027950
-0.013425
0.033334
0.057212
0.063336
0.038352
0.010178
-0.008567
-0.041744
-0.044147
-0.012034
0.046875
0.068209
0.049986
0.012564
-0.040495
-0.051294
-0.033874
0.005516
0.061446
0.057101
0.042302
-0.004594
-0.039594
-0.033246
0.004711
0.024609
-0.002118
-0.019041
-0.021977
0.020379
0.034998
0.050063
0.026920
-0.009212
-0.039252
-0.013580
0.011786
0.009495
-0.008966
-0.036073
0.013850
0.035540
0.065305
0.047629
0.010392
-0.005697
-0.027472
-0.022369
-0.010889
0.020362
0.000564
0.003619
0.008424
0.028327
0.061867
0.021636
0.002286
-0.008841
0.013117
-0.053732
-0.020574
0.023832
0.018486
0.028647
0.028879
0.072435
0.024473
-0.016071
-0.086274
-0.058274
-0.018386
0.069186
0.125107
0.078874
-0.012478
-0.101942
-0.053497
-0.025935
0.051931
0.059000
0.023672
0.014754
0.006295
0.061183
-0.019220
-0.020933
-0.022245
-0.019383
0.064471
0.022313
0.015718
-0.023623
0.033915
-0.044180
-0.025520
0.029740
-0.008456
0.076584
0.065738
0.049847
-0.086293
-0.088740
-0.025572
-0.058776
0.022502
0.091662
0.102864
0.146703
0.023468
-0.125921
-0.153569
-0.009709
0.045428
0.002676
0.023414
0.004174
0.087994
0.070909
-0.010958
-0.053778
-0.023651
-0.037678
-0.020269
0.020987
0.035503
0.032064
-0.013083
0.006068
-0.002703
0.042293
0.022973
-0.023983
0.001958
-0.015252
0.013685
0.022643
-0.003249
0.027418
0.007284
-0.014111
-0.023621
0.023114
0.017678
-0.014104
-0.000337
-0.044703
-0.028515
-0.003877
0.048569
0.045513
0.049674
-0.007595
-0.097322
-0.088669
-0.040779
0.055612
0.021026
0.017509
0.011055
-0.005735
0.009348
-0.031286
-0.053043
-0.022443
0.040245
-0.002360
-0.054765
-0.027582
0.003168
0.010236
-0.007583
-0.022382
-0.021258
-0.000605
-0.023661
-0.038064
0.001467
0.037701
0.021409
-0.005973
-0.054129
-0.147558
-0.053696
0.007781
0.076242
0.124473
0.058355
-0.059438
-0.166399
-0.109974
-0.032565
0.059903
0.049113
0.047011
-0.034488
-0.022764
-0.019677
-0.056061
-0.050123
-0.013957
0.081134
0.051260
0.009514
-0.132032
-0.117477
-0.026893
0.037840
0.065036
0.091376
0.027218
-0.075820
-0.083377
-0.050264
-0.038432
-0.021693
0.061546
0.049191
0.012014
-0.057630
-0.090993
-0.031716
0.069477
0.058767
-0.008927
-0.058860
-0.063411
-0.083806
-0.019544
0.080115
0.055766
0.024653
-0.067979
-0.047753
-0.056454
-0.052490
0.001609
0.008840
0.039708
-0.015244
-0.007538
-0.071947
-0.022077
0.021367
0.029273
0.026144
-0.072742
-0.048800
-0.054593
-0.005105
-0.023962
0.023214
0.031902
-0.009714
-0.076586
-0.044024
0.069040
0.097511
-0.030186
-0.160893
-0.097587
-0.053305
0.062396
0.053536
0.088744
-0.003598
-0.071416
-0.110465
-0.095053
0.030133
0.060845
0.056101
-0.047445
-0.056149
-0.072421
-0.007156
0.024891
0.071599
0.009489
-0.053567
-0.042647
-0.050519
-0.018575
0.036317
0.044472
-0.032641
-0.030516
-0.009649
-0.004181
0.001216
0.014076
-0.050356
-0.062450
0.029535
0.000796
-0.082157
0.053423
0.071031
0.042032
-0.074269
-0.083772
-0.089939
-0.067531
0.101429
0.096965
0.108065
-0.078903
-0.167835
-0.131164
0.014257
0.118034
0.113534
0.067279
-0.047828
-0.171353
-0.161697
-0.033030
0.047235
0.149336
0.107016
0.008926
-0.118599
-0.125176
-0.087906
-0.069579
0.098147
0.181418
0.121430
-0.098105
-0.193197
-0.139659
-0.087258
0.126706
0.228865
0.145399
-0.055711
-0.202802
-0.177672
-0.073612
0.070054
0.135023
0.145064
0.021784
-0.095358
-0.134813
-0.064429
-0.019863
0.010715
0.139682
0.093300
-0.028365
-0.144700
-0.042078
-0.008622
0.021280
0.104722
0.085309
-0.021359
-0.161505
-0.161851
0.002444
0.216225
0.149203
0.041105
-0.020020
-0.054628
-0.153479
-0.106877
-0.006257
0.129867
0.212117
0.051007
-0.039386
-0.061966
-0.055926
-0.092396
-0.044073
0.116056
0.148638
0.101177
0.003457
-0.055840
-0.063133
-0.123597
-0.018229
0.096372
0.140093
0.076802
0.055451
-0.010141
-0.096279
-0.014071
0.009164
0.024409
0.039406
0.118555
0.044416
-0.018414
-0.082076
-0.130005
0.016359
0.071674
0.152407
0.131854
0.047085
-0.103992
-0.152569
-0.023739
0.068250
0.097282
0.044668
0.067893
0.012821
-0.030600
-0.055946
-0.050983
0.006172
0.081964
0.150225
0.105462
-0.002038
-0.144370
-0.109299
-0.047215
0.023160
0.112575
0.152210
0.122354
0.035437
-0.073125
-0.212877
-0.146289
0.040048
0.204176
0.206438
0.112625
-0.052973
-0.127585
-0.091892
-0.072141
-0.045774
0.036225
0.185790
0.225372
0.089553
-0.106478
-0.166976
-0.136416
-0.005511
0.001308
0.086063
0.102492
0.114370
0.042685
-0.002777
0.033432
-0.124307
-0.017114
0.014592
0.030812
-0.030028
0.023077
0.100132
0.040255
0.026676
-0.059022
-0.029170
0.043785
0.061141
0.014757
-0.017596
-0.020459
-0.036165
-0.011300
0.067716
0.057850
0.056963
0.032632
-0.016923
-0.063832
-0.075571
-0.052451
0.032473
0.152884
0.187116
0.022745
-0.139208
-0.174068
-0.085065
0.155639
0.206870
0.102452
-0.105037
-0.100833
-0.095131
-0.042127
0.072764
0.058134
0.115374
0.062391
0.003909
-0.050994
-0.035027
-0.029261
-0.049142
0.055350
0.050362
0.028112
0.034989
0.117884
0.066936
-0.087820
-0.073200
-0.152493
-0.071858
0.131890
0.262987
0.140066
-0.009790
-0.125002
-0.121185
-0.072816
-0.052247
0.044923
0.156586
0.237903
0.023984
-0.225846
-0.180315
-0.046356
0.091975
0.183366
-0.058054
0.138026
0.137179
-0.060486
0.016507
0.038752
-0.055046
-0.182681
-0.119364
-0.010986
0.271293
0.205165
0.014646
-0.069129
-0.080854
-0.115806
-0.055231
0.042529
0.066912
0.143053
0.042327
0.030152
-0.062776
-0.099305
-0.111496
0.006880
0.152004
0.135703
0.010310
-0.105391
-0.127029
-0.113304
0.041430
0.142116
0.114999
-0.138007
-0.127122
-0.061729
0.119341
0.218306
0.071739
-0.042757
-0.132487
-0.095117
-0.041338
-0.048713
-0.139788
-0.047209
0.189266
0.277453
0.039147
-0.162017
-0.214444
-0.050631
0.003336
-0.087402
-0.015336
0.103757
0.099938
0.010561
-0.128181
-0.165282
-0.143093
-0.136728
0.080388
0.282501
0.381896
0.088451
-0.278874
-0.351806
-0.299073
-0.129988
0.066725
0.220086
0.275836
0.158482
-0.088345
-0.245893
-0.193200
-0.141750
-0.073463
0.058029
0.205220
0.161570
-0.069789
-0.219303
-0.210424
-0.003709
0.132211
0.171207
0.012764
-0.206873
-0.259751
-0.059638
0.153497
0.204922
0.100838
-0.098999
-0.156431
-0.137186
-0.117031
-0.060955
0.071508
0.095098
0.124647
0.114108
-0.070466
-0.236164
-0.321424
-0.123650
0.219931
0.392755
0.151124
-0.164593
-0.211604
-0.222549
-0.056341
0.028832
0.103898
0.046208
0.046395
0.016598
-0.016701
-0.043547
-0.173503
-0.043469
-0.012647
0.071354
0.026743
-0.002975
-0.119820
-0.060565
0.114223
0.108437
-0.007552
-0.144127
-0.097383
-0.063313
-0.028665
-0.049585
0.042099
0.079432
0.077309
0.049026
0.003259
-0.100997
-0.171200
-0.116916
0.022006
0.077827
0.014804
0.021865
0.051170
0.000996
-0.069226
-0.104897
-0.048654
0.034721
0.010416
-0.079008
-0.046354
0.114476
0.062950
0.045904
-0.005080
-0.004051
-0.130337
-0.203731
-0.113276
-0.002362
0.209722
0.121273
0.035474
0.008532
-0.012666
-0.134653
-0.106897
0.033196
0.042788
0.025482
-0.095556
-0.040626
0.039113
0.076590
0.008884
0.007742
0.062181
-0.047325
-0.127657
-0.046587
0.112574
0.075516
0.042346
-0.045532
-0.082986
-0.058213
-0.015829
0.020695
0.088052
0.174803
0.005612
-0.118847
-0.187734
-0.027577
0.105607
0.072559
0.054621
-0.042836
-0.085504
-0.024469
0.064363
-0.006886
0.110553
0.144538
0.030286
-0.137163
-0.218430
-0.110211
-0.062718
0.081451
0.180964
0.314223
0.091838
-0.303810
-0.333160
-0.035518
0.227296
0.155922
0.067584
0.031396
-0.103619
-0.163915
-0.061036
0.063734
0.158517
0.103032
0.056136
-0.055742
-0.155585
-0.170193
-0.066885
0.109099
0.197972
0.131749
-0.081925
-0.120851
-0.080710
0.011783
0.060194
0.088369
0.042517
-0.036349
-0.036477
0.021022
0.005982
-0.047196
-0.019966
0.013624
0.111328
-0.020009
-0.103239
-0.012783
0.145122
0.124271
0.036775
-0.055408
-0.175758
-0.147385
0.013223
0.176228
0.122597
0.053773
-0.036082
-0.049824
-0.140082
-0.046238
0.095580
0.179323
0.068783
-0.150906
-0.090832
-0.012272
0.094191
0.055160
0.088334
0.021185
-0.109015
-0.048875
-0.013949
0.043166
0.022399
0.018372
0.036779
0.057725
-0.002315
-0.075685
-0.045208
0.006401
0.131594
0.088129
0.013497
-0.104832
-0.019912
-0.006748
-0.040075
-0.002220
0.022156
0.137695
0.065333
0.032778
-0.097360
-0.117161
-0.039225
0.057372
0.138159
0.103407
-0.030980
-0.053554
-0.020550
0.004978
-0.019635
0.026382
0.072740
-0.025722
0.080605
0.033309
-0.060048
-0.027881
0.071194
0.039956
-0.037372
-0.060994
0.008764
0.133027
0.056639
0.041148
0.054519
0.025054
-0.089231
-0.107568
0.030557
-0.003737
0.053339
0.112890
0.114342
0.107345
-0.008173
-0.156522
-0.200419
-0.001240
0.171091
0.202712
0.073274
-0.054886
-0.103235
0.002119
0.013610
0.009682
0.057235
0.014041
-0.013421
0.042360
0.114518
0.087913
0.066416
-0.043555
-0.155183
-0.187454
-0.032732
0.082324
0.184412
0.174348
0.177747
0.071861
-0.174959
-0.246562
-0.242639
0.024795
0.223658
0.270320
0.189665
0.028446
-0.175112
-0.237845
-0.102260
0.000444
0.180524
0.207481
0.087080
-0.069575
-0.079522
-0.066783
-0.043503
0.051733
-0.008652
0.045505
0.058589
0.046496
-0.048558
-0.044700
-0.065469
0.002370
0.149432
0.156316
0.080021
-0.179857
-0.222892
-0.120205
0.087044
0.167802
0.156571
0.015829
-0.066115
-0.078766
-0.062100
0.001759
0.033743
-0.009314
0.049915
0.241523
0.101366
-0.182235
-0.363070
-0.202444
0.061845
0.316200
0.267668
0.047771
-0.049587
-0.178834
-0.147191
-0.042514
0.019875
-0.010260
-0.025001
0.072428
0.109022
0.163643
-0.015863
-0.216159
-0.137706
-0.010211
0.094052
0.056255
0.077447
-0.027953
-0.124606
-0.033403
0.097345
0.094424
-0.040365
-0.139343
-0.068717
0.035443
0.075463
0.067517
-0.004695
-0.030402
-0.112633
-0.080534
0.012956
0.037804
0.036401
0.064124
0.005605
-0.055736
-0.072820
-0.040950
-0.083200
-0.029558
0.083073
0.068943
0.061950
-0.090362
-0.084659
0.003785
0.015523
-0.045089
-0.040154
0.033293
0.070570
-0.035756
-0.099633
-0.079672
0.013881
0.039718
-0.034223
0.002059
-0.007614
-0.002120
-0.070529
0.005788
0.044759
0.052519
-0.021772
-0.066158
-0.029530
-0.039095
-0.061350
-0.106200
-0.013345
0.033507
0.032721
0.089355
0.043785
-0.078470
0.008795
0.079862
0.039489
-0.098700
-0.213948
-0.209231
-0.062287
0.085050
0.189348
0.263690
0.111130
-0.136730
-0.227007
-0.179236
-0.136886
-0.043291
0.129017
0.226915
0.163623
-0.034629
-0.184478
-0.239940
-0.147681
0.070223
0.160169
0.169745
-0.037330
-0.157638
-0.099352
0.038730
0.082126
-0.019073
-0.049821
-0.070001
-0.023518
0.057966
0.067710
-0.063744
-0.122121
-0.056760
0.077531
0.095887
-0.031755
-0.115169
-0.058453
0.093597
0.153950
0.033974
-0.114156
-0.197761
-0.108581
0.047707
0.122025
0.070865
-0.032289
-0.065727
-0.066913
0.087637
0.078488
-0.090932
-0.165152
-0.059889
0.077383
0.127606
0.070230
-0.060441
-0.093643
-0.064873
-0.020198
0.039347
0.080562
0.038458
-0.035680
-0.069950
-0.091999
-0.023009
0.030549
0.004617
0.038790
0.084050
0.096713
-0.086933
-0.185963
-0.128997
-0.004927
0.114958
0.092944
0.069219
0.003956
-0.058900
-0.092814
-0.042351
0.014752
0.030315
-0.012077
-0.055304
0.066712
0.114268
0.018141
-0.131220
-0.069923
0.034921
0.025119
-0.007592
-0.097549
-0.060899
0.050837
0.118772
0.146880
0.007997
-0.206592
-0.149560
-0.044289
0.072720
0.047522
0.048960
0.082247
0.041605
0.011685
-0.098243
-0.136594
-0.089623
0.029034
0.076550
0.047112
-0.069338
-0.074760
-0.035425
0.192978
0.137554
-0.134801
-0.045953
0.079441
0.081897
-0.171398
-0.254191
-0.190888
0.026026
0.190726
0.270235
0.237996
-0.033675
-0.301998
-0.312702
-0.038707
0.006516
0.064805
0.086237
0.183832
0.157185
-0.090844
-0.258959
-0.196113
0.074929
0.191530
0.066581
-0.134594
-0.133695
0.002012
0.139342
0.073067
-0.034283
-0.103018
-0.063754
0.001422
0.067049
-0.019783
-0.080986
-0.038311
0.077739
0.156674
-0.010208
-0.072862
-0.140826
0.012571
0.102112
0.070828
-0.010883
-0.077522
-0.063511
-0.039288
0.109177
0.117294
-0.032052
-0.125765
-0.037914
0.070044
0.139327
-0.007389
-0.108629
-0.015749
0.092190
0.014058
-0.091416
-0.049606
0.039680
0.152787
0.090766
0.009866
-0.132157
-0.155279
-0.036129
0.145565
0.180130
-0.019272
-0.062156
0.011375
0.088853
0.000710
-0.110127
-0.085873
0.067596
0.171038
0.126239
-0.039109
-0.159782
-0.060325
0.080328
0.109530
-0.010092
-0.077799
-0.054015
0.095325
0.168660
0.069144
-0.079179
-0.104636
-0.021648
0.029726
0.030120
-0.023938
-0.005115
0.093245
0.175873
0.098430
-0.042137
-0.166601
-0.084111
0.051550
0.051267
-0.052761
-0.116256
0.071857
0.241544
0.154590
0.037540
-0.154428
-0.161649
0.072523
0.131843
0.075949
-0.094556
-0.129215
-0.054850
0.111597
0.123506
0.094688
0.081119
0.029296
0.006554
-0.140411
-0.207953
-0.110273
0.160867
0.277796
0.216132
-0.005849
-0.167281
-0.160111
-0.042740
0.130080
0.139392
0.029463
-0.085167
-0.057720
0.052424
0.071667
0.005455
-0.006705
-0.002841
0.083117
0.076774
-0.060837
-0.114017
-0.061719
0.076854
0.167272
0.104661
-0.088635
-0.113901
-0.038339
0.067390
0.101505
0.057596
-0.043698
-0.078979
-0.016099
0.052246
0.091367
-0.016036
-0.040925
-0.065895
0.073090
0.065823
-0.032728
-0.035856
-0.009259
0.074165
0.065189
0.008554
-0.108032
-0.093968
-0.008052
0.085174
0.115879
0.082252
0.035741
-0.022848
-0.066409
-0.073844
-0.121597
-0.053436
0.058335
0.145168
0.135340
0.014539
-0.028719
-0.059300
-0.103462
-0.065683
0.070979
0.080902
-0.000382
-0.037200
0.063438
0.031650
-0.054485
-0.038901
0.060164
0.057691
-0.087780
-0.072130
-0.020199
0.067209
0.045469
0.034543
0.044870
-0.029942
-0.068477
-0.079516
0.010554
0.044756
0.045972
0.032250
0.012311
0.059642
0.027543
-0.128526
-0.156144
0.011794
0.120912
0.103358
-0.049048
-0.086243
0.025650
0.098166
0.088845
-0.022657
-0.132951
-0.169838
-0.024472
0.162188
0.187590
-0.012000
-0.135351
-0.078868
0.026971
0.115255
0.015691
-0.068327
-0.039593
0.043398
0.035587
0.022707
-0.095105
-0.130218
0.044893
0.086045
0.106017
0.034144
-0.090657
-0.112633
0.052048
0.132715
0.061882
-0.063961
-0.175165
-0.101627
0.048100
0.108076
0.070872
0.055623
0.046276
-0.014308
-0.061530
-0.107805
-0.110461
0.006208
0.073363
0.129832
0.124935
-0.004439
-0.171325
-0.123967
0.048545
0.129358
0.021433
-0.130276
-0.071509
0.056900
0.090789
0.032579
-0.031992
-0.077740
-0.013719
0.044621
0.065964
-0.013870
-0.089540
-0.058582
0.030146
0.083880
0.009577
-0.061146
-0.059642
-0.009568
0.066926
0.073926
-0.015791
-0.082606
-0.094517
-0.024373
0.064773
0.067806
-0.028626
-0.086491
-0.065361
-0.030989
0.046878
0.088116
-0.001236
-0.110356
-0.102358
-0.018020
0.102541
0.083695
-0.058933
-0.082969
-0.052703
0.019737
-0.014827
-0.020739
-0.100287
-0.066731
0.092670
0.147270
0.073744
-0.181230
-0.229469
-0.129304
0.147015
0.201941
0.090829
-0.089054
-0.193851
-0.079238
0.066505
0.084141
-0.120636
-0.156020
-0.010070
0.211322
0.149584
-0.111170
-0.236260
-0.145643
0.081064
0.186673
0.076320
-0.143327
-0.188649
0.031815
0.168388
0.100377
-0.177323
-0.291026
-0.052702
0.206082
0.236067
-0.016619
-0.163644
-0.102516
0.026990
0.063135
-0.038850
-0.149227
-0.033891
0.082993
0.153998
0.095763
-0.124835
-0.203289
-0.108137
0.109538
0.150460
0.001263
-0.119223
-0.110958
0.056959
0.126825
0.001107
-0.108215
-0.104283
-0.000068
0.114158
0.133029
-0.056610
-0.118563
-0.049437
0.037657
0.027524
-0.046763
-0.051049
0.041654
0.095350
-0.013749
-0.031539
-0.148464
-0.086160
0.075013
0.129292
0.098416
-0.015311
-0.142552
-0.153954
0.006990
0.145131
0.120633
-0.048500
-0.113005
-0.063776
0.063580
0.018526
-0.112093
-0.122051
0.024486
0.258332
0.245086
-0.099039
-0.284603
-0.161761
0.029737
0.112226
0.057241
-0.017220
-0.069166
0.057546
0.101883
0.038241
-0.108222
-0.137297
-0.005805
0.058207
0.077823
0.025418
-0.051246
-0.118368
-0.023114
0.096436
0.133584
-0.052204
-0.126109
0.028922
0.073275
-0.004968
-0.120153
-0.051108
0.074266
0.091350
0.020649
-0.035118
-0.069682
-0.029390
-0.017335
0.008872
0.047163
0.040737
0.002431
-0.066948
-0.034007
0.055059
0.095290
-0.027386
-0.113629
-0.057812
0.020205
0.014442
0.017071
0.051432
0.044174
-0.011196
-0.055205
-0.070316
-0.050962
-0.001930
0.019701
0.060956
0.066977
0.006147
-0.026096
-0.025782
-0.062660
-0.018388
0.019332
-0.042605
-0.061458
0.015013
0.065934
0.100161
0.033122
-0.067452
-0.084398
-0.030140
-0.009696
-0.018431
0.072039
0.059469
0.006028
-0.086707
-0.070098
0.000513
0.035886
0.023427
0.025966
0.072570
-0.042807
-0.122665
-0.088327
-0.007274
0.049124
0.101224
0.105517
0.022862
-0.100026
-0.151932
-0.016010
0.106128
0.044672
-0.054294
-0.071118
0.078712
0.112608
-0.017206
-0.124934
-0.058082
0.083420
0.074737
-0.024161
-0.092240
-0.072032
-0.016479
0.131242
0.173079
0.101613
-0.152711
-0.248221
-0.065763
0.157358
0.123338
-0.039389
-0.066394
-0.013107
0.136644
0.095326
-0.007231
-0.164676
-0.088395
0.048731
0.115563
0.059107
-0.067638
-0.081349
0.000486
0.156602
0.116016
0.020535
-0.219751
-0.183465
0.033456
0.193504
0.187420
-0.029032
-0.117725
-0.092739
0.071688
0.104049
0.004476
-0.122325
-0.085020
0.088611
0.143813
0.098430
-0.049571
-0.169733
-0.076848
0.147915
0.211931
0.003355
-0.209132
-0.126070
0.063867
0.179956
0.087369
-0.012557
-0.037290
-0.074088
-0.024589
0.054004
0.077242
-0.050961
-0.042802
0.065224
0.130800
0.035493
-0.142503
-0.119952
0.072107
0.224002
0.137026
-0.067872
-0.159036
-0.111932
0.045825
0.194462
0.126013
-0.035480
-0.052611
0.015329
0.043871
0.003716
-0.092454
-0.036577
0.085527
0.138156
0.129349
0.008815
-0.141421
-0.113708
0.029332
0.123958
0.123316
0.036982
-0.038281
-0.014293
0.017302
-0.029424
-0.049311
0.035982
0.148938
0.177602
0.065282
-0.147736
-0.180430
-0.022194
0.152113
0.173923
0.071665
-0.040626
-0.101712
-0.046174
0.019609
0.034384
0.003017
0.036463
0.105670
0.132549
-0.001066
-0.130003
-0.108131
-0.077715
0.126386
0.185981
0.060327
-0.070276
-0.048717
0.044647
0.053299
-0.029682
-0.122806
-0.039851
0.045866
0.126133
0.119836
0.031250
-0.160676
-0.145470
0.016212
0.151742
0.072660
-0.070573
-0.068162
0.011246
0.104749
-0.026574
-0.093307
-0.077762
0.038310
0.115607
0.155971
0.017900
-0.159443
-0.148189
-0.009018
0.156926
0.104019
-0.037396
-0.131303
-0.059904
0.043884
0.120222
0.038234
-0.079792
-0.111278
-0.014046
0.121689
0.092612
-0.078753
-0.195537
-0.051648
0.123580
0.174357
0.026048
-0.114917
-0.120133
-0.019610
0.096335
0.109608
0.011510
-0.130538
-0.129506
0.002732
0.153135
0.114006
-0.074422
-0.140057
-0.054628
0.104381
0.145476
-0.002726
-0.146768
-0.141455
0.029889
0.133626
0.069716
-0.065798
-0.104985
-0.007631
0.059524
0.054844
-0.020202
-0.097034
-0.080421
0.035467
0.135228
0.100004
-0.053456
-0.141983
-0.064608
0.053022
0.080554
-0.001084
-0.056708
-0.052388
-0.005285
0.083227
0.043128
-0.064840
-0.119582
-0.048860
0.047109
0.079681
0.066112
-0.072295
-0.081199
-0.027705
0.036948
0.069959
-0.019037
-0.081935
-0.065489
0.047036
0.078453
0.038223
-0.045749
-0.099749
-0.038844
0.033804
0.077752
0.035073
-0.043746
-0.063711
-0.022325
0.029004
0.011515
-0.024035
-0.044916
-0.000933
0.024111
0.018569
0.001277
-0.033493
-0.052874
-0.043866
0.034530
0.048521
0.036149
-0.043356
-0.079974
-0.031151
0.033432
0.044705
-0.015145
-0.029682
-0.034726
0.009970
-0.000211
-0.000818
0.002477
-0.040414
-0.044864
-0.004361
0.026104
-0.017546
-0.039475
-0.044991
-0.002987
0.013902
-0.003970
-0.010335
-0.019763
-0.022540
-0.033167
-0.006939
-0.013770
-0.015230
-0.031372
-0.034753
-0.019135
0.007502
0.027401
0.001795
-0.053952
-0.096370
-0.040621
0.017135
0.038194
-0.000154
-0.066067
-0.079694
-0.016244
0.039953
0.064892
0.003067
-0.088570
-0.096659
-0.020837
0.067681
0.016045
-0.066671
-0.099990
-0.019516
0.056163
0.032076
-0.002375
-0.066649
-0.084637
-0.028478
0.049012
0.050394
-0.021775
-0.123775
-0.086003
0.067861
0.111831
0.043384
-0.085785
-0.159396
-0.108470
0.072259
0.132064
0.040244
-0.106484
-0.133061
0.012287
0.117427
0.094189
-0.060472
-0.113511
-0.098301
0.008932
0.086569
0.079976
0.004330
-0.100032
-0.051585
0.026193
0.088351
-0.000129
-0.095850
-0.098401
-0.014375
0.074572
0.083623
0.013830
-0.074397
-0.078848
0.001245
0.093574
0.049204
-0.021026
-0.094305
-0.052345
-0.003302
0.044907
0.052900
0.033647
-0.008492
-0.080230
-0.055684
-0.028531
0.029509
0.040606
0.009700
-0.012454
0.001983
-0.001981
0.008554
-0.018434
-0.041160
-0.030982
0.014687
0.035831
0.016368
-0.018094
-0.070672
-0.021319
0.031370
0.052932
0.007047
-0.064348
-0.077057
-0.034114
0.011398
0.041310
0.052400
0.020815
-0.038333
-0.066515
-0.053915
-0.004602
0.039218
0.047729
0.006434
-0.024058
-0.055460
-0.048396
-0.005340
0.007095
0.015133
0.004862
0.015217
0.005125
0.013091
-0.037763
-0.039861
-0.023320
0.005968
0.027405
0.018346
0.005012
-0.025791
-0.016808
0.002766
0.042259
0.045584
-0.012322
-0.071670
-0.083330
-0.015040
0.048939
-0.043988
0.083745
0.045643
0.030597
0.008553
0.033800
0.024981
-0.114287
-0.082944
-0.121477
0.089047
-0.025000
0.142433
0.165072
0.051570
0.018294
-0.103257
-0.034086
-0.074505
-0.001888
-0.040629
0.035306
0.015439
0.045978
0.064265
0.090526
0.038978
-0.050950
-0.066871
-0.032902
0.058870
-0.040588
-0.015010
0.031256
0.073373
0.064494
0.031716
0.009919
0.011533
-0.004319
-0.113183
-0.079709
0.051371
0.104217
0.169254
0.175549
0.061254
-0.120779
-0.159401
-0.102387
-0.032790
0.035749
0.054122
0.166503
0.243842
0.112239
-0.158452
-0.246566
-0.134620
0.079710
0.178960
0.155487
0.047255
-0.056433
-0.056495
-0.023628
0.056641
0.053692
0.031713
0.027743
0.016980
-0.006873
-0.004780
0.016262
0.100230
0.121582
0.048242
-0.086375
-0.128229
-0.082721
0.003124
0.192453
0.149849
0.099658
0.038446
-0.050848
-0.132078
-0.135074
0.000483
0.088198
0.124439
0.067485
0.027904
0.070831
0.083253
0.005028
-0.065944
-0.150502
-0.101014
-0.004440
0.105831
0.160564
0.160084
0.128463
-0.047198
-0.132517
-0.105203
-0.019314
-0.009519
-0.001689
0.049748
0.064691
0.040765
-0.000789
-0.000950
0.065978
0.133279
0.069771
-0.054999
-0.168182
-0.243749
-0.146871
0.093918
0.283469
0.328734
0.209645
-0.021008
-0.237028
-0.307929
-0.235423
-0.066801
0.141217
0.258847
0.212135
0.068214
-0.083563
-0.154627
-0.148591
0.018050
0.195802
0.171679
-0.007352
-0.231824
-0.222703
-0.058004
0.107601
0.183355
0.174782
0.080553
-0.064684
-0.162653
-0.148677
-0.076135
-0.016350
0.089919
0.141999
0.091460
0.002370
-0.020983
-0.035769
-0.045349
-0.073216
-0.077452
-0.025067
0.029257
0.064545
0.066532
0.039710
0.005743
-0.032169
-0.055811
-0.067038
-0.058594
-0.012006
0.046200
0.099834
0.041958
0.015117
-0.022440
0.008400
0.022171
-0.056338
-0.137930
-0.148592
-0.002119
0.112594
0.174993
0.110847
-0.001749
-0.081145
-0.063207
-0.070303
-0.072038
-0.025105
0.061395
0.130553
0.135229
0.014201
-0.153700
-0.146652
-0.029525
0.133096
0.137055
0.043857
-0.106592
-0.113776
-0.023441
0.078624
0.046045
-0.004680
-0.006918
0.003571
0.097843
0.022688
-0.050708
-0.097364
-0.003582
0.025036
0.032233
0.030749
-0.006015
0.015973
-0.009403
0.001916
-0.009779
-0.034053
-0.053347
-0.030081
0.052635
0.105920
0.069182
0.002524
-0.096804
-0.107106
-0.038691
0.051893
0.068334
0.022906
-0.015912
-0.045976
-0.019640
0.005584
0.009826
-0.033763
-0.030342
0.020587
0.059500
0.036172
-0.070185
-0.114105
-0.066638
0.017398
0.067285
0.050243
-0.025995
-0.064084
-0.003870
0.009639
-0.012119
-0.047689
-0.084757
-0.059810
0.026444
0.080369
0.053383
-0.040932
-0.089577
-0.046764
0.003709
-0.011747
-0.045075
-0.048386
-0.024748
0.015717
0.030970
0.002704
-0.070243
-0.068516
-0.019192
0.028504
-0.000415
-0.049473
-0.051589
-0.041483
-0.000266
0.009104
-0.001021
-0.029602
-0.051038
-0.014604
0.006200
-0.023191
-0.061233
-0.064398
-0.051839
0.011953
0.044794
0.014506
-0.035775
-0.036727
-0.025984
-0.021878
0.004566
-0.032591
-0.029018
-0.033611
-0.047187
-0.017207
0.009537
-0.000361
-0.001535
-0.007535
0.004576
-0.028350
-0.044813
-0.062821
-0.061775
0.004492
0.044352
0.069243
0.009060
-0.027729
-0.046727
-0.056241
-0.037884
-0.040003
-0.023536
0.028365
0.051800
0.030879
-0.001781
-0.045781
-0.083631
-0.052223
-0.004653
0.061193
0.046483
0.035540
-0.001293
-0.007162
-0.026732
-0.097216
-0.071860
-0.033911
0.048737
0.069296
0.085226
0.015762
-0.055939
-0.105825
-0.036000
0.005388
0.033173
0.034149
-0.015207
0.010118
-0.040177
-0.031769
-0.050155
0.024652
0.047149
0.046184
0.038090
-0.028091
-0.051320
-0.082486
-0.057964
-0.011716
0.040318
0.077378
0.070431
-0.011399
-0.058273
-0.089563
-0.036245
0.001621
-0.007488
0.012013
0.020619
0.064908
0.014452
-0.017022
-0.057931
-0.060227
-0.027886
-0.018444
0.012620
0.018807
0.013440
-0.006653
-0.003041
-0.012401
-0.003555
-0.013101
-0.030209
-0.016043
0.001962
-0.007711
-0.005970
0.009479
0.023422
0.014354
-0.002007
-0.028681
-0.048665
-0.031905
-0.051826
-0.012070
0.025548
0.070806
0.037998
-0.000143
-0.030275
-0.062952
-0.042890
-0.044516
0.011168
0.017286
0.062851
0.040642
0.016234
-0.009444
-0.041548
-0.052633
-0.052561
0.007737
0.013343
0.035521
0.008522
0.022150
-0.006157
0.012040
-0.020179
-0.038986
-0.004992
-0.002607
0.045266
-0.011073
0.025719
-0.019911
0.018639
-0.000542
-0.011565
0.031202
-0.029959
0.020743
-0.008022
0.048037
-0.004144
-0.017533
0.012054
0.003557
0.043004
0.010877
0.022241
-0.015496
-0.028687
0.004674
0.047250
0.066210
-0.000992
-0.028282
-0.022097
0.007939
0.068889
0.047229
0.018504
-0.027105
-0.020599
0.040002
0.041459
0.018786
-0.007939
-0.000206
0.032155
0.052579
0.063139
-0.005847
-0.059576
-0.020966
0.027432
0.073985
0.043038
0.017528
0.015198
0.014547
0.040777
0.031966
0.004648
-0.048948
-0.042127
0.044795
0.080277
0.081582
0.034248
-0.017452
-0.012848
0.001767
0.013317
0.010882
0.028855
0.019385
0.030888
0.047790
0.019666
-0.006173
-0.023158
0.017243
0.052635
0.050424
0.014944
-0.010636
-0.004744
0.034167
0.032915
0.029597
0.017757
-0.001599
0.018456
0.012608
0.033495
0.003174
0.005089
0.021307
0.037532
