-0.014325
0.024901
0.033527
-0.019036
-0.007712
0.015494
0.026370
-0.041748
-0.024349
0.000608
0.029684
-0.013668
-0.017720
0.051923
0.038039
-0.008783
-0.064511
-0.015355
0.009323
0.023747
-0.000978
0.009469
0.022195
-0.007950
-0.018263
-0.020716
0.030232
0.024223
-0.014902
-0.017038
0.025990
0.030857
-0.028790
-0.033746
0.026220
0.055117
0.023659
0.001751
-0.002093
-0.003059
-0.039601
-0.038260
0.007309
0.063434
0.044833
0.006302
-0.014760
-0.013695
-0.008216
-0.027765
0.019367
0.040745
0.047868
-0.014359
-0.024449
0.020497
0.011536
-0.023589
-0.035252
0.031373
0.077340
0.029129
-0.016494
-0.019929
0.001851
-0.003063
-0.005753
0.025240
0.019960
0.009519
-0.013685
0.011873
0.021197
0.004708
-0.028948
-0.010215
0.036482
0.021352
-0.007117
-0.022313
0.024613
0.027531
-0.013675
-0.039618
0.000581
0.037660
0.012106
-0.001937
0.001190
0.028441
0.010912
-0.006734
-0.023707
0.006841
0.014403
-0.017685
-0.010693
0.016206
0.045060
0.006814
-0.012464
-0.018309
-0.000039
-0.038144
-0.036824
0.005921
0.064828
0.023715
-0.035233
0.001654
0.018287
0.037618
-0.032378
-0.044679
-0.025647
0.026504
0.010559
0.005125
0.031398
0.024134
-0.028707
-0.072962
-0.002084
0.041792
0.041432
-0.017222
-0.026200
-0.010502
0.001493
-0.003885
0.001424
0.012214
-0.001134
-0.025876
0.001715
0.021627
0.002505
-0.029327
0.000364
0.029822
0.007878
0.015844
-0.025593
-0.026305
-0.026242
0.018452
0.043920
0.043402
-0.013472
-0.057517
-0.030538
0.010461
0.034252
0.029617
-0.003524
-0.043456
-0.030411
-0.002161
0.050200
0.033191
0.015849
-0.021613
-0.018888
-0.034474
-0.012698
-0.013323
0.009463
0.047645
0.026213
0.037023
0.012340
-0.023936
-0.095404
-0.055487
0.030095
0.088600
0.041794
-0.010393
-0.013955
-0.007005
-0.028883
-0.032719
-0.014554
0.007332
0.035688
0.039393
0.022850
-0.044775
-0.033468
-0.041442
-0.012196
-0.002712
0.037638
0.063824
-0.021697
-0.042686
-0.075342
-0.011326
0.055174
0.059415
0.041781
-0.044458
-0.045490
-0.046979
-0.006994
0.003529
0.025285
0.050776
-0.001867
0.007039
-0.042691
-0.042820
-0.032092
0.051635
0.038233
0.001342
-0.014776
-0.061568
-0.017599
-0.018806
0.076563
0.081410
0.042403
-0.059640
-0.069339
-0.039404
-0.026050
0.051485
0.054910
0.047294
-0.020492
-0.012518
-0.029148
-0.026969
-0.024615
0.003468
0.035914
0.018685
0.025262
-0.024349
-0.047832
-0.056450
0.023358
0.069016
0.050196
-0.010912
-0.061632
-0.037615
-0.033338
0.007427
0.008419
0.044438
0.051674
0.042473
-0.044511
-0.082434
-0.027214
0.033096
0.051707
0.008095
0.023314
-0.014373
-0.011213
-0.044079
-0.041616
-0.049651
0.049988
0.076029
0.034476
0.002395
-0.072726
-0.021889
0.020747
0.083450
0.014922
-0.022257
-0.059557
-0.082285
-0.063356
-0.012481
0.038886
0.057190
0.112636
0.071007
-0.033225
-0.127358
-0.132178
-0.065221
0.046529
0.082132
0.033483
-0.012407
-0.003840
-0.030052
-0.027522
-0.001972
0.009276
0.035984
0.026253
-0.008450
-0.109304
-0.085702
-0.059521
0.005929
0.025591
0.040235
0.095922
0.098501
0.050157
-0.106620
-0.125675
-0.087277
-0.017133
0.046877
0.053616
0.009938
-0.027285
-0.000414
0.052419
0.053647
0.014062
-0.031973
-0.081262
-0.097036
-0.031950
0.006058
0.056001
0.080052
0.055558
0.014242
-0.040321
0.020600
0.005825
-0.039689
-0.118667
-0.084760
0.022066
0.085557
0.076985
0.040079
0.011020
-0.027782
-0.026357
-0.052811
-0.007760
0.012455
0.029100
0.010445
-0.017947
-0.032709
-0.029789
0.009641
0.024830
0.044367
0.019320
-0.028665
-0.062928
-0.048218
0.005622
0.058954
0.021308
-0.045326
-0.037536
-0.003264
0.010324
-0.034646
-0.029106
0.015757
0.056705
0.029257
-0.032078
-0.052475
-0.080031
-0.043907
0.012585
0.063191
0.049554
-0.006587
-0.065686
-0.068748
-0.005611
0.018687
0.021069
-0.031051
-0.027043
-0.002196
0.012844
-0.002976
0.015209
0.007013
-0.039842
-0.027926
-0.053058
-0.014740
-0.023525
-0.006563
0.041191
0.088489
0.040859
-0.050784
-0.094231
-0.097864
-0.011078
0.046816
0.075492
0.038285
0.009082
-0.056401
-0.069801
-0.017365
0.014362
0.006840
0.003624
0.008785
0.006242
0.015819
-0.017819
-0.022217
-0.006691
0.009131
-0.011003
-0.014211
0.022086
0.049700
0.031475
-0.038754
-0.059348
-0.007253
0.029353
0.025266
0.005017
-0.002184
0.016870
0.023578
0.005856
-0.034668
-0.025422
-0.015995
0.016885
0.055477
0.038170
0.018331
-0.019513
-0.016951
0.006167
0.039245
0.029146
-0.000179
-0.009158
-0.006508
0.001862
0.014684
-0.004769
0.007116
0.026164
0.067201
0.057619
-0.011119
-0.065443
-0.081425
0.027616
0.079718
0.072644
0.003175
0.013938
-0.026461
-0.022950
-0.013412
-0.007040
0.021491
0.033723
0.036514
-0.002489
-0.010134
-0.039631
-0.016442
0.063219
0.067622
0.027292
-0.036833
-0.105827
0.023937
-0.011503
0.069406
0.057163
0.066617
0.002814
-0.095895
-0.047554
-0.057660
0.033802
0.015908
0.088652
0.050376
0.021104
-0.084990
-0.066153
-0.022222
0.039114
0.063711
0.006258
0.009121
-0.040297
-0.011735
-0.038647
0.027869
-0.003506
0.010401
-0.022247
-0.025470
0.035539
0.063495
0.055561
-0.055677
-0.023083
0.005673
0.038631
0.010151
0.001686
-0.028248
-0.077683
-0.044819
0.012173
0.108240
0.107683
0.034423
-0.074393
-0.103703
-0.052728
0.027388
0.058630
0.024895
0.011712
0.006882
0.025531
-0.019850
-0.034026
-0.019232
0.030650
0.036387
0.025569
0.005348
-0.024319
-0.020548
0.061984
0.108016
0.006501
-0.063406
-0.113012
-0.025868
0.000825
0.067840
0.093597
0.109354
-0.014017
-0.090749
-0.171084
-0.156744
0.116697
0.103214
0.073193
0.109620
0.089102
-0.074645
-0.095108
-0.061798
0.028055
0.037121
-0.021250
-0.055205
0.072566
0.031259
-0.064648
0.051129
0.082060
0.076332
-0.067734
-0.061212
-0.065333
0.012339
-0.000744
0.006618
0.044301
0.050090
0.020294
-0.065059
-0.026625
-0.035303
0.027915
0.027113
0.011581
-0.015052
-0.040040
-0.006087
0.021042
0.057398
-0.008389
-0.049438
-0.035349
0.001703
0.053386
0.014502
-0.041301
-0.055705
-0.046249
0.016988
0.007505
-0.062151
0.028874
0.017292
0.024262
0.094337
0.084121
-0.013564
-0.163837
-0.116688
-0.090493
0.026182
0.101197
0.111719
0.134846
-0.000498
-0.079379
-0.165007
-0.081195
0.006689
0.068803
0.104771
0.039951
0.000643
-0.060094
-0.061884
-0.087087
0.005513
0.074097
0.067294
0.029972
-0.032959
-0.067612
-0.059171
0.038247
0.064344
-0.009751
-0.061514
-0.049200
0.028045
0.078850
0.058558
-0.011896
-0.050786
-0.002583
-0.007568
-0.041008
0.002483
0.015731
0.009955
0.081192
0.015372
-0.044099
-0.106932
-0.020496
0.066708
0.091907
0.066193
-0.091222
-0.079589
-0.071313
0.029063
0.045719
0.070484
-0.004958
-0.054542
-0.005000
-0.037407
0.002488
-0.002962
0.040204
0.019641
0.049956
0.012455
-0.065553
-0.073592
-0.094352
0.000346
0.084565
0.109542
0.042103
-0.048363
-0.107103
-0.069978
-0.009830
0.033831
0.060359
-0.020255
-0.005044
0.007911
0.015824
-0.037496
-0.019928
-0.009683
0.019270
0.034841
0.011614
-0.038308
-0.031068
-0.035701
-0.000549
0.092356
-0.097668
0.037094
-0.025092
-0.011564
0.006425
0.123269
0.142645
-0.080836
-0.064583
-0.135886
-0.064808
-0.033484
0.038137
0.114207
0.180590
0.061300
-0.103729
-0.189663
-0.093110
0.008719
0.096403
0.027250
-0.055986
0.059031
0.055001
-0.030917
-0.000204
0.058169
-0.034193
-0.051911
-0.046486
-0.022501
-0.047531
0.003866
0.079901
0.165181
0.059372
-0.122396
-0.145633
-0.055147
0.021644
-0.002376
0.048603
0.096321
0.073482
-0.044355
-0.138569
-0.120134
0.016973
0.126027
0.106927
-0.006962
-0.100561
-0.092564
-0.013971
0.074094
0.059895
-0.037842
-0.075948
-0.020175
0.037327
0.040665
-0.023762
-0.034100
-0.023939
0.036864
-0.016698
-0.051605
-0.050287
-0.019693
0.053173
0.021034
0.024629
-0.045389
-0.021274
-0.079331
0.020146
-0.035033
-0.007034
0.051565
0.001130
0.030009
-0.015057
0.033955
-0.085938
-0.029543
-0.064651
-0.009910
0.019381
0.027974
0.040690
0.023368
-0.009798
-0.089378
-0.033570
-0.015568
0.027486
-0.011714
-0.008439
-0.017215
0.024834
0.010908
-0.031967
-0.005658
0.000538
-0.008056
-0.008313
0.009054
-0.011467
-0.018320
-0.026381
-0.001824
-0.002624
0.023934
0.007435
-0.023021
-0.026338
0.012817
-0.026075
-0.103051
-0.019833
0.022161
0.098139
0.111579
0.106649
-0.004551
-0.104366
-0.117625
-0.121005
-0.057290
-0.001794
0.098591
0.172712
0.159332
0.020219
-0.133816
-0.190270
-0.090559
0.044870
0.114781
0.085283
-0.014599
-0.047015
-0.032641
-0.022231
0.008908
0.054422
0.049589
0.026869
0.003154
-0.077505
-0.096671
-0.047067
0.073065
0.018027
0.052422
0.080200
0.036612
0.043102
-0.052011
-0.051457
-0.082122
0.030597
0.044440
0.045497
-0.016493
-0.064344
0.044715
0.088442
0.066820
-0.047553
-0.091106
-0.046087
0.044709
0.054256
0.016149
-0.014158
0.010653
0.005595
0.014049
-0.018309
0.032124
-0.070013
-0.093269
0.040532
0.037134
0.109607
0.087725
0.161601
-0.030701
-0.167515
-0.183283
-0.104576
0.049019
0.080793
0.180351
0.155378
0.098655
-0.105840
-0.211297
-0.176691
-0.008010
0.139328
0.140397
0.065281
-0.025467
-0.057945
-0.080410
-0.027706
0.039122
0.078328
0.054618
-0.027022
-0.104829
-0.099625
0.042854
0.122813
0.101685
-0.008634
-0.113154
-0.052678
-0.013539
0.028114
-0.004050
-0.022168
0.030305
0.085911
0.088780
-0.064200
-0.152697
-0.114523
0.062380
0.112686
0.086033
-0.015870
-0.114625
-0.016654
0.002444
0.097395
0.004100
-0.002370
-0.078519
0.042859
0.087188
0.029605
-0.069738
-0.161460
0.004355
0.093128
0.215905
-0.019297
0.032098
-0.271981
-0.028363
0.028971
0.061300
0.079398
0.051325
0.173457
-0.115081
0.016437
-0.212309
-0.075613
-0.010320
0.122665
0.152276
0.239327
-0.106967
-0.159160
-0.151851
-0.094778
0.163952
0.143619
0.248450
-0.135851
-0.068101
-0.191723
-0.097820
0.002096
0.134150
0.262400
0.199498
-0.010672
-0.297946
-0.273063
-0.092491
0.188966
0.221319
0.160505
0.009046
-0.076928
-0.122852
-0.149550
-0.069904
0.085261
0.177860
0.162357
0.029209
-0.169174
-0.203837
-0.097929
0.149309
0.077004
-0.043335
0.047954
-0.003951
0.043442
-0.003314
0.112577
-0.020178
-0.011819
0.000794
-0.118812
-0.104950
-0.111092
0.089332
0.206196
0.242069
0.009279
-0.206453
-0.226686
-0.054204
0.066535
0.149213
0.063923
-0.003046
-0.027306
-0.039207
-0.021060
-0.044561
0.001771
0.009660
0.068835
0.024202
-0.020573
-0.106222
0.003696
0.029247
-0.009601
0.001288
0.001847
0.073970
-0.062344
-0.022585
-0.072860
0.045033
0.115341
0.064302
-0.029854
-0.170171
-0.090054
-0.030040
0.122541
0.088572
0.062265
-0.048363
-0.053738
-0.057814
-0.002952
0.014474
-0.030684
0.033450
-0.004201
0.032860
-0.019224
-0.017165
-0.046767
-0.004369
0.084730
0.045263
-0.038697
-0.076242
-0.078121
-0.021930
0.031187
0.064451
0.057244
-0.008878
-0.019830
-0.060426
0.022583
-0.015858
-0.009322
-0.039289
-0.004801
0.053598
0.025045
0.021197
-0.055807
0.009728
-0.033563
0.017961
-0.127327
0.063809
-0.033153
-0.044740
0.113184
0.016141
0.051519
-0.015542
0.171191
-0.078884
-0.118332
-0.086881
-0.065537
-0.023173
0.038128
0.155424
0.204552
0.121453
-0.154140
-0.252855
-0.200844
0.018425
0.146204
0.219074
0.072222
-0.032639
-0.085010
-0.107745
-0.067298
-0.011232
0.126522
-0.011948
0.033742
-0.022537
-0.042017
0.000560
0.028696
0.091154
-0.090472
-0.027044
0.000914
0.083510
-0.042852
-0.107156
-0.070425
0.067162
0.167929
0.088329
-0.099596
-0.178605
-0.117061
0.047070
0.137306
0.122694
0.010690
-0.238992
-0.027912
0.013948
0.179066
0.019670
0.027751
-0.047443
-0.061707
-0.015200
-0.089915
-0.024335
-0.077085
0.119796
0.143197
0.179605
0.000042
-0.132327
-0.238361
-0.168871
0.023066
0.144064
0.165788
0.059244
-0.036108
0.035556
-0.014803
-0.128898
-0.110843
0.027237
0.057102
0.003187
0.060468
0.036596
0.021557
-0.066827
-0.066132
-0.034311
0.064412
0.046996
-0.041709
-0.019293
-0.061406
-0.055015
0.053325
0.061229
0.030667
-0.043317
0.028380
-0.000685
0.024872
0.050871
-0.075366
-0.145405
-0.123480
0.087202
0.183387
0.191144
-0.050287
-0.225933
-0.145312
0.033363
0.106313
0.069985
-0.016498
-0.071718
0.019972
0.059356
-0.017387
-0.085154
-0.039669
0.006277
0.021667
0.039037
0.001994
-0.013105
-0.009513
-0.003136
-0.012820
-0.063685
-0.047646
-0.067387
0.080618
0.001211
0.002167
0.070625
0.031649
0.014187
-0.134507
-0.058076
-0.091695
0.045313
0.038900
0.032787
0.022567
-0.074255
-0.007932
-0.016207
0.101051
-0.066303
-0.099725
-0.072245
-0.030940
0.094724
0.066935
0.047661
-0.051327
0.050240
0.022643
-0.076195
-0.096893
-0.072607
0.017263
0.034085
0.049593
0.042679
0.074004
0.034777
-0.172359
-0.101161
-0.033681
0.039410
0.087418
0.019253
0.063003
-0.027426
0.029321
-0.059814
-0.014753
-0.042627
-0.043888
-0.037333
-0.013122
0.069881
0.103472
0.092562
-0.052802
-0.078565
-0.103397
-0.033415
0.015653
0.074204
0.064935
0.009856
-0.064946
0.045633
-0.112789
-0.068212
0.043322
-0.016125
0.075819
0.202584
0.171312
-0.086638
-0.118015
-0.135180
-0.149570
-0.064600
0.102760
0.147359
0.177984
0.085926
-0.050354
-0.109671
-0.122032
-0.090971
0.007421
0.072306
0.094041
0.084508
0.029405
-0.072942
-0.107810
0.003666
0.002551
0.096674
0.050969
0.039634
-0.152979
-0.112986
0.060659
0.080399
0.091777
-0.010982
0.173562
0.031160
-0.055382
-0.203162
-0.156261
0.031671
0.089343
0.120999
0.081869
0.108298
-0.009446
-0.091148
-0.122589
-0.021488
0.001302
0.044195
0.044595
0.097799
0.076017
-0.054725
-0.090021
-0.032934
0.032469
0.015535
0.020179
0.070589
0.008330
-0.000468
-0.032715
-0.013663
0.051981
0.028989
0.067091
-0.016840
-0.000155
-0.045744
-0.046056
-0.036760
0.041320
0.097756
0.143822
0.064924
-0.091099
-0.123267
-0.122935
0.042265
0.081695
0.070752
0.035270
0.076768
-0.010031
-0.056172
-0.057215
-0.056504
0.029292
0.077121
0.074019
-0.007478
0.023166
-0.065144
-0.033814
-0.062303
-0.030328
0.031271
0.089628
0.109577
0.015607
-0.061967
-0.151253
-0.031899
-0.000703
0.093875
0.005048
0.046441
0.011484
-0.016716
0.010892
-0.053326
-0.010851
-0.073835
0.050215
0.045847
0.065254
-0.030478
-0.062620
-0.078027
0.022961
0.059200
0.053259
0.011031
-0.073254
-0.003678
-0.098861
0.026329
-0.063269
0.097631
-0.058175
0.041424
0.057061
-0.068233
-0.033343
-0.089148
0.153266
-0.007404
0.104285
-0.082904
-0.074801
-0.195063
-0.065682
0.124773
0.205737
0.157445
-0.095513
-0.105575
-0.137427
-0.018849
-0.050435
0.038674
0.025322
0.056147
-0.063498
0.096103
0.007780
-0.036801
0.005379
0.128408
0.095308
-0.147463
-0.102642
-0.128614
0.004507
-0.019016
0.107455
0.173968
0.170910
-0.002195
-0.150003
-0.214996
-0.149207
0.014413
0.154041
0.195798
0.011595
-0.084682
-0.107360
-0.025465
0.021223
0.084446
-0.028732
-0.044256
-0.049299
-0.031573
0.068801
0.076576
0.064257
-0.086949
-0.019183
-0.053821
0.034323
0.024211
-0.093350
-0.042730
0.022432
0.154721
0.106813
-0.024519
-0.163190
-0.135599
0.023127
0.131602
0.104928
0.001618
-0.123102
-0.082536
0.004144
0.107204
0.061872
-0.054431
-0.067379
0.012944
0.076143
0.026487
-0.050534
-0.104757
-0.016704
0.042331
0.135075
0.015190
-0.026500
-0.098235
-0.093261
0.060016
0.062901
0.074136
-0.037640
-0.005524
-0.071221
-0.025718
0.020292
0.042748
-0.023061
0.009510
0.010230
-0.005855
0.017090
-0.079655
0.070653
-0.044636
0.009467
0.026310
0.150517
0.031324
-0.119935
-0.067917
-0.091162
0.011971
0.032320
0.101975
0.116999
0.063634
-0.093221
-0.110623
-0.123825
-0.023830
0.077739
0.121679
0.044698
-0.009238
-0.019196
-0.084269
-0.107186
-0.023377
0.056192
0.119328
0.063753
-0.019670
-0.060551
-0.107937
0.021291
-0.013241
0.048662
-0.083284
0.019474
0.098570
0.052766
-0.053749
-0.103498
0.045632
0.010877
0.046207
-0.069151
-0.062776
-0.051324
0.053723
0.080669
0.084110
-0.055097
-0.117703
-0.012409
0.027094
0.052774
-0.031204
-0.031957
-0.060939
0.006511
0.052886
0.050827
-0.017085
-0.047170
-0.042874
0.012338
-0.007923
-0.050630
0.001440
0.023526
0.074169
-0.035557
-0.040604
-0.096584
-0.028789
0.069620
0.048323
0.055418
-0.076723
-0.037900
-0.042516
-0.001268
0.047888
-0.002283
-0.007590
0.012139
-0.066747
-0.006761
-0.023507
0.011969
0.022367
0.037466
0.070374
-0.066431
-0.040988
-0.129447
0.014862
0.058859
0.078327
0.037115
-0.017787
-0.057849
-0.028775
0.044158
-0.011934
-0.020925
-0.013715
0.071838
0.004993
-0.032572
-0.095245
0.007302
0.045050
0.071871
0.046824
-0.038068
-0.055062
-0.105747
0.039317
0.017959
0.048367
0.009687
0.015864
0.038410
-0.066444
-0.009393
-0.120304
-0.026200
0.017387
0.076489
0.073193
0.044912
0.022415
-0.085412
0.009095
-0.038315
-0.004767
-0.035004
0.012125
-0.010369
-0.000863
0.048758
0.042808
0.030091
-0.016466
-0.078913
-0.085991
-0.014840
0.067106
0.034800
0.007923
0.000556
-0.046265
0.049028
-0.054891
0.002604
-0.056816
0.034940
-0.002172
0.025840
0.011167
-0.012401
0.064718
-0.021604
0.012709
-0.117498
-0.047079
-0.043438
0.075717
0.043548
0.084075
0.031506
-0.035460
-0.112628
-0.112902
0.012349
0.041261
0.100296
0.049023
0.020936
-0.093282
-0.060723
-0.024840
0.046464
-0.008985
0.027322
0.001883
0.035125
-0.054937
-0.063191
0.014964
0.027765
0.050003
-0.008941
0.021553
-0.059799
-0.004852
-0.049482
0.000448
0.053747
0.097327
-0.014651
-0.050760
-0.060863
-0.024010
0.050238
0.005185
0.017495
-0.023971
-0.003462
-0.035109
0.017090
0.014633
0.009806
-0.020062
-0.022677
0.015170
0.031532
-0.012265
-0.044304
-0.019868
0.020051
0.043322
-0.008997
0.005746
0.000675
0.020344
0.003875
-0.013744
-0.047361
-0.038957
0.016969
0.062288
0.064611
0.020218
0.016550
-0.051051
-0.034581
-0.022630
0.014419
0.017463
0.049619
0.065166
0.024358
-0.028559
-0.105133
-0.047124
0.058482
0.087843
0.044458
-0.013580
-0.056822
0.009258
0.075419
0.070307
-0.031970
-0.064479
-0.067213
0.007900
0.050361
0.060018
0.019047
-0.011714
0.002814
-0.020121
0.000066
-0.031602
0.012153
0.046899
0.052855
-0.013038
-0.022641
-0.016423
-0.007158
0.005939
0.027411
0.050726
0.011124
-0.010398
-0.039485
-0.019197
0.007242
0.061805
0.031198
-0.026478
-0.057127
0.019236
0.064935
0.022096
-0.005296
-0.026971
-0.000086
-0.016626
0.046959
-0.004131
-0.033173
-0.023527
0.051508
0.054817
0.023072
-0.004378
-0.058672
-0.000596
-0.027989
0.060925
0.038486
0.022146
-0.012593
-0.030710
-0.005537
-0.030701
0.017418
0.003663
-0.020579
-0.039178
0.018968
0.094615
0.038847
-0.012494
-0.068068
-0.062346
-0.025212
0.040340
0.068683
0.015935
-0.035914
-0.075537
0.023420
-0.025425
0.022787
0.051961
0.104077
0.029003
-0.109587
-0.086164
-0.109706
0.017296
0.071777
0.126011
0.072460
-0.017929
-0.082824
-0.139337
-0.075333
0.031584
0.102079
0.090491
0.027658
-0.048945
-0.082208
-0.080662
0.021880
0.045803
0.016600
0.014713
0.007078
-0.020605
-0.028714
-0.004960
0.032653
0.012929
-0.012029
-0.017830
-0.041622
0.030104
0.030155
0.028893
-0.039986
-0.000703
-0.030799
0.011785
0.002036
-0.049418
-0.012826
0.027055
0.102036
0.012736
-0.014715
-0.123505
-0.019534
0.006396
0.034655
0.032808
-0.016217
0.015673
0.008841
0.003565
-0.047335
0.003957
-0.001312
-0.001890
0.016778
0.005558
-0.035446
-0.007825
-0.002019
-0.002418
0.055683
-0.019066
-0.026205
-0.032098
0.006220
0.013645
-0.037395
0.017923
-0.033293
0.023848
0.002889
0.010909
0.053177
0.014600
-0.016210
-0.067626
-0.039475
-0.001380
0.041187
0.049511
0.012092
-0.020967
-0.018670
-0.009617
0.021216
0.007658
-0.005809
0.002901
0.001245
0.012079
-0.017302
-0.016995
-0.017459
-0.023290
0.026322
0.035849
0.007961
-0.020070
-0.033747
-0.000769
0.012929
0.028367
-0.017157
-0.034184
-0.000659
-0.044693
0.016448
0.030256
0.048876
-0.004431
-0.050187
-0.060413
-0.009147
0.063453
0.010441
-0.001049
-0.030591
-0.024174
-0.016329
0.000947
-0.006303
0.035582
0.013931
0.008122
-0.011488
-0.034865
-0.046799
-0.034200
0.025591
0.036049
0.037156
-0.027788
0.000346
-0.032231
-0.023543
-0.026231
-0.006563
0.033563
0.030022
0.032080
-0.062218
-0.018753
-0.015861
0.008081
0.013297
-0.011062
0.028548
-0.031317
-0.054656
-0.020347
0.031465
0.016066
0.016176
0.031279
-0.012142
-0.021586
-0.046705
-0.019301
0.031263
0.000129
0.000392
0.003252
0.034977
-0.031459
-0.053681
0.025015
0.022201
0.032595
-0.008501
-0.012348
-0.018912
0.012308
-0.035388
-0.045167
0.050749
0.060988
0.030382
-0.014418
-0.029028
-0.020988
-0.005327
-0.015734
-0.014800
0.036474
0.033465
0.000588
0.023767
0.010298
-0.039414
-0.068735
0.053596
0.014992
0.002684
-0.019827
0.023773
0.023636
-0.026797
0.005414
-0.045588
0.020553
-0.003567
0.046626
-0.001706
0.022009
-0.063970
0.012154
0.009995
0.009223
0.025638
-0.050341
0.035344
-0.038782
0.012303
-0.085439
0.007760
0.046561
0.056657
0.013625
-0.047853
-0.019030
0.009135
0.005807
-0.029561
-0.007734
-0.031407
-0.000066
-0.002956
0.023442
0.015722
0.020907
-0.024152
-0.046488
-0.032628
-0.043856
-0.015410
0.049372
0.048282
0.010631
-0.041310
-0.050739
-0.043855
-0.009607
-0.007394
-0.040270
0.022330
0.069150
0.026721
-0.022015
-0.049858
-0.030044
-0.038334
-0.016855
0.039318
0.006958
0.003795
-0.021742
0.018807
0.007836
-0.040444
-0.072048
-0.064271
-0.000583
0.064767
0.100650
0.071690
-0.043285
-0.101988
-0.093715
-0.018896
0.054215
0.069863
0.040855
-0.053705
-0.052098
-0.000128
0.027461
0.024216
-0.023339
-0.061406
0.022166
0.006835
0.006425
-0.014313
0.031458
-0.007324
0.006402
-0.012385
-0.027394
0.000863
-0.036824
0.039953
0.040551
0.063365
-0.096827
-0.022563
-0.027674
0.030999
0.067271
0.059770
0.027510
-0.098970
-0.050496
-0.050195
0.030284
0.022495
0.104466
0.093264
-0.018298
-0.060205
-0.124144
-0.040401
0.049604
0.083684
0.124617
0.008885
-0.049480
-0.149400
-0.038762
0.060320
0.121820
0.077490
-0.042431
0.010655
-0.079785
-0.005218
-0.024704
0.042368
0.089454
0.042651
0.014931
-0.043529
-0.025994
-0.095827
0.014469
0.082363
0.078095
0.024436
-0.034524
-0.001406
-0.055599
-0.000892
-0.001842
0.067160
0.078698
0.006474
-0.060651
0.005203
0.009325
-0.033560
0.000768
0.030070
0.033958
-0.040717
-0.029665
-0.003557
0.057929
0.087362
0.045221
-0.090993
-0.000451
-0.031853
0.031371
-0.005748
0.034571
0.014767
-0.062715
0.004682
-0.009458
0.041545
-0.000659
0.002789
-0.033125
0.081793
-0.002588
0.018828
-0.087986
-0.054247
-0.037534
0.046832
0.136649
0.008157
0.001624
-0.117239
-0.012993
-0.032905
0.021111
-0.024129
-0.006672
0.051946
0.065943
0.026038
-0.071283
-0.113486
-0.106676
0.051750
0.096979
0.095231
-0.018468
-0.028727
-0.087107
-0.052141
-0.010405
0.016861
0.056944
-0.002988
0.019928
0.002633
-0.023585
-0.108643
-0.051121
0.036644
0.103921
0.058853
-0.032108
-0.066079
-0.061860
0.003054
0.064394
0.056374
-0.014863
-0.044843
-0.032865
0.044042
0.013648
-0.036326
-0.024196
0.049846
0.065596
0.020748
-0.032833
-0.055131
-0.006033
0.010325
0.041259
0.024633
0.005047
-0.001154
-0.031949
-0.004854
0.023404
0.014014
-0.006590
0.017764
0.027160
0.030080
-0.021451
-0.057397
-0.006748
0.032535
0.051451
-0.013001
-0.003685
0.032225
0.003873
-0.037761
-0.026468
0.012573
0.027863
0.049234
0.047827
-0.006934
-0.010342
-0.059984
-0.051955
0.030042
0.012505
0.030162
0.001276
0.018307
0.014016
-0.000378
-0.031956
-0.020077
-0.000388
-0.004253
0.010636
0.021966
0.006241
-0.043363
-0.050584
0.007369
0.069930
0.004704
-0.002549
-0.049340
-0.050051
-0.029745
0.016349
0.029311
0.046509
0.010276
-0.040777
-0.037354
-0.050574
-0.037203
0.026612
0.078472
-0.027946
-0.016749
-0.027225
-0.001812
-0.007087
-0.014242
-0.034144
0.007198
0.042662
-0.008344
-0.002692
-0.059213
-0.024522
0.040529
0.048400
-0.019354
-0.063023
-0.045648
0.013810
0.070818
0.020879
-0.022698
-0.029267
-0.064069
-0.016519
0.055901
0.056182
0.057557
-0.015343
-0.094717
-0.089026
-0.003667
0.014466
0.038408
0.070852
0.031560
0.051519
-0.044545
-0.062501
-0.086391
-0.027535
-0.002307
0.067607
0.122019
0.010041
-0.011775
-0.066468
0.003489
-0.038869
0.004212
-0.014328
-0.030187
0.002958
0.020791
0.099820
0.074946
0.016798
-0.096667
-0.090309
-0.045111
0.024750
0.023353
0.020885
0.026055
0.041758
0.052453
-0.031396
-0.033591
-0.032931
-0.008352
0.021422
0.000452
-0.013548
0.009679
0.033059
-0.025873
-0.023658
-0.024245
0.002971
0.034214
0.035140
0.042627
0.010970
-0.012960
-0.093137
-0.053705
-0.024047
0.013978
0.053037
0.049336
0.057306
0.013316
-0.014893
-0.090035
-0.054079
-0.068147
0.007678
0.045328
0.087771
0.049832
0.007248
0.029145
-0.076210
-0.066170
-0.130799
0.023233
0.040111
0.080197
0.012050
0.007703
0.015155
-0.009899
-0.060438
-0.074420
0.017370
0.004499
0.070993
0.004830
0.001108
-0.090891
-0.006560
-0.039037
0.072995
0.008138
0.030790
0.002286
-0.015200
-0.023753
-0.097470
-0.026587
-0.065830
0.087822
0.088098
0.124013
0.018077
-0.041391
-0.075098
-0.093355
-0.051567
-0.031099
0.008428
0.087386
0.029161
0.120223
0.034210
-0.013788
-0.100223
-0.152621
-0.046498
0.036452
0.131664
0.028580
0.028423
-0.019621
-0.004602
-0.025358
-0.013355
-0.041358
0.008891
0.033712
0.032025
-0.027316
-0.021935
-0.037535
0.029761
0.044778
0.032898
-0.011768
-0.030216
-0.015909
-0.053497
0.074213
-0.001841
0.021924
-0.035746
0.036498
-0.031199
-0.024414
-0.016973
0.003466
0.055203
0.008962
0.029290
-0.051217
0.013431
-0.067128
0.007852
-0.000143
0.046926
0.030006
-0.016032
0.019571
-0.061697
0.008059
0.019178
0.053146
-0.018714
-0.034290
-0.020745
-0.008615
0.031005
-0.008639
0.017796
-0.021897
0.018129
0.009191
-0.032275
0.029243
-0.006337
-0.007218
-0.037444
0.026985
-0.008826
-0.018180
0.017023
-0.054631
0.050748
0.013530
0.009283
-0.035806
-0.041426
0.002959
-0.007124
0.046101
-0.017369
0.021237
-0.035408
-0.024874
-0.029787
-0.042212
0.045937
0.028017
0.017693
-0.004574
-0.023763
-0.027959
-0.009758
-0.068236
-0.008442
-0.062765
0.163534
-0.101290
-0.017953
0.101056
-0.109898
0.131102
-0.049988
0.172934
-0.156213
-0.102878
-0.043413
-0.047062
0.074086
-0.025675
0.171877
0.063281
0.042808
-0.159210
-0.141115
-0.093776
0.037887
0.115727
0.066200
0.059294
-0.031203
-0.022879
-0.063440
-0.073163
0.016771
0.060368
0.077250
0.049566
-0.096431
-0.026668
-0.026123
0.066036
-0.006053
-0.043413
0.069436
-0.051709
0.138271
-0.073350
-0.024694
-0.025079
-0.006240
0.098747
-0.031894
0.043141
-0.149581
0.044060
-0.017210
0.110422
0.076640
-0.056122
-0.056754
-0.031069
0.085193
-0.112014
0.059559
-0.009709
0.034296
0.043193
0.063569
-0.026369
-0.041012
-0.047432
-0.069541
0.057843
0.077497
0.051364
-0.114481
0.058993
-0.046287
0.006222
0.002066
0.045223
0.045292
-0.007076
0.003680
-0.125292
0.011596
0.001741
0.040235
0.050870
0.056859
-0.015479
-0.072280
-0.000086
-0.027196
0.075193
-0.005483
0.002031
-0.014775
-0.016354
0.037020
-0.072923
0.080812
-0.019995
0.006280
-0.047558
0.006469
0.086331
0.009144
-0.098019
-0.018848
0.054808
-0.014521
-0.016035
0.012639
0.124667
-0.100295
-0.035961
-0.034141
0.029347
0.030580
-0.001639
0.043502
-0.076223
0.048194
0.001497
-0.022581
0.007349
-0.049397
0.055550
-0.019674
0.054192
-0.009172
-0.042765
-0.042467
-0.025209
0.118128
-0.011539
0.015116
-0.104394
-0.036426
0.047262
0.113593
0.035867
-0.097495
-0.062755
0.007353
0.072199
-0.071054
-0.031036
0.016626
0.071944
0.014222
0.013913
-0.025452
-0.083660
-0.015945
0.035210
0.075734
-0.059557
0.011271
-0.016364
-0.011566
0.006857
-0.021308
0.081573
0.007128
-0.028011
0.007287
-0.047291
-0.053786
0.026921
0.039770
0.060141
-0.015743
-0.018980
-0.054063
-0.050153
0.051545
0.026370
0.053676
0.027688
-0.095869
-0.047554
-0.066186
0.100517
0.079341
-0.039002
0.022382
-0.086078
0.042498
-0.073482
0.032570
0.055826
0.007970
0.038205
-0.070204
0.005284
-0.033153
0.006309
0.015401
0.074005
-0.023417
-0.013404
-0.067756
0.019417
0.111777
-0.044581
0.010461
-0.116794
0.094109
-0.042486
0.029575
0.010678
-0.012733
0.085209
-0.136224
0.063748
-0.099486
0.089980
-0.057150
0.023772
0.076012
-0.004901
0.019644
-0.161722
0.063845
-0.025158
0.146727
-0.050208
-0.044958
-0.007739
-0.034290
0.060631
-0.024482
0.031599
-0.014752
0.043733
-0.046247
0.030119
-0.007382
0.015929
-0.001817
-0.073389
0.056093
0.006554
0.014401
-0.018932
-0.033100
0.043226
-0.046478
0.033509
-0.006600
-0.043570
0.039763
0.003255
0.063788
-0.053923
-0.053454
-0.026269
-0.000191
0.043785
-0.014315
-0.021512
0.032953
0.008190
-0.002712
-0.026621
0.007528
-0.001779
-0.065400
-0.016105
0.018391
0.086317
0.043619
-0.032889
-0.080309
-0.066735
0.055587
0.038561
0.025858
-0.087004
-0.084190
0.092921
0.031181
0.101456
-0.164800
-0.028405
0.027235
0.078691
0.059877
-0.180045
0.008144
-0.097854
0.203045
-0.020345
0.037381
-0.080702
-0.067747
0.075702
-0.107719
0.150225
-0.104515
0.088782
-0.083312
0.028821
0.013288
-0.008567
0.011083
-0.135654
0.061321
0.046134
0.093752
-0.108955
-0.056381
0.002891
0.103933
-0.003054
0.011996
-0.066049
0.029213
-0.010346
-0.038140
0.055635
-0.000579
0.033161
-0.093877
0.091975
0.037517
-0.005342
-0.107176
-0.020290
0.056000
0.010727
-0.078424
0.049002
0.084084
0.025473
-0.033965
-0.082063
0.024741
-0.057317
0.023427
-0.014386
0.064686
-0.010268
-0.023110
0.023540
0.009576
-0.059375
-0.055298
0.066612
0.081466
0.027595
-0.104623
-0.060053
-0.031480
0.029346
0.023334
0.078149
-0.065356
-0.038450
0.035079
0.023234
0.043369
-0.131907
-0.018303
-0.046752
0.096787
0.047072
0.001458
0.008994
-0.064670
0.001404
-0.065464
0.032206
0.027867
-0.037258
-0.018167
-0.019124
0.029562
0.068210
-0.068977
-0.011857
-0.053517
0.059463
0.006119
-0.024233
-0.019776
-0.057285
0.042692
-0.037927
0.081176
0.044168
-0.004593
-0.102718
-0.100699
0.019560
0.103707
0.020735
-0.021083
-0.046425
0.035726
-0.028045
-0.057267
-0.012370
0.040332
0.086034
-0.005632
0.020151
-0.080999
-0.065108
-0.066194
0.139052
0.007548
-0.026566
-0.033235
0.031224
0.110205
-0.084401
-0.057008
-0.066659
0.105505
0.037214
0.000183
-0.050188
-0.018826
-0.010829
-0.021023
0.067040
-0.010555
0.014543
-0.049786
-0.000610
0.018306
0.055457
-0.011040
-0.094931
-0.028581
0.015684
0.090725
-0.013607
0.024242
-0.009199
-0.016349
-0.020598
-0.038906
0.019641
-0.037658
0.040951
0.029615
0.021652
-0.014633
-0.018216
-0.039191
-0.045066
0.069922
0.017631
-0.011019
0.022744
0.044115
-0.011028
-0.097332
-0.038249
0.074553
0.089446
-0.017367
-0.087817
0.027044
0.033414
0.020597
-0.048190
-0.045215
0.006862
0.055348
0.054482
-0.036180
0.024161
-0.006322
-0.039399
-0.082572
0.105116
0.038131
-0.037737
-0.061107
0.025241
0.123421
-0.006970
-0.040584
-0.124432
0.029385
0.070445
0.076818
0.021393
-0.040785
-0.066556
-0.040898
0.038817
0.110332
0.023255
-0.076478
-0.070539
-0.001415
0.061916
-0.013786
0.007798
-0.026027
0.000097
0.068960
0.001177
-0.040150
-0.030730
0.059487
0.056214
-0.036348
-0.072039
-0.042256
-0.017866
0.049215
0.139050
0.026490
0.011491
-0.135291
-0.093993
0.001148
0.131294
0.075057
0.019487
-0.094077
-0.052270
0.047839
-0.106454
0.010758
0.045551
0.216883
0.009485
-0.060541
-0.181208
-0.103434
0.022080
0.134432
0.181765
0.062993
-0.100554
-0.184111
-0.038908
-0.019811
0.152877
0.041819
0.065072
-0.049189
0.024675
-0.039018
-0.093831
-0.052503
-0.000299
0.139526
0.088521
0.061533
-0.117769
-0.067213
-0.100848
0.099136
0.062211
0.034882
0.002228
-0.020367
0.048900
-0.107358
-0.034612
-0.027294
0.099738
0.037384
0.096014
0.032463
-0.094653
-0.102699
-0.062421
0.043661
0.095893
0.061530
0.049676
-0.068468
-0.093177
-0.025132
-0.111444
0.085461
0.057488
0.182286
-0.003314
-0.129902
-0.145524
-0.080498
0.086518
0.029299
0.151725
0.079339
-0.015865
-0.127948
-0.148924
-0.066087
0.048817
0.095855
0.096813
0.020963
-0.031336
-0.064575
-0.091910
0.008002
0.043695
0.054346
0.010545
-0.064320
-0.053425
-0.064556
0.044717
0.076247
0.045434
-0.013243
-0.150611
-0.013341
0.002272
0.012308
0.038114
0.017367
0.039954
-0.059887
-0.013479
-0.054861
0.004876
0.046237
0.022547
0.055325
-0.056822
-0.029599
-0.086167
0.009287
-0.001083
0.043903
0.089621
-0.033950
-0.033124
-0.079495
0.023759
-0.016821
0.025914
0.028173
-0.016596
-0.010915
-0.058720
0.020913
0.035648
0.013626
0.017273
-0.037047
-0.022657
-0.058703
0.045089
0.074100
-0.053048
-0.009020
-0.050292
0.013619
-0.033614
-0.002503
0.050445
0.065052
0.012376
-0.016662
0.027647
-0.063060
-0.021961
-0.025230
0.018299
0.016122
0.015221
0.024641
0.008478
0.034843
-0.016985
-0.009895
-0.030707
0.004703
-0.014999
-0.028675
0.022536
0.008627
0.039556
0.032770
-0.005786
-0.044919
-0.016321
-0.007366
0.008595
-0.026103
-0.006194
0.012266
0.045409
0.064709
-0.002104
-0.028268
-0.057050
-0.019220
0.010280
-0.017210
-0.028570
0.043750
0.114361
0.087751
-0.007076
-0.091260
-0.128898
-0.061697
0.042233
0.107816
0.066506
0.032729
-0.056869
-0.041859
-0.000415
0.005845
-0.019310
-0.045710
0.023919
0.005398
0.037809
-0.022779
0.002059
0.041930
0.026522
-0.011306
-0.020730
-0.023702
-0.053094
0.018557
-0.001077
-0.000243
-0.014881
-0.023037
0.024479
0.025905
0.025766
0.031801
0.030832
-0.014749
-0.075486
-0.071140
-0.014371
0.058479
0.090296
0.046346
-0.015429
-0.050177
-0.112621
-0.071386
0.007428
0.072912
0.095945
0.044192
-0.017864
-0.095653
-0.042572
-0.034718
0.018876
0.040877
0.024035
-0.011035
-0.031090
0.043772
-0.008783
-0.057169
-0.026332
0.012762
0.009578
0.004329
0.034026
0.049332
-0.014928
-0.058681
-0.017545
0.035758
-0.031497
-0.049027
0.025157
0.072785
0.008777
-0.064130
-0.033233
-0.009686
-0.003218
-0.000738
0.037949
0.044342
0.028233
-0.029502
-0.051357
-0.029741
-0.005528
-0.053390
0.029364
0.052036
0.052150
0.031711
-0.006341
0.003701
-0.067170
-0.043971
-0.072216
0.013094
0.029980
0.041205
-0.009105
0.052277
0.006066
-0.048103
0.010443
0.009509
0.042430
-0.045385
-0.014458
-0.026581
0.006266
0.012540
-0.001582
0.077869
0.016777
0.012992
-0.053884
-0.127419
0.008110
0.009759
0.084334
0.092535
0.091520
-0.037241
-0.107612
-0.083692
-0.054707
0.030683
0.061740
0.090534
0.034268
-0.013222
-0.066768
-0.030322
-0.054282
0.003051
0.020119
0.058454
0.014055
-0.031293
-0.060416
-0.012622
0.052573
0.065404
0.069801
-0.040910
-0.059644
-0.102067
-0.009797
0.029334
0.076067
0.052750
-0.027784
-0.020952
-0.047302
0.038210
-0.109307
-0.086219
0.045627
0.073297
0.122127
0.074922
0.107792
-0.071861
-0.118077
-0.124558
-0.081061
-0.022582
0.001152
0.111262
0.178482
0.110825
-0.063860
-0.167227
-0.139303
-0.034404
0.051390
0.106321
0.033736
-0.008481
0.000407
-0.032648
-0.103735
0.045896
0.031741
0.023354
-0.003912
0.017431
-0.008398
-0.056578
-0.021907
-0.046377
0.029444
-0.037878
0.002964
0.048876
0.119275
-0.002503
-0.064187
-0.069182
-0.006753
-0.056499
-0.031433
0.001918
-0.029190
0.150533
0.122607
0.116800
-0.101162
-0.151957
-0.191209
-0.073444
0.033301
0.092884
0.129593
0.044325
0.080311
-0.099940
-0.037772
-0.025042
0.054339
-0.021929
-0.062781
-0.008085
-0.034520
0.029320
-0.051185
0.088132
0.112173
0.045048
-0.116877
-0.156247
-0.051518
0.024189
0.152106
0.129406
0.021205
-0.074472
-0.153021
-0.140990
-0.030625
0.088024
0.116595
0.121864
0.072938
-0.194152
-0.070839
-0.088505
-0.012268
0.141749
0.244487
0.182520
-0.113106
-0.163717
-0.295447
-0.131095
-0.038918
0.201701
0.222332
0.290942
-0.016910
-0.296005
-0.126880
-0.034160
0.135228
-0.058094
-0.015044
-0.001715
0.108686
0.015182
-0.005126
0.065681
0.054715
-0.059688
-0.170870
-0.111920
-0.128900
0.116683
0.189775
0.226659
0.094963
-0.069058
-0.139916
-0.182807
-0.044905
-0.012785
0.030053
0.048974
0.107201
0.141241
0.077937
-0.170988
-0.231625
-0.088433
0.053999
0.228916
0.127786
0.101115
-0.059173
-0.045648
-0.101118
-0.133110
-0.101133
-0.089035
0.117627
0.094356
0.226903
0.021045
-0.089097
-0.120612
0.004615
0.131040
0.015377
-0.020112
-0.136383
-0.116494
-0.134582
0.013039
0.137924
0.282608
0.140871
-0.057287
-0.177950
-0.148779
-0.022403
0.005035
0.049391
-0.053424
-0.016628
-0.056615
0.042542
0.165349
0.103981
0.028381
-0.014720
-0.004239
-0.083891
-0.145582
-0.120848
-0.076174
0.096450
0.016090
0.148332
0.187204
0.008893
-0.022688
-0.081832
0.023922
-0.109689
-0.050419
-0.131175
-0.055499
0.022254
0.005851
0.283596
0.189651
0.040173
-0.125365
-0.128495
-0.077321
-0.085563
-0.008962
-0.062419
0.053115
0.013076
0.011573
0.218201
0.129260
0.026687
-0.088075
-0.086907
-0.121518
-0.118305
0.004806
-0.043318
0.041080
-0.020285
0.012201
0.284411
0.136902
-0.032059
-0.146799
-0.130271
-0.083196
-0.040583
0.061084
-0.011862
-0.039194
-0.033550
-0.024486
0.221126
0.228207
-0.068177
-0.138570
-0.120595
0.056833
0.022242
0.029191
-0.109924
-0.152853
-0.082171
0.111863
0.211922
0.181936
0.085409
-0.287385
-0.120844
0.052869
0.201328
0.000268
-0.155271
-0.192438
-0.075010
0.119080
0.107459
0.134140
0.086661
-0.163534
-0.117563
0.022670
0.008454
0.140672
0.059881
0.024958
-0.126454
-0.032684
-0.040067
-0.056412
-0.070909
0.028824
0.193574
0.245855
-0.079095
-0.235462
-0.103554
-0.089194
0.194513
0.178232
0.164729
-0.131694
-0.150285
-0.120396
-0.087232
0.024464
0.072233
0.231551
0.131301
-0.027442
-0.285744
-0.178597
0.071059
0.141581
0.128519
0.054063
0.014428
-0.070332
-0.086427
-0.104938
-0.075452
0.058292
0.134782
0.175957
0.039287
-0.125345
-0.199967
-0.084476
0.053887
0.101558
0.053963
-0.019677
-0.023810
0.019701
-0.057164
-0.131776
-0.005785
0.054085
0.203759
0.182421
0.088149
-0.117703
-0.231445
-0.160014
-0.079439
0.011677
0.014808
0.165435
0.235615
0.136289
-0.131576
-0.293613
-0.218158
0.009995
0.187388
0.187671
0.049054
-0.064416
-0.063580
-0.056174
-0.014136
-0.020028
-0.030912
0.004651
0.056630
0.054425
0.008086
-0.024849
-0.019192
-0.001455
0.011627
0.009505
0.001829
-0.011351
-0.018096
-0.018408
-0.004259
0.016992
0.024043
0.013345
-0.017160
-0.033678
-0.006747
0.041924
0.043318
-0.000249
-0.035029
-0.041532
-0.004067
0.045470
0.036401
0.001574
-0.055311
-0.043615
0.000916
0.040330
