0.005013
-0.009151
-0.015690
0.031478
0.039095
-0.000253
-0.028464
-0.024415
0.004735
-0.002988
0.008131
0.021114
0.046339
0.027065
-0.019508
-0.039421
-0.004201
-0.012991
-0.005782
0.056416
0.014743
0.011905
-0.006045
0.012863
-0.043147
-0.043470
0.025322
0.010217
0.032539
-0.006512
0.047453
0.036005
-0.049282
-0.068480
-0.048707
-0.018001
0.024860
0.062308
0.061250
0.029241
-0.056945
-0.065735
-0.011414
0.011253
-0.013808
0.023243
0.002509
0.001003
0.020453
-0.016067
-0.057493
-0.036490
0.040850
-0.001626
0.006303
-0.003002
0.004971
0.025424
-0.008735
-0.081316
-0.031706
0.043605
0.007607
-0.006970
-0.024941
0.016267
0.012754
-0.004473
-0.058116
-0.011848
0.034162
-0.011790
0.010405
0.041414
0.005598
-0.065684
-0.057379
0.018018
0.000864
-0.036318
0.022757
0.056512
0.048556
-0.020433
-0.068851
-0.080095
0.024969
0.051451
0.029189
-0.008506
-0.055905
0.008615
-0.013077
-0.002066
0.008009
0.078025
0.059514
-0.085139
-0.089762
-0.025093
0.060117
0.035277
0.034711
0.035229
-0.018277
-0.033732
-0.073172
-0.011640
0.074102
0.109185
0.054873
-0.094234
-0.117630
-0.053444
0.012426
0.053356
0.086699
0.158568
0.046026
-0.104954
-0.207319
-0.145354
0.116516
0.176510
0.155486
0.016288
-0.082303
-0.127990
-0.139804
-0.021101
0.077765
0.198766
0.116149
0.050661
-0.102471
-0.178883
-0.115945
-0.007994
0.121693
0.060991
0.099230
-0.010977
-0.025561
0.011198
0.013311
-0.033451
-0.028962
0.019142
-0.068878
-0.052350
-0.014438
0.107756
0.142439
0.059071
-0.130123
-0.117677
-0.015938
0.021317
0.015223
0.036453
0.071891
0.026701
0.015270
-0.073417
-0.062348
-0.033361
-0.018281
0.007154
0.059653
0.040306
0.010329
0.041532
-0.017377
-0.046768
-0.070632
-0.036239
0.039987
0.041918
0.010688
0.014685
0.022936
-0.024544
-0.008843
-0.055962
-0.023401
-0.004104
0.027612
-0.014413
-0.026557
0.054439
0.016226
0.066852
-0.012056
0.003615
-0.055593
-0.042425
-0.086507
-0.080138
-0.003343
0.104292
0.220460
0.052701
-0.052393
-0.154299
-0.040583
-0.048964
-0.006989
-0.006584
0.049726
0.044386
-0.023766
0.041225
0.008927
0.075368
-0.002717
-0.025322
-0.151153
-0.102437
-0.008228
0.066602
0.160523
0.120295
0.032484
-0.120663
-0.086692
-0.138481
-0.054174
0.045115
0.148771
0.225071
0.040786
-0.110442
-0.240908
-0.131329
0.040692
0.154070
0.148118
0.065443
-0.053103
-0.103191
-0.158848
-0.062452
0.141139
0.155589
0.132303
-0.082346
-0.082033
-0.157204
-0.017336
0.040942
0.079048
0.151969
-0.056445
-0.038806
-0.067717
0.037449
-0.051089
0.094394
0.164218
-0.053152
-0.185228
-0.291958
-0.046048
0.199884
0.322006
0.163117
0.087645
-0.022093
-0.234403
-0.354690
-0.273185
0.024265
0.255463
0.388842
0.139480
-0.000240
-0.115060
-0.148476
-0.153220
-0.095687
0.044839
0.084106
0.124768
-0.018977
-0.043387
-0.075919
0.066836
0.093891
-0.037850
-0.101315
-0.109748
0.040259
0.008393
0.003266
0.078811
0.052724
0.058528
-0.118039
-0.195243
-0.091691
0.057839
0.147111
0.090960
0.107150
0.025882
-0.075043
-0.113878
-0.143524
-0.109478
-0.029475
-0.025738
0.182461
0.179310
0.152872
-0.091056
-0.231576
-0.123129
-0.003980
0.110415
0.045631
-0.025882
-0.089857
-0.011242
-0.013268
0.034025
-0.069842
0.070184
0.085139
0.155952
-0.003857
-0.172578
-0.133916
-0.026434
0.009618
-0.064103
0.017279
0.074185
0.191421
-0.002796
-0.044246
-0.118189
0.071061
0.060228
-0.069990
-0.080695
-0.047492
-0.042301
-0.051307
-0.012849
0.159609
0.212851
0.002397
-0.042937
-0.134535
0.060504
0.030438
-0.116989
-0.183094
0.008221
0.089184
0.075347
0.182612
0.099044
-0.036627
-0.034034
-0.059401
-0.126068
-0.071193
-0.020249
0.067662
0.125913
0.006372
-0.049591
0.035766
0.032960
0.073880
0.001425
-0.000078
-0.087338
-0.060285
-0.030482
-0.055723
-0.023854
0.040115
0.229488
0.152466
-0.047460
-0.196336
-0.122587
0.147927
0.057414
-0.079679
-0.055557
0.024444
0.020993
-0.131837
0.015946
0.080073
0.259941
0.134629
-0.140440
-0.091597
-0.108249
-0.150859
-0.121760
0.062807
0.145568
0.205152
0.104545
-0.118741
-0.070702
-0.090123
-0.131252
0.033484
0.146928
0.145901
0.000748
-0.076957
-0.187572
-0.083757
0.045126
0.054130
0.021834
0.013290
0.066474
0.021201
0.028080
-0.053623
-0.132126
-0.056162
0.076588
0.077428
0.029508
-0.078163
-0.179870
-0.082683
0.253170
0.072776
-0.024725
0.004599
0.031159
0.078413
-0.171450
-0.143201
-0.105688
0.065242
0.066954
0.077272
0.172595
-0.015695
-0.201986
-0.108079
0.005421
0.176516
0.141182
0.056217
-0.065590
-0.219251
-0.213986
-0.110278
0.156918
0.180223
0.238909
0.102477
-0.004536
-0.228240
-0.229158
-0.129835
0.091788
0.218995
0.080033
0.033179
-0.135859
-0.061817
-0.085308
0.094328
0.009099
0.081318
0.017803
-0.009609
0.025126
-0.030848
0.000884
-0.095454
0.049659
-0.117455
0.097887
-0.102956
0.089159
0.151480
-0.028444
0.165574
-0.048978
0.010994
-0.234420
-0.128277
-0.022127
0.121837
0.143646
-0.023654
0.096547
0.141814
-0.009856
-0.164524
-0.186776
-0.115113
0.066781
0.108287
0.045291
0.036698
0.104933
-0.069605
-0.031339
-0.023904
0.120278
0.044091
-0.047291
-0.140659
-0.086483
0.019548
-0.025655
0.066371
0.081821
0.089033
-0.041016
0.045701
-0.063281
-0.012721
-0.026514
0.111785
0.042074
-0.092128
-0.175603
-0.216932
-0.000134
0.180095
0.295994
0.203213
-0.030799
-0.284886
-0.242049
-0.106762
0.131556
0.078962
0.128483
0.018433
-0.008627
-0.088425
-0.212726
-0.059146
0.061116
0.244932
0.113369
0.001897
-0.151431
-0.101100
0.009106
-0.026951
-0.060563
-0.089044
0.062886
0.083441
0.056821
-0.005241
-0.051244
0.017272
0.075730
0.059879
-0.060933
-0.130103
-0.097191
-0.032878
0.010635
0.027293
-0.013827
0.137627
0.005538
0.047001
0.081144
-0.031849
-0.087379
-0.131528
0.012776
-0.060881
0.010202
-0.047640
0.085671
0.091672
0.069669
0.054000
-0.008721
-0.072377
-0.143867
0.041027
0.018370
0.000516
-0.101236
-0.014906
0.097302
0.017408
0.029304
0.064045
0.081456
0.017328
-0.084581
-0.020936
-0.055443
-0.021972
-0.067996
0.013553
0.055882
0.002716
0.053949
0.050841
0.149961
-0.005221
0.012874
-0.103069
-0.070444
-0.116978
-0.039784
0.050580
0.033540
0.146979
0.039710
0.108903
-0.000447
-0.034528
-0.154780
-0.111962
-0.023959
0.042184
0.158616
0.057840
-0.034665
-0.028585
0.060317
-0.014110
-0.098165
-0.070420
-0.002848
0.082680
0.066619
0.055812
0.058654
-0.015934
-0.116562
-0.143984
-0.039284
0.059110
0.069679
0.061067
0.045213
0.006116
0.038446
-0.054193
0.026167
-0.042093
-0.058652
-0.038654
-0.056709
-0.062964
-0.034130
0.100086
0.105097
0.099338
0.039822
0.019548
-0.060629
-0.061568
-0.233368
-0.107730
-0.013519
0.158798
0.072336
0.127297
-0.031343
-0.036195
0.076702
-0.105896
0.023254
-0.088533
0.131543
-0.230183
-0.023455
-0.044218
0.001620
0.092014
0.178615
0.236553
-0.170487
-0.129276
-0.229029
0.034685
-0.019901
0.050280
0.082451
0.140375
-0.038553
-0.196175
-0.004029
0.105939
0.086083
-0.100059
-0.049891
-0.046755
0.039495
0.004208
-0.025195
0.039480
0.081477
0.032239
-0.094328
-0.058371
-0.023743
0.026235
0.059664
-0.000824
-0.033416
-0.017796
0.060989
0.082310
0.048312
-0.084626
-0.007013
-0.078091
-0.053021
0.034677
-0.003155
-0.007819
0.025138
0.164187
0.003303
-0.053309
-0.145561
0.050214
0.133465
0.024051
-0.074982
-0.081006
0.000797
-0.043386
0.054733
0.012447
0.088029
0.006640
-0.054134
0.008182
0.067973
0.099119
0.012654
-0.094292
-0.161478
-0.063406
0.001590
0.048978
-0.012247
0.139714
0.111051
0.009044
0.015224
-0.093444
0.060770
-0.083879
-0.031266
-0.067414
-0.023821
0.036160
-0.139456
0.073377
0.117094
0.262270
0.027938
-0.191776
-0.158091
-0.030422
0.101779
-0.048846
-0.015507
0.023319
0.121162
-0.025096
-0.116331
-0.022589
0.027902
0.015527
0.024977
0.032451
-0.025290
-0.064136
-0.017951
0.008404
-0.034206
0.012673
-0.038654
0.060597
-0.008879
0.075238
-0.037346
-0.054435
-0.019314
-0.009899
-0.018081
-0.087570
0.067792
0.014513
0.110210
-0.092374
0.019345
0.036545
0.010015
-0.120303
-0.130532
0.043273
0.059370
0.155164
-0.053123
0.014406
-0.034586
-0.051046
-0.095564
-0.064217
0.070339
0.066125
0.172001
-0.067776
-0.058717
-0.110322
-0.106667
0.088097
-0.016032
0.067147
0.043030
0.176055
-0.025303
-0.121600
-0.106495
-0.037339
0.000863
0.021067
0.022791
-0.009809
0.143484
-0.155556
0.053812
0.040839
0.109422
0.019324
-0.091131
-0.091405
-0.103726
0.150242
-0.075767
-0.052602
0.020391
0.128071
0.081844
-0.053072
-0.074023
-0.004124
0.126724
0.021128
-0.120325
-0.110010
0.014207
0.076949
0.045128
0.016310
-0.013613
-0.003601
-0.029753
-0.003297
0.049889
0.025604
-0.002395
-0.038092
0.017458
-0.007059
-0.049464
0.014315
0.008646
-0.064757
-0.007282
0.089820
0.032007
0.026030
-0.070674
-0.048607
0.112207
0.057045
-0.020828
-0.076375
-0.014862
-0.122700
0.001380
0.059687
-0.069671
0.125285
0.086861
0.058345
-0.014761
-0.014421
-0.042886
-0.144346
-0.028805
0.001577
0.110907
0.056132
-0.100793
-0.017957
0.083439
0.013386
-0.067224
-0.085993
0.007315
0.162948
0.041264
-0.029211
-0.045783
-0.018400
-0.066004
-0.066366
-0.013090
-0.009842
0.068244
-0.016120
0.098035
0.039085
-0.034079
-0.076724
-0.022793
0.072109
0.016721
0.041427
-0.114019
-0.086430
-0.074388
-0.034440
0.036737
0.230358
0.131159
0.049204
-0.166287
-0.208430
0.010836
0.017188
0.119491
-0.050111
0.084918
-0.071671
-0.041509
-0.159059
-0.094628
0.184498
0.137768
0.167411
0.066827
-0.002563
-0.150201
-0.165149
-0.168562
-0.029156
0.026319
0.093810
0.115213
0.164436
0.121956
-0.152340
-0.148836
-0.057625
0.073212
0.061378
-0.088913
0.003072
0.045098
0.066927
-0.096153
-0.071427
0.003244
0.135774
0.065566
-0.168503
0.098295
0.025957
0.145989
-0.061575
0.082167
-0.200819
-0.309668
0.094860
0.067023
0.283549
-0.026780
0.186534
-0.019060
-0.075246
-0.208584
-0.228036
0.169051
0.127498
0.202259
0.038561
-0.073532
-0.262872
-0.203524
-0.014041
0.307715
0.303461
0.178622
-0.119365
-0.304624
-0.194692
-0.048181
0.138488
0.098034
0.148178
-0.096033
-0.044149
-0.070489
0.096725
-0.001330
-0.075122
-0.009389
-0.038256
0.121298
-0.082042
0.101346
0.039957
0.049799
0.013966
-0.113472
-0.015183
-0.132860
-0.149583
-0.044227
0.136266
0.095909
0.085951
0.173736
-0.053316
0.008205
-0.016500
-0.025575
-0.142429
-0.226821
-0.116411
-0.047166
0.221382
0.191599
0.314000
0.100983
-0.195524
-0.403384
-0.246762
0.111733
0.153508
0.123612
0.010714
0.060516
-0.068613
-0.104787
-0.119550
0.031018
0.184639
0.085928
-0.090755
-0.144344
-0.102376
-0.010477
0.134921
0.016469
0.011687
-0.007730
-0.007324
-0.021354
-0.013315
0.058430
-0.050863
0.067234
0.034174
-0.077913
-0.188303
-0.126550
0.029350
0.208664
0.286036
-0.024060
-0.089268
-0.076989
0.006704
-0.035369
-0.091036
-0.084624
0.000262
0.144519
0.079423
0.003127
0.032258
0.019248
-0.041572
-0.079194
-0.029903
0.036596
0.013107
0.009224
0.030786
0.044340
-0.013486
-0.076316
-0.038897
0.042425
0.087762
0.028766
-0.029401
-0.145294
-0.038831
0.012841
0.046805
0.148628
-0.067279
0.118434
-0.029384
0.058828
-0.077243
-0.104665
-0.030142
-0.067586
0.124647
-0.040857
0.019691
-0.081254
0.108849
0.046512
0.119222
-0.077972
-0.025937
-0.032471
-0.021448
0.049210
-0.120906
0.052613
-0.116006
0.083186
-0.029728
0.126258
0.021089
-0.000865
-0.000037
-0.122562
0.002944
-0.012206
0.116259
-0.061358
-0.046000
-0.085173
0.034683
0.088762
0.008777
0.011118
-0.000419
0.051131
-0.069555
-0.090204
-0.107452
0.022075
0.054247
0.053811
-0.005965
-0.069605
0.030020
-0.071289
0.052871
0.051141
0.153248
-0.010684
-0.091305
-0.094719
-0.118355
0.004533
-0.060533
0.031430
0.026542
0.192957
0.067921
-0.009337
-0.114647
-0.082336
0.003810
-0.020729
0.024216
-0.028378
0.024045
-0.055282
0.034897
0.057319
0.051561
-0.008933
-0.065447
-0.028921
-0.018674
0.005591
0.005626
-0.010997
0.056709
0.035836
-0.019219
-0.054134
-0.047695
0.021639
0.040473
0.017509
-0.027939
0.024530
-0.005398
0.002618
-0.079207
0.053825
0.021008
0.083471
-0.036101
0.000308
-0.061408
-0.149087
0.123009
-0.094151
0.210391
0.093399
0.128174
-0.098936
-0.179328
-0.142685
-0.125771
0.187973
0.030457
0.185913
0.103232
0.034187
-0.132848
-0.173785
-0.127934
0.046674
0.147678
0.079944
0.021057
0.002767
-0.019877
-0.057111
-0.042615
-0.003309
0.067353
0.012255
0.014346
-0.065384
-0.011215
0.002729
0.044047
0.026299
-0.003483
0.003197
0.035368
0.037268
-0.028215
-0.095755
-0.038578
0.033430
0.026010
-0.002835
0.007659
0.023039
0.035822
-0.025590
-0.056632
-0.003433
-0.012862
0.094970
-0.020173
0.048195
-0.023043
-0.040742
-0.061821
-0.033072
0.062227
0.013638
0.041194
-0.012102
-0.030227
-0.105782
-0.006938
0.056875
0.118622
0.010391
-0.080298
-0.006790
-0.038566
0.005699
-0.027133
-0.032204
0.093582
0.062028
-0.021538
-0.108808
-0.055474
0.022644
0.094379
0.054218
-0.066249
-0.044524
-0.022887
0.025637
-0.003337
0.016891
-0.003351
0.025668
0.008755
-0.055063
0.005537
-0.052278
0.009944
0.029681
0.028597
0.040816
-0.062262
-0.067585
-0.009409
0.082326
0.023284
-0.036005
-0.027570
0.019120
0.007560
0.015355
-0.002368
0.010587
0.014754
0.009285
-0.016673
-0.050380
-0.035757
-0.048443
0.041191
0.035330
0.056346
0.020080
0.045082
-0.039117
-0.027979
-0.034137
-0.003782
0.030528
-0.045007
0.009230
-0.009637
0.048314
0.027995
0.004301
0.004936
-0.048589
-0.017364
0.009944
0.038885
0.011003
-0.018550
0.032272
0.004172
0.020633
-0.025844
-0.016609
-0.068710
0.041985
-0.093435
0.032661
0.031398
0.020845
0.072745
-0.013740
0.119030
-0.083310
-0.002311
-0.127513
-0.054275
0.045727
-0.075676
-0.067992
0.179601
0.044708
0.080524
0.073332
0.057639
-0.014348
-0.174933
-0.182533
-0.229319
0.134258
0.065168
0.161819
0.166743
0.116177
-0.078283
-0.189083
-0.197680
-0.076482
0.146567
0.105662
0.067182
-0.021747
-0.038841
-0.096193
-0.056202
0.015891
0.083425
0.071281
-0.010191
-0.064702
-0.050813
0.030542
-0.006841
-0.020020
-0.011137
-0.004559
0.049486
-0.018326
0.034420
-0.058169
-0.019504
0.008042
0.024971
0.013457
-0.040689
-0.032145
-0.014604
0.062007
0.035786
-0.010961
-0.062531
-0.011849
-0.034046
0.061421
0.010837
-0.008662
-0.020678
-0.006161
-0.004774
0.010251
0.016161
0.019295
0.008187
-0.060701
-0.025091
-0.007041
0.066862
-0.020287
0.006981
-0.029425
0.023246
0.022303
-0.038470
0.010281
-0.017749
0.016018
-0.032760
-0.008278
0.022456
0.024463
0.000163
-0.028120
0.005234
0.027895
0.009502
-0.006441
-0.041575
0.009704
0.037602
-0.023713
0.039806
-0.019742
-0.001910
-0.013961
-0.019391
0.009241
0.000066
0.023190
-0.006499
0.075273
0.017065
-0.052820
-0.056048
-0.056456
0.019596
0.040197
0.031009
0.043423
-0.017125
-0.011573
-0.034125
-0.003045
0.001400
0.011830
0.047628
-0.006778
-0.023949
-0.044565
0.016009
-0.008395
-0.013095
0.019577
0.038744
0.039499
0.019379
-0.057334
-0.061384
-0.013613
0.019038
0.038849
0.015866
0.007853
-0.012659
-0.001146
-0.033212
-0.005135
-0.005273
0.010543
0.015003
0.011509
0.000360
-0.031316
-0.000072
-0.079281
0.030445
0.064463
0.038283
0.028481
-0.036553
0.009985
-0.019112
-0.049786
-0.053188
-0.013337
0.035045
0.000667
0.041980
0.030529
-0.002109
-0.015374
-0.017096
0.020986
-0.048473
0.002607
-0.031365
0.037385
0.015861
0.014310
-0.002001
-0.038685
0.002206
0.006161
0.022986
-0.036800
0.009255
0.002386
0.043561
-0.022096
0.003212
-0.047410
-0.005273
-0.007576
0.018666
0.041859
-0.004499
0.026406
-0.014118
0.018160
-0.043564
-0.059875
-0.009383
0.051539
0.025472
0.029217
-0.030554
-0.004160
-0.007091
-0.011370
0.003236
0.010069
0.027489
-0.007653
-0.023343
0.004086
-0.041419
0.010022
0.007081
0.038821
0.055342
-0.030328
-0.005259
-0.048665
0.021179
-0.047809
0.036648
-0.009875
0.007314
0.040091
-0.001415
0.005288
-0.004808
0.020262
-0.064306
0.014230
0.003100
-0.002654
0.026391
0.023594
-0.017853
0.016184
-0.023030
-0.012270
-0.000726
-0.005336
0.005752
0.006974
0.038814
0.007683
-0.017318
-0.013080
-0.007797
-0.031576
0.023403
0.004649
0.059446
-0.055187
-0.012027
0.031374
-0.042192
0.038656
0.023691
0.028256
0.001273
0.002114
-0.028558
-0.045888
-0.049417
-0.074346
0.019280
0.129864
0.082835
0.050404
-0.031844
-0.105985
-0.040882
-0.006649
-0.025814
-0.009025
0.029948
0.068521
0.013808
-0.012198
-0.051013
0.003358
0.033129
-0.026107
-0.027270
-0.017781
0.028585
-0.013213
-0.039517
-0.060794
0.053006
-0.056763
0.013293
-0.056491
0.003448
0.043352
0.121385
0.170187
0.007038
0.050782
-0.310635
-0.131495
-0.133236
0.015890
0.049132
0.219801
0.172465
0.008836
0.055273
-0.262521
-0.109184
-0.085083
0.136705
0.065671
0.087752
-0.055671
-0.125005
-0.002738
-0.086648
0.060270
0.112180
0.112984
-0.009929
-0.103501
-0.103804
-0.038068
0.066932
0.019378
0.035477
0.066080
-0.023413
-0.065544
-0.104553
-0.012119
0.061325
0.114122
-0.002999
-0.045301
-0.041833
-0.015364
-0.059878
0.022754
0.074371
0.060129
0.035200
-0.047475
-0.032444
-0.137589
0.012766
-0.026935
0.095335
0.051497
0.009927
0.096823
0.017752
-0.029383
-0.137936
0.005570
-0.033197
-0.021535
-0.020538
0.020635
0.105695
0.058316
0.069843
-0.080567
-0.031825
-0.015483
-0.015157
-0.024172
-0.065333
0.039780
0.048391
0.036046
-0.055240
0.073729
0.076399
-0.004307
-0.092915
-0.062173
0.010131
-0.000336
0.026223
-0.043365
0.088213
0.085554
-0.021348
-0.070974
-0.052288
0.044823
0.058111
-0.048461
-0.070014
-0.029134
0.072650
0.041899
-0.003900
-0.002660
-0.041513
-0.012614
-0.012160
0.049853
0.011855
-0.008425
0.008148
0.004111
-0.015104
-0.043271
-0.054424
-0.020628
-0.003372
0.049104
0.062362
-0.013609
0.001839
-0.072094
0.041800
-0.014026
-0.011307
0.028007
-0.042400
0.016852
-0.042172
0.043876
-0.039399
-0.024892
-0.044030
0.006028
0.058652
-0.000687
0.034525
-0.086508
-0.053344
-0.054702
0.032242
0.097061
0.069019
0.059163
-0.060631
-0.095415
-0.155795
-0.053685
0.055906
0.141814
0.100654
0.056968
0.000910
-0.139575
-0.140953
-0.165257
0.013537
0.021945
0.257598
0.178040
0.073670
-0.013231
-0.219580
-0.132508
-0.153957
0.073123
0.036441
0.142125
0.077871
0.037795
0.029309
-0.097354
-0.101196
-0.091445
0.067121
0.084360
0.063807
0.007555
-0.025016
-0.036437
0.018120
-0.026032
0.020698
0.059602
-0.033320
-0.070420
-0.055491
0.006029
0.044171
0.085909
0.106867
0.048822
-0.016063
-0.181681
-0.195632
-0.006277
0.119418
0.101264
0.030012
0.074023
-0.022199
-0.011866
-0.011786
-0.022903
-0.011170
0.016496
-0.018260
-0.046731
-0.035259
-0.042954
0.041680
0.107631
0.056490
-0.016500
0.023150
-0.090681
-0.024219
-0.054212
0.034916
0.053225
0.059476
0.026920
-0.075160
-0.063085
-0.057639
0.042097
0.024126
0.044647
-0.031521
0.060839
0.017836
0.034693
-0.091814
-0.058302
-0.009887
-0.009844
0.033037
-0.061336
0.039944
0.064928
0.112813
-0.061654
-0.043385
-0.022509
-0.023291
-0.080961
-0.059482
0.045827
0.101092
0.050916
-0.083199
-0.038214
0.049250
0.036315
-0.059860
0.004043
-0.020678
0.052586
0.020733
0.010937
-0.026137
-0.073079
-0.016316
0.015418
0.100257
-0.050887
-0.017994
-0.069151
0.002768
0.109319
-0.042571
0.045422
0.003816
-0.026062
-0.047250
-0.035384
-0.023789
0.053015
0.056293
-0.033022
0.031555
0.044815
0.004292
-0.086032
-0.059674
-0.011715
0.073012
0.060831
-0.058526
0.018014
-0.013665
-0.068775
0.005797
-0.011161
0.141743
0.062202
0.006328
-0.113897
-0.098163
-0.001845
-0.048267
0.051214
-0.028541
0.116697
0.033818
0.083994
-0.061942
-0.048658
-0.044228
-0.059209
0.103501
-0.029175
0.011663
-0.067170
0.078484
0.039165
-0.032365
-0.013505
0.071858
-0.013824
-0.074779
-0.081019
-0.009057
0.028057
-0.031790
0.092484
0.161662
0.107261
-0.014420
-0.109671
-0.025349
-0.122467
-0.359873
0.075718
0.081658
0.275790
0.048621
0.235651
0.104414
-0.231104
-0.193484
-0.302701
0.218883
0.065752
0.050745
-0.098619
0.090656
-0.036067
0.011775
0.027483
0.032721
0.035405
-0.082172
-0.044127
-0.081843
0.131257
0.025763
0.124102
-0.038188
-0.112946
-0.146275
-0.041805
0.101270
0.157082
0.076899
-0.032433
-0.055640
-0.035224
-0.050435
-0.046023
-0.049852
0.038691
0.122378
0.075595
-0.056557
-0.160570
-0.078548
0.048036
0.118665
0.048012
0.018989
-0.091733
0.016696
-0.018912
0.107821
-0.007750
0.009108
-0.096950
-0.105291
-0.008555
-0.031927
0.087713
0.066286
0.183229
-0.009260
-0.058661
-0.173715
-0.079020
-0.061934
0.088301
0.068652
0.077402
0.039806
-0.106269
0.006506
-0.064183
0.063518
-0.028221
0.015525
-0.051944
0.034908
0.036826
-0.028071
0.021320
-0.052489
0.034436
-0.091339
-0.048384
-0.005905
0.108162
0.038075
-0.012044
-0.045403
-0.024916
0.071288
0.036395
0.043866
-0.045218
-0.079952
-0.104181
0.005781
-0.009673
0.071742
0.000267
0.177591
0.037556
-0.036069
-0.066653
-0.134643
0.030190
-0.025379
0.126092
0.004976
0.049332
-0.090478
-0.026639
-0.000334
0.048221
0.043826
0.015951
-0.028013
-0.070473
0.030241
-0.024995
0.035620
-0.008823
0.029710
-0.041640
-0.021221
-0.004616
-0.017219
-0.054739
0.044903
-0.004941
0.064655
0.067280
0.014086
0.010832
-0.052623
-0.003380
-0.138614
-0.019685
-0.066717
0.022006
0.183244
0.112370
0.043238
-0.072236
-0.133465
-0.124156
-0.048417
0.026149
0.071170
0.096328
0.073736
0.015207
-0.092584
-0.121632
-0.044978
0.035857
0.023036
0.016560
-0.011543
0.015773
0.012169
-0.061016
-0.018410
-0.094444
0.098775
0.063468
0.041105
-0.005780
-0.116113
-0.022547
-0.025451
0.049114
-0.071944
0.025870
0.017877
0.029485
0.022672
-0.059775
-0.055796
0.006176
0.036539
-0.036144
0.068963
-0.024209
0.029832
-0.039888
-0.011234
0.051561
0.045420
0.018977
-0.089794
-0.050166
-0.028284
0.028323
0.056419
0.025061
-0.015407
0.027622
-0.025287
-0.042575
-0.088966
-0.005601
-0.008468
0.060182
0.029267
0.004206
0.083503
0.082145
0.132364
-0.045650
-0.068757
-0.146731
-0.099634
-0.067529
-0.055514
0.207216
0.205166
0.200842
-0.041232
-0.174201
-0.175524
-0.176539
0.069758
0.018284
0.194785
0.129961
0.047953
-0.101003
-0.167541
-0.065979
-0.014571
0.106834
0.009690
0.056883
0.033876
0.014339
-0.078671
-0.025689
-0.002421
0.054251
0.019819
-0.034579
-0.038456
-0.030068
0.017663
-0.012569
0.025791
0.015706
0.047235
-0.014686
-0.032938
-0.074101
-0.025041
0.011062
0.013062
0.073936
-0.070899
-0.034717
-0.034199
0.032222
0.056842
0.010807
0.071815
-0.022185
0.051519
-0.054360
-0.109913
-0.060497
-0.128652
0.072564
0.118130
0.058111
0.141570
-0.054250
-0.066704
-0.102719
-0.015909
0.013008
-0.005557
0.085272
-0.073423
0.052347
-0.072106
-0.058168
-0.015149
0.056646
0.074315
-0.056204
0.013582
-0.018967
0.094389
0.027461
-0.084465
-0.116514
0.005465
-0.020512
0.021407
0.079901
0.101110
0.109775
-0.061003
-0.157649
-0.224271
0.063115
-0.067747
0.239360
0.227635
0.015251
-0.051503
-0.240945
-0.048110
-0.080500
0.117065
-0.013639
0.091969
0.066007
-0.037358
-0.150500
-0.012289
0.032346
0.090144
0.131449
-0.106272
0.077260
-0.026455
0.037376
-0.113996
-0.038381
-0.044469
-0.080633
0.094478
0.047353
0.097257
0.134769
0.037991
-0.095716
-0.126447
-0.150623
-0.089549
0.069431
0.085038
0.095825
0.113973
-0.021673
-0.046428
-0.142476
-0.020825
-0.011335
0.116209
0.078809
-0.072880
0.017582
-0.086881
0.017829
-0.055612
0.005872
0.076625
0.049354
0.002156
-0.089960
-0.001996
0.027387
0.070013
-0.047529
-0.070053
0.011838
0.063823
0.048428
-0.026719
-0.026954
0.010640
0.013960
-0.061091
-0.092467
0.043354
0.048148
0.033396
0.095290
-0.071681
0.029187
-0.029977
0.026999
-0.053391
0.002676
-0.010304
-0.062382
0.076475
-0.106445
0.079137
-0.011069
0.070354
-0.020677
-0.019540
-0.002023
0.032251
0.116494
-0.051246
-0.059944
-0.085361
-0.038863
-0.001076
0.024370
-0.041272
0.138917
0.119679
0.040498
-0.125082
-0.184674
-0.014058
0.076299
0.105651
0.022500
0.095833
0.026136
-0.081022
-0.188809
-0.143366
0.042287
0.122336
0.167468
0.107260
0.090805
-0.081797
-0.215209
-0.134452
-0.035108
0.094777
0.077848
0.107011
0.014633
0.010027
-0.084284
-0.165194
0.115502
0.097496
0.099627
-0.055363
-0.062366
-0.071508
-0.029685
-0.014443
-0.091571
0.121835
0.131220
0.100320
-0.056487
-0.100502
-0.106850
0.011938
0.034064
-0.013160
0.030337
0.049464
-0.006509
-0.009874
-0.042998
-0.053645
0.046930
0.100455
0.003430
-0.096973
-0.025929
-0.039260
0.090196
-0.079853
0.016203
0.022863
0.061703
0.069717
-0.039118
-0.005763
-0.118945
0.011349
-0.096736
0.007031
0.064284
0.013401
0.086724
0.029812
-0.024278
-0.062938
-0.064026
-0.019300
0.018686
0.078490
-0.027012
0.016693
0.009645
-0.080112
0.032520
0.006212
0.054551
0.029621
-0.004355
-0.068267
-0.065717
-0.047983
-0.035692
0.072446
0.029130
0.016764
0.057936
-0.004471
-0.033984
-0.009379
0.003780
-0.013069
0.054527
-0.002379
-0.048500
-0.057905
-0.109390
-0.021992
0.072026
0.164228
-0.022752
0.077593
-0.026781
-0.051711
-0.023469
-0.084010
0.032844
-0.005878
0.095017
-0.074698
-0.013191
-0.069011
-0.035645
0.055302
0.026682
0.094441
-0.008201
-0.043859
-0.001892
0.027273
0.006603
-0.004745
-0.046149
-0.092544
-0.033755
-0.013224
-0.079031
0.123079
0.178052
0.155958
-0.027041
-0.178632
-0.199628
-0.070242
0.050271
0.014166
0.120752
0.083382
0.050171
-0.096062
-0.118355
-0.096273
0.049650
0.082918
0.059738
0.040169
-0.035579
-0.034763
-0.050079
0.007578
-0.047894
0.075269
0.010758
-0.002934
-0.041955
-0.048696
0.037027
0.064810
0.056936
-0.056192
-0.004103
-0.032435
-0.013156
-0.016489
0.015108
0.023991
0.020593
-0.010889
-0.082105
-0.005702
0.050928
0.024976
0.021859
-0.044551
-0.046371
0.055337
-0.012447
0.025776
0.003668
0.019522
0.002582
-0.066585
0.026412
-0.014408
0.008880
-0.035404
0.015120
0.074060
0.060269
-0.016308
-0.107688
-0.036537
0.011993
0.031562
0.033357
0.012315
-0.055543
0.019656
-0.021878
0.011740
0.021011
0.036701
0.014634
-0.026753
-0.011028
-0.074721
-0.018814
0.004771
0.079062
0.028054
0.070410
0.001179
-0.046536
-0.058055
-0.082153
-0.006878
0.066117
0.113927
0.002131
-0.028593
-0.019684
-0.067537
-0.051498
-0.000009
0.001071
0.140839
0.099820
-0.002780
-0.104460
-0.089001
-0.047266
-0.032989
0.032401
0.020076
0.105139
0.103036
0.001729
-0.132747
-0.110679
-0.015332
0.119803
0.071600
-0.019234
-0.076490
-0.056912
0.001607
-0.044534
0.050057
0.056279
0.124738
0.000924
-0.062254
-0.141890
-0.092449
0.001399
0.004852
0.112568
0.063752
0.078833
-0.048291
-0.010590
-0.074265
-0.023344
-0.016846
-0.001885
0.039901
-0.024742
-0.004427
-0.023965
0.039338
0.033591
0.045776
-0.039534
-0.008997
-0.070988
-0.087523
-0.004071
0.073301
0.118620
0.037593
-0.047757
-0.104390
-0.040659
-0.015005
0.008295
0.071792
0.064241
0.057517
-0.050584
-0.083700
-0.086916
-0.052390
0.025660
0.040293
0.141993
0.068137
-0.023405
-0.119292
-0.060271
0.013533
0.014280
0.010696
0.008228
0.030292
-0.016621
-0.043618
-0.037990
0.028947
0.047824
0.024300
-0.032369
-0.025163
-0.039445
-0.036457
0.022938
0.066709
0.092629
0.015374
-0.065783
-0.075946
-0.018571
0.013176
0.015084
0.034287
0.053019
0.051548
-0.023023
-0.070028
-0.091296
-0.010442
0.047555
0.107074
0.077292
0.005677
-0.060504
-0.135185
-0.020760
-0.009754
0.065456
0.037456
0.037732
0.009776
-0.028992
-0.047059
-0.063227
0.012213
0.049419
0.080068
0.020478
-0.007859
-0.078376
-0.024041
-0.031283
0.011710
0.021577
0.020963
0.025687
-0.009708
-0.003922
-0.035293
-0.021070
0.002669
0.020659
0.009852
0.014388
0.005753
0.030481
-0.028206
-0.005112
-0.019835
-0.009319
0.001782
-0.061295
0.028232
0.067854
0.077865
-0.006872
-0.058211
-0.039680
-0.023305
0.040605
0.001778
0.036582
0.002122
0.005351
0.002169
-0.068629
-0.028718
-0.047581
0.065211
0.070802
0.018907
0.009192
-0.053168
-0.022765
-0.016054
0.015306
0.029761
0.050055
0.031189
-0.048911
-0.066645
-0.075685
0.000776
0.081916
0.092918
0.049557
-0.003806
-0.058724
-0.058999
-0.014857
-0.007843
-0.007860
0.020449
0.050898
0.045087
0.017200
-0.029820
-0.051271
-0.047762
-0.001498
0.012165
0.044623
0.046753
0.017258
-0.013307
-0.048936
-0.036901
-0.040931
0.007512
0.040022
0.067868
0.055450
0.009554
-0.067362
-0.073820
-0.028215
0.016581
0.067409
0.054532
0.016278
-0.029085
-0.045717
-0.052572
-0.013487
0.028318
0.064273
0.044456
0.030342
-0.080163
-0.080032
-0.023932
0.031305
0.077504
0.031791
0.001384
-0.041528
0.000557
-0.005392
0.024842
0.016958
-0.005002
-0.024373
-0.027469
-0.050297
-0.013269
0.042951
0.056139
0.050722
0.001962
-0.021337
-0.041327
-0.038335
-0.055247
0.002661
0.012163
0.022668
-0.021296
-0.008733
0.032882
0.041058
0.029661
-0.038281
-0.020128
-0.021194
-0.004395
-0.009011
-0.013468
-0.011891
-0.017205
0.001129
0.028774
0.053076
0.037579
-0.011406
-0.050088
-0.044067
-0.015399
0.001230
0.006586
0.023022
0.041487
0.034889
-0.027894
-0.078438
-0.052223
-0.007904
0.072685
0.049590
0.022786
-0.009203
-0.044001
-0.022477
-0.042089
-0.001882
0.012892
0.038832
0.028131
-0.006380
-0.027842
-0.010459
-0.010316
0.012531
-0.014434
-0.025111
0.014416
0.012848
0.036655
-0.013393
-0.005983
-0.027910
-0.012852
-0.014185
-0.009939
0.014040
0.038750
0.022796
0.002604
-0.024751
-0.064654
-0.017737
-0.023776
0.019197
0.022557
0.061926
0.041820
-0.020959
-0.062146
-0.082384
-0.024414
0.013940
0.041555
0.050811
0.038279
0.011205
-0.018816
-0.060807
-0.034513
-0.008940
0.021537
0.040679
0.030196
-0.003634
-0.026546
-0.017152
-0.021078
-0.003299
-0.003462
-0.015116
0.011161
0.018620
-0.001349
-0.001540
0.004048
0.007530
-0.014626
-0.036514
-0.042534
-0.000433
0.010551
