0.033846
0.005333
0.010476
-0.009315
-0.029151
-0.022350
0.008664
0.028649
0.013491
-0.003437
-0.021765
-0.025737
-0.032316
0.008142
0.018524
0.033095
0.011616
-0.016103
-0.021967
-0.035043
-0.021256
-0.015850
0.030009
0.049629
0.009720
-0.035669
-0.055995
-0.011353
0.002463
0.011612
0.016983
0.031706
0.035276
-0.045244
-0.062404
-0.030589
0.034735
0.042379
0.003232
0.000481
-0.002412
0.018328
-0.003903
-0.029351
-0.041987
-0.034348
0.015753
0.025311
0.024627
0.013984
0.019548
0.010489
-0.048266
-0.055657
-0.022739
0.026870
0.031755
0.021687
-0.004524
-0.014463
-0.011919
-0.031977
-0.020127
-0.003192
0.033105
0.021346
-0.007253
-0.027529
-0.025049
-0.006815
0.003212
0.029652
0.028180
0.004655
-0.042796
-0.053246
-0.022128
-0.000730
0.031050
0.058042
0.063903
0.004426
-0.059996
-0.047179
-0.015054
0.011761
0.000543
-0.010392
0.014200
0.035417
0.039121
0.018146
-0.004787
-0.036511
-0.063117
-0.022768
0.037902
0.038926
0.040385
0.045347
-0.006299
-0.050465
-0.077890
-0.038629
0.049702
0.072699
0.023975
-0.025487
0.014070
-0.002933
-0.050496
-0.028481
0.046545
0.091968
0.012293
-0.073139
-0.068236
-0.007529
0.009510
-0.003668
0.039558
0.111376
0.043535
-0.090322
-0.114525
-0.007069
0.087746
0.074607
0.038169
-0.017422
-0.043982
-0.060264
-0.028171
0.027516
0.060653
0.045081
0.039303
0.028852
-0.071980
-0.089894
-0.025296
0.079474
0.096911
0.046931
-0.029338
-0.070122
-0.052729
-0.046298
0.025159
0.085464
0.084407
0.014371
-0.038997
-0.074294
-0.051332
0.007862
0.062679
0.075934
0.033444
-0.011649
-0.042984
-0.021303
-0.036425
-0.040778
-0.007606
0.060438
0.074452
0.026079
-0.040529
-0.061060
-0.025765
-0.008300
0.023506
0.004918
0.019897
0.011185
-0.003888
0.001311
-0.008324
0.004135
-0.004270
0.006570
-0.001987
0.022228
-0.005304
-0.040506
-0.005276
0.034066
0.027597
-0.058287
-0.026057
0.023109
0.053299
0.019562
-0.064214
-0.011960
0.033917
0.023528
-0.039110
-0.031568
0.021347
0.050777
-0.029829
-0.067069
-0.003615
-0.016706
0.058065
0.026874
0.058508
0.000441
-0.077646
-0.055029
-0.092869
0.038154
0.059604
0.076190
0.049940
-0.016739
-0.064714
-0.074732
-0.070010
0.011081
0.089335
0.109984
0.051677
-0.085003
-0.059341
-0.069897
-0.013309
-0.022479
0.020088
0.062905
0.021060
-0.027517
-0.016844
0.049560
0.059157
-0.003801
-0.084213
-0.026826
-0.045891
-0.015598
-0.014392
0.041883
0.098806
0.068511
0.020001
-0.081517
-0.081074
-0.037501
0.011609
0.026247
0.033520
0.019711
0.035657
-0.014095
-0.082631
-0.035927
0.075250
0.094566
-0.005556
-0.052470
-0.050617
0.002881
0.042449
-0.009659
-0.046768
-0.017765
0.010248
-0.002110
-0.002137
0.059086
0.035446
0.037711
-0.056867
-0.100955
-0.062985
-0.008676
0.016756
-0.001085
0.092358
0.017199
-0.016892
-0.065762
-0.019871
0.039566
0.021106
0.004874
-0.040921
0.028343
-0.034864
-0.065040
-0.007662
0.028874
0.090360
-0.016510
0.013020
-0.034084
-0.027743
-0.022098
-0.043814
0.086677
-0.009470
0.032320
-0.088032
0.010966
0.016512
-0.000411
0.005228
-0.010038
0.071740
-0.043230
0.018994
-0.060119
0.010421
-0.030553
0.048701
0.062811
-0.000453
-0.043900
-0.124117
0.014073
0.054378
0.131253
0.018125
-0.052189
-0.089796
-0.034731
-0.015263
-0.062754
-0.010140
0.086773
0.151855
0.054322
-0.038454
-0.120405
-0.042307
-0.041983
-0.018019
0.032561
0.033954
0.032889
0.004633
0.012179
-0.038368
-0.045182
0.007406
0.015191
0.017897
-0.047378
-0.069111
0.012160
0.032547
0.052012
-0.004986
0.047637
0.032772
-0.033363
-0.103932
-0.082095
0.008587
0.075819
0.081496
-0.036353
0.013119
-0.033475
-0.014386
-0.032060
0.008790
0.005981
-0.035549
0.000117
-0.033101
0.065275
-0.007458
-0.001057
-0.030172
-0.024224
0.028658
0.037634
0.036004
-0.031705
-0.047771
-0.025200
-0.003556
-0.048785
-0.005693
0.012248
0.094782
0.014310
-0.006551
-0.010085
-0.040546
-0.016771
-0.097091
0.021143
0.004319
0.046922
0.028852
0.014821
0.036013
-0.084476
-0.044776
-0.057043
-0.006054
-0.007379
0.058275
0.107804
0.063270
0.012766
-0.129022
-0.120720
-0.084267
0.000284
0.095434
0.157784
0.130608
-0.028030
-0.113935
-0.128356
-0.079852
-0.028315
0.024847
0.113072
0.086459
0.051117
-0.071676
-0.077005
-0.043847
0.034317
0.024279
-0.064952
-0.005084
-0.064434
0.031056
0.010643
0.017347
0.020841
0.051568
0.067464
-0.014309
-0.041374
-0.050301
-0.025609
-0.067118
-0.096842
0.010357
0.141361
0.133123
0.046828
-0.050518
-0.050632
-0.085782
-0.065942
-0.019489
0.115913
0.124002
0.085834
-0.009135
-0.119642
-0.101614
-0.070386
-0.000792
0.004998
0.092909
0.144746
0.106198
-0.079853
-0.151793
-0.097502
-0.033815
-0.008777
0.048717
0.117953
0.124315
0.063700
-0.047794
-0.085342
-0.110688
-0.094474
-0.006198
0.084835
0.052682
0.032961
0.034424
0.065647
-0.046532
-0.107724
-0.107360
0.016030
0.104640
0.029354
0.020090
-0.033145
0.069876
0.011068
-0.033119
-0.087937
-0.074178
0.050235
0.038087
0.041302
0.004342
0.060211
-0.002923
-0.073660
-0.108612
-0.053862
0.038862
0.036075
0.063721
0.024109
0.009356
-0.051571
0.010229
0.020220
-0.029015
0.017032
0.043050
0.069225
-0.031714
-0.116829
-0.090099
0.025025
0.078845
0.113533
0.110084
-0.014656
-0.179189
-0.161939
-0.025775
0.054641
0.091261
0.106471
0.094130
-0.010516
-0.091874
-0.106857
-0.047004
0.086491
0.159620
0.077753
-0.037736
-0.125448
-0.088350
-0.004191
0.049198
0.025136
0.046113
0.070124
0.034549
0.002956
-0.071145
-0.050478
-0.004387
0.072624
0.058147
0.003745
-0.057490
-0.056198
0.010414
0.000294
0.018732
0.058657
0.071472
0.016774
-0.068228
-0.054115
0.031244
0.033389
0.003451
-0.001231
0.055126
-0.039775
-0.076800
-0.055646
-0.007807
0.072754
0.022617
0.073751
0.059640
0.043905
-0.047863
-0.078273
-0.090769
-0.042292
0.072592
0.015313
0.002057
0.004877
0.028572
0.056242
0.076361
0.029352
-0.017543
-0.014957
-0.072605
-0.136726
-0.038421
0.039650
0.074808
0.060178
0.012550
-0.027972
-0.016736
-0.024139
-0.074803
0.016121
0.117676
0.064115
-0.103333
-0.079069
-0.013197
0.061056
0.012664
0.024666
0.094357
0.045859
-0.070464
-0.166088
-0.017024
0.051357
0.026573
-0.059060
0.028319
0.083035
0.008154
0.014389
-0.042822
-0.002868
0.030368
-0.018785
-0.026240
0.073963
0.063994
-0.073750
-0.105999
-0.033347
0.077730
0.129013
0.033520
-0.068297
-0.041711
0.024224
0.006279
0.014955
-0.003949
-0.045694
-0.030134
0.005318
0.054342
0.003451
0.032314
0.040623
0.028284
-0.014812
-0.072556
-0.103885
-0.090266
0.015432
0.152726
0.170870
0.008836
-0.085808
-0.113375
-0.044523
-0.007906
0.064561
0.043198
-0.024482
-0.029375
-0.054709
0.039485
0.034816
0.060646
0.036707
-0.027898
-0.084386
-0.159631
-0.051278
-0.006042
0.107891
0.140295
0.080295
0.007766
-0.106095
-0.148732
-0.147903
-0.014428
0.040794
0.075645
0.084681
0.089944
0.064625
-0.022641
-0.085425
-0.114841
-0.095717
-0.077330
-0.026165
0.054032
0.094588
0.114162
0.088008
0.025319
-0.121870
-0.203025
-0.155000
-0.034524
0.147707
0.177743
0.146169
-0.011656
-0.067464
-0.029851
-0.051404
-0.152264
-0.120785
0.064267
0.062495
0.033960
0.056788
0.174410
0.095692
-0.136649
-0.341749
-0.138692
0.140637
0.147937
0.119964
0.042081
0.039964
-0.099516
-0.176905
-0.179337
-0.008129
0.179283
0.159271
0.042209
-0.050124
-0.074196
-0.043271
-0.002719
-0.044632
0.010301
0.034632
0.030572
0.013768
0.043563
-0.000173
-0.022185
-0.013626
-0.006020
0.021549
0.021871
0.002542
-0.035217
-0.018455
-0.054581
-0.025082
0.021667
0.045906
0.082460
0.081491
0.002312
-0.075641
-0.101645
-0.104861
-0.058803
0.048662
0.144404
0.178038
0.097519
-0.034184
-0.150022
-0.148357
-0.102226
-0.032454
0.093018
0.129036
0.070920
0.024865
-0.013636
-0.093107
-0.050778
-0.083138
-0.013226
0.074335
0.069390
-0.005005
-0.038913
0.004290
-0.016065
0.015870
-0.029352
0.019649
0.030048
-0.014131
-0.097570
-0.067560
0.011548
0.058962
0.106948
0.027165
-0.007971
-0.117737
-0.064243
0.016548
0.031085
0.072791
-0.011551
0.021315
-0.014502
-0.060677
-0.087753
-0.052138
0.049269
0.060442
0.076134
-0.021366
-0.046636
0.002911
-0.032719
-0.004870
0.076154
0.011275
-0.025022
-0.102209
-0.085783
-0.026885
0.007714
0.088735
0.141049
0.184392
-0.047789
-0.206657
-0.203137
-0.075104
-0.001108
0.030934
0.157684
0.239303
0.145740
-0.092437
-0.196370
-0.172828
-0.044095
-0.014657
0.075173
0.161522
0.124842
0.076661
-0.053327
-0.142813
-0.205461
-0.071422
0.126193
0.138789
0.084047
-0.002135
-0.042276
-0.047090
-0.071444
-0.061656
0.009040
0.099297
0.078507
0.015086
-0.033076
-0.079923
-0.047862
-0.060501
0.016952
0.063814
0.059927
-0.003755
0.018057
0.047157
-0.078108
-0.131259
-0.099503
0.064399
0.099811
0.056902
-0.014764
0.044646
0.018810
-0.160062
-0.160646
0.110273
0.238054
0.071597
-0.078427
-0.105439
-0.045431
-0.102963
-0.074297
0.053655
0.248351
0.140793
-0.111881
-0.197966
-0.094900
0.034539
0.033797
0.052848
0.100747
0.107155
-0.074308
-0.231446
-0.193428
0.071429
0.160545
0.126995
0.054533
0.046728
0.023875
-0.169834
-0.217311
-0.131752
0.105586
0.157664
0.177030
0.114134
-0.020047
-0.071744
-0.135992
-0.081641
-0.065622
0.001837
0.066183
0.126014
0.143119
0.083491
-0.031505
-0.127917
-0.140961
-0.059672
0.034630
0.047398
0.068452
0.047785
0.077381
0.067190
-0.049548
-0.099741
-0.056055
0.026431
0.039398
-0.004238
0.020336
-0.009910
0.005350
-0.025761
-0.014776
0.048918
0.026419
0.021943
-0.020956
-0.018168
-0.068394
-0.110917
0.000549
0.146712
0.095537
0.014059
-0.017054
0.031474
-0.020745
-0.117890
-0.125661
-0.066978
0.094545
0.076064
0.066145
0.061521
0.087434
0.050515
-0.055378
-0.150181
-0.177962
-0.061076
0.076951
0.149218
0.080472
0.057598
0.039673
-0.023182
-0.121406
-0.156647
-0.059663
0.089182
0.062998
0.022722
0.046893
0.030527
0.031706
0.020019
-0.000429
-0.097661
-0.089818
-0.114514
-0.043715
0.080986
0.161275
0.177143
0.098225
-0.064408
-0.215060
-0.175382
-0.062730
0.047672
0.107211
0.150672
0.056111
-0.028307
-0.082023
-0.112075
-0.026535
0.050653
0.088113
0.045150
-0.069768
0.030122
-0.002471
-0.064982
0.007179
0.197440
0.139422
-0.088808
-0.122017
-0.154447
-0.033427
-0.048818
0.071348
0.172214
0.239741
0.009327
-0.166029
-0.144255
-0.071875
-0.012115
-0.077734
0.108475
0.133602
0.126670
-0.006772
-0.116792
-0.101766
-0.012271
0.034834
0.058168
0.051707
0.025412
-0.033866
-0.048013
-0.021219
-0.048649
0.018627
0.052474
0.096473
0.059750
0.003548
-0.094746
-0.138639
-0.077209
0.000384
0.096023
0.117481
0.056152
0.025208
-0.023917
-0.062097
-0.133334
-0.091432
0.009469
0.072606
0.144521
0.089337
0.025470
-0.085167
-0.142060
-0.135218
-0.019570
0.058411
0.085172
0.096025
0.100920
0.022060
-0.089597
-0.136281
-0.148443
-0.039968
0.050279
0.087864
0.096753
0.112923
0.018501
-0.087298
-0.120631
-0.104910
-0.058059
0.005056
0.035521
0.065306
0.099613
0.046462
-0.071061
-0.052540
0.005682
-0.049046
-0.078394
-0.082525
-0.008898
0.102398
0.130127
0.098101
0.071647
-0.019845
-0.160604
-0.173633
-0.083607
0.017830
0.075800
0.080557
0.063605
0.007610
0.017000
-0.076663
-0.075427
0.014409
0.074712
0.044094
-0.043452
-0.074980
-0.095111
0.027686
0.032667
0.129944
0.120589
0.061265
-0.069718
-0.151128
-0.172370
-0.184016
0.124173
0.147560
0.204348
0.124597
-0.005021
-0.111746
-0.179532
-0.052753
-0.011124
0.067844
0.040541
0.030809
0.029203
-0.014815
-0.067485
-0.004554
-0.019074
0.043701
0.097750
0.037978
-0.005691
-0.104560
-0.035137
-0.024052
0.006672
0.033098
-0.007155
0.068146
0.019957
0.020674
0.010341
-0.028419
-0.028876
-0.014831
0.042741
-0.012479
0.033886
-0.019310
-0.048777
-0.010654
0.032696
0.036532
0.016491
0.005857
-0.053434
-0.055804
-0.030698
0.061375
0.104979
0.071984
-0.058866
-0.087264
-0.063297
-0.031006
0.002237
0.071596
0.063722
0.041685
0.003236
-0.096432
-0.109104
-0.067786
0.038279
0.108577
0.122334
-0.026318
-0.105235
-0.098623
-0.061194
-0.025542
0.031646
0.085310
0.102036
0.053941
-0.109864
-0.117149
-0.058132
-0.000344
0.062334
0.055942
0.080558
-0.069986
-0.084704
-0.051445
-0.040658
0.065846
0.051745
0.078740
-0.041685
-0.035255
-0.086391
-0.082352
-0.015847
0.038919
0.109957
0.090689
-0.032338
-0.135906
-0.099923
-0.064844
0.017265
0.065740
0.143320
-0.000808
0.068623
0.013709
-0.073724
-0.061591
-0.037274
-0.013198
-0.063694
0.028680
0.031009
0.131894
0.086860
0.021958
-0.081230
-0.077927
-0.083089
-0.071371
0.032009
0.046782
0.079287
0.092332
0.031700
-0.026176
-0.015913
-0.024753
-0.053712
-0.044975
0.028468
0.023855
0.070792
0.002614
-0.038146
-0.022188
0.035131
-0.014264
-0.014475
0.001731
0.067057
0.042121
-0.075943
0.036450
-0.033265
0.031286
-0.032327
-0.006882
-0.033839
0.013189
0.092503
-0.018913
-0.003709
-0.110963
0.007805
0.040025
0.002701
0.056715
0.127531
0.064072
-0.057813
-0.079660
-0.069484
-0.083127
-0.068790
-0.008206
0.097250
0.164884
0.003349
-0.036787
-0.156729
-0.111439
-0.018663
0.053302
0.118896
0.151363
0.141498
-0.098817
-0.164468
-0.189467
-0.072212
-0.039999
0.042499
0.130250
0.176739
0.063126
-0.096582
-0.153487
-0.151629
-0.015305
-0.021636
0.120611
0.135125
0.133038
-0.005367
-0.095653
-0.120437
-0.113529
-0.065772
-0.056469
0.090367
0.133530
0.169028
0.059505
-0.037660
-0.151806
-0.178201
-0.060949
0.040723
0.106962
0.066668
0.092369
0.050105
-0.029106
-0.089697
-0.088820
-0.038993
0.013816
0.039142
0.000900
0.018509
-0.083964
-0.022221
-0.064299
0.020504
0.150578
0.107923
0.160661
-0.064275
-0.085990
-0.151029
-0.097543
-0.052673
-0.055904
0.150819
0.057551
0.187305
0.096738
-0.124482
-0.097726
-0.091737
-0.009625
-0.016248
0.063373
0.058870
0.019380
-0.005792
-0.044455
0.034471
0.064969
-0.010062
-0.030692
-0.033452
-0.084655
-0.032681
0.052643
0.096586
0.038890
-0.003876
-0.018284
0.004436
-0.004540
-0.057895
-0.063955
0.001654
0.083855
0.057625
-0.021356
-0.056417
-0.022555
-0.004409
-0.017320
0.001707
0.055168
0.056775
0.001474
-0.038900
-0.040167
-0.051485
-0.034079
0.032101
0.055125
0.042743
0.083993
0.033726
-0.091505
-0.128549
-0.064564
0.033939
0.036525
0.040933
0.047220
0.030003
-0.008973
-0.053718
-0.016947
-0.017566
0.012223
0.016034
0.001485
-0.004977
-0.004209
0.042511
0.062973
0.027549
-0.069390
-0.079533
-0.050392
0.014398
0.066125
0.076672
0.017415
0.015383
0.008965
-0.050521
-0.050227
-0.008550
0.017889
-0.011024
0.045572
0.019477
0.047116
-0.008966
-0.026031
-0.039776
0.017965
-0.031677
-0.055262
-0.015598
-0.035143
0.128378
0.055946
0.105940
-0.015548
0.013966
-0.030508
-0.071128
0.003031
-0.061764
0.020031
-0.022838
0.017592
0.038970
0.064129
0.018583
0.044669
0.013718
-0.077495
-0.079012
-0.001229
0.044075
-0.030080
-0.004374
-0.010834
0.032332
0.046880
0.005440
0.000777
-0.043751
-0.050969
-0.016139
0.036010
0.020298
-0.021617
0.015414
0.025497
-0.034865
-0.060875
-0.031398
0.043480
0.068228
0.007960
-0.024995
-0.067703
-0.031783
-0.021773
-0.004915
-0.006585
0.027417
0.084987
0.008237
-0.052393
-0.075988
-0.020480
0.017488
0.001103
0.013033
-0.001360
0.023977
0.005364
-0.024600
-0.033129
-0.037564
-0.022516
-0.017234
0.078135
0.011047
0.032675
-0.005178
-0.055913
-0.045811
-0.016845
0.049482
-0.010174
0.019461
-0.039981
0.026697
-0.001476
-0.012201
-0.033489
0.007929
0.033207
0.008346
0.003065
-0.065612
0.029225
0.010214
0.044523
-0.008238
-0.014827
-0.066205
0.062427
0.054163
-0.023606
-0.002744
-0.036550
0.055865
-0.056694
0.003643
-0.051622
0.031145
0.090754
0.048639
0.036992
-0.037422
-0.033236
-0.121966
-0.036404
0.027796
0.042490
0.041230
0.042452
0.031577
-0.010166
-0.038854
-0.068741
0.001889
0.044987
0.003016
-0.036269
-0.018955
0.011736
0.020019
0.049295
0.046865
-0.009940
-0.071572
-0.076694
-0.031611
0.020909
0.031616
0.038564
0.070024
0.029191
-0.068509
-0.116012
-0.038544
0.037574
0.079345
0.041628
-0.034332
-0.065158
-0.022897
0.017464
0.016718
0.020835
0.014442
0.005582
-0.073197
-0.050459
-0.018685
0.066213
0.035135
-0.025006
0.048407
0.014866
-0.038959
-0.047043
0.044816
-0.013973
-0.059551
-0.031083
0.026630
0.042011
-0.017456
0.014312
0.054103
0.047473
-0.117828
-0.142826
-0.026795
0.080200
0.096626
0.037476
0.027070
-0.014945
-0.042264
-0.078122
-0.073927
0.002785
0.124996
0.099833
-0.032333
-0.100425
-0.030635
0.052531
0.014679
-0.022578
0.003503
0.060527
0.022295
-0.037149
-0.039259
-0.024109
-0.027664
0.018227
0.069575
0.093814
0.001196
-0.063177
-0.051399
-0.027136
-0.043284
-0.027896
0.044749
0.062978
0.105296
0.046895
-0.042737
-0.129555
-0.070119
-0.054319
0.060012
0.075631
0.048001
0.096465
0.013853
-0.072354
-0.174120
-0.021706
0.019374
0.071257
0.039986
0.043128
0.061064
-0.020654
-0.065747
-0.081546
0.027499
-0.005235
0.013663
-0.008556
0.040504
-0.001909
-0.034871
0.007315
0.040592
0.062615
-0.031339
-0.051154
-0.076417
-0.028625
0.001372
0.041071
0.048607
0.044768
0.020311
-0.011673
-0.054200
-0.101044
-0.058282
0.026739
0.090100
0.098148
0.020716
-0.033898
-0.043411
-0.104553
-0.026594
0.007756
0.047817
0.060836
0.040357
-0.002567
-0.073707
-0.049627
-0.048505
0.008214
0.046786
0.052436
0.049661
-0.022094
-0.068976
-0.058361
-0.003035
0.023171
0.039342
0.015328
0.022682
-0.055860
-0.082848
0.006268
-0.020846
0.110393
0.073533
0.040318
-0.040149
-0.095561
-0.091111
-0.057770
0.071295
-0.021913
0.080445
0.096578
0.024205
-0.039584
-0.065154
-0.066606
-0.054173
0.050822
0.070510
0.060321
0.008261
-0.040648
-0.036069
-0.030522
-0.023200
0.010545
0.074843
0.049325
-0.035890
-0.023766
-0.037657
-0.003296
0.006721
0.071559
0.038205
-0.007047
-0.024623
-0.074022
-0.027891
-0.023167
0.077458
0.087666
0.037925
-0.048525
-0.042477
-0.022518
-0.072303
-0.007107
0.050656
0.064810
0.046850
0.026744
-0.019952
-0.029028
-0.072379
-0.056652
0.009264
0.040507
0.043426
0.043233
0.039770
-0.021144
-0.050959
-0.084628
-0.013717
0.062087
0.071236
0.044852
-0.015111
-0.068194
-0.078483
0.008954
0.027498
0.041891
0.043059
0.021872
-0.032019
-0.085128
-0.063290
-0.017976
0.053449
0.106435
0.009154
-0.049030
-0.033424
-0.058559
-0.036911
-0.039603
0.082637
0.044571
0.066852
0.025447
-0.048029
-0.053808
-0.110956
-0.031319
0.005409
0.090611
0.056135
0.067317
0.037896
-0.034921
-0.110665
-0.107469
-0.003175
0.057503
0.088302
0.055639
0.021405
-0.029736
-0.083931
-0.088482
-0.005942
0.085487
0.122785
0.039050
-0.052539
-0.087183
-0.058324
-0.009784
-0.024454
0.028065
0.112144
0.063472
0.010805
-0.075826
-0.080070
-0.049665
0.017106
0.072171
0.026645
0.017261
-0.051177
0.015458
0.018851
-0.028437
-0.040466
0.026523
0.068962
-0.014562
-0.043583
-0.023833
0.038046
-0.034159
-0.037851
0.017122
0.070548
0.045208
-0.037975
-0.034675
-0.016241
0.016020
-0.024538
-0.023349
0.044494
0.055980
0.018291
-0.031666
-0.028813
-0.013074
-0.011625
0.016423
0.011257
0.031805
0.006240
-0.013533
-0.031103
-0.034218
0.009400
-0.049414
0.026667
0.050423
0.076837
-0.013794
-0.070331
0.007395
-0.039188
-0.005857
-0.040895
0.066048
0.075602
0.009949
-0.093318
-0.072636
0.007983
-0.019520
-0.007392
0.098923
0.106372
-0.037053
-0.091178
-0.159145
0.035000
0.088747
0.092949
0.004498
-0.013337
-0.031586
-0.106587
-0.015426
0.015077
0.067564
0.031768
0.022318
-0.019799
-0.013466
-0.050314
-0.054371
0.011752
0.070261
0.041300
-0.004827
-0.032926
-0.030958
0.002662
0.014491
-0.013011
-0.027334
0.049495
0.019373
0.006344
-0.003583
0.011542
-0.016709
-0.069397
-0.042859
0.039856
0.094574
0.044845
0.002708
-0.006422
-0.044931
-0.088823
-0.090004
0.031131
0.123246
0.101061
0.034002
-0.042993
-0.047534
-0.074796
-0.036949
-0.000051
0.044114
0.047940
0.020846
-0.022742
-0.003389
0.009473
-0.059353
-0.009114
0.026830
0.038193
-0.004046
0.028047
-0.006406
-0.022801
-0.031933
-0.033153
0.005311
0.039745
0.049042
0.036270
0.047141
-0.069601
-0.136305
-0.118205
0.036931
0.063147
0.127800
0.056365
0.003499
-0.029491
-0.113931
-0.078657
-0.055310
0.101746
0.073827
0.060210
-0.017633
-0.049208
-0.099273
-0.108804
0.001978
0.099617
0.096408
0.011684
0.002555
-0.057939
-0.034314
-0.109518
-0.040954
0.057030
0.126226
0.089805
-0.034862
-0.009432
-0.043604
-0.058310
-0.085143
-0.002207
0.078428
0.055823
-0.000062
-0.027515
0.033645
0.032700
-0.026362
-0.054401
0.011335
0.042319
-0.014362
-0.071000
-0.009194
0.070470
0.072857
0.052533
-0.067881
-0.022166
-0.010767
-0.049198
-0.031369
0.010543
0.087054
-0.010337
-0.012518
-0.000832
0.039846
0.008369
-0.082770
-0.083824
0.012271
0.116293
0.056880
-0.006244
-0.005661
-0.015079
-0.065860
-0.089462
-0.017520
0.116188
0.141230
0.017853
-0.075243
-0.043065
-0.063233
-0.042496
-0.026015
0.054765
0.093643
0.057695
0.012157
-0.052484
-0.064493
-0.072399
-0.018992
0.029772
0.089771
0.072086
-0.004021
-0.089173
-0.064816
0.011540
0.034154
0.010024
0.026490
0.057153
0.010773
-0.088001
-0.077705
0.000678
0.038114
0.016840
-0.020434
0.021630
0.009619
0.020841
-0.034604
0.020271
-0.007094
-0.044417
-0.053918
-0.045737
0.097773
0.076981
0.021953
-0.044536
0.016970
-0.014251
-0.093613
-0.105936
-0.010133
0.074669
0.058937
0.050405
0.051282
0.028567
-0.118432
-0.130463
-0.031158
0.086383
0.073128
0.024713
-0.016087
-0.015966
-0.027028
-0.070365
-0.034090
0.057474
0.089795
0.044608
0.011126
-0.052681
-0.048498
-0.061099
-0.032186
0.034797
0.095661
0.057591
-0.018586
-0.048714
-0.028463
-0.017658
0.003210
0.025137
0.032019
0.026897
-0.024968
-0.008529
-0.013782
0.001968
-0.033193
-0.016450
0.051398
0.059107
-0.014291
-0.044326
-0.009993
0.038786
0.026516
-0.055339
-0.060920
-0.027920
0.066481
0.048277
0.036220
-0.004589
-0.036087
-0.057129
-0.073384
0.009638
0.081691
0.078487
-0.032151
-0.056078
-0.002986
0.025751
-0.041372
-0.058538
0.004565
0.096877
0.047231
-0.070899
-0.062263
0.012286
0.037145
-0.038212
-0.064727
0.003074
0.105827
0.043959
-0.034903
-0.054176
0.011324
-0.005216
-0.068258
-0.054109
0.025029
0.119538
0.032254
-0.003794
-0.031360
-0.025073
-0.070749
-0.074037
0.023920
0.061582
0.077258
0.002169
-0.033145
-0.024196
-0.025321
-0.074583
-0.053633
0.046017
0.087275
0.065528
-0.019661
-0.035207
-0.042073
-0.019492
-0.051645
-0.038087
0.082261
0.061678
0.023407
-0.031010
-0.011432
-0.016145
-0.051286
-0.070594
-0.015917
0.085007
0.085560
0.036076
-0.011752
-0.020132
-0.081368
-0.083428
-0.049385
0.045157
0.073723
0.049068
0.033853
0.001179
-0.014361
-0.072023
-0.074074
-0.020336
0.045052
0.060575
0.027119
0.020785
0.004246
-0.035023
-0.057963
-0.050285
-0.004562
0.034916
0.075743
0.023997
0.016250
-0.040032
-0.021816
-0.088982
-0.043437
0.049930
0.013435
0.114633
0.043480
0.060760
-0.009363
-0.033630
-0.049548
-0.066139
-0.002785
-0.010822
0.062482
0.032042
0.011165
-0.021672
-0.065233
0.083253
-0.038064
-0.049437
0.079346
0.045026
0.040224
-0.036623
0.045774
-0.018724
0.037277
-0.017662
-0.081040
0.018138
-0.073797
-0.024737
0.050310
0.157529
0.026672
-0.004921
-0.132360
-0.024789
-0.016166
-0.031780
0.122444
-0.116684
0.088102
0.024426
0.094734
0.006827
-0.079715
-0.017715
-0.086647
-0.021362
-0.122117
-0.005164
0.158752
0.164035
-0.018619
-0.017481
-0.061918
-0.008966
-0.022694
-0.029768
-0.003708
0.050265
0.073493
-0.066474
-0.057963
-0.033227
0.043227
0.070895
0.047123
-0.080040
-0.051948
-0.015279
0.025766
0.050597
0.007858
-0.008175
-0.029608
0.010373
-0.021382
-0.047982
-0.030660
0.039684
0.128235
0.049888
-0.071087
-0.141821
-0.052126
0.071669
0.079625
0.028949
-0.044961
-0.008102
0.023490
0.034321
-0.051594
-0.097092
-0.004887
0.062468
0.082706
0.016604
-0.042066
-0.062798
0.009761
0.027647
-0.014826
-0.028832
-0.030124
0.055924
-0.052636
0.071304
0.001822
-0.066752
0.024466
-0.014629
0.094342
0.020578
0.085740
-0.025945
-0.043273
-0.071017
-0.129276
-0.009875
0.004362
0.118599
0.099325
0.077945
-0.057517
-0.162458
-0.051384
-0.003454
0.071296
-0.006668
0.014028
0.044471
0.050115
0.048000
-0.070864
-0.003994
-0.022717
0.022462
-0.074505
-0.128199
-0.019698
0.098365
0.178950
0.060168
-0.023749
-0.114883
-0.089538
-0.059152
-0.007669
0.041242
0.049560
0.053203
0.048740
-0.019751
-0.089531
-0.045052
-0.020155
-0.006516
0.005686
0.030163
0.031308
0.028437
-0.016356
-0.019465
0.009276
-0.006314
-0.094569
-0.042217
0.033364
0.067394
0.048663
-0.047192
-0.037716
-0.018726
0.046949
-0.052034
0.012601
0.058165
0.057860
0.053097
-0.011464
-0.075177
-0.097345
-0.022800
-0.003014
0.086237
0.083738
0.071329
-0.059015
-0.045609
-0.064560
0.013676
0.004516
-0.018628
-0.052477
-0.021107
0.164786
-0.012206
0.010635
0.013912
0.056066
-0.001300
-0.078442
-0.132141
-0.118377
0.029880
0.115344
0.181861
0.098219
-0.019832
-0.145256
-0.131431
-0.052813
0.024168
0.068650
0.056521
0.055016
0.022551
-0.053373
-0.038714
-0.061388
-0.007644
0.031446
0.018309
-0.001940
-0.011975
0.045215
-0.012857
0.047361
0.055566
-0.037905
-0.057576
-0.047654
-0.028203
0.030489
-0.027620
0.017933
0.026829
0.096472
-0.061633
-0.145073
0.004430
-0.064344
0.119273
0.101189
0.095476
-0.027316
-0.052165
-0.079097
-0.066598
-0.032407
-0.065532
0.002229
0.135927
0.147090
0.013935
-0.077692
-0.131787
-0.073815
-0.107349
0.172256
0.007090
0.049123
0.036889
0.050243
0.022436
-0.086953
-0.041759
-0.146026
0.021219
-0.035101
0.080633
0.143374
0.114210
-0.148721
-0.102517
-0.067264
0.044690
0.115518
0.040433
0.020524
-0.077293
0.051035
-0.065515
-0.028680
-0.066454
-0.028113
0.064809
0.080484
0.026930
-0.041110
-0.040251
0.001868
0.027791
0.020469
0.002785
-0.073855
0.005017
0.033627
0.048046
0.014099
-0.004074
0.048028
0.007635
-0.077019
-0.144769
-0.037890
0.069099
0.116527
0.080585
-0.018330
-0.056241
-0.045145
-0.031548
0.002342
0.050602
0.013472
0.027591
-0.008350
-0.028569
-0.112790
0.043099
-0.046946
0.032426
0.116952
-0.096136
0.060064
0.055240
0.135699
-0.048328
-0.081871
-0.113001
-0.113487
0.016572
-0.041914
0.112258
0.167229
0.091644
-0.031522
-0.202448
-0.049129
-0.084363
-0.041828
0.096128
0.118698
0.157064
-0.046259
-0.076217
-0.183783
-0.015971
-0.034046
0.040798
-0.029757
0.081426
0.088417
-0.072102
0.072269
0.002980
0.079528
-0.112458
-0.046343
-0.098058
-0.008625
0.006105
-0.057421
0.085007
0.186096
0.107174
-0.078169
-0.135064
-0.126678
-0.047599
0.048745
0.070797
0.058114
0.002215
-0.095262
0.018088
-0.026163
0.063385
0.001104
0.044397
0.024728
-0.028750
-0.001445
-0.121081
-0.040397
-0.021583
0.062319
0.170304
0.043518
-0.081292
-0.058255
-0.015359
0.039246
-0.023752
-0.003902
-0.035751
-0.053054
0.015605
0.017114
0.057930
0.042336
-0.033853
-0.026247
0.009512
0.056598
-0.022766
-0.001903
0.011611
-0.066479
-0.079416
-0.094620
0.012534
0.142179
0.180573
-0.003874
-0.057486
-0.073911
-0.047470
-0.020253
-0.024143
0.014710
0.016289
0.075134
0.020007
-0.043579
-0.040395
-0.064349
-0.023519
0.016480
0.076254
0.063562
-0.010734
-0.031593
-0.048338
-0.005384
-0.053179
-0.036372
0.006569
0.069815
0.052295
0.009403
-0.008427
-0.003423
-0.014662
-0.062686
-0.050936
-0.069832
-0.016045
0.050865
0.114175
0.077350
-0.006292
-0.072298
-0.040870
0.002309
0.001245
-0.013532
-0.023016
-0.021816
-0.035322
0.015608
0.048026
0.056799
0.018169
-0.046364
-0.011575
0.022501
-0.002335
-0.053578
-0.021251
0.038852
0.046083
0.048505
-0.074585
-0.067278
0.033591
0.077380
0.048380
0.014316
0.010718
-0.031291
-0.044725
-0.092272
-0.049166
0.045318
0.106606
0.094812
0.057407
0.003501
-0.065848
-0.062239
-0.030048
0.005131
-0.010771
-0.014093
0.038435
0.091489
0.069998
-0.020354
-0.064479
-0.021013
0.012399
0.005827
-0.036431
-0.026505
0.065423
0.059460
0.049210
-0.000846
-0.074676
-0.034879
0.022360
0.059129
0.031754
-0.028889
-0.058817
-0.035369
0.031530
0.036116
0.043651
0.052273
-0.019084
-0.052162
-0.060973
-0.000577
0.046581
0.021253
-0.001165
-0.005594
0.007279
-0.016816
-0.010359
-0.023400
-0.020597
0.023017
0.014749
0.037620
-0.016151
-0.078270
-0.025750
0.044484
0.060728
0.007141
-0.007750
-0.048066
-0.049123
-0.022776
-0.029408
0.022836
0.084567
0.092363
0.026815
-0.060426
-0.110397
-0.088839
-0.008711
0.067398
0.093249
0.031202
-0.021546
-0.108867
-0.089945
0.052739
0.072133
0.075195
0.052570
0.020349
-0.100307
-0.094087
-0.028467
0.025430
0.067999
-0.012792
-0.024740
-0.002574
0.058974
0.001421
-0.017268
-0.007959
-0.016977
0.005759
-0.015260
-0.011254
-0.028578
-0.003370
0.018306
0.032975
0.048889
0.002785
-0.055185
-0.063877
-0.011738
0.056830
0.069030
0.021439
-0.056682
-0.090623
-0.056827
-0.016501
0.054666
0.083276
0.063196
0.009417
-0.010036
-0.012419
-0.067706
-0.092184
-0.067219
0.028761
0.077480
0.087246
0.028551
-0.014602
-0.068099
-0.134314
-0.052385
0.056955
0.120832
0.092133
-0.000790
-0.072402
-0.089007
-0.086199
-0.031590
0.039151
0.084570
0.042083
0.001773
-0.048233
-0.069293
-0.031072
0.008017
0.045560
0.050121
0.042570
-0.024884
-0.059785
-0.054727
-0.025068
0.027176
0.062718
0.006012
-0.001476
-0.023312
-0.031893
-0.010648
0.014657
0.047274
-0.001775
-0.008856
-0.039929
-0.010728
0.011974
0.014807
0.015396
0.007028
0.006854
0.019261
0.001644
-0.022970
-0.047389
-0.034370
0.043306
0.025839
0.029832
-0.016114
-0.017635
0.003851
-0.011957
0.003620
-0.021798
0.006944
0.020063
0.037617
0.038394
0.010408
-0.030611
-0.044256
-0.032252
-0.014660
0.021017
0.016811
0.039373
0.002691
-0.002125
-0.005825
-0.018341
-0.003486
-0.033183
-0.036708
0.005852
0.060888
0.036771
0.006638
-0.008722
-0.015690
0.012247
-0.009306
-0.031943
-0.043641
-0.015658
0.024946
0.044522
0.036228
0.006438
-0.007377
-0.013610
-0.006284
-0.031513
-0.027090
-0.037341
0.007771
0.024580
0.065427
0.014009
-0.054732
-0.006327
0.001942
0.032693
-0.005674
-0.021252
-0.054909
-0.045099
-0.029421
0.026508
0.068509
0.058605
0.032611
0.015965
-0.002120
-0.046013
-0.058053
-0.044222
-0.014377
0.009329
0.036402
0.008055
0.040815
0.001915
-0.003343
-0.001867
0.008728
-0.014468
-0.026767
-0.009279
-0.010094
0.019604
-0.011904
-0.003214
0.014965
0.048755
0.004525
0.002711
0.002173
-0.000226
-0.001241
-0.030943
-0.037472
-0.009658
