0.005085
0.021644
0.014866
-0.025228
-0.038919
0.015774
0.033183
0.026391
-0.018889
-0.030923
-0.004153
-0.006224
0.007549
-0.014941
0.011050
0.029540
0.004039
0.002562
-0.012474
-0.027066
-0.018927
0.016077
0.001513
0.003718
-0.013078
0.005782
-0.022381
-0.005016
-0.026126
-0.011438
0.084600
0.043705
0.027625
-0.022917
-0.049978
-0.124821
-0.078096
0.032885
0.115128
0.098494
0.027942
-0.025611
-0.070265
-0.083342
-0.111573
0.023746
0.111820
0.117049
-0.001426
-0.069540
-0.062993
-0.007055
0.051815
-0.005852
-0.043651
-0.050680
-0.012108
0.017596
0.076480
0.052572
-0.029125
-0.026999
-0.011797
-0.102073
-0.081391
-0.000381
0.057284
0.145374
0.059522
-0.046516
-0.033329
-0.013987
-0.074334
-0.083006
-0.029767
0.020753
0.072540
0.034667
0.011673
0.040740
0.012460
-0.042323
-0.012220
-0.005308
-0.068428
-0.066197
-0.090373
-0.004558
0.112641
0.128313
0.115238
0.024426
-0.098441
-0.204979
-0.105560
0.049978
0.106647
0.107773
0.026445
-0.028561
-0.097998
-0.100655
-0.027929
0.102194
0.122926
0.040611
-0.041920
-0.138678
-0.059926
0.053930
0.084639
0.020180
-0.056713
-0.074657
0.005027
0.054715
0.078878
0.022340
-0.010150
-0.056299
-0.092345
-0.009184
0.039181
0.043116
-0.013172
0.037208
0.042514
0.011994
-0.056100
-0.091992
-0.042915
0.052595
0.068947
0.027450
-0.033413
-0.043369
-0.005401
-0.000031
0.083589
0.075912
-0.014126
-0.097742
-0.059154
-0.037691
-0.005417
0.059550
0.055263
0.051147
0.011335
-0.014503
-0.064090
-0.078819
-0.021745
0.067454
0.104030
0.022733
-0.046243
-0.134486
-0.042176
0.065601
0.055338
0.109878
0.104257
-0.046693
-0.176354
-0.096952
-0.027228
0.007652
0.064561
0.063454
0.073132
0.050122
-0.085637
-0.099944
-0.006835
0.077103
-0.000648
-0.042233
-0.011093
-0.048131
-0.021753
0.062514
0.083592
-0.015502
0.032629
-0.027942
-0.118997
-0.092972
0.010138
0.130698
0.132394
0.001530
-0.154513
-0.089383
0.023433
0.059505
0.057658
0.044018
-0.042883
-0.099531
-0.043114
0.007622
0.005172
-0.000737
0.050808
0.119620
0.052297
-0.100372
-0.152680
-0.054782
0.039547
0.060751
0.056061
0.016573
-0.033494
-0.054473
-0.004774
-0.016319
0.013574
0.025562
0.019566
0.016309
-0.015098
-0.063226
-0.071913
0.057785
0.030144
0.016061
0.040447
0.034127
0.001207
-0.070116
-0.111312
-0.113387
0.043685
0.132616
0.126993
0.078990
-0.047427
-0.171259
-0.139274
0.003034
0.091680
0.111764
0.048818
-0.055898
-0.097918
-0.019926
0.014896
0.019666
-0.008667
-0.045980
0.070096
0.070931
-0.010740
-0.055552
-0.037425
0.024527
0.028340
-0.020138
-0.045537
0.035306
-0.032310
-0.003906
0.082281
0.028648
0.009889
0.033900
-0.061377
-0.152756
-0.086056
0.002786
0.109791
0.197591
0.138307
-0.093682
-0.151811
-0.184370
-0.090076
0.133773
0.241694
0.155139
-0.089690
-0.154642
-0.182938
-0.053333
0.004605
0.101647
0.194720
0.146125
0.089718
-0.212282
-0.302048
-0.098469
0.235153
0.248014
0.067058
-0.108016
-0.252088
-0.137346
0.031891
0.207576
0.225894
0.106228
-0.165360
-0.272486
-0.116805
0.052852
0.155373
0.103701
0.043796
-0.009261
-0.030346
-0.045114
-0.061045
-0.001610
0.053415
0.102091
0.020079
-0.096582
-0.101077
-0.061453
0.028616
0.077159
0.093751
0.071642
-0.018258
-0.049605
-0.034155
-0.015476
0.017640
0.083217
0.063894
-0.097651
-0.161854
-0.051759
0.130513
0.139573
0.023712
-0.035434
-0.022807
-0.055595
-0.072600
-0.019000
0.048530
0.093555
0.061664
-0.020061
-0.062623
0.026984
0.047730
-0.033420
-0.112176
-0.061833
0.023815
0.064190
0.098165
0.082572
0.005073
-0.073670
-0.078401
-0.051501
-0.025964
0.064673
0.098870
0.016556
-0.039569
-0.054273
-0.008305
-0.020708
0.020335
0.073611
0.047820
0.027027
-0.038096
-0.054523
-0.022963
-0.026331
-0.012127
0.027462
0.057320
0.004978
-0.032771
0.042265
-0.002064
-0.044453
0.014098
0.050970
0.069486
0.000854
-0.063869
-0.107854
-0.072201
0.041016
0.076297
0.094858
0.006170
-0.033244
-0.015191
-0.076037
-0.087781
0.006048
0.139652
0.121914
0.048237
-0.083161
-0.182002
-0.153959
-0.040805
0.119605
0.208560
0.157125
-0.000155
-0.090829
-0.122136
-0.061839
-0.033538
0.024350
0.009262
-0.004917
-0.007543
-0.018514
0.079593
0.050992
0.097736
-0.031611
-0.109893
-0.067443
0.003996
0.006359
-0.111321
0.042091
0.148799
0.135124
-0.065616
-0.137327
-0.027094
0.071231
0.003850
-0.079038
-0.003312
0.070117
0.107144
-0.051986
-0.076367
-0.048432
0.016414
0.042875
0.060330
0.031818
-0.063566
-0.035334
-0.064245
-0.025178
0.051653
0.111906
0.059115
-0.020998
-0.082520
-0.136781
-0.040405
0.067572
0.092843
0.085409
0.053451
-0.017234
-0.090119
-0.082227
-0.055275
-0.047092
0.052229
0.159055
0.113602
-0.063929
-0.127727
-0.059605
0.004178
0.071142
0.061108
-0.039518
-0.042241
0.027945
0.028624
0.004090
-0.010036
-0.050373
-0.032510
0.072358
0.049897
-0.033950
-0.019800
-0.027532
-0.029482
0.035880
0.043692
-0.057907
-0.009874
0.100045
0.029027
-0.073534
-0.138868
-0.085425
0.066075
0.224198
0.124811
-0.069600
-0.139507
-0.124023
-0.028047
0.038141
0.050772
-0.026509
0.012005
0.134884
0.091365
-0.103227
-0.176903
-0.132817
0.001473
0.175500
0.168828
-0.001959
-0.134002
-0.108305
-0.028728
0.059773
0.058103
-0.018971
-0.011372
0.003051
-0.051320
-0.025899
0.008093
0.065228
0.021980
-0.088850
-0.070157
0.048477
0.111928
0.046651
0.015126
-0.154154
-0.194230
-0.032789
0.072454
0.100790
0.176248
0.039097
-0.097175
-0.078052
-0.143654
-0.063449
0.071733
0.202497
0.059315
-0.058983
-0.170886
-0.204120
0.016259
0.196719
0.251774
0.090246
-0.157761
-0.309504
-0.190072
0.089938
0.224007
0.151626
0.056677
-0.072260
-0.117628
-0.104027
-0.029912
0.010983
0.051369
0.113894
0.028734
-0.054644
-0.070216
-0.063610
-0.026983
0.039245
0.085896
0.057726
0.020055
-0.035906
-0.107044
-0.017389
0.023239
0.004615
0.054190
0.014145
-0.064087
-0.068659
0.038292
0.058076
0.045094
0.006498
-0.108414
-0.048201
0.043554
0.124098
0.021132
-0.093449
-0.123890
-0.015753
0.100360
0.000366
0.037989
0.016128
0.016457
-0.020473
-0.112585
-0.021469
0.062670
0.067050
0.011016
-0.046299
-0.019755
0.015860
-0.026953
-0.075445
0.008798
0.126954
0.063547
-0.049145
-0.122746
-0.073863
0.111821
0.158809
-0.010762
-0.163111
-0.065022
0.054265
0.022869
0.018296
0.007704
-0.017705
0.010157
-0.033866
-0.030483
0.044124
0.081657
-0.027220
-0.064311
-0.006095
-0.037449
0.038322
-0.000597
-0.067530
-0.058202
0.076142
0.137297
0.073246
-0.002339
-0.089681
-0.112825
-0.085294
-0.009491
0.051249
0.049624
-0.032867
-0.017395
0.036341
0.176923
0.050002
-0.197895
-0.178081
0.091324
0.236448
0.012594
-0.122594
-0.234339
-0.066499
0.055071
0.083713
0.214301
0.209232
0.093609
-0.217201
-0.285478
-0.211395
-0.028349
0.142467
0.150729
0.097094
0.035890
0.102617
0.033137
-0.063454
-0.184082
-0.194834
-0.060421
0.048883
0.173479
0.101913
0.030872
0.027194
0.022600
-0.053064
-0.126210
-0.086752
-0.045173
0.041078
0.094281
0.081834
0.057239
0.056112
-0.082610
-0.173065
-0.066614
0.132399
0.137582
0.044100
-0.155689
-0.162544
0.054115
0.129910
0.143389
-0.001616
-0.071538
-0.137561
-0.061128
-0.003034
0.098348
0.104908
0.055115
0.028248
-0.059110
-0.087956
-0.114284
-0.031436
0.088900
0.118231
-0.003692
0.007998
-0.002408
0.069349
0.029126
-0.113475
-0.127639
-0.033547
0.114415
0.075636
-0.023912
-0.083372
0.044133
0.166726
0.108820
-0.119435
-0.240809
-0.086758
0.082688
0.146088
0.095660
-0.048739
-0.080786
0.029388
0.091071
0.039530
-0.103294
-0.129082
-0.021479
0.111645
0.060214
0.019259
-0.009117
-0.023897
0.072289
-0.005953
-0.061132
-0.077710
-0.018917
0.075638
0.080084
-0.009601
-0.033861
0.005276
0.018741
-0.001301
-0.039259
-0.016954
0.011525
0.038544
0.036146
0.100690
-0.024523
-0.138331
-0.059014
0.035170
0.046114
0.075473
0.026719
-0.071049
-0.033980
-0.012934
0.111605
0.023526
-0.078782
-0.090590
-0.009440
0.082724
0.067751
0.019673
0.018209
0.022631
-0.092746
-0.077417
0.002748
0.059314
0.013476
0.010635
-0.023919
0.041860
-0.007773
-0.047600
0.061052
0.012766
-0.009903
-0.069850
0.004761
0.000750
-0.014487
0.068235
0.057814
0.041348
-0.098643
-0.127945
0.000790
0.131290
0.082185
-0.078223
-0.036831
0.018403
0.021335
-0.061856
-0.045640
0.029565
0.090600
0.046463
-0.056928
-0.025788
0.005439
-0.034795
-0.136442
0.021975
0.158305
0.154022
-0.011249
-0.226157
-0.128562
0.116510
0.166099
-0.047724
-0.070753
-0.037679
0.022273
0.048584
-0.000736
-0.035592
-0.027626
0.040787
0.001623
-0.006360
-0.028509
-0.008081
0.015347
0.045242
0.028835
-0.039812
-0.087669
-0.031222
0.047203
0.057900
0.028830
-0.012987
-0.032041
-0.006326
0.011282
-0.001889
-0.031620
-0.087313
-0.003323
0.137901
0.189437
-0.067026
-0.188562
-0.135547
0.035169
0.167680
0.025786
-0.096180
-0.050095
0.104915
0.094049
0.004383
-0.114020
-0.113877
-0.036529
0.072252
0.115381
0.028554
-0.124807
-0.044264
0.164817
0.063154
-0.127356
-0.144356
-0.032104
0.066922
0.134664
0.083976
-0.049124
-0.140173
-0.069268
0.102721
0.166898
-0.043273
-0.250423
-0.111944
0.136036
0.206027
0.082346
-0.070813
-0.132523
-0.087561
0.015432
0.038236
0.053171
0.043341
-0.048395
-0.104875
-0.028483
0.117560
0.091689
-0.050226
-0.075806
-0.042000
0.040709
0.053561
-0.063233
-0.111252
-0.035687
0.184743
0.115502
-0.019677
-0.113718
-0.076756
-0.044527
-0.008811
0.086599
-0.017872
-0.028282
-0.022984
0.086462
0.050848
0.001136
-0.151482
-0.146112
0.087576
0.186216
0.045605
-0.125666
-0.110327
-0.017913
0.091827
0.057746
-0.023358
-0.138311
0.021683
0.086774
0.062226
-0.025721
-0.071619
-0.032626
-0.007350
0.077738
-0.036634
-0.078337
-0.083384
0.026336
0.148334
0.137838
-0.020604
-0.198394
-0.091392
0.021718
0.070642
-0.002900
-0.029316
0.052580
0.020250
0.034784
0.018942
-0.028780
-0.117123
-0.076498
0.044699
0.135073
0.062129
-0.070607
-0.128598
-0.047369
0.093490
0.048171
0.067318
-0.015884
-0.045733
-0.071337
0.018106
0.053644
-0.088560
-0.060336
0.029937
0.096900
0.063363
0.038318
-0.035954
-0.086218
-0.112562
-0.074641
0.043806
0.198091
0.131582
-0.053029
-0.146282
-0.134048
0.008020
0.095654
0.119655
0.017319
-0.020256
-0.078277
-0.087750
-0.048319
0.026603
0.099340
0.089313
0.016479
-0.092261
-0.115214
-0.060961
0.077389
0.159506
0.084897
-0.086769
-0.149230
-0.080850
0.046756
0.029125
0.011725
-0.055680
0.012213
0.061109
0.046417
0.104398
0.091966
0.005177
-0.295477
-0.243214
-0.057383
0.171213
0.188819
0.104474
0.167937
0.095314
-0.130458
-0.428783
-0.303613
0.077859
0.320691
0.212114
0.102544
-0.006780
-0.168459
-0.161421
-0.010301
0.110521
0.066290
-0.034438
-0.152258
-0.091864
0.047130
0.177657
0.252241
0.084571
-0.188499
-0.290692
-0.120769
0.091199
0.150035
0.081198
-0.018698
-0.009648
0.017911
0.048788
-0.039973
-0.118858
-0.057237
0.071791
0.135210
-0.022594
-0.108683
-0.048712
0.121988
0.121315
-0.001668
-0.130049
-0.130585
0.044400
0.121646
0.072133
-0.036131
-0.065652
-0.013152
0.040935
-0.050919
-0.112749
0.013882
0.181525
0.146211
0.006032
-0.118710
-0.143168
-0.095724
0.006734
0.103226
0.069713
0.007985
-0.049200
0.078732
0.109256
-0.048923
-0.190648
-0.116046
0.100063
0.146953
0.073196
-0.120767
-0.104129
0.026417
0.038976
0.055856
0.042967
0.064333
-0.052640
-0.134379
-0.115417
-0.011357
0.118620
0.097639
0.119200
0.033291
-0.145287
-0.188582
-0.089319
0.070231
0.189010
0.139958
-0.009010
-0.089443
-0.126827
-0.083554
-0.002645
0.050724
0.099902
0.133572
0.048362
-0.149836
-0.177040
-0.045674
0.124486
0.157321
0.044671
-0.103165
-0.097849
0.019828
0.009646
0.003629
0.017510
0.031250
0.069933
0.031025
-0.055095
-0.084173
-0.076054
0.034328
0.062586
0.081434
-0.041934
-0.078378
0.040276
0.050666
0.090593
-0.040504
-0.070878
-0.071843
0.009659
0.069236
0.005539
0.008962
-0.000222
0.050585
0.046855
-0.029677
-0.082193
-0.045412
0.017254
0.051987
0.033058
-0.009060
-0.054216
0.017394
0.062461
0.034015
0.010394
-0.031154
-0.087940
-0.064218
0.045341
0.066056
0.045981
-0.009708
0.020381
0.027918
-0.002175
-0.099168
-0.098379
0.004175
0.115464
0.110013
-0.008948
-0.051605
-0.088861
0.032322
0.031643
0.023448
-0.031826
-0.054306
-0.018989
0.019180
0.102053
0.000273
-0.027345
-0.066265
-0.016174
0.025933
0.053407
0.046723
-0.049717
-0.051139
-0.052358
0.038105
0.033288
0.022884
0.042620
0.010318
-0.038221
-0.075324
-0.022660
-0.003671
0.036890
0.039216
0.023284
-0.017122
-0.060605
-0.015190
0.017695
0.030393
0.005759
0.013665
0.005037
-0.021320
-0.007949
-0.006341
0.015616
-0.009869
-0.027275
-0.029623
0.026267
0.070763
0.049968
-0.031363
-0.084590
-0.041118
0.002400
0.072708
-0.014124
-0.038418
0.012632
0.084919
0.072458
-0.047102
-0.105163
-0.126946
0.001232
0.086660
0.119744
0.060352
-0.018836
-0.068574
-0.097764
-0.053602
0.006718
0.097964
0.111024
0.019251
-0.087659
-0.076870
-0.033737
0.001783
0.025130
0.079892
0.047612
-0.054764
-0.083291
-0.074249
0.017536
0.067604
0.076214
0.020309
-0.052078
-0.074091
-0.024860
0.040689
0.028452
-0.000174
-0.010214
-0.004218
-0.018627
-0.004277
0.014693
0.006269
-0.004721
-0.029271
-0.011439
-0.005479
-0.015829
-0.013007
0.040994
0.062559
-0.007888
-0.043062
-0.033947
-0.007901
0.007952
0.020011
-0.020252
0.006841
0.009149
-0.025335
-0.009214
0.014233
-0.002431
-0.051279
-0.007488
0.037993
0.062699
0.044134
-0.038461
-0.086753
-0.033822
0.012387
0.007396
-0.003875
0.001095
0.041202
0.040117
-0.022226
-0.087470
-0.062468
0.062485
0.065721
0.038209
-0.017369
-0.037579
-0.044173
-0.047239
-0.007879
0.006149
0.056505
0.028773
0.020299
-0.031138
-0.050902
-0.058970
0.007536
0.058257
0.045258
0.006137
-0.027404
-0.032434
-0.065832
-0.033262
0.002874
0.066715
0.055990
0.028668
-0.026278
-0.058871
-0.073318
-0.012346
0.062016
0.065911
0.024601
-0.043944
-0.062345
-0.076997
0.011910
0.081299
0.073519
-0.015818
-0.032116
-0.031383
-0.042977
0.015632
0.008807
0.031387
0.035086
0.011304
-0.033500
-0.034146
-0.036458
-0.026773
0.054109
0.078919
-0.001214
-0.037269
-0.005867
-0.048329
-0.008051
0.020649
0.029648
0.015141
-0.010018
-0.015698
-0.020419
0.011796
0.018021
0.005132
-0.017697
-0.021454
-0.007622
0.021290
0.006218
-0.004308
-0.008051
0.029751
0.024784
-0.022082
-0.054875
-0.027189
0.030557
0.031959
0.023929
-0.029832
-0.025530
0.018733
0.019612
-0.028034
-0.014632
-0.015079
0.002626
0.038925
0.006277
-0.025287
-0.010805
0.014229
0.006816
0.016185
-0.012958
-0.016038
-0.038074
-0.029227
0.007562
0.061239
0.056528
-0.007407
-0.040577
-0.065729
-0.023158
0.009282
0.072077
0.055688
-0.030883
-0.072233
-0.046135
0.023418
0.065181
0.035516
-0.006614
-0.056380
-0.025952
0.023091
0.006890
0.025399
-0.011946
-0.007426
-0.007949
0.038204
0.006929
-0.035443
-0.011069
-0.006835
0.031774
0.005430
0.000610
-0.028408
-0.001549
0.006409
0.001191
0.033543
0.021063
-0.007906
-0.056815
-0.030669
-0.002100
0.020868
0.039439
0.035877
