0.035961
0.028598
-0.000814
-0.021364
-0.008462
0.004151
-0.020729
-0.027996
0.006560
0.041176
0.037389
-0.007611
-0.047925
-0.036024
0.002211
0.034305
0.029647
0.007575
-0.018490
-0.006719
-0.022849
-0.019611
0.002421
0.023301
0.035074
0.000608
-0.015669
-0.021586
0.013265
0.007310
-0.023159
-0.034632
-0.017425
0.010080
0.011773
0.014009
0.017195
0.026326
-0.009478
-0.064713
-0.030899
0.021949
0.047592
-0.014161
-0.059422
-0.017206
0.032033
0.056483
0.015989
0.004345
-0.001190
-0.008284
-0.037754
-0.063414
-0.047801
0.018105
0.075089
0.074680
0.027997
-0.038216
-0.071446
-0.055198
-0.011139
0.016795
0.039934
0.045801
0.030412
-0.001490
-0.045567
-0.068886
-0.025079
0.035085
0.041350
0.002800
-0.020153
-0.012062
0.012022
0.016482
-0.002814
-0.016827
-0.000918
-0.003983
-0.024508
-0.013756
0.030553
0.050555
0.001264
-0.030507
-0.031198
0.003741
0.025152
0.014134
-0.014344
-0.010454
0.013123
0.009653
0.011948
-0.009335
-0.013618
0.001211
0.022067
0.015446
-0.009918
-0.016966
0.000691
0.036566
0.029833
-0.012346
-0.058650
-0.032225
0.029607
0.064432
0.044913
-0.002579
-0.025672
-0.039055
-0.023575
0.000173
0.019913
0.041527
0.043059
0.014126
-0.021689
-0.061179
-0.044523
0.031173
0.084482
0.057698
-0.007706
-0.057174
-0.056028
-0.005388
0.027506
0.047644
0.043300
-0.002036
-0.022094
-0.016164
-0.020193
-0.007387
0.003798
0.020600
0.055119
0.049824
0.004265
-0.038034
-0.060590
-0.025107
-0.006192
0.029758
0.037236
0.047087
0.075891
0.012481
-0.062572
-0.141460
-0.087211
0.024386
0.136197
0.115738
0.046513
-0.003357
-0.082249
-0.123787
-0.085060
0.043293
0.059367
0.041466
-0.029183
0.029579
0.064365
0.049004
-0.059471
-0.118158
-0.067460
-0.008946
0.111012
0.059945
0.014770
-0.055679
0.004330
0.001631
-0.049069
-0.077487
-0.036643
0.082528
0.091075
0.039693
-0.053356
-0.056586
-0.050875
0.003546
0.022705
0.011226
0.000120
0.000370
-0.007919
0.005471
0.017427
-0.009618
-0.030090
-0.034165
-0.011100
0.013994
0.020859
0.012502
-0.008007
-0.013971
-0.000762
-0.015056
0.009114
-0.004975
0.028564
0.011871
-0.018666
-0.047491
-0.074573
-0.015457
0.038475
0.117597
0.083803
0.001010
-0.098933
-0.130497
-0.066454
0.028659
0.082675
0.085869
0.039179
-0.020915
-0.045471
-0.082266
-0.040768
0.053292
0.088065
-0.014105
-0.071735
-0.090024
0.035278
0.114970
0.087700
0.026520
0.002243
-0.045389
-0.189054
-0.142438
-0.051288
0.171337
0.234832
0.113162
-0.038639
-0.079425
-0.072819
-0.125801
-0.082083
0.021182
0.158649
0.130662
-0.006954
-0.069441
0.005864
-0.013693
-0.053445
-0.086472
-0.032000
0.068353
0.103530
0.074543
0.008918
0.011069
-0.082372
-0.107834
-0.065115
0.054711
0.128912
0.029472
-0.060325
-0.035421
0.055867
0.005262
-0.067288
-0.026240
0.018809
0.049145
0.007244
-0.047719
-0.014459
0.019442
0.048513
0.072232
0.017765
-0.075872
-0.133397
-0.080257
0.051283
0.089610
0.085540
0.031920
0.024483
0.004570
-0.102157
-0.138972
-0.079079
0.068346
0.114641
0.086155
0.005009
-0.011295
-0.034604
-0.031563
-0.089398
-0.066701
0.038707
0.083490
0.111353
-0.031006
-0.046712
-0.055747
0.000222
0.015395
-0.035896
-0.072316
-0.036571
0.027877
0.087826
0.095886
0.066523
-0.045249
-0.116489
-0.031618
-0.044559
0.031132
0.022323
0.076084
0.000203
-0.076174
-0.128257
-0.006524
0.153073
0.088996
0.026159
-0.127374
-0.058408
-0.066782
0.018166
0.039492
0.020918
0.097495
0.038669
0.011732
-0.104299
-0.169391
-0.106587
0.048666
0.223562
0.133918
-0.011253
-0.151459
-0.164074
0.023984
0.093813
0.085503
0.034875
-0.003109
-0.013701
-0.079404
-0.121864
-0.101575
0.031584
0.184344
0.169552
0.051805
-0.181227
-0.206449
-0.042941
0.075780
0.132036
0.068565
-0.020363
0.000704
-0.039595
-0.079438
-0.117331
-0.015466
0.162140
0.164585
0.058711
-0.165484
-0.170384
-0.094085
0.066436
0.115661
0.091829
-0.006595
-0.081634
-0.051600
0.027672
0.026748
-0.042442
-0.051481
0.005952
0.128904
0.047184
-0.044193
-0.096497
0.019601
-0.012916
-0.060212
-0.054219
0.033502
0.143233
0.054607
-0.014981
-0.068424
-0.069428
-0.056829
0.040573
0.103621
0.102077
-0.029279
-0.167834
-0.122042
-0.021423
0.104336
0.141764
0.110702
0.003449
-0.151988
-0.187840
-0.069914
0.104068
0.216657
0.102988
-0.051875
-0.115741
-0.091999
-0.014532
-0.080654
-0.004575
0.064337
0.214128
0.148293
-0.079730
-0.194589
-0.199690
-0.000581
0.136373
0.170980
0.007960
-0.092676
-0.021513
0.061648
-0.015664
-0.067241
-0.083501
0.006584
0.083914
0.050447
0.050740
0.038393
-0.083204
-0.144535
-0.057875
0.039634
0.111180
0.108466
0.067930
-0.053446
-0.160172
-0.166243
0.024770
0.107743
0.077514
0.041476
0.084969
0.080321
-0.065886
-0.240716
-0.155524
0.000272
0.110898
0.155127
0.075327
0.084619
-0.046415
-0.099732
-0.127940
-0.063682
0.002667
0.086494
0.056686
0.011467
0.019821
0.051823
0.053155
-0.056667
-0.149720
-0.164703
0.048284
0.087774
0.144432
0.101520
0.076198
-0.036227
-0.169718
-0.144372
-0.098982
0.088051
0.105649
0.157624
0.057997
-0.028931
-0.100541
-0.180318
-0.041435
0.076323
0.195058
0.127965
0.029301
-0.053692
-0.131937
-0.106759
-0.125208
-0.015279
0.104996
0.183648
0.175097
0.017131
-0.105247
-0.204003
-0.165511
-0.001619
0.167899
0.121397
0.037307
0.047106
0.050211
-0.041106
-0.150949
-0.190354
-0.091896
0.162438
0.160735
0.114116
0.027747
0.027743
-0.053926
-0.193082
-0.128560
-0.065011
0.121684
0.105598
0.049649
0.020261
0.032414
0.018123
-0.144968
-0.123388
-0.041112
0.076259
0.130530
0.067405
-0.004450
-0.071517
-0.136920
-0.098099
0.063851
0.146916
0.130279
-0.020059
-0.115493
-0.080317
-0.032618
0.032298
-0.002701
-0.010212
0.041214
0.148889
0.166904
-0.063340
-0.329103
-0.257284
0.091790
0.304057
0.247364
-0.048016
-0.160416
-0.148721
-0.051365
0.103606
0.039128
0.015564
-0.000509
0.129090
0.162352
-0.053709
-0.265099
-0.334764
0.037298
0.278429
0.335969
0.071043
-0.142517
-0.219528
-0.187696
0.092298
0.106699
0.116270
-0.017678
0.020443
0.036223
0.004541
-0.158811
-0.186246
-0.006488
0.192816
0.274563
0.064913
-0.110736
-0.304622
-0.141238
0.082234
0.220678
0.067901
-0.060865
-0.036692
0.040527
0.027323
-0.167705
-0.105583
0.013321
0.197603
0.134944
0.079919
-0.078795
-0.223494
-0.103160
-0.053937
0.145354
0.051496
0.008251
0.071960
0.106491
0.026928
-0.274918
-0.200452
-0.005292
0.254374
0.172624
-0.047693
-0.089259
-0.152226
0.015190
-0.000541
0.029278
0.016417
0.070541
0.075141
-0.025748
-0.125233
-0.200012
0.024446
0.103384
0.185919
0.068693
-0.034840
-0.132972
-0.145032
-0.022236
0.075756
0.067291
0.015409
0.031726
0.064939
0.033235
-0.194457
-0.161482
-0.003308
0.187688
0.182530
-0.010910
-0.071881
-0.126454
-0.077147
0.027764
0.055431
0.065653
0.016218
0.075920
0.044422
-0.058049
-0.273401
-0.142427
0.132100
0.253228
0.194649
-0.039156
-0.110760
-0.192966
-0.087622
-0.069197
0.104674
0.103302
0.101957
0.077651
0.035526
-0.058896
-0.273036
-0.119624
0.015459
0.291969
0.132447
-0.027728
-0.146889
-0.128717
0.066589
-0.041536
0.036020
0.013200
0.163107
0.056061
-0.085510
-0.249571
-0.121305
0.125737
0.160461
0.151042
-0.037290
-0.019678
-0.225547
-0.063577
-0.006583
0.115749
0.104613
0.025648
0.020085
-0.040019
-0.057056
-0.160399
-0.023184
0.098714
0.164407
0.019553
-0.062263
-0.100974
-0.016056
-0.000226
0.008725
-0.017849
0.092190
0.040571
-0.055720
-0.106655
-0.032600
0.059073
0.079904
0.076764
-0.091011
-0.073483
-0.087296
0.074721
0.043706
0.101126
-0.059688
-0.051033
0.022240
0.048514
0.035851
-0.138662
-0.047407
0.006378
0.160139
-0.011825
-0.078240
-0.026539
0.058370
0.049993
-0.057596
-0.068097
-0.011998
0.086973
0.062836
-0.022756
-0.103026
-0.048734
0.043215
0.088487
0.042305
-0.016437
-0.076108
-0.015073
0.043553
0.020640
-0.019917
-0.072721
-0.003926
0.102135
0.062300
-0.042715
-0.100444
-0.014273
0.068827
0.034531
-0.031436
-0.052913
0.043654
0.030744
-0.017172
-0.065825
-0.017216
0.045021
0.072283
-0.021695
-0.063593
-0.020705
0.008748
0.036067
0.018453
0.006505
-0.057014
0.003220
0.007257
0.018352
-0.037943
-0.046629
0.023625
0.101878
0.030521
-0.080785
-0.127531
-0.007247
0.105469
0.067609
0.024825
-0.084512
-0.007313
-0.065963
-0.034318
0.030138
0.104001
0.080611
-0.078615
-0.100272
-0.047271
0.074554
0.031469
-0.030887
-0.005786
-0.031400
0.036835
0.044715
0.001441
-0.023649
-0.088406
-0.009687
0.040766
0.074971
-0.014195
-0.089966
-0.044139
0.043913
0.084490
-0.006672
-0.079401
-0.056623
0.049428
0.039798
0.019599
-0.052096
-0.049633
0.003006
0.011511
0.045586
-0.031788
-0.003014
0.023579
0.016764
-0.020501
-0.051453
-0.017889
0.017992
0.062197
-0.004026
-0.037470
-0.009805
0.031716
0.043412
-0.024330
-0.044495
-0.023318
0.003614
0.041974
0.005456
0.022342
-0.010498
-0.046314
-0.033854
-0.002589
0.090078
0.028123
-0.050275
-0.087688
0.010328
0.085553
0.028741
-0.085205
-0.070539
0.035220
0.101846
0.030888
-0.095500
-0.067059
0.003124
0.134433
0.043470
-0.066591
-0.122006
-0.007134
0.114757
0.070063
-0.030763
-0.154509
-0.001967
0.110785
0.115990
-0.014912
-0.143278
-0.069954
0.079273
0.126815
0.023599
-0.100848
-0.059693
0.066045
0.067038
-0.024504
-0.106199
0.022186
0.099760
0.052090
-0.053280
-0.084921
-0.014378
0.065696
0.051538
-0.029387
-0.026847
-0.027036
0.045057
0.011036
-0.003222
-0.019579
-0.040767
-0.030953
-0.004418
0.084281
0.069992
-0.011544
-0.111809
-0.077011
0.043188
0.097768
0.058250
-0.068287
-0.107481
-0.005052
0.068501
0.111234
-0.023306
-0.085024
-0.029211
0.044165
0.055290
-0.019822
-0.059437
-0.047226
0.077229
0.097139
0.028427
-0.067747
-0.109595
-0.017188
0.056050
0.062858
0.024551
-0.030169
0.000112
-0.011308
0.008146
-0.025370
-0.006041
0.016899
-0.002547
-0.003858
0.003415
0.026473
0.021825
-0.036864
-0.057653
0.039596
0.029022
0.012441
-0.065014
-0.003562
0.008149
0.048416
0.014256
-0.036685
0.047376
0.027372
-0.032357
-0.095276
0.009760
0.083623
0.051661
-0.066060
-0.068256
0.012879
0.133235
0.023384
-0.101239
-0.086534
0.000369
0.108082
0.054093
-0.043099
-0.092870
-0.003045
0.071324
0.076717
-0.034982
-0.036235
-0.087412
0.047710
0.036584
-0.029991
-0.017758
-0.047914
0.113007
0.005449
0.055545
-0.081288
-0.063195
-0.011157
-0.011887
0.082407
-0.002405
0.012985
-0.069248
-0.008736
-0.003552
0.001639
0.027423
0.025429
0.026877
-0.057238
-0.064905
0.017867
0.037121
0.041083
-0.044627
-0.028498
0.026553
-0.007868
0.006068
-0.068098
0.049050
0.019787
-0.029683
0.007227
-0.026589
0.034993
-0.024835
-0.034476
0.009015
0.063940
0.042479
-0.057801
-0.083586
-0.001158
0.015236
-0.000105
-0.021905
-0.013164
0.083949
0.004236
0.020367
0.022488
0.017295
-0.043220
-0.078726
0.010154
0.028916
0.068495
-0.052266
-0.100698
0.006490
0.117279
0.129145
-0.032799
-0.136792
-0.071114
0.053378
0.057132
-0.045983
-0.041962
0.068603
0.119066
-0.016600
-0.141099
-0.089166
0.070239
0.112400
0.009359
-0.080072
-0.046772
0.066804
0.034962
-0.034378
-0.050757
0.018223
0.065759
0.005784
-0.075215
-0.059839
0.036681
0.081490
0.025064
-0.050337
-0.053912
0.010891
0.050783
-0.026653
-0.053022
-0.013170
0.088635
0.073692
-0.045632
-0.122582
-0.066406
0.096507
0.097510
-0.020937
-0.091926
-0.014412
0.073909
0.045941
-0.084802
-0.075634
0.030617
0.098066
-0.008296
-0.108186
-0.022478
0.068463
0.035707
-0.060778
-0.036628
0.068378
0.068730
-0.079172
-0.100109
-0.019864
0.088756
0.056923
-0.036627
-0.041525
-0.019262
0.009424
-0.009013
0.016896
0.040088
-0.007148
-0.036205
-0.062557
0.016992
0.059109
0.013811
-0.061893
-0.037108
0.078389
0.052595
-0.000013
-0.128023
-0.078327
0.078657
0.126126
-0.021084
-0.092044
-0.022472
0.073924
0.061250
-0.093549
-0.058633
0.005302
0.106013
-0.009930
-0.061297
-0.003462
0.035479
0.055841
-0.085056
-0.033056
0.006373
0.074968
0.004429
-0.065606
0.012942
0.029318
0.063754
-0.092886
-0.068346
0.032545
0.083534
0.021100
-0.107119
0.006046
0.043497
0.065213
-0.045952
-0.067938
0.026472
0.045103
0.017921
-0.077004
-0.010309
0.056510
0.046698
-0.019212
-0.063314
0.005876
0.047994
0.016158
-0.030989
-0.030924
0.051698
0.052136
-0.015126
-0.085575
-0.019458
0.066217
0.050169
-0.006342
-0.051393
-0.019888
0.028165
0.003209
-0.019032
0.011361
0.037930
0.003159
-0.042907
-0.010861
0.010687
0.029167
-0.021408
-0.003572
0.015594
0.055995
-0.044944
-0.083303
-0.044477
0.070654
0.111734
0.006734
-0.035455
-0.074363
0.009229
-0.012375
0.004045
-0.000799
0.046381
0.015700
-0.016049
-0.012272
0.003468
0.015010
-0.000434
-0.018993
-0.016886
0.002081
0.020472
0.005601
-0.025726
0.031200
0.020617
0.045690
-0.085890
-0.054157
0.002460
0.081865
0.051714
-0.048513
-0.021203
-0.003177
0.059847
-0.034504
-0.040428
-0.003455
0.100545
0.024995
-0.064081
-0.084796
0.014976
0.078147
0.001779
-0.020540
-0.009660
0.075089
-0.010236
-0.072037
-0.066421
0.083527
0.075747
-0.026679
-0.086313
-0.025003
0.074667
0.014441
-0.010265
-0.036309
0.031488
-0.008096
-0.027246
-0.024918
0.003362
0.018449
-0.020691
0.015519
0.025928
0.034350
-0.066475
-0.074365
-0.026716
0.067304
0.067614
0.001824
-0.041992
-0.061872
0.017731
0.012511
-0.005255
-0.062889
0.017855
0.065720
0.089336
-0.051446
-0.134133
-0.059627
0.073781
0.111899
-0.023886
-0.025322
-0.029270
0.044589
-0.060700
-0.033638
-0.016931
0.099086
0.041912
-0.052310
-0.025820
-0.015262
0.018496
-0.086451
0.062938
0.020618
0.085686
-0.060406
-0.077781
-0.011367
0.026815
0.040087
-0.075306
0.044638
0.024904
0.048093
-0.116500
-0.065693
0.011873
0.117751
0.051553
-0.105666
-0.040466
0.001698
0.060862
-0.046480
-0.006780
0.049874
0.099489
-0.033488
-0.154739
-0.081523
0.099328
0.119895
-0.012366
-0.047579
0.006774
0.054435
-0.070735
-0.099619
0.011012
0.156893
0.078045
-0.091519
-0.097895
0.012774
0.068753
-0.009569
-0.032345
0.029603
0.077586
-0.016923
-0.116830
-0.053939
0.088994
0.104063
-0.008457
-0.077054
-0.067035
0.028749
0.029077
0.017941
-0.001501
0.032569
0.018675
-0.056035
-0.071417
-0.031011
0.098270
0.076300
0.012166
-0.088998
-0.050428
0.002675
0.033218
0.007747
-0.006156
0.048155
0.007500
-0.035071
-0.076810
0.026049
0.061160
0.027844
-0.038304
-0.004325
0.008205
-0.031971
-0.035675
0.017181
0.097994
-0.000614
-0.082028
-0.079479
0.060652
0.070640
-0.010059
-0.050331
0.009740
0.032954
-0.046089
-0.075671
0.003312
0.100773
0.033933
-0.056701
-0.073113
0.031327
0.026379
-0.026362
-0.041396
0.013731
0.033230
-0.007429
-0.044669
-0.002856
0.040399
-0.001672
-0.039516
-0.018824
0.044174
0.029967
-0.013628
-0.063682
-0.023959
0.018157
0.046919
0.020487
-0.024345
-0.038061
0.007230
0.039477
-0.009743
-0.031082
-0.006473
0.043980
-0.003205
-0.049791
-0.018808
0.063549
0.041855
-0.067752
-0.064687
0.031721
0.085651
0.002613
-0.060886
-0.025642
0.024642
-0.018604
-0.027551
0.038820
0.083167
0.013838
-0.099759
-0.058867
0.038900
0.064023
-0.039661
-0.042169
0.021381
0.071199
-0.007624
-0.065555
0.001542
0.041495
0.017916
-0.064338
-0.000040
0.009594
0.027608
-0.040681
-0.008248
0.053255
0.020911
-0.027900
-0.072968
0.021305
0.009845
0.046923
-0.007461
0.016698
-0.021878
-0.037071
-0.024104
0.023116
0.062693
-0.005335
-0.027888
-0.046860
0.045222
0.012956
0.022970
-0.039213
0.000034
0.000855
-0.005002
-0.002993
-0.015494
0.035229
-0.009059
0.003229
0.002597
0.024363
-0.026547
-0.041733
-0.020766
0.040658
0.045044
-0.017172
-0.019988
-0.014525
0.013243
-0.022024
0.001839
0.013121
0.001179
