-0.008214
0.010577
-0.000923
0.031633
-0.009973
-0.017546
-0.025367
-0.009085
0.024791
0.016801
0.047332
0.020689
-0.009856
-0.041766
-0.040003
-0.018334
0.029463
0.051399
0.044042
0.009269
-0.021167
-0.023443
-0.037792
-0.015433
-0.009083
0.013002
0.017776
0.027484
0.022103
0.000034
0.038240
0.024946
0.008012
-0.051627
-0.059145
-0.037677
0.000491
0.045903
0.046230
0.052956
0.012478
0.010203
-0.013887
-0.045438
-0.046988
-0.005294
0.021970
0.032159
0.019783
0.000625
0.018210
0.021159
0.030678
0.001562
-0.031054
-0.077580
-0.066819
-0.014043
0.048917
0.109075
0.077975
0.018436
-0.050633
-0.080107
-0.060649
-0.005910
0.036461
0.048437
0.028186
-0.021850
-0.048153
-0.052328
-0.032138
0.035150
0.104485
0.096502
0.011957
-0.082379
-0.111455
-0.060218
0.015732
0.056244
0.063192
0.030673
-0.004554
-0.028853
-0.045738
-0.033676
-0.003862
0.037248
0.053570
0.032823
0.001561
-0.022248
-0.011874
-0.001946
0.003527
-0.017798
-0.035956
-0.021712
0.009313
0.052731
0.043304
0.013927
-0.022129
-0.030079
-0.024027
-0.014058
-0.000285
0.025032
0.026121
-0.016191
-0.043673
-0.048747
-0.018515
0.017708
0.061462
0.053084
0.017511
-0.014736
-0.040693
-0.052662
-0.065819
-0.024471
0.016597
0.018995
0.015506
0.010333
0.039151
0.044491
-0.002018
-0.038321
-0.036089
-0.007826
-0.007158
-0.004406
-0.001325
0.006032
0.019155
0.014691
0.023452
0.020830
-0.010049
-0.072764
-0.094307
-0.040239
0.025180
0.125152
0.152475
0.058330
-0.086041
-0.168945
-0.150032
-0.065630
0.063230
0.132053
0.147781
0.074768
-0.053171
-0.145074
-0.161497
-0.060932
0.062064
0.125516
0.096599
-0.009635
-0.066534
-0.091289
-0.078450
-0.022799
0.082666
0.140267
0.062607
-0.047545
-0.132999
-0.095420
-0.003192
0.078073
0.099073
0.063558
-0.009580
-0.068787
-0.081431
-0.057519
-0.002854
0.061325
0.078652
0.040819
-0.021411
-0.063283
-0.064937
-0.051169
0.039020
0.065302
0.040408
-0.013940
-0.051301
-0.048719
-0.017442
0.031757
0.029397
0.000988
-0.043333
-0.020211
0.031439
0.032005
-0.009888
-0.042691
-0.051085
-0.008072
0.034520
0.036382
0.003826
-0.024628
-0.013521
-0.010675
-0.015628
-0.034398
-0.021505
0.010140
0.021221
0.030337
0.010499
-0.006467
-0.019897
-0.028782
-0.029214
-0.026965
0.004001
0.021719
0.019159
0.006907
-0.000968
-0.018294
-0.024762
-0.007742
0.010730
0.008349
-0.006195
-0.011059
-0.033490
-0.034729
-0.027341
0.015998
0.068575
0.081907
0.047204
-0.056981
-0.122529
-0.132911
-0.035604
0.047661
0.099426
0.120144
0.045888
-0.030623
-0.103140
-0.081034
-0.042463
0.020652
0.048492
0.028936
0.000199
-0.040857
-0.024070
-0.002714
0.029236
0.031966
0.021901
-0.006128
-0.032110
-0.031133
0.000149
0.036376
0.027484
-0.011665
-0.064415
-0.032188
0.026589
0.055363
0.038307
-0.013625
-0.025680
-0.026775
-0.010414
-0.017579
-0.021456
-0.014045
0.021873
0.045890
0.001161
-0.019410
0.000009
0.024750
0.006201
-0.039033
-0.087595
-0.075027
-0.010901
0.056103
0.073039
0.043525
0.003885
-0.034685
-0.047501
-0.042278
0.003494
0.052847
0.048297
-0.008593
-0.075736
-0.095560
-0.030773
0.052507
0.101998
0.060680
-0.003657
-0.066552
-0.067504
-0.021343
-0.001046
0.021965
0.012036
0.017681
-0.016228
-0.020440
-0.025912
-0.002044
0.023946
0.002146
0.005982
0.014139
0.018457
-0.018292
-0.012759
-0.019588
0.006589
0.023913
0.028938
-0.007757
-0.033021
-0.024118
0.001789
0.054060
0.017965
-0.006982
-0.032273
0.006638
0.021305
0.000420
-0.037377
-0.041449
-0.006880
0.057448
0.015018
-0.009934
-0.009332
-0.047266
0.012949
0.037124
0.073334
0.004396
0.007664
-0.013411
-0.019541
-0.029236
-0.046899
0.015129
0.035402
0.033948
-0.004803
0.009968
0.010200
0.025865
0.013249
0.008054
-0.037506
-0.041778
-0.033497
-0.014463
0.033784
0.054800
0.075175
0.045889
-0.006530
-0.078230
-0.072079
-0.025836
0.047113
0.053237
0.048952
0.003119
-0.033367
-0.044920
-0.022529
0.029384
0.079330
0.096493
0.029184
-0.044539
-0.134832
-0.083288
0.020667
0.122463
0.094401
0.045911
-0.024131
-0.100313
-0.065171
-0.017327
0.090456
0.077524
0.039875
-0.029018
-0.129454
-0.084426
-0.023834
0.097000
0.144982
0.111038
0.010931
-0.110921
-0.106692
-0.074122
0.037457
0.078290
0.074069
0.045012
-0.018736
-0.043103
-0.060428
0.017046
0.020468
0.012187
0.019340
-0.054412
-0.016548
0.010814
0.073471
0.062348
0.005773
-0.015640
-0.041533
-0.027431
-0.038860
0.025119
0.035651
0.064968
0.009745
-0.033039
-0.075141
-0.063164
0.045960
0.082266
0.127262
0.044306
0.005368
-0.112115
-0.080923
-0.028390
-0.010470
0.060408
0.033628
0.102882
0.043419
-0.039000
-0.087374
-0.054994
-0.033334
0.016055
0.077921
0.057159
0.039441
-0.009852
-0.019744
-0.019890
-0.008651
0.016991
0.009583
-0.011362
-0.016024
-0.001741
0.001777
0.051605
0.036704
-0.014546
-0.041762
-0.092604
-0.001726
0.067840
0.123368
0.058795
-0.024589
-0.052477
-0.048675
0.036226
-0.000349
0.032344
0.034810
0.014534
-0.007404
-0.091901
-0.027736
0.004904
0.064007
0.107160
0.021960
-0.015198
-0.062292
-0.029754
-0.033183
0.007233
0.072357
0.031605
-0.012398
-0.054709
-0.055395
0.026109
0.060845
0.064529
0.069272
-0.017161
-0.069638
-0.075418
-0.017184
-0.013892
0.045096
0.025881
0.029101
0.045496
-0.043742
-0.033816
0.041036
0.072273
0.032542
0.006036
-0.056944
-0.079535
-0.088747
0.000250
0.115726
0.131915
0.041630
-0.072848
-0.133746
-0.104824
-0.034578
0.104991
0.108176
0.078468
-0.032178
-0.116038
-0.019449
-0.021392
0.066939
0.014883
0.040143
-0.056309
-0.078876
-0.048328
-0.035177
0.084731
0.023210
0.091550
0.031000
-0.052337
-0.140757
-0.095872
0.017744
0.062494
0.106630
0.010421
-0.004048
-0.055535
-0.018520
0.010606
-0.006875
-0.002915
-0.059784
-0.013270
-0.038361
0.002149
0.011917
0.031778
0.069774
-0.006687
-0.041215
-0.115247
-0.063630
0.053865
0.099094
0.088342
-0.014024
-0.058830
-0.070456
-0.089237
-0.025502
0.024402
0.117068
0.065036
-0.060101
-0.105888
-0.095509
-0.040682
-0.002222
0.069039
0.084817
0.095386
0.050597
-0.065098
-0.130760
-0.105665
-0.046703
0.037716
0.024693
0.032456
0.071488
0.077839
-0.005798
-0.110758
-0.092326
-0.080037
0.047734
0.049094
0.029567
-0.032334
-0.115891
-0.055799
-0.044327
0.060628
0.084464
0.100825
0.063749
-0.007781
-0.064100
-0.169832
-0.122396
-0.046252
0.070805
0.087645
-0.001001
-0.008755
-0.001639
-0.013619
-0.022740
0.003732
0.067070
0.091087
0.028559
-0.078239
-0.121485
-0.137427
-0.063094
-0.012246
0.088738
0.110708
0.120852
0.014519
-0.122815
-0.089508
-0.124988
0.082627
0.102894
0.088818
-0.038076
-0.128655
-0.161559
-0.037488
0.105068
0.126552
0.152415
0.008117
-0.082958
-0.161595
-0.113933
-0.076892
0.072990
0.078797
0.072293
0.003065
-0.005886
-0.025276
-0.006002
-0.025993
-0.076142
-0.012008
-0.043960
0.021606
-0.027875
0.038300
-0.004534
0.027254
0.042147
0.003912
0.038429
-0.041558
-0.033004
-0.088207
-0.087796
-0.062360
0.058856
0.139425
0.135648
0.063903
-0.118142
-0.172307
-0.135632
0.029492
0.108453
0.090360
0.018586
-0.065322
-0.103032
-0.119496
-0.014086
0.039847
0.115490
0.142459
-0.001017
-0.058411
-0.045388
0.053042
0.029274
-0.045778
-0.084595
-0.094100
0.003648
-0.036875
0.063088
0.144609
0.103721
-0.062072
-0.170507
-0.095536
-0.043681
0.147071
0.181853
0.148872
-0.048476
-0.192952
-0.208270
-0.083663
0.116874
0.160009
0.171699
0.022053
-0.050260
-0.193561
-0.066085
0.025934
0.072325
0.091506
-0.017296
-0.060480
-0.125640
-0.047852
0.002369
0.156301
0.195442
0.078800
-0.073071
-0.196403
-0.200790
-0.058229
0.087201
0.162310
0.145508
0.066586
-0.041477
-0.072000
-0.059943
-0.060115
-0.049916
0.013499
0.072298
0.085546
-0.015407
-0.066646
0.059098
0.077047
0.076288
-0.042441
-0.091432
-0.135044
-0.081567
0.055137
0.112582
0.098792
0.074446
0.034325
-0.035144
-0.100441
-0.118093
-0.039159
-0.001638
0.114402
0.110842
0.077088
0.002496
-0.075417
-0.029287
-0.051085
0.004453
-0.004589
-0.052513
-0.001875
-0.003934
0.112749
0.129969
0.101803
-0.007723
-0.139819
-0.076403
-0.110862
-0.039567
-0.014239
0.112105
0.237456
0.166022
0.003777
-0.209392
-0.131177
-0.065237
0.072260
0.021852
-0.003141
0.004773
0.034545
0.130750
-0.035330
-0.023926
-0.069592
0.075387
0.090781
0.053917
-0.043378
-0.168293
-0.096055
-0.065155
0.122977
0.160257
0.163876
0.126896
0.078119
-0.118684
-0.283767
-0.253524
-0.101662
0.090021
0.225225
0.267836
0.160854
0.002053
-0.125160
-0.140712
-0.106890
0.010110
0.003659
0.001907
-0.035018
0.055722
0.122552
0.180899
0.116615
-0.069196
-0.178484
-0.239838
-0.111489
-0.062570
0.127196
0.254414
0.334283
0.162032
-0.159002
-0.306540
-0.282497
-0.064180
0.109965
0.183638
0.156674
0.101271
0.115485
-0.005618
-0.148534
-0.290668
-0.259194
0.090413
0.282061
0.330930
0.063628
-0.105931
-0.183811
-0.108372
-0.031059
-0.062734
0.074369
0.072989
0.116613
0.099004
0.081975
-0.003955
-0.113155
-0.177335
-0.146786
0.000700
0.062590
0.114646
0.165052
0.162585
0.045917
-0.120849
-0.196959
-0.163771
-0.045229
0.115930
0.114876
0.119377
0.020302
-0.054524
-0.042318
-0.037666
0.043656
0.022257
-0.030254
-0.102811
0.005736
0.076712
0.119466
0.098827
-0.067996
-0.114881
-0.101589
0.016391
0.078884
0.002702
-0.039090
-0.050998
0.028924
0.055780
0.111760
0.089457
-0.040984
-0.070281
-0.119577
-0.083764
-0.091061
0.005755
0.128678
0.161018
0.013729
-0.036772
-0.129013
-0.107460
0.094499
0.173661
0.173040
-0.107427
-0.176230
-0.217774
-0.091514
0.066657
0.193991
0.304714
0.150556
-0.052746
-0.259043
-0.298264
-0.163261
0.047941
0.264340
0.225620
0.044155
-0.069098
-0.176537
-0.146782
-0.024194
0.163119
0.141458
-0.016618
-0.165861
-0.142171
0.005695
0.144607
0.119184
0.043897
-0.068639
-0.173392
-0.087064
-0.079564
0.040522
0.072424
0.147096
0.103309
0.091069
-0.089612
-0.170094
-0.147457
-0.086150
0.094634
0.021298
0.003294
-0.074814
0.157426
0.109779
0.131927
0.018453
-0.180896
-0.194242
-0.214744
-0.038989
0.030749
0.189097
0.161755
0.130814
0.101501
-0.025366
-0.196937
-0.305616
-0.160293
0.038268
0.190585
0.139932
0.057303
0.082923
0.006479
-0.067629
-0.203181
-0.126393
-0.033031
0.060391
0.096582
0.014454
0.042447
0.036996
0.012061
-0.089132
-0.146567
-0.091730
0.068210
0.205716
0.121644
-0.117327
-0.173153
-0.104869
0.070560
0.038395
-0.008215
0.056065
0.102726
0.065702
-0.174109
-0.207575
-0.119394
0.072363
0.156655
0.184970
0.127174
-0.017257
-0.160454
-0.255827
-0.129105
0.026372
0.166402
0.136954
0.070774
-0.043500
-0.128940
-0.137184
-0.020330
0.186947
0.153386
0.059616
-0.151476
-0.236845
-0.164666
-0.051299
0.135042
0.253583
0.225613
0.023168
-0.106811
-0.201271
-0.159636
-0.069111
0.040144
0.138189
0.140016
-0.002161
-0.114852
-0.065477
0.013214
0.079643
0.007789
-0.046956
-0.075185
0.011697
0.037730
0.084253
0.026632
-0.046844
-0.113606
-0.180715
-0.014614
0.083947
0.241408
0.164364
0.034098
-0.170740
-0.273172
-0.119970
-0.066501
0.077217
0.104292
0.173994
0.162496
0.094640
-0.044155
-0.260091
-0.168871
-0.099593
0.032145
0.038940
-0.019625
0.116801
0.181918
0.178340
-0.005949
-0.147395
-0.228360
-0.141221
0.035265
-0.016499
-0.029443
-0.024584
0.220318
0.274218
0.092948
-0.094470
-0.260846
-0.153644
-0.055463
0.040353
-0.012398
0.033423
0.118712
0.136561
0.047214
-0.105997
-0.067430
-0.078448
0.013327
0.050413
-0.002730
-0.078446
-0.032178
0.119223
0.045356
0.028300
-0.107367
-0.026142
0.065041
0.055707
0.030865
-0.117104
-0.096323
-0.052967
0.128655
0.035216
-0.036507
0.052172
0.082604
0.078572
-0.132922
-0.202080
-0.114431
0.054634
0.202415
0.174303
0.098690
-0.145520
-0.199698
-0.149831
0.007980
0.189052
0.042431
0.030735
0.056365
0.057124
-0.078883
-0.160226
-0.120151
-0.094104
0.018432
0.108197
0.164436
0.114795
0.064269
-0.012374
-0.055396
-0.099605
-0.093824
-0.095207
-0.114413
0.008281
0.233309
0.303601
0.092846
-0.119730
-0.241251
-0.149077
-0.066484
0.035619
0.118862
0.165000
0.080017
-0.040357
-0.119131
-0.129004
0.001270
0.020237
0.127140
0.074154
-0.018898
-0.140499
-0.134887
0.045864
0.074991
0.151129
0.063317
-0.046307
-0.123398
-0.092925
0.057851
0.001637
0.018780
0.073443
0.051015
-0.018649
-0.101263
-0.060349
-0.009239
0.076237
0.092695
0.016535
-0.070441
-0.110142
0.021055
0.088131
0.019076
-0.014171
0.005473
-0.008095
-0.033496
-0.020920
0.018841
0.014416
0.006521
0.033763
0.028500
-0.042614
-0.071968
0.032465
0.142538
0.059932
-0.091099
-0.148554
-0.081765
0.035783
0.084877
0.154769
0.102007
0.029855
-0.094357
-0.134508
-0.096712
-0.063724
0.012040
0.117308
0.122797
0.016861
-0.054828
-0.011489
0.091896
0.047232
0.023274
-0.120832
-0.109869
-0.095985
0.009882
0.073036
0.104105
0.083599
-0.040584
0.080889
0.072630
-0.000048
-0.179341
-0.190901
-0.042612
0.154481
0.159340
0.015350
-0.024549
0.030905
0.061708
-0.036542
-0.072724
-0.092454
-0.023165
-0.002443
0.058888
0.089413
0.050843
0.020448
-0.038517
0.006906
-0.002387
-0.066601
-0.090364
-0.004969
0.126703
0.061823
-0.016891
0.015825
0.053043
0.051631
-0.138549
-0.171797
0.020601
0.149614
0.161304
0.002840
-0.097408
-0.121290
-0.007462
0.077843
0.053865
0.054261
-0.032510
-0.046940
-0.045042
-0.013696
0.043626
0.064773
0.095926
0.033380
-0.119018
-0.101853
-0.102832
-0.041469
0.055829
0.141383
0.176072
0.079389
0.057524
-0.167514
-0.186762
-0.111175
0.011468
0.117778
0.115159
-0.008644
0.016791
0.155672
-0.001064
-0.094693
-0.179828
-0.043052
0.052577
0.130785
0.050246
-0.057536
-0.024903
-0.011261
0.082762
-0.007111
-0.059931
-0.071153
-0.002686
0.052599
0.089871
0.024243
-0.034230
-0.007795
0.017446
0.010435
-0.087892
-0.059294
0.014143
0.133046
0.070165
-0.056803
-0.112370
-0.075504
0.077132
0.116179
0.076509
-0.018434
-0.098945
-0.057223
-0.019246
0.034964
0.010142
0.034337
0.067430
0.015834
-0.014129
-0.142276
-0.061666
0.073374
0.109247
0.030210
-0.018206
-0.053050
-0.048741
0.026249
0.039736
0.048610
-0.005145
-0.008704
-0.042961
-0.056295
-0.073107
-0.000072
0.105013
0.110557
0.072675
-0.089977
-0.114412
-0.009043
0.047282
-0.000181
-0.033340
-0.012051
0.007417
0.054450
0.000891
0.002689
0.011452
-0.024644
-0.046670
0.007814
0.021570
-0.031864
-0.000912
-0.015817
0.004410
0.015009
0.005066
-0.009589
0.015436
0.038062
-0.039376
-0.023384
0.010623
-0.021307
-0.021383
0.016869
0.030540
0.012763
0.026594
-0.037314
-0.053354
-0.031416
-0.043909
0.031653
0.068383
0.049552
0.017519
-0.010060
-0.086440
-0.078041
-0.013222
0.047679
0.065143
-0.007578
-0.024273
-0.022745
0.035411
-0.007932
-0.026783
-0.036703
-0.017495
0.039610
0.001985
0.000689
-0.033218
-0.011598
0.019824
0.007648
-0.022977
-0.038624
-0.025358
0.046263
0.006838
0.027103
-0.017100
-0.069976
-0.048830
-0.020273
0.121624
-0.064040
-0.061038
-0.018229
0.013530
0.016411
-0.039926
0.126594
0.065721
-0.010491
-0.087689
-0.045179
0.031364
-0.003849
0.020890
-0.032467
-0.047407
-0.035289
-0.013031
0.072607
0.064752
0.033866
-0.049743
-0.066432
-0.026573
-0.024694
0.015382
-0.032124
0.027313
0.031722
-0.021181
-0.082749
-0.042586
0.072283
0.059061
0.031554
-0.073178
-0.075898
-0.056313
0.052691
0.110229
-0.014128
-0.051744
-0.057706
0.019838
0.034977
-0.040435
-0.071336
-0.039938
0.057830
0.078612
0.066103
-0.023007
-0.141970
-0.102196
0.019138
0.117079
0.073043
-0.074507
-0.064724
0.019179
0.050521
-0.002931
-0.045729
-0.002316
-0.010124
0.017229
-0.025057
-0.051938
-0.058116
0.007843
0.118783
0.099866
-0.003895
-0.149611
-0.146088
-0.042698
0.089869
0.103219
0.014518
-0.028360
-0.011191
0.008782
-0.026904
-0.004207
0.085207
0.077563
0.009068
-0.119093
-0.171843
-0.113318
0.026246
0.178032
0.191676
0.082415
-0.105600
-0.160973
-0.116676
0.012018
0.060529
0.055463
0.032226
0.013442
-0.032409
-0.107538
-0.063030
0.043575
0.103027
0.047728
0.017774
-0.050039
-0.098716
-0.096146
0.006168
0.074633
0.083055
-0.002495
-0.074236
-0.017870
0.048717
0.076967
-0.052098
-0.113985
-0.091653
0.032704
0.061526
0.036171
0.043198
0.010458
-0.004144
-0.076756
-0.039651
-0.023524
-0.015028
0.021269
0.027226
0.064446
-0.001717
-0.025941
-0.071971
-0.048927
0.044541
0.056565
0.023208
-0.072498
-0.024555
0.011900
0.054293
0.024736
-0.018086
-0.003455
-0.004433
0.054092
0.020438
-0.038948
-0.041601
-0.044120
-0.021903
0.043543
0.056433
0.022335
-0.038106
-0.067340
-0.025123
0.042335
0.056930
0.038287
0.043904
-0.013445
-0.059201
-0.040304
-0.044133
0.012514
0.060032
0.071264
0.017417
-0.031975
-0.028607
-0.035922
-0.032374
-0.010544
0.042856
0.070176
0.060031
-0.016170
-0.041497
-0.038577
0.006520
0.006466
-0.026605
0.020095
0.029186
0.030261
-0.018505
-0.035649
-0.009530
-0.007046
0.041666
0.048191
0.049732
-0.002861
-0.050814
-0.060240
-0.041967
0.035575
0.054395
0.054513
-0.026800
-0.058297
-0.052599
0.021029
0.037041
0.099199
0.099301
-0.001273
-0.020442
-0.088437
-0.041736
-0.048593
0.049308
0.040186
0.003488
0.005127
0.014498
0.067588
-0.003942
-0.022546
-0.059929
-0.004140
-0.021918
-0.000404
0.055954
0.081472
0.061527
-0.057278
-0.090184
-0.055607
0.018248
0.039935
0.058436
0.063952
0.020249
-0.078962
-0.095585
-0.022582
0.073428
0.057462
0.024182
0.009033
-0.015672
-0.044426
-0.085390
-0.027117
0.057178
0.080852
0.027354
-0.025017
-0.006940
0.022635
-0.035321
0.053916
0.075869
0.050520
-0.111235
-0.126964
-0.016112
0.061710
0.123874
0.025017
0.047481
-0.029966
-0.020618
-0.080725
-0.071926
-0.021577
0.070241
0.119862
0.017344
-0.027978
-0.078831
0.004075
-0.007805
0.032744
0.040613
0.031650
0.025946
-0.069870
-0.057144
-0.023865
0.068082
0.051192
0.015538
-0.004221
-0.031481
-0.013942
-0.043514
0.011281
0.026015
0.036470
0.003766
-0.020332
-0.003132
-0.025526
0.007570
0.004072
-0.014613
0.046962
0.046971
0.031419
0.000287
-0.010706
-0.011894
-0.022190
-0.013677
-0.070048
0.008010
0.051210
0.094145
0.034450
-0.043341
-0.074574
-0.040924
0.046798
-0.010448
0.002377
0.015818
0.028677
-0.007237
-0.022213
-0.008988
0.022277
0.029246
-0.023403
-0.046662
-0.009283
0.023515
0.001238
0.021221
0.009212
0.012916
0.011007
0.011688
-0.041509
-0.043706
0.016350
0.031715
0.029989
-0.030705
-0.054945
-0.022071
0.032409
0.014498
0.005465
-0.028658
0.032851
0.032409
-0.004165
0.035944
0.005763
0.014548
-0.017774
-0.070149
-0.070949
0.045965
0.074403
0.061072
0.028595
-0.082698
-0.086700
0.008047
0.025137
0.039311
0.011437
-0.042980
0.003100
0.002722
-0.008121
-0.031464
0.017053
0.032244
0.037968
-0.016898
-0.088944
-0.049394
0.012676
0.085139
0.061853
-0.002660
-0.082471
-0.045931
0.018521
0.020608
-0.004533
-0.023867
0.009792
0.036451
0.039127
-0.066740
-0.066049
-0.006218
0.061751
0.068348
-0.030267
-0.046540
-0.044046
0.006264
-0.031021
0.028069
0.058311
-0.007000
-0.012800
-0.077636
-0.035607
-0.020480
-0.061079
0.059489
0.074444
0.086042
0.045481
-0.028075
0.018347
-0.061563
-0.077720
-0.166406
-0.012369
0.097027
0.136957
0.135487
-0.027878
-0.072333
-0.149781
-0.085153
-0.011080
0.118271
0.094284
0.022669
-0.044720
-0.084569
-0.055925
-0.056922
0.065922
0.088997
0.090141
-0.001005
-0.140998
-0.136630
-0.020745
0.118580
0.081628
0.026801
-0.031717
-0.069086
-0.080421
-0.037226
0.043801
0.086873
0.032205
-0.047097
-0.028675
-0.095905
-0.020891
0.006870
0.108444
0.102662
-0.000314
-0.027635
-0.112392
-0.086547
-0.076088
0.056570
0.102668
0.083246
0.015590
-0.058912
-0.108994
-0.046303
-0.054776
0.021255
0.107650
0.059527
0.063383
-0.060237
-0.009569
-0.081403
-0.050004
-0.039579
-0.044569
-0.001003
-0.020799
0.160492
0.169024
0.074829
-0.198538
-0.241460
-0.068435
0.054416
0.118428
0.046837
0.103203
0.038496
-0.067965
-0.117704
-0.137245
-0.023414
0.081119
0.207196
0.101078
-0.157791
-0.213417
-0.125749
0.139901
0.139157
0.099024
0.063224
-0.055210
-0.077136
-0.216206
-0.136335
0.031338
0.259859
0.293443
-0.038224
-0.184756
-0.246554
-0.090538
0.116921
0.184035
0.217129
-0.041732
-0.160538
-0.256231
-0.077405
0.111896
0.071832
0.262954
0.080767
0.013648
-0.227006
-0.332011
-0.059333
0.085686
0.322770
0.165285
0.107866
-0.131751
-0.259623
-0.230016
-0.079164
0.248538
0.172631
0.171262
-0.034068
-0.100816
-0.136938
-0.146027
0.049415
0.073111
0.072071
0.019567
0.080033
0.084355
-0.088382
-0.136119
-0.188107
0.011397
0.166276
0.128187
0.145752
0.023782
-0.059366
-0.246715
-0.234230
-0.022194
0.156946
0.288399
0.122537
0.011531
-0.130164
-0.273490
-0.123634
-0.007405
0.231181
0.230210
0.137729
-0.101618
-0.265977
-0.227638
-0.099656
0.223270
0.196933
0.206915
0.077875
-0.080289
-0.248196
-0.328123
-0.136127
0.224437
0.344958
0.177980
-0.051434
-0.140962
-0.121851
-0.096855
-0.058945
0.008922
0.142304
0.098889
0.072717
-0.012239
-0.044835
-0.164899
-0.098491
-0.006745
0.134716
0.160198
0.026409
-0.032972
-0.122112
-0.088878
-0.060520
0.047623
0.078473
0.107389
0.072113
-0.006691
-0.154960
-0.148510
-0.043873
0.086837
0.168526
0.055391
0.060151
-0.123891
-0.176976
-0.116245
-0.000266
0.139497
0.154597
0.158912
-0.007295
-0.158877
-0.250243
-0.067453
0.097771
0.174552
0.147375
0.084092
-0.084659
-0.203394
-0.210278
-0.077099
0.178365
0.190023
0.200495
-0.000958
-0.092306
-0.211858
-0.197047
-0.026693
0.144933
0.206737
0.093960
0.018433
-0.075920
-0.132243
-0.187630
-0.026015
0.111623
0.206024
0.109533
0.023669
-0.123952
-0.196581
-0.143276
-0.018301
0.196003
0.131328
0.123050
0.005867
-0.070010
-0.105555
-0.159356
-0.105651
0.047053
0.175368
0.170780
0.075416
-0.031337
-0.160455
-0.160198
-0.093686
0.052769
0.202858
0.086914
0.048768
-0.056970
-0.057828
-0.104596
-0.089840
0.020970
0.099668
0.136701
0.059841
0.029876
-0.090063
-0.137784
-0.181408
-0.007791
0.204635
0.183530
0.041429
-0.119856
-0.096486
-0.058461
-0.051317
0.012145
0.085991
0.095308
0.059411
0.034823
-0.033717
-0.122352
-0.160468
-0.030965
0.136706
0.142461
0.049125
-0.075086
-0.059127
-0.054471
0.022617
0.032046
-0.007313
0.033090
-0.012588
0.048944
-0.059207
-0.093434
-0.018641
0.073861
0.143852
0.066308
-0.013471
-0.150341
-0.163419
-0.054833
0.100439
0.156415
0.075961
-0.023404
-0.020033
-0.044271
-0.079267
-0.057050
-0.031755
0.106896
0.130446
0.092945
-0.061086
-0.229736
-0.132227
0.002013
0.194130
0.188344
0.095327
-0.047913
-0.262878
-0.160358
-0.062793
0.148140
0.183997
0.184938
0.106046
-0.132035
-0.230278
-0.282164
-0.012668
0.147232
0.291052
0.219146
0.017029
-0.179698
-0.334610
-0.213582
0.034282
0.279475
0.259280
0.114095
-0.063862
-0.166630
-0.207419
-0.140875
0.023934
0.173245
0.198526
0.104146
0.012234
-0.114775
-0.191112
-0.157285
-0.047096
0.145838
0.153713
0.110481
0.004284
-0.065003
-0.025184
-0.046684
-0.036718
-0.096181
-0.008077
0.044397
0.077603
0.078233
0.006578
-0.016584
-0.041818
-0.044798
-0.057493
0.000110
0.041147
0.043180
0.010927
-0.006545
0.001525
-0.015467
-0.007968
-0.028724
0.025697
0.043854
0.057339
0.017334
-0.091690
-0.120928
-0.098484
0.076407
0.125205
0.129986
0.007087
-0.065779
-0.085859
-0.081395
-0.027162
-0.016893
0.099697
0.083188
0.060148
-0.060563
-0.017932
0.021175
-0.010026
-0.032843
-0.095403
-0.004153
-0.023140
0.035438
0.078977
0.131783
0.101635
-0.076003
-0.181313
-0.190658
-0.009170
0.093375
0.140766
0.100111
0.000579
-0.058919
-0.083573
-0.029297
0.025450
0.015003
-0.048524
-0.025616
-0.001437
0.054516
0.064111
0.087804
0.021249
-0.086582
-0.174701
-0.131208
0.036895
0.112357
0.182700
0.114076
0.063857
-0.120353
-0.200789
-0.208928
-0.083540
0.155214
0.192807
0.199566
0.042113
-0.061006
-0.167484
-0.174470
-0.051835
0.054524
0.115085
0.047036
0.011072
0.036421
0.079899
0.005237
-0.118684
-0.129918
-0.021784
0.064536
0.074161
0.040070
-0.022832
-0.007278
-0.022669
-0.035725
-0.033110
0.006634
0.073606
0.066369
0.030222
-0.080062
-0.068555
-0.031664
-0.016948
0.002981
-0.005843
0.105135
0.124675
0.024999
-0.103184
-0.147520
-0.052661
0.050521
0.079984
0.033851
-0.018777
-0.044489
-0.009936
0.050139
0.046732
-0.024697
-0.035261
-0.012880
-0.018327
-0.034061
-0.049413
0.021479
0.094904
0.089684
-0.001777
-0.097169
-0.077437
-0.012989
0.055298
0.042548
0.000931
-0.000797
-0.013877
-0.025403
-0.026061
-0.016062
0.011515
0.043312
0.031574
0.020320
-0.017804
-0.052263
-0.039163
0.023451
0.055439
0.018353
-0.030068
-0.055171
-0.013345
0.014787
0.014766
0.011337
0.009087
0.022991
-0.001792
-0.039489
-0.042766
-0.004889
0.033384
0.033050
0.021509
-0.006441
-0.022358
-0.019256
0.004458
0.006370
-0.000018
0.013546
-0.000762
