0.008466
-0.020615
-0.005108
-0.003836
0.015732
0.003451
-0.013185
0.006525
0.035270
0.032119
-0.007584
-0.054332
-0.038784
-0.001664
0.033803
0.045976
0.010592
0.008267
-0.006633
-0.025183
-0.015832
-0.014659
-0.007644
0.018141
0.041158
0.016232
0.005671
-0.006589
-0.044651
-0.039801
0.017401
0.054899
0.031671
-0.034764
-0.053556
0.011647
0.026917
0.020167
0.002587
0.004979
0.006643
-0.019616
-0.013364
-0.006354
-0.004473
0.000692
0.018555
0.012307
-0.019778
-0.055186
-0.000031
0.042525
0.042931
0.035546
-0.044041
-0.058649
-0.013259
0.019169
0.026135
-0.005056
-0.030577
0.018189
0.053390
-0.012115
-0.051519
-0.008258
0.022733
0.001844
-0.006612
-0.005547
-0.012514
0.036388
0.024810
-0.008291
0.007123
-0.047093
-0.002905
0.023860
-0.012164
-0.020550
-0.034674
0.036791
0.025657
0.046141
-0.039068
-0.057671
0.045103
-0.026544
-0.003771
-0.019796
0.028446
0.033532
-0.012822
-0.035329
-0.016556
0.048749
0.004348
-0.003956
-0.025603
0.006884
-0.011546
-0.010941
0.002923
-0.016863
0.043586
0.004914
0.009175
-0.019718
-0.056756
-0.017151
0.011136
0.088231
-0.003342
-0.028382
-0.019951
-0.009713
0.034414
-0.041469
-0.025699
-0.026356
0.050145
0.093787
-0.000520
-0.060473
-0.060849
-0.030878
0.042462
0.054527
-0.029372
-0.017127
0.041640
0.025731
-0.044959
-0.027682
-0.075491
0.048447
0.114821
-0.037056
-0.049503
-0.028945
0.034965
0.012954
0.041735
-0.057269
-0.079438
0.051231
0.042784
0.050281
-0.005241
-0.033137
-0.112980
-0.036714
0.032566
0.017671
0.135436
0.041340
-0.047653
-0.068571
-0.071730
-0.063802
0.008763
0.133611
0.042767
-0.022605
-0.078243
-0.076414
0.036752
0.077283
0.026098
-0.023545
-0.032330
-0.056763
-0.035758
0.019257
0.026779
0.016018
-0.024214
0.000636
0.054999
-0.001382
-0.044229
-0.024499
0.018162
0.015758
-0.023712
-0.051344
-0.024440
-0.003523
0.039146
0.036952
0.043703
0.036004
-0.065275
-0.105469
0.008058
0.042128
0.024643
0.009692
-0.036104
-0.025551
-0.041590
-0.039996
-0.016931
0.185528
0.096389
-0.124138
-0.117728
-0.017925
0.018423
-0.015264
0.063103
0.001575
-0.014527
-0.022555
-0.033320
0.009755
0.082011
-0.020954
-0.073093
0.037265
-0.033084
-0.030441
0.003411
0.011625
0.008155
0.057638
-0.020957
-0.072427
0.050583
-0.019447
-0.042178
0.008460
0.020512
-0.026155
0.010352
-0.028398
-0.061220
0.057200
-0.056199
0.037130
0.069429
-0.018236
0.005939
-0.033160
-0.075035
-0.062974
0.091233
0.051136
0.006137
0.016358
-0.073378
0.045447
0.075652
-0.094735
-0.110569
-0.073728
0.066147
0.161032
0.099462
-0.055385
-0.169411
-0.122615
-0.094023
0.049774
0.148838
0.165791
0.076780
-0.041734
-0.047615
-0.056614
-0.059928
-0.097352
-0.067299
-0.002771
0.080951
0.094825
0.129754
0.105971
-0.049801
-0.176572
-0.196967
-0.042598
0.064934
0.124102
0.071441
0.002249
-0.016823
-0.029348
-0.034036
-0.053153
-0.013410
-0.011485
0.036780
0.047165
-0.006405
-0.018733
-0.037337
-0.009527
0.046297
0.075522
-0.004541
-0.074104
-0.090526
-0.035024
0.067137
0.061964
0.048890
0.001300
-0.023469
-0.041528
-0.068938
0.014878
0.002998
-0.023764
0.016607
0.072330
0.032474
-0.076976
-0.033740
-0.064388
0.014465
0.060653
0.058848
0.072870
-0.000660
-0.035385
-0.171169
-0.054525
0.066038
0.132445
0.094151
-0.054122
-0.086125
-0.135029
0.001821
0.091515
0.149908
0.094583
-0.080992
-0.168275
-0.120499
0.000146
0.089358
0.197324
0.071732
-0.055561
-0.090619
-0.048965
-0.074517
-0.038273
0.113559
0.035965
0.027201
-0.003190
-0.014979
0.036201
0.045086
-0.015218
-0.042252
-0.041570
-0.071408
-0.031037
0.097436
0.078283
0.036614
0.109315
-0.055726
-0.144462
-0.083263
-0.018232
0.045857
0.133668
0.081610
0.001097
-0.042259
-0.108825
-0.096930
-0.037166
0.084144
0.181616
0.180914
-0.033710
-0.300023
-0.232244
0.088841
0.156037
0.104048
0.103425
0.082446
-0.056811
-0.168342
-0.250306
-0.073326
0.207636
0.181592
0.207428
0.068290
-0.167416
-0.288519
-0.135631
0.007065
0.197709
0.236453
-0.001448
-0.027704
-0.089776
-0.146854
-0.112882
0.114487
0.161848
0.153771
0.014641
-0.221151
-0.146767
-0.028026
0.070639
0.113735
0.154902
0.001096
-0.071505
-0.102645
-0.140139
0.004837
0.124912
0.106348
-0.005830
-0.049610
-0.032873
0.048681
0.027631
-0.032627
-0.070154
0.021256
0.039184
-0.023100
0.056208
0.023159
0.011478
-0.060928
-0.061184
0.006895
0.098443
0.074217
-0.080706
-0.064300
-0.062745
0.064502
0.043048
-0.018600
-0.017994
0.044537
0.062863
-0.005504
0.044845
-0.023227
-0.080068
-0.121194
0.015668
0.154534
0.091705
-0.050991
-0.105135
-0.060958
0.040645
0.030617
-0.003486
0.052901
-0.008630
-0.000214
-0.063853
0.048416
0.071177
0.015989
-0.034357
-0.103940
0.075256
0.004195
-0.018972
0.016328
0.048788
0.100365
0.011887
-0.063489
-0.121713
-0.069989
0.013479
0.096621
0.080317
0.012049
0.019751
0.003554
-0.032970
-0.062928
-0.079364
0.000273
0.039511
0.031513
0.010577
-0.010843
0.045324
0.031138
-0.003982
-0.008447
0.110182
0.081569
-0.102000
-0.201680
-0.138103
0.062090
0.161193
0.133042
0.065558
0.025224
-0.118665
-0.119924
-0.101445
-0.074225
0.109894
0.189666
0.043947
-0.056787
-0.052713
-0.087794
0.041893
0.042843
0.032517
0.088580
-0.002487
-0.148183
-0.108572
0.015213
0.070096
0.204901
0.084889
-0.159319
-0.217478
-0.111793
0.059214
0.103728
0.127107
0.057633
0.017669
-0.015553
-0.051078
-0.026317
-0.019676
-0.022454
-0.080440
-0.002044
-0.008570
0.003841
0.153290
0.134695
0.062793
-0.186092
-0.202266
-0.119435
-0.043292
0.166877
0.100168
0.118451
0.047265
0.024797
-0.020931
-0.114326
-0.134950
-0.074215
0.059447
0.058901
-0.007585
-0.022694
0.085526
0.111766
0.052753
-0.073346
-0.121953
-0.146165
-0.014266
0.054071
0.028695
0.115734
0.059786
-0.030122
-0.058244
-0.091115
-0.018338
0.012387
0.021551
0.049741
0.036814
0.022388
-0.112340
-0.081873
-0.053826
0.047191
0.127680
0.113007
0.051129
-0.130307
-0.148350
-0.121542
0.011599
0.132824
0.063952
0.015353
0.042943
-0.052164
-0.047926
-0.088968
-0.052914
0.058461
0.012957
0.074571
-0.059534
-0.050393
0.011348
0.101214
0.163353
-0.076161
-0.134050
-0.132442
-0.058719
0.044477
0.047596
0.161518
0.080359
-0.045284
-0.100827
-0.117834
0.074381
-0.036900
-0.059388
0.008977
0.030070
0.115076
0.023995
-0.084896
-0.089659
0.033341
-0.000030
-0.009401
0.014769
-0.022295
0.010184
0.072561
-0.020649
-0.069199
-0.027814
-0.070976
0.035788
0.090503
-0.005859
0.001778
0.042177
-0.068945
-0.080783
0.005629
0.038443
0.013550
0.048636
-0.001279
-0.139487
-0.037919
-0.023993
0.077446
0.182613
0.035848
-0.093721
-0.092961
-0.039057
-0.089965
0.014572
0.057672
0.031573
0.090482
-0.015735
-0.086280
-0.039239
-0.003005
0.014722
0.040975
-0.051013
-0.038145
0.010280
0.076272
0.020617
-0.044834
0.036372
-0.053433
0.045378
-0.055335
-0.066777
0.007221
-0.033625
0.121200
0.088030
0.027418
-0.085739
-0.103043
-0.051513
-0.012788
0.053415
-0.000935
0.013280
0.072108
-0.019399
-0.023066
0.052546
-0.026442
-0.034330
-0.079350
-0.038383
0.050150
0.086925
-0.000134
-0.042491
0.012595
-0.006124
0.020347
0.073941
0.031315
-0.112172
-0.121704
-0.082871
0.053865
0.075945
0.083085
0.056611
0.031560
0.051658
-0.035486
-0.158286
-0.172725
-0.034766
0.084166
0.212792
0.095208
-0.024614
-0.103734
-0.022114
-0.048006
-0.113579
0.040819
0.002834
0.115126
0.040195
-0.026405
-0.078822
-0.072691
0.067137
-0.020303
0.024379
0.059627
0.170958
0.096636
-0.134296
-0.292315
-0.171543
0.084442
0.150787
0.157884
0.135190
0.026423
-0.119931
-0.156825
-0.136205
-0.013349
0.004153
0.145516
0.171697
0.067589
-0.140025
-0.201271
-0.031095
0.068482
0.186201
0.022021
-0.066181
-0.084271
-0.066886
0.069340
0.072263
-0.040862
-0.045702
0.016411
0.069674
0.004588
-0.025793
-0.073266
-0.066323
0.113725
0.062304
0.076521
-0.146041
-0.130991
0.066780
0.025571
0.073189
-0.055596
0.152968
0.043534
-0.093418
-0.125758
-0.211167
0.087723
0.122970
0.237320
0.041292
-0.100385
-0.143579
-0.161709
0.027378
0.095301
0.095562
0.034452
0.042222
-0.040565
-0.094199
-0.116548
0.003110
0.077755
0.201952
0.036021
-0.176488
-0.114376
-0.019315
0.101991
0.086570
0.045449
-0.159077
-0.038389
0.031671
0.031505
0.135238
0.001326
-0.070346
-0.070716
0.017723
-0.044226
-0.027855
0.042394
0.056920
0.113766
0.028271
-0.154134
-0.112328
-0.020622
0.018931
0.122638
0.013604
-0.009654
0.061077
0.074805
-0.011633
-0.169993
-0.141346
-0.023031
0.093865
0.142523
0.071826
0.075759
-0.083432
-0.096788
-0.071464
-0.062251
0.040882
0.068700
0.110465
-0.002898
-0.019296
-0.125197
-0.082104
0.067513
0.055784
0.096230
-0.003638
-0.165169
-0.063668
0.038998
0.065077
0.112489
0.112093
-0.022976
-0.062310
-0.123232
-0.201684
0.056622
0.134735
0.132125
0.072749
-0.093489
-0.085063
-0.018650
0.012876
-0.001850
-0.010283
-0.019863
0.004594
0.072138
0.024029
-0.012335
-0.108435
0.002023
0.104800
0.080587
0.021597
-0.147796
-0.065141
-0.073634
0.067680
0.081315
0.057828
0.049735
-0.024619
-0.006225
-0.116806
-0.037908
-0.055052
0.035512
0.120114
0.028601
0.097126
0.046058
-0.092394
-0.112409
-0.124387
-0.068399
0.108744
0.168524
0.097902
0.010676
-0.094182
-0.091768
-0.096709
0.040545
0.113455
0.052037
0.014248
-0.067530
-0.010535
-0.066611
-0.038211
0.027403
-0.051321
0.099356
0.116631
0.092496
0.118532
-0.121847
-0.152444
-0.178813
-0.007178
0.057934
0.125402
0.187557
-0.052737
0.032922
-0.064364
-0.046687
0.009272
-0.121561
-0.046372
0.015448
0.044660
0.121491
0.121994
0.097905
-0.081098
-0.247167
-0.154615
0.001062
0.137144
0.186909
0.118053
0.044542
-0.188963
-0.209366
-0.001661
0.022783
0.129760
0.019721
0.135049
0.040693
-0.135737
-0.067936
-0.170268
0.034777
0.082044
0.206240
0.162710
-0.124719
-0.199200
-0.183556
-0.014392
0.097711
0.186725
0.105253
0.033364
-0.088669
-0.207904
-0.057267
0.082974
0.172060
0.023216
-0.011914
-0.112801
-0.167665
0.016746
0.001730
0.233442
0.179978
-0.050332
-0.170180
-0.220111
0.020179
0.074482
0.211125
0.019483
-0.102940
-0.075075
-0.154013
0.057835
0.075193
0.152412
0.037467
-0.016045
-0.134969
-0.118748
0.044553
0.018310
0.097341
-0.011504
-0.050021
-0.015715
0.066296
-0.019263
0.050487
-0.036732
-0.065697
-0.002139
0.006405
0.067000
0.043958
0.027524
-0.172875
0.022068
-0.004116
0.025766
0.028482
0.036134
0.031488
-0.058748
-0.006013
-0.107147
0.005402
-0.006210
0.032291
0.018032
0.093704
0.010653
-0.043450
-0.040155
-0.055712
0.046606
0.049558
0.044536
-0.113183
-0.083399
-0.057227
0.100025
0.147879
0.070790
-0.050785
-0.140675
-0.074398
0.027514
0.092331
0.040080
0.007097
-0.048499
0.003307
-0.016118
-0.010593
-0.038555
0.003683
0.030389
0.036850
0.050204
-0.049391
-0.064432
-0.068313
0.079313
0.131449
0.064004
-0.058995
-0.136219
-0.068208
-0.006293
0.054783
0.063768
0.035991
-0.023323
-0.052577
-0.049051
-0.004539
0.026986
0.044198
0.028910
0.011102
-0.018172
-0.065790
-0.037186
-0.021774
0.023683
0.054852
0.056855
0.031198
-0.064767
-0.091669
-0.075199
-0.027906
0.054981
0.097584
0.111174
0.018100
-0.100175
-0.136554
-0.068377
0.033738
0.058457
0.079945
0.031585
-0.039720
-0.079427
-0.041017
0.028703
0.068290
0.037080
-0.052505
-0.039498
-0.041722
-0.020393
-0.042717
-0.007862
0.035146
0.050225
0.066120
0.018105
0.035049
-0.001239
-0.068178
-0.100906
-0.073085
-0.056339
0.035816
0.070996
0.086919
0.098985
0.046370
-0.018758
-0.116206
-0.123663
-0.081884
0.025125
0.061827
0.079302
0.073658
0.041295
-0.033709
-0.101385
-0.068484
-0.030820
0.033420
0.046835
0.065405
0.024921
0.013342
0.006872
-0.051786
-0.086090
-0.054613
0.035783
0.028678
0.049576
0.027655
0.021629
-0.049129
-0.070003
-0.018268
0.032538
0.041213
-0.018341
0.052517
0.008949
-0.008675
-0.041390
-0.024898
-0.042353
-0.030214
0.039502
0.059012
0.102752
-0.023549
-0.050230
-0.092927
-0.040249
0.022987
0.082221
0.104951
-0.062547
-0.047798
-0.028956
-0.016886
-0.008500
0.023064
0.033109
-0.007565
-0.010850
-0.017723
-0.004481
0.010540
0.001518
0.024285
0.053395
-0.043033
-0.069038
-0.035252
0.000148
0.000500
0.058447
0.113761
0.013054
-0.066137
-0.110804
-0.063760
0.016960
0.027267
0.028008
0.053570
0.023923
-0.006082
-0.030034
-0.024033
-0.015711
-0.066644
-0.064173
0.024678
0.060708
0.062355
0.103902
0.081540
-0.044574
-0.163824
-0.149375
-0.082820
0.066413
0.055724
0.050341
0.125115
0.077094
-0.013912
-0.112718
-0.047360
-0.046895
-0.067292
0.023579
0.051378
0.032629
-0.016600
-0.000821
0.025938
0.055702
0.016960
-0.129041
-0.124840
-0.036438
0.028720
0.088519
0.155924
0.040378
-0.035623
-0.096392
-0.033431
0.000064
-0.062864
-0.047016
-0.124940
0.083775
0.100063
0.151979
0.123227
0.000882
-0.042769
-0.247931
-0.173655
-0.061878
0.094589
0.154357
0.111344
0.063129
-0.045473
-0.097896
-0.182383
-0.041457
0.091051
0.127854
0.111342
0.017834
-0.018708
-0.144655
-0.138406
-0.083943
0.107141
0.159072
0.079475
0.033980
-0.072632
-0.097209
-0.129000
-0.037078
0.087695
0.116852
0.028961
-0.015688
-0.019714
-0.009634
-0.001694
-0.022850
-0.025179
-0.024993
-0.022347
-0.022540
0.044975
0.063224
0.045270
0.015004
-0.039739
-0.008255
-0.062641
-0.053760
-0.001442
0.049663
0.102270
0.010278
-0.026496
-0.047091
-0.020515
-0.020489
0.001716
0.049329
0.031906
-0.000249
-0.029138
-0.036892
0.017615
0.071666
0.040124
-0.014862
-0.074149
-0.043444
-0.009922
0.036273
0.054589
0.017291
-0.005388
-0.014174
0.006530
0.014583
-0.012461
-0.029283
-0.013465
-0.015312
0.003364
0.033589
0.066318
0.051905
-0.050907
-0.090716
-0.050844
0.029720
0.089509
0.062233
0.014496
-0.049014
-0.052416
-0.010268
-0.000156
0.010944
0.009837
0.021472
0.028832
0.006046
-0.006843
-0.011011
-0.010131
-0.001659
0.024436
0.031811
-0.008298
-0.015950
0.013479
-0.002453
-0.014930
0.014211
0.041022
0.042953
-0.012268
-0.017332
0.011925
0.013280
0.000305
-0.030575
-0.014538
-0.031715
-0.022436
0.020807
0.051306
0.074512
0.048453
-0.003852
-0.058739
-0.079946
-0.048030
-0.022478
0.036508
0.101801
0.088096
0.017847
-0.059346
-0.057197
-0.043590
0.008305
0.028103
0.029612
0.014139
-0.024661
-0.027736
0.003270
0.041001
0.026310
-0.005599
-0.034091
-0.018245
-0.019120
-0.016484
-0.013860
0.027377
0.030620
0.021434
0.009357
-0.031156
-0.037355
0.015828
0.050540
0.002278
-0.030192
-0.053921
-0.008254
0.016894
0.052822
0.021805
-0.023052
-0.052814
-0.037873
0.036395
0.044597
0.061930
-0.018915
-0.064851
-0.028503
-0.004774
0.011270
0.002779
0.023318
0.024497
0.012771
-0.031670
-0.051211
0.002006
0.037858
0.055346
0.012947
-0.004547
-0.038664
-0.021156
0.004611
-0.002839
0.007166
0.007104
0.018471
-0.003183
0.008497
-0.000725
-0.005680
-0.011375
-0.015008
0.005036
0.027319
0.025730
0.007168
