-0.031615
-0.005518
-0.018675
-0.011453
0.009513
0.037778
0.034678
-0.013730
-0.045140
0.001437
-0.001468
0.007863
-0.004155
-0.006444
-0.000308
-0.025666
0.001857
0.010004
0.025667
0.014172
0.011232
-0.022631
-0.040855
-0.041276
0.007368
0.022052
0.023051
0.036810
-0.008793
-0.016955
-0.058807
-0.042878
0.031436
0.056550
0.034506
0.004458
-0.034312
-0.041442
-0.058148
-0.019543
0.023738
0.056222
0.065330
-0.008714
-0.023605
-0.048442
-0.064248
-0.015343
0.034898
0.043812
0.039789
-0.010927
-0.037710
-0.047670
-0.024510
0.022517
0.010601
0.013221
-0.007714
0.012996
-0.007273
-0.054049
0.013823
-0.010640
-0.004510
0.002515
0.009071
0.022332
-0.040989
-0.002345
-0.002518
-0.015573
-0.026358
0.024700
0.023793
-0.011653
-0.034943
0.009654
0.015556
-0.031903
-0.000509
-0.047997
0.016266
-0.029561
0.040957
0.034758
-0.048237
-0.008366
-0.023861
0.018462
-0.033851
0.003736
0.037721
-0.020212
-0.046313
-0.005009
-0.008095
0.037146
-0.006068
0.033356
-0.003894
-0.047186
-0.024519
-0.097196
0.043709
-0.017968
0.051257
0.022510
-0.017406
-0.039032
-0.070592
0.073665
0.001258
0.015041
-0.044458
-0.015055
-0.024574
-0.066444
0.000537
0.017199
0.075390
0.003234
0.005983
-0.042238
-0.073413
-0.049219
0.017571
0.081105
0.014839
0.004685
-0.020630
-0.018043
-0.055338
-0.035663
-0.001133
0.052733
0.029455
0.015155
-0.020493
-0.032881
-0.028204
-0.030713
0.044793
-0.004736
0.040487
-0.054218
0.032100
-0.018277
-0.038329
-0.001530
-0.020157
0.061524
-0.055626
0.056820
-0.042719
0.013078
-0.011922
-0.034762
0.020949
-0.052826
0.042838
0.013253
0.040013
-0.044392
-0.049877
0.007231
0.036590
-0.019507
0.010780
-0.022263
0.030207
-0.033303
-0.038886
0.020681
-0.026298
0.105137
-0.046540
0.048087
-0.085301
-0.018446
-0.025575
-0.001079
0.096800
0.018216
-0.006754
-0.082282
-0.024210
-0.035516
0.048296
0.008739
0.081143
-0.036357
0.017005
-0.093331
-0.040962
-0.018975
0.023816
0.131459
-0.051346
-0.020398
-0.099262
0.082035
0.035201
-0.006668
0.023294
-0.026522
-0.039935
-0.084625
-0.031228
0.079648
0.094715
0.086902
-0.055230
-0.052126
-0.052008
-0.105793
0.066927
0.071556
0.080794
-0.047632
-0.008867
-0.043656
-0.018411
0.018971
-0.007201
0.085883
0.025554
-0.029435
-0.100959
-0.014446
-0.009201
0.084133
0.016111
0.023254
-0.035424
-0.065920
0.050723
-0.038389
0.065194
0.018537
0.091323
-0.159517
-0.081588
0.052941
-0.043407
0.128133
0.070432
0.036832
-0.054019
-0.026893
-0.124672
-0.042369
0.037085
0.075431
0.087131
0.054009
-0.060956
-0.103774
-0.032445
-0.056897
0.088789
0.110467
0.122092
-0.083025
-0.118066
-0.098334
0.037886
0.059371
0.062171
0.010335
-0.021494
-0.000619
-0.153858
0.079854
0.015604
0.145987
-0.025246
-0.074411
0.035778
-0.073295
0.066097
-0.106545
-0.007261
0.037739
0.087823
0.163166
-0.068996
-0.133860
-0.068726
0.056169
0.147325
0.007501
-0.025674
-0.094159
-0.057733
0.079435
0.023599
0.034589
-0.023741
0.019688
0.018885
-0.036022
-0.012320
-0.013469
0.009096
-0.004008
0.007587
0.019951
0.019036
-0.038132
-0.022326
0.015307
0.064076
0.033946
-0.080490
-0.048270
-0.003744
0.055700
0.046608
0.002423
-0.024347
-0.005735
-0.037069
-0.007186
0.026974
0.033867
-0.041874
0.052756
0.032472
-0.091214
0.015388
-0.060563
0.070131
0.064390
0.086131
-0.058918
-0.051575
-0.103313
-0.113396
0.143065
0.086380
0.123847
0.009623
-0.025040
-0.139802
-0.089872
-0.019026
0.022863
0.151149
0.075112
-0.005536
-0.071307
-0.078787
-0.017505
0.018613
0.109057
0.072927
-0.023874
-0.067888
-0.099976
-0.006553
0.034455
0.113329
0.100011
-0.040954
-0.073531
-0.095041
0.031790
0.080311
-0.025912
0.033608
0.039969
0.059615
-0.058964
-0.035776
-0.023375
-0.023918
0.080756
0.012831
0.058461
-0.054294
-0.041042
-0.032062
0.064759
0.079325
-0.079863
0.011418
-0.029362
0.016479
0.008054
0.008555
-0.017461
0.049614
0.007034
-0.040189
-0.013929
0.005584
0.046622
0.003157
0.044816
-0.081813
-0.034271
-0.065959
0.015102
0.075484
0.072765
0.080242
-0.094695
-0.111876
-0.042055
-0.052755
0.131440
0.067113
0.017635
-0.001130
-0.105773
-0.025450
-0.054420
0.058543
0.034099
0.072098
-0.110401
0.020414
0.021594
0.021934
0.004362
-0.075064
0.037342
-0.043674
0.120095
-0.123286
-0.030158
-0.009643
0.006712
0.161037
0.007771
-0.015557
-0.150404
-0.067403
0.040477
0.012670
0.044267
0.001071
0.002684
0.006438
0.023477
0.033181
-0.045736
-0.026934
-0.006181
0.003289
0.012570
-0.015583
-0.016623
0.048287
-0.005854
-0.002084
0.005156
-0.040907
-0.004393
0.067590
-0.010166
-0.074141
-0.026252
-0.026657
0.110044
0.063557
0.009200
-0.077244
-0.017508
-0.008737
-0.014259
0.030269
-0.049913
-0.064833
0.056271
0.036398
0.006765
0.085606
-0.030712
-0.037585
-0.164944
0.044263
0.078772
0.056050
-0.077749
-0.065740
-0.021597
-0.032607
0.150020
0.209431
0.091570
-0.274679
-0.235459
-0.252154
0.156531
0.136195
0.304444
0.234590
-0.093662
-0.291227
-0.522752
0.005993
0.150578
0.471790
0.278189
-0.036929
-0.263359
-0.500702
-0.277361
0.154843
0.505866
0.449577
0.086031
-0.400286
-0.515320
-0.300890
0.111685
0.346428
0.539790
0.085981
-0.315754
-0.360005
-0.190250
0.126940
0.239699
0.275400
-0.138356
-0.120618
-0.254425
-0.087441
0.135055
0.248810
0.247505
-0.092617
-0.160237
-0.289524
-0.022276
-0.011382
0.160636
0.208120
0.107671
-0.114691
-0.194666
-0.008681
-0.050026
0.135070
-0.086039
0.058955
0.122693
-0.014614
-0.072272
-0.119334
-0.020693
-0.078873
0.164823
0.160450
-0.045431
0.002711
-0.138376
-0.109152
0.008338
0.037403
0.114705
0.063677
0.079089
-0.203038
-0.051088
-0.027865
-0.052922
0.181541
0.120063
0.117270
-0.241387
-0.274786
-0.042273
0.120344
0.198645
0.090733
0.048925
-0.088431
-0.221506
-0.063742
-0.016657
0.244960
0.116459
-0.074986
-0.043054
-0.034873
-0.045379
-0.154268
0.081652
-0.150590
0.076250
0.082430
0.233210
0.098358
0.008323
-0.025613
-0.445311
-0.041694
-0.300413
0.244305
0.267056
0.093096
0.175481
-0.036402
0.065780
-0.342955
-0.061167
-0.062093
0.008954
0.037228
-0.195993
0.215358
0.171920
0.163347
0.106198
-0.200422
-0.229147
-0.368784
-0.020435
0.203862
0.406918
0.310834
-0.222572
-0.322823
-0.318923
0.033922
-0.101338
0.267191
0.408631
0.132211
-0.109943
-0.516410
0.116642
-0.034171
0.085469
0.016114
0.060636
0.168476
-0.371560
0.182530
-0.144799
0.217043
0.146207
-0.117291
-0.080281
-0.286443
0.211675
-0.033205
0.167833
-0.124348
0.041172
0.115894
-0.061563
-0.124652
0.039421
0.141997
-0.267943
0.048079
0.006583
0.126445
-0.146073
0.220931
-0.133153
0.008386
0.133517
-0.099458
0.260661
-0.441832
0.213324
-0.280006
0.076394
-0.008998
0.050032
0.325027
-0.083661
0.339520
-0.388531
-0.025330
-0.529506
-0.116457
0.208864
0.512821
0.433542
-0.062814
-0.226115
-0.692878
-0.008038
-0.081152
0.471862
0.251584
0.301801
-0.083592
-0.421857
-0.310171
-0.296432
0.171171
0.149548
0.656885
0.233712
-0.095216
-0.526326
-0.463551
-0.228356
0.285582
0.619367
0.085149
-0.029435
-0.320952
-0.110287
-0.113671
-0.029869
0.177675
0.247084
0.125212
-0.187897
-0.208372
-0.132803
-0.028901
0.230172
0.195200
-0.077425
-0.152069
-0.094377
0.121899
0.147048
0.013221
-0.076435
-0.199121
-0.233042
0.003623
0.224134
0.294061
0.110329
0.177792
-0.180034
-0.510514
-0.415601
-0.044239
0.517135
0.411235
0.251540
-0.169912
-0.210464
-0.264507
-0.211548
0.097617
0.225892
0.228313
-0.112558
-0.094403
-0.136821
0.086339
0.088139
0.126342
0.038085
-0.148187
-0.117260
-0.082975
0.092001
-0.067343
0.127538
0.175202
0.084118
-0.145168
-0.324176
-0.014007
0.239966
0.232533
0.000243
-0.167933
-0.079904
-0.065423
0.078993
0.062752
0.117975
0.005791
-0.097053
-0.043657
-0.043214
0.149620
-0.024694
0.079841
-0.085584
0.102354
-0.082226
-0.176264
0.100026
0.114164
0.199868
-0.087777
-0.069541
-0.171594
-0.014833
0.012401
0.166953
0.307523
0.000282
-0.279058
-0.329526
-0.047209
0.177367
0.335698
0.276650
0.034937
-0.328624
-0.398807
-0.139116
0.112171
0.310013
0.349483
0.176913
-0.173635
-0.417280
-0.356157
-0.059055
0.341017
0.364694
0.236417
0.009633
-0.229973
-0.349429
-0.315611
0.064321
0.320404
0.343041
0.037196
-0.112610
-0.163273
-0.111915
0.006873
-0.023003
0.030950
0.138464
0.042156
-0.127489
-0.051219
0.007921
0.083935
0.025310
0.009544
-0.110856
-0.035335
-0.030630
0.006104
0.110755
0.044887
0.026303
-0.130434
-0.003754
-0.045656
0.024010
-0.014731
0.037822
0.088681
-0.100952
-0.022608
-0.021580
-0.002784
0.013187
0.108635
0.118490
-0.079989
-0.153495
-0.121508
-0.078524
0.071003
0.121277
0.222463
0.086551
-0.134508
-0.227843
-0.152840
0.053764
0.092580
0.174279
0.039537
-0.018403
-0.123191
-0.112423
-0.047831
0.053236
0.242978
0.101127
-0.051949
-0.219290
-0.268579
0.005048
0.324405
0.245574
0.009499
-0.188118
-0.184348
-0.208960
-0.023950
0.248744
0.261716
0.196947
-0.272300
-0.270483
-0.113476
-0.100186
0.200075
0.303405
0.299360
-0.107267
-0.454239
-0.271060
-0.043444
0.261545
0.311267
0.241397
0.014676
-0.302694
-0.358170
-0.243132
0.122344
0.317359
0.285226
0.157916
-0.111272
-0.365342
-0.225467
-0.051019
0.184763
0.291201
0.019829
0.002823
-0.050655
-0.004848
-0.160206
-0.087762
0.063278
0.030075
0.110324
-0.102181
0.051934
0.107875
0.044700
-0.150041
-0.020364
0.042303
-0.093366
-0.004354
-0.037076
0.096286
0.012175
0.111850
-0.072133
-0.019960
-0.022426
-0.159399
-0.015659
0.073804
0.125996
0.110985
0.081112
-0.241424
-0.198319
-0.021895
0.122104
0.200939
0.117181
-0.080275
-0.282350
-0.187867
0.062230
0.257337
0.313546
-0.048570
-0.279635
-0.285067
0.017111
0.149707
0.090966
0.179174
-0.051821
-0.024049
-0.156544
-0.110826
-0.015723
0.138030
0.112011
-0.086906
-0.048383
-0.049567
0.012186
0.007128
0.027373
0.079843
0.118021
-0.051737
-0.151473
-0.173825
-0.001227
0.077113
0.154003
0.085068
0.030081
-0.051194
-0.160340
-0.118362
-0.075431
0.127615
0.159601
0.119050
-0.117841
-0.163749
-0.080209
0.068029
0.062555
0.028090
-0.027665
0.034612
0.028121
-0.115941
-0.032650
-0.012198
0.099532
0.048041
0.033880
-0.000959
-0.088978
-0.136485
-0.058253
0.094650
0.134943
0.096902
0.076647
-0.037053
-0.185381
-0.170563
-0.054225
0.117893
0.191300
0.099736
-0.072245
-0.047164
-0.029544
-0.083689
-0.077849
-0.048584
0.095725
0.182443
0.081441
-0.079031
-0.059288
-0.080761
-0.078007
-0.010720
0.017283
0.138669
0.077191
0.026431
-0.113969
-0.089792
-0.078260
-0.018020
0.126026
0.093960
0.119247
-0.109399
-0.156242
-0.095619
0.006020
0.071111
0.152727
0.046797
-0.023078
-0.068516
-0.115150
-0.033856
-0.079120
0.142081
0.194904
0.129023
-0.134737
-0.194507
-0.195920
-0.024006
0.169823
0.150746
0.188820
-0.000800
-0.189532
-0.216859
-0.014575
0.052585
0.117583
0.111418
0.053479
-0.155756
-0.153764
-0.033601
0.153252
0.146815
-0.000287
-0.062040
-0.196853
-0.055719
-0.003754
0.197417
0.132925
-0.010907
-0.041818
-0.106071
-0.104613
-0.082471
0.181723
0.227492
0.029256
-0.176811
-0.254351
-0.061102
0.173642
0.198052
0.120736
-0.042871
-0.226085
-0.197120
-0.036665
0.024511
0.124096
0.269425
0.144399
-0.009125
-0.227623
-0.229695
-0.074630
0.145321
0.143797
-0.003602
-0.102326
-0.211028
0.077694
0.171849
0.200309
0.055020
-0.035609
-0.122392
-0.274692
-0.134804
-0.030544
0.133549
0.207279
0.105352
0.064197
-0.019033
-0.112321
-0.176444
-0.145174
0.097537
0.131321
0.112487
0.010499
-0.075455
-0.101216
-0.076974
0.063232
0.088579
0.096503
-0.017686
-0.086992
-0.122176
0.014482
-0.027741
-0.000333
0.133419
0.029696
-0.004780
-0.167159
0.068262
0.033292
0.068709
-0.004655
-0.055277
-0.002549
-0.036814
-0.060130
-0.059846
0.208149
-0.091263
0.012925
-0.066688
0.175976
0.061578
0.026818
-0.030299
-0.212140
-0.025298
-0.214835
0.166616
0.175282
0.178017
-0.129566
-0.064866
-0.024705
-0.040013
0.150187
0.104094
-0.027261
-0.193949
-0.203981
-0.119028
0.110022
0.107062
0.354870
0.219500
0.051175
-0.220424
-0.281855
-0.233875
-0.164828
0.135267
0.227986
0.191053
0.051762
0.069711
0.004740
-0.040967
-0.109582
-0.152923
-0.147149
-0.030380
0.034654
0.180770
0.211457
0.145224
0.088208
0.024328
-0.264647
-0.370264
-0.269460
0.059478
0.402921
0.231683
0.222929
-0.007123
-0.073644
-0.302827
-0.391828
-0.019507
0.265289
0.348169
0.081605
-0.079713
-0.143153
-0.091663
-0.022369
0.001547
0.072735
0.008152
-0.013258
0.048694
0.038906
-0.048527
-0.081106
-0.006109
0.015330
0.099970
0.058967
-0.070294
-0.164943
0.006067
0.099846
0.058580
0.015594
0.001822
0.085782
0.026262
-0.102564
-0.220344
-0.129778
0.080433
0.250701
0.133491
0.014869
-0.016649
0.002889
-0.062257
-0.169582
-0.267055
-0.031416
0.352066
0.286218
0.102187
-0.153724
-0.238597
-0.199070
0.064627
0.160674
-0.006714
-0.020651
0.016308
0.120477
0.035300
-0.114394
-0.171381
-0.095298
0.113046
0.189832
0.141469
-0.076268
-0.207643
-0.132951
0.018838
0.118129
0.093244
0.034141
-0.052560
0.006453
-0.111432
-0.038584
0.014001
0.009964
0.124714
-0.005740
0.001347
-0.098979
-0.061057
-0.031936
0.043245
0.156745
0.042099
-0.086149
-0.140079
0.031238
0.089770
0.056421
0.018149
-0.152319
-0.174788
0.025842
0.123917
0.198685
0.091024
-0.051832
-0.158029
-0.201118
-0.046694
0.147338
0.204200
0.034852
-0.057980
-0.113355
-0.131176
-0.076351
0.081862
0.215007
0.136616
-0.070607
-0.122761
-0.150762
-0.145129
0.061616
0.207974
0.255258
-0.048182
-0.134617
-0.124447
-0.133385
-0.049635
0.047662
0.272829
0.122977
0.037683
-0.156561
-0.171050
-0.131393
-0.020496
0.177506
0.187982
0.055164
-0.191505
-0.079314
0.024829
0.016021
-0.036216
0.090000
0.093283
0.047712
-0.081947
-0.134945
-0.111971
-0.008072
0.143015
0.191805
0.111455
-0.110693
-0.120503
-0.142940
-0.072579
-0.017688
0.177231
0.183737
0.085917
-0.036864
-0.128822
-0.132176
-0.158194
0.062510
0.171482
0.179381
-0.046664
-0.141140
-0.029596
-0.013744
-0.008149
-0.007931
0.083891
0.079648
0.029160
-0.027894
-0.098833
-0.158838
-0.065240
0.127454
0.195237
0.128893
-0.087977
-0.152183
-0.091183
-0.066037
0.016401
0.110256
0.115820
0.062366
-0.008955
-0.063570
-0.124544
-0.148546
-0.024706
0.162894
0.152249
0.013903
-0.024472
-0.043275
-0.082033
-0.142321
-0.070898
0.132595
0.160621
0.059184
-0.059869
-0.057205
-0.020303
-0.120407
-0.042859
0.038323
0.129002
0.067694
-0.052191
-0.028109
-0.072637
-0.017026
-0.056224
0.041380
0.098654
0.017858
0.002666
-0.018100
-0.006817
-0.111119
-0.034258
0.053779
0.080440
0.019651
-0.020170
0.005420
-0.089056
-0.033502
0.061038
0.079215
0.033151
-0.030548
-0.066118
-0.041188
-0.092514
0.019498
0.115270
0.139465
-0.021281
-0.056891
0.006644
-0.099612
-0.102497
-0.106285
0.183371
0.124348
0.040824
-0.041787
-0.028751
-0.105751
-0.105007
0.116728
0.060481
0.122174
-0.088173
-0.056970
-0.050612
-0.036034
-0.037672
0.040773
0.169430
0.061167
0.039026
-0.154015
-0.180486
-0.089443
0.049834
0.129426
0.114712
0.038898
-0.027114
-0.102685
-0.118871
-0.023927
0.053114
0.120900
0.078110
-0.027390
-0.076452
-0.079509
-0.069195
0.014271
0.058925
0.017472
0.100511
0.068146
-0.134460
-0.106036
-0.023204
0.061945
0.074004
0.038816
-0.058161
-0.028535
-0.031502
-0.060122
0.037549
0.024331
0.010417
0.020479
0.051643
-0.090240
-0.041574
0.028911
0.031838
-0.013312
-0.061968
-0.002271
0.003983
0.005262
0.003497
0.047627
0.011398
-0.002269
-0.002390
-0.043156
-0.150223
-0.066894
0.102933
0.117943
0.066514
0.018475
-0.015773
-0.119501
-0.139789
-0.034230
0.096600
0.115839
0.050066
0.022861
-0.013224
-0.175823
-0.133116
0.063577
0.110382
0.092975
0.023998
0.009039
-0.118579
-0.149904
-0.038793
0.144091
0.158880
-0.023461
-0.040754
-0.039920
-0.092899
-0.151579
0.004212
0.161043
0.211316
0.021943
-0.109578
-0.104111
-0.108718
-0.049557
0.027513
0.139429
0.106427
0.038141
-0.060713
-0.124115
-0.082999
-0.026954
0.063356
0.099239
0.020109
0.093293
-0.034025
-0.093657
-0.149913
0.008235
0.078946
0.013676
0.137899
-0.010489
0.066601
-0.083234
-0.108258
-0.117286
0.048606
0.087178
0.019782
0.059862
-0.093459
0.025324
-0.050322
-0.027784
-0.097360
0.119529
0.162255
0.031933
0.088793
-0.033211
-0.049622
-0.192598
-0.025864
-0.068956
0.109883
0.046769
-0.014801
0.111102
0.002766
0.006285
-0.160303
0.193948
-0.048799
-0.112637
-0.072843
0.052248
0.097230
-0.072433
0.047128
-0.014151
0.149513
-0.051555
-0.039066
0.080231
-0.005793
-0.116984
-0.109287
0.037191
0.060374
0.028625
0.096268
-0.021156
0.016037
-0.143676
-0.013583
-0.031792
0.006227
0.211430
-0.004626
0.039840
-0.152302
0.007278
-0.137739
-0.008687
0.052257
0.071611
0.105722
-0.034804
-0.042060
0.072789
0.211557
-0.175380
-0.232655
-0.189108
0.107296
0.093231
0.022839
0.180719
0.218676
0.142637
-0.342107
-0.323905
-0.096104
0.030951
0.143671
0.137520
0.229502
0.028227
-0.153852
-0.197682
-0.062410
0.141413
0.119112
-0.017261
-0.089270
-0.009324
0.016194
-0.026220
-0.004776
0.103883
0.084577
-0.037990
-0.144712
-0.025082
0.046555
0.034805
0.062211
0.076083
0.106528
-0.179901
-0.214245
-0.083738
0.082161
0.112919
0.067187
0.205165
0.032050
0.030523
-0.183369
-0.087384
-0.085004
-0.018549
0.025007
0.038905
0.051869
-0.122280
0.191179
-0.014379
0.066623
0.026108
0.021696
-0.039304
-0.059393
-0.023123
-0.166629
0.000661
-0.063185
0.091307
0.230758
0.124370
-0.006854
-0.136606
-0.032022
-0.178182
-0.090422
0.127445
0.100530
0.114371
-0.124231
-0.001084
-0.108561
0.015111
0.038887
0.114461
0.065784
-0.026676
0.000870
-0.144736
-0.081725
-0.065680
0.164520
0.094468
0.092075
-0.101125
-0.018249
-0.016686
-0.019853
-0.049516
0.038679
0.073836
-0.043163
-0.018810
-0.013812
0.095837
-0.098652
0.032677
-0.026860
0.114402
-0.069055
-0.059900
0.076924
-0.000718
0.019232
-0.089001
0.118054
-0.031883
-0.050291
-0.015063
0.036616
-0.027823
-0.046499
-0.048114
0.108230
-0.084243
0.065070
0.139253
-0.147246
0.023320
0.018097
0.252532
-0.128433
-0.082616
-0.147759
-0.110570
-0.159224
0.110845
0.326462
0.246884
0.098631
-0.237197
-0.107621
-0.360379
0.066599
-0.145950
0.254700
0.193570
0.142787
-0.025111
-0.301302
0.006110
-0.168131
0.224558
-0.010219
0.135404
-0.005280
0.032657
-0.086515
-0.112058
-0.002779
-0.129278
0.089984
0.116917
0.164788
-0.056102
-0.037089
-0.111578
-0.122295
-0.056172
0.050151
0.130465
0.050286
0.071623
0.027105
-0.046262
-0.140295
-0.065191
-0.032399
-0.044126
0.040186
-0.052671
0.136473
0.135872
0.022975
0.020229
0.003464
-0.000978
-0.205277
-0.092971
-0.081423
-0.084643
-0.034556
0.118610
0.295159
0.203578
0.145799
-0.042827
-0.172744
-0.385545
-0.250983
-0.109208
0.084723
0.205977
0.156093
0.496727
-0.015408
-0.186222
-0.151374
-0.051061
-0.115480
-0.235815
0.161833
-0.151003
0.081515
0.081948
0.145190
0.298552
0.151010
-0.082103
-0.352618
-0.257769
-0.244142
0.014161
0.067941
0.359964
0.364110
0.261196
-0.160373
-0.354291
-0.248150
-0.151608
-0.091494
-0.093289
0.362653
0.191673
0.265898
0.054068
-0.032737
-0.288560
-0.270322
-0.083880
-0.090822
0.039854
-0.216909
0.505937
0.425641
0.156485
-0.134296
-0.240061
-0.156802
-0.343880
-0.134440
-0.119664
0.093516
0.094517
0.359002
0.261158
0.288647
-0.014154
-0.181861
-0.347662
-0.325422
-0.149586
-0.203144
0.102261
0.074003
0.882130
0.352081
-0.216132
-0.407251
-0.148644
-0.111961
-0.413332
0.009347
0.131539
0.397997
0.179496
0.003090
-0.070363
-0.085941
-0.104869
-0.045645
-0.061509
-0.081193
-0.293882
0.031718
0.244230
0.245786
0.270775
0.076676
-0.102313
-0.294626
-0.318583
-0.239007
-0.155504
-0.110029
0.546341
0.661408
0.267506
-0.186412
-0.334695
-0.375144
-0.305731
-0.057891
0.098943
-0.104760
0.393656
0.224304
0.275515
0.235429
-0.302585
-0.332747
-0.453115
0.266303
-0.500357
0.266797
0.084394
0.221958
0.678964
0.113948
-0.231583
-0.829987
0.000751
-0.226780
0.019860
-0.020668
0.437420
0.570400
0.252372
-0.302901
-0.535272
-0.179291
-0.071104
0.169471
-0.319185
0.313774
0.137406
0.158288
0.313066
0.107964
-0.171737
-0.550741
0.014129
-0.093950
-0.036706
-0.087134
0.208399
0.487272
0.398214
-0.083227
-0.395715
-0.336496
-0.181852
0.041536
-0.066968
0.302874
0.011531
0.254029
0.266643
0.083632
-0.250969
-0.358838
-0.055313
-0.216756
-0.041995
0.075905
0.249425
0.510605
0.482811
-0.241612
-0.499622
-0.549409
0.052992
0.022420
-0.053747
0.343430
0.462229
0.516289
-0.454443
-0.497325
-0.287326
0.022340
-0.002901
0.152340
0.390417
0.157513
-0.051524
-0.396330
-0.047947
0.088987
0.058365
-0.080447
0.120635
0.024753
-0.164552
-0.147658
-0.022165
0.326644
0.425086
0.034311
-0.375171
-0.319482
-0.129639
-0.183744
-0.093770
0.395232
0.462021
0.326638
-0.026765
-0.395271
-0.350404
-0.314385
-0.135822
0.347877
0.134761
0.228107
0.215450
0.224740
-0.289598
-0.410313
-0.261407
-0.045779
0.214767
-0.135667
0.414959
0.425709
0.129868
-0.530742
-0.285206
-0.262962
0.074688
0.101747
0.200211
0.430920
0.112509
-0.148323
-0.612621
-0.011676
-0.079593
0.213069
0.037208
0.214105
0.265289
-0.055225
-0.283875
-0.286727
0.070638
0.017643
0.122670
-0.008035
0.140230
0.090815
0.142086
-0.079508
-0.060804
-0.106865
-0.130372
-0.189172
-0.140412
0.247210
0.309144
0.265734
0.039019
-0.085498
-0.261354
-0.255867
-0.187218
0.053232
0.176107
0.282882
0.180881
-0.007674
-0.200702
-0.195266
-0.078469
0.064456
0.056259
0.050418
0.095513
-0.077667
0.044990
-0.126168
0.085297
-0.012352
0.035291
0.041885
-0.060301
0.020928
-0.146283
0.023100
-0.028536
0.135084
0.026312
0.065339
-0.016383
-0.023852
-0.109076
-0.033799
-0.025807
-0.095847
0.149705
0.025469
0.290085
-0.074534
-0.164318
-0.216967
0.049586
-0.064455
-0.042450
0.333367
0.286543
0.197442
-0.241141
-0.340241
-0.381200
-0.089357
0.033953
0.414703
0.410401
0.177712
-0.191062
-0.259128
-0.155328
-0.145292
0.021058
0.141184
0.116975
-0.023740
-0.041501
-0.158066
0.137948
0.233522
0.182178
-0.129187
-0.244911
-0.309684
-0.105252
0.056497
0.192799
0.455856
0.234842
-0.055662
-0.408029
-0.262895
-0.194580
0.046175
0.186384
0.261837
0.294682
-0.091146
-0.250779
-0.273212
0.019404
0.003834
0.155917
0.148941
0.026949
-0.066369
-0.184804
-0.022474
-0.051596
0.116637
0.082559
0.084047
0.011165
-0.001610
-0.044363
-0.175999
-0.080460
-0.005496
0.123541
0.092047
0.010881
0.113729
0.014767
-0.118415
-0.120749
-0.065923
-0.011472
-0.024544
0.110599
0.118742
0.077095
-0.081904
-0.111272
-0.001979
-0.020528
0.023782
0.018722
0.020916
0.052630
-0.020722
-0.053022
-0.064308
0.022165
0.106345
0.050005
-0.047611
-0.115907
-0.052596
0.052887
0.067024
0.000346
0.038899
0.020533
-0.006577
-0.125294
-0.047212
0.017383
0.054027
0.103767
-0.023608
0.033881
-0.126854
-0.056854
0.007982
0.065676
0.033521
-0.007738
0.069121
-0.071271
-0.058127
-0.103407
0.065984
0.071320
0.035122
-0.027845
0.008872
0.005003
-0.101460
0.024673
-0.028462
0.037077
0.022022
0.030161
-0.040911
-0.032130
0.026755
-0.024958
-0.004467
-0.025486
0.036410
0.000464
-0.022346
-0.035996
0.034917
0.029638
-0.041046
-0.016639
0.009649
0.023634
-0.051441
-0.003584
-0.012717
0.021220
0.026235
-0.002798
0.016869
-0.018007
-0.045996
-0.059352
0.016492
0.015663
0.022900
0.021655
0.017710
-0.019542
-0.036296
-0.006745
-0.006663
-0.000991
-0.031062
0.029221
0.038164
-0.017287
-0.012943
0.018262
0.004011
-0.057590
-0.035165
-0.006657
0.037119
0.058196
-0.014057
0.014124
0.001364
-0.061061
-0.064973
0.005518
0.067713
0.032405
0.006878
-0.030924
-0.036822
-0.040684
0.002818
0.028161
0.036511
0.076373
0.003915
-0.078022
-0.113257
-0.042396
0.065416
0.049771
0.046148
0.039858
0.014212
-0.074837
-0.084156
0.014720
0.030855
0.005076
-0.012574
0.008708
-0.016997
-0.019998
-0.002392
-0.008411
0.018732
0.047574
0.019381
0.007815
-0.061805
-0.070051
-0.030263
0.005528
0.053771
0.083873
0.038299
-0.078054
-0.026496
0.008222
-0.032477
-0.060162
0.073068
0.070090
0.010529
-0.062482
-0.064245
-0.002282
0.023672
0.036419
0.024803
0.061166
-0.043049
-0.039479
-0.022753
0.009636
0.003592
0.031003
0.029888
0.002464
-0.005394
-0.032761
-0.014877
-0.007294
-0.002392
0.004699
0.046174
0.019766
-0.021811
-0.035975
-0.039965
-0.003669
0.035914
0.021593
-0.004479
0.040545
0.034335
-0.052429
-0.018482
-0.001771
-0.013072
-0.020923
-0.011995
0.048447
0.073710
-0.008051
-0.071311
-0.014600
0.018601
-0.021270
-0.012037
0.024308
0.033126
0.004601
-0.030125
-0.015764
-0.036479
0.028430
0.020249
-0.002651
0.018260
0.014687
-0.010336
-0.042223
-0.019765
-0.024521
0.044036
0.026622
-0.001678
0.012903
0.011945
-0.023085
-0.044008
-0.024537
-0.009580
0.024293
0.033830
0.011402
-0.035531
-0.000446
0.037882
-0.002382
-0.009514
-0.003177
-0.008639
-0.014374
-0.034304
-0.002665
0.024730
0.064349
0.029822
-0.032942
-0.033342
-0.002369
-0.037419
-0.032563
0.026804
0.043851
0.027551
-0.039016
-0.040670
-0.001295
0.055584
0.014176
-0.008594
-0.017002
-0.013819
-0.025264
-0.012569
0.016495
0.001311
0.040810
0.033454
-0.018886
-0.046978
-0.010090
-0.008611
0.004408
-0.016796
0.018207
0.034227
0.024226
-0.021638
-0.015861
-0.018102
-0.033265
-0.023570
-0.018365
0.095246
0.055343
0.045932
-0.078046
-0.056015
-0.017495
-0.013011
0.006345
0.000811
0.114213
0.036576
-0.007802
-0.096466
-0.039234
0.039266
0.014492
-0.006041
0.019653
0.047433
-0.016042
-0.056201
-0.011420
0.059503
-0.008039
0.000024
0.032874
0.052798
-0.060163
-0.068534
0.019213
0.054088
0.012967
-0.045432
0.039666
0.035239
0.010002
-0.079054
-0.030046
0.048767
0.009351
-0.008145
-0.008962
0.052803
-0.018068
-0.029239
0.001992
-0.038642
0.029602
0.018367
0.025487
-0.003729
-0.028811
0.020629
-0.012237
-0.020765
-0.056297
0.020115
0.103780
0.005898
-0.078640
-0.039024
0.050362
0.032274
-0.027036
-0.017194
0.026781
0.019766
-0.026522
-0.033062
0.004038
-0.008405
-0.005219
0.036692
0.033412
-0.018277
-0.048249
0.028837
0.011614
-0.036543
-0.027701
0.007874
0.033292
0.000813
-0.013608
0.000657
-0.004613
-0.021584
0.076062
0.046594
-0.049066
-0.108677
-0.039554
0.069475
0.009571
0.030052
0.035325
0.055281
-0.030134
-0.102324
-0.054197
0.002850
0.034822
0.050803
0.059458
-0.006944
-0.070877
-0.081941
0.029355
0.055155
0.035165
-0.016408
-0.020039
-0.002446
-0.042464
-0.016053
-0.002527
0.053728
0.050513
0.000234
-0.035408
-0.045489
-0.043829
-0.025054
0.056323
0.052657
0.003080
-0.044345
0.024249
0.027444
-0.039180
-0.005454
0.024319
0.021806
-0.064340
-0.028398
0.045586
0.036465
-0.010693
0.001024
0.042745
-0.021780
-0.080358
0.017034
0.056939
-0.000683
-0.012344
-0.008152
0.013676
-0.025894
0.018359
0.062163
0.024919
-0.070005
-0.045176
0.035467
0.014962
-0.030062
-0.004642
0.090471
0.034570
-0.031958
-0.061896
-0.008885
-0.002026
-0.006976
0.043627
0.054521
0.024012
-0.050695
-0.005425
0.008558
-0.020328
-0.032228
0.013499
0.067034
0.018110
-0.041855
-0.031738
0.022164
0.011822
-0.007155
0.028691
0.034578
-0.036429
-0.077385
-0.036359
0.049628
0.045899
0.034559
0.033101
-0.003881
-0.042543
-0.060897
-0.022673
0.002402
0.019881
0.017676
0.047625
0.013273
-0.037812
-0.027356
0.024863
0.015596
-0.029651
-0.025850
0.005095
-0.012103
-0.036176
0.024979
0.059871
0.022649
-0.037577
-0.023895
-0.014415
-0.012481
-0.023994
0.026627
0.046988
-0.004261
-0.045935
-0.012881
0.001307
-0.018543
0.007680
0.030042
0.014187
-0.065275
-0.008097
0.033299
0.007712
-0.038115
-0.019526
0.027062
0.010445
-0.004823
-0.022824
0.013398
0.021013
0.000335
-0.040952
-0.054049
0.010755
0.046243
0.004361
-0.012812
0.008603
0.004551
-0.026559
-0.044051
-0.005839
0.043706
0.037369
-0.023238
-0.027410
-0.011284
-0.013259
-0.042355
0.013252
0.063799
0.011999
-0.022676
-0.034013
0.004404
-0.020366
-0.029140
0.018729
0.038771
-0.009559
-0.034528
0.010154
0.005944
-0.030274
-0.024282
0.037585
0.044038
-0.044729
-0.048903
0.034830
0.025968
-0.033065
-0.028423
0.045652
0.053177
-0.026213
-0.046761
-0.018097
-0.034584
-0.040012
0.036917
0.071363
0.021343
-0.007277
-0.017524
-0.025081
-0.033589
-0.026678
0.033615
0.036240
-0.018416
-0.015727
-0.009653
-0.001135
-0.002485
0.014238
0.027332
0.011940
-0.015199
-0.049836
-0.017635
0.006243
0.032380
-0.005520
-0.009820
0.014918
0.037222
0.008054
-0.043843
-0.018506
-0.029368
-0.017951
0.010083
0.062747
0.047430
-0.004422
-0.026717
-0.025446
-0.039508
-0.035938
0.039405
0.063026
0.022742
-0.025147
-0.024167
-0.005784
-0.037299
-0.013563
0.051969
0.061266
-0.011660
-0.054916
-0.018069
-0.002199
-0.008111
-0.002214
0.038298
0.001755
-0.029764
-0.023170
-0.003057
-0.001090
-0.002960
0.015073
0.009139
0.042464
-0.014637
-0.055602
0.007558
0.007394
-0.037173
-0.013461
0.038398
0.014559
-0.025245
-0.003985
0.043298
0.025482
-0.061288
-0.062290
0.008494
0.041672
-0.015349
-0.018520
0.041769
0.002043
-0.028007
-0.024920
0.021688
0.002242
-0.016146
0.017910
0.009821
-0.020975
-0.041420
0.014945
0.017014
-0.006562
0.001290
0.028712
0.015698
-0.032354
-0.042613
-0.006936
0.007524
-0.023060
0.009437
0.046481
0.010891
-0.052636
-0.043271
0.047845
0.050397
-0.017692
-0.021306
-0.005885
-0.015828
-0.045523
0.002197
0.035555
0.043738
0.023707
-0.018749
-0.011690
-0.015074
-0.013301
-0.016857
-0.002772
0.014852
0.025270
0.012640
-0.006834
-0.026172
-0.009742
0.005557
0.006620
0.023247
0.026090
-0.007020
-0.025232
-0.012519
-0.001577
0.004151
