0.011424
0.017354
0.003891
0.006753
-0.015401
-0.028103
-0.042212
-0.030848
0.026862
0.041501
0.038161
-0.002744
-0.002787
-0.012035
-0.029096
-0.029233
-0.029803
0.030729
0.047082
0.015308
-0.014146
-0.035028
-0.028230
0.000755
0.045097
0.043229
0.003245
-0.023254
-0.056889
-0.001956
0.035506
0.040409
0.010229
-0.029819
-0.006877
-0.012472
0.004634
-0.005856
0.013450
0.026388
0.011773
0.017640
-0.005740
-0.009906
-0.020953
-0.035916
-0.000961
0.018085
0.026802
0.024489
0.001119
-0.009221
-0.034040
-0.027666
-0.011791
0.016891
0.013916
0.015693
0.025922
-0.014438
-0.037970
-0.025226
0.003248
0.024308
0.017725
-0.023699
-0.007327
-0.010126
-0.008814
0.033011
0.035287
0.008830
-0.011052
-0.011256
-0.047889
-0.038398
-0.006908
0.015835
0.033171
0.029861
-0.000376
-0.022005
-0.028513
-0.022580
0.038774
0.055883
0.020677
-0.036616
-0.029815
-0.035829
-0.027569
0.024079
0.029200
0.052858
0.050160
0.020851
-0.061534
-0.083662
-0.048037
0.013911
0.065043
0.026029
0.002898
-0.003806
0.009913
-0.009533
0.002461
0.015164
-0.027825
-0.007907
-0.027423
-0.023604
0.013429
0.033696
0.047941
0.016966
0.020870
-0.022349
-0.061190
-0.060789
-0.027960
0.031687
0.062482
0.059625
0.018945
-0.006501
-0.029089
-0.047218
-0.057406
-0.023579
0.032161
0.089378
0.078600
-0.020560
-0.090903
-0.095617
-0.019677
0.054677
0.088555
0.075015
0.005135
-0.054326
-0.076090
-0.054820
-0.000949
0.040172
0.073684
0.053447
-0.006467
-0.065162
-0.078964
-0.020140
0.019737
0.053795
0.049210
0.043701
-0.013529
-0.082470
-0.081047
-0.023768
0.049602
0.047516
0.027547
0.008280
-0.015127
-0.037632
-0.029595
-0.016133
0.015847
0.045027
0.040352
-0.006892
-0.036506
-0.053421
-0.066109
-0.015390
0.055462
0.093433
0.037131
-0.030457
-0.077858
-0.070437
-0.026656
0.009630
0.048304
0.041921
0.024219
0.011354
0.001314
-0.057697
-0.072402
-0.013922
0.050180
0.065969
0.010188
-0.021852
-0.033862
-0.008342
0.012391
0.019654
0.008913
-0.004036
0.004490
0.002199
-0.018065
-0.032918
0.002164
0.047388
0.053452
0.000007
-0.061854
-0.065303
-0.044654
0.009290
0.032271
0.035831
0.064216
0.029244
-0.005450
-0.039049
-0.031537
-0.053452
-0.060836
0.005887
0.021308
0.024906
0.028312
0.044473
0.043819
0.012549
-0.044154
-0.104561
-0.084787
-0.008269
0.065419
0.094736
0.041966
-0.003333
0.012546
-0.005508
-0.068115
-0.055366
0.011496
0.041459
0.014193
-0.002162
0.012848
0.024623
0.005569
-0.027573
-0.040266
0.002021
0.046088
0.041121
0.003561
-0.069273
-0.054837
0.019513
0.048973
0.009159
-0.013062
0.007159
-0.007393
-0.022865
-0.026219
-0.035779
-0.001932
0.025232
0.055583
0.051735
-0.018328
-0.071491
-0.064898
0.008222
0.029085
0.031707
0.014819
-0.016103
-0.031770
-0.026911
0.001940
0.014570
0.008119
-0.035095
-0.022341
0.005256
0.015155
0.024649
0.011318
-0.010302
-0.045801
-0.024421
-0.008606
0.003747
0.006499
-0.008632
0.010477
0.015310
0.000691
-0.006114
0.017702
-0.020071
-0.066427
-0.039953
0.018875
0.019853
-0.001020
-0.009641
0.008732
0.074170
0.052286
-0.045903
-0.126388
-0.101082
-0.002079
0.074760
0.091088
0.050892
0.012926
-0.022546
-0.061710
-0.078596
-0.016093
0.062417
0.023987
0.008031
0.068521
0.057043
-0.055455
-0.102992
-0.056068
-0.015633
0.059505
0.076120
0.028619
0.036476
-0.005022
-0.054989
-0.031178
-0.033139
-0.029646
0.024916
0.057750
0.041183
0.037941
0.013822
-0.075111
-0.078903
-0.020600
0.052177
0.105058
0.064016
-0.036342
-0.093494
-0.065968
-0.001747
0.060883
0.037287
0.020794
-0.003427
-0.004711
-0.022390
-0.041841
-0.015829
0.019831
0.076704
0.014215
-0.049321
-0.062599
-0.001091
0.067500
0.048923
-0.013758
-0.028612
0.041211
0.013514
-0.080755
-0.118077
-0.036673
0.117746
0.180210
0.077059
-0.099040
-0.157944
-0.086056
0.010809
0.084647
0.056783
-0.021811
-0.001320
0.039034
0.008933
-0.043805
-0.064893
-0.027892
0.021033
0.053675
0.025560
-0.027378
-0.056825
-0.040588
0.050105
0.074966
-0.007805
-0.073512
-0.066321
0.001040
0.048412
0.035233
-0.021683
-0.023159
-0.007123
-0.001178
0.013466
-0.021961
-0.040309
-0.025201
0.019248
0.002650
0.008289
0.019107
-0.001080
0.012242
0.032079
0.000637
-0.051558
-0.049025
-0.020102
0.014879
0.043857
0.050992
-0.040377
-0.034464
-0.031660
-0.016293
0.052373
0.085256
0.113475
-0.020253
-0.072049
-0.087153
-0.094806
0.000405
0.073919
0.123002
0.110237
0.089575
-0.032601
-0.162533
-0.141209
-0.042381
0.101470
0.161865
0.043889
-0.075459
-0.061309
0.000722
0.054381
0.036141
0.016534
-0.014035
-0.034504
-0.001711
-0.017969
-0.007838
0.037020
0.073874
0.034469
-0.044444
-0.065001
-0.049168
0.024207
0.042527
-0.000627
0.010451
0.046977
0.046497
-0.016088
-0.077567
-0.076063
-0.016690
0.041333
0.058793
0.050179
0.006508
-0.049627
-0.052733
-0.006810
0.034850
0.004113
-0.052729
-0.031234
0.039066
0.056719
0.015648
-0.036660
-0.061198
-0.004317
0.040826
0.005531
-0.027416
-0.036531
-0.012343
0.022542
0.045377
0.018927
-0.009539
-0.043583
-0.058635
-0.018329
0.032829
0.052585
-0.006213
-0.033089
-0.009529
0.047086
-0.001726
-0.078365
-0.046698
0.035632
0.096833
0.037301
-0.039463
-0.045874
-0.006153
-0.028356
-0.046528
0.015780
0.071360
0.057731
0.008130
-0.013725
-0.029317
-0.001805
-0.006490
-0.041232
-0.013899
0.025997
0.060175
0.038098
-0.023887
-0.049203
0.015404
0.042097
-0.016216
0.016779
0.006026
-0.022286
0.001160
0.035735
0.019151
-0.043920
-0.017815
0.023388
0.084217
-0.004846
-0.056516
-0.008470
0.012069
0.035689
-0.000272
0.043752
0.004761
-0.040555
-0.026538
-0.006742
0.045357
0.020075
0.009448
0.020107
0.024008
0.008688
-0.027713
-0.054828
-0.069672
0.009954
0.067604
0.065193
0.064675
0.017230
-0.044357
-0.077132
-0.092138
-0.061188
0.023110
0.074003
0.062613
0.054942
0.074231
-0.008071
-0.112552
-0.170192
-0.062450
0.054227
0.084803
0.059741
0.009936
0.010211
-0.059328
-0.012113
-0.025299
0.011827
0.036765
0.042967
-0.007013
-0.115604
-0.112614
0.001566
0.084497
0.056859
0.130717
-0.011596
-0.030206
-0.101150
-0.113815
-0.016044
0.056390
0.136884
0.022905
-0.041930
-0.158740
-0.031741
0.142415
0.088040
-0.007941
-0.087434
-0.086766
-0.013717
0.023100
0.025512
0.014690
0.059209
0.082953
-0.037631
-0.090918
-0.074648
-0.003116
0.064525
0.033139
0.002536
-0.067036
0.004180
0.044835
-0.014362
0.016922
-0.002317
0.046527
-0.027318
-0.081865
-0.041118
-0.014938
0.068554
0.054346
0.039891
0.025339
-0.058226
-0.042917
-0.035354
0.030207
0.036399
-0.065289
-0.022632
-0.000692
0.076773
0.081036
-0.012836
-0.122642
-0.060874
-0.009912
0.013316
0.028017
0.014121
0.059564
0.027464
0.072955
-0.137568
-0.174384
-0.077696
0.095678
0.241331
0.084835
-0.031374
-0.177138
-0.121838
-0.110802
-0.004453
0.183807
0.189920
0.100234
-0.068581
-0.183158
-0.184646
-0.023824
0.096574
0.108505
0.109290
0.040731
-0.068260
-0.111623
-0.138156
-0.002482
0.057407
0.063639
0.077650
0.022371
0.003857
-0.081643
-0.102785
-0.084980
0.032538
0.111077
0.117581
0.025602
-0.064432
-0.137452
-0.124448
-0.004193
0.050860
0.131227
0.055460
0.062803
0.027352
-0.067582
-0.113318
-0.133012
-0.047815
0.046257
0.093012
0.090417
0.025188
0.001769
-0.027171
-0.037372
-0.002105
-0.016857
0.025146
-0.003806
0.005115
-0.060913
-0.066286
-0.024677
0.088832
0.106553
0.074586
-0.032045
-0.080742
-0.026688
-0.041168
0.042170
-0.032555
0.030567
-0.086155
-0.021948
0.023427
0.077572
0.069399
0.042791
0.008182
-0.128445
-0.077635
-0.128037
0.020479
0.046127
0.195173
0.068152
0.009117
-0.040097
-0.190551
-0.089947
-0.037047
0.115200
0.141713
0.098697
-0.000955
-0.111882
-0.018319
-0.033168
-0.120929
0.002034
-0.016798
0.118276
0.113611
0.040644
-0.048613
-0.085522
-0.055197
-0.089271
-0.042618
-0.039147
0.079411
0.113905
0.161092
-0.008742
-0.078247
-0.105327
-0.054981
0.006830
-0.033423
-0.011210
-0.025648
0.086798
0.056787
0.073269
0.018482
-0.064542
-0.043469
-0.028846
-0.025403
-0.016338
0.011813
0.052191
0.072287
0.010597
-0.043517
-0.049352
0.018545
0.023173
-0.032274
-0.062118
-0.055367
0.095312
0.084692
0.008589
0.045509
0.023415
0.048851
-0.066918
-0.121358
-0.154973
-0.105888
0.096600
0.189151
0.216362
0.054149
-0.097945
-0.177634
-0.197489
-0.047473
0.051402
0.113920
0.087735
0.012048
0.028226
-0.016117
-0.068070
-0.100609
-0.005602
0.017178
0.048054
0.023916
-0.026316
-0.000637
0.014580
0.048820
-0.031618
-0.060634
-0.073850
0.008086
0.033062
0.067113
0.032475
-0.001164
-0.002990
-0.006986
0.004959
-0.127474
-0.046735
0.006980
0.059565
0.088031
0.053616
0.033239
-0.027444
-0.065025
-0.102691
-0.048263
0.026253
0.038814
0.075372
0.104886
0.057419
-0.077257
-0.136590
-0.121403
-0.026421
0.189064
0.119940
0.028241
-0.084770
-0.066245
-0.018175
0.004701
0.068685
-0.053368
0.060018
0.000101
0.022164
0.053827
-0.016950
-0.072132
-0.107667
0.074426
0.114046
0.115942
-0.044296
-0.151818
-0.071774
0.056578
0.120415
0.019194
-0.038878
-0.060112
-0.010108
0.041403
0.016587
-0.002132
-0.028189
0.016791
0.024870
0.002746
-0.046648
-0.066957
0.015478
0.060233
0.097636
0.006358
-0.049940
-0.074671
-0.041972
0.001650
-0.008384
0.037503
0.036196
0.044912
0.029660
-0.013717
-0.067362
-0.055438
-0.035044
0.045146
0.055135
0.044101
0.009730
-0.061298
-0.030991
-0.018871
0.086406
0.002422
-0.034417
0.032539
0.030285
0.002978
-0.078509
-0.040982
0.022661
0.103058
0.039514
-0.023911
-0.029285
-0.028797
-0.003977
0.039542
0.036056
-0.056921
-0.037922
0.001764
0.086374
0.059146
-0.021484
-0.034422
-0.061692
0.000985
-0.021575
-0.015310
0.037476
0.041090
0.050701
-0.025492
-0.022804
-0.005319
-0.032288
-0.009721
0.023189
0.065525
0.031866
-0.037846
-0.068630
-0.048755
0.022940
0.023145
0.021511
0.038027
0.045496
0.010513
-0.047785
-0.059944
-0.045288
0.020252
0.018596
0.053797
0.037928
0.020993
-0.010364
-0.067003
-0.035147
-0.014338
0.051318
0.036040
0.012189
0.005764
-0.002946
-0.009506
-0.035527
-0.048016
-0.013811
0.048295
0.040200
0.033441
0.040403
-0.005456
-0.081633
-0.099101
-0.011925
0.027467
0.069818
0.051466
-0.017738
0.007996
-0.011778
0.003681
-0.008905
-0.019673
-0.056683
-0.037048
0.032861
0.051297
0.047853
-0.000178
-0.001315
-0.018808
-0.034988
-0.052642
-0.046505
0.005401
0.084598
0.019538
0.035211
0.011469
-0.069695
-0.050206
-0.032101
0.084732
0.048541
0.000693
-0.072635
-0.061708
0.006896
0.013438
0.045973
0.017223
0.022000
-0.019338
-0.028618
-0.043688
-0.049128
0.020676
0.049896
0.040197
0.001994
-0.026011
-0.042727
-0.006057
0.002326
0.035046
0.032654
-0.027628
-0.022154
-0.047611
-0.026012
0.020601
0.068157
0.026922
0.012419
-0.016614
-0.059640
-0.013545
-0.022872
-0.006623
0.045462
0.062208
0.023486
-0.017860
-0.059690
-0.040640
-0.006757
0.037063
0.032866
0.016510
0.000670
-0.037149
0.010205
-0.009144
-0.015693
-0.006587
-0.000876
0.010267
0.011914
-0.007388
-0.019825
0.006530
-0.016230
0.025767
0.005457
-0.028442
-0.040333
-0.005431
0.047934
0.026987
0.028746
-0.037670
-0.051231
-0.025603
-0.021835
0.042146
0.074613
0.026204
-0.023719
-0.043177
-0.028325
-0.008158
-0.007656
-0.009091
0.016642
0.100361
0.054419
-0.073124
-0.087218
-0.061273
0.030977
0.040338
0.009542
-0.026625
0.019626
0.074841
-0.028156
-0.058824
-0.050669
0.031593
0.053039
-0.002257
-0.065722
-0.054833
-0.003023
0.029038
0.052351
0.056184
-0.004929
-0.089868
-0.052067
-0.035834
0.015760
0.027745
0.017561
0.020733
-0.002376
-0.001123
-0.039646
-0.027530
-0.015219
-0.014296
0.060821
0.018623
-0.019561
-0.048272
-0.046735
0.056138
0.042726
0.024735
-0.045754
-0.050025
0.004026
0.024290
0.048758
-0.010757
-0.028428
-0.006402
0.028658
0.015768
-0.030410
-0.037486
0.033807
0.058215
-0.002061
-0.046878
-0.053226
0.029143
0.045604
0.027262
-0.030528
-0.051393
0.016239
0.011061
0.015994
-0.007517
-0.018286
0.008641
-0.013344
0.014307
-0.015964
-0.016410
0.020720
-0.000041
0.019502
-0.028277
-0.028455
-0.031695
0.034951
0.045304
0.003632
0.002142
-0.040285
-0.033485
-0.042832
0.002411
0.024230
0.090196
0.032145
-0.045522
-0.073706
-0.044487
0.006222
0.005848
0.056305
0.031743
0.009894
-0.028871
-0.034625
-0.013461
-0.021418
-0.010465
0.008888
0.013841
0.019871
-0.036977
-0.013517
0.029283
0.025349
-0.015056
-0.063791
-0.040390
-0.005466
0.046571
0.008435
-0.004184
0.013744
0.012062
-0.014080
-0.057788
-0.031352
0.012460
0.046690
0.046612
-0.032723
-0.052915
-0.001718
0.047783
0.026824
-0.048437
-0.026898
-0.022463
0.020580
0.020599
-0.006018
0.042344
0.036863
0.012560
-0.055813
-0.076982
-0.039623
0.040570
0.064486
0.012699
0.035104
0.018264
-0.036610
-0.050879
-0.034330
-0.017220
0.060694
0.033511
0.016661
0.006069
-0.050645
-0.020117
-0.008969
0.048515
0.022172
0.052975
0.019517
-0.051587
-0.048000
-0.041227
0.007741
0.034559
0.038833
0.047417
0.045847
0.009701
-0.021588
-0.065736
-0.040286
-0.017393
0.064539
0.043655
0.025222
0.010698
-0.016192
-0.007904
-0.024135
-0.007875
0.004865
0.063119
-0.000867
-0.017643
-0.011567
0.027067
0.003614
-0.033495
-0.011396
0.011038
0.061301
-0.000139
-0.013244
-0.027417
0.004383
0.025171
0.017620
0.003711
-0.050136
-0.007930
0.006983
0.031614
0.030097
-0.012109
-0.029683
-0.053192
-0.019950
0.022546
0.030582
