0.006607
0.009001
0.007195
-0.019072
0.003424
-0.010158
-0.003869
-0.004020
-0.008761
-0.011380
-0.007653
0.011691
-0.005864
0.003624
0.002664
0.019999
-0.010433
-0.033402
-0.007321
0.011368
0.025360
0.003679
-0.030222
-0.020939
0.015860
0.020997
0.016200
-0.011779
-0.035409
0.000355
-0.018284
0.036513
-0.037658
-0.074437
0.028723
0.070051
0.054914
-0.010325
0.063389
-0.040616
-0.053970
0.000669
0.008218
-0.000993
-0.019865
0.018000
0.011487
0.016534
-0.011750
0.028839
0.007968
-0.011762
-0.038292
-0.029262
0.025703
0.036191
0.018812
-0.022198
-0.014062
-0.002647
0.001247
0.001909
-0.009266
-0.004334
0.016851
-0.010671
-0.017341
0.010863
0.040116
0.023337
-0.008915
-0.024329
-0.055251
-0.012817
0.046261
0.037393
-0.020698
-0.030446
-0.008195
0.013794
0.018214
0.007671
-0.012706
-0.047617
0.015797
0.011109
0.043684
-0.004783
-0.061143
-0.035588
-0.001646
0.045855
0.003901
0.066656
-0.017120
-0.024995
0.029392
0.003581
-0.053075
-0.062464
0.021416
0.040373
-0.004718
-0.021756
0.041197
0.038033
-0.000971
-0.077975
-0.069492
0.030095
0.084380
0.022781
-0.033178
-0.040140
-0.001824
0.028187
0.004357
0.001067
-0.017575
-0.009244
0.005330
-0.006326
-0.021958
0.021087
0.034263
-0.001445
-0.025089
-0.029861
0.019109
0.043488
0.012040
-0.043573
-0.043277
-0.006140
0.031324
0.043057
0.005938
-0.022956
-0.049785
-0.025831
0.020809
0.044083
0.011238
-0.041993
-0.037262
0.006834
0.049276
0.035531
-0.025075
-0.063443
-0.025229
0.037961
0.068202
-0.002761
-0.059224
-0.050229
0.014710
0.045586
0.012985
-0.043209
-0.053678
0.017403
0.040032
0.027104
-0.025584
-0.015604
0.011575
-0.007689
-0.028872
0.011140
0.019431
0.013579
-0.019555
-0.022975
0.021235
0.003758
0.009758
-0.027852
-0.007516
0.001030
0.012413
0.025004
0.005887
-0.004795
-0.037335
0.000600
0.037662
0.040798
-0.027148
-0.070832
-0.006871
0.062589
0.026149
-0.027923
-0.018692
-0.020763
-0.003890
0.023065
0.034591
0.013851
-0.001251
-0.024623
-0.029874
-0.019108
0.031545
0.024119
0.014966
0.010899
-0.027743
-0.004101
0.034110
0.028336
-0.064886
-0.058736
0.031847
0.084540
0.035402
-0.045169
-0.076540
-0.021831
0.073168
0.042954
-0.040597
-0.059094
-0.028115
0.030199
0.032395
0.064991
0.036645
-0.031365
-0.014078
-0.000227
-0.001505
-0.019241
-0.012030
-0.033340
-0.020344
0.042820
0.048348
0.004991
-0.026446
-0.029054
-0.016708
0.028768
0.081061
0.022631
-0.059710
-0.096787
-0.019787
0.050449
0.045782
0.028079
-0.007565
0.025007
-0.046662
-0.075608
-0.027870
0.036409
0.069485
0.023020
-0.014784
-0.019970
0.009108
-0.002257
-0.045157
-0.039747
0.011849
0.013034
0.013953
-0.026921
0.026662
0.068900
-0.004634
-0.100395
-0.060219
0.030029
0.034348
0.022955
-0.020172
0.018096
-0.002615
-0.007525
-0.013940
-0.054425
-0.016023
0.027744
0.040010
0.007103
-0.027666
-0.090173
-0.000186
0.089275
0.042357
-0.005088
-0.009956
-0.047395
-0.101415
-0.008431
0.028913
0.042055
0.000334
0.061184
0.013904
-0.077275
-0.021661
0.031188
0.031479
-0.045361
-0.053900
-0.048173
0.046121
0.041982
0.002257
0.009282
0.003455
-0.002983
-0.009912
-0.010763
0.001293
0.007647
-0.007599
-0.029760
-0.008638
0.024169
0.043339
0.027596
0.022611
-0.043814
-0.062534
-0.019894
0.000328
0.063428
0.009057
-0.002506
-0.074128
-0.021256
-0.006856
0.038706
0.061978
0.031545
0.022527
-0.054727
0.020333
-0.011765
-0.021998
-0.069051
-0.011509
0.051736
0.082107
0.024127
-0.011689
-0.007040
-0.059033
-0.032983
-0.025937
0.065886
0.046146
0.004060
-0.060414
-0.028569
0.033455
0.026461
-0.023748
-0.018800
0.020425
0.023281
0.018345
-0.035439
-0.032799
-0.016456
0.072483
-0.041053
-0.014189
0.002779
0.035555
0.074301
-0.016021
-0.040119
-0.103162
-0.005654
0.040776
0.077948
0.016183
-0.059253
-0.028414
0.024184
0.029638
-0.020159
-0.051177
-0.029301
0.050982
0.066180
0.002109
-0.035264
-0.042260
-0.025737
-0.006936
0.035233
0.043672
-0.003971
-0.026532
-0.031309
-0.001659
0.046177
0.014013
-0.064924
-0.064322
0.001835
0.080618
0.063267
-0.029954
-0.090705
-0.007658
0.080968
0.036880
-0.075418
-0.069979
-0.004500
0.036251
0.039363
0.027992
-0.016188
-0.044298
0.001856
0.007892
0.024043
0.004496
-0.052142
-0.036120
-0.021441
0.022885
0.076685
-0.010572
-0.037617
0.009679
0.063503
-0.013481
-0.070966
-0.048586
-0.017086
0.069071
0.039689
-0.004354
-0.017855
-0.021601
-0.042495
-0.038281
0.027214
0.042621
0.044987
0.002764
-0.061718
-0.013685
0.047792
0.032920
-0.009275
-0.045804
-0.042774
0.009681
0.016814
0.001336
-0.005118
0.017842
-0.000511
-0.040271
-0.023007
-0.017893
0.035329
0.075831
0.028477
-0.073960
-0.021011
0.056642
-0.004258
-0.064649
-0.030078
0.062611
-0.015354
-0.035317
-0.030354
-0.026022
0.072905
0.054028
-0.012946
-0.065920
0.025829
0.047169
-0.030629
-0.079117
-0.017461
0.117552
0.062912
-0.014707
-0.114788
-0.084480
0.049280
0.064362
0.006525
-0.009315
0.054953
0.009238
-0.074980
-0.081476
0.016368
0.098557
0.079462
0.004615
-0.080687
-0.048104
0.034032
0.039845
-0.057973
-0.068148
0.027457
0.072365
0.051400
0.034466
-0.025638
-0.075191
-0.031142
0.010714
0.063224
0.059049
0.027263
-0.033227
-0.057577
-0.055182
-0.043738
0.068430
0.051707
-0.002570
-0.007613
0.018323
0.082295
0.043751
-0.077254
-0.142640
-0.039751
0.073325
0.091097
0.017825
-0.017273
-0.006239
0.007683
-0.010487
-0.061308
-0.005925
0.036949
0.038236
-0.039943
-0.012427
0.057918
0.060858
0.039000
-0.064417
-0.095002
-0.068607
0.049057
0.032351
-0.010934
0.000717
0.035283
0.072525
0.004076
-0.037166
-0.063797
-0.020840
-0.009769
0.027301
-0.024893
0.001356
0.095112
0.037358
0.053177
-0.057507
-0.084927
-0.056144
0.066352
0.057149
-0.038363
-0.024841
-0.012696
0.059024
0.063593
0.023776
-0.078787
-0.041134
-0.006286
0.082232
-0.023144
0.000354
0.007554
-0.014787
0.057339
-0.041557
-0.036702
-0.016898
0.039870
0.009586
0.003034
-0.108224
0.027516
0.192580
0.114453
-0.023364
-0.168905
-0.129238
-0.035585
0.103568
0.106619
0.066145
-0.027443
-0.020288
-0.052094
-0.081177
0.033175
0.058008
0.066753
-0.083959
-0.062324
-0.021294
0.084135
0.025583
-0.035134
0.062240
0.013174
0.136163
0.013996
-0.085257
-0.199827
-0.208500
0.071648
0.199804
0.129208
0.033717
-0.030876
-0.035037
-0.080908
-0.118156
0.043693
0.008988
0.022210
-0.024479
0.068604
0.053337
0.028871
-0.031482
-0.128831
0.011784
-0.088772
0.016738
0.055073
0.134617
-0.020233
-0.093424
-0.081890
-0.001628
0.098854
-0.077188
-0.049448
0.015443
0.102815
0.020148
0.066171
0.033688
-0.017748
-0.139640
-0.094227
0.013197
-0.015438
0.069931
0.081625
0.094774
-0.027627
-0.160346
-0.124781
0.136977
0.175598
-0.088528
-0.129479
0.007088
0.073297
0.093261
-0.096833
-0.032112
-0.085374
0.060010
0.087855
-0.068359
0.038436
-0.084706
-0.092986
0.118208
0.328453
0.070817
-0.223327
-0.207299
-0.020329
-0.020376
-0.060380
0.071378
0.245450
0.134466
-0.134440
-0.219195
-0.047088
-0.033706
0.043931
0.140374
0.030852
0.004908
0.013247
0.152545
0.020716
-0.192283
-0.279013
-0.100935
0.113777
0.220639
0.220041
-0.007091
-0.147936
-0.149064
-0.001442
-0.025205
0.055667
0.070690
-0.082066
-0.058221
0.016541
0.043583
0.104854
0.117335
0.032308
-0.206506
-0.253763
-0.056602
0.113457
0.130823
-0.090853
0.169174
0.076229
-0.069348
-0.114523
0.042850
0.076187
-0.159647
-0.125431
0.030019
0.192995
-0.143495
-0.196974
-0.016056
0.169550
0.248560
0.138735
-0.032075
-0.189569
-0.234235
-0.069984
0.099394
0.071978
-0.105783
-0.129262
0.205548
0.284630
0.064254
-0.239136
-0.281790
-0.068708
0.081421
0.213214
0.136935
0.021454
-0.161516
-0.279178
0.010637
0.151924
0.198604
-0.036002
-0.257212
-0.028464
0.019216
0.176204
0.069479
0.040240
-0.112495
-0.231762
-0.022849
0.052402
0.235374
0.009332
-0.187787
-0.086272
0.224390
0.157314
-0.121253
-0.294728
-0.225749
0.096935
0.358838
0.234037
-0.101963
-0.252538
-0.312393
0.010708
0.222405
0.221423
0.101300
-0.069080
-0.153275
-0.085988
0.089962
-0.020373
-0.111269
-0.101291
0.060391
0.330752
0.278287
-0.175406
-0.530053
-0.254399
0.300166
0.446671
0.064529
-0.195866
-0.251199
-0.044773
0.089890
0.116019
-0.135472
-0.066508
0.221297
0.259934
0.090399
-0.283060
-0.323878
-0.155895
0.118999
0.273149
0.327702
-0.082118
-0.322413
-0.246027
0.071036
0.248352
0.218540
-0.061221
-0.218927
-0.002888
-0.031309
0.037169
0.059201
0.079971
-0.056841
-0.049731
-0.039416
-0.081910
0.194686
-0.012978
-0.185389
0.080437
0.304484
0.186302
-0.194090
-0.315787
-0.271985
-0.011389
0.118016
0.396213
0.386620
-0.060411
-0.329981
-0.490898
-0.031722
0.320352
0.251500
0.132041
-0.318444
-0.188349
0.089003
0.037716
0.054669
0.110551
0.177582
-0.148833
-0.186647
0.005917
0.021469
-0.054822
-0.048890
0.164714
0.129016
-0.066187
-0.054155
-0.023550
-0.012488
-0.105700
-0.027367
0.064088
0.097321
0.138390
-0.051486
-0.128724
-0.096497
-0.028990
0.109354
0.155347
0.054432
-0.087342
-0.194377
-0.200266
0.117808
0.385510
0.129723
-0.216646
-0.291106
-0.084204
0.114885
0.055640
0.039499
0.146464
0.054561
-0.084160
-0.148335
-0.028170
-0.005506
-0.004964
-0.002341
0.150504
0.054484
-0.127921
-0.023738
0.053072
0.051713
-0.282533
-0.118165
0.247206
0.293465
0.058427
-0.094371
-0.092758
-0.098411
-0.089032
-0.042279
-0.060651
-0.066948
0.199616
0.301774
0.201640
-0.292008
-0.384872
-0.098539
0.206265
0.297962
-0.011130
-0.058259
-0.122136
-0.063509
-0.006728
0.009893
0.109978
0.058060
-0.019795
-0.101411
-0.065571
0.098900
0.064788
0.075927
-0.039652
-0.130936
-0.034142
0.030750
0.118381
-0.078302
-0.101116
0.051307
0.203807
0.124263
-0.173607
-0.208813
-0.126437
0.050193
0.233977
0.223394
0.058782
-0.151683
-0.383390
-0.160001
0.133458
0.307001
0.354054
-0.049845
-0.314924
-0.309344
-0.124733
0.231173
0.220364
0.067974
-0.089289
0.024869
0.185964
-0.164050
-0.197508
-0.106964
0.168033
0.213343
-0.132867
-0.127720
0.018102
0.119824
0.135056
-0.091780
-0.164205
-0.026380
0.110442
0.208038
-0.056105
-0.186766
-0.109832
0.093348
0.206188
-0.059232
-0.070128
-0.107615
0.026196
0.129169
0.049185
-0.004858
-0.155928
0.078505
0.052434
-0.044454
-0.144099
-0.024359
0.285197
0.164289
-0.100647
-0.316722
-0.169604
0.189229
0.193692
0.020663
-0.071087
-0.055849
0.063224
-0.004680
-0.026003
-0.063408
0.058159
0.188816
-0.064844
-0.121404
-0.120491
0.024064
0.239660
-0.068680
-0.060692
-0.079594
0.053697
0.164124
-0.061176
-0.058985
-0.133190
0.117083
0.105037
-0.048926
-0.041773
-0.008399
0.057037
0.107487
-0.059740
-0.125805
-0.130622
0.026978
0.162516
0.062955
0.028812
-0.016985
-0.037662
-0.068552
-0.083002
0.007903
0.199303
-0.085012
0.008330
-0.034759
0.070456
0.078849
-0.076033
-0.045215
-0.094259
0.041250
0.035046
0.019107
-0.007791
-0.007915
-0.168003
0.164184
0.050220
0.003653
-0.026946
0.021305
0.066268
-0.119751
0.062552
-0.092631
-0.043427
-0.055474
0.073154
0.156634
-0.054126
-0.060525
0.063362
-0.005794
-0.137922
-0.029798
0.071981
0.114359
0.081557
-0.089351
-0.038876
-0.037775
0.013848
0.010642
-0.133663
-0.056471
0.037620
0.115511
0.116545
-0.022732
-0.120866
-0.119948
0.032709
0.253862
0.187308
-0.204771
-0.342022
-0.012338
0.115127
0.080537
0.008976
0.036725
-0.009775
-0.034075
-0.020492
0.009996
0.026460
0.032778
-0.013671
-0.077435
0.067338
0.035539
0.023458
-0.128349
-0.054486
0.121764
0.047545
-0.078416
-0.091866
0.009478
0.109670
0.141601
-0.039476
-0.223824
-0.173369
0.198420
0.219822
0.055264
-0.240502
-0.009527
0.098806
0.000302
-0.001286
-0.078740
-0.075680
-0.115147
0.235497
0.082144
0.051292
-0.168031
-0.100676
0.137134
0.188166
0.047601
-0.258661
-0.211922
0.009069
0.184517
0.064368
0.023335
0.001862
0.043773
-0.039598
-0.053036
-0.026838
-0.026005
-0.044999
0.058230
0.079036
0.072983
-0.166629
-0.124776
0.131012
0.065042
-0.036105
-0.031689
0.015007
-0.082449
-0.027178
0.157322
0.084025
-0.133626
-0.112907
0.014513
0.195982
-0.049940
-0.172838
-0.012732
-0.005641
-0.002024
0.129275
0.159961
-0.163444
-0.208262
0.039569
0.175238
0.123382
-0.150747
-0.068096
-0.082641
-0.079538
0.160361
0.160148
-0.024751
-0.221106
-0.032308
0.137218
0.167705
-0.084944
-0.235199
-0.058082
0.098864
0.071198
0.048712
0.030422
-0.057598
-0.089848
-0.050404
0.087184
0.025690
-0.095143
0.041306
0.147275
-0.115454
-0.204940
0.060238
0.236259
0.024238
-0.105259
-0.143887
-0.015886
0.001086
0.073546
0.103349
-0.069671
-0.019394
-0.126845
0.104169
0.160962
0.011650
-0.153009
-0.193965
0.039399
0.075801
0.101801
-0.019968
-0.030366
-0.035648
0.005140
0.136277
-0.081405
-0.132336
-0.101051
0.165141
0.117704
0.042180
0.002625
-0.229277
-0.106615
0.163075
0.150128
-0.156114
-0.185058
0.089283
0.299406
0.002612
-0.222776
-0.139026
0.186788
0.151220
-0.085579
-0.191205
-0.013122
0.036531
-0.008371
0.186096
0.088170
-0.151113
-0.122741
0.044931
-0.027281
-0.015745
0.060735
0.086881
-0.045515
-0.078575
0.039574
0.008280
-0.032866
-0.006182
0.020205
0.013130
-0.071265
0.041329
0.096428
-0.015084
-0.141719
-0.029133
0.129659
0.045875
-0.131378
-0.081570
0.090390
0.028307
0.021114
0.004399
-0.000910
-0.132223
-0.058986
0.111670
0.091021
-0.074198
-0.108861
0.110936
0.099553
-0.049445
-0.157569
0.017689
0.065724
0.033653
0.016382
-0.058818
-0.054225
-0.063296
0.138475
0.101302
-0.126495
-0.173078
-0.006300
0.166130
0.050834
-0.059589
-0.045735
-0.039451
0.017454
0.048717
0.079859
-0.011774
-0.141283
-0.080256
0.041473
0.048884
0.122987
0.058481
-0.125733
-0.133118
-0.000087
0.203344
-0.035387
-0.176966
-0.107344
0.140235
0.191504
0.007045
-0.112891
-0.081903
-0.004577
0.018635
0.147407
0.006360
-0.074350
-0.136355
0.079597
0.082305
0.030775
-0.026301
-0.034697
-0.035989
-0.149840
0.102350
0.180382
0.059515
-0.178303
-0.056553
0.074589
0.040839
-0.024074
0.042147
0.087019
-0.046375
-0.079295
-0.062615
0.041136
0.018453
0.072883
0.052831
-0.052736
-0.087333
0.023739
0.065167
-0.001669
0.017231
0.000088
0.071656
-0.032193
-0.080754
0.009526
0.083478
-0.008418
-0.021797
0.068674
-0.027943
-0.081434
-0.040915
0.126600
0.069987
0.004365
-0.055847
-0.033501
0.009493
-0.017354
0.046998
0.021349
0.011914
-0.073894
0.075029
0.076256
-0.016670
-0.080533
-0.052444
0.027425
0.011352
0.101214
0.010503
-0.040465
-0.121204
-0.027805
0.132551
0.155066
-0.009628
-0.101398
-0.124916
0.040040
0.106297
0.018045
-0.002056
-0.093188
-0.031554
0.070215
0.077707
-0.055706
-0.078865
0.019848
0.141554
-0.026192
-0.099770
0.012113
0.038592
0.004451
-0.046828
0.126685
0.066527
-0.113330
-0.002991
-0.048503
-0.009739
-0.068213
0.051351
0.067239
0.021469
0.064879
-0.070018
0.034222
-0.025004
-0.006431
0.007418
0.072432
-0.059024
-0.060323
0.046565
0.007803
-0.037916
0.010462
0.054743
-0.074802
0.014831
0.055977
0.033100
-0.012272
-0.021113
-0.044871
-0.006904
0.057624
0.039723
-0.006281
0.011594
-0.026354
-0.050841
0.043016
0.002195
-0.050382
0.035671
0.028137
0.009419
0.010011
0.007997
0.013804
0.039758
-0.037100
-0.118741
0.032144
0.060093
-0.032087
0.008065
0.044156
-0.006618
0.005781
-0.055084
-0.016980
0.072303
0.060411
-0.076719
-0.022464
0.106405
-0.009530
-0.001104
-0.024102
-0.035271
-0.076973
-0.033079
0.102704
0.127906
0.011709
-0.187503
-0.066092
0.111405
0.067541
0.019366
0.076576
-0.065507
-0.132808
-0.076901
0.049003
0.105096
-0.006725
-0.024060
0.000480
0.005577
0.008495
-0.017890
-0.054976
-0.003138
0.032013
0.095626
0.029855
-0.042499
-0.120687
-0.046161
0.042990
0.021638
0.024891
0.002320
0.048288
-0.100107
-0.112541
0.077219
0.086584
0.050145
-0.099998
-0.000151
0.016102
-0.007545
-0.033140
-0.054030
0.035606
-0.018140
0.060993
0.034517
0.010024
-0.112390
-0.063545
-0.000419
0.116859
0.045582
-0.107380
-0.009126
0.009555
-0.017876
-0.074655
0.075106
0.076025
-0.032960
-0.044150
-0.005473
-0.055823
-0.059386
0.029198
0.127835
0.088221
-0.077699
-0.152297
-0.067940
0.112044
0.081994
-0.045205
-0.092780
0.056968
0.029047
-0.016273
-0.035684
0.018760
0.049942
-0.069810
-0.011032
0.072715
0.049956
-0.113529
-0.086325
-0.038468
0.050740
0.064062
0.055744
0.039632
-0.077533
-0.142243
0.027748
0.130088
0.067010
0.004838
-0.055074
-0.004522
-0.112661
-0.101226
0.037124
0.135647
0.060506
-0.088427
-0.023728
0.007328
-0.069546
-0.011934
0.059001
0.117263
0.024266
-0.074135
-0.095098
-0.065066
0.097028
0.061565
-0.056826
-0.145264
0.020675
0.148745
0.030773
-0.056636
-0.108893
-0.025685
0.038596
0.169959
0.053549
-0.120595
-0.098271
-0.040480
0.026727
0.039514
0.080206
-0.005239
-0.068421
-0.122865
0.004677
0.086320
0.051289
-0.074460
0.024006
-0.006951
-0.020441
0.117071
-0.040743
-0.012699
-0.083402
-0.020210
0.050128
0.014023
-0.097771
-0.011353
0.091763
0.086760
-0.006033
-0.161031
-0.012945
0.064130
0.059794
-0.038959
-0.067420
0.020399
0.079292
-0.024760
-0.105828
-0.030716
0.019129
0.062462
0.046360
-0.006136
-0.029552
-0.034478
-0.009576
-0.000822
0.013042
0.062707
-0.010416
-0.040927
-0.025144
0.029572
0.037665
-0.029845
-0.036314
-0.040125
0.024792
0.083543
0.002687
-0.039023
-0.002941
-0.028806
-0.007567
-0.038888
0.001658
0.067753
0.030443
-0.050128
-0.058312
0.034581
0.012608
-0.013535
-0.001233
0.024299
0.026749
-0.026181
-0.001967
-0.007671
0.010089
0.026786
-0.016193
-0.058123
-0.018622
0.076482
0.001244
-0.017689
-0.036345
0.018415
-0.036679
0.009801
0.110091
-0.030040
-0.089794
-0.063137
0.113365
0.043136
-0.047617
-0.072231
0.003169
0.036687
0.009508
0.044809
-0.051233
-0.029483
-0.023186
0.015865
0.050671
-0.008831
-0.037554
0.023541
0.034390
-0.110078
-0.023137
0.116241
-0.006733
-0.057271
-0.069905
0.104863
0.026686
0.019369
-0.038395
-0.081322
0.008758
-0.071853
0.046301
-0.037019
0.088264
0.012034
0.015069
-0.026365
-0.031388
0.038536
-0.037455
0.037805
0.016247
0.003728
-0.067138
-0.017691
0.020479
0.028507
0.004461
-0.006751
0.002564
-0.036015
-0.006326
0.056274
0.003697
-0.000682
-0.017962
-0.028993
-0.027543
0.018036
0.055406
0.019012
-0.038075
-0.013650
0.058001
0.021083
-0.020561
-0.045690
-0.010085
-0.007364
0.035708
0.031878
0.007166
-0.085216
-0.013032
0.081562
0.078010
-0.004111
-0.093567
-0.045182
0.024593
0.100138
0.018008
-0.040549
-0.129612
-0.004313
0.089862
0.090706
-0.002726
-0.022460
-0.079982
-0.074639
0.132692
0.112989
0.011754
-0.123410
-0.006061
-0.026336
0.009458
0.022005
0.006664
0.004830
-0.020685
0.046445
-0.009322
-0.002542
-0.006181
0.044805
0.009232
0.024028
-0.026896
-0.067524
-0.008173
-0.030691
0.026885
0.096603
0.035449
-0.043238
-0.102122
0.021313
0.065835
-0.023081
0.015763
0.019937
0.101927
-0.032602
-0.091688
-0.110104
-0.008368
0.085701
0.088432
0.021510
-0.086502
-0.024506
0.053253
0.044877
-0.065537
0.037217
-0.017129
0.024303
0.019496
0.003586
-0.037935
-0.126724
0.011903
0.073005
0.075862
0.011004
-0.070146
-0.037281
0.037815
-0.036032
-0.007067
-0.014358
0.013512
0.047061
0.051982
0.027240
-0.063300
-0.000984
0.034300
0.002449
-0.090485
-0.010331
0.026110
-0.002341
-0.006403
-0.032938
-0.005924
0.100681
0.090571
-0.080327
-0.097517
-0.029411
0.129807
0.029595
-0.067209
-0.041697
-0.015336
0.022643
0.046307
0.032702
-0.027928
-0.013962
-0.001457
0.059368
-0.061807
-0.105850
-0.002156
0.108046
0.059945
-0.031669
-0.069735
0.016327
0.054864
-0.017064
-0.004967
0.028246
0.048274
-0.071202
-0.012808
0.007810
-0.016374
-0.062195
-0.003855
0.094904
0.022704
-0.001908
-0.041495
0.065911
0.030758
-0.059290
-0.013182
0.074328
0.051932
-0.105415
-0.043905
0.065560
0.128910
-0.058218
-0.137033
-0.006923
0.089609
-0.014635
-0.172770
0.037720
0.183973
0.132492
-0.117246
-0.175773
0.054333
0.147403
0.083358
-0.082352
-0.068012
0.023122
0.003591
-0.028188
-0.059537
0.047908
0.039510
-0.010538
-0.046833
0.016928
0.058650
-0.028304
-0.013800
0.007960
0.039731
-0.000472
-0.032997
-0.045382
0.015620
0.032883
0.043069
0.025120
-0.022903
-0.046767
-0.073819
-0.025334
0.052487
0.063936
0.060711
0.042049
-0.060853
-0.132604
-0.062342
0.061787
0.101214
0.113633
-0.047904
-0.112874
-0.106055
-0.029353
0.098496
0.010162
-0.008120
0.053832
0.025224
-0.054922
-0.098789
0.038271
0.027769
-0.008673
0.024654
-0.028891
-0.002089
-0.036270
-0.026722
0.034497
0.065827
-0.059803
-0.039398
0.016325
0.030342
-0.020726
-0.050208
0.011750
0.077566
0.035193
-0.094390
-0.003445
0.072112
0.009464
-0.085868
-0.073679
0.066032
0.139415
-0.043643
-0.123772
-0.036575
0.077321
0.058428
-0.019647
-0.062920
0.007930
0.004924
-0.018102
0.027576
0.065503
0.026090
-0.135587
-0.077749
0.042826
0.082617
-0.023172
-0.053888
0.079727
0.070927
-0.031962
-0.123263
-0.100673
0.128989
0.114992
0.008324
-0.127355
-0.073666
0.040025
0.002763
0.065869
0.026123
0.058380
-0.026831
-0.083087
-0.089365
0.026430
0.121303
0.020430
-0.036756
-0.071736
0.048299
0.051841
0.005982
-0.063652
-0.061093
-0.005657
0.004541
0.068674
0.049501
0.049730
-0.120213
-0.121010
0.041924
0.099997
0.056817
-0.064995
-0.077604
-0.018099
0.070707
-0.018313
-0.058957
-0.023249
0.038745
0.067995
-0.009758
-0.057932
-0.013188
0.068481
-0.005187
-0.032119
-0.050943
-0.023845
-0.001429
-0.000560
0.072199
-0.006994
-0.050174
-0.077216
-0.017886
0.044257
0.014675
-0.006784
0.033226
0.031273
-0.068698
-0.065450
0.019593
0.119650
0.022938
-0.062149
-0.092139
0.005191
-0.037407
-0.069191
0.043736
0.112873
0.082379
-0.122318
-0.132471
-0.041411
0.120900
0.078834
-0.030019
-0.045717
-0.046589
-0.019410
0.031040
0.042998
-0.004049
-0.059878
-0.026216
0.002765
0.030302
0.030898
-0.049660
-0.020782
-0.001405
0.007610
-0.023168
0.020169
0.004365
0.031492
0.009324
0.022235
0.054936
-0.072055
-0.121971
-0.083695
0.106942
0.111711
0.018688
-0.098361
-0.028399
0.075231
0.005912
-0.076931
-0.090648
0.095964
0.091842
-0.035235
-0.070535
0.027449
0.028975
-0.009957
-0.071218
0.022935
0.098198
-0.014467
-0.061102
-0.075515
0.063206
0.060463
0.031639
-0.067019
-0.045216
0.010799
0.059525
0.053086
-0.121760
-0.056738
0.014911
0.106407
0.050214
-0.038353
-0.057927
0.020378
-0.010378
-0.030079
0.012533
0.060739
0.057128
-0.113324
-0.049096
0.032839
0.063405
-0.014632
0.001332
-0.018385
-0.006276
-0.009652
-0.021671
0.023978
0.024457
0.020335
-0.018776
-0.016888
-0.000541
0.010240
-0.055089
-0.039141
0.026866
0.064178
0.007151
0.007716
0.016886
-0.037801
-0.074149
0.002373
0.129592
0.095097
-0.137855
-0.187315
-0.038857
0.128469
0.099313
-0.018223
-0.024953
0.028519
0.088103
-0.095981
-0.118968
0.000416
0.110004
0.129672
-0.074167
-0.115456
0.031811
0.017928
-0.024664
-0.052302
-0.010687
0.109962
0.081434
-0.050885
-0.064597
-0.080017
0.009382
0.144016
0.123548
0.017045
-0.130674
-0.164553
-0.054833
0.142410
0.074032
-0.066977
-0.030142
0.067703
0.076791
-0.001824
-0.037071
-0.004747
-0.033618
-0.004675
0.042407
0.113207
0.064984
-0.110133
-0.165878
-0.029036
0.190586
0.095019
-0.055918
-0.105654
0.011572
0.091250
0.080102
-0.077609
-0.120741
0.026060
0.137373
0.092986
-0.067021
-0.050021
-0.011514
0.077739
0.006820
-0.130834
-0.136548
0.086509
0.257084
0.106321
-0.127345
-0.144461
0.017955
0.129625
-0.005903
-0.159765
-0.051299
0.079661
0.124865
0.055336
0.017665
-0.053689
-0.092804
-0.078942
0.020415
0.132317
-0.021554
-0.005563
0.081507
0.034475
-0.096947
-0.135679
0.052955
0.150822
0.062806
-0.144174
-0.059434
0.048568
0.072329
-0.056683
-0.127023
0.029117
0.131596
0.096045
-0.082586
-0.052759
0.019744
0.104961
0.037772
-0.110786
-0.177298
-0.104435
0.098178
0.129096
0.066769
0.020077
0.018260
0.024118
-0.086493
-0.166163
0.012558
0.176681
0.089200
-0.121666
-0.162076
0.027615
0.200072
0.092681
-0.169964
-0.159437
0.026200
0.180518
0.099065
-0.100452
-0.117123
-0.022063
0.069253
0.043459
-0.043197
-0.039195
-0.019742
0.048948
0.112113
0.076813
-0.077190
-0.198310
-0.101998
0.043076
0.156153
0.097193
-0.024651
-0.000835
0.039593
-0.001791
-0.060648
-0.138280
-0.083178
0.001263
0.079477
0.088104
0.044450
0.084104
0.041576
-0.006505
-0.087413
-0.117815
-0.059704
0.002788
0.034598
0.032708
0.073316
0.055783
-0.022991
-0.093204
-0.062544
0.028264
0.093815
0.042206
-0.113250
-0.075572
0.096051
0.197077
0.071959
-0.180211
-0.211579
-0.021642
0.125500
0.078992
-0.058395
-0.022145
0.039998
0.129868
0.145147
-0.098701
-0.230519
-0.118426
0.133060
0.171537
-0.017734
-0.133237
-0.077696
0.086445
0.122401
0.003818
-0.106771
-0.095895
0.029297
0.070832
0.033605
-0.001490
0.030942
0.112081
-0.003475
-0.166914
-0.211869
-0.039039
0.152651
0.143734
-0.024079
-0.102894
0.030931
0.136981
0.034416
-0.164624
-0.123237
0.005724
0.104167
0.070915
-0.032297
-0.073122
0.022185
0.099942
0.006301
-0.128418
-0.112451
0.005778
0.070674
0.084382
-0.004205
-0.049994
0.048006
0.076289
-0.100728
-0.165685
-0.028361
0.093983
0.080705
0.032240
-0.009620
0.033193
0.000253
-0.074640
-0.068294
-0.020574
0.011859
-0.025121
0.022066
0.028160
0.022309
0.073732
0.017855
-0.088948
-0.138744
-0.074236
0.113515
0.056003
0.030968
0.029246
0.022712
0.057045
-0.081176
-0.123051
-0.106330
0.047230
0.094778
0.020668
-0.022215
-0.005694
0.065324
0.093385
0.008528
-0.153393
-0.148764
0.033468
0.097836
0.050650
-0.000127
-0.019764
0.056081
-0.021065
-0.039937
-0.106890
-0.054831
0.045486
0.015503
0.038423
0.075418
0.099835
0.015555
-0.081677
-0.090923
-0.052823
-0.084638
0.000031
0.014558
0.071357
0.053362
0.022326
-0.022033
0.003314
0.004033
-0.060712
0.017553
-0.038691
-0.078383
-0.040073
0.115256
0.132032
0.019668
-0.140070
-0.112709
0.045638
0.100142
-0.019723
-0.158121
-0.072060
0.143671
0.212829
0.051622
-0.130525
-0.223451
-0.087847
0.083873
0.133667
-0.011668
-0.138009
0.032843
0.158902
0.089060
-0.077987
-0.179095
-0.054975
0.083001
0.060940
-0.088061
-0.137670
0.046453
0.184864
0.142004
-0.022319
-0.171697
-0.127960
0.010390
0.101992
-0.013057
-0.147173
-0.029556
0.176802
0.199740
-0.021073
-0.179644
-0.214655
-0.027244
0.155154
0.090189
-0.091977
-0.130320
0.054145
0.139982
0.108823
-0.060080
-0.165637
-0.117960
0.018654
0.097106
0.007983
-0.073069
0.057805
0.108711
0.062943
-0.077772
-0.168683
-0.072568
0.006531
0.080746
0.002696
-0.033660
0.040712
0.100154
0.021163
-0.046986
-0.081526
-0.030113
-0.005709
-0.019199
-0.034995
-0.022757
0.087021
0.147555
0.073586
-0.101157
-0.093537
-0.038859
0.013045
0.015188
-0.063151
-0.055768
0.030535
0.131039
0.147081
0.006415
-0.107177
-0.070026
0.014791
0.019334
-0.041545
-0.113127
-0.061486
0.122605
0.231664
0.143990
-0.104048
-0.205879
-0.064966
0.086238
0.081215
-0.007898
-0.116488
-0.043287
0.097244
0.142639
0.105573
-0.066268
-0.108974
0.025510
0.066385
-0.054554
-0.112795
-0.054281
0.100524
0.148494
0.019409
-0.053284
-0.020202
0.049012
0.074573
0.047295
-0.079317
-0.106181
-0.036482
0.046189
0.028535
-0.052531
0.025717
0.103483
0.173081
0.093260
-0.125608
-0.217404
-0.112603
0.049904
0.143119
0.103400
-0.051955
-0.117701
0.015541
0.213372
0.191355
-0.118161
-0.344621
-0.210611
0.141648
0.288373
0.165566
-0.055552
-0.178278
-0.034515
0.094660
0.100829
-0.046570
-0.222323
-0.161748
0.107077
0.335326
0.211424
-0.088955
-0.250939
-0.139158
0.062249
0.111327
0.033267
-0.133917
-0.050535
0.058180
0.129684
0.096430
-0.069847
-0.154474
-0.029595
0.124713
0.040928
-0.057241
-0.100049
0.045982
0.123478
0.026226
-0.080155
-0.045607
0.014179
0.073728
0.067972
-0.060542
-0.146185
-0.119469
-0.002240
0.167669
0.119713
-0.019057
-0.033141
0.020600
0.084546
-0.023021
-0.147518
-0.171713
-0.015381
0.116094
0.142663
0.069350
-0.141889
-0.154208
0.084838
0.186142
0.141442
-0.052513
-0.219743
-0.189088
-0.036417
0.140847
0.143396
0.044689
-0.043915
-0.059063
0.045577
0.056261
0.010626
-0.014707
-0.120946
-0.068579
-0.016417
0.022920
-0.000452
0.019627
0.144342
0.132261
0.075015
-0.159166
-0.189262
-0.063804
0.078676
0.110195
-0.058951
-0.171244
-0.094901
0.151459
0.195163
0.139593
-0.045868
-0.168780
-0.160778
0.004162
0.150683
0.065384
-0.053875
-0.132636
-0.082422
0.011175
0.092912
0.120220
0.061623
-0.067265
-0.137412
-0.058450
0.077729
0.108509
-0.018293
-0.196759
-0.147730
0.025982
0.181086
0.134844
0.033380
-0.039349
-0.114840
-0.084209
0.004660
0.056101
-0.019224
-0.082774
-0.125829
-0.033295
0.101805
0.196008
0.129277
-0.052861
-0.181174
-0.155349
0.014538
0.149648
0.080754
-0.087740
-0.177174
-0.090844
0.111760
0.136493
0.075482
-0.040282
-0.082265
-0.034311
-0.039500
0.026647
0.059748
-0.017081
-0.030184
-0.069532
-0.052854
0.030345
0.066065
0.078610
0.010881
-0.013955
-0.031543
-0.010524
0.007705
-0.003209
-0.060713
-0.076072
0.008264
0.113452
0.128391
-0.003002
-0.136006
-0.117250
0.068092
0.151652
0.102720
-0.028615
-0.113877
-0.095440
-0.041412
0.033566
0.065065
0.032955
0.049760
0.047097
0.016112
-0.043971
-0.081008
-0.016071
0.109278
0.140355
-0.010522
-0.153820
-0.150713
0.019304
0.110224
0.141004
0.010365
-0.108790
-0.042242
0.058087
0.158655
0.050856
-0.096531
-0.122869
-0.040827
0.059940
0.074319
0.023593
-0.049261
-0.051577
-0.024340
0.031973
0.114997
0.094881
0.006468
-0.075774
-0.090418
-0.023296
0.027010
0.049707
-0.013731
-0.060680
-0.024085
0.040348
0.101897
0.043345
-0.029652
-0.043350
-0.013595
0.025803
0.018653
-0.034226
-0.051857
-0.030978
0.009417
0.054926
0.012541
0.009725
-0.026012
-0.058258
-0.015819
0.040031
0.082727
0.052903
0.001635
-0.048087
-0.063759
-0.065653
-0.019324
0.043117
0.060632
0.001901
-0.053727
-0.066220
-0.007388
0.059650
0.090609
0.041354
-0.002454
-0.021674
-0.065579
-0.052505
-0.040857
0.010655
0.030566
0.079781
0.031674
-0.028253
-0.066844
-0.071623
-0.006241
0.031772
0.069480
0.020593
0.050222
0.030103
-0.031473
-0.091861
-0.113822
-0.006790
0.088378
0.107890
0.016979
-0.044550
-0.053614
-0.028027
0.009316
0.038539
0.012349
-0.001978
0.040522
0.029491
-0.006017
-0.059434
-0.064853
-0.054143
0.020986
0.071223
0.076551
0.035630
-0.018633
-0.049664
-0.063928
-0.026504
0.008830
0.060070
0.052078
0.022509
-0.037768
-0.028871
-0.004413
-0.000016
-0.045335
-0.052577
-0.009177
0.074029
0.093904
-0.002281
-0.021474
-0.036798
0.003229
-0.005638
-0.019364
-0.047562
-0.047481
0.023495
0.061818
0.049492
-0.010879
-0.071228
-0.055213
0.018167
0.032433
0.012814
0.005040
-0.008829
-0.045242
-0.035250
0.001739
0.014799
0.006689
0.021578
0.030921
0.011492
-0.028197
-0.065170
-0.063774
-0.029941
-0.006021
0.012289
0.025418
0.013948
-0.008252
-0.013866
-0.026165
-0.043982
-0.033629
0.020178
0.031353
0.007295
-0.023397
-0.038226
-0.032548
-0.025704
-0.017359
-0.042176
0.003833
-0.011492
0.006502
0.045884
0.056896
0.008159
-0.057209
-0.043531
-0.026731
-0.004012
0.002711
0.031912
0.034330
0.023926
-0.016140
-0.032275
-0.014619
0.016692
0.020847
0.004186
-0.005864
-0.013180
-0.004434
