-0.008569
-0.014457
-0.008478
0.006084
0.018539
0.007886
-0.021349
-0.024771
0.005306
0.023536
0.019866
-0.008423
-0.015386
-0.015385
-0.012493
0.000933
-0.001647
0.025648
0.021004
-0.009095
-0.021641
-0.016915
0.012119
0.009331
-0.002592
-0.017660
-0.003189
-0.003758
0.022194
0.004279
-0.039973
-0.007508
0.010367
0.035083
0.026949
0.055008
0.031005
-0.034276
-0.076344
-0.082865
-0.033128
0.009241
0.074047
0.114453
0.088758
-0.018665
-0.103900
-0.105911
-0.066046
0.041736
0.072246
0.059940
0.037216
-0.036703
-0.014226
-0.058676
-0.019643
0.037980
0.071120
0.051159
-0.070238
-0.080040
-0.050658
0.040846
0.065688
0.044942
-0.007525
-0.012403
-0.012896
-0.014593
-0.031511
-0.004687
0.015723
0.029430
0.035079
-0.028272
-0.037293
-0.043818
0.041112
0.016668
0.049730
0.000576
-0.049469
-0.037639
-0.034579
0.053995
0.034486
0.009678
-0.039216
-0.033164
-0.000587
0.009078
0.002072
0.033852
0.021121
-0.023374
-0.047947
0.001044
0.059166
0.034286
-0.028484
-0.076391
-0.057399
0.001295
0.022376
0.046041
0.110460
0.023268
-0.044604
-0.107963
-0.034211
0.023618
0.020968
0.017720
-0.019628
0.029170
-0.008301
0.020987
0.004517
-0.003626
-0.012902
-0.034408
-0.008311
-0.023695
0.028095
0.025876
0.034041
0.037691
-0.047011
-0.034771
-0.058195
-0.000904
0.051886
0.022376
0.052251
-0.029706
-0.029627
-0.025248
-0.006096
0.047430
0.011527
-0.021726
-0.026349
0.010585
0.016818
0.003406
-0.010075
-0.016730
0.017832
0.036464
-0.022676
-0.038072
-0.042918
0.030318
0.072165
0.023639
-0.050839
-0.080093
0.007531
0.036277
0.058120
-0.014073
-0.067335
-0.072218
0.019242
0.059095
0.059647
0.079981
0.030799
0.003139
-0.109788
-0.134729
-0.115227
-0.007634
0.128439
0.168364
0.150063
-0.021329
-0.154808
-0.196311
-0.076613
0.082233
0.112292
0.101396
0.008418
-0.030168
-0.072813
-0.108271
-0.040622
0.061543
0.117754
0.068498
-0.041960
-0.143607
-0.060891
0.034079
0.123754
0.095433
-0.010428
-0.080747
-0.100467
-0.002388
-0.022792
0.051139
0.008106
0.041082
0.090653
-0.011839
-0.045292
-0.098913
-0.002545
0.034069
0.055757
0.017818
-0.064312
-0.038527
-0.009557
0.050506
0.089238
0.030977
-0.030263
-0.088194
-0.074842
-0.019400
0.026741
0.117073
0.055995
0.015542
-0.047743
-0.090230
-0.015697
0.003057
0.073555
0.013327
-0.024645
-0.007938
-0.007822
0.056784
0.006872
-0.032040
-0.045442
-0.013452
0.044193
0.047365
-0.010514
-0.063692
-0.046833
0.018301
0.067667
0.004165
-0.016566
-0.027487
0.033882
0.086685
0.023672
-0.041879
-0.124093
-0.090760
-0.013512
0.054387
0.101735
0.088684
0.054687
-0.011210
-0.072580
-0.119863
-0.066295
0.000645
0.033246
0.060663
0.063621
0.080855
0.008747
-0.082614
-0.122015
-0.072306
0.030642
0.080592
0.067073
0.006814
-0.021919
-0.026171
-0.039947
-0.015080
-0.021151
0.009274
0.047885
0.046788
0.005153
-0.060956
-0.076627
-0.074571
0.080629
0.083743
0.047763
0.019635
-0.029890
-0.020070
-0.072756
-0.040867
-0.043883
0.010534
0.041268
0.081569
0.094386
0.015656
-0.088696
-0.139102
-0.059310
0.038177
0.111055
0.052740
-0.008915
-0.041822
-0.031828
-0.016372
0.018771
0.002584
-0.016502
0.027179
-0.009369
-0.003270
-0.016531
0.014349
0.008753
-0.012913
-0.005100
-0.027499
-0.024726
0.023113
0.035143
0.037754
-0.018460
-0.023117
0.053300
-0.051795
-0.028436
-0.101940
-0.017280
0.041275
0.133655
0.115654
-0.060376
-0.067918
-0.118505
0.002030
0.001356
0.026815
-0.017719
0.057446
0.043750
0.029664
-0.047156
-0.072902
-0.047188
-0.008556
0.111579
0.004515
0.017860
-0.096215
0.033251
0.036027
0.008483
-0.062583
-0.094516
0.014533
0.033307
0.144023
-0.024820
0.001145
-0.038715
0.001137
-0.025041
-0.068293
-0.020448
-0.005475
0.038233
-0.014179
0.053169
-0.019734
-0.029443
-0.078183
-0.031335
0.057145
0.134656
0.160296
0.006156
-0.065094
-0.147968
-0.091262
-0.068529
-0.001146
0.099676
0.097707
0.195377
-0.001320
-0.157851
-0.155865
-0.021627
0.131796
0.012396
-0.038652
-0.075537
0.025292
0.069579
-0.019750
0.039803
0.053015
0.015895
-0.057031
-0.147195
-0.067859
0.010246
0.113173
0.122559
0.035702
-0.015493
-0.143189
-0.057237
0.003313
0.120543
0.032715
-0.050714
-0.032583
-0.024901
0.076111
-0.018194
0.002987
-0.021038
-0.001734
0.005309
-0.039355
-0.072813
-0.016054
0.049681
0.114354
0.092977
-0.045440
-0.093742
-0.106436
0.020656
0.076071
0.077744
-0.003325
-0.081897
-0.029196
-0.068096
0.009322
0.082473
0.088837
0.019049
-0.064241
-0.083500
-0.092077
0.025932
0.057899
0.087287
0.026204
0.010445
-0.080396
-0.022846
-0.002357
-0.079844
0.030331
0.024956
0.142679
-0.033009
-0.055966
-0.057254
0.020145
0.108909
-0.012831
-0.001410
-0.141553
-0.036396
-0.001139
0.012287
0.101300
0.148548
0.088551
-0.034522
-0.160911
-0.149090
-0.030045
-0.060641
0.068644
0.095488
0.154829
0.124684
-0.045082
-0.124845
-0.202415
-0.040719
0.035761
0.125627
0.044742
-0.024753
0.027532
-0.035948
0.058548
-0.021406
-0.053466
-0.061129
0.004906
0.103254
0.025715
0.015463
-0.027566
-0.069521
-0.050622
-0.030910
0.073056
0.085135
0.048216
-0.082607
-0.049245
-0.071221
-0.073062
0.059285
0.058419
0.116045
0.070999
0.069449
-0.082259
-0.126499
-0.226621
-0.077566
0.010322
0.059204
0.250157
0.326206
0.334062
-0.186529
-0.383834
-0.496819
-0.187923
0.169352
0.220616
0.313685
0.240066
0.174634
-0.176485
-0.356294
-0.283350
-0.068437
0.182192
0.210890
0.114589
0.052869
-0.113686
-0.197778
-0.037446
0.089890
0.172555
0.071046
-0.012025
-0.102007
-0.275394
-0.105064
0.050212
0.170888
0.199114
0.221467
0.192160
-0.138701
-0.337705
-0.345091
-0.184447
0.067434
0.331136
0.396253
0.209778
-0.100095
-0.331477
-0.306428
-0.124826
0.052262
0.195930
0.312980
0.160736
-0.104823
-0.263829
-0.260371
-0.044362
0.166613
0.328952
0.227234
-0.011428
-0.339225
-0.475617
-0.109563
0.180544
0.423915
0.444622
0.124755
-0.164679
-0.562154
-0.528170
-0.144225
0.130865
0.538788
0.660605
0.604099
-0.262617
-0.880328
-0.816064
-0.406697
0.512407
0.625429
0.559634
0.252967
0.001605
-0.325412
-0.665079
-0.360904
-0.000602
0.354245
0.340479
0.225230
0.085996
-0.170937
-0.300681
-0.268776
-0.015872
0.178621
0.255497
0.170808
0.025545
-0.197578
-0.340384
-0.089174
0.052443
0.151101
0.248996
0.320734
0.011795
-0.240206
-0.306718
-0.368845
0.061080
0.137581
0.294814
0.370925
0.239469
-0.279784
-0.591660
-0.324070
0.002318
0.523383
0.282510
0.101446
-0.024368
-0.092006
-0.230903
-0.350683
-0.031658
0.069898
0.313902
0.215206
0.012681
-0.087822
-0.193666
-0.084708
-0.094361
0.031765
0.161845
0.157664
-0.016984
-0.125119
-0.153741
-0.075402
0.123110
0.149441
0.174799
-0.035449
-0.087025
-0.196496
-0.144437
0.001038
0.019027
0.229674
0.102932
0.083535
-0.053469
-0.121590
-0.082898
-0.120150
0.034339
-0.023528
0.090294
0.156109
0.048685
-0.005484
-0.148014
-0.045137
-0.009509
0.013054
0.049062
-0.090046
-0.043474
-0.032114
0.084552
0.157457
0.051836
-0.046876
-0.265103
-0.092331
0.109523
0.216807
0.176984
-0.072492
-0.189086
-0.236051
-0.021378
0.006299
0.194779
0.155686
0.028639
0.037193
-0.041313
-0.022909
-0.281686
-0.150909
-0.039094
0.236093
0.227789
0.129681
0.021385
-0.117439
-0.082000
-0.305322
-0.010251
0.048011
0.202855
0.009092
-0.006116
0.100131
0.050656
0.031724
-0.354651
-0.132675
0.052957
0.334965
0.115979
-0.156216
-0.182434
-0.028775
0.245856
-0.012482
-0.145544
-0.139717
0.128405
0.184645
0.078299
-0.161067
-0.247058
-0.053124
0.211914
0.248956
0.028764
-0.130070
-0.313517
-0.000241
0.090349
0.181038
0.066894
-0.113534
-0.021285
-0.081916
0.053049
-0.101023
0.003947
0.064907
0.128673
0.119144
-0.162485
-0.181846
-0.130054
0.158183
0.105038
0.090688
-0.070745
-0.130367
0.011284
0.069748
0.139891
-0.089532
-0.065947
-0.105831
-0.022735
0.007022
0.037442
0.086517
0.051955
0.039443
-0.063087
-0.089708
-0.118579
0.067278
0.166995
0.126762
-0.060336
-0.194029
-0.180648
-0.023448
0.168866
0.221349
0.084513
-0.069621
-0.166433
-0.186036
0.003286
0.103319
0.149332
0.051104
0.001689
-0.101036
-0.135616
-0.020608
0.121841
0.129220
0.041964
-0.035403
-0.147355
-0.098650
-0.024664
0.033422
0.116618
0.133510
-0.014998
-0.070773
-0.033246
-0.012047
-0.017563
0.034145
-0.066919
-0.069680
0.031033
0.005399
0.087480
0.077190
0.061560
-0.111168
-0.123084
-0.034542
0.043009
0.030532
0.062883
0.100056
-0.096975
-0.029895
0.003406
-0.024659
-0.123198
0.000864
0.073697
0.071222
0.114121
-0.059328
-0.043973
0.008991
0.075865
-0.023365
-0.161443
-0.134096
-0.094087
0.099561
0.161247
0.130695
0.090858
0.000145
-0.058789
-0.216355
-0.077087
0.062575
0.054925
-0.002768
-0.098369
0.073511
0.110498
0.146152
-0.011775
-0.216402
-0.128954
0.002236
0.160961
0.048898
-0.060991
-0.048276
-0.012625
0.064746
0.066880
-0.007311
-0.102452
-0.121960
-0.007753
0.122764
0.097223
-0.003267
-0.058256
0.021126
0.014306
-0.052404
-0.047354
-0.072081
-0.027264
0.127785
0.152667
0.034535
-0.073313
-0.107642
-0.098469
-0.027446
0.074918
0.042454
0.061042
0.070623
-0.015386
-0.167227
-0.132309
0.030949
0.138298
0.195145
0.019104
-0.083119
-0.082819
-0.050693
-0.042306
0.009447
0.082328
-0.009450
-0.016778
0.047533
0.026725
-0.044444
-0.101212
0.019848
0.136949
0.111878
-0.039013
-0.195447
-0.099129
0.012350
0.127180
0.155329
0.049865
-0.038676
-0.098399
-0.100451
-0.105122
0.036341
0.105247
0.056785
0.067794
0.020684
-0.024691
-0.079260
-0.052706
-0.049274
0.023858
0.047867
0.064144
0.052400
-0.077021
-0.057197
-0.001624
0.105455
0.039166
0.004349
-0.032007
-0.179634
-0.095573
0.053351
0.080685
0.075271
0.051299
0.001798
0.005960
0.036695
-0.067876
-0.106191
-0.017597
0.047670
0.061325
0.031544
-0.050127
-0.066982
0.011586
0.066053
0.061173
0.028272
-0.044189
-0.125679
-0.026926
0.041988
0.093625
-0.008036
-0.001011
-0.040855
-0.015309
0.082022
0.029921
-0.001926
-0.123089
-0.041994
-0.061655
0.069936
0.113340
0.051951
-0.028965
-0.033739
-0.031292
-0.046364
0.062507
-0.010804
-0.001079
-0.100227
-0.014912
0.005522
0.103031
0.046107
-0.023842
0.063179
-0.043890
0.021188
-0.117662
-0.083954
0.005327
0.118950
0.049973
-0.108838
-0.009212
0.021668
0.107641
0.021411
-0.052275
0.030870
0.036181
-0.065942
-0.094973
-0.086829
-0.041639
0.076514
0.143522
0.092845
-0.051045
0.016008
0.065465
-0.076884
-0.138582
-0.037365
0.077095
-0.009694
0.020260
-0.020721
-0.064015
-0.003574
0.077037
0.095178
0.027662
-0.005658
-0.157262
-0.057728
0.054123
0.177745
-0.006023
-0.134851
-0.109164
-0.060336
0.102406
0.080801
0.120352
0.093761
0.022949
-0.252895
-0.231910
0.010666
0.236611
0.131197
-0.042866
-0.117278
-0.069079
0.057970
-0.070635
0.061891
0.107963
0.138486
-0.096393
-0.182010
-0.107535
0.055258
0.210830
-0.033567
-0.088413
-0.079521
0.096624
0.074936
0.035902
0.036968
-0.068515
-0.134980
-0.176593
0.089962
0.162664
0.124147
0.044373
-0.034967
-0.038826
-0.124980
-0.132379
-0.138417
0.085917
0.222460
0.215061
0.012971
-0.160551
-0.165802
-0.134072
0.116301
0.142817
0.136273
-0.050819
-0.118899
-0.091129
-0.068092
0.100849
0.098290
0.073954
-0.047157
-0.071830
-0.068061
-0.084578
0.000922
0.178771
0.104962
-0.076467
-0.103147
-0.031323
0.010388
0.038647
0.090415
-0.038742
-0.074621
-0.041621
0.023976
-0.015640
0.010850
0.079155
0.056557
0.010955
-0.116220
-0.121596
0.003688
0.124878
0.119715
-0.038911
-0.147592
-0.153673
0.041651
0.155810
0.090436
0.041346
-0.034000
-0.062227
-0.186405
-0.039501
0.069522
0.186642
0.093059
-0.062568
-0.112923
-0.165240
0.055836
-0.010257
0.113544
0.057351
0.035319
-0.036871
-0.140316
0.034456
0.064260
0.081865
-0.087438
-0.095656
-0.050357
0.016879
0.064639
0.089441
0.039155
0.004128
0.030873
-0.102960
-0.196444
-0.047771
0.104795
0.078849
0.087537
0.057038
-0.029064
-0.101241
-0.063551
-0.072650
0.005655
0.070782
0.109251
0.055727
-0.061803
-0.090265
-0.072440
0.070183
0.041723
0.097541
-0.010916
-0.107613
-0.122478
-0.027264
0.110056
0.096659
0.072599
-0.060960
-0.124465
-0.084422
0.044117
0.073466
0.076945
-0.001924
-0.037416
-0.139949
-0.062577
0.096415
0.155620
0.053620
-0.107709
-0.111250
-0.100979
0.075258
0.048370
0.076904
0.047549
0.048690
-0.065173
-0.115348
-0.002557
-0.005306
0.050858
-0.048689
-0.053786
-0.012956
0.063207
0.019270
0.088169
0.119537
0.007767
-0.161402
-0.238647
-0.053000
0.059795
0.173332
0.127753
0.077955
0.023237
-0.074140
-0.141719
-0.140360
-0.074893
0.002139
0.187309
0.152580
0.024664
0.012557
0.041123
-0.137894
-0.227250
0.006539
-0.022785
0.055168
0.164675
0.233112
-0.031750
-0.238372
-0.075960
-0.149458
0.016355
0.179780
0.311338
0.024779
-0.194647
-0.248255
-0.250144
0.053434
0.248369
0.380809
0.167258
-0.163269
-0.403860
-0.282598
0.001576
0.237981
0.298287
0.154362
-0.130208
-0.261040
-0.057153
0.041358
0.050020
0.043647
0.077493
-0.086955
-0.124070
0.047129
0.061473
0.097415
0.004187
-0.102942
-0.075790
0.030213
0.021916
-0.026441
0.101360
-0.000697
-0.069141
0.012902
0.072397
0.010294
-0.062567
-0.055245
-0.074987
-0.009602
0.062656
0.125705
0.076342
-0.031046
-0.151011
-0.082643
-0.023527
0.044346
0.149756
0.072947
0.047800
-0.102695
-0.196266
-0.124401
0.034013
0.203707
0.199905
0.140470
-0.116091
-0.281290
-0.245455
-0.041862
0.238058
0.278288
0.105335
-0.094185
-0.081580
-0.128071
-0.158048
-0.050846
0.124607
0.230774
0.184657
-0.066180
-0.295052
-0.126149
0.079219
0.159715
0.045663
-0.021739
-0.016052
-0.009427
0.003367
-0.065170
-0.029475
-0.020872
0.074888
0.089933
0.054405
-0.060701
-0.115524
-0.073540
-0.028542
0.109336
0.082377
0.075700
-0.036477
-0.030381
-0.062944
-0.066544
0.008947
0.017188
0.087177
-0.043070
-0.024067
0.091192
0.126839
-0.056713
-0.185072
-0.122715
0.027075
0.116886
0.056315
0.022817
-0.033282
-0.016697
0.008587
-0.006021
-0.110315
-0.034564
0.051631
0.105838
0.061874
-0.051567
-0.047398
0.007628
0.054650
-0.036099
-0.053476
-0.081912
-0.014475
0.051519
0.087536
0.020444
-0.006562
0.014814
-0.063479
-0.057429
0.011803
0.098712
0.016033
-0.047131
-0.076184
-0.002586
0.049702
0.083860
0.038625
-0.044219
-0.036224
-0.053941
-0.058781
-0.100824
0.027023
0.123424
0.162543
0.068238
-0.025093
-0.123657
-0.192750
-0.078762
0.020941
0.137884
0.087577
0.082837
0.061411
-0.018033
-0.152186
-0.205337
-0.056238
0.128045
0.179862
0.080797
-0.048676
-0.095797
-0.071443
-0.017708
0.020366
-0.014295
0.064427
0.074398
0.041365
-0.074246
-0.085302
-0.112762
-0.042444
0.133304
0.144350
0.045765
-0.072716
-0.025053
-0.035252
0.009158
-0.050564
-0.053566
0.035003
0.079838
0.053839
-0.028963
-0.016315
-0.024692
0.001603
-0.042515
-0.020469
0.026491
0.059959
-0.006187
-0.031390
0.041347
0.007460
-0.029249
-0.090324
-0.028926
0.044114
0.123081
0.065086
-0.038592
-0.107619
-0.048413
0.033010
-0.001426
-0.003074
0.061524
0.119817
-0.066643
-0.119995
-0.128895
-0.002399
0.090998
0.106107
0.033375
0.037908
0.018213
-0.110863
-0.125746
-0.095130
0.112882
0.076092
0.076650
-0.052819
0.025301
0.019843
-0.046285
-0.028870
-0.089549
0.045504
-0.023741
0.067418
0.005429
0.023330
-0.014234
-0.042749
0.010728
-0.033436
0.037164
-0.005318
-0.016478
-0.032161
0.000338
0.001754
0.003718
0.059177
-0.003293
-0.024914
0.015863
0.019730
-0.021159
-0.059522
0.023627
0.022083
0.026856
-0.046318
-0.015295
0.051398
-0.009382
-0.012202
0.047126
0.056497
-0.060455
-0.124091
-0.072287
0.051874
0.125283
0.078454
0.009814
-0.000154
-0.078030
-0.077440
-0.062784
0.019557
0.040887
0.094644
0.091663
-0.021470
-0.059310
-0.114743
-0.106858
0.015424
0.141850
0.131935
0.046440
-0.046994
-0.088575
-0.155009
-0.032329
0.035436
0.138201
0.049009
-0.045782
-0.029184
0.037998
0.020155
-0.117977
-0.076313
-0.016910
0.166070
0.047312
-0.045280
-0.109141
0.044094
0.042913
-0.052627
-0.039985
-0.022601
0.043346
-0.000310
0.084823
0.007622
0.007945
-0.085346
-0.076341
-0.023638
0.035512
0.077720
0.022350
0.071785
0.008081
-0.033433
-0.133441
-0.158299
-0.001433
0.148747
0.199975
0.061679
-0.022020
-0.119648
-0.141151
-0.058969
-0.001235
0.103168
0.091242
0.053540
-0.000196
-0.014414
-0.077628
-0.036723
-0.023044
0.035270
0.039105
0.056932
0.018391
-0.028587
-0.002868
-0.095914
0.024499
-0.016023
0.041947
0.028854
0.094825
0.019953
-0.076991
-0.064889
-0.106386
0.055851
0.044987
0.141924
-0.003764
-0.078515
-0.092022
-0.012836
0.014891
-0.014327
0.094934
-0.000311
0.051941
-0.004051
0.042602
-0.120594
-0.120443
-0.047005
0.052940
0.177016
-0.005288
0.008305
-0.029237
0.049822
-0.134384
-0.097660
-0.007279
0.071183
0.109355
0.020088
0.004396
-0.059044
0.044111
-0.056925
-0.070004
-0.075197
0.073413
0.062791
0.034784
-0.039606
-0.013741
0.058078
-0.038059
-0.046586
-0.108976
0.042660
0.073453
0.085596
-0.032568
-0.005323
0.001074
-0.050079
-0.051308
-0.054784
0.023386
0.044983
0.103729
0.034647
0.045964
-0.059639
-0.120631
-0.118893
0.010718
0.085976
0.064760
0.087418
-0.005114
0.009730
-0.107190
-0.106117
-0.018528
0.035965
0.107092
0.013846
-0.008521
-0.053715
-0.009567
0.013556
0.026571
0.073928
-0.076919
-0.061083
-0.047174
0.024459
0.076999
0.131545
0.087306
-0.109806
-0.127783
-0.143433
-0.000193
0.095417
0.105340
0.084818
0.036986
-0.005196
-0.104440
-0.116693
-0.065538
0.017629
0.176640
0.112359
-0.030506
-0.091556
-0.083106
-0.031720
-0.034598
0.083618
0.025115
0.070077
-0.002314
-0.063033
-0.008046
-0.015977
0.028818
-0.020824
0.025627
-0.022474
0.056621
0.102909
-0.030895
-0.121247
-0.082719
0.021213
0.034957
-0.005992
0.047889
0.102658
0.051452
-0.058120
-0.185433
-0.114509
0.020622
0.130815
0.127993
0.030159
-0.043010
-0.158730
-0.078901
0.060387
0.047767
0.084022
-0.006755
0.040898
-0.094403
-0.120346
-0.024552
-0.014739
0.114787
0.060484
0.156167
0.009204
-0.068274
-0.174641
-0.190741
-0.053653
0.114651
0.251300
0.118997
-0.007544
-0.169443
-0.120543
-0.055572
0.051742
0.094288
0.076083
0.012856
-0.020848
-0.041755
-0.117411
-0.069823
0.018116
0.152185
0.052845
-0.004677
-0.010969
-0.003761
-0.039763
-0.042000
0.019905
-0.042432
-0.019649
-0.049818
0.101339
0.085010
-0.005376
0.018502
0.058150
-0.071181
-0.184698
-0.121337
-0.000077
0.187687
0.105706
0.155744
-0.067527
-0.117153
-0.095841
-0.051088
0.006037
-0.046182
0.149896
0.079015
0.095278
-0.103095
-0.112499
-0.046569
0.005388
0.028802
0.030381
0.113200
-0.022984
-0.029139
-0.103968
-0.034027
0.059607
0.020827
0.004876
0.038441
0.007529
-0.004489
-0.049993
-0.014559
0.016503
-0.005496
0.043108
-0.009385
0.054287
-0.063153
-0.167570
0.065873
0.169933
0.123434
-0.087642
-0.178164
-0.044656
0.058322
0.078227
-0.039193
-0.006729
0.005036
0.038017
0.029180
-0.009179
-0.023388
-0.066157
0.060174
-0.040691
0.006923
-0.027195
-0.072103
0.074513
0.023940
0.136195
-0.075029
-0.050811
-0.068104
-0.151187
-0.005278
0.103728
0.323781
0.130312
-0.108991
-0.322926
-0.227738
-0.059303
0.077802
0.291567
0.346494
0.121813
-0.231857
-0.381162
-0.321473
0.010960
0.267170
0.373108
0.195807
-0.083167
-0.386638
-0.323218
0.014720
0.255087
0.274198
0.056573
-0.094219
-0.151962
-0.108490
-0.132093
0.028744
0.162757
0.248385
0.017087
-0.139726
-0.182605
-0.152184
0.133136
0.185123
0.174478
-0.142490
-0.174638
-0.120198
0.026026
0.177581
0.137709
0.002935
-0.102302
-0.013538
-0.072376
-0.035786
-0.068430
0.119729
0.115514
0.109326
0.009023
-0.213223
-0.168135
-0.081905
0.224749
0.267891
0.097193
-0.185991
-0.273873
-0.065060
0.126798
0.163460
0.051799
-0.089350
-0.064550
-0.029692
0.037884
0.050364
-0.058501
-0.045752
-0.037433
0.158366
0.080507
0.046864
-0.134233
-0.239386
-0.003374
0.055374
0.168586
0.011637
0.026242
-0.005124
-0.028660
-0.072196
-0.096804
0.021725
0.027861
0.044647
-0.008419
0.017081
-0.048894
0.055392
0.002292
0.002776
0.002503
-0.083253
-0.009785
-0.023403
0.038370
0.033514
0.047297
-0.037159
-0.022029
0.060653
0.008503
0.006491
-0.063353
-0.046959
-0.047336
-0.045417
0.135481
0.171601
0.061120
-0.112489
-0.155032
-0.059397
0.023106
-0.008869
-0.006839
0.137922
0.254019
0.121246
-0.228237
-0.381874
-0.275254
0.216533
0.404162
0.201013
-0.037512
-0.157830
-0.190315
-0.136001
0.044069
0.053714
0.157728
0.110112
0.047687
-0.045816
-0.161405
-0.161724
-0.051378
0.087158
0.151685
0.223622
0.068520
-0.169957
-0.258325
-0.131586
0.048888
0.115645
0.126853
0.139443
0.076000
-0.041638
-0.201870
-0.244526
-0.181224
0.084050
0.357793
0.276516
0.029158
-0.253968
-0.251655
-0.101299
0.061416
0.096312
0.043395
0.067721
0.011397
-0.017314
-0.108059
-0.070681
0.070704
0.201303
0.060597
-0.169401
-0.251413
-0.222185
0.124604
0.236386
0.285285
0.095485
-0.060090
-0.213392
-0.282016
-0.071800
-0.037835
0.269495
0.187620
0.120029
0.048255
-0.110222
-0.165204
-0.235157
-0.016162
0.126412
0.230706
0.089948
-0.069076
-0.065772
0.000743
-0.019878
-0.030290
-0.081688
-0.048743
0.050427
0.060778
0.136476
0.071407
0.019665
-0.195240
-0.180765
-0.032798
0.087719
0.152899
0.014602
-0.020571
-0.037344
0.001963
-0.064816
-0.071358
0.017401
0.140931
0.089472
-0.073345
-0.122712
-0.098099
0.029553
0.057366
0.129791
0.107900
0.011665
-0.148458
-0.201557
-0.063402
0.066327
0.202319
0.169866
0.022241
-0.166133
-0.159830
-0.089681
0.024885
0.108006
0.097856
0.121863
-0.002264
-0.078032
-0.162705
-0.133360
-0.041198
0.089530
0.223103
0.103838
-0.007614
-0.136584
-0.147917
-0.090725
0.010856
0.123582
0.110462
0.043928
-0.040184
-0.065832
-0.091277
-0.008930
0.012673
0.045915
0.013727
-0.018994
0.049193
0.011488
0.007369
-0.078442
-0.080808
0.020121
0.077860
0.076044
-0.000346
-0.048152
-0.056562
0.008072
0.022704
0.013661
-0.010204
-0.008205
0.055497
0.035368
-0.008245
-0.092929
-0.052124
0.040662
0.099281
0.014303
-0.073119
0.019064
0.054690
0.040750
-0.078305
-0.103124
-0.028397
0.086235
0.083357
0.002564
0.010182
0.019516
0.001300
-0.083927
-0.095566
-0.005152
0.097923
0.047424
-0.004930
0.020397
0.002148
-0.028365
-0.068891
-0.062476
0.015508
0.074310
0.022455
-0.020009
0.007315
0.003297
-0.043653
-0.031239
-0.002345
0.014632
0.034931
-0.039948
-0.023007
0.041174
0.041906
-0.009010
-0.047344
-0.057485
-0.031825
0.026419
0.064466
0.075958
-0.007444
-0.062896
-0.076747
0.019852
0.038222
0.004867
-0.004601
0.015047
0.025933
-0.047466
-0.056158
-0.006326
0.072575
0.061429
0.026481
-0.065018
-0.051695
-0.042323
-0.012913
0.039575
0.056237
0.053479
-0.042522
-0.031079
-0.032251
0.012634
-0.019877
-0.017742
0.019302
0.029368
0.041368
-0.025452
-0.006366
-0.027547
-0.028990
-0.036204
0.026576
0.089614
0.026742
-0.017790
-0.066655
-0.044666
0.003281
0.000715
0.018467
0.065225
0.054813
0.004451
-0.080590
-0.074353
-0.048190
0.033769
0.094681
0.098232
0.080009
-0.069913
-0.170985
-0.138790
0.038226
0.162974
0.143154
0.026245
-0.052206
-0.096178
-0.083594
-0.049836
0.038275
0.071234
0.039884
0.021152
-0.008260
-0.022727
-0.080267
-0.040526
0.039216
0.100238
0.038719
-0.076917
-0.105346
-0.038433
0.030078
0.063767
0.039569
0.043859
-0.015236
-0.052600
-0.036545
-0.006584
0.022519
-0.049969
-0.023066
0.013236
0.051513
0.026929
0.002500
0.006228
0.038360
-0.010526
-0.101151
-0.100562
-0.015894
0.073936
0.057248
0.064548
0.028955
-0.010515
-0.077766
-0.080569
0.013264
0.077974
0.037189
-0.032334
-0.066366
-0.016000
0.031886
-0.001966
-0.004417
0.015291
0.077561
0.050161
-0.047136
-0.102747
-0.067113
0.006885
0.055587
0.068385
0.045729
0.013636
-0.029472
-0.060819
-0.047528
0.001201
0.029580
0.010275
-0.010618
-0.000616
0.034965
0.001323
-0.011117
-0.005139
0.021137
0.029361
-0.050180
-0.021268
-0.020316
0.038119
0.030851
-0.002498
0.059438
0.003704
-0.025055
-0.112124
-0.073518
0.048765
0.095565
0.103811
-0.028083
-0.022913
-0.023314
-0.034107
-0.046076
-0.054591
0.070661
0.087345
0.034507
-0.051000
-0.075719
-0.000582
0.019718
0.003050
-0.007329
-0.003604
0.041792
0.005493
-0.023766
-0.045517
-0.014019
0.069915
0.055019
-0.033094
-0.105941
-0.032913
0.072458
0.086932
0.014679
-0.038349
-0.064466
-0.017401
0.010770
0.026796
0.016159
0.003331
0.013755
-0.031257
-0.046286
-0.047062
0.028975
0.075874
0.036038
-0.024216
-0.062872
-0.016471
0.057582
0.048705
-0.009777
-0.049171
-0.028815
-0.001816
0.008154
-0.002890
0.001864
0.058102
0.056502
-0.006585
-0.096951
-0.098206
-0.000013
0.086004
0.082078
-0.009557
-0.065475
-0.043273
-0.006781
0.034557
0.037929
0.013044
0.000866
-0.010971
-0.030358
-0.067156
-0.022524
0.065909
0.108623
0.036961
-0.074227
-0.113473
-0.042186
0.064415
0.079947
0.037712
-0.046389
-0.056550
-0.000499
0.020048
-0.006238
-0.013483
0.014189
0.036126
0.011071
-0.037603
-0.058505
-0.027024
0.064115
0.077902
0.010766
-0.086346
-0.082507
-0.004069
0.046160
0.050810
0.031429
0.013185
-0.004184
-0.011772
-0.054587
-0.043543
-0.016903
0.055351
0.088084
0.042001
-0.030081
-0.077161
-0.049584
0.024877
0.081588
0.023033
-0.026838
-0.055450
-0.009175
0.025274
0.008881
-0.005826
-0.020003
0.027458
0.042580
0.028193
-0.022774
-0.063864
-0.037695
-0.003238
0.034640
0.028409
0.008404
-0.003025
-0.014444
-0.000084
-0.009708
-0.037115
-0.023010
0.030094
0.048234
-0.000818
-0.034246
-0.053545
-0.029570
0.037827
0.059440
0.032739
-0.037203
-0.076563
-0.054751
0.000925
0.046299
0.061256
0.028775
-0.018720
-0.065683
-0.061122
-0.010535
0.012290
0.032874
0.017571
0.012825
0.000589
0.004207
0.036385
-0.013040
-0.048925
-0.083287
-0.041968
0.069021
0.103808
0.075805
-0.063844
-0.100983
-0.033270
0.060048
0.107587
0.025642
-0.078423
-0.142996
-0.055172
0.080034
0.155667
0.081236
-0.041737
-0.091118
-0.046932
-0.004546
-0.014010
-0.003258
0.014109
0.044460
0.035669
0.014510
-0.039642
-0.044307
-0.024910
-0.001723
0.024560
0.037059
0.021477
-0.020411
-0.039808
0.016470
0.048512
0.027916
-0.020238
-0.073979
-0.019549
0.009297
0.058236
0.011159
-0.039302
-0.043944
-0.015950
0.053440
0.035939
0.054403
0.007863
-0.052224
-0.088533
-0.067776
0.008717
0.050641
0.065705
0.030568
-0.010824
-0.035094
-0.040660
-0.019521
0.010643
0.013447
0.019475
-0.016368
-0.039674
-0.041691
-0.008009
0.035749
0.050408
0.051233
-0.030633
-0.086008
-0.096344
-0.007854
0.061617
0.094902
0.080252
-0.014915
-0.072261
-0.118632
-0.056003
0.023599
0.111916
0.109340
0.012053
-0.088488
-0.146716
-0.046951
0.068504
0.143902
0.075765
-0.039530
-0.117669
-0.113460
-0.014964
0.078810
0.137410
0.077884
-0.007647
-0.109770
-0.119917
-0.048580
0.063381
0.114987
0.068908
-0.006937
-0.083871
-0.067730
-0.014551
0.060983
0.060276
0.050136
-0.017666
-0.048984
-0.041639
-0.007379
0.036610
0.018152
0.012343
-0.006238
0.001243
-0.015431
0.021570
0.024801
0.027735
-0.009761
-0.037104
-0.023443
-0.010086
0.035277
0.028589
0.017845
-0.031286
-0.038958
-0.014880
0.029279
0.055163
0.018074
-0.016017
-0.049226
-0.029352
0.004943
0.033855
0.038564
0.016870
