0.005112
-0.008238
-0.016442
-0.009322
-0.007053
0.034088
-0.000788
0.001571
-0.014080
-0.006180
0.027715
0.030247
-0.029961
-0.052118
-0.013786
-0.036666
0.039530
0.020482
0.007078
0.010243
0.014492
-0.016618
-0.031907
0.005672
-0.047164
-0.000419
0.015033
0.018960
0.042626
0.022361
-0.029046
-0.073315
-0.049094
-0.006881
0.018640
0.050866
0.022198
0.010639
0.032519
-0.031671
-0.054811
-0.037578
0.002575
0.000485
-0.003179
0.015010
-0.015026
0.017165
0.048281
0.014998
-0.006447
-0.018103
-0.048820
-0.051848
-0.002348
0.069275
0.032327
-0.002939
-0.007459
-0.052135
-0.011130
-0.002198
0.048098
0.038533
0.003191
-0.023147
-0.077535
-0.022826
0.001640
0.032645
0.011760
0.019559
0.035637
0.032213
0.017852
-0.095705
-0.094402
-0.025886
0.080723
0.065172
0.012189
-0.003824
-0.045309
0.022819
0.016699
0.041320
-0.033905
-0.053389
-0.030565
-0.022801
0.080813
0.051760
0.034245
-0.030309
-0.018442
-0.042171
-0.070085
0.002024
0.042285
0.091348
-0.013332
-0.038067
-0.076224
-0.035939
0.092744
0.030198
0.004414
0.012457
0.114596
0.000870
-0.115604
-0.104432
-0.090453
0.037337
0.065763
0.140912
0.114631
0.011502
-0.109931
-0.174699
-0.083640
0.053203
0.131173
0.067386
-0.029805
-0.076625
0.006818
0.007173
0.024503
0.018040
0.024896
-0.040930
-0.086098
0.014085
-0.012866
0.087352
0.032671
0.026449
-0.049322
-0.055394
-0.018983
-0.012122
0.065970
-0.042340
0.032554
-0.034541
0.039157
-0.005522
-0.019567
-0.025093
-0.042056
0.118986
-0.011269
0.010962
-0.097018
-0.016728
-0.009461
0.018336
0.111922
-0.022120
0.025126
-0.142625
-0.039137
0.049041
0.147177
0.030552
-0.169984
-0.054877
-0.023153
0.093560
-0.001391
0.018871
-0.033410
0.036086
0.049020
-0.101521
-0.049855
0.001439
0.092344
-0.036401
-0.046580
-0.042388
0.063745
0.069104
-0.035506
-0.017353
-0.047194
0.021769
-0.033105
-0.010990
0.000189
0.003202
0.026923
0.005945
0.020463
-0.026335
-0.066507
-0.012123
0.012714
0.022342
0.028654
0.011867
-0.022426
-0.068868
-0.003617
0.013918
0.028129
0.010474
-0.018900
0.001071
-0.015941
-0.029687
-0.027910
0.040912
0.035884
-0.008607
-0.040064
-0.019368
0.005793
-0.001583
-0.012042
-0.022080
0.008363
0.027683
0.050422
-0.020297
-0.027838
-0.021299
0.001914
-0.002584
0.000669
0.026395
-0.054633
-0.061600
-0.003912
0.059985
0.054432
0.078719
0.010038
-0.073396
-0.107883
-0.022297
0.031253
0.005345
0.023184
0.017150
0.070000
-0.010559
-0.046849
-0.063934
-0.007571
0.028890
0.039291
0.050474
-0.014326
-0.039832
-0.050512
0.022575
0.045111
0.033372
-0.006282
-0.017672
-0.011373
-0.019014
0.003362
-0.013934
0.010237
0.031575
0.047781
0.018935
-0.036105
-0.019130
-0.018911
-0.011230
-0.000180
0.035735
0.029952
0.004755
-0.010918
0.009491
0.017714
-0.014731
-0.027759
-0.041287
0.018821
0.014009
-0.007474
0.042988
0.055362
-0.001518
-0.057767
-0.014273
-0.002041
-0.013396
0.006619
-0.003854
0.014445
0.024040
0.040347
-0.012756
-0.045870
-0.020152
0.006746
0.021344
0.005458
0.003862
-0.023277
0.011457
0.050479
0.029561
-0.025268
-0.031799
-0.007334
-0.012754
0.000298
0.007020
0.015323
-0.027551
-0.019723
0.031643
-0.009990
0.012839
0.002923
0.014174
0.056131
0.041192
-0.031841
-0.025514
0.011978
-0.038277
-0.044377
-0.009241
-0.014290
0.072505
0.123663
0.035735
0.025798
-0.097320
-0.202478
-0.098554
0.129554
0.151341
0.112672
0.063005
-0.104795
-0.142223
-0.048359
0.014186
0.001756
0.051626
0.101197
0.108385
0.013975
-0.132052
-0.164758
-0.055346
0.072610
0.126074
0.061987
-0.036073
-0.040143
0.008481
-0.018218
-0.077917
-0.009466
0.087988
0.091483
-0.055393
-0.074726
-0.024956
0.027964
0.020383
-0.005473
0.046157
0.011200
0.015857
-0.083516
-0.077588
0.044596
0.085349
0.002540
-0.006437
0.036404
-0.025357
-0.054107
-0.057298
-0.042239
0.055043
0.128579
-0.001342
-0.087561
0.031587
0.059482
-0.058807
-0.139444
-0.036258
0.100550
0.095158
0.008346
-0.051554
-0.017163
-0.041366
-0.028125
0.038935
0.043469
-0.008969
-0.038083
0.014501
0.037748
-0.010179
-0.051638
-0.017619
0.040121
-0.014097
-0.017979
0.043597
0.022956
-0.010738
0.000903
-0.020651
-0.085371
-0.030703
0.053370
0.113127
0.091189
-0.042191
-0.075654
-0.068809
-0.024800
0.007246
0.020382
0.024230
0.035644
0.041708
-0.016773
-0.066642
-0.071897
0.018887
0.051154
0.050729
0.009973
-0.001203
0.028644
-0.055295
-0.106286
-0.007370
0.115224
0.056040
-0.046750
-0.036741
0.026050
0.059936
0.044158
-0.062746
-0.135820
-0.048645
0.045122
0.100983
0.031177
-0.011049
-0.015674
0.014433
0.012971
-0.051936
-0.034307
-0.028526
0.015932
0.052148
0.096232
0.027808
-0.052761
-0.070872
-0.075205
0.005074
0.060147
0.072964
0.028794
-0.051009
-0.058604
0.000124
0.026983
-0.004391
-0.046447
-0.005133
0.068924
0.061777
0.014063
-0.038393
-0.066540
-0.054083
0.002373
0.021519
-0.045964
-0.045999
0.038575
0.062871
0.074825
0.127221
0.046424
-0.138359
-0.211959
-0.119522
0.039322
0.123235
0.158835
0.138886
0.029083
-0.094779
-0.211824
-0.240076
-0.095594
0.180199
0.298861
0.191259
0.018567
-0.105644
-0.204148
-0.222828
-0.118004
0.062022
0.237738
0.202710
0.052895
-0.058715
-0.093476
-0.114332
-0.103472
-0.053493
0.011125
0.073514
0.135226
0.104424
0.006508
-0.042043
-0.105695
-0.096260
-0.048635
0.020364
0.014325
0.000955
0.067376
0.117295
0.105073
-0.052967
-0.188282
-0.191895
-0.042891
0.090605
0.142527
0.128640
0.029079
-0.035640
-0.042272
-0.031963
-0.091537
-0.097204
-0.053763
0.034622
0.127835
0.088508
0.078836
0.039239
-0.033497
-0.126352
-0.166931
-0.099896
-0.013335
0.133397
0.141588
0.079899
0.060023
0.029917
-0.077321
-0.197575
-0.200853
-0.075527
0.148223
0.230337
0.129989
0.012657
-0.051688
-0.131888
-0.137639
-0.068761
-0.034286
0.057195
0.111853
0.110841
0.050979
0.013922
-0.037657
-0.128903
-0.144910
-0.076584
0.061483
0.122963
0.083002
-0.012900
0.005348
0.028061
-0.044557
-0.116928
-0.130095
-0.046094
0.084745
0.174412
0.108391
-0.016968
-0.086751
-0.089744
-0.037326
0.012412
-0.009869
-0.048705
-0.008751
0.054126
0.096761
0.091791
-0.009479
-0.111748
-0.131113
-0.071117
-0.012411
0.077673
0.092455
0.035311
0.022935
0.029244
-0.023116
-0.093405
-0.125698
-0.102705
0.067461
0.145700
0.130483
0.025596
-0.099506
-0.106079
-0.011356
0.012793
-0.029415
0.025584
0.042859
-0.015157
-0.005761
0.074415
0.046329
-0.021634
-0.094544
-0.108860
-0.018313
0.047551
0.041914
0.042967
0.093875
0.040444
-0.038789
-0.082178
-0.143777
-0.069153
0.058249
0.121538
0.067632
0.031041
0.037270
-0.049458
-0.072168
-0.047571
-0.014356
-0.019094
0.016850
0.078526
0.099484
0.038756
-0.076343
-0.105810
-0.065027
0.001501
0.005383
0.016284
0.022768
0.063332
0.136556
0.083289
-0.082113
-0.165074
-0.117707
-0.024597
0.063104
0.100086
0.069797
0.084120
0.045817
-0.087246
-0.111181
-0.066417
0.001953
0.047370
0.056230
0.016157
0.012614
0.012986
-0.046166
-0.028804
0.025025
0.052413
0.050244
0.000116
-0.088865
-0.091452
-0.044843
0.051963
0.136187
0.095360
0.026358
-0.029413
-0.023595
-0.071472
-0.122769
-0.064526
0.065448
0.143870
0.088180
0.019168
-0.051064
-0.045945
-0.023919
-0.044628
0.006979
0.086223
0.106761
-0.009957
-0.098163
-0.093407
0.003118
0.063503
0.001130
0.008608
0.019377
0.048629
0.023066
-0.052249
-0.067594
0.003060
0.020587
0.038006
0.064609
0.018533
-0.005523
-0.021633
-0.062316
-0.090557
0.046934
0.083601
0.022861
0.017757
-0.011799
-0.057020
-0.040943
0.012094
0.026829
0.032699
-0.002045
-0.034282
0.010862
0.020156
0.025916
0.006901
-0.027805
-0.024782
0.011031
0.014236
-0.029132
0.054618
0.056364
-0.038386
-0.072842
-0.018611
0.021434
0.047175
0.080475
0.016929
-0.053221
-0.096755
-0.052190
0.018708
0.055751
0.037219
0.066125
0.026956
-0.067923
-0.048385
-0.044578
0.007242
0.007145
0.063264
0.096876
0.032502
-0.073451
-0.117616
-0.024968
0.016768
0.045438
0.083835
0.027582
-0.040681
-0.044242
-0.014063
-0.028558
-0.014177
-0.012141
0.016155
0.075089
0.005493
0.018532
-0.045069
-0.029981
0.031461
0.029320
0.047827
-0.035603
-0.060283
-0.074150
0.004658
0.107448
0.088478
-0.021043
-0.108695
-0.077266
-0.000436
0.079921
0.018541
-0.041835
-0.015812
0.061942
0.099686
0.009161
-0.117658
-0.101639
0.014665
0.065533
0.031861
-0.014419
-0.046884
-0.028156
0.053163
0.048275
-0.008089
0.007331
0.015443
-0.041873
-0.093951
-0.057100
0.046296
0.102477
0.058041
-0.082832
-0.082028
0.016262
0.100435
0.030429
-0.085784
-0.068940
0.003878
0.051684
0.022154
-0.016157
-0.008074
-0.017970
0.012177
0.054177
-0.013132
-0.051607
-0.047113
-0.013556
0.031621
0.082575
0.020387
-0.114965
-0.073469
0.023809
0.106109
0.090306
-0.037857
-0.090377
-0.057658
-0.024257
-0.005207
0.067260
0.034911
0.025754
0.024855
0.007539
-0.085969
-0.122059
-0.009704
0.068609
0.042943
-0.025098
0.017467
0.012614
-0.004337
-0.035512
0.002233
0.023371
0.012193
0.002198
-0.046074
-0.015726
0.017362
0.020699
-0.035074
-0.043567
0.038030
0.075194
-0.011106
-0.070943
-0.012152
0.028974
0.010834
-0.003153
-0.015965
-0.054552
-0.001147
0.040118
-0.013872
-0.021279
0.067477
0.039785
-0.078655
-0.062151
0.040571
0.044806
-0.053367
-0.061158
0.021045
0.053881
0.054807
-0.000566
-0.058146
-0.028090
0.019094
0.044699
-0.008933
-0.064062
-0.025065
0.032984
0.058805
0.019108
-0.042373
-0.042775
-0.006426
-0.001982
-0.029912
0.005522
0.052611
0.012919
-0.084300
-0.029648
0.057951
0.062688
-0.015115
-0.061722
0.003710
0.001744
0.005690
-0.016170
0.000439
-0.007231
0.050325
0.063959
-0.042673
-0.080324
-0.075553
0.038714
0.014712
0.001475
-0.000126
0.022740
0.024583
-0.003870
-0.014025
-0.068101
0.017482
0.067005
0.017229
-0.058568
-0.028451
-0.010543
-0.002004
-0.007241
0.009613
0.034027
0.018098
-0.005737
-0.051272
-0.019852
-0.024211
0.009726
0.025424
0.037859
0.049247
0.009242
-0.005120
-0.045718
-0.032152
-0.087200
-0.061334
0.045047
0.098320
0.056150
0.026785
0.014899
-0.050224
-0.085472
-0.067412
0.008936
-0.024856
0.076120
0.071376
0.040072
0.001843
-0.028240
-0.041201
-0.083339
-0.013682
0.001950
0.057599
0.009686
0.025339
0.047631
0.017782
-0.058212
-0.082995
-0.020334
-0.014409
0.030939
0.035239
0.051128
0.003840
-0.004820
-0.012275
-0.041087
-0.041265
-0.023069
0.023508
0.000385
0.033532
0.034602
-0.002560
-0.032556
-0.018918
0.016335
0.013696
0.020099
0.017550
-0.004016
-0.022777
-0.064254
-0.001248
0.068918
0.040360
-0.003950
-0.039157
-0.018222
-0.009813
0.004859
0.010165
-0.012661
0.003182
0.050397
0.016194
-0.078584
-0.059640
0.054545
0.055712
0.032726
-0.013434
-0.071423
-0.025463
0.043842
0.039919
-0.019042
0.006021
0.046970
-0.012850
-0.053686
-0.021534
0.013168
0.050531
0.005424
-0.015245
-0.010416
-0.013339
-0.015107
0.001378
0.076423
0.037601
-0.014657
-0.060046
-0.028702
-0.002459
0.021000
0.030209
-0.017317
0.006842
-0.000477
-0.003983
-0.014544
-0.015548
0.030101
0.007108
-0.041255
0.050760
0.069214
0.011970
-0.055742
-0.012209
0.034343
0.025761
-0.034224
-0.123313
-0.023179
0.040868
0.083145
0.074572
0.024314
-0.048562
-0.044139
0.016700
-0.003861
-0.036783
-0.013451
0.045746
-0.001226
-0.006044
0.001122
0.010772
-0.008780
-0.009331
0.047419
0.030296
-0.028548
-0.062291
0.023471
0.069307
0.002224
-0.066660
-0.041052
0.027317
0.058569
0.037981
-0.059143
-0.072541
0.011624
0.099160
0.054064
-0.052255
-0.078596
-0.050353
0.058674
0.043638
0.029668
-0.007715
-0.027311
-0.058615
0.007193
0.079079
-0.014843
-0.014725
-0.003323
0.041616
-0.009291
-0.035495
-0.040585
0.014062
0.069524
0.019150
-0.028002
-0.043114
0.008632
0.033767
0.042296
-0.050801
-0.089712
-0.005848
0.077904
0.052154
-0.012403
-0.009141
-0.009675
-0.030188
-0.036770
0.027816
0.011017
-0.010352
-0.011847
0.005001
0.033499
0.013824
-0.004531
-0.050316
-0.000186
-0.029459
0.022379
0.079394
0.001985
-0.057299
-0.053384
0.065735
-0.001252
0.018180
0.021770
0.003606
-0.054958
-0.087353
0.008707
0.073425
0.100201
-0.040746
-0.078821
-0.013249
0.057002
0.008667
0.018963
-0.004091
-0.070052
-0.051032
0.010795
0.034094
0.035881
0.034398
-0.014285
-0.009296
-0.043420
-0.035361
-0.007338
0.058200
0.029218
-0.002385
-0.015416
-0.026647
-0.036719
-0.037017
0.028574
0.052432
0.073977
-0.006322
-0.076070
-0.066895
0.008917
0.024994
-0.013955
0.012832
0.020009
0.014037
0.003736
0.009984
-0.005055
-0.037672
-0.025406
0.005320
0.006755
0.010887
-0.017278
-0.002491
0.022446
-0.003227
-0.006038
-0.017236
0.016655
-0.001059
-0.024683
-0.035950
0.019270
0.054798
0.000038
-0.013513
0.002815
0.004119
-0.072984
-0.027236
0.018147
0.037648
0.030739
0.028622
0.009947
-0.030760
-0.028775
-0.030735
-0.002783
-0.026725
-0.040435
0.010910
0.117008
0.041028
-0.036323
-0.070466
0.002908
0.012657
-0.013371
-0.000153
0.011625
-0.042846
-0.034647
0.087117
0.034419
0.065192
-0.000482
-0.066879
-0.090826
-0.009782
-0.043013
-0.030609
0.059081
0.094560
0.072356
-0.019860
-0.010541
-0.023955
-0.014610
-0.066951
-0.027026
-0.007159
0.042426
0.011635
0.016808
-0.010413
-0.023688
0.013245
0.000890
0.033503
-0.102611
-0.017816
0.075859
0.029856
-0.020881
-0.006012
0.026141
0.009782
-0.041381
-0.069142
-0.025649
0.049171
0.047571
-0.016688
0.014321
0.034676
0.001151
-0.067394
-0.076502
0.002810
0.094415
0.024563
-0.018073
-0.032448
0.013414
0.007750
-0.027888
0.004185
0.038993
0.045275
-0.092962
-0.079362
0.014981
0.080104
0.031743
-0.033898
-0.011243
-0.001287
0.033423
-0.057484
-0.035007
0.036229
0.031638
0.030794
-0.020405
-0.021154
-0.047947
-0.001897
-0.038158
0.015028
0.049721
0.025969
-0.051059
-0.036298
0.022062
0.001328
0.044930
-0.018623
0.123011
-0.053996
0.012459
-0.105366
-0.033865
0.010521
-0.059105
0.141624
-0.134505
0.257462
-0.074561
-0.090591
-0.017644
0.022706
0.087257
-0.073180
0.103420
-0.138184
-0.008850
-0.108140
0.012440
0.051980
0.151777
0.085003
-0.044559
-0.062068
-0.169684
-0.011971
0.035726
0.098526
0.021315
0.054184
-0.035727
-0.089122
-0.076031
0.065441
0.065192
-0.002562
-0.058617
0.001666
0.076963
-0.012202
-0.005215
-0.083754
0.023611
0.029529
0.052020
-0.078754
-0.051550
0.012685
0.032567
0.074306
0.021925
0.011489
-0.101187
-0.089619
-0.050398
0.093701
0.162629
0.012170
-0.145626
-0.052860
0.047603
0.049922
0.004027
-0.025718
0.011985
0.027617
-0.009701
-0.042107
-0.155102
-0.052542
0.070780
0.059773
0.238285
0.121693
-0.088297
-0.259541
-0.088691
0.047011
-0.003071
-0.032007
0.007078
0.185089
0.141046
-0.010290
-0.180348
-0.077603
-0.007724
0.023010
0.015129
0.050102
0.037584
-0.038652
-0.113897
-0.077963
0.073493
0.134462
0.082004
-0.033963
-0.044197
-0.040224
-0.013050
-0.044965
-0.059430
-0.169818
0.157479
0.093428
0.029036
0.116270
0.112873
-0.070570
-0.196483
0.100514
-0.089811
-0.068291
-0.155869
0.077632
0.171178
0.149119
0.024080
-0.085013
0.041561
-0.142424
-0.075289
-0.043158
0.072316
-0.008267
0.082859
0.100480
-0.003135
-0.099268
-0.090735
0.059717
-0.016333
-0.026328
0.001343
0.084724
-0.012671
-0.019240
-0.000275
0.031429
0.018707
-0.045897
-0.072513
-0.136032
0.155729
0.148302
0.009151
-0.092255
-0.074224
0.073658
0.024316
0.026182
-0.190399
-0.050693
0.060809
0.093417
-0.018131
0.068311
0.111628
-0.083988
-0.031001
-0.078610
0.026046
-0.003171
0.047409
-0.123420
-0.008630
0.101452
0.076493
0.124514
-0.124891
-0.129583
-0.052004
0.135275
-0.004214
-0.051534
0.042113
0.017679
0.038468
-0.104270
-0.066697
-0.042251
0.241121
0.065163
-0.173116
-0.026266
0.053315
0.133040
-0.139078
-0.042125
-0.097317
0.069326
0.069193
0.057228
0.058550
0.047726
-0.038740
-0.252245
-0.021915
-0.142803
0.263195
0.235379
0.100114
-0.122338
-0.149194
-0.143511
-0.145048
0.076455
-0.060308
0.310421
0.222398
0.009469
-0.266031
-0.118298
-0.040900
-0.127358
0.081535
0.181162
0.291902
0.005856
-0.311376
-0.328395
0.020792
0.208632
0.211489
0.111801
0.002786
-0.106753
-0.157739
-0.171484
-0.093724
0.063029
0.195220
0.197086
-0.006132
-0.099363
-0.059847
0.003011
-0.084959
-0.072069
0.041617
0.090464
-0.027670
-0.007145
-0.042151
0.007777
0.128978
0.050709
-0.070136
-0.176972
0.103779
0.090974
-0.028691
-0.028216
-0.104360
-0.080671
-0.072686
0.066661
0.098498
0.110324
0.101166
0.011457
-0.149331
-0.155197
0.000688
0.069188
0.086120
0.052521
0.012898
-0.162201
-0.144166
0.102386
0.123330
0.004381
0.115632
-0.169159
-0.054931
-0.010518
-0.070649
0.100391
0.157246
0.174021
-0.181039
-0.058171
-0.089171
-0.139868
-0.107331
0.042395
0.073904
0.359935
0.113347
-0.301162
-0.060776
0.021078
0.134341
-0.123216
-0.022253
-0.129655
-0.018709
0.105094
0.155690
0.287327
-0.131350
-0.353942
-0.253730
0.248318
0.086612
-0.106456
0.105048
0.178729
0.144401
-0.126608
-0.175108
-0.250130
0.052110
0.256890
0.060681
-0.038608
-0.044870
0.007817
0.019014
-0.001627
-0.332933
-0.074746
0.052807
0.409780
0.171784
-0.122108
0.158152
-0.106250
0.067694
-0.317277
-0.307425
-0.225237
0.122109
0.530474
0.407841
-0.028976
-0.315739
-0.175419
-0.059297
0.071952
-0.092810
0.002735
-0.022948
0.143675
0.169377
-0.007563
-0.110411
-0.104873
0.058680
0.058745
0.044407
-0.190812
-0.118998
0.098388
0.055182
0.131940
0.009014
0.008720
0.103362
-0.074650
-0.099859
-0.257696
-0.021287
0.099142
0.128177
0.110419
0.077178
0.233267
-0.006339
-0.217936
-0.350889
-0.059829
-0.071134
0.155322
-0.068483
0.206803
0.404508
0.042380
0.015739
-0.368908
-0.159254
-0.178905
0.171381
0.072710
0.015240
0.108073
-0.034932
0.087984
-0.061474
0.003730
-0.089537
0.119301
-0.050667
-0.128966
0.062566
0.102864
0.065215
-0.107541
0.013707
-0.021442
-0.054995
-0.057873
0.050363
-0.089556
0.012453
0.159948
0.275598
-0.005292
-0.253524
-0.229897
-0.265973
0.180473
0.253452
0.250029
0.026636
-0.070488
-0.086265
-0.071925
-0.042834
-0.142388
-0.039264
-0.060216
0.096527
0.074724
0.142941
0.078259
0.134688
-0.040624
-0.118339
-0.026789
-0.371008
-0.156816
0.190282
0.447626
0.126745
-0.022165
-0.192794
-0.266069
-0.182615
-0.020368
0.260226
0.319200
0.132183
-0.213468
-0.165343
-0.171872
-0.036059
-0.002925
0.189183
0.224684
0.099750
-0.217223
-0.285411
-0.044022
0.102020
0.104614
0.102403
-0.032874
-0.251731
0.121743
0.073687
0.110288
0.004322
-0.112393
-0.087718
0.010484
0.261875
-0.124941
-0.216445
-0.119683
0.099153
0.141927
0.119614
-0.065992
-0.247847
0.044499
0.152442
0.435695
-0.158416
-0.351384
-0.253177
0.011954
0.289759
0.053079
0.177485
-0.160724
-0.125879
-0.176979
0.028605
0.156053
0.169283
0.145922
-0.292128
-0.130803
-0.042646
0.080792
-0.098021
0.299564
0.347045
-0.086528
-0.383065
-0.407656
-0.069748
-0.002540
0.464718
0.266159
0.339895
-0.016378
-0.313924
-0.552368
-0.478955
0.130837
0.317295
0.389861
0.191960
0.184856
-0.324648
-0.218797
-0.154292
0.200671
0.070581
-0.252788
0.112281
0.115845
0.184387
-0.168569
-0.026983
-0.078361
-0.043122
-0.062101
0.025706
0.181270
-0.110512
-0.080212
-0.056535
0.197214
0.095331
-0.075945
-0.243000
0.026882
0.309695
0.143111
0.122697
-0.267229
-0.167910
0.018994
0.126618
0.096069
0.086242
0.149421
-0.054058
-0.060591
-0.204433
-0.171975
-0.048284
0.233634
0.195870
0.059952
-0.032906
-0.142492
-0.086101
-0.086073
-0.007473
-0.026344
0.150129
0.128829
0.038073
-0.093390
-0.130049
-0.078654
-0.031061
0.078512
-0.047406
0.037291
0.068436
0.142680
0.088105
-0.128597
-0.066877
0.045786
0.121975
-0.155065
-0.262292
-0.052452
0.103635
0.253916
0.281751
0.071329
-0.258749
-0.341007
-0.202943
0.051463
0.269781
0.096933
-0.018909
0.050784
0.082164
0.045205
-0.190386
-0.183045
-0.064521
0.150230
0.204444
0.029613
-0.090711
-0.152997
-0.049454
0.061648
0.158391
0.064536
-0.097719
-0.137275
-0.032370
0.087943
0.029831
-0.020132
0.017761
0.059997
0.029154
-0.029219
-0.118077
-0.115738
0.017316
0.149568
0.122151
-0.010873
-0.189012
-0.137921
0.158834
0.212279
-0.013105
-0.186697
-0.023873
0.128301
0.149812
-0.085630
-0.163829
-0.045044
0.025452
0.078657
-0.016008
0.052462
0.064120
-0.037186
-0.122349
0.039670
0.046071
-0.050468
0.031477
0.042622
0.044640
-0.015655
-0.044010
-0.113798
0.004803
0.071006
0.046844
0.020802
0.006133
-0.002701
-0.024823
-0.031308
-0.097104
0.021687
0.104726
0.078018
-0.084178
-0.100397
0.002886
0.048109
0.050435
-0.024207
-0.008843
-0.069361
-0.046986
-0.016118
0.007748
0.180962
0.231412
0.031671
-0.237927
-0.187875
-0.029071
-0.012406
0.074432
-0.019889
-0.013109
0.108353
0.118553
0.153825
-0.148381
-0.202599
-0.124258
0.051991
0.207002
0.100061
-0.104835
-0.230343
0.046408
0.146686
0.151840
-0.061731
-0.143482
-0.052555
0.109073
0.091477
-0.107145
-0.133524
-0.018708
0.143116
0.131708
-0.033810
-0.184937
-0.043628
-0.034448
0.127856
0.030086
0.011125
-0.000962
0.069453
0.137829
-0.033907
-0.065592
-0.193114
-0.008193
-0.001101
0.054844
0.012768
0.117469
0.135403
-0.019939
-0.054045
-0.212450
-0.114551
-0.091257
0.186530
0.032273
0.022296
0.091483
-0.046915
0.104878
-0.028492
0.086701
-0.027262
0.012191
-0.082159
-0.131260
-0.131610
-0.119577
0.099096
0.267401
0.322068
0.027964
-0.207394
-0.210694
-0.174937
-0.168755
0.156162
0.045520
0.290524
0.098665
-0.108636
0.010515
0.009867
0.037485
-0.186108
0.112469
-0.024040
-0.138836
-0.178165
0.032740
0.233753
0.149922
-0.000572
0.008135
0.017822
-0.030054
-0.115532
-0.023201
-0.106851
-0.118806
0.214434
-0.031769
0.042374
0.019241
0.258371
0.157997
-0.122476
-0.275110
-0.286914
-0.150823
0.006743
0.173417
0.340034
0.310331
-0.257266
-0.185472
-0.005230
0.090089
0.008868
-0.005230
0.110202
-0.172106
-0.183510
-0.012916
-0.056232
0.136222
0.369207
0.346761
-0.003990
-0.366187
-0.515114
-0.378321
0.105432
0.316272
0.489427
0.303711
-0.081466
-0.254657
-0.225041
-0.166723
-0.166739
0.113418
0.239257
0.164561
-0.021175
-0.129172
-0.096681
-0.069079
0.061134
0.165832
0.060905
-0.096273
-0.182614
-0.000071
0.103356
0.074853
0.026883
-0.098737
-0.131416
0.015287
0.145412
0.088006
-0.015860
-0.058091
0.051778
0.005018
-0.176872
-0.140416
-0.011807
0.180856
0.119970
0.064818
0.051613
-0.159082
-0.154263
-0.029702
0.141469
0.030107
0.030273
-0.063362
-0.031621
-0.004814
-0.067150
0.075054
0.023836
0.062069
-0.108602
0.008797
-0.117921
0.017188
0.137591
0.075299
0.086137
-0.095088
0.071717
-0.132255
-0.036467
0.029682
0.067399
-0.013248
0.007981
0.063622
0.017057
-0.023703
-0.184593
0.057490
0.024735
0.038959
-0.008958
-0.027228
-0.047329
0.019224
0.170603
0.123010
-0.081869
-0.258688
-0.181118
-0.015243
0.095210
0.114833
0.189264
0.091215
-0.028887
-0.157032
-0.128605
-0.104924
-0.000581
0.074934
0.065391
0.064814
-0.004774
-0.020469
-0.050789
-0.043272
0.039363
0.083897
-0.044895
-0.068161
-0.096814
-0.009176
0.038446
0.053135
0.123488
0.016790
-0.056873
-0.153512
-0.042767
0.017081
0.056255
0.082284
0.067249
0.010179
-0.164172
-0.038321
-0.028250
0.053894
0.095494
0.056210
0.018445
-0.092340
-0.061868
-0.065416
-0.034040
0.022451
0.078348
0.091435
0.034238
-0.066202
-0.091447
0.020779
0.076529
0.057712
-0.080077
-0.143864
-0.040994
0.013830
0.103430
0.070649
0.087281
0.062051
-0.093411
-0.162125
-0.089737
0.057343
0.046865
0.073808
0.013593
-0.001498
0.000123
0.040129
0.063243
-0.101291
-0.113475
-0.116282
0.057991
0.142960
0.102955
0.015348
-0.068390
-0.088497
-0.074364
-0.027096
0.037223
0.033441
-0.020528
0.083185
0.053166
0.011776
-0.074919
-0.087928
-0.019683
0.067977
0.093744
-0.007247
-0.036478
0.009913
-0.019456
-0.043616
-0.038998
-0.041303
0.121973
0.091195
-0.018730
-0.023611
-0.050919
-0.038007
-0.034706
0.000829
0.050307
0.005300
-0.009000
-0.048114
0.031976
0.024543
-0.076410
-0.011399
0.040614
0.154556
0.004962
-0.073488
-0.097568
-0.018468
0.078505
0.008282
0.065162
-0.057623
0.007402
-0.016266
-0.039784
-0.044089
0.002255
0.086438
0.015863
-0.021337
-0.095657
0.014186
0.006614
0.069392
0.039291
0.012605
0.005083
-0.096774
-0.056933
-0.006933
0.086360
0.083170
0.064055
-0.044563
-0.056125
-0.042909
-0.065765
0.056221
0.057027
0.108075
-0.001425
-0.119041
-0.151694
-0.029337
0.168323
0.152473
0.105651
-0.091737
-0.113732
-0.142750
-0.039716
0.041199
0.113663
0.115716
0.006943
0.017379
-0.167770
-0.109584
-0.088854
0.079371
0.158818
0.193282
0.072906
-0.176656
-0.189649
-0.177821
0.096058
0.182167
0.207129
-0.010157
-0.180119
-0.180175
-0.040180
0.102680
0.092983
0.086659
0.012403
0.026035
-0.124022
-0.132956
-0.141909
0.061099
0.194169
0.213201
0.048841
-0.202059
-0.150966
-0.111820
0.090174
0.115396
0.079244
-0.026264
-0.004420
-0.008471
-0.041527
-0.056373
-0.024589
0.050720
0.048011
0.078765
0.008440
-0.035922
-0.072795
-0.077914
-0.007711
0.108645
0.082119
0.041425
-0.049383
-0.087867
-0.045459
0.010392
0.101161
0.003046
-0.017517
-0.066257
-0.002180
0.087840
0.030351
0.001974
-0.100332
-0.027900
0.023396
0.081060
0.038388
-0.055746
0.022344
0.035290
-0.039393
-0.068717
-0.017357
0.030874
0.094883
0.016828
-0.039363
-0.050012
-0.016633
0.009171
0.037857
0.017416
-0.046078
0.031764
0.082328
0.027869
-0.116323
-0.065069
-0.043314
0.111029
0.072827
-0.006597
-0.044465
-0.060811
0.024411
-0.055779
0.066255
-0.004545
0.098974
0.042696
-0.021036
-0.099671
-0.150823
0.011518
0.073640
0.133905
0.003754
-0.000640
-0.051617
0.029996
-0.025692
-0.093538
-0.021486
-0.020275
0.101719
0.037711
0.011247
-0.048233
-0.033467
0.064117
-0.029916
-0.005657
-0.070069
-0.012643
0.072427
0.016125
-0.023379
-0.074416
0.021486
-0.005564
0.019257
0.007591
-0.005792
0.022397
-0.032110
-0.054619
-0.030851
-0.003825
-0.009732
0.072204
0.088979
0.037437
-0.074479
-0.084585
-0.062773
0.011611
0.044140
0.031326
0.032092
0.038792
0.010068
-0.053201
-0.033446
-0.034863
0.024853
0.048791
0.043079
-0.011998
-0.011119
-0.015671
-0.003574
0.002313
-0.006644
0.017960
0.015075
0.014890
-0.007423
-0.039330
-0.031379
0.034927
0.064684
0.033222
-0.032292
-0.047264
-0.006982
0.050434
0.036735
-0.031253
-0.087383
-0.022445
0.044390
0.067678
0.001652
-0.076348
-0.042940
0.031085
0.100188
0.009088
-0.069067
-0.084811
-0.012645
0.059863
0.078088
0.009132
-0.062321
-0.046715
-0.006307
0.060104
0.050485
0.002485
-0.080469
-0.055916
-0.013763
0.058553
0.058661
0.009224
-0.010383
-0.037794
-0.011800
-0.023004
0.007163
0.003957
-0.006057
-0.023133
0.019775
0.023515
0.003082
-0.009950
-0.000148
0.006683
-0.043251
-0.035577
-0.005552
0.065754
0.016154
-0.039878
-0.087646
-0.031481
0.044598
0.062820
0.054707
-0.031534
-0.080560
-0.092705
0.016800
0.072816
0.066967
-0.019593
-0.067738
-0.021739
0.008119
0.048466
0.010569
-0.013850
-0.046003
-0.051931
-0.003965
0.041941
0.081751
0.024676
-0.050952
-0.065799
-0.014825
0.032716
0.036492
0.011033
-0.014467
-0.035203
-0.033569
0.007741
0.058766
0.040230
-0.025984
-0.053453
-0.036276
0.021017
0.040601
0.026281
0.000323
-0.031927
-0.036421
-0.009933
0.015576
0.015700
-0.013236
-0.014020
-0.002168
-0.001271
-0.003623
0.008945
0.022511
0.016955
-0.011101
-0.039452
-0.014258
-0.023194
0.001734
0.028930
0.044440
0.035306
-0.026485
-0.047485
-0.034946
0.019930
0.028800
0.018136
0.004973
0.001100
-0.018295
-0.019774
0.001786
-0.005396
-0.009639
0.002731
0.019651
0.018006
-0.009173
-0.028922
-0.014167
0.014563
0.023493
0.013554
-0.011550
-0.051696
-0.053749
-0.009703
0.039944
0.060270
0.039550
-0.005279
-0.046956
-0.083533
-0.049198
0.018034
0.067411
0.045134
-0.008930
-0.033225
-0.062249
-0.041306
0.016805
0.062074
0.053118
-0.018574
-0.090904
-0.060488
0.016881
0.075845
0.053171
-0.017385
-0.054969
-0.061419
-0.014688
0.029008
0.075185
0.049799
-0.010420
-0.059538
-0.076878
-0.028698
0.025673
0.068747
0.053154
0.021555
-0.025004
-0.065068
-0.049226
-0.024817
0.040333
0.069638
0.056529
0.001688
-0.048735
-0.058731
-0.037108
0.030325
0.053270
0.036785
-0.001304
-0.021547
-0.011407
-0.007132
-0.025318
-0.002924
-0.002954
0.006768
0.028604
0.036280
0.018709
-0.027658
-0.036637
-0.034803
0.007954
0.032086
0.036719
0.014944
-0.015073
-0.039581
-0.029210
0.010262
0.050820
0.047892
0.006813
-0.032538
-0.071089
-0.036328
-0.008569
0.045689
0.073216
0.051714
-0.010939
-0.089538
-0.074988
-0.018002
0.052770
0.073387
0.045724
-0.009873
-0.053138
-0.069821
-0.037308
0.018696
0.022938
0.033976
0.027438
0.009881
-0.019958
-0.013638
-0.001162
-0.010824
-0.018778
-0.024709
-0.004873
0.004700
0.035128
0.047846
0.034072
-0.020146
-0.080848
-0.093742
-0.017751
0.063190
0.110803
0.085211
-0.017185
-0.092270
-0.104952
-0.047326
0.013441
0.096208
0.100278
0.029911
-0.046408
-0.096744
-0.053186
-0.006165
0.053427
0.075328
0.042682
-0.011741
-0.085499
-0.060320
0.007292
0.078689
0.087163
0.024165
-0.040097
-0.098480
-0.089279
-0.009084
0.081558
0.115208
0.072828
-0.030479
-0.118769
-0.106923
-0.025702
0.076280
0.117594
0.089609
0.021280
-0.084922
-0.127385
-0.075585
0.037957
0.116108
0.120139
0.030224
-0.060782
-0.122636
-0.096460
0.017413
0.092514
0.115145
0.041394
-0.026881
-0.064580
-0.076907
-0.038341
0.032876
0.080819
0.074145
0.016343
-0.048233
-0.065222
-0.065618
-0.006947
0.046699
0.042872
0.040120
0.005816
-0.021357
-0.044159
-0.024044
0.000629
0.009082
0.023167
0.017200
0.000610
-0.021669
-0.002350
0.014884
0.018181
-0.019199
-0.034403
-0.009093
0.015160
0.018720
-0.005165
-0.007678
0.005861
0.017485
0.000391
-0.006911
-0.016834
-0.021149
-0.008998
0.011513
0.028606
0.023983
0.003963
-0.020271
-0.014075
-0.003470
