0.040704
-0.002089
0.012894
-0.029006
-0.031420
-0.001188
-0.005204
0.019505
-0.025338
0.037744
0.028955
0.018741
-0.015240
-0.032648
-0.029331
-0.023624
0.013248
0.030393
0.034544
0.009965
0.009213
-0.006002
-0.002153
-0.049315
-0.047546
-0.006417
0.035847
0.060617
0.028705
-0.018550
-0.032543
-0.039422
-0.023816
-0.029478
0.009721
0.094281
0.039693
0.087316
0.020780
-0.089121
-0.115891
-0.096541
0.006699
0.055953
0.086672
0.068396
0.058850
-0.003224
-0.090694
-0.125242
-0.053757
0.012765
0.074717
0.089337
0.020730
-0.031070
-0.084974
-0.038197
0.003360
0.046246
0.037721
0.019306
-0.024832
-0.075353
-0.040218
-0.009018
0.058192
0.043482
0.038521
-0.010114
-0.031774
-0.069053
-0.077850
-0.009838
0.026994
0.066216
0.010653
0.018300
-0.049144
-0.055138
0.000958
0.024487
0.059375
0.046487
0.023403
-0.053721
-0.073785
-0.046846
-0.003868
0.030046
0.025255
0.014388
0.024238
0.019606
-0.028425
-0.058330
-0.016045
-0.003113
-0.001573
-0.012449
0.004309
-0.004060
0.000920
0.015703
-0.008870
0.006955
0.015906
0.032475
0.002930
-0.032500
-0.084998
-0.055865
0.035884
0.081587
0.050893
-0.009627
-0.048612
-0.058390
-0.055851
-0.020664
0.009161
0.022305
0.087448
0.058732
0.004465
-0.016716
-0.034773
-0.061650
-0.009029
0.047010
0.002230
-0.036190
-0.022454
0.025455
0.029947
0.016135
-0.024828
-0.028315
0.043326
-0.015542
-0.034630
0.009314
-0.038116
0.036281
0.042231
0.032344
-0.043597
-0.014274
-0.015432
-0.020464
-0.011821
-0.025826
-0.007520
-0.040141
0.066174
-0.064706
0.092034
0.032761
-0.025417
0.066475
-0.012485
-0.028077
-0.115786
-0.002435
-0.024209
-0.012280
0.037360
0.042042
0.105665
0.024691
-0.096473
-0.076478
-0.055288
0.009734
0.025963
0.081295
-0.031383
0.029737
0.046414
-0.075121
-0.014348
-0.027787
0.040785
-0.002000
0.054190
-0.051984
-0.053733
-0.024197
0.018385
0.062174
0.039735
-0.037259
-0.079277
0.042548
0.003837
-0.066238
0.003744
-0.025941
0.021105
0.052442
-0.049854
0.063794
-0.022250
0.118727
-0.020766
-0.011522
-0.040599
-0.140414
-0.005197
-0.116658
0.151661
0.038785
0.094356
0.038043
-0.139674
-0.027038
-0.022650
0.070753
-0.033397
0.045191
0.016315
-0.038083
-0.050015
-0.058928
0.056189
0.079680
0.072449
-0.044386
-0.045028
-0.066707
-0.031030
0.038429
0.022063
0.002148
0.029513
0.052841
-0.068604
-0.043576
-0.081965
0.012289
0.088371
0.019847
-0.009432
-0.053036
0.029760
-0.023344
-0.007947
0.079561
-0.110606
-0.071916
0.054878
0.026629
0.024025
0.058050
0.081594
-0.034359
-0.047248
-0.135586
-0.132586
-0.010415
0.032416
0.094343
0.199978
0.073951
-0.114230
-0.061880
-0.035387
-0.143806
-0.003874
0.116414
0.050307
-0.053441
0.010068
0.065372
0.010388
-0.057203
-0.109846
-0.011436
-0.035061
0.025554
0.045164
0.067481
0.004629
0.131146
-0.032698
-0.076881
-0.091976
-0.065377
0.036043
-0.075658
0.097895
0.106718
0.220072
-0.082288
-0.152430
-0.043238
-0.038044
-0.081893
-0.047807
0.162540
0.154806
0.075992
-0.128225
-0.126478
-0.069417
0.072297
-0.007683
0.021044
0.041823
0.006312
0.048161
0.001379
-0.057599
-0.053811
0.076157
0.051440
-0.005109
-0.008671
0.041671
-0.032023
-0.035628
-0.086359
0.039645
0.002304
-0.024725
0.086441
-0.020603
0.037583
-0.022499
0.049091
0.002468
-0.028822
0.071205
-0.073864
0.014148
-0.016812
-0.053053
-0.014817
0.010290
0.091827
0.073343
0.065550
-0.103332
-0.033621
-0.019370
-0.024698
0.013560
0.014514
0.017486
-0.006178
0.066420
0.005690
-0.029718
-0.115867
-0.039489
-0.005899
0.062118
0.089490
0.035065
0.113695
-0.031383
-0.085278
-0.050310
0.021231
-0.093939
-0.108249
0.037961
0.038800
0.193060
0.068496
-0.087219
-0.063939
-0.006813
-0.007052
-0.088356
0.037970
0.034481
0.090177
0.072662
-0.058480
-0.113409
-0.095424
0.072463
0.021345
0.072990
-0.022821
-0.002987
-0.038619
0.031675
0.005655
-0.027891
0.069077
-0.094353
0.074140
-0.074406
0.046533
-0.055916
-0.017738
0.081362
0.080815
0.134124
-0.147044
-0.054519
-0.115190
0.028006
-0.084308
0.069678
0.039328
0.012694
0.091258
-0.134936
0.067518
0.004399
0.256608
0.022676
-0.123013
-0.168569
-0.117418
0.066760
-0.057061
0.047714
0.106685
0.245315
-0.020047
-0.143194
-0.088860
-0.170877
0.014281
0.012445
0.102130
0.157340
-0.036779
0.094212
0.005774
0.030296
-0.055190
-0.068322
-0.074511
-0.153370
0.009165
0.200500
0.129629
-0.032615
-0.187823
-0.087743
0.238519
-0.059802
-0.087643
-0.002476
0.238760
-0.047463
-0.214753
0.115984
0.109376
-0.023281
-0.110353
-0.019687
-0.087701
-0.086968
-0.052324
0.079628
0.375586
0.396893
-0.115022
-0.336978
-0.332090
-0.191269
-0.112275
0.166617
0.435415
0.397115
0.125878
-0.457833
-0.511501
-0.156912
0.260856
0.193222
0.191933
0.071334
-0.019802
-0.112489
-0.194022
-0.103162
0.000406
0.057599
0.062521
0.115481
0.070922
-0.081138
-0.119163
0.125265
0.132476
0.152876
-0.058857
-0.188929
-0.358887
-0.226743
0.043019
0.503685
0.429667
-0.065714
-0.280478
-0.366923
-0.209700
0.007365
0.401682
0.185591
0.058327
-0.069934
-0.108983
-0.140102
-0.025569
0.133157
0.112583
0.038826
-0.166725
-0.234894
-0.039281
0.113584
0.087648
0.255226
-0.056308
-0.072684
0.057588
0.009937
-0.089659
-0.109559
0.075452
-0.090647
-0.207868
-0.029047
0.122246
0.359126
0.198211
-0.148190
-0.213327
-0.089655
-0.001751
-0.124737
0.047064
0.158660
0.002969
-0.071549
0.157622
-0.166454
-0.057191
0.091541
-0.017616
0.037575
0.221033
0.161405
-0.208570
-0.207570
-0.178488
-0.081275
-0.016916
0.185985
0.163251
0.175645
-0.191807
-0.050132
-0.070759
0.039082
0.192532
-0.020002
-0.106805
-0.176533
0.092138
-0.032097
-0.117014
-0.133795
0.233011
0.208555
0.028668
-0.088590
0.024086
0.092985
-0.104802
-0.225931
-0.113250
-0.001898
0.082016
0.210910
0.159173
-0.105460
-0.306865
-0.005278
0.129410
0.238813
-0.155228
-0.154596
-0.143100
0.118905
0.158851
0.057054
0.004471
-0.149871
0.003928
0.021119
0.100443
-0.173115
-0.009193
-0.268323
-0.018882
0.176929
0.284607
0.218634
-0.002838
-0.016806
-0.372345
-0.188926
-0.036032
0.176036
0.121055
-0.143304
-0.068389
0.263037
0.196144
-0.106161
-0.141659
-0.111656
-0.094700
0.108181
0.230621
0.109424
-0.199342
-0.264656
-0.232153
0.149905
0.402266
0.081616
-0.107195
-0.227868
-0.098124
0.011394
0.234857
0.282959
0.095472
-0.248903
-0.385686
-0.177114
0.095926
0.085438
0.059657
0.118326
0.242245
0.079352
-0.193046
-0.053141
-0.098944
-0.096669
-0.070087
0.169868
0.198149
-0.079273
-0.249866
-0.067320
0.191420
0.238481
0.042589
-0.061272
-0.193299
-0.265330
-0.181437
0.154646
0.250805
0.178688
0.102543
-0.086762
-0.039229
-0.231215
0.026571
-0.034694
0.066227
0.041608
0.027418
0.146925
-0.082850
-0.187346
-0.262768
0.086179
0.207342
0.143720
-0.024702
-0.057458
-0.121564
-0.073920
0.107745
0.077841
0.142834
0.061282
-0.146466
-0.234656
-0.083073
0.117984
0.142258
0.162999
-0.088929
-0.139935
0.007652
-0.004904
-0.132219
-0.091662
0.233656
0.066849
0.023503
0.159259
0.076940
-0.242400
-0.284951
-0.003428
0.112718
0.094680
0.047670
0.061836
0.015516
-0.034079
-0.106350
-0.012488
0.065931
-0.038202
-0.066328
-0.044166
0.168233
0.169505
0.064624
-0.181810
-0.287222
-0.094521
0.160351
0.158760
-0.282185
0.155344
-0.030196
-0.040420
0.198678
0.319033
0.015733
-0.269680
-0.040805
-0.144354
0.073180
-0.169969
-0.143939
-0.113771
0.464321
0.179074
0.119116
-0.019072
-0.388258
-0.177476
-0.073166
0.332411
-0.015892
0.120931
-0.142690
-0.007281
0.084596
0.065653
-0.070006
-0.168562
0.039031
-0.038592
0.133066
0.000509
-0.020196
-0.133588
-0.057494
-0.128795
0.194540
0.073644
0.028686
0.172702
0.066296
0.147919
-0.090562
-0.163618
-0.353266
-0.143487
0.011068
0.217491
0.178448
0.226353
0.042732
-0.118589
-0.114552
-0.135185
-0.098597
-0.258746
0.231504
0.199581
0.175492
0.015991
0.131389
-0.010500
-0.229420
-0.046346
-0.235004
-0.123156
-0.117385
0.260011
0.149157
0.347059
0.032283
-0.441658
0.021856
0.142458
-0.043316
-0.075550
0.191784
-0.054113
-0.049354
-0.136259
-0.056160
0.135053
0.202459
0.028202
-0.079107
0.066200
-0.122605
-0.207090
-0.114428
0.133489
0.161807
0.153800
-0.065301
-0.099201
0.000552
0.092798
-0.026015
-0.078597
0.084261
0.001789
0.060357
-0.174308
-0.030094
-0.040011
0.106901
0.112340
-0.070216
-0.026973
-0.156065
0.087258
0.150473
0.214079
-0.109985
-0.191926
-0.118791
-0.009855
0.030062
-0.042105
0.089231
0.069359
0.088894
0.105613
-0.072448
-0.281014
-0.096252
0.044882
0.252657
0.099823
0.046624
-0.085636
-0.145943
0.012839
0.087927
0.114319
-0.168703
-0.222958
-0.101140
0.344532
0.251404
0.025675
-0.370782
-0.198335
-0.068068
0.135424
0.399775
-0.072011
0.079251
-0.071611
0.061172
-0.046257
-0.083355
-0.177377
-0.289255
0.092440
0.255146
0.571273
0.057054
-0.393209
-0.377459
-0.091431
0.161301
-0.035055
0.130852
0.121522
0.164717
0.119369
-0.109676
-0.102258
-0.160130
-0.183638
-0.159104
0.115986
0.279552
0.227793
0.123008
-0.131550
-0.267134
-0.120932
0.101382
0.063054
-0.123907
-0.073148
-0.040985
-0.023907
0.050800
0.256512
0.390985
0.088033
-0.114925
-0.385912
-0.315041
-0.082350
0.030124
0.188540
0.152584
0.200945
0.097807
0.014394
-0.005779
-0.312968
-0.244853
0.076662
-0.017376
0.111349
0.359557
0.213848
-0.285166
-0.387675
-0.045226
0.040871
0.143548
0.104805
-0.040654
-0.003068
0.075895
0.028113
0.110425
-0.020255
-0.405898
-0.225145
0.268542
0.345675
0.048441
-0.070488
-0.215097
-0.135536
0.092427
0.107272
0.022638
0.012113
-0.068207
-0.064442
0.028383
0.115752
-0.018237
-0.091642
-0.055282
-0.278538
0.166543
0.125365
0.048552
0.121594
0.168541
0.089743
-0.186828
-0.094104
-0.254937
-0.140655
-0.035128
0.063711
0.161536
0.258741
0.006736
-0.056889
0.077200
-0.264512
-0.272506
0.231185
0.520535
0.017770
-0.271171
-0.316760
-0.226129
-0.034469
0.057463
0.477581
0.373635
0.068245
-0.370795
-0.498108
-0.020222
0.002964
0.281179
0.234633
0.234583
-0.082822
-0.438971
-0.168827
-0.238488
0.179920
0.351440
0.426901
0.044320
-0.335124
-0.366247
-0.257355
0.145927
0.253243
0.272502
0.019699
-0.055939
-0.232593
-0.242176
-0.026427
0.081718
0.209229
0.137662
-0.055428
-0.285380
-0.049815
0.311277
0.268555
0.061163
-0.188958
-0.306286
-0.303330
-0.001034
0.082685
0.176261
0.053704
0.139387
0.131061
0.006150
-0.124291
-0.173741
0.102453
-0.111086
0.158527
-0.053145
-0.099138
-0.218427
0.057263
0.222710
0.028347
0.201368
-0.146209
0.013022
-0.160015
-0.043160
-0.028270
0.107502
0.135960
-0.065807
-0.101070
-0.253000
0.096058
0.059953
0.267742
0.106132
-0.195769
-0.066678
0.042472
0.081409
-0.125808
-0.000532
-0.034785
-0.151943
0.013860
0.206923
0.183326
0.001437
-0.107096
-0.273970
-0.022952
0.177408
0.144640
-0.027231
-0.108077
-0.032100
-0.185341
-0.010829
0.218180
0.271561
0.029120
-0.136103
-0.294046
-0.208233
0.127621
0.251325
0.227487
-0.135844
-0.203762
-0.113072
-0.015425
0.136119
0.095030
0.241133
0.059145
-0.251445
-0.309796
-0.121311
0.119058
0.140150
0.303822
0.137897
-0.070423
-0.257339
-0.364173
-0.198401
0.170687
0.475004
0.234861
-0.090869
-0.298799
-0.187334
-0.088462
0.076605
0.276410
0.164093
0.000882
-0.345077
-0.250283
-0.032060
0.281456
0.436152
0.129632
-0.294687
-0.435769
-0.169338
-0.188797
0.157087
0.568785
0.308271
-0.113091
-0.119580
-0.207323
-0.297119
0.085770
0.248691
0.059617
-0.060817
-0.161601
-0.207669
0.072399
0.202639
0.211165
0.194170
0.084011
-0.337723
-0.446650
-0.107643
0.113305
0.303107
0.202703
0.133693
-0.051392
-0.222239
-0.239615
-0.083446
0.096594
0.200556
0.270810
0.069955
-0.279951
-0.242450
-0.001860
-0.007313
0.155099
0.202373
-0.037779
-0.152562
-0.072585
0.032140
-0.088814
-0.126009
0.405962
0.219009
-0.248436
-0.128337
0.040015
0.017273
-0.187776
0.174395
0.113343
-0.068257
-0.267890
-0.140296
0.193709
0.269617
0.121751
-0.231363
-0.042804
-0.243194
0.127873
0.191925
0.191803
0.099942
-0.168493
-0.188051
-0.282202
0.026940
-0.004809
0.243917
0.201716
0.116614
-0.083316
-0.334698
-0.322667
-0.044689
0.268566
0.392757
0.318310
-0.213311
-0.374294
-0.204262
0.034026
0.110301
0.163703
0.162371
0.062023
-0.180363
-0.189716
-0.272584
-0.019727
0.228612
0.269786
0.041641
0.032536
0.270252
-0.247680
-0.044107
-0.066615
-0.011704
-0.224382
-0.135168
0.146861
0.211571
0.192430
-0.171918
0.007652
-0.055622
0.134031
-0.350390
0.087839
0.305698
-0.148855
0.031306
-0.133539
0.049486
-0.086080
0.267317
0.056197
-0.178542
-0.026862
-0.083018
-0.019381
0.008794
0.009972
0.109799
0.178496
-0.135829
-0.090791
-0.185600
0.093267
0.190365
0.260198
0.075436
-0.310713
-0.230335
-0.139894
0.053267
0.030949
0.233593
0.156040
0.108752
-0.061925
-0.261727
-0.096879
-0.134570
0.074470
0.245681
0.085432
0.013790
-0.013010
-0.035123
-0.020250
-0.104559
-0.008263
-0.111646
-0.112201
0.087951
0.094155
0.175251
0.117789
-0.016730
-0.119381
-0.043456
-0.129673
-0.142587
0.039958
0.223020
0.101488
-0.028167
-0.090630
-0.112177
-0.039606
-0.085929
0.166557
0.117015
0.185817
-0.137970
-0.143835
-0.158134
0.022563
0.180043
0.123774
0.074208
-0.264448
0.074091
-0.291763
0.061223
0.168008
0.173797
0.127569
0.087948
-0.006584
-0.468785
-0.280343
-0.121569
0.263402
0.334814
0.304344
0.030032
-0.101603
-0.233073
-0.367299
-0.169489
0.241631
0.289226
0.215631
-0.061018
-0.203937
-0.271755
0.041591
0.251070
0.065118
0.150692
-0.120816
-0.068696
-0.187983
0.054586
-0.057571
-0.027248
0.012788
0.219833
0.237133
-0.122279
-0.355661
-0.331160
0.222247
0.325142
0.469122
-0.020137
-0.408439
-0.425539
-0.013739
0.050768
0.017044
-0.037193
0.289463
0.343863
0.086982
0.093573
-0.333469
-0.283713
-0.256801
0.150412
0.066835
0.038001
0.092994
0.172571
0.224113
-0.153041
-0.214609
-0.169695
0.064956
-0.074017
0.076723
0.029619
0.134805
-0.087713
-0.094095
0.148538
-0.233913
0.026136
-0.006757
0.043925
0.049429
0.173537
0.098137
-0.031623
-0.128095
-0.153160
-0.019807
-0.074243
-0.049081
-0.079714
0.326516
-0.013134
0.001765
0.102705
-0.213874
-0.167088
0.123032
0.325557
-0.044642
-0.039188
-0.177935
-0.147397
-0.116886
0.047813
0.175386
0.304693
0.102300
-0.280236
-0.085655
-0.060079
-0.102598
-0.036074
0.235899
0.101241
-0.083305
-0.118487
-0.035010
0.053738
0.137675
0.101815
-0.075838
-0.170565
-0.177332
-0.003690
0.157810
0.065060
0.176834
-0.049540
-0.226273
0.063233
-0.018243
0.097023
0.051014
0.181206
-0.010388
-0.057153
-0.106056
-0.343521
-0.194936
0.011861
0.345749
0.448486
0.235834
-0.352057
-0.246192
-0.086746
0.010800
0.013206
0.035055
0.088265
-0.106776
-0.060668
0.034583
0.237198
0.075941
-0.079553
-0.154358
-0.050510
-0.017168
-0.113236
-0.047738
0.073870
0.291091
0.142423
-0.123092
-0.189470
-0.042677
0.022199
-0.062468
-0.023584
-0.056678
0.078706
0.176240
0.140151
-0.009817
-0.164616
-0.090461
-0.155894
0.067492
0.182731
-0.022729
-0.208471
-0.087080
0.116073
0.169152
0.107460
0.065243
-0.060278
-0.099465
-0.049137
-0.204529
-0.013183
0.023617
0.208492
0.139976
0.061015
-0.041822
-0.183058
-0.086886
-0.152235
-0.086127
0.124135
0.414633
0.105142
-0.016847
-0.150829
-0.217113
-0.250168
-0.017068
0.251768
0.129781
0.102572
-0.079994
0.134045
-0.069197
-0.190265
-0.171866
0.065420
0.183509
0.052454
0.095518
-0.096737
-0.112168
-0.058217
0.126165
0.043919
-0.024415
-0.034003
-0.052028
0.002369
0.057916
0.064927
0.043754
-0.055313
-0.112414
0.049104
-0.028365
-0.074581
-0.007374
-0.042025
0.107711
0.135917
-0.018153
-0.132230
-0.003189
0.084398
0.028034
0.202014
-0.078128
-0.073105
-0.268232
-0.296762
0.019627
0.184184
0.413961
0.098258
0.164039
-0.067459
-0.205213
-0.232599
-0.170203
-0.019512
-0.083186
0.099313
0.236168
0.389355
0.037656
-0.197084
-0.293363
-0.142936
0.011118
0.016989
0.139592
0.053971
0.064308
-0.003215
0.043870
0.010634
-0.137563
-0.151819
-0.058277
0.112259
0.101175
0.080790
-0.123312
-0.120102
-0.028894
0.078068
0.143234
-0.038898
0.038782
-0.127820
-0.029275
0.036217
0.047496
0.004975
-0.049131
0.077025
0.033583
0.057960
-0.124151
-0.223450
-0.121421
0.125400
0.254037
0.127677
-0.030633
-0.091357
-0.109883
-0.010605
0.109672
0.019378
-0.074915
-0.116692
-0.082721
0.108212
0.101169
0.008521
-0.061393
0.097697
-0.022942
-0.099584
0.043605
0.051459
0.064891
-0.134173
0.092581
-0.082698
-0.038554
0.041827
0.053431
0.095611
-0.120361
0.021186
0.002000
0.130327
-0.130800
-0.194224
-0.075356
0.131453
0.094235
-0.007387
0.113647
-0.003005
0.132856
-0.036813
-0.046295
-0.182218
-0.061259
0.010972
0.124372
0.066428
-0.086835
-0.070096
0.088313
-0.080857
-0.198262
0.267861
-0.142665
0.242768
0.165408
0.185240
-0.289479
-0.329457
0.037475
-0.199372
0.102454
-0.047859
0.491555
0.163392
-0.254285
-0.499194
-0.027371
0.042744
0.220293
0.544927
0.212337
-0.100990
-0.558817
-0.272191
-0.431150
0.078361
0.240345
0.576053
0.470201
-0.286408
-0.343671
-0.338003
-0.163526
0.017712
0.230133
0.365552
0.173316
-0.115870
-0.368897
-0.191714
0.143458
-0.046176
0.226185
0.188035
0.059474
-0.268721
-0.146327
-0.042740
-0.109172
0.104956
0.083807
0.197472
0.098680
0.061477
-0.495573
0.066389
0.231133
-0.080688
0.093196
-0.082921
0.190844
-0.084136
-0.158276
-0.088157
0.116582
0.208301
-0.295063
0.037998
0.099058
-0.089090
0.182016
-0.017639
-0.118704
0.052833
0.217067
-0.072281
-0.127053
0.038083
-0.110239
-0.115261
-0.112737
0.219911
0.344761
0.180906
-0.288097
-0.368169
-0.052321
-0.023475
0.171845
0.040528
0.306310
-0.132832
-0.208537
0.024986
-0.265662
0.104827
0.191156
0.369613
-0.034728
-0.069900
-0.120856
-0.293429
-0.262398
-0.135241
0.329239
0.288176
0.200723
-0.138871
-0.132865
-0.173055
-0.043584
0.154585
0.270818
0.182461
-0.213005
-0.142971
-0.312848
-0.156893
-0.017939
0.260820
0.507610
0.026687
-0.139073
-0.137711
-0.085167
-0.092934
0.001601
-0.060005
0.044579
0.095645
-0.135934
0.172015
0.234378
0.174818
-0.170452
-0.126943
-0.111056
-0.195088
-0.139708
-0.114421
0.463873
0.401905
0.057053
-0.279956
-0.205180
-0.147991
-0.005784
-0.015355
0.128199
0.188307
-0.039548
0.077880
-0.029847
0.045844
-0.126211
-0.016840
0.042599
-0.093613
-0.047615
-0.036018
-0.048331
-0.064994
-0.006629
0.361307
0.195491
-0.109858
-0.014041
0.093761
0.011548
-0.376851
-0.079269
-0.089306
-0.015338
-0.069951
0.181365
0.481326
-0.018548
0.037873
-0.318357
-0.106169
-0.022587
0.166275
0.138781
-0.079803
0.010897
-0.163060
-0.047569
-0.207012
0.087347
0.354407
0.266810
-0.260021
-0.217567
-0.130738
0.027361
0.057677
0.080525
0.167759
-0.035306
-0.025495
-0.163651
0.067451
-0.019477
0.101437
-0.140881
0.048849
-0.090137
-0.126689
0.146609
0.147539
0.188131
-0.074781
-0.001321
-0.224261
-0.087342
-0.170030
0.104375
0.105261
0.188596
0.053032
-0.086362
-0.029920
-0.172565
-0.012777
0.119635
0.158528
-0.155826
0.005836
-0.069901
-0.000020
-0.002551
0.122196
0.085857
-0.052316
-0.025324
-0.023374
-0.075702
-0.157722
0.031831
0.080216
0.151351
0.029071
0.051324
-0.154771
-0.109586
-0.022355
0.078157
0.140458
-0.027315
-0.031572
-0.063296
-0.028567
-0.100540
0.039382
0.087012
0.084580
0.050566
-0.052587
-0.081961
-0.140062
-0.039439
0.127865
0.109789
0.045893
0.015979
-0.039250
-0.168490
-0.068517
0.114199
-0.037909
0.072811
0.194092
0.054845
-0.004174
-0.319376
-0.084015
-0.071704
-0.022732
0.223532
0.027841
0.359322
-0.120749
-0.265455
-0.163781
0.166642
0.153089
-0.139363
0.154016
-0.090481
-0.099834
-0.390433
0.029234
0.183786
0.370496
0.207978
-0.230978
-0.072982
-0.324245
0.051677
0.107179
0.161716
0.023944
0.023502
-0.052172
-0.324006
-0.150454
0.114197
0.302931
0.187871
0.101115
-0.136881
-0.197830
-0.166088
-0.073089
0.075721
0.148303
0.205531
0.010192
-0.069878
-0.201954
-0.111333
0.084028
0.097313
0.008519
-0.035785
0.184169
-0.181488
-0.043977
0.040824
0.107590
0.100864
-0.024484
0.085474
-0.118669
-0.100446
-0.248847
0.008364
0.180138
0.033843
0.023793
0.147400
-0.051997
-0.180626
0.004023
0.091870
0.035324
-0.038926
-0.092097
-0.039378
-0.052541
-0.148322
0.166368
0.187442
0.126764
-0.023511
0.097210
-0.072852
-0.349975
-0.122942
-0.068898
0.062583
0.173092
0.214266
0.057756
-0.007951
-0.124268
-0.275617
0.068848
0.011634
-0.037677
0.157864
0.097066
0.087599
-0.168549
-0.055644
-0.080043
0.079935
0.065700
-0.108807
-0.058712
-0.123380
0.126906
-0.000834
0.141773
0.033618
0.004287
-0.043798
-0.103071
-0.040636
-0.072851
0.071105
-0.043720
0.114876
0.116370
0.047549
-0.165589
-0.186155
-0.119808
0.116291
0.070569
-0.046024
0.129710
-0.011065
0.119603
-0.141677
0.086959
0.095327
-0.140310
-0.078089
-0.033350
0.118553
-0.171375
-0.048972
0.111486
0.144660
0.039722
-0.002954
-0.066501
-0.008657
0.005857
-0.112130
0.136115
0.107719
0.088636
-0.087049
-0.243315
-0.090870
-0.032300
0.112644
0.157310
0.152367
0.094652
-0.159990
-0.048998
-0.342231
0.066604
0.172748
-0.044907
0.237513
0.010849
0.129138
-0.242972
-0.033404
-0.015958
-0.024907
0.004817
-0.123461
0.177617
0.096610
0.058275
-0.180416
-0.078210
0.032393
-0.077232
0.164220
0.084056
-0.218754
-0.067120
0.150326
0.175670
0.025822
0.029029
-0.012567
-0.180128
-0.126032
-0.047576
0.082829
0.069183
-0.054680
0.064033
0.014691
-0.008991
-0.260036
-0.142797
0.047832
0.003875
0.235856
0.226504
0.279657
-0.011127
-0.086065
-0.408788
-0.275825
-0.087474
-0.035434
0.237731
0.348392
0.370125
-0.132799
-0.122003
-0.279589
-0.070418
-0.007733
0.043644
0.130899
-0.005717
-0.022561
-0.375574
-0.050886
-0.002594
0.361868
0.327792
-0.053394
0.228540
-0.122351
-0.162954
-0.368857
-0.088911
0.004874
-0.089255
0.265451
0.230877
0.428298
0.034546
-0.309905
-0.428124
-0.129494
-0.044681
0.107437
0.301624
0.240544
0.038893
-0.206814
-0.182039
-0.079434
0.019452
-0.071626
0.288453
-0.025208
0.042787
0.035483
0.024181
-0.092396
-0.218580
0.130353
-0.030206
0.088323
-0.016735
0.015560
0.134469
0.039996
-0.076883
-0.012880
-0.019815
-0.138298
-0.096300
0.153062
0.165364
-0.026029
-0.093212
-0.096644
-0.008882
0.023930
0.091249
0.016322
0.052377
-0.056392
-0.068150
-0.013919
-0.001019
0.027339
-0.020202
0.097997
-0.019818
-0.019874
-0.073116
-0.115265
0.026855
0.037775
0.159236
0.061798
-0.031573
0.021827
-0.083245
-0.121849
-0.138996
-0.031634
0.122130
0.029359
0.116887
-0.034347
0.076796
0.095650
-0.168026
-0.129013
-0.094962
0.160332
0.027968
0.115265
0.019001
-0.051905
-0.134059
-0.132501
-0.104343
0.116321
0.271844
0.023136
0.026588
-0.063848
0.002975
-0.234099
-0.146032
-0.070058
0.304742
0.152117
-0.026086
-0.047505
-0.026231
0.102503
-0.129804
0.061492
-0.043167
0.090762
-0.140374
-0.078343
0.024032
0.039230
0.008453
0.063248
0.284468
0.097934
-0.137201
-0.258869
-0.072349
-0.113832
-0.005445
-0.032150
0.211449
0.213967
0.127779
0.008300
-0.023389
-0.008675
-0.293402
-0.110089
-0.193405
0.014954
0.123539
0.194936
0.175850
0.030003
0.196652
-0.070522
-0.086992
-0.301268
-0.164100
0.020610
-0.010997
0.111345
-0.010359
0.247273
-0.104363
-0.054363
-0.012513
0.051286
0.021228
-0.118308
0.136055
-0.082528
0.001125
-0.091969
-0.014599
-0.041095
-0.025318
0.100529
0.085076
0.066799
-0.117532
0.014744
0.034536
-0.052482
-0.053067
-0.092143
0.094244
-0.060864
-0.024462
0.155816
0.000543
0.069321
-0.048345
0.073191
-0.140615
-0.120016
-0.047690
0.004151
-0.027207
-0.014822
0.264050
-0.083922
0.218976
0.082377
0.025018
-0.101283
-0.146105
-0.129383
-0.303822
0.031525
0.132935
0.228186
0.026812
0.078222
-0.010268
-0.029958
0.033378
-0.148677
0.010345
0.079491
-0.086897
-0.159615
0.048366
0.033888
0.050005
0.158338
-0.015792
0.006972
-0.278712
-0.174036
0.037945
0.235472
0.255249
-0.124943
0.140574
-0.153536
-0.165906
-0.206434
-0.030434
0.306024
0.139216
0.013192
-0.143977
0.136890
-0.213193
-0.135431
0.193318
0.246288
-0.042889
-0.313935
-0.153465
-0.065174
0.258085
-0.019141
0.028461
0.154428
0.016820
-0.086597
-0.220393
0.066133
-0.027685
0.172336
0.056043
0.118662
-0.036472
-0.334269
-0.079315
-0.026488
0.276994
-0.058255
0.060585
0.007111
0.150175
-0.279700
-0.165162
0.280276
0.042207
0.156600
-0.200675
0.041130
-0.176283
0.175179
0.039060
-0.046975
-0.090266
-0.082955
0.175884
-0.035083
0.034929
-0.188619
0.096271
0.014418
0.199611
-0.041486
-0.122149
0.014084
-0.107003
0.028932
-0.052643
0.069633
0.043774
0.025050
0.000437
-0.014929
0.025254
-0.055862
-0.156358
0.065458
-0.031474
0.030650
-0.030043
0.064082
0.072824
0.070738
0.159313
-0.213012
-0.023305
-0.003713
0.038229
-0.064357
-0.119973
-0.019661
0.138710
0.098993
-0.084106
-0.111025
-0.040119
0.129658
0.095096
0.066046
-0.146284
-0.077912
0.002713
0.036188
-0.005591
-0.025522
0.127264
0.054105
-0.035319
-0.172527
-0.059488
0.017645
0.122121
0.162174
0.001960
-0.061209
-0.126140
-0.025098
-0.101214
0.003064
0.008741
0.133345
0.290768
0.042701
-0.184939
-0.268708
-0.062283
0.035398
0.149371
-0.018966
-0.054260
-0.039911
0.038580
0.109023
0.003159
0.047955
-0.080858
0.031943
-0.021838
-0.015280
-0.125492
-0.050311
0.090995
0.080999
0.075067
-0.144761
-0.109588
0.043508
0.182000
0.023525
-0.064847
-0.165774
-0.113815
0.062379
0.155938
0.046800
-0.017119
-0.124731
-0.060385
0.114014
-0.032660
0.003060
-0.044494
0.049051
0.074013
0.007446
-0.074762
-0.074293
0.031541
0.122978
0.077042
-0.001828
-0.078905
-0.172444
0.004295
0.098525
0.157475
0.035631
-0.095551
-0.082989
-0.019264
0.058953
-0.027096
-0.026171
0.005837
-0.030751
0.056980
0.029709
0.066235
-0.052952
-0.122708
-0.057012
0.036583
0.114980
-0.022507
-0.026357
0.016140
0.038576
0.004364
-0.035268
-0.090542
0.000710
0.057667
0.118874
0.065123
0.006327
-0.141480
-0.160313
0.032306
0.078482
0.156662
0.038326
-0.075978
-0.103537
0.006651
0.042374
-0.016350
-0.004581
-0.002623
0.063642
-0.004105
0.033449
-0.078733
-0.019409
0.060746
0.020195
0.079076
-0.005126
-0.034563
-0.162787
-0.016910
0.049735
0.068456
0.120624
0.007600
-0.091778
-0.055225
0.024319
0.041547
0.072360
0.009364
-0.050534
-0.148285
0.018908
0.033396
0.086868
0.115225
-0.097179
-0.127675
-0.119392
0.137036
0.177959
0.068238
-0.159463
-0.235274
-0.061953
0.189135
0.136453
-0.022773
-0.096159
-0.127539
-0.010076
0.112877
0.135359
-0.027371
-0.202824
-0.202097
0.093107
0.119510
0.172860
-0.015725
0.002808
-0.059240
-0.122247
-0.076090
-0.048032
0.077029
0.029162
0.147890
0.034960
0.106937
-0.075384
-0.122447
-0.168699
-0.017912
0.216455
0.064523
0.027338
-0.090845
-0.039029
-0.042957
0.072263
0.077296
0.086749
0.001689
-0.107669
-0.114281
-0.034124
0.051767
0.093237
0.109525
0.008238
-0.085841
-0.125467
-0.008158
0.020709
0.115161
0.070086
0.045710
-0.100103
-0.058465
-0.036641
-0.041475
0.028328
-0.007511
0.135245
0.079357
0.146456
-0.041218
-0.231044
-0.229459
-0.068694
0.079848
0.110352
0.175305
0.121618
0.112381
-0.145760
-0.248986
-0.173987
0.062782
0.191867
0.083317
0.108163
-0.057331
-0.174798
-0.147626
-0.022789
0.095554
0.149932
0.141559
0.008906
-0.101142
-0.200276
-0.098154
0.054543
0.136327
0.053813
-0.025815
0.048488
-0.022055
-0.097437
-0.126756
0.001942
0.082795
0.114603
0.098274
-0.055041
-0.183977
-0.115837
0.077171
0.180016
0.121415
-0.067296
-0.126269
-0.124381
-0.000806
0.077007
0.108984
0.031527
-0.006579
0.054282
-0.014591
-0.120457
-0.175261
-0.016545
0.137350
0.168873
0.066222
0.011900
-0.099793
-0.189258
-0.104291
0.018122
0.159036
0.124416
0.038259
-0.069887
-0.072039
-0.012831
-0.017707
0.011347
-0.021589
0.011128
0.018898
0.061287
0.106474
-0.012734
-0.120317
-0.182415
-0.016425
0.179505
0.173051
0.070568
-0.130847
-0.189242
-0.150730
0.026419
0.204836
0.144165
0.028648
-0.112030
-0.096369
-0.049006
-0.001741
0.053531
-0.004765
-0.010087
0.025546
0.035238
0.029938
-0.012004
-0.032880
-0.057835
-0.031507
-0.002941
0.016234
0.063217
0.035444
-0.000626
-0.061679
-0.059419
-0.014698
0.041499
0.065160
0.024517
-0.043618
-0.072665
0.005049
0.009333
0.042337
0.017035
-0.033144
-0.064114
-0.041803
0.068501
0.106564
0.056767
-0.108006
-0.127516
-0.091830
0.098845
0.170131
0.111204
-0.074145
-0.211533
-0.104218
0.015820
0.179301
0.101969
-0.014454
-0.174043
-0.110734
0.032573
0.146461
0.143977
-0.040680
-0.153190
-0.157000
0.005056
0.105825
0.124359
0.025689
-0.086637
-0.113450
-0.002522
0.082209
0.078832
0.007047
-0.052207
-0.067316
-0.047110
-0.003493
0.039625
0.069970
0.005846
-0.049518
-0.071085
0.008033
0.058008
0.093956
-0.010440
-0.100148
-0.085406
0.025762
0.129004
0.062420
-0.044872
-0.136590
-0.085001
0.005888
0.098524
0.096291
0.074602
-0.030349
-0.081782
-0.062309
-0.012613
0.047740
0.067666
0.011618
-0.083279
-0.095948
-0.019619
0.095297
0.094461
0.006931
-0.121344
-0.062196
0.009115
0.100132
0.062927
-0.018151
-0.083404
-0.098703
-0.007066
0.036657
0.103386
0.041508
-0.013756
-0.127773
-0.083388
0.030123
0.133109
0.099249
-0.044486
-0.103459
-0.066184
0.051628
0.043338
0.024574
-0.027480
-0.017849
-0.007281
0.024404
0.005102
-0.030995
-0.006400
0.012442
0.027929
0.016664
-0.010432
-0.027281
-0.025233
-0.043521
-0.023443
0.044952
0.088217
0.051389
-0.012326
-0.052435
-0.062969
-0.072733
-0.018369
0.089315
0.133667
0.028282
-0.096716
-0.144042
-0.038404
0.073428
0.137695
0.120979
-0.059285
-0.171322
-0.165586
0.033499
0.140101
0.128300
0.037634
-0.074906
-0.111628
-0.098799
0.003506
0.079542
0.108066
0.022875
-0.001588
-0.030474
-0.028451
0.009889
0.008967
-0.020478
-0.021337
0.025441
0.022384
-0.014992
-0.037372
0.021080
0.054883
0.051808
-0.010159
-0.054763
-0.075789
-0.045835
0.037978
0.085364
0.078381
0.028375
-0.034027
-0.082538
-0.073169
-0.012609
0.073884
0.116032
0.035351
-0.087004
-0.151713
-0.080079
0.070345
0.154283
0.098138
-0.057784
-0.100793
-0.074045
-0.013147
0.012168
0.061320
0.142030
0.089791
-0.055619
-0.174440
-0.160868
-0.039073
0.086308
0.147902
0.134546
0.045693
-0.072236
-0.169096
-0.143965
-0.006191
0.123547
0.143905
0.053070
-0.077503
-0.105797
-0.065036
0.021024
0.072004
0.062400
0.056116
-0.004309
-0.059988
-0.152455
-0.116006
0.017492
0.134232
0.139589
0.040156
-0.069082
-0.122034
-0.067929
0.008265
0.084347
0.111053
0.077949
0.018349
-0.048806
-0.130303
-0.131431
-0.039628
0.101869
0.151612
0.106266
0.001465
-0.083671
-0.083569
-0.079655
-0.024042
0.026594
0.087728
0.082261
0.016132
-0.026999
-0.092986
-0.082811
-0.013306
0.073606
0.113037
0.044681
-0.041884
-0.079926
-0.061888
-0.030544
0.000602
0.052528
0.076149
0.056731
-0.001618
-0.060790
-0.097442
-0.064924
0.038822
0.091772
0.075412
0.002183
-0.049199
-0.044088
-0.061605
-0.027247
0.039844
0.095833
0.061961
-0.025320
-0.057616
-0.089520
-0.055511
-0.006285
0.056334
0.088240
0.055622
0.018035
-0.015342
-0.053200
-0.046805
-0.018830
0.000397
0.011185
0.012649
0.041455
0.010543
-0.023941
-0.026725
0.000135
0.018905
-0.008262
-0.025832
-0.010590
0.015434
0.002154
-0.005716
-0.001481
-0.021578
-0.009014
0.061889
0.061280
0.039798
-0.018741
-0.052877
-0.059754
-0.064756
-0.023936
0.017083
0.082260
0.056477
0.047263
0.001045
-0.030877
-0.080438
-0.061481
-0.022774
0.000153
0.053913
0.038955
0.041523
0.007080
0.023819
-0.027079
-0.051916
-0.045164
-0.007797
0.034942
0.023878
-0.000864
0.000180
0.010229
-0.003928
-0.000265
-0.032037
-0.032480
-0.010925
0.023653
0.017951
0.007462
0.012399
0.016860
0.013564
-0.003090
-0.036540
-0.035321
-0.003421
0.017062
0.023509
0.040543
0.028400
