0.021416
0.009863
-0.016613
-0.003382
0.031229
0.024616
-0.021868
-0.009557
0.014111
0.013991
-0.008750
-0.044285
-0.025185
0.016812
0.041935
0.012253
0.013274
0.014254
0.007481
0.024535
0.014767
0.004834
-0.035787
-0.018498
-0.013870
0.007083
0.017025
0.004585
0.009997
0.009900
0.048574
-0.045569
-0.000578
-0.019082
0.002005
0.045912
0.042023
0.028635
-0.055685
-0.060499
-0.075499
0.009635
-0.046540
0.039601
0.063604
0.118193
0.080341
0.000520
0.068491
0.025991
-0.009522
-0.201987
-0.181590
-0.099471
0.083439
0.187894
0.209669
0.193280
-0.018851
-0.176999
-0.258570
-0.140942
0.107211
0.113099
0.106065
0.083793
0.004269
0.033533
-0.039918
-0.031414
-0.067133
-0.030322
-0.071816
-0.054319
0.046333
0.134310
0.155683
0.040079
-0.056454
-0.125544
-0.053258
0.035154
0.045508
-0.012315
-0.049098
0.048795
0.144173
0.025647
-0.049671
-0.179288
-0.022345
0.181481
0.168863
-0.002669
-0.169371
-0.137621
-0.056026
0.089024
0.166059
0.109541
0.013825
0.019759
-0.142790
-0.056847
0.003320
0.075876
0.028772
0.013044
0.015074
-0.060052
-0.076366
-0.073494
0.114466
0.072082
0.073315
-0.188673
-0.027089
0.063076
0.226879
0.286880
0.014138
-0.143427
-0.268333
-0.100142
-0.086320
0.011204
0.038251
0.263953
0.171435
0.136331
-0.298471
-0.272903
0.026980
-0.003036
0.304659
0.126040
0.144213
-0.163353
-0.203948
-0.184719
-0.047572
0.148732
0.105147
0.202880
0.031359
-0.056659
-0.213474
-0.104242
0.073925
0.130498
0.089375
0.004791
0.031658
0.018472
-0.067406
-0.184202
-0.112199
0.119767
0.220948
0.074063
-0.107795
-0.124059
0.022291
0.116270
0.074069
-0.095261
-0.121659
-0.039807
0.079251
0.091373
0.006141
0.019416
0.019154
0.065938
-0.011884
-0.069221
-0.120721
-0.081423
0.090888
0.189750
0.150018
-0.086887
-0.163926
-0.091111
0.010347
0.062183
0.064061
-0.087062
-0.085599
0.180627
0.127677
0.074969
-0.003534
-0.077802
-0.173883
-0.060957
0.011249
-0.080085
0.086558
-0.010227
0.219539
0.164151
0.028598
-0.176635
-0.321555
0.017131
0.171434
0.233553
-0.064391
-0.126620
-0.039488
0.045752
-0.074057
0.010000
-0.044393
0.039296
0.195385
-0.140893
-0.096856
0.010618
0.241003
0.035890
-0.125833
-0.101519
-0.122367
-0.025863
-0.031990
0.058704
0.160307
0.364317
0.108641
-0.175986
-0.280669
-0.266115
-0.026087
0.075124
0.129855
0.131234
0.222428
0.100826
-0.092872
-0.155891
-0.151602
-0.096117
-0.119897
-0.019253
0.135990
0.275010
0.179655
-0.164126
-0.202823
-0.098851
0.016741
0.041050
-0.026214
-0.005767
-0.038804
-0.072893
-0.098537
-0.048887
0.064447
0.167664
0.181410
0.045448
-0.133081
-0.257069
-0.169279
-0.025226
0.065331
0.109234
0.105031
0.126089
0.017854
-0.146637
-0.258957
-0.180860
0.083074
0.265685
0.207124
-0.088468
-0.289020
-0.157341
0.135597
0.190840
-0.007243
-0.080542
-0.125058
-0.017165
0.038546
-0.033678
0.034701
0.097039
0.060686
-0.088642
-0.088585
-0.135234
-0.132027
-0.011928
0.140923
0.210570
0.163998
-0.016784
-0.276210
-0.253647
-0.078883
0.139696
0.179864
0.081782
-0.037520
-0.094201
-0.088599
-0.051589
0.047378
0.073984
0.045928
-0.030072
-0.041667
-0.002536
-0.047028
-0.094663
-0.042901
0.041514
0.087531
0.159132
0.061864
-0.109685
-0.159847
-0.103630
0.051629
0.163698
0.092488
-0.159078
-0.230346
-0.092252
0.066228
0.158697
0.262551
0.285014
0.068172
-0.171361
-0.285554
-0.262846
-0.152204
-0.093866
0.083229
0.307454
0.355999
0.263897
-0.093027
-0.362351
-0.408357
-0.163795
0.131515
0.239341
0.150500
0.024830
0.064522
-0.009412
-0.234244
-0.395570
-0.086087
0.258006
0.277617
0.152047
-0.031008
-0.181099
-0.103408
-0.045729
-0.042022
-0.034231
0.003997
0.106744
0.188312
0.115650
-0.190540
-0.197976
-0.009449
-0.042765
0.096251
0.193062
-0.126237
-0.019469
0.117094
0.147565
0.119568
0.045769
0.005910
-0.202054
-0.366880
-0.261049
0.048817
0.254931
0.522709
0.368788
0.061905
-0.461451
-0.472907
-0.182868
-0.109105
0.211127
0.227062
0.380172
0.279191
-0.065370
-0.476393
-0.576709
-0.275793
0.312611
0.608302
0.334701
-0.072916
-0.575707
-0.218781
0.141967
0.270184
0.256061
-0.141501
-0.326091
-0.153287
0.200724
0.134625
-0.043360
-0.086240
0.046784
0.131269
0.013199
-0.158076
-0.222333
-0.050342
0.129174
0.168701
0.213096
0.010045
-0.194899
-0.246846
-0.242863
0.013956
0.192661
0.229557
-0.040892
0.080935
0.207596
-0.031483
-0.357386
-0.239772
0.079924
0.131810
0.164214
0.125790
0.192902
-0.046572
-0.284777
-0.312236
-0.025303
0.214045
0.194158
0.050389
-0.037219
-0.156759
-0.099814
-0.013043
-0.106750
0.125156
0.329465
0.259517
-0.036026
-0.225158
-0.213982
-0.089365
0.017511
0.083400
0.076933
0.047114
0.041508
0.040400
0.039500
-0.094278
-0.077935
-0.048824
0.002530
0.121204
0.059444
-0.031232
-0.081515
0.116437
0.175659
-0.023571
-0.192737
-0.188931
0.018288
0.101670
0.087863
0.040982
0.052417
0.006304
-0.018714
-0.056783
0.004722
0.029184
-0.002663
0.041084
-0.009294
-0.041085
-0.068979
0.030423
0.041212
0.085823
-0.005726
-0.026376
0.010733
0.029652
-0.007247
-0.105704
-0.067991
0.000569
0.110828
0.142065
0.174266
-0.025830
-0.163709
-0.208013
-0.052373
0.095476
0.138246
0.067619
-0.042814
0.025653
0.017761
0.027693
-0.041262
-0.116281
-0.096030
0.068353
0.169324
0.132412
0.000229
-0.021972
-0.016886
-0.021620
-0.058899
-0.148379
-0.141506
-0.008914
0.202668
0.221555
0.109048
-0.042051
-0.168868
-0.213863
0.043732
0.116835
0.068785
0.007720
0.021338
0.094267
0.031851
-0.028392
-0.185693
-0.116499
0.012971
0.158951
0.141254
-0.005319
-0.052520
0.039916
0.016835
-0.151868
-0.161212
-0.003450
0.185211
0.118097
0.032110
-0.017269
-0.055462
-0.051009
-0.043028
0.001771
0.010964
-0.025545
0.010304
0.092773
0.095691
0.029677
-0.100364
-0.113335
-0.077526
-0.013377
0.062982
0.064620
0.112745
0.053575
-0.068480
-0.085110
-0.077443
-0.078500
0.010473
0.057220
0.085221
0.117149
0.101474
-0.059405
-0.173938
-0.092205
0.017087
0.093795
0.081734
0.032748
-0.033772
0.020586
-0.072471
-0.128001
0.031449
0.139748
0.053859
-0.130287
-0.140668
-0.005813
0.072669
0.049319
0.073211
0.163479
0.164162
-0.114890
-0.346253
-0.232477
-0.014767
0.139333
0.124778
0.059536
0.169498
0.095908
-0.057489
-0.210732
-0.167223
0.068340
0.142466
0.009387
-0.106657
-0.052032
0.071762
0.051643
-0.021458
0.100199
-0.139488
-0.225216
-0.065810
0.171570
0.299658
0.232972
0.186260
-0.125660
-0.312945
-0.333196
-0.297723
-0.023725
0.206919
0.378763
0.423280
0.098194
-0.198916
-0.373919
-0.164980
-0.057884
0.010007
0.189957
0.189796
0.016322
-0.197143
-0.145034
-0.049925
0.178686
0.180220
0.167044
-0.020104
-0.204316
-0.246769
-0.226342
0.044047
0.180372
0.272066
0.176973
-0.057719
-0.367600
-0.319891
-0.217746
0.018334
0.463006
0.486268
0.215649
0.075519
-0.064491
-0.515879
-0.644995
-0.257142
0.248913
0.376550
0.316181
0.371337
0.297088
-0.185900
-0.779885
-0.606043
0.066991
0.478246
0.343912
0.093929
0.015815
-0.061487
-0.136544
-0.238431
-0.109878
0.108470
0.232029
0.031999
-0.140168
-0.093335
0.052285
0.192093
-0.022790
-0.103187
-0.082993
0.052528
0.089462
-0.034437
-0.099819
-0.118652
0.050540
0.165384
0.198476
-0.038337
-0.224710
-0.232545
-0.072825
0.140945
0.180853
0.094512
-0.070162
-0.130482
-0.051117
0.083911
0.102509
0.049506
-0.096645
-0.157548
-0.027500
0.089994
0.069927
0.023920
-0.029561
-0.043601
0.006970
0.046080
0.027263
-0.081472
-0.142274
-0.067646
0.086717
0.185425
0.075377
-0.186545
-0.187907
0.074144
0.139967
0.080284
0.057279
-0.033371
-0.178584
-0.069695
0.035853
0.068110
0.060725
-0.064085
-0.033087
-0.009839
0.077680
-0.028076
-0.049821
-0.034316
0.022866
0.038390
-0.094017
-0.047117
-0.076931
0.071234
0.115666
0.093045
0.002996
-0.106288
-0.046313
-0.053450
-0.044962
0.072982
0.149201
0.033384
-0.105534
-0.142073
-0.149209
-0.260467
0.011552
0.063889
0.095539
0.349046
0.312684
0.132694
0.006786
-0.089280
-0.399198
-0.328282
-0.235670
-0.039962
0.182477
0.287712
0.407755
0.212950
-0.018133
-0.623486
-0.412268
0.116087
0.117424
0.259214
0.129247
0.183297
-0.070023
-0.246898
-0.226888
-0.120234
0.167873
0.155008
0.106297
-0.020269
-0.046955
-0.136015
-0.082261
0.026891
0.116935
0.126418
0.012011
-0.033391
-0.161297
-0.134130
0.003677
0.075939
0.097941
0.113986
-0.058233
-0.143166
0.028864
0.106257
-0.021723
-0.049398
-0.010815
0.003644
-0.015500
-0.033078
-0.103414
0.091551
0.186922
0.059854
-0.013574
-0.121675
-0.052877
-0.086293
-0.008097
0.054869
0.069959
0.053968
0.030184
-0.023860
-0.048710
-0.039360
-0.056929
0.000116
0.107185
0.132392
-0.027408
-0.061984
-0.119861
-0.024797
0.073709
0.091682
0.044348
0.000357
-0.035953
-0.072051
-0.039660
0.000763
0.037110
0.041821
0.098352
-0.025268
-0.046282
-0.039579
0.050878
0.021723
-0.117594
-0.006662
0.105022
0.132458
-0.069403
-0.174928
-0.052504
0.163500
0.165292
-0.000221
-0.140712
-0.143115
-0.005222
0.065475
0.135104
-0.039375
-0.071668
-0.144504
0.088971
0.073891
0.053951
0.093638
-0.190117
0.072942
-0.045605
0.031027
-0.072321
-0.037821
0.068562
-0.004784
0.068276
-0.081966
0.097613
-0.011030
-0.029605
-0.077094
0.000425
0.047811
0.012642
0.019758
-0.069316
0.047564
0.005334
0.024669
-0.010008
0.003777
-0.036608
-0.105833
-0.032193
0.084489
0.161204
0.030430
-0.068553
-0.126500
-0.038298
0.076564
0.105469
0.025758
-0.136665
-0.085956
-0.008105
0.123584
0.105281
-0.000834
-0.070624
-0.147056
-0.033682
-0.009368
0.012323
0.132419
0.114821
-0.015768
0.019293
0.075050
-0.075767
-0.230404
-0.137803
0.091632
0.159902
0.082216
0.033348
0.103329
-0.001926
-0.235043
-0.239870
0.057761
0.246221
0.148874
-0.042174
-0.124285
-0.084452
-0.022299
0.034191
0.061045
0.099610
0.046633
-0.033844
-0.089166
-0.016805
0.008338
0.050911
-0.031781
-0.022416
-0.022663
0.034991
-0.055738
-0.099752
0.052875
-0.070606
0.239198
0.159869
0.150668
-0.047066
-0.275183
-0.146267
-0.134350
0.102622
0.075785
0.193131
0.149108
0.025585
-0.170230
-0.160762
-0.021188
-0.023668
0.137232
0.091601
0.073624
-0.052611
-0.104824
-0.118255
-0.001777
0.170193
0.167902
0.027534
-0.146996
-0.138593
-0.053463
0.074880
0.113594
0.084891
-0.015359
-0.081633
-0.031729
0.004275
-0.021195
-0.017175
-0.009358
0.048503
0.144555
0.143208
-0.066294
-0.214480
-0.094753
0.026627
0.118628
0.060247
-0.026239
-0.009792
-0.008453
-0.039533
-0.013921
0.048481
0.040397
0.003571
-0.015903
0.005674
0.034949
-0.000208
-0.060881
-0.071321
-0.039143
0.065697
0.125304
0.012363
-0.100111
-0.021125
0.004238
0.001952
-0.017109
0.011003
0.027991
-0.014846
0.044622
0.085223
0.041325
-0.057790
-0.086121
-0.061027
0.000643
0.025404
0.020673
0.021319
0.038395
-0.004426
-0.047705
-0.000305
-0.019191
-0.021331
-0.010048
-0.010912
0.008265
0.015567
0.076975
0.029835
-0.068234
-0.081725
-0.012504
0.067844
0.026118
0.015670
-0.013757
-0.036594
-0.064795
-0.044035
0.037897
0.070096
0.031433
-0.045313
-0.005980
0.028682
-0.000763
-0.083694
-0.078716
-0.015251
0.048723
0.086305
0.046776
-0.003383
-0.022398
-0.050075
-0.060197
0.023553
0.050191
0.028499
0.008552
-0.032900
-0.065112
0.005623
0.027318
0.001043
0.023389
0.001400
-0.048847
0.003003
0.019671
-0.032732
0.068192
0.057883
-0.036629
0.020846
0.024973
-0.094844
-0.171866
-0.035398
0.112742
-0.004393
0.059070
0.137928
0.137092
-0.064873
-0.291024
-0.103323
0.069169
0.133867
-0.001972
0.020031
0.053640
0.000302
-0.113533
-0.093574
0.077414
0.086005
0.091380
-0.048036
-0.064321
-0.095434
-0.056848
-0.025427
0.025768
0.111511
0.148436
0.086047
-0.154904
-0.213696
-0.147337
0.097429
0.152899
0.067407
-0.012033
-0.003282
-0.015455
-0.105609
-0.056023
-0.023990
0.066917
0.041742
0.020127
-0.027649
-0.010787
0.070112
0.037705
-0.045154
-0.150727
-0.089489
0.048174
0.088272
0.037313
-0.012343
0.005120
0.064084
0.027308
-0.033581
-0.180628
-0.155461
0.036663
0.134467
0.119211
-0.014135
-0.085327
0.010382
0.102667
-0.007684
-0.122777
-0.090072
0.056383
0.078147
-0.002358
-0.084451
-0.074448
0.044996
0.084259
-0.010570
0.016649
0.051759
-0.030512
-0.082223
-0.095297
-0.020843
0.070711
0.101175
0.015307
-0.058458
-0.088075
-0.025712
0.052297
0.060214
-0.013389
-0.030440
-0.052722
0.007792
0.048872
0.046410
-0.066485
-0.054513
-0.029782
-0.034459
0.004182
-0.114616
0.180292
0.028374
0.041597
-0.002400
-0.017423
0.070932
-0.085138
-0.077913
-0.210059
-0.037894
0.075741
0.249000
0.092771
0.102134
-0.126011
-0.201211
-0.002713
0.000060
0.048945
-0.121361
0.020045
-0.014368
0.147479
0.071240
-0.046151
-0.066863
0.000289
0.021447
-0.093492
-0.044876
-0.039723
0.099755
0.063886
0.053851
-0.059632
-0.031037
0.029116
0.015165
-0.012182
-0.093046
-0.071669
-0.013843
0.098957
0.095103
0.023107
-0.031203
-0.039165
-0.051013
-0.043293
0.005603
0.002186
0.003226
0.008439
0.012018
0.064289
0.043201
-0.025144
-0.099568
-0.116224
0.022559
0.157956
0.074376
-0.026219
-0.056487
-0.050234
-0.030355
-0.077595
-0.014003
0.093698
0.105200
-0.021778
-0.050232
0.051268
0.005644
-0.084053
-0.040289
0.038209
0.049476
0.057951
-0.016864
-0.079087
-0.041394
0.036516
-0.000392
-0.035963
0.062889
0.054549
0.019673
-0.047036
-0.039320
-0.021089
-0.019976
-0.029181
0.026396
0.159047
0.089130
-0.035232
-0.072917
-0.077012
-0.082139
0.011578
0.044740
0.059155
0.108890
0.000236
-0.083651
-0.057306
-0.009593
0.061186
0.009294
-0.008355
0.050008
0.056260
-0.063231
-0.090570
0.011215
0.042579
0.086476
0.043865
-0.066734
-0.124359
-0.008054
0.095448
0.093394
0.009288
-0.095717
-0.103337
0.033426
0.075699
0.003566
0.053939
-0.017754
-0.013352
0.073258
0.043816
-0.002207
-0.043464
-0.063334
-0.113391
-0.080622
0.047513
0.193559
0.220050
0.061406
-0.197348
-0.222702
-0.078046
0.066416
0.175363
0.044464
-0.116484
-0.075713
0.140516
0.154434
-0.013095
-0.153149
-0.181522
0.044475
0.170593
0.109183
0.032058
-0.156967
-0.196861
0.043847
0.262517
0.166381
-0.047635
-0.145003
-0.300735
-0.124813
0.115437
0.257341
0.270009
0.112444
-0.104986
-0.251158
-0.103109
-0.026936
-0.024543
-0.013371
0.134042
0.081990
0.024596
-0.002702
-0.061495
0.050319
0.095435
-0.018907
-0.166123
-0.078841
0.037119
0.130841
0.024318
-0.145018
0.000312
0.177010
0.199034
-0.060258
-0.275457
-0.230643
0.002075
0.237337
0.251986
0.125106
-0.197056
-0.260741
-0.108942
0.093135
0.271491
0.156347
-0.119551
-0.241695
-0.054583
0.123852
0.154929
-0.037358
-0.154680
-0.041854
0.192448
0.255751
-0.055536
-0.321534
-0.268921
0.025340
0.298794
0.285655
-0.037193
-0.234053
-0.168658
0.022622
0.214407
0.116999
-0.058652
-0.095905
-0.059117
-0.025009
-0.062165
-0.013830
0.113881
0.144507
0.016312
-0.040472
-0.013488
0.017524
-0.051166
-0.100886
-0.046190
0.064206
0.122370
0.023886
-0.037457
-0.051612
-0.019390
0.037550
0.114147
0.014599
-0.120061
-0.050156
0.114114
0.017015
-0.096789
-0.072319
-0.028481
0.148283
0.151159
0.031766
-0.099117
-0.153212
-0.081802
0.105936
0.115092
0.029003
-0.052702
-0.078951
-0.021606
0.025101
0.053433
0.004577
0.075205
0.069404
-0.066523
-0.122435
-0.100370
-0.019553
0.069616
0.045213
-0.042076
0.056781
0.059593
-0.008527
-0.000126
-0.078344
-0.006819
-0.058762
-0.063585
0.051729
0.152378
0.044416
-0.102625
-0.073866
-0.032485
0.082770
0.023249
-0.073787
-0.128805
0.020624
0.100298
0.127278
0.077079
-0.106625
-0.163185
-0.104915
0.125592
0.140734
0.027797
-0.124478
-0.116063
0.043197
0.118513
0.075469
-0.060814
-0.091220
-0.021487
0.005212
-0.000725
-0.020498
-0.001069
0.019484
0.058229
0.111663
-0.007456
-0.096696
-0.204685
-0.100305
0.149757
0.160513
0.033855
-0.129943
-0.100442
0.019254
0.136635
0.035492
-0.203005
-0.102557
0.104249
0.146862
0.007274
-0.049381
-0.018462
-0.008660
-0.004955
-0.071973
-0.039387
-0.026865
0.056503
0.107225
0.008586
-0.026172
-0.019108
-0.019113
-0.071740
-0.033141
-0.005076
0.002301
-0.040295
-0.008659
0.102223
0.120150
0.094784
-0.094745
-0.221863
-0.107845
0.139552
0.131331
-0.114507
-0.173705
0.018761
0.237047
0.124745
-0.059542
-0.133517
-0.087141
-0.060184
-0.023317
0.127002
0.036066
-0.039203
-0.016292
0.013166
0.007766
0.061737
-0.003440
-0.155585
-0.050590
0.133594
0.115293
-0.101609
-0.150010
-0.041647
0.155609
0.110295
-0.034982
-0.101283
-0.077594
0.006341
-0.011805
0.005064
0.016740
0.064939
0.041952
0.037533
-0.025434
-0.110993
-0.080011
-0.024036
0.099172
0.095153
-0.040377
-0.115332
-0.048510
0.108350
0.159876
-0.012200
-0.120702
-0.030713
0.021265
-0.036530
-0.066706
-0.031538
0.019677
0.109958
0.111837
0.062269
-0.074104
-0.170647
-0.142405
-0.020719
0.120110
0.177057
0.087596
-0.113081
-0.145240
-0.047639
0.135911
0.108220
-0.075496
-0.084589
-0.022330
0.031059
-0.001660
0.023685
0.010252
-0.095464
0.003354
0.143638
0.124577
-0.135945
-0.233693
-0.090451
0.142605
0.247982
0.151335
-0.046542
-0.260972
-0.199013
-0.102908
0.138282
0.182262
0.134789
0.167338
0.032646
-0.090462
-0.144692
-0.155605
-0.096730
-0.026438
0.051066
0.203128
0.135689
-0.034187
-0.162195
-0.050923
0.050593
0.004648
-0.097065
-0.023120
0.132626
0.040040
0.005342
-0.056108
-0.047887
-0.076954
0.041901
0.132127
0.025040
-0.114458
-0.130536
0.034363
0.067789
0.068544
0.023354
-0.012568
-0.095535
-0.074642
0.038536
0.102161
0.014559
-0.114496
-0.102784
0.071315
0.181588
0.069328
-0.101821
-0.186638
-0.044164
0.043799
0.100776
0.021655
-0.018665
-0.014522
0.015393
0.043191
-0.006339
-0.020718
-0.142597
-0.044055
0.066299
0.117104
0.016887
-0.032329
-0.016010
-0.086853
0.022851
0.033803
0.013173
-0.026754
-0.013146
-0.000757
0.016843
0.039473
-0.033364
-0.066305
-0.050385
0.095465
0.094259
0.052344
0.001058
-0.072429
-0.101753
-0.059665
0.011240
0.072266
0.052339
-0.037277
-0.001853
0.075373
0.150684
-0.132845
-0.192624
-0.006062
0.153692
0.111177
-0.028260
-0.061696
-0.138504
-0.016977
0.017981
0.117885
0.089350
0.045704
-0.042280
-0.151650
-0.086196
0.040314
0.155612
0.107983
-0.037188
-0.165827
-0.054356
0.049161
0.063258
0.037431
0.025057
-0.043565
-0.062500
0.018863
0.082462
-0.010248
-0.075388
0.041007
0.033788
0.042380
0.025728
-0.078390
-0.182698
-0.023914
0.249824
0.221049
0.058707
-0.105610
-0.231653
-0.191919
0.026578
0.190817
0.159036
0.055605
-0.085564
-0.122124
-0.015719
0.086461
0.049098
-0.076765
-0.063079
-0.000430
0.053865
0.068175
0.023141
-0.003650
-0.030753
-0.014582
0.019660
0.000296
-0.000408
-0.071680
0.003361
0.070885
0.041568
0.021925
-0.037133
-0.058234
-0.000417
0.036530
0.031159
0.034866
-0.008365
-0.022511
-0.073839
-0.041912
0.056232
0.215351
0.078424
-0.101578
-0.155676
-0.054704
0.069067
-0.009372
-0.028610
0.017142
0.108993
0.002022
0.009998
0.010909
0.000998
-0.087903
-0.100987
0.070551
0.118191
0.004437
-0.136297
-0.009163
0.076147
0.078315
-0.028176
-0.066025
-0.059527
-0.017964
0.068727
0.076740
0.032738
-0.057907
-0.053479
0.028861
0.082128
-0.028619
-0.075646
-0.013590
0.018696
0.021036
0.003963
-0.039190
-0.008173
0.064854
0.032745
-0.002096
-0.035599
-0.085149
-0.025742
0.063086
0.083591
0.062302
-0.040480
-0.069341
-0.030835
-0.035634
-0.028675
0.060429
0.095192
0.022606
0.077241
0.019590
-0.152025
-0.218784
-0.041601
0.186665
0.157241
0.060249
-0.052879
-0.070667
-0.140603
-0.078115
0.060713
0.107577
0.074712
-0.002495
0.017139
-0.110047
-0.121256
0.013559
0.068775
0.096487
0.105746
0.008612
-0.029002
-0.064686
-0.117148
-0.083400
0.022572
0.095347
0.098137
0.049146
-0.063194
-0.090830
-0.033242
0.072748
0.042571
0.014501
-0.060133
-0.095256
0.028016
0.077078
0.054212
-0.008540
0.001022
-0.051554
-0.098938
-0.032377
0.037036
0.148234
0.085536
-0.077138
-0.112966
-0.068303
0.032632
0.014643
0.033655
0.025188
-0.042881
0.107945
0.030466
-0.110583
-0.103048
-0.070266
0.082601
0.148794
0.085096
-0.067045
-0.132702
-0.070153
0.012731
0.103049
0.034466
-0.032165
-0.036326
-0.035026
-0.020127
0.004772
0.016783
0.008777
-0.011240
0.044236
0.163880
-0.063245
-0.215992
-0.077868
0.093515
0.061431
-0.034504
0.014253
0.032067
0.064997
0.000735
-0.047747
-0.061144
-0.051821
-0.033100
-0.029448
0.036622
0.091375
0.125629
-0.012585
-0.125590
-0.112193
-0.030655
0.084976
0.079755
-0.055398
-0.082668
0.049725
0.094274
0.000223
-0.063843
-0.020221
-0.076201
-0.042264
-0.000909
0.051792
-0.007209
-0.056335
0.027150
-0.002139
0.199917
0.021375
-0.175871
-0.051236
0.085939
0.071055
-0.108772
-0.081038
-0.112590
0.022241
0.060673
0.054775
0.035262
0.048540
0.007211
-0.137924
-0.024888
0.053294
0.065491
0.012184
-0.077164
-0.116284
-0.038175
0.053976
0.100246
0.040393
-0.049505
-0.083039
-0.009935
0.002671
0.013808
-0.001589
0.018403
0.050551
-0.013840
-0.050215
-0.084586
0.002101
-0.015016
0.038983
0.049198
0.038682
0.032876
0.020861
-0.084392
-0.174431
-0.021974
0.062824
0.140336
0.046969
-0.030094
-0.114082
-0.098018
-0.006714
0.058008
0.110867
0.060491
-0.003217
-0.123860
-0.078415
-0.059210
0.036261
0.070719
0.077799
0.116862
-0.001141
-0.143714
-0.195799
-0.028070
0.055035
0.102444
0.107565
0.075424
-0.023354
-0.126943
-0.158643
-0.104748
0.100125
0.216777
0.133201
-0.045946
-0.186910
-0.148383
-0.009239
0.050113
0.094987
0.101732
0.056756
-0.058591
-0.112810
-0.099081
-0.029410
0.028031
0.067426
0.048791
0.009848
0.075439
0.061311
-0.009277
-0.096555
-0.108140
-0.078342
-0.021570
0.053740
0.068980
0.046951
0.035734
0.041689
-0.004402
-0.072904
-0.103685
-0.049876
-0.012187
0.100900
0.085067
0.023371
0.023418
-0.089124
-0.081622
-0.005127
0.068387
0.032493
0.034309
0.001211
-0.126572
-0.035780
0.139546
0.118953
-0.075905
-0.117198
-0.039660
0.052838
0.065792
0.005573
-0.050415
-0.007222
0.113674
0.029939
-0.019460
-0.087661
-0.077961
0.002292
0.049386
0.066926
-0.010568
-0.016599
-0.022184
0.014265
-0.016313
0.046850
0.103866
-0.016121
-0.102380
-0.128318
0.002203
0.139778
0.065701
-0.047344
-0.035481
0.054306
0.034028
-0.034274
-0.064666
-0.145226
-0.021143
0.137443
0.126766
-0.012579
-0.078629
-0.014739
-0.012118
0.073734
0.146912
-0.029128
-0.146820
-0.079290
0.033699
0.115049
-0.026250
-0.111083
-0.023346
0.205063
0.110862
-0.133286
-0.174012
-0.011607
0.129897
-0.032814
-0.000474
-0.023141
0.071277
-0.060834
-0.081399
0.100435
0.045755
0.104649
-0.046748
-0.084773
-0.097492
0.012617
0.023489
-0.002364
0.030033
0.023075
0.115857
0.030444
-0.033750
-0.103600
-0.058336
-0.053790
-0.004678
0.137833
0.134703
0.017207
-0.115067
-0.115640
-0.041347
0.038910
0.033439
0.007779
0.021106
0.102311
0.072566
-0.046876
-0.101379
-0.102763
-0.007158
0.059877
0.101369
0.062213
0.025498
-0.007407
-0.084639
-0.053294
-0.040544
0.026727
0.013165
-0.000514
0.073608
0.094112
0.026351
-0.085806
-0.080639
-0.017963
0.081069
0.057650
-0.041551
-0.047829
-0.028588
0.021479
0.031253
0.034387
0.075480
0.018451
-0.052994
-0.121561
-0.032296
0.053370
0.046577
0.016420
-0.019200
0.072302
0.078211
0.058624
-0.081152
-0.122097
-0.032969
0.000096
0.009054
0.014046
0.058556
0.055975
0.002725
-0.084484
-0.002725
0.034547
0.004685
0.065784
0.028648
-0.030597
-0.039424
-0.044034
-0.008984
-0.005283
0.031491
0.044311
0.063165
0.078927
-0.007949
-0.113259
-0.094102
0.028173
0.071751
0.075674
-0.028077
-0.078620
-0.043649
0.049310
0.067526
0.014886
-0.001111
0.030342
0.020488
-0.053470
-0.085919
-0.025551
0.072322
-0.000536
-0.008795
0.000016
0.106131
0.063684
-0.107507
-0.102210
-0.063720
0.067454
0.078791
0.033982
0.004892
0.019009
0.063648
0.001606
-0.067220
-0.071132
-0.048879
-0.045265
0.014333
0.090924
0.061549
-0.004913
-0.026684
-0.027876
0.010767
0.038783
0.018732
-0.040369
-0.072719
-0.065939
0.033214
0.067806
0.053056
0.063059
0.018061
-0.034002
-0.082492
-0.049244
-0.091592
-0.013408
0.089595
0.111591
0.089641
-0.021550
-0.095778
-0.132290
-0.022247
0.062384
0.074261
-0.008868
-0.060700
-0.017418
0.014662
0.004823
-0.018876
-0.014581
0.036534
0.053792
0.016875
-0.044300
-0.106628
-0.052888
0.035093
0.086955
0.045253
0.030930
-0.019375
-0.076443
-0.143547
-0.018631
0.117250
0.115751
0.048041
-0.146930
-0.099416
0.018440
0.104243
0.009895
-0.086286
-0.018105
0.055285
0.032256
-0.098049
0.018432
-0.020178
0.075517
-0.011001
-0.053898
-0.014833
-0.199337
0.190345
0.055605
0.049976
0.068403
-0.050092
-0.060243
-0.157870
0.003199
-0.019324
0.057863
-0.036221
0.010168
0.094185
0.121685
-0.086435
-0.214693
-0.070945
0.096368
0.203001
-0.042277
-0.062849
-0.065323
0.085521
0.027523
-0.096395
-0.064413
-0.002772
0.093862
0.011677
-0.023223
-0.048944
0.065561
0.033079
-0.043946
-0.139888
-0.080305
0.116674
0.135568
0.110865
-0.097064
-0.180119
-0.120940
0.022997
0.096913
0.080769
0.003542
-0.087631
0.016058
0.049377
0.101864
-0.055750
-0.141901
-0.142354
-0.031959
0.279723
0.112445
-0.157991
-0.179335
-0.013199
0.185489
0.187652
-0.039823
-0.202574
-0.188531
0.062878
0.041523
0.074412
-0.017030
-0.170240
0.192454
0.070160
0.030087
-0.022908
-0.075273
-0.013275
-0.042839
-0.044976
-0.104131
-0.034752
0.043025
0.232190
0.165515
-0.069459
-0.177655
-0.219142
-0.061274
0.172703
0.270587
0.034835
-0.126794
-0.109931
-0.073972
-0.081043
-0.062785
0.073079
0.122844
0.224993
0.055674
-0.164590
-0.116177
-0.007595
-0.010340
-0.073264
-0.133986
0.091924
0.070865
0.025723
0.130954
-0.136451
0.105931
0.136940
0.025095
-0.074941
-0.215857
-0.102539
-0.128309
0.033597
0.064915
0.158628
0.234935
-0.047299
-0.069736
-0.172796
-0.098267
0.108462
0.120175
0.092392
-0.096084
-0.056057
-0.095782
-0.073651
-0.072456
0.075275
0.191034
0.163522
0.040519
-0.143024
-0.115593
-0.129378
-0.030243
0.017143
0.069138
0.053157
0.152000
-0.002658
-0.127516
-0.092888
0.066590
0.117122
0.033325
-0.012336
-0.183656
-0.143970
0.001918
0.203089
0.119325
0.009687
-0.034126
-0.088358
-0.035003
0.020871
-0.075068
0.093646
0.122769
-0.039992
-0.002652
-0.030330
-0.023706
-0.074175
0.008807
-0.000196
-0.078433
-0.023986
-0.011416
0.109149
0.264447
0.060371
-0.239876
-0.155418
0.117447
0.219144
0.031675
-0.164281
-0.175085
-0.012898
0.060399
0.054166
-0.011429
0.017953
0.025162
0.004325
0.035755
-0.110397
0.000141
0.043803
-0.017408
0.136681
0.151405
0.038523
-0.209831
-0.241961
-0.094967
0.012026
0.230910
0.046070
0.089178
0.103146
-0.099360
-0.063679
-0.055465
0.042022
0.015777
0.061066
0.026688
-0.071651
-0.068299
-0.046714
0.052790
0.132629
0.079117
-0.151196
-0.177958
-0.102381
-0.000087
0.082933
0.124236
0.169139
0.127263
0.105761
0.040211
-0.140131
-0.289440
-0.275282
-0.062189
0.162213
0.213411
0.196501
-0.007381
0.013913
-0.030803
-0.159306
-0.007479
0.122631
0.072204
-0.151153
-0.146618
-0.019943
0.080842
0.017896
-0.009348
0.087943
0.154066
0.087409
-0.190668
-0.214110
-0.158684
0.135823
0.254433
0.018057
0.010282
0.010031
0.032857
-0.083595
-0.125567
-0.112371
-0.088877
0.035428
0.124051
0.193088
0.082814
-0.041366
-0.093817
-0.004507
0.074808
0.040331
-0.038789
-0.221200
-0.212261
-0.050469
0.184115
0.256745
0.189781
0.112584
-0.070021
-0.153631
-0.148310
-0.071422
-0.117376
-0.045687
0.065906
0.104900
0.144464
0.063539
0.018654
-0.077029
0.009099
0.016350
0.007290
-0.028492
-0.135862
-0.141402
-0.118700
0.005241
0.163713
0.335589
0.211090
-0.065855
-0.233625
-0.217575
-0.101417
0.058496
0.084580
0.037237
-0.015076
0.025126
0.053048
0.038687
0.018144
-0.132724
0.014330
0.118728
0.059425
-0.061426
-0.088797
-0.112550
-0.088417
0.009359
0.055206
0.168062
0.139738
0.051512
-0.062880
-0.084436
-0.050267
-0.014682
-0.017908
-0.077279
-0.090360
0.043587
0.163731
0.173530
0.066495
-0.116053
-0.224048
-0.208191
0.022626
0.156872
0.139684
0.075398
-0.012047
-0.042105
0.008794
-0.009325
-0.099116
-0.122024
-0.070124
0.044192
0.138922
0.156319
0.045482
-0.053876
-0.083946
-0.051978
0.000796
0.008896
-0.074105
-0.101413
-0.001120
0.139402
0.185390
0.082865
-0.033701
-0.157254
-0.129651
-0.034536
0.024382
0.005916
-0.012092
0.072505
0.091123
0.065172
-0.004449
-0.057546
-0.089435
-0.070715
-0.002600
0.019442
0.024971
0.007030
0.041887
0.047397
0.032360
-0.003396
-0.020454
-0.018742
-0.039351
-0.073346
-0.082616
0.017273
0.096403
0.118245
0.032294
-0.048871
-0.062325
-0.005784
-0.023957
-0.052703
-0.028167
0.012106
0.099416
0.064818
0.046813
-0.039998
-0.088734
-0.112342
-0.049278
0.048114
0.012406
0.075207
0.058002
0.088711
0.054414
-0.043726
-0.116136
-0.136128
-0.058219
0.020606
0.051892
0.059659
0.026221
-0.010409
0.075991
-0.002820
-0.047785
-0.041156
-0.015870
-0.016116
-0.020572
0.015248
-0.002900
0.013386
0.030290
0.067538
0.010059
-0.023899
-0.043255
-0.051847
-0.027916
-0.023526
0.015347
0.041959
0.040108
0.006330
-0.019749
0.005245
-0.000646
0.009008
-0.003108
-0.052667
-0.031262
0.018575
0.056518
0.005110
-0.067920
-0.078264
-0.010908
0.048756
0.099867
0.069816
-0.019674
-0.060286
-0.018398
0.027993
-0.014991
-0.045723
-0.072726
-0.048411
0.013954
0.069306
0.090515
0.036123
-0.036897
-0.056284
-0.043109
-0.000744
0.019260
0.027380
-0.007620
-0.029534
-0.017089
0.002331
0.021020
-0.010779
0.008295
0.004707
0.008643
-0.018031
-0.024586
0.002405
0.012129
0.017886
-0.016019
-0.004314
0.013635
0.009883
0.010948
-0.004857
-0.026768
-0.001145
0.009872
-0.014036
-0.014520
-0.019200
-0.021589
-0.005507
0.060397
0.086673
0.002521
-0.075397
-0.083408
-0.041820
0.026481
0.082322
0.108988
0.065390
-0.065210
-0.134008
-0.146251
-0.043537
0.064042
0.114972
0.138175
0.067640
-0.021309
-0.100823
-0.092459
-0.054732
0.013535
0.036937
0.013969
0.012463
0.009558
0.023244
-0.020016
-0.042008
-0.032354
0.036490
0.090835
0.052640
-0.029188
-0.149460
-0.105522
-0.004124
0.070440
0.117507
0.089595
0.081148
-0.006570
-0.116340
-0.160006
-0.099394
0.009759
0.072435
0.084044
0.070484
0.060368
0.000674
-0.057176
-0.122163
-0.095206
0.008630
0.086763
0.093772
0.027190
-0.027411
-0.070856
-0.049900
-0.031561
0.037553
0.056542
0.018758
0.001878
-0.039177
0.000000
0.001399
-0.007651
-0.041862
-0.015699
0.051878
0.069758
0.031207
-0.046065
-0.074420
-0.067748
0.039808
0.090017
0.044253
-0.024678
-0.065252
-0.052922
0.005345
0.045556
0.038091
0.012248
-0.030595
-0.040846
-0.025470
0.022734
0.051853
0.035437
-0.023394
-0.059970
-0.054768
-0.025289
0.022704
0.063654
0.072286
0.012775
-0.071440
-0.105845
-0.046505
0.027178
0.075465
0.035347
-0.004089
-0.015559
-0.021525
-0.043223
-0.058212
-0.014611
0.040491
0.076457
0.026093
-0.026830
-0.068687
-0.070501
-0.008645
0.050474
0.047191
0.036631
-0.026834
-0.069106
-0.035374
0.027059
0.066039
0.014613
-0.033730
-0.061375
-0.047771
0.001939
0.049530
0.035504
0.021406
-0.009416
-0.052315
-0.036371
-0.018121
0.019534
0.027971
0.022486
0.012272
-0.036694
-0.040262
-0.019921
0.003762
0.035962
0.029027
0.025964
0.003651
-0.007320
-0.030502
-0.041811
-0.020056
0.004365
0.032285
0.015691
0.039696
0.014245
0.005907
-0.022676
-0.048791
-0.028204
-0.015531
0.048896
0.057805
0.058295
-0.008130
-0.047521
-0.051107
-0.030620
0.032867
0.044117
0.052668
0.006672
-0.019740
-0.030828
-0.010392
0.012242
0.017407
0.014831
-0.015413
0.000293
0.005126
0.022702
0.022118
0.005065
-0.004187
-0.003214
-0.002835
-0.008743
0.001012
0.009529
0.025308
0.019233
0.015447
-0.013133
-0.030440
-0.026552
-0.012764
0.046902
0.059721
0.020157
-0.029236
