-0.023563
0.003102
-0.000420
-0.002315
-0.000134
-0.019089
0.034569
-0.020358
0.003000
0.013184
0.003287
0.019923
-0.031569
-0.013198
-0.024032
0.018220
0.024862
0.029588
-0.012393
-0.005964
-0.007233
0.003625
0.007460
-0.072037
0.049691
0.007348
0.059599
0.018940
-0.028029
-0.015060
-0.078680
0.022104
0.015638
0.025004
-0.012486
0.039302
0.031264
0.001231
-0.042789
-0.050208
0.009573
0.000202
0.049058
-0.012215
0.016116
-0.015296
-0.000683
0.027048
0.010843
0.005988
-0.037083
-0.029624
-0.017677
0.022148
0.011339
0.051493
-0.010988
-0.014647
-0.029877
-0.018312
0.017082
-0.013370
0.034409
0.011025
0.011243
-0.015132
-0.016289
-0.001216
-0.014656
-0.017889
0.008303
0.031204
0.024738
0.006003
-0.011310
-0.041468
-0.023895
0.014543
0.017432
0.007291
0.018944
-0.022764
-0.059366
0.030291
0.006156
0.030319
0.006764
-0.008161
-0.039277
-0.052589
0.023308
-0.003541
0.045459
-0.012965
0.035610
0.045434
0.017658
-0.025259
-0.021053
-0.017100
-0.075172
0.031517
-0.000013
0.042360
-0.027145
0.010841
0.076430
0.035730
-0.022132
-0.083727
-0.064145
-0.047422
0.041366
0.015837
0.077179
0.050082
0.020572
-0.058777
-0.075056
-0.020401
-0.035103
0.003412
-0.002897
0.091003
0.080105
0.010797
-0.059020
-0.032430
-0.031143
-0.024202
0.013521
0.043641
-0.017150
-0.068858
-0.001791
0.045881
0.109852
0.034801
-0.007355
-0.058915
-0.068846
-0.078996
-0.029202
0.017200
0.063820
0.082266
0.044224
0.018946
-0.044873
-0.059181
-0.054622
-0.019445
-0.001203
0.068795
-0.004605
-0.014009
-0.010042
-0.028660
0.002941
0.048354
0.088976
-0.034357
-0.079393
-0.037440
-0.023093
-0.001467
0.020262
0.006396
0.021374
-0.025484
-0.013704
-0.003210
0.010061
0.008516
-0.033856
-0.030365
-0.002816
0.065059
0.032007
-0.003389
-0.030042
-0.036927
-0.003415
-0.009783
-0.051392
-0.029741
0.016419
0.078921
0.036510
-0.033905
-0.048019
-0.042977
0.012185
0.049671
0.050761
0.030093
-0.024259
-0.072965
-0.062995
-0.039046
0.021695
0.030475
0.047712
0.052488
0.021146
-0.031437
-0.078842
-0.032025
0.027384
0.043418
0.007112
0.007150
-0.002419
-0.020005
-0.031744
-0.030673
0.042666
0.047122
0.021316
-0.015737
-0.043833
-0.040960
-0.040908
0.005926
0.053450
0.036020
0.010230
-0.017656
-0.043266
-0.021152
0.008851
0.014705
0.024385
-0.000010
-0.011404
-0.015939
-0.025646
0.002967
0.033774
-0.001429
-0.019392
0.034450
-0.000842
-0.036233
-0.012018
0.014626
0.013510
0.040172
0.020161
-0.040893
-0.054245
-0.047685
0.017836
0.050445
0.019091
0.002846
0.007195
-0.029019
-0.062471
-0.026819
0.030903
0.045542
0.009031
-0.008127
-0.039236
-0.036204
-0.023284
0.012562
0.030852
0.026532
0.010008
-0.042294
-0.028498
-0.011714
0.037461
0.005771
-0.017381
-0.026894
-0.026306
0.003548
0.001084
0.049456
0.007395
-0.024462
-0.031438
-0.007981
0.017881
-0.029911
-0.024625
-0.010226
0.004975
0.024984
0.036338
0.003320
-0.019798
-0.029576
-0.019901
-0.011887
-0.009548
-0.015124
-0.011222
0.037142
0.036627
0.006932
-0.038098
-0.040826
-0.030462
-0.001617
0.007335
-0.019748
0.014084
0.039606
-0.003959
0.003120
-0.015804
-0.029607
-0.004657
-0.007966
-0.032487
-0.047684
0.011944
0.019303
0.041518
0.041381
0.017741
-0.001498
-0.060466
-0.043460
-0.021322
0.008295
0.035694
0.028125
-0.008552
-0.019716
-0.001158
-0.001909
0.023851
0.005090
0.003247
0.012531
-0.021839
-0.052570
-0.007136
0.037818
0.005477
0.017420
0.000386
-0.020506
0.011132
0.040540
-0.010793
-0.046477
-0.018966
0.002898
0.037348
0.010804
-0.012540
0.005512
0.029225
0.009875
0.003315
-0.015854
-0.005984
-0.008930
-0.008988
-0.005832
-0.041547
0.026203
0.033593
0.012371
-0.017095
0.004627
0.004434
-0.040121
0.000784
0.009671
0.049588
0.032717
0.016726
-0.087941
-0.090944
-0.006143
-0.051894
0.084038
0.110238
0.102244
0.031955
-0.001343
-0.026355
-0.168448
-0.104265
-0.009120
0.100145
0.104187
0.034849
-0.002815
0.018489
-0.051746
-0.075579
-0.041386
-0.018906
0.161463
0.073509
-0.049407
-0.050892
-0.027177
0.013270
-0.026203
-0.006764
0.042276
0.059064
0.007897
-0.054503
-0.061490
0.035535
0.069221
0.046645
-0.004340
-0.097870
-0.052894
0.017487
0.050526
0.030599
0.040287
0.007450
-0.025102
-0.033312
-0.038766
-0.007707
-0.036318
0.009536
0.073973
0.064652
-0.010257
-0.027134
-0.027640
-0.022810
0.034830
0.049220
-0.003259
-0.065972
-0.033151
0.005832
0.029253
0.032536
0.045486
0.048661
-0.092940
-0.096408
0.012780
0.051229
0.050653
-0.004965
-0.035553
-0.021974
0.011339
-0.002344
0.017982
0.012282
0.018856
-0.018211
-0.071390
-0.047146
-0.012105
0.098646
0.073800
-0.002732
-0.015602
-0.037773
-0.046648
-0.049479
0.011420
0.033168
0.010126
0.086407
0.021341
-0.002050
0.017908
-0.075734
-0.075585
-0.116172
0.027943
0.142204
0.051571
-0.018073
0.006481
0.064292
0.031534
-0.099636
-0.110962
-0.015686
0.007686
0.052613
0.025973
0.112248
0.047673
-0.058186
-0.015368
0.027481
0.006874
-0.107063
-0.073298
-0.005474
0.059652
0.051588
0.086789
0.122048
-0.002285
-0.133546
-0.146926
0.041191
0.081117
-0.031657
-0.047498
0.019094
0.095243
0.093899
0.049007
0.008968
-0.048862
-0.119309
-0.125908
-0.042600
0.078914
0.049318
0.117213
0.170620
-0.002015
-0.113217
-0.143607
-0.059852
0.004169
0.080099
0.041713
-0.023641
-0.033783
0.025432
0.146507
0.053660
-0.071427
-0.141692
-0.021750
0.089686
0.018818
-0.060463
-0.045606
0.057869
0.143711
0.061213
-0.050612
-0.107673
-0.105343
0.024168
0.094650
0.077075
0.002658
-0.034582
-0.050448
0.000812
-0.019794
-0.050225
0.032713
0.075276
0.084519
-0.011213
-0.074699
-0.082598
-0.002586
0.053769
0.061848
0.026423
-0.039924
-0.009133
0.042770
0.034375
-0.059303
-0.051600
-0.013249
0.033361
0.031379
-0.010600
-0.011640
-0.008889
0.002335
0.014420
-0.006990
-0.053992
0.005752
0.023334
0.015930
0.006258
0.025611
0.037821
-0.011136
-0.015973
-0.049217
-0.001009
-0.007442
-0.031979
-0.032122
0.033370
0.094944
-0.000985
0.011847
-0.055414
-0.079013
0.001426
0.048991
0.057034
-0.000109
-0.044466
-0.076665
-0.023489
0.008493
0.095760
0.055083
-0.015151
-0.036822
-0.064932
-0.015440
-0.086767
0.028573
0.101501
0.062916
0.021774
-0.087550
-0.027451
0.073928
-0.028216
-0.056819
-0.132194
0.005502
0.077369
-0.040971
0.164316
0.037978
0.074652
-0.021095
-0.138126
-0.113992
-0.063426
0.004079
0.019265
0.138975
0.145831
-0.012762
-0.048868
-0.083475
-0.350444
-0.006962
0.227642
0.297413
0.078346
-0.093350
-0.161250
-0.336365
-0.075186
0.044198
0.266563
0.206126
0.019632
-0.047048
-0.149217
-0.129553
-0.067554
0.096260
0.098146
-0.000980
-0.030992
-0.039077
0.023429
0.016087
0.067665
-0.033972
-0.104181
0.020657
0.065811
0.072466
-0.123927
-0.073080
-0.009290
0.105797
-0.000111
-0.092920
-0.006342
0.030930
0.061252
-0.057171
0.049260
0.002831
0.004912
-0.012933
-0.009299
-0.023775
-0.015109
0.012090
-0.015296
-0.013246
-0.029795
-0.018532
-0.008933
0.101335
0.032068
-0.001227
-0.128141
-0.209166
0.097402
0.072571
-0.069261
0.155014
0.002742
0.034468
0.106551
-0.068488
-0.252729
-0.097814
0.025524
-0.025423
0.208826
0.022746
0.081157
0.085837
-0.038591
-0.141300
-0.181048
-0.093774
0.036751
0.222884
0.050651
-0.063592
-0.045142
0.005100
0.023195
0.046102
-0.078095
-0.060182
-0.040452
-0.061690
0.002275
-0.013760
0.172751
0.115979
0.072913
-0.105474
-0.167884
-0.018823
-0.048952
-0.013283
-0.116489
0.035577
0.215808
0.265058
0.100621
-0.208961
-0.337168
-0.275698
0.049103
0.245371
0.214491
-0.025906
-0.090358
-0.064434
-0.088000
0.050170
0.062314
0.017784
-0.058648
0.035106
0.103693
-0.033601
-0.027464
-0.114923
-0.038757
0.094155
0.046951
-0.041656
-0.070260
0.023749
0.020144
-0.049683
-0.000686
-0.049372
-0.043748
0.177289
-0.114257
-0.084414
0.053554
0.077954
0.265410
0.088541
-0.079246
-0.355119
-0.326005
-0.099280
0.207680
0.271187
0.102747
0.117732
0.036927
0.011608
-0.266581
-0.254747
-0.071522
0.101582
0.167798
0.081393
0.085784
-0.123289
-0.067022
-0.088011
-0.008426
0.078242
-0.006672
-0.061574
-0.016872
-0.013293
-0.031384
0.238498
0.086098
-0.110371
-0.177907
-0.162084
0.064545
0.200442
0.098128
-0.090553
-0.039853
-0.027374
-0.001133
-0.010972
-0.050814
0.036886
0.000155
-0.041177
0.075698
0.077804
-0.017404
-0.113901
-0.010203
0.016071
0.033937
0.117477
-0.044107
-0.064123
-0.064519
0.004130
0.069015
0.085723
0.031551
-0.126772
-0.096265
0.023201
0.086370
0.186396
0.040374
-0.182779
-0.138773
0.015057
0.115159
0.177115
0.029650
-0.162360
-0.016234
0.033896
0.026691
-0.010573
0.023124
-0.055382
-0.046828
0.109829
0.009146
-0.084785
-0.013736
0.084302
0.032710
0.065699
0.010255
-0.038169
-0.049899
-0.012916
0.054140
0.004996
-0.014697
-0.121939
-0.067654
0.037525
0.160492
0.220105
0.063424
-0.152413
-0.249534
-0.110232
0.131696
0.140206
0.031974
-0.031722
-0.133394
0.013046
0.139244
0.079843
-0.097648
-0.037713
0.013798
0.025559
0.021416
-0.089835
-0.111873
-0.020654
0.151395
0.240642
0.158826
-0.046690
-0.245280
-0.297298
-0.037417
0.113408
0.195650
0.159966
-0.018559
-0.184316
-0.112311
-0.003297
0.107395
0.162752
0.087292
-0.091668
-0.235920
0.008504
0.143770
0.095624
-0.046867
0.022182
0.014030
0.014575
0.020860
-0.054578
0.038670
-0.114232
-0.050313
0.093732
0.188292
0.073568
-0.173246
-0.097726
-0.027188
0.141490
0.166347
-0.025335
-0.141766
-0.114328
-0.122242
0.127398
0.206478
0.005997
0.040980
-0.034349
-0.047350
-0.016383
-0.039241
-0.107659
0.006340
0.094331
0.138581
0.115938
-0.068629
-0.232898
-0.125871
0.206623
0.212440
0.048778
-0.158178
-0.303394
-0.091177
0.273208
0.247989
0.028425
-0.194782
-0.171156
-0.007571
0.082161
0.170295
-0.034333
-0.065826
0.087698
0.063410
-0.114406
-0.190786
-0.080974
0.074324
0.251707
0.090560
-0.058980
-0.022050
-0.011130
-0.138668
-0.132620
0.061811
0.024620
0.147440
0.132798
-0.026359
-0.132355
-0.190857
0.020834
0.111854
0.160824
0.000330
-0.169773
-0.153204
-0.072979
0.295092
0.296282
-0.019914
-0.306482
-0.230096
0.065279
0.186502
0.178654
-0.013860
-0.171252
-0.077169
0.082425
0.164942
0.114877
-0.105553
-0.283870
-0.133035
0.198209
0.230178
0.067455
-0.117322
-0.123559
-0.040627
0.088876
0.127455
0.038254
-0.091831
-0.158920
-0.014464
0.158252
0.174568
-0.065533
-0.151347
-0.027195
0.106360
0.047287
-0.122156
-0.043330
0.032803
0.080403
0.061216
-0.094799
-0.016032
0.024448
-0.003483
0.025429
-0.035535
-0.006629
0.012030
-0.024771
0.000716
0.075492
0.011975
-0.059142
-0.063751
0.029607
0.121288
-0.050111
-0.109340
-0.003590
0.095578
0.044108
-0.076595
-0.115565
0.026294
0.097364
0.024222
-0.028642
-0.026497
-0.021208
-0.077884
0.008507
0.016490
0.024955
-0.027474
-0.020847
0.032938
0.050771
-0.058702
-0.114428
-0.023428
0.103061
0.151004
-0.082827
-0.084644
-0.074876
0.062868
0.017010
-0.004728
-0.006127
-0.076507
0.022819
-0.085189
0.052243
0.000434
0.045276
-0.058941
-0.091551
0.030728
0.021407
0.072940
-0.107798
-0.036847
0.058380
0.119066
0.010250
-0.128035
-0.122441
0.014794
0.037067
-0.001001
0.079077
0.027080
0.013054
-0.066663
-0.050910
-0.029323
0.041235
0.004749
-0.117109
-0.017529
0.099830
0.038179
-0.060864
-0.072174
-0.051806
0.023398
0.032404
0.013404
0.030436
0.103243
0.017066
-0.102031
-0.043279
-0.106608
-0.186510
0.036461
0.009112
0.253411
0.313897
-0.051027
-0.202259
-0.363871
-0.020489
0.102948
0.047479
0.102236
0.081495
0.139903
-0.069028
-0.263898
-0.175968
0.011719
0.124689
0.158923
0.067593
0.007461
-0.058030
-0.173989
-0.032202
0.076765
0.141409
-0.005780
-0.162567
-0.050926
0.014108
0.042009
-0.039889
-0.014997
0.085350
0.073651
-0.037632
-0.155093
-0.114003
0.063462
0.100927
0.057752
0.027863
-0.052149
-0.027809
-0.094394
-0.135168
-0.041207
0.123461
0.157419
0.074034
0.020477
-0.116319
-0.120758
-0.106318
0.011030
0.122293
0.158721
0.063657
-0.210299
-0.180144
-0.016852
0.077691
0.078369
0.113480
0.083413
-0.072170
-0.115748
-0.257902
-0.037899
0.117357
0.175735
0.199128
-0.034654
-0.065630
-0.236215
-0.125164
0.026351
0.115722
0.132283
0.065036
-0.019238
-0.124331
-0.141224
-0.105897
0.105505
0.105152
0.043538
0.020187
0.041284
0.003412
-0.072692
-0.127969
-0.009182
0.058100
0.055794
-0.036451
-0.022412
0.038830
-0.061027
-0.023026
0.013145
0.202916
0.030580
-0.086201
-0.128013
-0.090539
0.109612
0.034413
0.011576
-0.055201
-0.006416
0.026021
0.030299
0.067687
0.004584
-0.128339
-0.183789
-0.023704
0.095329
0.150987
0.022834
-0.021688
0.062090
0.096090
0.059235
-0.071593
-0.240995
-0.154212
-0.001590
0.003895
0.183346
0.150736
0.205043
0.045058
-0.214136
-0.143599
-0.079244
-0.018063
-0.020896
0.059965
0.171485
0.098165
-0.073729
-0.068840
0.003609
0.053287
-0.032127
-0.094788
-0.037373
0.054097
0.047513
0.012255
0.024551
0.058163
-0.008089
-0.078107
-0.027827
0.008204
0.102965
-0.021434
-0.114436
-0.058797
0.104925
0.113320
0.038679
-0.084135
-0.109387
-0.044236
0.037567
0.118268
0.034508
0.015139
-0.094723
-0.009404
0.067248
0.047371
-0.084361
-0.170020
-0.041625
0.190633
0.211772
0.060723
-0.103056
-0.128535
-0.042918
-0.071787
0.033616
0.036892
0.124660
0.062408
-0.059838
-0.018185
0.001364
-0.008763
-0.111829
0.034488
0.140339
0.089033
-0.036318
-0.140290
-0.044268
0.078801
0.069606
-0.029395
0.078325
0.031024
0.028239
-0.076278
-0.057969
0.030697
-0.026809
0.074070
-0.025257
0.090344
0.000333
-0.081828
0.044430
0.121530
0.080075
-0.115037
-0.101321
-0.019216
0.096196
0.017106
-0.039072
-0.012292
0.089640
0.107443
-0.033493
-0.046816
-0.067136
0.011069
-0.017202
0.064710
0.132506
0.017438
-0.072514
-0.076106
0.008537
0.086675
0.037640
-0.048835
0.000181
-0.017858
-0.029220
0.010076
0.020676
0.023412
0.002630
0.046693
0.092811
0.019876
0.022719
-0.086001
-0.057806
-0.026792
-0.066069
0.014122
0.059661
0.094725
0.030738
0.083518
0.006453
-0.061482
-0.137243
-0.097934
0.065592
0.065151
0.071133
0.008161
0.011092
0.005208
-0.060854
-0.054436
0.033677
0.029711
-0.013810
-0.091077
0.070959
0.114791
0.063859
-0.046302
-0.123312
-0.005649
-0.004766
0.020452
0.051197
0.053908
-0.039938
-0.072830
-0.036415
0.082938
0.090994
-0.044947
-0.110077
-0.025650
0.056038
0.049153
0.011366
-0.021349
0.002018
0.004939
-0.006317
0.030197
-0.027049
-0.017390
-0.089299
-0.013803
0.059201
0.031168
0.010567
-0.026118
0.086244
0.026002
-0.056944
-0.121173
0.060397
0.035091
-0.049155
-0.104866
-0.062610
0.140625
0.069766
0.077483
0.026367
0.013095
-0.093128
-0.148737
-0.017720
0.053372
0.095690
-0.021774
-0.039793
0.019486
0.054433
-0.028550
-0.142531
-0.048014
0.096637
0.101194
-0.009985
-0.052804
-0.084869
-0.019655
-0.035890
0.077796
0.084248
-0.056768
-0.048651
-0.053276
0.063423
-0.015096
-0.129155
-0.035028
0.142230
0.159833
0.032342
-0.103698
-0.119499
-0.101070
-0.101794
0.026980
0.057864
0.095022
0.061816
-0.023050
0.019076
-0.092592
-0.120469
-0.071404
0.009442
0.176785
0.112895
-0.089203
-0.132509
-0.104822
-0.000110
0.141440
0.043007
0.018662
-0.036536
-0.057181
-0.061048
-0.073071
0.020099
0.056956
0.040701
0.000166
0.041181
-0.011238
-0.095901
-0.085609
0.056224
0.125400
0.033737
-0.044151
-0.077559
-0.030140
-0.066756
-0.012711
0.146120
0.113035
-0.037485
-0.140680
-0.073399
0.029382
0.082597
0.010745
-0.014859
-0.009274
-0.016667
-0.027855
0.000385
0.029785
0.017605
-0.020844
-0.035967
0.017943
-0.033104
-0.037919
-0.021670
0.085270
0.070726
-0.078691
-0.091876
-0.033359
0.071249
-0.001484
-0.035355
0.085831
0.061936
-0.030027
-0.151694
-0.058193
0.039927
0.025180
0.004387
0.002393
0.038447
-0.027264
-0.081444
-0.030289
0.041561
0.070510
-0.043718
-0.056847
0.011020
0.004235
0.003708
0.000594
0.008345
0.015295
0.059030
-0.035975
-0.001454
-0.068826
-0.099316
0.009945
0.025439
0.066154
0.048674
0.024026
0.006359
-0.066587
-0.062708
-0.099320
-0.004344
0.085673
0.077234
0.035625
-0.040440
-0.022121
-0.044100
0.049747
-0.012555
0.007732
0.014827
-0.039418
-0.044839
0.008203
0.047777
-0.053529
-0.041396
0.046563
0.083597
0.000342
-0.076948
-0.060958
0.075162
0.046242
-0.060251
-0.073203
-0.016126
0.033349
0.048667
0.054313
0.072561
-0.022179
-0.157375
-0.049247
-0.017776
0.102214
0.035843
-0.068861
0.004394
0.024369
0.048522
-0.058033
-0.077723
0.008093
0.048351
-0.001333
-0.004613
-0.000634
0.035906
-0.044273
-0.044340
-0.001992
0.029205
-0.000133
-0.036414
0.017141
-0.018347
0.044229
0.003874
0.022435
0.003914
-0.016256
-0.034456
-0.046276
-0.037671
0.071297
0.113602
-0.035621
-0.069250
-0.045586
0.079067
0.021268
-0.051864
-0.065582
-0.030677
0.071482
0.044629
-0.042022
0.024111
-0.001846
-0.009646
-0.024003
-0.052283
0.038419
0.047048
0.052701
-0.050462
-0.029752
-0.001921
0.051813
-0.063389
-0.023110
0.053716
0.048197
0.088335
-0.119810
-0.017959
-0.007440
0.035256
-0.017448
-0.106043
0.071928
0.069340
0.090918
-0.050231
-0.049512
-0.008591
-0.012187
0.064811
-0.056218
0.009303
0.003051
0.028658
0.006505
-0.059865
0.023905
0.036997
0.060329
-0.056491
-0.023123
0.015245
0.005692
0.031413
-0.023196
-0.002363
0.009405
0.030732
0.054701
-0.020765
-0.012626
0.010844
0.019899
0.085429
-0.036989
-0.031606
0.000575
-0.064943
0.010145
-0.024268
0.084153
0.130472
0.028110
-0.052155
-0.165886
0.050375
0.080287
0.015552
-0.023782
-0.080952
0.063664
0.070183
0.034808
-0.025714
-0.005099
0.042478
0.012348
-0.006100
-0.064500
-0.037785
0.004993
0.043865
0.030547
0.001378
0.034836
0.011294
0.039821
-0.067298
-0.076515
0.032825
0.054698
0.056747
-0.033175
-0.045888
0.047383
0.021490
0.002878
-0.009436
-0.064141
0.069752
-0.033536
-0.005440
0.003639
-0.004864
0.076646
-0.053146
0.019317
-0.024481
-0.005895
0.042226
-0.040246
-0.001569
-0.030706
-0.028310
0.055600
0.003582
0.015358
-0.033828
-0.057661
0.031092
0.014314
0.005249
-0.063627
-0.011524
0.077190
0.010389
-0.046247
-0.068584
0.037423
0.096901
0.029524
-0.042447
-0.109719
-0.022406
-0.007807
0.061356
0.081345
0.017855
0.036941
-0.039764
-0.018667
-0.083333
-0.071971
0.050055
0.069667
0.089681
-0.053179
-0.055807
0.050114
0.003789
-0.005504
-0.089035
0.001423
0.078335
0.035102
0.014436
-0.080163
-0.005300
0.028066
0.013079
-0.007813
-0.010953
0.031197
0.027449
0.013693
-0.021979
-0.042316
0.037281
0.053680
-0.024607
-0.036713
-0.031941
0.044980
0.070859
0.001963
-0.068555
-0.009992
0.021310
0.062876
0.033411
-0.044559
0.017667
-0.028557
0.031624
-0.001722
0.011614
0.024240
-0.024475
-0.004468
-0.049964
-0.004360
0.048071
0.090796
-0.011372
-0.049417
-0.077412
0.000168
0.056387
-0.000853
0.052817
-0.017157
0.047899
0.018485
-0.066878
-0.027944
-0.012760
0.043187
0.029584
-0.028133
-0.014209
0.030708
0.012091
-0.027385
-0.005069
0.026210
0.031251
0.037266
-0.023051
-0.055288
-0.020327
0.028247
0.065331
-0.020200
-0.020435
0.026089
-0.035313
-0.002698
-0.072525
-0.035791
0.118196
0.048262
0.010478
-0.012422
-0.012921
0.015548
-0.084000
-0.082071
-0.013630
0.024842
0.107398
0.012919
0.009340
0.041569
-0.082192
-0.055239
-0.084065
-0.019075
0.086060
0.056568
0.004089
-0.073241
-0.035387
0.032749
0.023998
-0.059503
-0.040686
-0.011867
0.044229
0.007225
-0.011462
-0.005151
-0.056561
0.010386
-0.049003
0.007628
-0.008412
-0.007472
0.032972
-0.026212
0.008404
-0.020161
-0.018760
0.008063
-0.019206
-0.060861
-0.035968
0.031630
0.029172
-0.012470
-0.005049
-0.027794
-0.024002
0.022747
0.047757
-0.028599
-0.082247
-0.069767
0.012418
0.087112
-0.022071
-0.041467
-0.003838
0.023995
0.027766
-0.039409
-0.058669
-0.025776
0.020908
0.056392
0.012373
-0.072413
-0.050608
0.004775
0.048663
0.022011
-0.035005
-0.034030
0.020897
0.039910
-0.004938
-0.052693
-0.057041
0.004455
0.036155
0.002329
-0.052183
0.040292
0.071534
0.045173
-0.022854
-0.069176
-0.011307
-0.032885
-0.032378
-0.015439
0.071783
0.048335
0.050367
-0.008240
-0.088137
-0.019408
-0.005752
0.045974
0.024299
-0.008430
-0.040520
0.016559
0.034296
0.022321
-0.002021
-0.040649
-0.009315
-0.040309
0.029897
0.028743
-0.053802
0.000164
0.062012
0.059829
-0.006400
-0.057381
-0.036802
-0.033005
0.019283
0.058768
0.026750
-0.055667
-0.084486
-0.005823
0.078305
0.032522
0.003815
0.004074
-0.057556
-0.039169
-0.016149
0.005046
-0.027739
0.020083
0.014276
0.018503
0.023941
-0.039294
-0.027612
-0.023756
0.010161
-0.008155
0.009020
0.006397
-0.040277
-0.011448
-0.004115
-0.053813
0.036715
0.087586
0.058122
-0.029937
-0.088903
-0.081644
-0.067855
0.033030
0.031617
0.045379
0.040260
0.007670
-0.049743
-0.042486
-0.001087
-0.021016
-0.059301
0.000766
0.087631
0.023118
-0.025244
-0.103618
-0.039386
0.033590
0.040808
0.044853
-0.017686
-0.051160
-0.062417
-0.009190
0.048515
0.047977
-0.021071
-0.068882
-0.006457
0.050287
-0.048432
-0.008198
0.026861
-0.022506
0.077371
0.068875
-0.018321
-0.158004
-0.094519
0.014668
0.116664
0.087284
-0.032750
-0.036224
-0.061289
0.115285
0.016448
-0.045673
-0.117555
-0.062375
0.083351
0.049154
0.056626
-0.034822
0.012605
-0.006571
-0.026063
-0.012124
0.038730
-0.010625
-0.051741
-0.006772
0.024056
0.058536
0.014126
-0.015521
-0.026453
-0.016066
0.034995
0.008693
-0.065390
-0.011801
0.000191
0.073547
0.073546
-0.009950
-0.060099
-0.076853
0.034914
0.077987
0.058287
-0.037543
-0.085070
-0.052693
0.073575
0.087771
-0.019679
-0.017058
-0.010168
0.026908
0.010399
0.044176
-0.012915
-0.042907
-0.032813
0.000681
0.090447
0.033197
-0.009470
-0.060010
0.008959
0.039632
0.025247
-0.011925
-0.050277
0.015755
0.036679
0.021007
0.011980
0.026029
0.006970
-0.015870
-0.007161
-0.005643
-0.003432
0.004453
0.001781
0.072942
0.063328
-0.015846
-0.049623
-0.060713
0.029258
0.044484
0.023695
0.013007
-0.031922
-0.010425
-0.003604
-0.020767
0.039483
0.050439
0.042808
0.063176
0.006475
-0.001143
-0.045682
-0.088034
-0.113554
-0.014938
0.068886
0.085850
0.125533
0.060935
0.041822
-0.078366
-0.127336
-0.094796
-0.020041
0.061685
0.083294
0.097763
0.080759
0.040485
-0.078913
-0.150443
-0.175659
-0.004318
0.068772
0.153710
0.173082
0.020972
0.099398
-0.020593
-0.078220
-0.114949
-0.202370
-0.053274
-0.014149
0.042013
0.161086
0.237521
0.166013
0.017863
-0.106466
-0.127201
-0.162326
-0.218779
0.025204
0.115751
0.213933
0.126707
0.060383
0.124216
-0.109124
-0.274175
-0.231610
-0.009784
0.099038
0.234355
0.166935
0.044093
0.087874
-0.052250
-0.220879
-0.181659
-0.052224
0.037693
0.152773
0.050310
0.021149
0.195124
0.144498
-0.173827
-0.329865
-0.196343
0.177718
0.356595
0.130383
-0.061072
-0.232137
-0.150800
-0.038702
0.198127
0.219150
-0.098567
-0.197477
-0.147413
0.119798
0.191335
0.135975
-0.046004
-0.182233
-0.111021
-0.050249
0.130008
0.094450
-0.022581
-0.003449
-0.032080
0.013578
0.007561
-0.055015
-0.030188
-0.010357
0.120101
0.067791
-0.009621
-0.101814
-0.139519
-0.035563
-0.004923
0.130008
0.212053
0.178931
-0.108596
-0.319875
-0.214736
0.042634
0.246111
0.191217
-0.000341
-0.159860
-0.107274
0.035164
0.080568
0.044670
0.021701
0.001319
-0.002008
-0.000755
-0.025331
-0.079432
-0.132759
0.006254
0.196954
0.274359
0.050790
-0.228511
-0.239913
-0.108221
0.149244
0.284944
0.189154
-0.050029
-0.207354
-0.161612
-0.027098
0.035487
0.048621
0.083292
0.021806
0.026364
0.023141
0.008134
-0.029559
-0.034104
0.011108
-0.089641
-0.075782
-0.072431
0.052262
0.102718
0.017001
0.011493
0.056556
0.119400
-0.018225
-0.143941
-0.213782
-0.112170
0.019496
0.129110
0.120491
0.063737
0.046395
-0.038502
-0.033798
-0.033776
-0.094459
-0.127432
-0.034494
0.083342
0.103150
0.012587
-0.024149
-0.016986
0.004330
0.002886
-0.015661
-0.099082
-0.099023
-0.001828
0.129331
0.144166
-0.006449
-0.064663
-0.169499
-0.067561
0.004835
0.032877
0.026192
-0.002935
0.007780
0.032606
0.049079
-0.080179
-0.096285
-0.122772
-0.039523
0.051470
0.093590
0.088438
0.018526
-0.008259
-0.103037
-0.098795
-0.031032
-0.039404
-0.026177
0.008389
0.017519
0.051577
0.048114
0.069158
0.004411
-0.120829
-0.177144
-0.180889
0.027495
0.152571
0.139891
0.007136
-0.014643
0.021798
-0.076802
-0.131693
-0.120396
-0.053949
0.002189
0.107287
0.089381
0.040473
0.012836
-0.105161
-0.126037
-0.064412
0.016721
0.029771
-0.001551
-0.036222
-0.012281
0.090985
0.053404
-0.042072
-0.088763
-0.016693
-0.026618
-0.078936
-0.068744
0.005223
0.063669
0.092598
0.089910
-0.022576
-0.116468
-0.124986
0.022833
0.079999
0.049161
-0.052001
-0.101223
-0.064130
-0.010434
0.083428
0.081957
0.053089
-0.022653
-0.083454
-0.079656
-0.023756
-0.003532
0.004632
-0.001865
-0.011596
0.045707
0.059918
0.011519
-0.072483
-0.067691
-0.010231
0.056705
0.048546
-0.037115
-0.080058
-0.048603
0.022283
0.067832
0.098975
0.046378
-0.023136
-0.121179
-0.114294
-0.017703
0.045667
0.076285
0.038551
0.011808
-0.011321
-0.046069
-0.084161
-0.033924
0.023619
0.032521
0.042946
0.005350
-0.023180
-0.013580
-0.027533
0.023078
0.006588
-0.006215
0.005364
-0.015391
-0.016788
-0.055893
-0.032247
0.027192
0.115783
0.086033
-0.013109
-0.089695
-0.120061
-0.047929
0.035672
0.082271
0.056331
0.013115
-0.005331
-0.014871
-0.029372
-0.010942
-0.006512
-0.004671
0.002241
0.033991
0.041677
0.015770
-0.027891
-0.019817
0.019184
0.016654
-0.021582
0.005552
0.047252
0.009269
-0.008807
0.009324
0.041531
-0.011079
-0.020740
-0.031438
0.058331
0.017603
-0.031605
0.005795
0.006087
0.058940
0.030387
0.020506
-0.034444
-0.068684
-0.026828
0.103019
0.094544
0.022309
-0.002108
-0.027401
-0.031738
-0.082315
-0.001870
0.082101
0.088207
0.062088
0.019177
-0.041567
-0.045208
-0.035792
-0.003896
0.038076
0.051738
0.058425
0.015095
-0.040919
-0.023822
0.005298
0.026773
0.070935
0.005797
-0.013513
-0.029792
-0.036333
-0.006510
0.020067
0.019077
0.025998
0.051571
0.053222
-0.014370
-0.066500
-0.069347
-0.002628
0.085293
0.063033
0.021962
-0.020465
-0.034019
-0.015688
0.012099
-0.003537
0.028979
0.029008
-0.011755
0.035747
0.012236
-0.033395
-0.019393
-0.020491
0.055433
0.067428
0.031106
-0.002708
-0.044403
0.016407
-0.011265
0.012481
0.004345
0.013681
0.017408
0.001119
0.008853
-0.012190
0.034877
0.008743
0.028866
-0.056793
-0.025191
0.039860
0.062319
0.062418
-0.004660
-0.016363
-0.050035
-0.010008
-0.004199
0.043538
0.062206
0.028967
0.007447
0.014998
0.001339
0.002478
-0.011977
-0.035391
0.029031
0.059215
0.053571
-0.027479
-0.030044
-0.013845
0.015837
0.045131
0.016990
0.028389
0.033885
-0.010181
-0.062758
0.014111
0.038685
0.033925
0.011002
-0.039454
-0.010469
0.058810
0.045640
-0.028266
-0.028207
-0.010068
0.020493
0.014278
-0.004648
0.019694
0.034808
0.037895
-0.028691
-0.039999
0.006259
-0.015357
-0.006420
-0.004226
0.026956
0.047493
0.039594
-0.048357
-0.055723
0.027493
0.007173
0.010444
-0.049860
-0.024634
0.012514
0.054136
0.022428
-0.042546
0.027893
0.001001
0.007046
-0.029266
-0.064561
-0.085068
0.032575
0.073444
0.014062
0.074270
-0.020261
-0.026736
-0.037828
-0.093585
-0.058983
0.031341
0.135147
0.024563
-0.031754
-0.009325
-0.075354
-0.093337
-0.047469
0.084250
0.132775
0.043186
-0.061615
-0.144605
-0.082903
0.017470
0.066414
0.061524
0.010155
-0.039155
-0.083579
-0.019341
-0.014631
0.041440
0.092114
0.026654
-0.081487
-0.098988
-0.035940
0.051659
0.094471
0.006456
-0.031156
-0.048238
0.014617
-0.029523
-0.011543
-0.059739
-0.023482
0.108394
0.061725
0.019247
-0.086086
-0.074953
-0.013652
0.100908
-0.002183
-0.071411
-0.058143
-0.038601
0.039443
-0.002095
0.107935
0.002753
-0.083241
-0.079724
-0.073129
0.044166
0.042722
0.059193
0.007367
-0.046451
-0.078689
-0.050758
0.019377
0.028621
0.034763
0.011254
-0.018429
-0.052673
-0.033590
0.003877
0.029823
-0.018148
-0.007554
-0.061535
-0.029395
0.006788
-0.006920
0.084402
0.001023
-0.029630
-0.060467
-0.005900
-0.001003
-0.037958
-0.030350
-0.032328
0.034629
0.064286
-0.007853
-0.082186
-0.089635
-0.014945
0.081898
0.089490
0.014527
-0.075718
-0.034399
0.005546
-0.061172
-0.102178
-0.050279
0.047491
0.146167
0.007601
-0.022866
-0.023725
-0.089267
-0.036764
0.018650
0.094842
0.025284
-0.041581
-0.066855
-0.059474
-0.018935
0.031175
0.055781
0.089049
0.038598
-0.072215
-0.101925
-0.098721
-0.003857
0.070086
0.098768
0.029108
-0.020639
-0.009592
-0.072434
-0.076803
-0.035876
0.047243
0.083154
0.006239
0.003855
-0.031875
0.002525
0.037444
-0.029031
-0.029180
-0.023544
0.016637
0.044756
-0.020492
-0.054500
0.022342
0.062464
0.067636
-0.035629
-0.093633
-0.071150
0.022408
0.120514
0.048258
-0.017440
-0.075411
0.002275
0.013253
0.001306
0.008996
0.010446
0.036121
-0.034307
-0.049428
-0.019187
0.040050
0.042141
0.006431
-0.031691
-0.026342
-0.026153
0.022435
0.015378
0.002990
0.000255
-0.033566
0.001293
0.027536
0.012260
-0.020517
-0.026667
-0.027492
0.008864
0.002820
0.013686
-0.051030
-0.024447
0.050448
0.024217
0.029904
-0.017642
-0.030742
-0.041424
-0.005737
0.009396
-0.013118
0.009714
-0.007585
0.051918
0.033616
-0.077047
-0.040007
0.002981
0.045396
0.066350
-0.014705
-0.061917
-0.040118
0.013010
0.032792
0.004886
-0.021229
-0.014438
-0.025827
0.014026
0.019805
0.011914
-0.007538
0.001106
0.050844
0.001422
-0.034342
-0.084446
-0.030319
0.013631
0.062990
0.040766
0.012811
0.004831
-0.042196
-0.024159
-0.078637
0.006657
0.060145
0.066785
0.025113
-0.055605
-0.044315
-0.028499
0.010264
0.047470
0.070142
0.030925
-0.036725
-0.079705
-0.061500
-0.002577
0.053993
0.079371
0.020434
-0.014720
-0.018504
-0.007935
-0.009981
-0.060347
0.005754
0.019063
0.033702
0.034086
-0.030306
-0.061395
-0.019523
0.030678
0.037152
0.043490
-0.039791
-0.022646
0.013157
-0.002912
-0.026014
-0.019408
0.013515
0.039259
0.014299
-0.046954
-0.025080
0.030607
0.073316
0.017278
-0.071377
-0.057639
-0.014594
0.040171
0.070322
0.005267
0.000313
0.025235
0.005472
-0.033491
-0.008795
-0.035295
0.001651
0.044348
0.027673
0.027264
-0.038611
0.004913
-0.008825
0.007788
0.025674
0.017512
0.022884
0.007626
-0.067142
-0.044662
0.024767
0.019618
0.101708
0.078610
0.015206
-0.089955
-0.168013
-0.038883
0.101833
0.140424
0.089934
-0.019590
-0.031589
-0.093649
-0.048852
0.050331
0.038082
0.038446
-0.015120
0.049066
-0.002943
-0.034315
-0.039511
-0.030346
0.074243
0.089334
0.043879
-0.068736
-0.112940
-0.141457
0.063419
0.181785
0.120731
0.054881
-0.082074
-0.133774
-0.130311
-0.011212
0.064280
0.110437
0.078157
-0.000514
-0.004012
-0.018898
-0.062076
-0.076456
-0.010017
0.023327
0.090834
0.048322
-0.027469
-0.048890
-0.029825
0.010118
-0.019363
0.041066
0.044304
0.003701
-0.042534
-0.041205
-0.051798
0.003829
0.103682
0.070562
0.059290
-0.066581
-0.129838
-0.060397
-0.000727
0.042895
0.042922
0.047626
0.030697
-0.013561
-0.055735
-0.038654
0.015877
0.043828
-0.002107
-0.050952
0.016868
-0.001138
-0.027702
-0.000231
0.019920
0.043402
0.015100
-0.010322
-0.007003
-0.027685
-0.055098
-0.017575
0.013870
0.086698
0.078631
0.005539
-0.045387
-0.082422
-0.050359
-0.002766
0.035412
0.056406
0.046590
0.020879
-0.046104
-0.048818
0.041707
0.075926
0.003291
-0.080868
-0.045802
0.043125
0.068631
0.006703
-0.034928
-0.015753
0.021353
0.026455
-0.020392
-0.023715
0.016546
0.027219
0.027133
0.004929
-0.022776
-0.021633
-0.017799
0.002843
0.027123
0.067667
0.036876
-0.027698
-0.058807
-0.069603
-0.004605
0.038990
0.055388
0.017362
-0.010632
0.008815
0.006363
-0.016062
-0.040040
-0.034879
-0.004003
0.061884
0.068717
0.015226
-0.041635
-0.053328
-0.027372
-0.020075
-0.003665
0.027641
0.041360
0.014751
-0.009356
-0.017357
-0.015677
-0.019004
0.000758
0.030347
0.034928
0.032085
-0.021503
-0.033866
-0.042420
-0.076652
-0.052347
0.046790
0.128396
0.083029
-0.013185
-0.078886
-0.061530
-0.001389
0.038102
0.014342
-0.026045
-0.013013
-0.010128
-0.004598
0.000563
-0.009552
0.009173
0.040882
0.062335
0.012094
-0.072485
-0.111456
-0.030479
0.085938
0.141193
0.078557
-0.050057
-0.091856
-0.071417
-0.006398
0.000067
-0.011484
-0.000070
0.049857
0.067717
0.033637
-0.026415
-0.043557
-0.019920
-0.004367
-0.010807
-0.029997
0.004158
-0.018281
0.052615
0.048236
0.015539
0.019759
0.034173
0.007827
-0.115134
-0.113071
-0.055978
0.022127
0.078913
0.122378
0.079481
-0.004766
-0.082625
-0.107927
-0.057509
0.002003
0.033879
0.000218
0.000249
0.011765
0.030053
0.032910
0.007530
-0.053950
-0.064708
-0.010899
0.025617
0.042795
-0.012164
-0.036752
-0.018259
-0.012219
-0.020640
-0.032279
-0.003328
0.044358
0.043334
-0.021833
-0.053777
-0.030992
0.004215
0.012528
-0.015557
-0.021336
0.006301
0.026216
0.022878
-0.005231
-0.043596
-0.073383
-0.059344
0.009986
0.062063
0.079887
0.031899
-0.032064
-0.053311
-0.059076
-0.056563
-0.026600
0.042624
0.075799
0.040660
-0.029884
-0.050962
-0.037228
-0.007404
0.011104
-0.004736
-0.006777
-0.001224
0.014085
0.000704
0.006614
0.020121
0.023862
0.009685
-0.022358
-0.043977
-0.067346
-0.043735
0.019646
0.076079
0.068882
0.012213
-0.035919
-0.043473
-0.042442
-0.025293
0.007055
0.035310
0.056713
0.030395
-0.008668
-0.036191
-0.043176
-0.006693
0.015987
0.009460
-0.003538
-0.019408
-0.020523
-0.027808
0.002201
0.041534
0.037166
0.000060
-0.034849
-0.032976
-0.014883
0.015353
0.016626
0.002258
0.000370
0.005235
0.007876
-0.010311
-0.034161
-0.020279
-0.004937
-0.002687
0.012761
0.015200
0.004364
-0.013898
-0.024510
-0.005961
0.012500
0.016263
-0.000815
-0.029075
-0.008983
0.016927
0.031390
0.012358
-0.043493
-0.067123
-0.041746
0.015156
0.055618
0.048960
0.004781
-0.013230
-0.013646
-0.011670
-0.020083
-0.053330
-0.053078
-0.022465
0.046468
0.073286
0.037906
0.021459
-0.007753
-0.025693
-0.051834
-0.063259
-0.016377
0.015103
0.019917
0.023048
0.025444
0.019634
-0.005117
-0.029529
-0.048529
-0.048879
-0.010826
0.035367
0.048978
0.021953
-0.018975
-0.026364
-0.011357
-0.000822
0.009212
0.001315
-0.006924
-0.015048
-0.023278
-0.009717
0.028599
0.039401
0.023965
-0.017640
-0.055353
-0.034489
0.016844
0.036153
0.010829
-0.001864
-0.017102
-0.012599
