-0.033113
-0.029872
-0.020350
-0.002859
0.014350
0.024043
0.027028
0.016112
-0.005166
-0.030561
-0.037198
-0.017971
0.005900
0.013636
0.013319
0.013751
0.007987
-0.015156
-0.030306
-0.020497
-0.001557
0.012780
0.019820
0.027175
0.021894
-0.002639
-0.038324
-0.045998
-0.025831
0.011318
0.030302
0.030321
0.021131
0.017874
0.012686
-0.014938
-0.049477
-0.057556
-0.020259
0.022008
0.045191
0.042867
0.034629
0.001269
-0.022713
-0.033654
-0.031109
-0.018593
-0.003652
0.011448
0.029344
0.042451
0.025219
-0.011829
-0.043182
-0.031014
0.004184
0.027526
0.018046
-0.003354
-0.013144
-0.014025
-0.004146
0.020386
0.021414
0.013857
0.011043
0.006097
-0.012335
-0.032956
-0.039094
-0.015990
0.026553
0.060727
0.059077
0.011042
-0.036761
-0.061754
-0.044526
-0.001726
0.030033
0.035480
0.019976
0.009136
-0.002005
-0.022863
-0.038385
-0.027180
0.003361
0.029179
0.038009
0.012012
-0.024937
-0.053242
-0.031529
0.011843
0.038886
0.036785
0.007083
-0.019780
-0.022891
-0.031174
-0.039952
-0.028877
0.015989
0.058843
0.047038
0.011394
-0.014110
-0.031001
-0.053275
-0.046936
-0.020241
0.015899
0.025703
0.038574
0.038254
0.025018
-0.009056
-0.063987
-0.084114
-0.052480
0.001397
0.033800
0.039868
0.048827
0.043888
0.005599
-0.050134
-0.093853
-0.069732
-0.003103
0.046903
0.046846
0.027421
0.013426
0.003858
-0.031188
-0.049417
-0.036871
-0.008750
0.019527
0.025774
0.035099
0.017143
-0.004865
-0.028246
-0.043018
-0.022963
0.012509
0.029117
0.013551
0.008929
0.007097
-0.000356
-0.039001
-0.034241
0.001362
0.028895
0.027317
0.005735
0.009285
0.015695
0.010107
-0.032281
-0.066526
-0.052461
0.021897
0.068651
0.069806
0.039239
0.006603
-0.027194
-0.069662
-0.074999
-0.043662
0.038638
0.090624
0.092863
0.052913
-0.021267
-0.086893
-0.097327
-0.031450
0.036553
0.075089
0.055785
0.007864
-0.038123
-0.034861
-0.008010
-0.005425
0.005109
0.023204
0.040435
0.009566
-0.026129
-0.030104
0.006591
0.021548
0.006699
-0.014086
-0.028750
-0.032676
-0.016896
0.024939
0.038965
0.049220
0.022715
-0.008827
-0.065093
-0.077780
-0.022353
0.035154
0.082920
0.057569
0.002090
-0.082559
-0.110321
-0.048774
0.032288
0.104017
0.062109
0.023347
-0.015261
-0.067971
-0.070620
-0.042200
0.029737
0.056637
0.052663
-0.002964
-0.057389
-0.075450
-0.023876
0.039318
0.069850
0.073535
-0.006056
-0.075313
-0.104078
-0.037708
0.047235
0.087109
0.068875
-0.001932
-0.047661
-0.082742
-0.057434
-0.006143
0.068368
0.088808
0.084265
0.036062
-0.081743
-0.151586
-0.116795
0.025623
0.116914
0.135619
0.088266
-0.010213
-0.087792
-0.139785
-0.106394
0.032386
0.143778
0.163193
0.064296
-0.028076
-0.127102
-0.126686
-0.033482
0.058577
0.104317
0.082413
0.059463
-0.011801
-0.075668
-0.118954
-0.055578
0.039433
0.121935
0.124689
0.064685
-0.037054
-0.122530
-0.114496
-0.010145
0.081857
0.100451
0.068148
0.000389
-0.017951
-0.075878
-0.021427
0.044579
0.066796
0.013391
-0.032688
-0.018322
-0.016934
-0.000044
0.010058
0.046783
0.010061
0.016813
0.003650
0.011744
-0.020323
-0.056551
-0.045479
0.014618
0.082137
0.031738
0.019216
-0.011208
-0.022667
-0.055535
-0.050892
0.002879
0.033215
0.036234
0.015300
0.016950
0.004669
-0.034463
-0.044449
-0.028573
-0.000950
0.005813
-0.015855
-0.003944
0.029931
0.046839
0.025871
0.016361
-0.006862
-0.037380
-0.062503
-0.081034
-0.038923
0.042451
0.068657
0.045828
0.017698
0.022700
-0.034293
-0.090051
-0.114645
-0.018987
0.069152
0.083614
0.080955
-0.009364
-0.025182
-0.048755
-0.047632
-0.055638
-0.028142
0.033859
0.039777
0.038666
0.008065
-0.020984
-0.045392
-0.024580
0.014616
0.010456
0.009049
0.003039
0.033906
0.015222
-0.020938
-0.074091
-0.050388
0.023978
0.031901
0.028564
0.015008
0.009180
-0.019966
-0.013777
-0.013879
-0.030455
-0.016287
0.008837
0.056085
0.035352
-0.007428
-0.044617
-0.061442
0.009814
0.013626
0.032660
0.051916
0.032425
-0.021841
-0.085704
-0.069239
-0.026943
0.024944
0.058957
0.064807
0.055548
-0.028523
-0.048599
-0.045274
0.016077
0.016042
-0.001128
-0.002076
-0.026000
0.023273
0.009046
0.016389
-0.005796
-0.009782
-0.043698
-0.030603
0.019519
0.050288
0.064023
0.034650
-0.013378
-0.063110
-0.097509
-0.071347
0.022513
0.063920
0.091843
0.074961
0.017728
-0.068240
-0.112337
-0.082423
-0.023999
0.062131
0.082514
0.068900
0.001232
-0.054717
-0.089795
-0.068873
0.003135
0.063127
0.124633
0.071586
-0.045423
-0.152898
-0.123329
-0.008235
0.076321
0.078760
0.025247
0.010608
-0.006774
-0.015070
-0.054841
-0.073135
0.002283
0.087771
0.081035
-0.026407
-0.101670
-0.078757
-0.009126
0.052105
0.054569
0.058108
0.042916
-0.008895
-0.090938
-0.120655
-0.052337
0.017529
0.118048
0.092650
0.052305
0.005722
-0.045621
-0.051712
-0.073368
-0.031975
-0.006077
-0.001478
0.009137
0.071258
0.134086
0.052079
-0.105970
-0.165825
-0.062313
0.073852
0.121131
0.046095
-0.055449
-0.068858
-0.016562
0.040301
-0.002439
-0.035550
-0.015592
0.036489
0.051558
0.004058
-0.024157
-0.000073
0.039890
-0.002635
-0.043523
-0.049281
-0.013225
0.047330
0.058806
-0.000134
-0.076305
-0.061366
0.036992
0.123442
0.079231
-0.060885
-0.167227
-0.067565
0.047893
0.086149
0.071756
0.004541
0.009456
-0.059984
-0.073902
-0.067028
0.018975
0.071151
0.070423
0.068377
-0.006034
-0.084332
-0.164055
-0.037157
0.021728
0.095536
0.069243
0.016668
0.013321
0.001933
-0.020181
-0.145668
-0.095209
0.000864
0.142619
0.068362
-0.042368
-0.093077
-0.024354
0.054027
0.020521
0.069031
0.027781
-0.037882
-0.112694
-0.098170
-0.055408
0.013792
0.104707
0.125476
0.094085
0.007175
-0.110970
-0.207899
-0.113768
0.030309
0.127215
0.157297
0.045543
-0.050521
-0.099984
-0.076993
-0.054158
0.033122
0.098399
0.108722
0.013274
-0.070923
-0.136873
-0.117430
0.003606
0.099891
0.153016
0.090599
0.013711
-0.067293
-0.147497
-0.168714
-0.030248
0.095709
0.190442
0.067801
-0.053879
-0.115332
-0.072878
0.016578
0.045467
0.117533
0.053548
-0.011973
-0.053774
-0.035179
-0.081882
-0.145178
-0.047487
0.138075
0.274062
0.130091
-0.109294
-0.257425
-0.184070
0.033066
0.161947
0.156984
-0.016761
-0.106179
-0.092846
0.063872
0.140116
0.081907
-0.057885
-0.152032
-0.094185
-0.026137
0.034462
0.023012
0.086824
0.083866
0.022553
-0.033070
-0.041115
0.010933
0.005565
0.018557
-0.014369
-0.031556
-0.070929
-0.064226
0.020396
0.090395
0.156109
0.048478
-0.041697
-0.178596
-0.138565
-0.030160
0.095688
0.157636
0.080498
0.004445
-0.084616
-0.023344
-0.023704
-0.025462
-0.060617
0.006968
0.049495
0.049632
0.022679
0.038936
-0.043230
-0.115347
-0.057297
0.039834
0.129183
0.108757
0.070141
-0.039652
-0.086510
-0.112800
-0.062205
-0.037762
0.017319
0.105187
0.164913
0.115647
-0.085419
-0.176692
-0.187998
-0.015440
0.146007
0.160977
0.088439
0.031250
0.060347
-0.092836
-0.230497
-0.190321
0.047411
0.203770
0.163656
0.069548
-0.005486
-0.065368
-0.121798
-0.113120
-0.047808
0.062841
0.137398
0.136841
0.035321
-0.022371
-0.058986
-0.073749
-0.069664
0.006910
0.093674
0.022996
-0.099941
-0.090798
0.112530
0.231538
0.073883
-0.198655
-0.247109
-0.062042
0.185651
0.215589
0.032474
-0.176153
-0.145336
0.012778
0.109677
0.117066
0.007433
-0.093905
-0.121618
0.025603
0.107048
0.080626
-0.074394
-0.142205
-0.059436
0.121555
0.184607
0.061495
-0.111081
-0.190821
-0.067053
0.097350
0.146584
0.064761
-0.075663
-0.118413
-0.061053
0.019953
0.090783
0.030861
-0.014855
-0.049872
-0.008932
0.016190
0.042562
0.087784
0.036512
-0.062767
-0.124378
-0.095257
-0.012589
0.055076
0.091584
0.088282
0.061342
-0.044711
-0.125465
-0.134946
-0.016412
0.094404
0.074659
0.029886
-0.040146
0.020972
-0.024426
-0.055179
-0.034965
0.011769
0.066506
0.062683
0.005485
-0.076966
-0.085122
-0.018546
0.057815
0.020738
0.010802
0.006822
0.057755
0.040259
-0.043332
-0.113181
-0.108623
0.032175
0.094192
0.118407
-0.004806
-0.084007
-0.063940
0.027671
0.059321
-0.019410
-0.017082
-0.059348
0.005987
-0.021372
-0.011031
0.064960
0.094061
0.022568
-0.089433
-0.027231
0.035745
0.012480
-0.032523
-0.095422
-0.011591
-0.004352
0.046214
0.113605
0.057485
-0.066648
-0.112427
0.018075
0.040264
0.037436
-0.068515
-0.040164
-0.025313
0.074894
0.042093
-0.018699
-0.003635
0.034972
0.058724
-0.056259
-0.094776
-0.075300
0.060986
0.048827
0.030076
0.001122
0.002201
0.028446
-0.038196
0.002681
-0.021685
0.020215
-0.000252
-0.022449
0.017110
-0.011042
0.007283
-0.081074
0.008602
0.026075
0.038427
0.089844
0.023260
-0.054789
-0.120667
-0.047141
0.012570
0.017292
0.018149
0.034065
0.046340
0.051670
-0.004328
-0.136622
-0.101739
0.047608
0.139294
-0.013680
-0.121290
-0.034380
0.065477
0.102557
0.031566
0.019832
-0.071973
-0.077456
-0.083535
-0.047127
0.045689
0.055300
0.123939
0.057716
-0.014916
-0.124352
-0.143874
0.018433
0.121542
0.121605
-0.073651
-0.115860
0.015443
0.142060
0.074839
-0.109895
-0.167604
-0.018902
0.156418
0.111300
-0.086328
-0.115130
-0.025092
0.094530
0.057128
-0.000241
-0.017358
-0.109730
0.062944
-0.005442
-0.000800
0.043503
0.042377
-0.026774
-0.114208
0.008223
0.095135
0.125177
-0.051393
-0.172067
-0.087305
0.094210
0.097468
-0.023849
-0.013747
0.019311
0.070719
-0.002883
-0.127683
-0.097613
0.062427
0.133170
0.028336
-0.028642
-0.077470
-0.062353
-0.014412
0.038177
0.048802
-0.021628
0.000052
-0.025119
-0.003953
0.045945
0.000129
-0.080278
-0.070800
0.082816
0.078858
0.037742
-0.040556
-0.050365
-0.056562
-0.055862
-0.004706
0.059865
0.082265
-0.036365
-0.034818
-0.028645
0.075811
-0.017684
-0.033906
-0.040074
-0.018304
0.025057
0.017317
0.029421
-0.047637
-0.010060
-0.038811
0.083315
-0.046509
-0.021467
0.075213
0.009403
-0.031058
-0.061470
0.008653
-0.007784
-0.019542
0.054589
0.006095
-0.019586
0.014637
-0.001007
0.028131
-0.023351
-0.022601
-0.043879
0.035589
-0.031765
-0.025201
0.045842
0.105884
0.061810
-0.122609
-0.109021
-0.043606
0.021885
0.078552
0.030568
-0.011758
0.093647
0.018040
-0.066271
-0.165418
-0.031966
0.056987
0.094543
0.082942
-0.009698
0.006669
-0.079339
-0.020867
-0.089091
0.015934
0.058992
0.060445
0.075687
0.003077
-0.044121
-0.068684
-0.021665
-0.052395
0.024330
0.069451
0.048879
-0.098669
-0.087277
0.034269
0.076428
0.091986
-0.015857
-0.085903
-0.084139
0.026275
0.013471
-0.015241
0.049677
-0.007178
-0.003214
-0.016804
-0.012177
-0.057566
0.004244
0.059485
-0.000959
-0.014675
-0.065809
-0.013063
-0.015046
0.082083
0.029285
-0.057651
-0.100405
0.000369
0.104747
-0.030852
-0.004800
0.019984
0.055240
-0.018278
0.047085
0.060232
-0.113992
-0.161040
-0.116118
0.079053
0.135578
0.109996
0.008704
-0.027558
-0.043580
-0.085028
-0.000874
-0.030855
0.039569
-0.034782
-0.026671
0.086584
0.083838
0.014848
-0.129208
-0.055360
0.052076
0.039217
-0.037415
-0.112281
-0.024112
0.114288
0.112366
-0.005696
-0.055514
-0.028109
-0.030220
0.033595
0.006519
0.013611
-0.005602
-0.003469
-0.071879
-0.085762
0.024754
0.085762
0.108907
0.014501
-0.006925
-0.011076
0.004230
-0.013732
-0.029977
-0.028021
0.015582
0.043122
0.017193
-0.001388
-0.047128
-0.031127
0.024639
0.084304
0.046860
-0.039835
-0.041048
-0.021525
0.016771
-0.032682
0.011527
0.069567
0.062933
-0.022838
-0.068193
-0.008853
-0.017716
0.025468
0.012498
0.061744
0.005204
-0.022719
-0.042931
0.001401
0.045101
-0.033267
-0.016712
-0.009082
0.045533
0.041353
0.012904
-0.031383
-0.037808
-0.015312
-0.031529
-0.028704
-0.014824
0.058402
0.058461
0.038400
0.031704
0.000390
-0.008248
-0.032081
-0.022651
-0.074088
-0.026345
0.044508
0.021890
-0.001630
0.029871
0.046702
-0.014325
-0.072751
-0.066440
0.020577
0.044767
0.007265
0.015778
0.049454
0.018735
-0.063993
-0.093867
-0.091969
0.026266
0.115996
0.102807
0.041331
-0.008794
-0.022143
-0.128405
-0.068112
0.001632
0.025162
0.038837
0.065318
0.053813
0.004697
-0.025426
-0.055176
-0.025028
-0.021804
-0.001124
0.033106
0.078437
0.010622
-0.053778
-0.011216
0.005175
0.042988
-0.023883
-0.021156
0.055302
0.051733
-0.017848
-0.089234
-0.008635
0.088078
0.057340
-0.028596
-0.034803
0.002235
0.059090
0.014426
-0.000037
-0.034605
-0.000128
-0.014831
0.015728
0.073892
0.050030
0.032818
-0.050428
-0.044635
-0.027355
0.040924
0.004484
0.043176
0.015601
0.010625
0.054926
0.040015
0.030984
-0.078492
-0.052646
-0.063065
-0.011192
0.081532
0.130822
0.090149
-0.045177
-0.060603
-0.082900
-0.038609
-0.060766
0.041341
0.161331
0.059889
-0.016187
-0.061119
-0.116948
-0.058361
0.100690
0.085398
0.019187
-0.004608
-0.030880
-0.079509
-0.010643
0.033033
0.004953
-0.022973
-0.014876
0.039737
0.064090
-0.040108
-0.104536
-0.019875
0.042825
0.032550
-0.022410
-0.012884
0.037426
0.050857
-0.101450
-0.094011
0.018992
0.027889
-0.023805
0.003800
0.074492
0.020620
-0.066892
-0.099491
-0.068934
-0.001234
0.097081
0.066539
0.055728
-0.048650
-0.115012
-0.084925
-0.060955
0.017000
0.150434
0.181319
-0.021229
-0.114926
-0.223535
-0.125743
0.052589
0.117563
0.138299
0.044688
0.009324
-0.122731
-0.149917
-0.004677
0.022139
0.017645
0.064393
0.102212
-0.035115
-0.089532
-0.071962
-0.073818
0.035345
0.179599
0.079008
-0.038104
-0.029065
-0.148219
-0.067946
0.026817
0.052658
0.011826
0.046948
0.106034
0.067414
-0.087598
-0.199700
-0.168145
0.059383
0.232396
0.207821
0.073736
-0.126892
-0.178489
-0.184371
-0.022812
0.048728
0.170621
0.070592
-0.075127
0.011761
0.010999
0.038898
0.064474
0.167260
-0.148695
-0.286179
-0.070721
-0.047499
0.098406
0.268277
0.305804
0.014445
-0.134911
-0.165399
-0.272855
-0.243240
-0.068922
0.282357
0.401048
0.311734
-0.100324
-0.394710
-0.333459
-0.128689
0.218639
0.321731
0.173546
-0.177024
-0.201558
-0.028301
0.079668
0.140439
-0.032038
-0.088897
-0.059697
0.022510
-0.017490
-0.021466
-0.016505
-0.082109
0.101610
0.072079
0.001627
-0.012460
-0.079099
-0.124569
-0.010219
0.159197
0.189104
-0.076870
-0.237685
-0.220902
-0.233799
0.136596
0.526894
0.472659
-0.082209
-0.477904
-0.494554
-0.304489
0.037699
0.404939
0.544234
0.267757
-0.165592
-0.465436
-0.415992
-0.122354
0.209240
0.381997
0.220831
-0.100037
-0.303971
-0.198119
-0.011376
0.113521
0.185969
0.056025
-0.108318
-0.037180
-0.004414
-0.098894
-0.083551
-0.043222
0.123151
0.242232
0.106960
-0.100586
-0.199106
-0.250428
-0.129079
0.105482
0.247066
0.227336
0.033074
-0.127423
-0.269847
-0.213999
0.067806
0.309896
0.209504
-0.047952
-0.234333
-0.280081
-0.094571
0.189950
0.313454
0.220369
-0.046989
-0.280699
-0.358729
-0.147645
0.265024
0.287267
0.114946
-0.067638
-0.094876
-0.141907
-0.162260
0.058080
0.182781
0.087802
-0.096776
-0.066255
0.042691
0.053732
-0.102406
-0.051636
0.036391
0.098331
-0.038887
-0.183926
-0.001090
0.020216
0.088017
0.203891
0.165891
-0.006873
-0.244972
-0.477483
-0.217047
0.093425
0.405889
0.508271
0.317582
-0.005438
-0.481751
-0.500034
-0.251413
0.093885
0.318360
0.350519
0.210117
0.013464
-0.177796
-0.208581
-0.117416
-0.056115
0.076838
0.187527
0.184914
-0.041517
-0.180234
-0.153457
0.012274
0.153356
0.152033
0.075283
-0.051063
-0.178551
-0.092444
0.027295
0.129550
0.163199
-0.027585
-0.098643
-0.018898
0.128291
0.043823
-0.164456
-0.101116
0.005924
0.013134
0.156998
0.213874
0.038649
-0.164119
-0.128901
-0.079689
-0.053313
0.060146
0.130224
0.125715
0.048555
-0.026147
-0.108555
-0.109415
-0.066207
0.059443
0.182047
0.103176
-0.054582
-0.160231
-0.068804
0.005496
0.066939
0.117100
0.032613
-0.029433
-0.058927
-0.043509
-0.008076
0.012686
-0.070678
-0.042021
0.164209
0.229446
0.024220
-0.107812
-0.170072
-0.177656
0.056785
0.115300
0.054111
0.010298
0.083616
0.005853
-0.096997
-0.047789
0.022345
-0.000386
-0.074431
-0.018746
0.006246
0.098169
0.129271
0.108351
-0.062271
-0.192875
-0.130764
0.047006
0.138958
0.119860
-0.032916
-0.084490
-0.080398
-0.110399
0.082131
0.142154
0.027337
0.056756
0.067751
-0.031786
-0.145308
-0.070327
-0.095336
-0.150475
0.153831
0.217838
0.154345
0.045136
0.122989
0.001159
-0.299848
-0.256064
-0.170534
0.063585
0.184289
0.274720
0.216222
0.075363
-0.064368
-0.335361
-0.253748
-0.031512
0.156394
0.220319
0.228390
0.078762
-0.149205
-0.172748
-0.095415
-0.053203
0.069389
0.167294
0.161681
-0.003177
-0.234327
-0.133828
0.071061
0.229979
0.165642
0.014407
-0.145400
-0.074679
-0.064856
-0.079916
0.048406
0.108504
0.223314
0.032783
-0.106006
-0.204794
-0.186651
0.079045
0.300378
0.246887
-0.068797
-0.192620
-0.202465
-0.045215
0.096495
0.186603
0.061956
-0.041446
-0.035362
-0.055846
-0.098378
-0.106517
0.019512
0.035640
0.190246
0.055819
0.043162
-0.037168
-0.028244
-0.075306
-0.055584
-0.047276
-0.265991
0.014879
0.037186
0.164992
0.254308
0.295260
-0.019915
-0.333448
-0.274710
-0.234169
-0.062305
0.013382
0.241990
0.345521
0.258078
-0.064921
-0.330137
-0.353663
-0.263604
0.140519
0.374985
0.252136
-0.079972
-0.188954
-0.142340
-0.066482
0.067057
0.089588
0.093518
0.077058
-0.109086
-0.138372
-0.053093
0.004307
0.133357
0.057186
-0.048730
-0.139305
0.024375
0.111802
0.016998
-0.045207
-0.060283
-0.021921
0.052301
0.064207
-0.028223
-0.064769
-0.028013
-0.088676
-0.048521
0.131414
0.118156
0.028309
-0.071954
-0.052066
-0.068911
0.028756
0.040583
0.015695
0.001097
0.043685
0.058857
-0.075633
-0.083355
-0.101803
-0.020391
-0.037327
0.130450
0.235811
0.127343
-0.121150
-0.231105
-0.116373
-0.057502
0.136465
0.152129
0.085799
-0.071918
-0.119531
-0.034625
0.002397
0.022911
0.006294
0.081044
0.051550
-0.011883
-0.040060
-0.029789
-0.071982
-0.056161
0.051214
0.108089
0.064189
-0.129236
-0.106144
-0.010987
0.044928
0.224308
0.129176
-0.053437
-0.263388
-0.226119
-0.004852
-0.005572
0.146263
0.129879
0.060115
0.029461
0.183942
0.059684
-0.160157
-0.222486
-0.279468
-0.118501
0.027498
0.202283
0.192729
0.332626
0.090569
-0.282370
-0.318102
-0.221304
0.020298
0.209767
0.222275
-0.031437
-0.075693
-0.093819
-0.078960
0.012977
0.070073
0.046156
-0.053431
-0.093239
-0.046674
0.044466
0.021281
0.062787
-0.038964
-0.064979
0.010473
0.131345
0.071610
-0.299375
-0.262685
0.041257
0.273788
0.233786
0.132701
-0.161142
-0.312550
-0.144168
-0.059769
0.088986
0.222299
0.196920
0.005421
-0.018583
-0.176997
-0.232207
-0.119977
0.101866
0.237233
0.199160
0.039665
-0.218229
-0.237313
-0.086347
0.193570
0.031390
0.035912
-0.052255
-0.143571
0.044281
0.178389
0.105274
-0.124812
-0.049125
-0.094027
-0.148204
0.018204
0.160453
0.116094
0.084419
-0.067866
-0.234498
-0.235826
0.001702
0.250278
0.263730
0.105032
-0.212385
-0.333979
-0.147775
0.163470
0.240200
0.099715
-0.066586
-0.168941
-0.109087
0.045714
0.094677
0.058079
0.011544
-0.051219
-0.023735
-0.006993
-0.062129
-0.066210
0.034634
0.090638
0.038766
-0.026640
0.040498
-0.093207
-0.119621
0.027817
0.076651
-0.027691
-0.028337
0.173565
-0.008459
-0.156369
-0.077474
0.029255
0.063811
0.130456
0.064144
-0.161700
-0.207522
-0.033011
0.103039
0.223697
0.241542
-0.073056
-0.337160
-0.273328
-0.042674
0.299366
0.373905
0.019922
-0.229593
-0.314523
-0.087799
0.189260
0.302061
0.000222
-0.127896
-0.056014
-0.100397
0.005283
0.097478
0.069856
0.029046
0.035373
-0.125349
-0.071556
-0.030559
-0.104686
0.081543
0.347450
0.186285
-0.120630
-0.290971
-0.311270
-0.096157
0.290273
0.417278
0.232139
-0.069303
-0.397267
-0.347799
-0.094892
0.283959
0.285325
0.188888
-0.069206
-0.305872
-0.189862
-0.069790
0.104717
0.264787
0.327664
0.047473
-0.082181
-0.360475
-0.360129
-0.150286
0.149309
0.600250
0.464969
0.063035
-0.471846
-0.621553
-0.241464
0.261851
0.462645
0.198581
-0.089820
-0.035567
0.023685
-0.069810
-0.207763
-0.242675
0.126810
0.495463
0.360819
-0.193629
-0.529617
-0.493547
0.062242
0.542503
0.451513
0.017559
-0.223958
-0.223593
-0.185201
0.076417
0.066805
0.055898
0.128201
0.140438
0.081970
-0.178557
-0.267070
-0.135849
-0.015525
0.222019
0.242446
0.180879
-0.021307
-0.232279
-0.226573
-0.073884
0.268474
0.154399
-0.003468
-0.067173
-0.118394
-0.079533
0.055609
0.122577
0.080298
0.100646
-0.048370
-0.236773
-0.209002
0.068494
0.210829
0.174929
0.070614
-0.037723
-0.106594
-0.129908
-0.117303
-0.018242
0.126034
0.151436
0.010577
-0.041120
0.010161
-0.073590
-0.065089
0.055923
0.084182
0.064036
0.062925
-0.001399
-0.117937
-0.128060
-0.058292
0.070937
0.249477
0.174112
-0.084909
-0.266467
-0.144519
0.053481
0.163594
0.177244
0.007878
-0.062795
-0.071464
0.016068
0.027308
0.056102
0.051331
-0.053158
-0.079127
-0.065432
0.086893
0.075784
0.056031
-0.014800
-0.015065
0.018275
-0.012700
-0.030873
-0.030328
0.021867
0.023442
0.041907
0.073348
0.080067
-0.099222
-0.146768
-0.050049
0.069505
0.137207
0.092688
-0.029742
-0.109265
-0.094984
-0.016443
0.091138
0.115513
0.105179
-0.027142
-0.160229
-0.138916
0.001130
0.132881
0.107189
-0.023712
-0.109310
-0.052298
0.088633
0.071513
-0.012172
-0.051092
-0.053661
-0.024840
-0.002501
0.100284
0.105215
-0.020174
-0.126049
-0.139848
-0.032413
0.107548
0.120054
-0.012368
-0.077556
-0.081704
0.016041
0.005894
0.033674
0.020928
-0.032286
0.009129
-0.020886
-0.071952
-0.094091
0.091227
0.045103
0.026984
-0.030186
-0.011779
-0.012202
-0.102130
-0.063095
0.004028
0.114165
0.008655
-0.014631
-0.002517
0.059479
-0.055199
-0.048003
-0.049420
-0.059411
-0.001248
0.079832
0.115752
-0.035434
-0.021214
-0.111549
-0.069090
0.020854
0.163654
0.034363
-0.107569
-0.051297
-0.025042
0.056488
0.003978
0.000390
-0.034314
-0.004099
-0.022241
0.001132
0.020210
0.004653
0.000236
-0.007409
0.043704
-0.064407
-0.022862
-0.002666
0.011266
0.022803
-0.030568
-0.010880
-0.082787
-0.025163
0.118125
0.139375
-0.012989
-0.130702
-0.119576
0.010634
0.064863
0.023981
0.045358
-0.032287
-0.044961
-0.021642
0.028929
0.046272
-0.011199
-0.026065
-0.066620
-0.031227
-0.047082
0.014853
0.065050
0.046218
0.002526
-0.063622
0.010887
0.018679
-0.004409
-0.059539
-0.063983
0.016411
0.003158
0.046726
0.033879
0.029011
-0.028926
-0.091161
0.046630
-0.008634
-0.026038
-0.052407
0.067756
0.063447
-0.032717
-0.052052
-0.042935
0.086083
-0.055087
-0.025776
-0.018036
0.104969
0.054596
-0.078172
-0.040992
0.019118
0.065448
-0.092745
-0.034724
0.014038
0.086319
-0.002156
-0.053364
-0.012764
0.040982
0.048022
-0.050143
-0.051762
0.021711
0.065010
-0.058730
-0.042209
-0.017383
0.087619
0.002700
-0.055726
-0.037145
0.020843
0.055710
-0.063857
-0.054616
-0.025367
0.102934
0.006285
-0.033998
-0.017626
0.027938
0.018756
-0.046888
-0.006538
-0.021351
-0.010641
-0.033349
-0.041916
0.024827
0.091881
0.033824
-0.033968
-0.033925
-0.010991
-0.035901
-0.051922
-0.024492
0.033844
0.053735
0.029129
-0.023518
0.010507
0.039207
-0.007433
-0.111743
-0.102977
0.102776
0.074209
-0.025788
-0.097912
-0.015576
0.085869
0.052292
-0.033601
-0.051644
0.031866
0.008622
-0.039208
-0.103200
0.043650
0.088307
0.012532
-0.042158
-0.068370
0.005560
0.002006
-0.004914
-0.017695
-0.001901
0.065867
0.072590
-0.061034
-0.132497
-0.061544
0.075721
0.084238
0.022677
-0.036314
0.030776
0.016050
-0.058837
-0.130810
-0.060796
0.097998
0.098711
0.070306
-0.063543
-0.025195
-0.025571
0.002017
-0.034297
0.033415
0.047441
0.020556
-0.013388
-0.154941
-0.070689
0.089618
0.176415
0.015682
-0.107380
-0.054700
0.014481
0.023789
0.038241
-0.016119
-0.003629
-0.011335
0.037704
-0.015106
-0.108033
-0.028658
0.123735
0.149420
-0.079135
-0.145174
-0.042040
0.142761
0.068078
-0.040728
-0.055829
0.018694
0.077117
-0.009908
-0.043307
-0.061997
0.026037
0.044301
0.061522
-0.054764
-0.033028
-0.007764
0.046922
0.042105
-0.045805
0.027842
-0.007911
0.045263
-0.028584
-0.052056
-0.022316
0.056029
0.044772
-0.005293
-0.024261
-0.027460
0.028026
0.004538
-0.015306
-0.015463
0.019180
0.022554
-0.018173
-0.068384
-0.001776
0.080427
0.092407
-0.020741
-0.065407
-0.016815
0.022544
0.022529
-0.057345
-0.047449
0.004381
0.100167
0.028497
-0.054218
-0.031627
0.048111
0.061655
-0.033806
-0.000485
0.017020
0.072018
-0.035290
-0.098239
-0.086062
0.023622
0.108897
0.040801
0.008439
0.011018
0.049601
-0.028599
-0.033144
-0.009855
0.011437
0.023031
-0.030425
-0.064821
-0.040924
-0.017127
0.082341
0.098644
0.078419
-0.004619
-0.072874
-0.054134
-0.081644
0.014015
0.060730
0.100620
0.009109
-0.082830
-0.019335
0.048990
0.041754
-0.069526
-0.050425
0.045872
0.106834
0.014154
-0.088197
-0.050354
0.052178
0.088759
-0.015472
-0.031974
-0.015077
0.050077
-0.006815
-0.072186
-0.049826
0.006644
0.081608
0.093224
0.089879
-0.039647
-0.089253
-0.146561
0.006254
0.051900
0.073727
0.049447
0.025558
0.004039
-0.120068
-0.039236
-0.000557
0.137141
0.050626
0.039857
-0.035447
-0.044631
0.005249
-0.061770
-0.067685
-0.048101
0.080110
0.060574
0.055170
0.019355
0.005938
-0.021701
-0.051991
-0.057119
-0.038544
0.047216
0.116458
0.123040
-0.006407
-0.066429
-0.057844
-0.071759
-0.059047
-0.010523
0.085778
0.082522
0.023949
0.000581
0.000772
0.051054
-0.031828
-0.079514
-0.041579
0.021553
0.096057
-0.006135
-0.044801
-0.003786
0.026873
-0.006468
-0.082769
-0.068332
0.022025
0.104770
0.049894
0.007806
0.011558
-0.039049
-0.070935
-0.004255
0.018387
-0.047066
-0.051509
0.029114
0.062647
0.020800
-0.049635
-0.074447
0.062449
0.057598
-0.021303
-0.002626
0.024987
0.009191
-0.081792
-0.073692
-0.019748
0.038132
0.089297
0.064745
0.058142
-0.013118
-0.133203
-0.122385
0.008900
0.121869
0.066323
-0.014578
-0.103414
-0.033989
0.059968
0.084524
0.049290
-0.050816
-0.054517
-0.064422
-0.006558
0.004532
0.008362
0.042512
0.068335
-0.057349
-0.075781
-0.011725
0.064344
0.058698
-0.040148
0.005219
-0.009284
0.034809
-0.023857
-0.045605
-0.048472
-0.001242
0.059993
0.060495
0.096080
-0.013160
-0.046520
-0.140515
-0.105303
0.076142
0.121822
0.005311
-0.102486
-0.013543
-0.014686
0.030604
-0.005592
-0.018629
0.049926
0.042154
-0.000399
-0.103718
-0.033179
0.008003
0.019935
-0.009048
-0.009846
0.003326
-0.066941
0.005906
0.047817
0.095355
0.026206
-0.017445
-0.046658
-0.126692
-0.093013
-0.016705
0.101135
0.045091
0.019561
0.035273
0.024342
-0.079136
-0.161232
-0.060871
0.031172
0.087782
0.093690
0.049146
0.017141
0.007532
-0.095721
-0.098871
-0.030961
0.064347
0.032378
-0.127922
-0.059899
-0.013132
0.112636
0.134751
0.043879
-0.020602
-0.118372
-0.095114
-0.054641
0.053886
0.034564
-0.019261
0.012530
0.076479
0.085734
-0.071914
-0.067966
-0.043970
0.021312
0.020780
-0.053290
-0.081647
-0.023303
0.180374
0.136000
-0.060568
-0.150419
-0.024268
0.028892
0.024783
-0.048953
-0.037895
0.082740
0.087840
-0.054233
-0.167740
-0.039436
0.107529
0.125438
0.019293
-0.034808
-0.048990
0.056589
0.028206
-0.117999
-0.069186
0.058919
0.085819
-0.026469
-0.060288
0.000893
0.051801
0.026411
-0.045275
-0.011675
0.043146
0.042292
-0.048810
-0.117911
0.018771
0.174527
0.185061
-0.068365
-0.221361
-0.227508
-0.064768
0.149467
0.158555
0.102278
-0.013121
-0.041813
-0.122991
-0.088950
0.002510
0.110888
0.127132
0.009656
-0.042543
-0.065388
-0.029203
-0.011131
-0.064784
-0.023118
0.042404
0.065143
0.018653
-0.051281
-0.000281
0.008112
0.006992
-0.049570
-0.119059
-0.037871
0.042833
0.074884
0.088667
-0.011233
-0.048753
0.025126
0.076338
-0.050284
-0.132629
-0.092879
0.027596
0.002378
-0.007508
0.056965
0.057867
0.058980
-0.072601
-0.066793
-0.014961
0.096658
0.022071
-0.094559
-0.092147
0.041384
0.110600
-0.044787
-0.070555
-0.050223
0.088620
0.040303
-0.018319
-0.017171
0.013986
-0.023778
-0.109927
-0.006808
0.056799
0.168565
0.032800
-0.093644
-0.068720
-0.045078
-0.001581
-0.043808
0.064203
0.122742
0.113364
-0.032161
-0.208082
-0.140685
-0.024791
0.156670
0.140279
0.002897
-0.041862
-0.041939
-0.032286
-0.065671
-0.033569
0.033722
0.105345
0.048559
-0.025887
-0.008763
-0.013744
-0.052326
-0.104305
-0.000089
0.145477
0.162615
0.028943
-0.134433
-0.152367
-0.032915
0.076532
0.094887
0.003877
-0.036811
0.022292
0.038766
0.049540
-0.086118
-0.105727
-0.035499
0.039951
0.081189
0.085489
0.092769
-0.076697
-0.125549
-0.130845
0.082436
0.132217
0.017386
-0.033409
-0.027055
0.007890
-0.123157
-0.060784
0.049436
0.177335
0.081495
-0.062489
-0.067667
-0.015327
0.033082
0.020699
-0.071840
-0.070431
0.038563
0.072190
0.044249
-0.102409
-0.034200
-0.005478
0.055683
0.035248
-0.019432
0.106507
0.097425
0.024913
-0.145263
-0.088173
-0.018441
0.004116
-0.006134
0.022729
0.058112
0.041870
0.075410
-0.000949
-0.036476
-0.089585
-0.016373
0.015014
0.097547
0.153857
0.053281
-0.100539
-0.198515
-0.138307
0.017586
0.183059
0.149190
-0.002830
-0.132208
-0.055329
0.071033
0.089647
0.013748
-0.029046
0.014499
0.063213
-0.029322
-0.059538
-0.031324
0.016357
-0.029516
-0.131179
0.020355
0.130634
0.183111
0.007478
-0.095099
-0.095287
0.010051
0.079786
-0.014268
-0.035849
0.055618
0.122868
-0.016201
-0.145012
-0.138837
-0.011173
0.092577
0.108099
0.019314
0.031758
0.025383
0.035743
-0.072874
-0.134980
-0.063032
0.039177
0.177612
0.072827
0.003125
-0.077944
-0.087523
-0.074241
-0.091189
0.059607
0.109136
0.136608
0.046328
-0.047935
-0.071027
-0.066044
-0.003950
-0.036022
-0.025018
0.023840
0.081491
0.012844
-0.008757
-0.064654
0.029730
0.066431
-0.034080
-0.068317
-0.055870
0.110515
0.074049
0.005292
-0.113490
-0.030702
0.036751
0.018673
0.037467
-0.017127
0.031827
-0.017398
0.003685
-0.018805
-0.028901
-0.017672
-0.030818
0.041389
0.023849
0.041646
0.013461
0.063891
0.150136
-0.027739
-0.199615
-0.223429
-0.001030
0.182271
0.099553
0.015998
-0.030293
0.046004
0.024228
-0.047191
-0.112840
-0.067759
0.009820
0.130294
0.205849
0.031372
-0.083765
-0.137148
-0.034799
-0.063576
-0.079659
0.060792
0.172241
0.140056
-0.036798
-0.096364
-0.079118
0.020570
0.041565
-0.018149
-0.023312
0.015094
0.041669
0.049986
-0.018528
-0.108347
-0.068273
-0.042278
0.051218
0.034218
0.017059
0.030903
0.044015
-0.018183
-0.046084
-0.044755
-0.015047
0.016753
-0.017286
0.019983
-0.033646
0.031269
0.004865
0.030644
-0.049311
-0.051963
-0.013391
0.006752
0.049429
-0.026453
0.020571
-0.037949
-0.034438
-0.014594
0.044214
0.035816
-0.008856
0.053066
-0.023929
-0.066616
-0.088581
-0.021754
0.068607
-0.021570
0.023251
-0.001727
0.026745
-0.052730
-0.057986
0.123336
0.053722
0.019224
-0.132369
-0.028451
0.042110
0.030946
-0.022842
-0.188562
-0.110335
0.056003
0.268090
0.130057
-0.066170
-0.113424
-0.032522
0.054998
-0.050986
-0.067982
-0.040049
0.061487
0.032827
-0.023897
-0.025575
-0.012864
0.029187
0.059894
0.071248
-0.081173
-0.164779
-0.096406
0.143056
0.228236
0.063923
-0.154567
-0.121911
-0.073967
0.017857
0.040064
0.038632
0.113498
0.061842
0.033897
-0.142666
-0.180226
-0.081435
0.085506
0.099325
0.037430
0.060689
0.087767
0.040347
-0.075226
-0.137558
-0.121835
-0.058219
0.037896
0.118202
0.083670
-0.000556
-0.025698
0.024329
0.013098
0.006100
-0.046220
-0.064616
-0.031943
-0.029058
0.100286
0.060369
0.051983
-0.048016
-0.102181
-0.010100
-0.006570
0.071063
-0.006048
-0.029584
-0.065647
0.030845
0.086802
0.105022
0.019685
-0.092395
-0.068584
-0.077339
0.020776
-0.053716
-0.018095
0.031346
0.095101
0.126832
-0.031844
-0.140802
-0.139686
0.030294
0.103911
0.070424
0.008125
-0.001173
-0.026421
-0.061803
-0.041627
-0.042419
-0.044276
-0.059582
-0.003637
0.090451
0.158842
0.036377
-0.098721
-0.061185
0.042699
0.065617
-0.061961
-0.142706
-0.107136
0.014296
0.120269
0.114470
0.013994
-0.025664
-0.025210
-0.069228
-0.093187
-0.047153
-0.017594
0.007842
0.088156
0.126021
0.096785
-0.043080
-0.156369
-0.177754
-0.038857
0.104886
0.095764
-0.021572
-0.069753
0.006213
0.059168
0.054592
-0.050154
-0.133923
-0.117251
0.043960
0.077608
-0.001671
-0.023264
0.014387
0.040539
0.017946
-0.008116
-0.109737
-0.132274
-0.024335
0.100486
0.092626
0.022091
-0.007863
-0.029919
0.012898
-0.008148
-0.074935
-0.153161
-0.066925
0.071428
0.085323
0.097595
-0.018819
-0.023250
0.032793
0.049171
-0.079659
-0.147238
-0.062408
0.111737
0.160294
0.002286
-0.056828
-0.076321
-0.020133
0.066778
0.040755
-0.031300
-0.069934
-0.040606
-0.002511
-0.001340
0.069593
0.061080
0.068541
0.034238
0.011923
-0.065279
-0.121146
-0.105997
-0.026542
0.096142
0.140174
0.119184
-0.033725
-0.095795
-0.070910
0.001104
0.057447
0.007096
-0.008418
-0.073013
0.014708
0.108458
0.064554
0.055818
-0.038044
-0.066966
-0.052845
0.055210
0.051557
-0.099531
-0.100824
0.057546
0.217578
0.180909
0.001415
-0.185015
-0.232826
-0.050132
0.146439
0.160154
-0.021694
-0.101066
-0.025960
0.111570
0.133949
-0.000932
-0.101317
-0.139586
-0.041168
0.019918
0.016911
0.088308
0.083041
0.020099
-0.025029
-0.032044
-0.007455
-0.048569
-0.079897
-0.045242
0.022085
0.127504
0.173411
0.038959
-0.108500
-0.158682
-0.104577
0.051075
0.145697
0.084723
-0.058530
-0.151752
-0.005274
0.123626
0.111710
0.038722
-0.059419
-0.089881
-0.078728
-0.039990
0.008313
0.042830
0.066675
0.110927
0.068205
-0.047683
-0.092102
-0.089640
0.005792
0.044139
0.019615
-0.012618
-0.090976
0.018056
0.125845
0.134896
-0.000789
-0.118933
-0.105334
-0.045037
0.035024
0.060108
0.007138
-0.020818
0.042926
0.081647
0.092550
0.033503
-0.080826
-0.112250
-0.077060
0.000669
0.058422
0.087859
0.054080
-0.027146
0.000313
-0.008675
0.034112
0.010917
0.028481
-0.020316
-0.082753
-0.056101
-0.038873
0.084546
0.114636
0.086084
-0.009360
-0.056469
-0.067692
-0.000439
0.043803
0.009572
-0.008611
0.002331
-0.001404
-0.042748
-0.057029
0.039761
0.164989
0.144029
-0.007444
-0.173669
-0.166034
-0.030901
0.106425
0.114311
0.008928
-0.071147
-0.035091
0.048040
0.136687
0.080902
-0.087268
-0.139032
-0.071242
0.071405
0.108922
0.051568
-0.049325
-0.109717
-0.054155
0.057230
0.108074
0.066116
0.020314
-0.053965
-0.023051
0.016804
0.022275
-0.006440
-0.046748
-0.025661
-0.006621
0.048972
0.067180
0.057974
0.005462
-0.041896
-0.033707
-0.022276
0.006182
0.019616
0.016195
0.013344
0.004502
-0.014980
-0.028509
-0.028503
0.004305
0.053344
0.097718
0.028459
-0.008209
-0.017965
-0.023965
-0.031939
-0.072245
-0.023632
-0.036389
0.039152
0.110463
0.100060
-0.016735
-0.118879
-0.108691
-0.014226
0.112669
0.090853
-0.031921
-0.156906
-0.115168
0.025663
0.084885
0.072816
0.009577
-0.015584
0.011844
-0.012585
-0.060782
-0.089430
0.003143
0.050686
0.038656
-0.020810
-0.064066
-0.069518
-0.030387
0.052911
0.062394
0.059036
0.002109
-0.086309
-0.131319
-0.013580
0.105303
0.092648
-0.042212
-0.110460
-0.077726
-0.028830
0.030351
0.037013
0.051340
0.017404
0.018917
-0.042984
-0.069377
-0.009591
0.044168
0.052220
-0.049730
-0.062548
-0.058794
-0.032608
0.008513
0.044999
0.093108
0.041659
-0.023807
-0.073867
-0.091820
-0.044638
0.057259
0.084096
0.023604
-0.030486
-0.047627
-0.009013
-0.032524
-0.031046
-0.015705
0.016718
0.042875
0.047991
0.000557
-0.027374
-0.012647
-0.007107
-0.017540
-0.028849
0.008713
0.010515
0.012851
-0.026694
-0.007904
0.026368
0.053164
0.002107
-0.047285
-0.046525
-0.000834
0.104961
0.082584
-0.038261
-0.133409
-0.075573
0.035700
0.104606
0.066232
-0.007644
-0.077748
-0.078054
-0.015068
0.022252
0.075430
0.049919
0.060372
0.063164
0.017704
-0.093766
-0.167382
-0.123062
-0.001045
0.128072
0.156085
0.094674
-0.060449
-0.135651
-0.127717
-0.006454
0.092634
0.108708
0.079397
0.005337
-0.037590
-0.112984
-0.107801
-0.064107
0.007861
0.093190
0.117821
0.071300
-0.045877
-0.143383
-0.143409
-0.003206
0.127891
0.153939
0.029821
-0.068711
-0.088579
-0.027885
0.008719
-0.016077
-0.043854
-0.048709
0.022850
0.046377
0.043279
-0.018430
-0.044490
-0.051512
-0.011004
0.048311
0.051865
-0.004938
-0.055463
-0.015963
0.001471
-0.010139
-0.041759
-0.026071
-0.003606
0.015114
0.017264
0.018399
0.014993
0.007256
-0.032042
-0.069615
-0.026384
0.025913
0.100835
0.084596
0.000788
-0.108901
-0.151955
-0.065810
0.037591
0.098240
0.074551
-0.005481
-0.049581
-0.032473
-0.015885
-0.034368
-0.047650
0.003468
0.077544
0.092507
0.045452
-0.036268
-0.098002
-0.090632
-0.040100
0.029971
0.073674
0.045611
-0.019334
-0.050580
-0.026743
0.030819
0.028004
-0.024374
-0.063106
-0.049342
0.027600
0.087808
0.079902
0.030691
-0.042415
-0.090461
-0.100692
-0.054166
0.018720
0.041483
0.064734
0.026162
-0.001374
-0.026640
-0.019899
-0.003930
-0.024970
-0.014287
0.003488
0.025977
0.030792
0.053234
-0.001007
-0.055875
-0.089083
-0.052079
0.028404
0.067897
0.074526
0.031799
-0.017875
-0.067995
-0.082392
-0.053486
0.025597
0.084989
0.082870
0.065904
0.009729
-0.042921
-0.061067
-0.039139
-0.003960
0.017134
0.019128
-0.032832
-0.036464
0.020215
0.093209
0.086684
-0.006535
-0.112917
-0.129561
-0.034333
0.090968
0.124408
0.064682
-0.003420
-0.042682
-0.008849
0.043907
0.042631
-0.021133
-0.076011
-0.068962
-0.009983
0.040075
0.083279
0.079865
0.027552
-0.032041
-0.066172
-0.058408
-0.026722
0.012834
0.035110
0.051359
0.029818
0.017446
0.009642
-0.006361
-0.013363
-0.012716
-0.005621
-0.022554
-0.022823
-0.017884
-0.007764
0.018527
0.044683
0.033693
-0.003910
-0.036650
-0.036814
-0.021977
0.002557
0.027272
0.012498
0.041277
0.049740
0.030576
-0.013056
-0.060986
-0.060382
-0.042307
0.008270
0.028361
0.042684
0.032010
0.020099
-0.005776
-0.038080
-0.047445
-0.049991
-0.011440
0.028427
0.077257
0.063773
0.017315
-0.029599
-0.029944
-0.014732
-0.004185
-0.000007
-0.031581
-0.021771
-0.006225
0.033304
0.040052
0.034260
0.007314
-0.025579
-0.035932
-0.027778
0.012171
0.034796
0.036363
-0.001763
-0.013745
0.016071
0.048919
0.049670
0.007854
-0.033055
-0.047727
-0.047531
-0.028408
0.010451
0.050834
0.070506
0.045107
0.006521
-0.031070
-0.051343
-0.039392
-0.014655
0.025910
0.057116
0.052952
0.017970
-0.031703
-0.034954
0.002704
0.043214
0.038567
0.025382
0.011969
-0.009091
-0.027729
-0.061622
-0.017873
0.008935
0.048327
0.051728
0.032897
0.011757
-0.029713
-0.026529
-0.032092
0.005583
0.030696
0.037042
0.017629
-0.019509
-0.033624
-0.018764
0.013535
0.033095
0.022375
0.019716
0.014004
-0.003118
-0.008310
-0.004742
-0.000064
-0.003170
-0.017224
-0.023517
-0.000363
0.025265
0.042803
0.023267
-0.002651
-0.034345
-0.039009
0.002286
0.019192
0.023177
-0.016228
-0.023470
-0.007362
0.026310
0.040618
0.008750
0.013465
-0.009057
