0.007865
0.014250
0.008431
-0.006408
0.003938
0.025804
0.038231
-0.024122
-0.018914
0.019693
0.012653
0.004997
-0.027851
0.001668
0.007444
0.018555
0.042557
0.036407
-0.001072
-0.017241
-0.014813
0.035246
0.015840
-0.033029
-0.019128
-0.019244
0.028201
0.063372
0.076121
0.004617
-0.058810
-0.049823
-0.014918
0.085649
0.079265
0.037971
-0.029441
-0.064955
-0.050071
-0.028100
0.046225
0.036250
0.056709
0.056613
0.037689
-0.009742
-0.057330
-0.077932
-0.063773
0.030218
0.118291
0.097199
0.025729
-0.029522
-0.053173
-0.053123
-0.054852
0.019391
0.091870
0.100960
0.000776
-0.056054
-0.068414
-0.007098
0.044873
0.024885
0.021003
-0.032801
0.015896
0.050129
0.006976
-0.019874
-0.026801
0.013586
0.043983
0.044126
-0.003315
-0.073550
-0.074738
0.006800
0.063398
0.095031
0.023831
-0.067888
-0.065699
-0.004621
0.066276
0.041942
0.001823
-0.002965
-0.023670
-0.027558
-0.011153
0.010322
0.027484
0.012476
0.029712
-0.015598
-0.017555
-0.017208
0.009708
0.011802
-0.005328
0.025632
0.003114
0.003083
-0.017131
-0.011160
-0.027984
-0.013667
0.000456
0.032900
0.054659
0.023733
-0.002340
-0.028189
-0.036147
-0.057864
0.002079
0.047353
0.041688
0.013460
-0.035492
-0.036752
-0.009363
0.048180
0.029180
0.006595
-0.011656
-0.013060
0.005491
0.016497
0.020359
-0.021182
-0.014220
-0.035294
-0.009492
0.027406
0.012257
0.031379
-0.006750
0.043884
0.031934
-0.028590
-0.022994
-0.044303
-0.009625
0.000626
0.032850
0.020931
0.031809
0.027820
0.020323
-0.016565
-0.061200
-0.044070
-0.002756
0.067310
0.073118
0.054280
-0.013448
-0.026726
-0.012886
-0.003620
0.027487
0.013549
-0.017938
-0.004113
0.009711
-0.009056
-0.006964
0.009559
0.046140
0.050974
0.031249
-0.022708
-0.054295
-0.025064
0.036025
0.036866
0.001915
-0.002427
-0.010156
0.019115
0.006806
0.005506
-0.024258
-0.007633
-0.007681
0.035667
0.022925
0.006521
-0.010412
-0.057883
0.024313
0.039714
0.051704
-0.016496
-0.051240
-0.045971
-0.005483
-0.012175
0.028734
0.052272
-0.006209
0.005353
-0.044790
-0.052037
-0.014642
0.026210
0.021656
-0.002132
-0.018803
-0.026148
0.008565
-0.018533
-0.011888
-0.011097
0.014775
0.034751
-0.024539
-0.043545
-0.061191
-0.036549
-0.011401
0.025635
0.067811
0.017066
-0.037859
-0.067277
-0.074366
-0.021082
0.043950
0.024503
-0.007117
-0.023744
-0.031113
-0.011574
-0.056715
-0.001888
0.013242
0.006016
-0.008623
-0.034277
-0.021737
-0.016493
0.002749
-0.018673
0.016173
-0.002412
-0.026455
-0.033272
-0.035201
-0.008774
0.010152
-0.010407
-0.010133
-0.019782
-0.028974
-0.007719
-0.014391
0.026081
-0.005139
-0.000787
-0.065068
-0.053417
-0.024174
-0.022400
0.048870
0.041605
0.026259
-0.041552
-0.052294
-0.034033
0.025904
0.034002
-0.003929
-0.081932
-0.044681
0.023872
0.051817
0.017852
-0.040962
-0.050736
-0.066611
0.029038
0.064147
0.027074
-0.039319
-0.044778
-0.025453
0.012422
0.027890
0.012148
-0.017293
-0.023038
-0.003349
-0.008945
-0.003797
-0.017919
-0.000730
-0.014017
-0.013132
0.016573
0.015893
0.001939
-0.025188
-0.021708
0.030074
0.022544
-0.005490
-0.051020
-0.033539
0.002297
0.013989
0.002061
0.003458
0.003000
-0.049973
0.031815
0.013762
0.006936
-0.041513
0.023071
0.019643
-0.026170
-0.001561
-0.048761
0.019078
-0.032827
0.008825
0.052691
0.094577
-0.024187
-0.153713
-0.102534
-0.016678
0.074282
0.063025
0.031936
-0.006333
0.004435
-0.034439
-0.093339
-0.067754
0.037351
0.109418
0.058372
-0.049803
-0.089515
-0.028878
-0.011857
0.006018
0.002381
0.030252
0.011098
-0.045822
-0.028033
-0.034683
0.019814
0.012941
0.030001
0.012920
-0.007141
-0.030284
-0.059649
-0.017600
-0.017952
0.049041
0.056815
0.010156
-0.051897
-0.055676
-0.041211
-0.021868
0.012148
0.036076
0.059936
0.034003
-0.051477
-0.060257
-0.037953
-0.005404
0.054870
0.031554
0.002560
-0.019919
0.043839
-0.012530
-0.032113
-0.050765
-0.041029
0.007846
0.027968
0.033825
0.005055
0.026553
0.010069
0.012782
-0.074112
0.020898
0.074009
0.045728
0.016702
-0.106444
-0.068072
-0.063931
0.056098
0.128915
0.035685
0.044142
0.004880
-0.022631
-0.065025
-0.070588
0.022262
-0.001372
0.003012
0.071662
0.136851
0.097067
-0.034468
-0.094815
-0.171234
-0.039069
0.049110
0.056057
0.049859
0.009651
0.120402
0.030163
0.004137
-0.045430
-0.056318
-0.008074
0.002118
0.061828
-0.079564
0.011757
0.008325
0.067080
0.130140
0.028841
-0.049079
-0.095397
0.011321
-0.057373
-0.029467
0.040214
0.162187
0.115979
-0.030843
-0.113997
-0.099041
0.054855
-0.001489
-0.035379
-0.024882
0.070962
0.123502
0.085699
-0.037516
-0.068697
-0.052967
-0.052184
0.023120
0.002963
0.025616
-0.004913
0.025596
0.004903
0.099455
0.042014
-0.061943
-0.111463
-0.053721
0.018460
-0.061110
0.119856
0.102190
0.079082
-0.052614
-0.065333
-0.110270
-0.045954
0.090078
0.064321
0.145238
-0.030891
-0.084883
-0.181336
-0.012285
0.100594
0.085230
0.100846
-0.014282
-0.018504
-0.142278
-0.081639
-0.003827
0.134258
0.119786
-0.010259
-0.037320
-0.038386
-0.010070
-0.008928
-0.005352
-0.070752
0.051576
0.112022
0.039229
-0.053468
-0.091734
-0.016674
0.002344
0.052793
0.069290
0.076041
-0.012499
-0.084372
-0.059376
0.010080
0.074982
0.013413
-0.013612
-0.016878
0.034431
0.039962
0.011727
-0.033748
-0.041030
-0.001720
0.034739
0.102773
0.046361
-0.016584
-0.055498
-0.092812
0.000443
0.057522
0.082958
-0.007686
-0.066654
0.017954
0.022092
0.031617
0.005996
0.014932
-0.011031
-0.018748
0.010612
0.014223
0.005555
-0.026408
-0.002849
0.001355
0.047755
0.070157
0.033407
-0.036886
-0.105665
-0.062251
0.039549
0.129051
0.085427
-0.010569
-0.102328
-0.072022
0.000478
0.057078
0.066474
-0.024434
0.015249
-0.006274
0.027581
-0.002129
-0.046709
-0.033349
-0.043188
0.058339
0.073418
0.065064
-0.046196
-0.080650
-0.029778
0.031023
0.038791
-0.021540
-0.017665
-0.031534
0.025228
0.051924
0.082057
-0.019433
-0.096509
-0.051390
-0.028345
0.046594
0.045183
0.070133
-0.027206
-0.094346
-0.023046
0.027428
0.059315
0.010873
0.008806
-0.051617
-0.062252
-0.008338
0.060150
0.074303
-0.013583
0.022253
0.009360
-0.046985
-0.079776
-0.086114
-0.007498
0.025239
0.067052
0.091833
0.023001
-0.020729
-0.068741
-0.043417
0.032714
0.069909
-0.000138
-0.089492
-0.070915
-0.008867
0.087056
0.052998
0.056992
0.027430
-0.070840
-0.051193
-0.033754
-0.025450
-0.022194
0.023565
0.118769
0.082966
-0.051138
-0.104767
-0.099106
0.006862
0.118521
0.111562
0.023537
-0.106207
-0.150124
-0.023192
0.065108
0.084932
0.103335
0.050358
-0.057319
-0.133488
-0.079440
-0.042534
0.008436
0.050300
0.117980
0.112338
-0.011435
-0.096764
-0.156353
-0.043428
0.052199
0.103324
0.013682
-0.047055
-0.052695
-0.050956
0.036861
0.000958
0.024543
0.024643
0.013937
-0.037239
-0.102692
-0.029296
0.010104
0.032482
0.038393
0.008813
-0.005743
-0.056367
-0.026249
-0.038680
-0.016633
0.026661
0.005397
-0.046216
-0.086358
0.013013
0.042916
0.011025
-0.027356
-0.010952
0.016604
-0.017775
-0.021885
-0.012145
-0.048750
-0.042514
-0.041472
0.026103
0.045857
0.009202
-0.044034
-0.090972
-0.033056
0.016984
0.044839
0.002082
0.054406
0.040442
0.002392
-0.115540
-0.155232
-0.041913
0.022408
0.074143
0.038085
0.054633
-0.017481
-0.059747
-0.079277
-0.049772
-0.011386
0.033712
0.105895
0.034907
-0.061168
-0.096882
0.013409
0.079174
0.068603
-0.056882
-0.128833
-0.089249
-0.016572
0.085375
0.038259
0.026640
0.015279
0.051643
0.028431
-0.086793
-0.075316
-0.051178
0.024847
0.056734
0.096754
0.105231
0.008774
-0.164625
-0.202280
0.011844
0.136916
0.140990
-0.000779
-0.092587
-0.078456
-0.007378
0.067814
0.082713
0.090810
0.055046
-0.047211
-0.151116
-0.098406
-0.000758
0.039243
0.055030
0.097927
0.136020
0.049356
-0.100379
-0.166993
-0.108221
0.055445
0.061957
0.056276
0.087689
0.046769
-0.059187
-0.030279
0.023814
0.011388
-0.020436
-0.050636
0.024045
-0.035201
-0.033133
0.037082
0.135207
0.110231
-0.039555
-0.143575
-0.129013
-0.028978
0.106066
0.131445
0.040019
-0.073774
-0.059553
-0.015288
0.004589
0.033201
0.008086
0.036940
-0.028244
-0.050152
-0.038319
0.048493
0.046487
-0.077675
-0.059813
0.023072
0.054139
0.014126
0.029117
0.045150
-0.008650
-0.090379
-0.120187
-0.039688
0.038750
0.095575
0.081893
0.057872
-0.034878
-0.109589
-0.137871
-0.013469
0.083910
0.059445
0.007982
-0.021257
0.048859
-0.004036
-0.047851
-0.096881
-0.001892
0.033470
0.018324
-0.029227
0.018673
0.006033
-0.074122
-0.064625
0.024468
0.203094
0.073124
-0.075522
-0.144257
-0.011216
0.082711
0.005338
-0.039562
-0.007225
0.001518
-0.115784
-0.028661
0.078995
0.100462
0.031038
-0.054924
-0.033365
-0.011297
0.038741
0.018079
-0.007270
0.026069
-0.089568
-0.066822
0.004920
0.078142
0.090687
-0.025202
-0.014063
-0.023360
0.063362
0.009031
0.002954
0.023730
-0.075572
-0.186773
-0.105082
0.143330
0.190765
0.068941
-0.073744
-0.032684
-0.008003
0.011522
0.042288
0.040179
-0.002519
-0.122135
-0.106781
0.006507
0.099506
0.074793
0.000168
-0.042868
-0.109965
-0.004848
0.201217
0.156447
-0.079118
-0.225040
-0.085343
0.055726
0.043348
0.033688
0.068454
0.077465
-0.082551
-0.093036
-0.046798
0.039501
0.052866
0.019523
-0.026544
-0.110095
0.013464
0.100116
0.101322
-0.036142
-0.051827
0.000483
0.028877
0.012166
-0.060014
-0.054351
-0.050346
0.039680
0.045183
0.027058
0.003831
-0.005505
0.039532
0.009146
-0.012598
-0.042165
-0.010421
0.007324
0.010787
-0.000381
-0.019052
0.011027
0.009509
0.022915
0.013576
0.003318
0.027026
0.030400
-0.048080
-0.047672
0.006092
0.051166
0.011804
-0.005855
0.017841
0.014096
0.010134
-0.045879
-0.024702
0.014098
0.081688
0.074222
0.049893
-0.053815
-0.156663
-0.080746
0.050261
0.131869
0.047351
0.001694
0.015516
0.034237
0.018845
-0.079347
-0.063903
0.007577
0.079952
0.094982
0.047297
-0.025467
-0.071546
-0.091301
-0.019436
0.067183
0.090528
0.086022
0.003501
-0.012534
-0.072979
-0.086462
0.005823
0.095213
0.085866
0.020200
-0.047810
-0.013957
-0.023983
0.000963
0.022381
0.001163
0.049377
0.009095
0.023306
-0.023753
-0.030337
0.000224
0.019376
0.017173
0.044765
0.020847
-0.066699
-0.043591
-0.008443
0.052543
0.022095
-0.005642
-0.000653
0.012312
0.001206
-0.040742
-0.026922
0.002159
0.063933
0.053546
0.015374
-0.023879
-0.072996
-0.087744
-0.004417
0.080089
0.058619
0.001984
-0.078272
-0.040924
-0.009488
0.017802
0.050820
0.050633
0.063078
-0.020869
-0.131215
-0.094618
0.019488
-0.004668
-0.011870
-0.011709
0.071620
0.081297
-0.022527
-0.060690
-0.050109
-0.048684
-0.004404
0.100120
0.083342
0.001855
-0.135355
-0.124426
-0.014371
0.051566
0.055150
0.018820
0.002621
-0.024182
-0.037517
0.025271
0.057181
0.001101
-0.126383
-0.103568
0.072637
0.117010
0.033909
-0.050501
-0.021917
-0.018173
-0.026305
-0.016713
0.010391
0.001015
-0.028467
0.016622
0.037011
0.015816
-0.018816
-0.034453
0.003380
0.000810
0.035509
0.060923
0.054204
-0.025019
-0.115564
-0.080203
-0.033412
0.066656
0.077826
0.060967
-0.016788
-0.075611
-0.014763
0.083900
0.153986
-0.030783
-0.185878
-0.117096
0.020476
0.093777
0.123778
0.137532
-0.007164
-0.133222
-0.159742
0.002545
0.099023
0.058413
0.034808
-0.005957
0.051386
0.005737
-0.067490
-0.099808
0.001225
0.099025
0.119699
0.063231
-0.094803
-0.142143
-0.060251
0.065663
0.073953
0.065677
0.063355
-0.006090
-0.054562
-0.078656
-0.059101
0.045266
0.080259
0.023307
-0.018362
-0.009065
0.000872
-0.023417
0.002815
-0.002609
-0.013765
-0.000965
0.025465
0.018061
0.035399
0.030888
-0.071321
-0.118452
-0.079104
0.121783
0.196287
0.034638
-0.140586
-0.174255
-0.042801
0.092093
0.162446
0.056826
-0.113748
-0.145794
-0.055268
0.096517
0.136604
0.032204
-0.120823
-0.151788
-0.034658
0.074362
0.113025
0.037358
-0.003880
-0.038834
-0.073807
-0.021853
-0.068903
-0.083037
-0.018137
0.127718
0.170910
0.039725
-0.044687
-0.194956
-0.180409
-0.056756
0.150158
0.201101
0.051420
-0.055591
-0.126914
-0.116442
-0.098387
0.061416
0.119555
0.075061
-0.038639
-0.099718
-0.043691
0.006551
0.024813
-0.004063
0.031623
-0.004729
-0.103768
-0.074068
0.047222
0.072046
0.026775
-0.033007
-0.038989
-0.047068
0.003761
0.002599
-0.063987
-0.037008
-0.006793
0.030959
0.075151
0.092915
-0.038466
-0.131540
-0.083688
-0.019376
0.028888
0.044151
0.042955
0.002683
-0.047859
-0.080275
-0.009516
0.063437
0.015104
-0.032032
-0.013813
0.013807
-0.060554
-0.082405
0.018647
0.115673
0.099407
-0.007418
-0.130944
-0.154457
-0.034450
0.085583
0.164038
0.073003
-0.079633
-0.178497
-0.076981
0.090992
0.095159
0.044986
-0.035991
-0.082903
-0.103730
0.026597
0.147958
0.137714
-0.020734
-0.196377
-0.147588
-0.009595
0.124642
0.083901
0.052693
0.040964
-0.072474
-0.119996
-0.071246
0.043082
0.031088
0.027548
0.052975
0.077620
-0.009810
-0.127685
-0.098721
-0.062771
0.060502
0.137398
0.148764
0.013503
-0.158739
-0.161795
-0.116276
0.057005
0.222613
0.147062
-0.028220
-0.123286
-0.107657
-0.096611
-0.036243
0.130160
0.191741
0.077400
-0.117608
-0.189251
-0.113867
-0.003579
0.181183
0.192430
0.034152
-0.090322
-0.149807
-0.117498
-0.065315
0.128581
0.210807
0.077761
-0.083053
-0.162204
-0.126564
-0.031509
0.126402
0.174206
0.066500
-0.062803
-0.108413
-0.096337
-0.070280
0.031764
0.165714
0.129735
0.012197
-0.096422
-0.138795
-0.101943
0.020488
0.134734
0.122653
0.083290
-0.047778
-0.144623
-0.145248
-0.028918
0.115519
0.153843
0.112645
-0.034179
-0.121032
-0.141899
-0.019486
0.082261
0.111350
0.095777
-0.037734
-0.082322
-0.104930
-0.000421
0.104293
0.105285
0.027173
-0.059716
-0.061732
-0.038624
-0.017579
0.060750
0.139777
0.046191
-0.115829
-0.175062
-0.023662
0.119615
0.116754
0.106648
0.071537
-0.040733
-0.168224
-0.206347
-0.059283
0.149407
0.239478
0.190289
0.014957
-0.177065
-0.235600
-0.135798
0.045419
0.193511
0.229047
0.094479
-0.069715
-0.203838
-0.189604
-0.057119
0.095425
0.238106
0.184182
0.060241
-0.105701
-0.199906
-0.199094
-0.064765
0.163639
0.225708
0.163793
-0.030499
-0.169679
-0.184874
-0.061554
0.076176
0.151604
0.166915
0.046029
-0.093693
-0.177166
-0.111708
-0.009753
0.107914
0.168062
0.113736
-0.007615
-0.122880
-0.179472
-0.117134
0.025409
0.150460
0.201300
0.134134
0.004306
-0.167977
-0.235512
-0.126362
0.044663
0.129967
0.154521
0.133415
0.069874
-0.074032
-0.213415
-0.178809
-0.019507
0.144996
0.179689
0.115076
-0.007328
-0.120161
-0.124149
-0.059797
0.018577
0.069921
0.091162
0.088259
0.020731
-0.053230
-0.086980
-0.105302
-0.041519
0.069387
0.080864
0.060267
0.052097
0.049821
0.006685
-0.078921
-0.126781
-0.091095
0.017996
0.077749
0.096355
0.044220
0.031535
0.009970
-0.032161
-0.017224
-0.020660
-0.030895
-0.043574
0.025654
0.062229
0.045308
-0.002680
-0.033381
-0.036414
-0.012752
0.076266
0.074623
0.008945
-0.023499
-0.026273
-0.052682
-0.054619
0.014195
0.045022
0.055893
0.044837
0.002441
-0.006538
0.006201
-0.007648
-0.040682
-0.015167
0.017949
0.021040
-0.021844
-0.032951
0.007380
0.045302
0.081160
0.069466
0.007360
-0.093005
-0.127391
-0.069793
0.023492
0.092150
0.090717
0.049948
-0.001468
-0.043585
-0.083725
-0.043857
0.045227
0.047038
-0.026025
-0.041139
0.027271
0.059905
0.044492
-0.022289
-0.066970
-0.064541
0.009131
0.077305
0.036193
-0.035364
-0.071860
-0.032451
0.041995
0.063979
0.014210
-0.066052
-0.065621
-0.004882
0.066434
0.087754
0.013129
-0.032999
-0.067203
-0.053555
-0.051396
-0.008536
0.023485
0.021696
0.035726
0.041024
0.040025
-0.021043
-0.066792
-0.108757
-0.051446
0.060196
0.114984
0.070000
-0.020563
-0.075396
-0.074183
-0.017507
0.011949
0.001806
-0.011483
0.003333
-0.004103
0.001502
0.026167
0.017800
0.010467
-0.009258
-0.041756
-0.054320
-0.035717
-0.012580
0.025691
0.048177
0.063616
0.025308
-0.045894
-0.083642
-0.084456
-0.009124
0.034543
0.061531
0.024354
-0.014997
-0.032291
-0.059774
-0.054257
-0.008795
0.050694
0.077335
0.059611
-0.024338
-0.063394
-0.076291
-0.044971
-0.038022
0.022897
0.066574
0.034810
0.031750
-0.037538
-0.044609
-0.059214
-0.022431
0.020955
0.023674
0.048576
0.012303
0.002152
-0.047785
-0.041329
0.003324
0.027601
0.024524
-0.032288
-0.032387
-0.038066
0.001028
0.017986
0.035018
0.037258
-0.005947
-0.018089
-0.034361
0.011804
0.008469
0.003978
0.002358
-0.000807
-0.002195
-0.027190
-0.022317
-0.029299
0.014038
0.025361
0.007071
-0.004473
0.009426
-0.007694
-0.026691
0.001241
0.003729
0.013664
0.015082
0.040575
-0.003549
-0.074860
-0.095765
-0.043332
0.044062
0.086711
0.083056
0.032083
-0.013626
-0.082338
-0.100224
-0.053644
0.015650
0.063704
0.034989
-0.002320
-0.020351
-0.007910
0.002578
0.009574
0.006219
-0.028191
-0.032443
-0.049464
-0.000277
0.030210
0.001848
-0.020007
-0.013577
0.035226
0.002362
-0.008544
-0.027800
-0.032140
-0.018783
0.003821
0.034513
0.010658
-0.020792
-0.047477
-0.037678
-0.010667
0.051985
0.022077
-0.024105
-0.068410
-0.073532
-0.001259
0.053104
0.067156
0.005544
-0.004708
-0.030888
-0.042300
-0.047870
-0.007088
0.012535
0.000382
-0.002030
-0.022636
-0.009463
0.007834
0.040951
-0.009783
-0.047219
-0.053500
-0.013733
0.032550
0.044549
0.027827
-0.016868
-0.025680
-0.029486
-0.011699
-0.011834
0.004129
0.003945
0.011688
0.015175
-0.016291
-0.020199
-0.010423
0.030334
0.030397
0.004035
-0.021336
-0.050680
-0.036529
-0.004105
0.039652
0.051105
0.033179
0.023567
-0.036215
-0.047489
-0.013051
0.030813
0.022287
-0.024807
-0.018316
-0.006572
0.007920
0.006292
0.044849
0.050414
0.040171
0.007248
-0.062348
-0.079385
-0.048747
0.037262
0.065837
0.057265
0.041450
0.000114
-0.026275
-0.043168
-0.033580
0.015873
0.053467
0.038957
-0.008723
-0.043627
-0.011752
0.029544
0.031067
-0.006550
-0.004507
-0.009684
0.007981
-0.000290
-0.018576
0.018481
0.006930
0.033477
0.014228
0.010494
-0.006752
-0.040209
-0.028093
-0.020415
0.024791
0.048979
0.042444
0.021410
-0.004291
-0.039177
-0.055436
-0.024758
0.005948
0.041044
0.053697
0.017441
-0.029875
-0.040625
-0.004748
0.018022
0.020092
0.007394
-0.011426
-0.016835
-0.003351
0.010450
0.009903
0.006854
-0.007224
-0.015269
-0.001092
0.014362
0.017830
-0.003852
-0.017232
-0.018481
-0.010923
0.012525
