-0.017328
-0.013158
-0.001801
0.006855
0.017126
0.014344
0.014098
0.005637
-0.005420
-0.009492
-0.008060
-0.005943
-0.019536
-0.026623
-0.015803
0.013158
0.042996
0.025692
0.008129
-0.002296
-0.004315
-0.006535
-0.009082
-0.007120
-0.029462
-0.007685
-0.002385
0.006464
0.037225
0.021430
0.020488
0.038595
0.069866
-0.008709
-0.106929
-0.105163
-0.044679
0.032471
0.072073
0.103629
0.065756
0.003155
-0.065292
-0.072856
-0.025115
0.008726
0.031712
0.036614
0.041006
-0.010096
-0.045507
-0.049128
0.014896
0.070505
0.072147
0.036678
-0.022967
-0.051634
-0.061085
-0.017466
0.015627
0.033294
0.030632
0.020167
0.014130
0.003069
-0.006656
-0.029131
-0.028960
0.000703
0.040461
0.033544
-0.001829
-0.029646
-0.028874
0.009565
0.026963
0.034396
-0.000959
-0.019878
-0.038402
-0.008963
-0.000957
-0.004430
0.038165
0.028140
0.032592
0.021397
0.017168
-0.035276
-0.070054
-0.037310
0.012857
0.032862
0.032324
0.049311
0.050880
0.015229
-0.060915
-0.095475
-0.061620
0.020330
0.085292
0.090179
0.049803
-0.018587
-0.079875
-0.097056
-0.046018
0.029571
0.073658
0.065764
0.018456
-0.023826
-0.051910
-0.052982
-0.029182
0.007492
0.047130
0.050202
0.025441
-0.020613
-0.053427
-0.068488
-0.038818
0.018483
0.061354
0.070047
0.028251
-0.025449
-0.057983
-0.035766
-0.005980
0.009701
0.005134
0.004932
0.011826
0.008413
0.020005
0.003942
-0.020450
-0.027466
-0.018913
0.011954
0.003149
0.009109
0.000843
0.015222
0.004754
-0.022193
-0.006410
-0.017010
-0.004299
0.015184
0.043707
0.022236
-0.024372
-0.051093
-0.049206
-0.018886
0.021656
0.061990
0.052782
0.007801
-0.035235
-0.046646
-0.035748
0.010215
0.051209
0.063004
0.033437
-0.016310
-0.038800
-0.051802
-0.011736
0.038506
0.089004
0.074575
0.006173
-0.046846
-0.054116
-0.027342
0.004694
0.042869
0.054263
0.029659
-0.010839
-0.011937
-0.011369
0.002666
0.019384
0.032748
0.034788
0.003683
-0.026723
-0.044971
-0.028313
0.035424
0.062038
0.057727
0.027353
-0.020284
-0.060554
-0.051066
0.006237
0.045426
0.041933
0.024571
0.033703
0.001254
-0.035932
-0.030257
0.023748
0.047188
0.004018
-0.031334
-0.027142
-0.024429
0.016190
0.054552
0.056523
0.036572
-0.003552
-0.033179
-0.063926
-0.042164
-0.001610
0.020507
0.050445
0.057652
0.044099
-0.018808
-0.077205
-0.070633
-0.027847
0.028806
0.075362
0.090071
0.036158
-0.047196
-0.104089
-0.101194
-0.039065
0.047900
0.087960
0.079782
0.018082
-0.050616
-0.096981
-0.042150
0.014893
0.032486
0.053996
0.029723
-0.000649
-0.041492
-0.025513
-0.012138
0.001386
0.010027
0.028743
0.029648
-0.010172
-0.041476
-0.061455
-0.046125
-0.007033
0.051607
0.069643
0.042766
-0.010959
-0.057768
-0.092750
-0.055543
0.004154
0.034420
0.054599
0.027003
-0.014312
-0.069852
-0.072628
-0.029285
0.029361
0.043632
0.019133
-0.018508
-0.061370
-0.052552
-0.034114
0.018334
0.020848
0.000389
0.020414
0.011912
-0.015007
-0.066685
-0.089671
-0.053021
0.003236
0.049564
0.046325
-0.012589
-0.071056
-0.083144
-0.019694
0.023137
0.028608
-0.010379
-0.046118
-0.046259
-0.011185
0.020947
-0.034293
-0.068319
-0.055657
-0.000384
0.046528
0.047576
-0.016828
-0.103684
-0.123890
-0.044364
0.031598
0.050926
0.026597
0.013373
-0.019818
-0.068864
-0.070554
-0.073370
-0.011823
0.015683
0.035710
0.009967
-0.005190
-0.014338
-0.067752
-0.063001
-0.043685
0.011541
0.009903
0.010610
0.007595
-0.010363
-0.024288
-0.044763
-0.016300
-0.016617
-0.008668
-0.013008
-0.021659
-0.000787
0.011303
0.019357
-0.024728
-0.031325
-0.015035
-0.002353
-0.005692
-0.008885
-0.003435
-0.018381
-0.020944
-0.022446
0.017664
0.023238
0.012908
0.003675
0.013038
0.014169
-0.013082
-0.080697
-0.086087
0.010046
0.049268
0.054526
0.042059
0.034845
-0.031818
-0.059931
-0.018919
0.003362
-0.022764
-0.021333
0.051006
0.074780
0.030453
-0.065388
-0.075411
-0.023369
0.027075
0.039443
0.026353
0.042289
0.017572
-0.011575
-0.056880
-0.045024
0.004032
0.026883
0.027591
0.002361
0.035025
0.024406
-0.033385
-0.060493
-0.019205
0.035982
0.035562
0.004277
-0.005525
-0.013472
-0.025886
-0.021168
0.000435
0.062504
0.044425
0.012179
-0.024182
-0.016727
0.000014
-0.011740
0.001776
-0.012106
-0.009331
-0.017464
0.048269
0.061363
0.032955
-0.010857
-0.056089
-0.019325
0.007426
0.055074
0.025425
-0.034249
-0.057958
-0.024079
0.033878
0.070951
0.093008
0.044677
-0.042370
-0.090364
-0.085794
-0.033754
0.043287
0.091333
0.098667
0.064287
0.006558
-0.109750
-0.106406
-0.021839
0.066189
0.068282
0.051900
0.024393
-0.009543
-0.024612
-0.051625
-0.020521
-0.005720
0.098327
0.078596
0.000053
-0.079598
-0.086258
-0.008497
0.083257
0.106642
0.010585
-0.045131
-0.071360
-0.002299
0.026708
0.038427
0.003854
-0.011826
0.043886
0.022604
-0.021575
-0.019392
-0.004843
-0.018554
-0.010257
0.039872
0.088308
-0.010376
-0.039594
-0.089247
-0.025911
0.062647
0.103279
0.042745
-0.020753
-0.054032
-0.093935
-0.020665
-0.021006
0.137671
0.092863
0.045264
-0.055548
-0.052066
0.035748
-0.015518
-0.032632
-0.038671
-0.036453
0.039675
0.107562
0.128384
0.049845
-0.103407
-0.133556
-0.039274
0.070328
0.059638
0.051512
0.014703
0.053374
0.004360
-0.052550
-0.089011
0.004201
0.079273
0.042132
-0.017890
-0.036609
0.074948
0.054109
0.041851
-0.035915
0.003990
-0.044377
-0.179980
-0.022516
0.120970
0.186596
0.019155
0.065379
0.068733
-0.008432
-0.078433
-0.140040
-0.060431
-0.068289
0.078479
0.141839
0.216060
0.121194
-0.096475
-0.170957
-0.139212
-0.002441
0.088189
0.110147
0.098065
0.000534
-0.023607
-0.027043
-0.025794
0.043003
-0.057967
0.025530
0.069439
0.072588
0.039258
-0.120646
-0.085745
0.002747
0.121138
0.133997
0.078261
0.016771
-0.114974
-0.214421
-0.103183
0.125182
0.293401
0.185700
-0.034009
-0.194377
-0.150203
-0.015871
0.074351
0.098427
0.020418
0.083199
0.029928
-0.027339
-0.063271
-0.031575
0.073661
0.016251
0.050600
0.047240
0.002851
-0.097147
-0.064951
0.097337
0.101113
0.008744
-0.060246
-0.065869
0.009518
0.096318
0.036928
0.045374
0.089277
0.121656
0.000114
-0.177870
-0.226477
-0.161141
0.023642
0.259016
0.334707
0.171401
-0.062909
-0.236576
-0.265291
-0.112557
0.106311
0.105822
0.047179
0.067694
0.064986
0.085186
0.034923
-0.038897
-0.132743
-0.053529
-0.071851
-0.051990
-0.052081
-0.009823
0.188052
0.307146
0.158479
-0.285606
-0.297611
-0.120551
0.094425
0.120900
0.109652
0.029943
0.006152
-0.028608
-0.126173
-0.089909
-0.070394
0.073564
0.149853
0.080813
-0.074204
-0.147865
-0.134422
-0.036191
0.128595
0.100371
0.065527
-0.044026
-0.014184
-0.134576
-0.222967
0.039402
0.055251
0.113762
0.003498
0.089133
0.007554
-0.148429
-0.125686
-0.080615
-0.036848
-0.003196
0.111337
0.131012
0.088166
-0.105903
-0.244618
-0.113436
0.085266
0.133473
0.082685
-0.065786
-0.159455
-0.177020
0.040255
0.115538
0.147533
0.009989
-0.141112
-0.154685
-0.047047
0.113604
0.050266
0.026811
-0.085883
-0.104008
-0.075657
0.035722
0.148066
0.018837
-0.058098
-0.110794
-0.122306
-0.024927
0.066552
0.067648
-0.002233
-0.013730
-0.051813
-0.041475
-0.008479
0.003096
-0.037983
-0.043858
-0.049477
0.013344
0.119148
0.034715
-0.072833
-0.089429
-0.085097
-0.047953
0.147692
0.111102
0.010219
-0.132692
-0.179115
-0.067222
0.106427
0.184969
0.043954
-0.051323
-0.143467
-0.136135
-0.072480
0.150077
0.131694
0.019048
-0.075397
-0.086528
-0.035660
-0.032954
0.005729
-0.001071
0.074926
0.016284
-0.039382
-0.030152
-0.008964
-0.029818
-0.010976
0.046402
0.034608
-0.079779
-0.115390
0.047251
0.121506
0.078232
-0.097993
-0.093287
-0.045196
0.054050
0.060987
0.002137
-0.035139
-0.114873
-0.000485
0.108209
0.148376
-0.032430
-0.146897
-0.093076
-0.030244
0.062021
0.115444
0.039346
-0.032728
-0.094195
-0.034778
0.052138
0.072154
-0.018548
-0.130346
-0.078708
0.001058
0.082570
0.104435
0.018193
-0.092858
-0.069627
-0.006500
0.025217
-0.008629
-0.066506
-0.066587
0.021909
0.056246
0.057448
0.010977
-0.071711
-0.079120
-0.044101
0.017426
0.091306
0.005909
-0.100450
-0.075002
-0.009868
0.070456
0.078505
-0.042327
-0.119850
-0.033557
0.040565
0.026147
-0.039122
-0.004953
0.036088
0.064028
-0.016493
-0.065599
-0.113022
-0.082563
0.020732
0.081799
0.120921
-0.016334
-0.093984
-0.105553
0.026303
0.061413
0.025170
-0.014354
-0.034641
0.004527
-0.007166
0.032332
0.008655
-0.011687
-0.069268
-0.051335
0.041756
0.058844
0.035529
-0.007308
-0.026192
-0.028999
0.019235
0.037898
0.006479
-0.024757
-0.037413
0.029098
0.066190
0.039451
-0.014240
-0.047252
0.027740
0.002229
-0.018879
-0.017779
-0.000795
0.069236
0.024623
0.024003
-0.042419
-0.046417
0.023725
0.052858
0.057412
-0.001980
-0.052489
-0.043590
-0.005385
0.046990
0.030671
-0.032335
-0.003652
0.012694
0.056822
0.008439
-0.004905
0.020750
-0.020384
-0.051105
-0.037597
0.050998
0.083094
0.018472
-0.022883
-0.004548
0.013229
-0.001281
-0.024676
-0.067081
-0.045107
0.066901
0.121923
0.099232
-0.026247
-0.084179
-0.101721
-0.021191
0.060807
0.057741
-0.019522
-0.049634
0.053265
0.057116
0.048301
-0.052718
-0.069365
0.005487
0.055690
0.038491
-0.014230
-0.026676
-0.047030
0.022444
0.051221
0.045646
-0.016519
-0.042590
0.025820
0.040072
0.022144
-0.027219
-0.046792
0.027996
0.056920
0.001010
-0.032078
-0.058598
0.005091
0.070010
0.041229
-0.012014
-0.029527
0.006728
0.035506
0.026719
-0.015321
-0.033417
-0.014188
0.015409
0.024288
0.045966
-0.019041
-0.028444
-0.002245
0.055857
0.023023
-0.059155
-0.021565
-0.008997
0.042441
0.026842
0.007120
-0.048610
-0.005886
0.059857
0.067367
0.012225
-0.090217
-0.057333
0.007718
0.099262
0.046687
-0.040250
-0.054012
-0.050523
0.011048
0.046566
0.065517
0.046020
0.043872
-0.023917
-0.087259
-0.046710
0.070688
0.064857
-0.042600
-0.022961
0.020900
0.071516
0.014755
-0.029671
-0.046162
0.003114
0.062083
0.032203
0.018054
0.010168
0.005305
-0.041010
-0.019923
0.039830
0.046535
0.011985
0.019927
0.005633
0.021907
0.012160
-0.023432
-0.005977
0.016662
0.069631
0.012462
-0.003360
0.017178
0.010660
-0.013131
0.003699
0.052872
0.020038
-0.000672
-0.045885
-0.023993
0.011687
0.050744
0.064788
-0.006732
0.014743
-0.001474
0.031536
-0.032696
-0.034326
0.075731
0.017130
-0.018997
-0.052141
0.057387
0.045167
-0.055194
-0.012152
0.063658
0.107929
-0.017245
-0.041268
-0.069467
0.009985
0.023288
0.049370
0.070281
-0.046341
-0.021955
-0.054838
0.032575
-0.001297
-0.007509
-0.002142
0.056527
0.078508
-0.009896
-0.009861
0.027046
0.001191
-0.147671
-0.053419
0.123533
0.105270
-0.007631
-0.041635
-0.034044
-0.019880
-0.015541
0.006086
0.060778
0.051051
0.052966
-0.023596
-0.078512
-0.029326
-0.015763
0.058467
0.030339
0.068549
-0.000222
-0.012840
-0.052632
-0.052984
0.028117
0.025605
0.060293
-0.055687
-0.036536
-0.019940
0.061700
0.035681
0.017498
-0.003984
-0.021085
0.026871
-0.004634
-0.021331
-0.040209
0.052818
0.033723
-0.057505
-0.073599
-0.008050
0.053816
0.002587
-0.025762
0.030992
0.045500
-0.010533
0.007684
0.024413
-0.050498
-0.023662
0.042952
0.003048
-0.049144
-0.093649
-0.024101
0.059501
0.072488
0.019604
0.014129
0.015246
-0.088978
-0.063559
0.016423
0.057213
0.012348
0.017711
0.001490
-0.043310
-0.008985
-0.002450
-0.023099
-0.031705
0.008726
0.003820
-0.005770
-0.034795
-0.029681
0.004129
0.086618
0.107426
0.015033
-0.086961
-0.164225
-0.034070
-0.014832
0.003810
0.036332
0.079927
0.018864
-0.116839
-0.052225
0.050230
0.045002
-0.024432
0.008364
-0.007312
-0.002537
-0.083840
-0.070750
-0.033241
0.029778
0.071128
0.033679
-0.026271
-0.084361
-0.090751
-0.063755
0.098548
0.080654
0.002007
-0.063118
-0.044544
-0.016880
-0.071674
-0.066521
0.015832
0.022110
0.028395
0.022521
-0.026444
-0.032145
-0.092976
-0.026388
0.010224
0.037130
0.002545
-0.029469
-0.049321
-0.089770
-0.057012
0.036924
0.095008
-0.001274
-0.062901
-0.068198
0.014002
-0.002459
-0.021172
-0.011542
-0.016982
-0.006568
-0.026484
-0.020857
-0.028677
0.017493
-0.008915
-0.053535
-0.016724
0.055469
0.005128
-0.107018
-0.034566
0.033421
0.031449
-0.026207
-0.008866
-0.010217
-0.056792
-0.043265
0.002637
0.026032
-0.020573
-0.045809
-0.017599
-0.012105
-0.036257
-0.000771
0.021930
-0.002496
-0.016863
0.028066
-0.000482
-0.044335
-0.046248
-0.036437
-0.014781
-0.010786
-0.016394
-0.021865
0.003154
0.007196
0.009457
0.008847
0.029398
0.017397
-0.068419
-0.070144
-0.041207
-0.002279
0.021933
0.021897
0.010419
0.003276
0.002449
-0.052814
-0.042523
-0.007051
0.037466
0.003145
-0.048070
-0.010490
0.027525
0.019453
-0.033325
-0.021463
-0.010147
0.013115
-0.019775
-0.024663
0.030571
0.001850
-0.041428
-0.033216
0.023110
0.023769
-0.010046
-0.014254
0.005473
-0.023626
0.003603
0.035423
0.008720
-0.028575
-0.039234
0.016628
0.031506
0.009286
-0.026605
-0.043000
-0.015752
0.040649
0.031760
-0.007588
-0.011152
-0.003144
-0.016981
-0.005629
0.048842
0.005328
-0.017306
-0.040226
-0.005428
0.014034
-0.011549
0.035469
-0.000897
0.001398
-0.010261
0.017876
-0.002066
-0.028227
0.010825
-0.015504
0.025576
0.034530
0.041052
-0.023934
-0.064222
-0.013394
0.044070
0.068523
0.012124
-0.010340
-0.050000
-0.039789
-0.005923
0.069308
0.060299
0.028198
0.006984
-0.021828
-0.044950
-0.045438
0.011613
0.036692
0.034290
0.036834
0.003857
-0.049005
-0.024666
0.014708
0.039977
-0.018090
0.019861
0.033962
0.007870
-0.026156
-0.061398
0.030012
-0.013187
0.025739
0.066128
0.032571
-0.005289
-0.081930
0.033284
-0.043736
0.022590
0.093675
0.061612
0.003101
-0.015070
0.000438
-0.061924
-0.019641
0.064601
0.112711
0.036327
0.011475
-0.056268
-0.034082
-0.063706
-0.100932
0.084062
0.179736
0.049135
-0.019159
-0.013903
-0.066222
-0.134992
0.028557
0.102515
0.016767
0.059611
0.036366
-0.041776
-0.104402
0.020911
0.013341
0.004757
0.020145
0.027576
0.127388
0.008670
-0.050841
-0.071990
-0.076288
0.031325
0.142904
0.080860
-0.054357
-0.055839
0.109181
-0.003763
0.052415
-0.005259
-0.091630
0.017134
0.058277
-0.042700
-0.180424
0.226200
0.282559
-0.001728
-0.269839
-0.018386
0.045630
-0.047414
0.146773
0.073012
0.165908
0.055980
-0.294167
-0.155988
0.058475
0.092023
0.094193
0.010748
0.174999
-0.023559
-0.060019
-0.093415
-0.212514
0.222178
0.073845
-0.001649
-0.084332
0.056338
0.051354
0.057966
0.106908
-0.169642
0.003702
0.122374
0.106248
-0.335018
-0.242205
0.184606
0.487355
0.249932
-0.096404
-0.385465
-0.267678
0.062844
0.157452
0.060428
0.008734
0.186295
0.061416
-0.078852
-0.293411
-0.023940
0.126729
0.210613
0.012506
-0.077158
-0.054478
-0.014245
0.095211
-0.071377
0.044601
-0.018037
-0.057851
0.075042
0.175692
0.105937
-0.267053
-0.232085
0.154148
0.241725
0.110562
-0.138653
-0.177278
0.086249
0.267923
0.086516
-0.236675
-0.146778
0.063091
0.130297
-0.007864
-0.118684
0.048255
0.199188
0.130404
-0.179330
-0.231727
0.021086
0.177008
0.171971
-0.034336
-0.191509
0.005431
0.006808
0.012991
0.087774
-0.014551
0.055637
0.083324
-0.048959
-0.074851
-0.104759
0.027736
0.076760
-0.012480
-0.025020
0.058024
0.190214
0.028193
-0.229436
-0.270550
0.000438
0.315629
0.246026
-0.102967
-0.266123
-0.114160
0.168896
0.137785
-0.055389
-0.120495
0.039168
0.151043
-0.054213
-0.183409
-0.168864
0.113438
0.239878
0.065975
-0.125123
-0.205680
-0.038494
0.067244
0.074496
-0.018856
-0.032690
0.076972
0.100890
-0.039575
-0.203046
-0.156394
0.038404
0.172239
0.153847
0.006427
-0.155495
-0.196758
-0.022179
0.108164
0.107866
0.023958
-0.056975
-0.092826
-0.018948
0.051492
0.060607
0.010603
-0.105843
-0.043405
-0.013926
0.146778
0.098252
-0.109732
-0.189831
-0.060164
0.220281
0.155490
-0.045219
-0.199971
-0.169709
0.034542
0.191301
0.162860
-0.094753
-0.156194
-0.055839
0.028556
0.051435
-0.005629
0.059192
-0.068439
-0.034606
0.014018
-0.030224
-0.003784
-0.030146
0.013236
-0.010406
0.011649
-0.010421
-0.097259
-0.108291
-0.004251
0.137681
0.068969
-0.031797
-0.013290
-0.069240
-0.062787
-0.035499
-0.001799
-0.015191
-0.014951
0.059878
0.003554
-0.032166
-0.055718
-0.076861
-0.058178
0.021108
0.080343
-0.004334
-0.066315
-0.039597
0.014124
-0.019859
-0.038057
-0.045759
-0.028448
0.002323
0.015643
-0.088610
-0.051542
0.075751
-0.003692
-0.022019
-0.105821
-0.077091
0.035048
0.101956
0.040760
-0.047550
-0.102253
-0.053479
0.030555
-0.052500
-0.044006
0.010825
0.077914
-0.001813
-0.099560
0.034538
0.042507
-0.050182
-0.041841
-0.030230
0.026749
0.023307
-0.042061
-0.107649
0.002397
0.175071
0.100247
-0.153854
-0.204416
0.042731
0.165561
0.060701
-0.076822
-0.061485
-0.009673
0.000502
0.036035
0.029900
-0.063938
-0.057428
0.065464
0.073074
-0.077581
-0.065555
0.007713
-0.016997
-0.019536
-0.015667
0.030954
0.040249
0.009837
-0.046223
-0.029688
0.033387
-0.005047
-0.020441
-0.018468
-0.035463
-0.030788
0.034903
0.076344
-0.022658
-0.047799
0.023938
0.021441
-0.008726
-0.079188
-0.061713
-0.053597
-0.057369
0.075080
0.103276
0.050672
-0.042904
-0.088536
-0.083496
-0.023286
0.038273
0.022614
-0.045851
-0.056229
0.009504
0.051446
-0.022587
-0.033218
-0.004515
-0.022663
0.001132
0.003147
-0.027695
-0.004342
-0.031558
-0.075679
0.041938
0.033173
0.071904
0.009566
-0.065660
-0.061834
-0.030949
0.019201
-0.028521
0.015502
0.053332
0.042450
-0.055525
-0.046067
0.001954
0.038187
0.050822
-0.024418
-0.034113
-0.018005
0.037888
0.052491
-0.004964
-0.047835
0.024108
0.062435
-0.045519
-0.018448
0.048649
0.017411
-0.060652
-0.046331
0.041817
0.039599
0.015091
-0.008725
0.008211
-0.071827
0.002968
0.048089
0.042843
0.026637
-0.032099
0.083620
0.015048
-0.041115
-0.031659
0.006071
0.032875
-0.007197
-0.009028
0.032437
0.064712
-0.014986
-0.027651
0.017234
0.000375
-0.053600
0.024629
0.039189
-0.007130
0.024606
-0.001935
0.071718
-0.054333
-0.095819
-0.013639
0.052835
0.067493
-0.005831
0.026827
0.006255
0.029429
-0.076984
-0.037653
0.030104
0.068666
0.064396
-0.025749
0.005841
0.005298
-0.001849
-0.082880
-0.027099
0.034663
0.064966
0.009096
-0.002332
0.095698
0.028790
-0.035659
-0.043317
0.037240
0.042806
0.003145
0.003172
-0.036986
0.010654
0.040902
0.048453
0.047539
0.009621
0.014365
0.026141
0.031621
-0.011931
-0.034941
0.048607
0.064028
-0.010041
-0.010595
0.013579
0.066658
-0.012413
-0.014634
0.020193
0.039049
0.025468
-0.006353
0.023040
0.005534
0.046701
0.024738
0.030837
0.030050
0.039550
0.018414
-0.003399
-0.019444
-0.011158
-0.019999
0.020908
0.046896
0.072563
0.043876
-0.057429
-0.031121
0.015959
0.013523
0.011952
0.054702
0.042122
0.051724
-0.042427
-0.054955
-0.041778
-0.024467
0.053595
0.082320
0.025384
-0.059271
-0.037469
0.009414
0.061485
0.017286
-0.009227
-0.039225
0.042089
0.078385
-0.019172
-0.043718
-0.044518
0.032135
0.011232
-0.002682
0.020178
0.010288
-0.049637
-0.050555
0.072861
0.053124
-0.002681
-0.023404
-0.012547
0.025107
-0.040877
0.018467
0.056008
0.019893
0.032144
0.007427
0.005880
-0.012717
0.012886
0.022117
-0.012556
-0.050894
-0.000525
0.062647
0.047542
0.033263
-0.024287
0.036441
0.022613
-0.038940
-0.031406
-0.023253
0.082590
0.018348
-0.013036
-0.010219
0.028107
0.042411
-0.010236
-0.029295
0.026931
0.028376
0.022499
0.010271
0.015276
0.037909
-0.076305
-0.003161
0.018562
0.069410
-0.018280
-0.040301
0.018311
0.021512
0.015649
-0.042667
0.009798
-0.021042
-0.020714
-0.020116
0.057678
0.024860
-0.058494
0.004850
0.005198
0.017777
0.000162
0.040054
-0.030456
-0.112687
-0.053204
0.001942
0.107770
0.015690
-0.014704
-0.001645
-0.024523
-0.056267
-0.095879
0.007814
0.027508
-0.023812
-0.016277
-0.009722
-0.028683
-0.013717
-0.031091
-0.013604
-0.052003
0.001192
0.035095
0.036663
-0.021802
-0.071666
0.029066
0.026734
0.000634
-0.071432
0.004177
-0.006739
-0.011953
-0.021261
0.006072
0.018873
-0.028406
0.025486
-0.031719
-0.018545
-0.012757
0.004010
-0.007121
-0.038418
0.007424
0.010699
0.007301
-0.030084
-0.071441
-0.044594
0.005648
0.046610
0.065416
0.082684
-0.063033
-0.124604
-0.039315
0.009333
0.032038
0.018085
0.043019
0.021949
0.018869
-0.030026
-0.086567
-0.042178
0.039806
0.038679
-0.010381
-0.001410
-0.050982
-0.047998
0.019668
0.053692
-0.031283
-0.073816
-0.006704
0.032329
0.051610
-0.039349
-0.049572
-0.014104
0.020939
-0.027426
-0.070252
0.018938
0.017369
-0.007551
-0.018031
0.079028
0.031066
-0.118611
-0.062922
0.044885
0.032211
-0.086020
-0.004018
0.074672
-0.014546
-0.044181
-0.049383
-0.005762
-0.016742
-0.050622
0.006376
0.045155
0.028869
-0.003041
-0.027483
0.006786
0.005363
0.016436
-0.006282
-0.025210
-0.055414
-0.025070
0.065702
0.012695
0.036941
-0.027758
0.019894
-0.014729
-0.034104
-0.009828
0.000458
0.043712
-0.045410
-0.035871
-0.035435
-0.015383
-0.039191
0.022617
0.054015
0.059876
-0.018278
-0.048843
-0.044672
-0.028650
0.045332
0.034028
0.010785
-0.027420
-0.021560
-0.051885
0.018699
-0.031135
-0.032142
0.040142
0.064058
0.023043
-0.094761
-0.080074
-0.001603
0.005426
-0.017601
-0.018856
0.013576
0.034685
-0.034035
-0.072895
-0.051894
0.000494
-0.044219
0.002601
0.066195
0.065774
-0.014611
-0.107146
-0.022344
-0.037650
-0.041625
0.015199
0.009080
0.014939
-0.034646
-0.004412
0.031207
-0.049961
-0.077991
-0.029586
0.040094
0.031661
-0.015248
-0.056925
0.001424
-0.026147
-0.071356
-0.013793
0.043289
0.051583
-0.065951
-0.047342
0.027053
0.016219
-0.020909
-0.062592
-0.008796
0.069177
0.030041
-0.018052
-0.057370
-0.002887
-0.009910
0.007756
-0.018968
0.013616
0.054731
-0.010706
-0.012250
-0.038757
0.034726
-0.078045
-0.020632
0.032024
0.073168
0.019764
-0.050893
-0.032329
-0.035938
0.014324
-0.015385
0.060524
0.009426
0.005640
-0.029938
-0.047962
0.026013
0.036546
0.015456
-0.017151
-0.008336
0.054282
-0.010036
-0.064242
-0.008682
0.011740
0.040146
0.023194
0.004470
0.029135
0.005068
-0.042373
-0.022411
0.036558
0.050467
0.035097
-0.027062
-0.066847
-0.032743
0.007287
0.051881
0.041882
0.026062
0.021575
-0.013861
-0.028343
-0.047002
-0.010975
0.072007
0.077855
0.013580
-0.047134
-0.017805
0.008084
0.023165
0.007545
-0.002774
-0.009643
0.031425
0.014753
0.008738
0.022913
0.084376
0.033182
-0.101828
-0.035592
-0.011729
0.024222
0.025179
0.056754
0.096633
0.053669
-0.000854
-0.062047
-0.052206
0.013561
0.024078
0.042346
0.009326
-0.001613
-0.011652
-0.026579
0.033082
0.091464
0.047862
-0.025131
0.014323
0.023220
0.027338
-0.032253
-0.066095
0.008035
0.067377
0.013760
-0.022404
-0.008509
0.020640
0.034657
-0.018967
-0.008673
0.073346
0.078688
0.007547
-0.068693
-0.099132
0.008527
0.039519
0.039477
-0.012993
0.011196
0.054981
-0.041430
-0.058759
-0.061451
0.050698
0.087397
0.059508
0.031676
-0.058901
-0.083597
-0.039595
0.011385
0.008132
0.013425
0.053768
0.063334
0.018504
-0.089498
-0.147028
0.017581
0.153419
0.119384
-0.061163
-0.084585
0.012306
-0.025311
-0.038987
-0.018435
0.055945
0.121811
-0.013600
0.005794
-0.013402
0.005745
0.078779
-0.116043
-0.108124
-0.038737
0.089646
0.129128
0.032039
-0.002062
0.059412
0.038823
-0.094836
-0.127862
-0.107520
0.159815
0.205347
0.058442
-0.035047
-0.104144
-0.033101
-0.102401
-0.017566
0.110695
0.155384
0.085621
-0.047526
-0.136716
0.012421
0.088001
-0.000230
-0.078941
-0.082254
0.089587
0.070692
0.059338
0.013987
-0.070843
-0.114625
0.082756
0.043293
-0.055423
-0.057667
-0.007178
0.282738
0.154807
-0.051665
-0.295066
-0.233024
-0.047678
0.004292
0.268627
0.253641
0.208298
-0.054451
-0.261388
-0.193900
-0.120706
0.042103
-0.061056
0.190270
0.212060
0.052316
-0.053035
-0.060501
0.057555
-0.111519
-0.074623
-0.069950
0.076096
0.007955
-0.090994
-0.046836
0.217227
0.274507
0.036386
-0.160847
-0.251426
-0.089373
0.051369
0.046107
0.032537
0.076168
-0.027425
0.090551
0.110079
-0.034443
-0.147057
-0.045369
0.077511
-0.064110
-0.112348
-0.029331
0.123788
0.118231
-0.011274
0.009227
0.084899
0.076574
-0.172035
-0.192229
-0.004668
0.104815
0.084498
0.040126
0.080842
0.032901
-0.062053
-0.110198
-0.101223
-0.076434
0.017792
0.099904
0.205819
0.084703
-0.122968
-0.168737
-0.014763
0.069073
-0.023295
-0.016493
0.041491
0.087668
-0.001412
-0.064108
-0.047236
-0.044151
0.003355
0.011914
0.133700
0.052930
-0.148142
-0.189917
-0.005647
0.127401
0.049745
0.046264
-0.007004
-0.012200
-0.110688
-0.094606
-0.031637
0.071552
0.065001
0.002804
-0.008844
-0.042850
-0.077839
-0.073778
0.043870
0.039753
0.007003
-0.073450
-0.017672
0.018971
-0.004528
-0.055046
-0.069948
0.026840
0.070633
0.024582
-0.111848
-0.118074
-0.018617
0.070471
0.063803
-0.035391
-0.049073
-0.031488
-0.024887
-0.021615
-0.000035
0.034472
-0.000739
-0.064655
-0.081070
0.023767
0.066819
0.020352
-0.048717
-0.057649
0.034633
-0.002379
-0.043211
-0.055696
0.006374
0.106650
0.030046
-0.074955
-0.085693
-0.005185
0.025615
-0.003290
0.006673
0.017969
0.008222
-0.016757
-0.016202
-0.037488
-0.000909
-0.003343
0.008918
0.033798
-0.007229
0.028019
-0.003922
-0.012202
-0.026581
0.017541
-0.000782
-0.044601
-0.045089
0.017094
0.091816
0.002556
-0.042530
-0.041520
0.043214
0.013088
-0.026271
0.020999
0.051081
0.004137
-0.078674
-0.055323
0.000863
0.053690
0.033588
0.008074
-0.003664
-0.010371
-0.025863
-0.012151
0.007207
-0.009519
0.002046
0.012703
0.017888
0.016905
-0.030739
-0.015467
0.002350
0.010820
0.026009
-0.000690
-0.016983
-0.053912
-0.001605
0.044664
0.029821
-0.027249
-0.029421
0.017772
0.042810
0.008267
-0.066387
-0.007671
0.044371
0.027000
-0.024206
-0.042143
-0.022039
0.016896
0.013004
0.021739
0.022207
0.001189
-0.008358
-0.059558
-0.030296
-0.021847
0.042427
0.055629
0.023326
-0.051992
-0.034883
0.015915
0.002547
-0.033525
-0.062661
0.029899
0.041318
0.034340
-0.068145
-0.053344
-0.021935
0.026527
0.046284
0.001881
0.015265
-0.041229
-0.026523
-0.059794
-0.019824
-0.000823
0.032963
0.034891
0.006085
-0.000755
-0.082263
-0.068209
-0.049287
0.031367
0.053559
-0.006977
-0.023921
-0.009114
0.035361
-0.004370
-0.093808
-0.035672
0.019406
0.030363
-0.057852
-0.077118
0.032138
0.054201
0.014608
-0.051655
-0.035739
-0.003426
-0.007736
-0.026634
0.002761
0.014876
-0.012214
-0.011280
0.000794
-0.007175
-0.023117
-0.010258
0.026010
-0.013049
-0.031712
-0.024770
-0.008283
-0.000971
0.008986
0.036482
0.032637
-0.006879
-0.068228
-0.025921
0.014179
0.015155
-0.016176
-0.005200
0.037763
0.026251
0.008037
-0.005847
0.004811
-0.002354
0.046228
0.036141
-0.019687
-0.048213
0.000343
0.069760
0.004307
-0.041854
-0.005596
0.053874
0.035133
0.025982
0.010289
0.055231
0.023171
-0.040226
-0.037578
0.002566
0.019702
0.047536
0.050969
0.023037
-0.030980
-0.039577
0.000372
0.005649
0.052901
0.059982
0.079154
-0.026658
-0.062061
-0.062452
0.048063
0.048993
0.021410
0.026826
0.029641
0.002446
-0.053873
-0.013203
0.001984
0.043701
0.020550
0.017383
-0.016171
-0.008637
-0.035812
0.004016
0.062790
0.079310
0.018649
-0.067535
-0.065564
-0.042044
0.009372
0.029023
0.077263
0.055921
0.005441
-0.070638
-0.064780
-0.029341
0.015649
0.064229
0.081260
0.067549
-0.053358
-0.109281
-0.065208
0.066766
0.090114
0.011739
-0.042034
0.003087
0.013348
-0.020796
-0.036215
0.030995
0.064095
0.007527
0.000974
-0.004850
-0.000324
-0.076959
-0.035122
0.079374
0.124625
0.042049
-0.078331
-0.043604
-0.018884
-0.018120
-0.016314
0.028805
0.118879
0.074928
-0.001109
-0.063086
-0.079817
-0.007479
0.023352
0.053727
0.051843
0.026432
0.024861
-0.009778
-0.054742
-0.061056
-0.004014
0.075864
0.100775
0.025031
-0.036226
-0.036470
0.013750
0.001500
0.003403
0.024395
0.029037
0.020809
-0.039350
-0.017494
-0.017382
0.010962
0.030670
0.049121
0.004692
-0.043968
-0.025654
-0.010042
0.034341
0.013323
0.029385
0.025369
-0.024806
-0.049912
-0.041749
0.022123
0.042603
0.063125
-0.003949
-0.069066
-0.032467
0.034341
0.094106
-0.007468
-0.051517
-0.038026
0.022424
0.035897
0.023391
0.007413
-0.049613
-0.024971
0.011476
0.056285
0.026729
0.002021
-0.032896
-0.038557
0.026107
0.043026
0.050965
0.026019
-0.025892
-0.083324
-0.057234
0.029424
0.058896
0.086544
0.003842
-0.057573
-0.056316
0.018240
0.048920
0.035496
0.011548
-0.058787
-0.036437
0.003910
0.063858
0.039263
-0.025182
-0.064561
-0.056112
0.027857
0.073123
0.046436
-0.021486
-0.071725
-0.063975
0.017181
0.063270
0.053945
-0.002163
-0.032686
-0.014739
-0.032191
-0.006627
-0.014038
-0.016008
-0.019444
0.028558
0.044276
-0.003381
-0.046263
-0.067575
-0.061547
0.001870
0.048070
0.057771
-0.013579
-0.062099
-0.042366
-0.032636
0.018509
-0.027698
-0.013404
-0.033422
0.003677
0.009640
-0.001755
-0.030189
-0.065090
-0.035976
0.005127
0.051916
-0.006854
-0.046200
-0.067814
-0.030933
0.011646
0.018409
0.013592
-0.023136
-0.044537
-0.039949
-0.044726
-0.027585
-0.021088
-0.006595
0.011640
0.022076
0.030615
-0.014434
-0.036369
-0.026970
0.002290
0.001452
-0.029960
-0.044584
-0.062367
-0.021363
0.010389
0.025246
0.021401
0.051895
0.074348
0.036911
-0.017527
-0.071339
-0.067039
-0.035253
0.048976
0.119401
0.126975
0.048972
-0.041481
-0.074184
-0.044394
0.012299
0.039108
0.056396
0.051416
0.022957
-0.016341
-0.034687
-0.009296
0.037232
0.054450
0.036031
-0.014719
-0.037483
-0.015913
0.018476
0.037808
0.022316
0.001688
-0.006877
0.009161
0.017138
-0.002798
-0.019373
-0.017659
0.002551
0.037501
0.040539
-0.000573
-0.048967
-0.051917
-0.004622
0.039497
0.035936
0.002476
-0.029525
-0.027131
0.001891
0.021191
0.010681
-0.007998
-0.013922
-0.008065
0.005595
