-0.046021
-0.034953
0.005125
0.044360
0.044022
0.016332
-0.000678
-0.022173
-0.013776
0.005806
0.011050
0.009893
-0.014037
0.000352
-0.019669
-0.018951
-0.017126
0.014812
0.036834
0.008107
0.035318
0.010933
-0.016124
-0.033671
-0.012315
0.011994
0.002554
-0.028019
-0.034740
-0.010602
0.003903
0.050040
0.081868
0.020365
-0.065722
-0.086489
-0.065883
0.037299
0.084046
0.017768
-0.011564
0.029395
0.059647
-0.031650
-0.097277
-0.059439
0.038024
0.078847
0.007579
-0.054759
-0.027726
0.050202
0.033876
-0.002045
-0.024114
-0.008081
0.010400
-0.005686
-0.057340
-0.037845
0.030883
0.080064
0.079869
0.032155
-0.048085
-0.095337
-0.049453
-0.010158
0.031973
0.053125
0.047959
-0.007634
-0.004443
-0.072491
-0.032916
0.035414
0.005465
0.026466
0.067553
0.077890
-0.030632
-0.086595
-0.075982
-0.085753
-0.057774
0.027467
0.110556
0.147204
0.075210
-0.005444
-0.072748
-0.048571
-0.043924
-0.022236
-0.066528
-0.062797
0.070339
0.107706
0.119203
-0.008535
-0.008407
-0.119501
-0.179087
-0.045687
0.079081
0.098733
0.025168
0.082574
0.096589
0.036457
-0.113699
-0.140394
-0.080954
-0.032025
-0.058835
-0.045391
0.124402
0.182060
0.099771
0.024430
-0.026839
-0.067269
-0.089513
-0.092375
-0.083146
-0.100851
-0.012825
0.103089
0.240983
0.219689
-0.007225
-0.146006
-0.134473
-0.035449
-0.008245
-0.047312
-0.077081
-0.062411
-0.013132
0.118401
0.135671
0.105918
0.033927
-0.080661
-0.075309
-0.047573
0.018822
-0.096948
-0.131840
-0.043831
0.061771
0.082108
0.053221
0.171657
0.140199
-0.045812
-0.216990
-0.150931
-0.015287
0.026231
-0.025290
-0.044863
-0.144323
-0.025180
0.175925
0.205956
0.142179
-0.062872
-0.181314
-0.283797
-0.073173
0.057435
0.168972
0.090351
-0.037556
0.084844
0.191439
0.064950
-0.293180
-0.365743
-0.189673
0.130558
0.193883
0.276065
0.112617
-0.062461
-0.054411
-0.051828
-0.040701
-0.080489
0.006298
-0.072952
-0.085440
-0.079637
-0.016498
0.291422
0.326668
0.084941
-0.204450
-0.318580
-0.107440
0.034605
0.092158
0.044380
0.058757
0.109849
0.037211
-0.103011
-0.182638
-0.109838
0.012448
0.100427
0.216420
0.122060
-0.047156
-0.184349
-0.228769
-0.044171
0.118129
0.200024
0.113989
0.121084
0.014792
-0.149917
-0.251154
-0.184027
0.063509
0.158607
0.092270
0.007843
-0.035760
-0.032269
-0.042217
-0.061534
0.009784
0.150102
0.287807
0.107747
-0.204152
-0.360516
-0.241852
0.020077
0.162159
0.199306
0.215873
0.017192
-0.086244
-0.070139
-0.094303
-0.083487
-0.017154
0.146110
0.139439
0.083260
-0.212818
-0.303950
-0.032595
0.275432
0.334294
0.038104
-0.241707
-0.271099
-0.016836
0.096633
0.077621
0.034418
0.034357
0.037818
0.019618
0.005191
-0.083761
-0.138355
-0.055426
0.098803
0.150630
0.067958
-0.042177
-0.100287
-0.024393
0.033534
-0.032878
-0.033843
0.092490
0.064004
-0.105590
-0.108493
0.066173
0.166833
0.019017
-0.103116
-0.104891
-0.047051
-0.003361
0.081204
0.067400
0.029158
-0.101266
-0.178340
0.017948
0.195489
0.202009
0.081695
-0.033897
-0.166802
-0.166866
-0.126058
-0.007490
0.062087
0.117248
0.060429
0.083984
0.093586
-0.087551
-0.177381
-0.128998
0.077404
0.103102
0.017855
-0.084874
-0.036216
0.069724
0.103966
0.069710
-0.007076
-0.149431
-0.193906
-0.101008
0.081841
0.188258
0.117649
0.063136
-0.034690
-0.049317
-0.078077
-0.091179
-0.118137
-0.008387
0.217180
0.188529
-0.011024
-0.197948
-0.142605
-0.018980
0.085306
0.141415
-0.017840
-0.025727
-0.037986
-0.033667
-0.156395
-0.008626
0.213638
0.144543
0.088719
-0.107241
-0.063491
-0.125394
-0.136026
-0.081900
0.109129
0.259138
0.118519
-0.006992
-0.089468
-0.126901
-0.171665
-0.031465
0.126188
0.141824
0.091143
0.006095
-0.130396
-0.070940
-0.072362
-0.068294
0.086151
0.130446
0.018808
-0.001912
0.095545
0.013511
-0.057772
-0.081527
-0.073007
-0.026942
-0.020246
-0.064780
0.078932
0.168525
0.200367
0.105641
-0.161846
-0.333831
-0.197307
0.103025
0.174999
0.050393
-0.099095
0.171474
0.226918
0.029163
-0.235192
-0.172778
-0.023531
0.008673
0.013095
-0.074191
0.106646
0.090616
0.137749
0.019901
-0.029586
-0.108584
-0.181269
-0.106945
-0.013110
0.252713
0.218818
0.072716
-0.098967
-0.174749
-0.154281
-0.126842
0.030341
0.183946
0.141839
-0.002882
-0.086214
-0.002495
0.071429
0.028534
-0.079897
-0.118473
-0.054757
0.034509
0.127891
-0.013032
-0.079362
-0.032372
0.054414
0.204023
0.187654
-0.045447
-0.296895
-0.279662
-0.051434
0.202618
0.176046
-0.062711
-0.097082
0.119820
0.177811
-0.019688
-0.119156
0.028728
0.102266
-0.069141
-0.189387
-0.170463
0.016445
0.138873
0.078259
-0.059137
0.034824
0.127825
0.075950
0.053544
0.018674
-0.020156
-0.189244
-0.126631
-0.086605
-0.067792
-0.002846
0.146605
0.339817
0.237794
-0.072249
-0.430710
-0.271169
0.055794
0.264267
0.156202
-0.060093
-0.080883
-0.066550
-0.007469
0.030587
0.115376
0.071515
-0.038678
-0.169966
-0.174220
-0.035764
0.043429
0.115629
0.234454
0.192518
-0.015332
-0.039395
-0.105078
-0.244498
-0.203080
-0.110380
0.135961
0.174850
0.168160
0.095708
0.019658
-0.010827
-0.017812
0.029928
-0.157637
-0.182772
-0.191844
-0.021211
0.161636
0.294074
0.291735
0.062113
-0.131408
-0.362796
-0.349974
-0.125884
0.237767
0.274954
0.175302
0.120866
-0.080092
-0.079971
-0.028063
-0.059493
-0.088237
-0.020689
-0.087084
-0.022913
0.154418
0.249853
0.160248
-0.027519
-0.166910
-0.234839
-0.215324
-0.242243
0.156025
0.388956
0.288295
-0.047018
-0.285227
-0.053649
-0.003307
-0.053041
-0.116762
0.095754
0.279622
0.140935
-0.146892
-0.341833
-0.140783
0.098923
0.235658
0.103952
-0.042712
-0.041398
-0.033047
-0.024845
-0.038165
-0.112548
-0.019670
0.148474
0.116019
-0.128075
-0.232418
-0.058407
0.125199
0.317179
0.137026
-0.031410
-0.304664
-0.264831
0.028103
0.202733
0.193563
-0.080535
-0.096261
0.002796
0.093770
-0.137752
-0.026112
-0.038671
0.059817
0.177500
0.061650
-0.009194
-0.238796
-0.115679
0.013966
0.199439
0.063928
-0.110199
-0.057599
0.024797
0.038676
-0.034832
0.038885
0.047475
-0.050994
-0.078513
0.049263
0.129145
-0.054504
-0.162626
0.005449
0.165911
0.089386
-0.184247
-0.197639
0.078963
0.242411
0.013680
-0.139082
0.033417
0.123363
-0.027345
-0.180970
-0.133877
0.121431
0.193688
-0.005297
-0.051555
-0.040132
0.033905
-0.034502
-0.084137
-0.046853
0.051505
0.081694
0.006119
-0.026035
0.002153
0.109088
-0.091377
-0.201130
-0.109746
0.190626
0.296596
0.030856
-0.180253
-0.172729
0.025646
0.076074
0.000959
0.010773
-0.054663
-0.021318
0.015098
-0.068967
0.053763
0.004108
0.094381
0.085741
0.091536
-0.112241
-0.290240
-0.128395
0.025212
0.239357
0.160254
0.052429
-0.075744
-0.078435
-0.094312
-0.088611
-0.085631
0.092652
0.101962
0.025041
0.057932
0.032636
0.015143
-0.128089
-0.094757
-0.045746
0.028278
0.006920
0.037377
0.030938
0.029243
0.023464
-0.009950
0.035489
-0.000459
-0.075821
-0.090971
0.028498
0.093435
0.038346
-0.156684
-0.172722
0.063265
0.232280
0.193703
-0.081021
-0.224736
-0.192093
-0.025169
0.193962
0.239337
0.069940
-0.177470
-0.106255
-0.044619
-0.071465
-0.028334
0.091843
0.160059
0.142115
0.024733
-0.115637
-0.233690
-0.187158
0.030448
0.175742
0.255746
0.045573
-0.044978
-0.100020
-0.059985
-0.168395
-0.174173
0.148152
0.222302
0.128220
-0.144718
-0.074761
0.115073
0.008392
-0.118576
-0.085409
0.118082
0.180412
-0.036129
-0.143023
-0.130256
0.032683
0.042166
0.048502
0.085902
0.019587
0.033158
-0.053448
-0.088424
-0.108835
0.035722
0.156453
0.130000
-0.066334
-0.071982
-0.078178
-0.109508
0.002983
0.088101
0.186499
0.021875
-0.013592
-0.042616
-0.089327
-0.171731
-0.044966
0.139994
0.155874
0.080083
-0.010463
0.013361
-0.179365
-0.151403
-0.014257
0.121331
0.151311
0.103478
0.102919
0.025934
-0.154877
-0.311776
-0.125413
0.132425
0.172135
0.143933
0.143119
0.000151
-0.163453
-0.222867
-0.111416
0.078303
0.141904
0.132996
0.099143
0.002092
-0.109704
-0.117655
-0.068102
-0.024539
-0.017943
0.084602
0.147600
0.123221
-0.018009
-0.201739
-0.171770
-0.092889
0.096928
0.198579
0.221312
0.184300
0.021169
-0.123215
-0.289905
-0.235502
-0.142694
0.030356
0.116143
0.143884
0.272215
0.091129
-0.058253
-0.044574
0.070483
-0.058535
-0.305740
-0.232909
-0.008900
0.169628
0.122074
0.140785
0.207097
0.125575
-0.070519
-0.299535
-0.229281
-0.025000
0.116366
0.108025
-0.073604
0.011469
0.146114
0.072213
-0.025286
-0.041923
-0.063470
-0.128284
-0.080920
0.106387
0.162436
0.090059
-0.066954
-0.209578
-0.103482
0.072829
0.205976
0.103609
0.003352
-0.146368
-0.158911
0.000612
0.074013
0.060324
-0.070447
-0.007940
0.055807
0.157761
0.141320
-0.051006
-0.233563
-0.236130
0.010540
0.106915
0.082573
0.045528
0.045528
-0.011061
0.000427
-0.013246
-0.075625
-0.100130
-0.017137
0.123195
0.010096
0.027848
-0.009352
0.018450
-0.026678
-0.064932
0.058046
0.042449
-0.050220
-0.109581
0.014900
0.123241
0.146301
-0.116396
-0.222259
-0.045599
0.147079
0.153227
0.014576
-0.101978
-0.049887
0.036820
-0.017204
-0.028801
-0.020626
0.102384
0.063704
-0.097548
-0.058759
0.006891
-0.043489
-0.028940
0.135719
0.144128
0.000470
-0.114790
-0.185381
-0.032943
0.015188
0.079886
0.104042
0.080558
0.084986
-0.142979
-0.180417
-0.044709
0.062429
0.060146
0.109422
0.067688
-0.084405
-0.140953
-0.066586
0.064308
0.123342
0.152373
-0.022592
-0.135164
-0.148795
-0.050056
0.051801
0.012887
0.079779
0.151691
0.176947
-0.064177
-0.301699
-0.231031
0.012258
0.177347
0.144058
0.109703
0.034140
-0.073332
-0.185809
-0.210511
-0.085547
0.149909
0.270948
0.067654
-0.028762
-0.014569
-0.038408
-0.101427
-0.067559
-0.023749
-0.047847
0.057930
0.017963
0.050460
0.092763
0.144910
0.001780
-0.138276
-0.096339
-0.142720
-0.082685
-0.012198
0.091806
0.179395
0.182403
0.033055
-0.154425
-0.222699
-0.108418
-0.012528
0.101524
0.118192
0.075169
0.093761
-0.094973
-0.158843
-0.088795
0.051573
0.149253
0.065720
-0.044532
-0.114989
-0.051465
0.026225
-0.015447
0.016944
0.058527
0.083996
0.103665
-0.043128
-0.249178
-0.170184
0.054726
0.107649
0.139636
0.140235
0.037775
-0.196088
-0.245744
-0.098825
0.008747
0.160983
0.144690
0.061422
0.057280
0.016648
-0.030229
-0.101224
-0.060298
-0.079769
-0.047462
0.009413
0.010250
0.091033
0.111606
0.054764
-0.041730
0.056288
0.056991
-0.063917
-0.219590
-0.226486
-0.021327
0.155460
0.243060
0.100137
0.026981
-0.065413
-0.142748
-0.155553
-0.080183
0.099118
0.136097
0.088951
-0.021798
-0.072442
-0.126834
-0.118434
-0.001635
0.227616
0.222801
-0.024876
-0.187787
-0.189311
0.010376
0.044711
0.068083
0.026750
0.047903
0.016643
-0.016823
-0.002101
-0.131389
-0.120767
-0.035939
0.152048
0.210341
0.060229
-0.149290
-0.165358
-0.051271
0.042534
0.073976
0.077546
0.030482
-0.034345
-0.056812
-0.031346
-0.085095
-0.051019
0.190875
0.135180
-0.013326
-0.131190
-0.073555
-0.049588
0.024826
0.077519
0.053799
0.078975
-0.048469
-0.075108
-0.058516
0.049426
-0.051723
-0.086846
0.056474
0.115417
0.051325
-0.091652
-0.063082
0.037974
0.087154
-0.024152
-0.043036
-0.082052
-0.011839
0.074399
0.041800
0.059215
0.028251
0.095624
-0.098982
-0.149956
-0.095354
0.049906
0.087014
-0.018498
0.002821
0.017047
0.106170
-0.067012
-0.043295
0.089507
0.126191
-0.099591
-0.215175
-0.069958
0.061115
0.080302
0.084610
0.103669
0.035336
-0.011110
-0.111613
-0.096708
-0.102089
0.031387
0.096048
0.139396
0.004042
-0.115195
-0.051103
0.027498
0.070914
-0.017491
0.031627
-0.001603
-0.029609
-0.053049
0.029760
0.045004
-0.058994
-0.013965
0.045003
0.042103
-0.000512
0.000635
0.002336
-0.053219
-0.024006
0.034842
0.050565
-0.026461
-0.096782
-0.040798
0.070997
0.164308
0.036485
-0.093765
-0.164985
-0.069770
0.089950
0.127445
0.061521
-0.003804
0.086736
0.027778
-0.140525
-0.209376
-0.100799
0.063884
0.081212
0.067549
0.093815
0.075187
0.028365
-0.185064
-0.075094
0.058773
0.127351
0.086354
0.007488
-0.017670
-0.256244
-0.125558
-0.096226
0.208553
0.074565
-0.021842
0.148084
0.079463
0.092573
-0.072395
0.068239
-0.063367
-0.228289
-0.261568
-0.042410
0.179527
0.211094
0.127898
0.070252
0.151486
-0.031811
-0.318046
-0.356748
0.048524
0.291473
0.182030
-0.063711
-0.036010
0.015931
0.023503
-0.051307
-0.061509
0.060585
0.048241
-0.000968
-0.066276
0.005847
0.012902
0.031581
-0.062813
-0.070704
0.110488
0.197675
0.030459
-0.130943
-0.269716
-0.212164
0.218550
0.326981
0.119226
0.007756
-0.067087
-0.109860
-0.165368
0.002059
-0.060534
-0.172234
0.097877
0.209759
0.339727
0.194331
-0.031882
-0.339901
-0.324666
-0.108582
0.080151
0.236420
0.114875
0.042576
0.037967
0.171023
-0.068269
-0.268674
-0.259005
0.015008
0.195019
0.169794
0.033513
-0.120879
-0.012912
0.042612
-0.036370
-0.083929
0.093748
0.117015
-0.028142
-0.229058
-0.119304
0.115441
0.204919
0.059709
-0.084891
-0.083240
-0.009363
0.051586
-0.011735
-0.024818
-0.060379
0.016590
0.057268
0.077863
0.042404
-0.107619
-0.143964
-0.041193
0.124579
0.145860
-0.051800
-0.144391
0.052970
0.160754
-0.021584
-0.174592
-0.069892
0.020014
0.049372
0.096336
0.002078
-0.018118
0.032638
-0.027997
-0.079625
-0.036299
0.069772
0.048684
-0.008936
-0.054876
-0.084219
0.038657
0.087216
0.095776
-0.099980
-0.094119
0.021190
-0.073381
0.047848
0.135209
0.211632
-0.024431
-0.280558
-0.215841
-0.036820
0.160169
0.175952
0.120132
0.057412
-0.043051
-0.264493
-0.212036
-0.042597
0.108924
0.257944
0.299711
0.142035
-0.213930
-0.436092
-0.443147
-0.008231
0.233212
0.381887
0.395707
0.269666
-0.102332
-0.677833
-0.540420
-0.164648
0.284735
0.456358
0.465226
0.189291
-0.229664
-0.431199
-0.486311
-0.178329
0.237089
0.427091
0.316556
0.134200
-0.217061
-0.402254
-0.253246
-0.012918
0.250791
0.282121
0.262584
-0.081934
-0.419601
-0.216327
-0.160838
0.104721
0.401462
0.339299
0.120792
-0.329357
-0.501610
-0.253217
0.039803
0.285168
0.321158
0.356195
0.166996
-0.213778
-0.542007
-0.544989
-0.125016
0.327262
0.620405
0.471554
0.089609
-0.468064
-0.566350
-0.228112
0.198229
0.253172
0.059269
0.027094
0.072293
0.039444
-0.164601
-0.186312
-0.095938
0.205101
0.276992
0.132022
-0.202334
-0.314183
-0.131701
0.045631
0.164256
0.128558
0.107529
0.054475
-0.054133
-0.193107
-0.182693
-0.062304
0.102764
0.177812
0.116136
-0.122972
-0.123004
-0.097989
0.012580
0.163502
0.203494
0.068287
-0.194543
-0.187883
-0.114544
-0.022517
-0.064638
0.209887
0.271442
0.179620
-0.142216
-0.340337
-0.159844
-0.044489
0.184901
0.143396
0.166214
-0.031619
-0.176754
-0.135507
0.030249
0.045986
-0.021304
0.046311
0.028702
0.068497
0.008120
-0.006400
-0.091723
-0.016177
-0.114017
-0.130519
0.124984
0.370324
0.172772
-0.377881
-0.333401
-0.242019
0.153000
0.401325
0.268145
0.169824
-0.060239
-0.115285
-0.354998
-0.339765
-0.112708
0.203090
0.449501
0.215444
0.026976
-0.097151
-0.222967
-0.370973
-0.129588
0.268119
0.304774
0.130396
0.057592
0.091533
-0.145837
-0.392585
-0.320871
-0.028197
0.216461
0.242492
0.302157
0.138352
-0.152691
-0.345900
-0.217589
0.190189
0.219718
0.045238
-0.057957
-0.079877
-0.091455
-0.129188
0.057317
0.197645
0.088294
-0.077169
-0.084568
0.084941
0.173325
0.115198
-0.360193
-0.368554
-0.044621
0.200940
0.324595
0.195214
0.105414
-0.016292
-0.287659
-0.412458
-0.146223
0.187666
0.272020
0.184700
0.131450
-0.266710
-0.140297
-0.059681
0.052912
0.174654
0.059856
0.142255
-0.076564
-0.073242
-0.174081
-0.250395
-0.107655
0.210644
0.490762
0.390165
-0.146384
-0.535766
-0.476231
-0.045461
0.274240
0.390332
0.267537
0.007409
-0.114982
-0.237366
-0.196247
-0.070780
0.132210
0.012356
0.040062
0.135794
0.210701
-0.024519
-0.258307
-0.154665
-0.011577
0.039912
0.122231
0.143691
0.042466
0.052131
-0.112177
-0.105639
-0.106256
0.091398
0.033149
-0.063608
0.000764
-0.027536
0.177083
0.246218
-0.008278
-0.333636
-0.240593
-0.008222
0.129863
0.187507
0.078524
0.021825
-0.019863
-0.024757
0.020990
-0.009998
-0.036405
-0.253800
-0.095525
0.216877
0.158607
0.092315
0.034549
0.027931
-0.186903
-0.120928
0.094323
0.108942
-0.152822
-0.221593
0.133825
0.255684
0.150671
-0.113359
-0.038049
-0.032714
-0.075054
-0.114238
0.021058
0.093425
-0.019955
0.098045
0.044228
-0.057259
-0.174873
0.075035
0.108951
0.092426
0.033568
-0.146175
-0.143680
-0.008314
0.186477
-0.061270
-0.037974
0.001664
0.036588
0.072308
0.036950
0.034191
-0.086726
-0.025558
-0.064207
-0.090085
-0.040717
0.159599
0.245006
0.007699
-0.150845
-0.215529
-0.102798
0.116899
0.179955
0.194221
-0.037397
-0.241518
-0.185949
-0.073039
0.170827
0.242062
0.138310
-0.111942
-0.181959
-0.032371
0.052042
-0.008654
-0.046107
0.023773
0.115005
-0.018879
-0.040828
0.019098
-0.074471
-0.081515
0.039686
0.288763
0.083651
-0.172703
-0.278651
-0.061618
0.085989
0.152677
0.115048
0.033215
-0.015428
-0.135168
-0.129286
-0.065061
0.157025
0.078018
0.054805
-0.053956
-0.016215
-0.062445
-0.110119
0.046527
0.170811
0.204030
-0.093441
-0.204100
-0.133485
-0.020494
0.032098
0.135872
0.116161
-0.016220
-0.103257
-0.023509
0.044783
-0.021526
-0.082318
-0.107287
0.132073
0.197326
0.101707
-0.180692
-0.231290
-0.068960
0.068468
0.205992
0.084619
-0.046536
-0.068314
0.020270
-0.048210
-0.032450
-0.014526
0.052800
-0.045183
-0.066113
0.067544
0.018875
0.044785
-0.015007
0.011097
-0.024174
0.063198
0.044889
-0.146539
-0.208940
-0.018480
0.251870
0.119725
-0.055641
-0.060262
0.033542
0.021081
-0.095556
-0.118902
-0.042235
0.028313
0.099101
0.153960
0.077554
-0.020179
-0.205692
-0.147932
0.035938
0.085696
0.037579
-0.013849
0.066732
-0.089524
-0.014909
0.052007
0.023039
-0.133025
-0.106287
0.197819
0.136514
0.020952
-0.050586
-0.087328
-0.115947
-0.109697
0.016134
0.192173
0.113448
-0.039700
-0.069227
-0.046279
-0.037552
-0.010765
-0.016048
0.008685
0.018475
0.126784
0.128130
-0.130052
-0.184268
-0.045239
0.071295
0.011154
0.063075
0.048353
0.052714
-0.077145
-0.143335
0.033050
0.082899
0.024620
-0.135863
-0.023117
0.095066
0.106546
-0.039777
-0.078679
0.036933
-0.046908
-0.071917
0.020050
0.074207
0.000001
-0.076948
0.060084
0.129973
0.002724
-0.122208
-0.070356
0.067673
-0.015530
-0.024859
-0.020631
0.029808
-0.010658
0.009986
0.036912
-0.022453
-0.045383
-0.056135
0.047066
-0.006011
0.085103
0.039004
0.055511
-0.026111
-0.073894
-0.055708
-0.192472
-0.034946
0.117095
0.246902
0.093592
-0.122510
-0.189523
-0.130302
0.033017
0.145661
0.079139
-0.061134
-0.042616
0.007186
0.020626
-0.045080
0.022917
0.020514
-0.103808
0.012308
0.202153
0.120430
-0.210648
-0.252381
-0.054735
0.111775
0.130679
0.064698
0.043728
-0.084149
-0.024042
-0.015139
-0.035710
-0.046108
0.017513
0.091577
0.031311
-0.081862
-0.100715
-0.010154
-0.005097
0.095747
0.080490
0.037737
-0.118385
-0.068198
0.028818
0.001316
-0.013418
0.003415
0.040766
-0.012357
0.107024
0.039601
-0.082345
-0.192234
-0.133303
0.136526
0.152989
0.079444
-0.004206
0.002712
-0.106321
-0.210348
-0.037806
0.140069
0.162994
0.018829
-0.020765
-0.061007
-0.025403
-0.103932
-0.025028
0.032271
0.087248
0.136189
-0.058843
-0.024993
-0.127372
0.053967
0.031688
-0.001188
0.001827
0.058090
0.030757
-0.162600
-0.061753
0.047896
0.159324
-0.119346
-0.047763
0.112812
0.158238
-0.097417
-0.187032
-0.039381
-0.017551
0.170781
0.027512
0.032530
0.001356
0.029517
-0.051761
-0.169916
-0.092031
0.104416
0.214438
-0.021783
-0.079632
-0.018517
0.090938
-0.054942
-0.088840
0.036045
0.074049
0.003793
-0.087713
-0.047288
0.008488
0.096514
0.085378
0.028078
-0.077261
-0.084679
-0.055610
0.009043
-0.007237
0.005206
0.153130
0.128294
-0.035673
-0.232043
-0.103283
0.098852
0.118589
0.010826
-0.101572
0.020997
0.076890
0.034745
-0.012594
-0.001921
-0.074333
-0.089490
-0.003058
0.134867
0.138801
-0.040916
-0.082678
-0.049780
0.031590
0.004435
-0.089557
-0.064942
0.063176
0.151541
0.106405
-0.082447
-0.122908
-0.083043
0.014986
0.055217
0.027081
0.120967
0.096899
-0.091880
-0.225793
-0.071950
0.126912
0.121904
0.015009
-0.035334
-0.043378
0.072889
-0.019692
-0.100836
-0.094500
-0.023799
0.172738
0.078815
0.031010
-0.028623
-0.116376
-0.038955
0.012948
0.032732
0.058320
0.045600
-0.032083
-0.096925
0.049919
0.048871
0.028306
-0.029769
-0.073719
-0.041096
-0.044088
0.102290
0.101692
0.033928
-0.136101
-0.144396
-0.036058
0.138828
0.178765
0.032273
-0.038462
-0.074381
-0.086314
-0.081591
0.004187
-0.022675
0.033987
0.119118
0.096705
-0.011859
-0.095007
-0.118104
0.008710
0.125825
0.072998
0.006626
-0.077265
0.000075
-0.048666
-0.183707
-0.054640
0.218290
0.269553
0.039423
-0.249391
-0.206799
0.030063
0.132208
0.134224
0.014627
-0.018529
-0.122644
-0.104785
-0.052413
0.099119
0.194665
0.036975
-0.086983
-0.146396
0.011974
0.090957
0.111966
-0.102466
-0.141407
0.088471
0.084738
-0.010480
-0.107273
0.005406
0.128205
0.034228
-0.054483
-0.074828
0.045281
0.099133
-0.061355
-0.062603
0.027303
0.001355
-0.068551
-0.075409
0.067362
0.144330
0.061404
-0.038645
-0.095554
0.068931
0.010273
-0.104861
-0.085800
-0.002204
0.110244
0.057749
0.076628
0.029095
-0.004028
-0.118956
-0.186597
-0.064177
0.143981
0.198244
0.077540
-0.074245
-0.184579
-0.063228
0.087489
0.161819
0.033682
-0.084452
-0.094873
-0.039765
-0.010392
0.072121
0.015563
-0.048771
0.026666
-0.005103
0.058236
0.018862
0.023116
0.009441
-0.095357
-0.043968
-0.003527
0.001166
0.042664
-0.021496
-0.025701
-0.002662
0.042362
0.031663
0.006472
0.100641
-0.009389
-0.099538
-0.066167
0.067165
0.087032
-0.073337
-0.183985
-0.027443
0.169564
0.131304
0.003075
-0.098964
0.000690
-0.038139
-0.074401
-0.009437
0.005844
0.044885
0.032185
0.031447
0.086362
-0.056632
-0.153449
-0.050169
0.053903
0.170468
0.012874
-0.106864
-0.135384
-0.013129
0.173193
0.029955
-0.065892
-0.099863
0.056684
0.143830
-0.005520
-0.135231
-0.180013
0.032946
0.069882
0.104413
0.030486
-0.024481
-0.025396
0.015582
0.012814
-0.081418
-0.045871
-0.029955
0.008179
-0.068499
0.102203
0.153689
0.052358
-0.077326
-0.110817
-0.126983
-0.033243
0.067746
0.063210
0.079605
0.033573
0.033494
-0.075187
-0.074717
-0.107088
-0.034052
0.062467
0.133834
0.093707
-0.027147
-0.109342
-0.134356
-0.017950
0.082195
0.121207
0.015859
-0.026431
-0.089488
-0.068782
0.026842
0.072823
0.114221
0.016864
-0.063774
-0.096363
-0.086230
-0.048672
-0.002001
0.148240
0.136072
-0.034528
-0.094382
-0.031722
0.003390
0.001923
-0.029611
0.009348
0.040791
-0.023894
0.028140
0.008095
0.008592
-0.075977
-0.085286
0.038017
0.052616
0.066759
-0.017486
-0.010037
0.020983
0.004980
-0.054356
-0.098145
-0.043465
0.028428
0.085067
0.045389
0.002511
0.079672
0.064323
-0.092406
-0.163585
-0.137028
0.056013
0.120179
0.058748
0.043575
0.000620
-0.000187
-0.059615
-0.135939
-0.023838
0.061108
0.099999
0.014565
-0.073324
0.012120
0.022341
0.039385
-0.006793
-0.009232
-0.134840
-0.087833
-0.012168
0.082821
0.064581
0.112635
0.187068
-0.072934
-0.101261
-0.098884
-0.032841
-0.077344
-0.002716
0.014650
0.051275
0.098750
0.070376
-0.066437
-0.113987
0.037789
-0.029998
-0.026643
0.018901
0.128114
0.007156
-0.108455
-0.075042
0.022869
0.069493
0.006794
-0.038427
0.022736
0.116197
-0.026587
-0.167128
-0.130660
0.084082
0.215152
0.109967
-0.108183
-0.198747
-0.086206
0.117920
0.150055
0.065993
-0.053144
-0.153882
-0.069137
0.055826
0.166884
0.053731
-0.123255
-0.125995
0.002141
0.122415
0.081395
-0.007500
-0.089929
-0.040785
0.008941
0.025798
0.048468
0.017704
-0.032248
-0.072586
-0.002647
0.041343
0.060632
0.005055
0.004828
0.000301
0.015743
0.005017
-0.098165
-0.046906
0.008665
0.066585
-0.015090
0.002773
0.072105
0.098004
-0.060396
-0.128546
-0.013003
0.094562
0.096686
-0.067766
-0.021804
-0.042252
0.025141
-0.039192
-0.034728
0.008158
0.049406
0.070565
0.038554
0.035274
-0.044748
-0.061012
-0.129288
0.049329
0.115802
0.103260
-0.067029
-0.125954
-0.015279
0.031819
0.047170
-0.021515
-0.001945
0.047838
0.049876
-0.013599
-0.005622
-0.059260
-0.018550
-0.043788
0.005711
0.067411
0.066806
0.029539
-0.056775
-0.003246
0.019666
-0.026529
-0.091393
-0.025627
0.044934
0.109544
0.045316
-0.010776
-0.027108
0.019272
0.033025
-0.029115
-0.049666
-0.081617
-0.002030
0.055557
0.075269
0.004292
-0.043882
-0.037778
0.003470
-0.014517
0.023169
0.080810
0.014591
-0.041865
-0.035671
0.042828
0.048761
0.009681
-0.076227
-0.117940
-0.011733
0.113821
0.132400
0.022810
-0.110008
-0.118707
-0.002417
0.050103
0.030713
0.026107
-0.006090
-0.002246
0.033110
0.043163
-0.006518
-0.059319
-0.054116
-0.054899
-0.019776
0.059925
0.093255
0.067332
-0.017447
-0.099034
-0.125730
-0.027227
0.100636
0.125661
0.082814
-0.029729
-0.112586
-0.106712
0.017305
0.099139
0.066492
-0.056528
-0.089732
-0.027072
0.043437
0.086437
0.011757
-0.058174
-0.100195
-0.049580
0.044267
0.105352
0.049543
-0.004841
-0.070711
-0.070267
-0.006985
0.036043
0.044093
-0.014894
-0.065113
-0.042745
0.053855
0.059282
0.038456
-0.033285
-0.069138
-0.055624
0.007610
0.058136
0.064857
-0.017892
-0.080704
-0.046540
0.006997
0.054644
0.016804
-0.030138
-0.063823
-0.020364
0.020857
0.090990
0.057446
-0.036688
-0.093125
-0.099346
0.006659
0.049561
0.035141
0.002899
-0.012925
-0.019853
-0.021293
-0.006837
-0.029694
-0.025834
0.017063
0.046078
0.041126
0.011861
-0.039916
-0.048437
-0.037854
0.010934
0.056813
-0.007857
-0.058192
-0.043531
0.064770
0.022977
-0.058120
-0.046016
0.021897
0.064917
-0.001790
-0.008207
-0.007623
-0.030998
-0.071353
-0.003087
0.090886
0.078377
-0.047620
-0.127414
-0.028769
0.069589
0.019388
-0.046827
-0.006274
0.040214
0.022495
-0.045440
-0.004372
0.032384
0.015438
-0.066512
-0.093103
0.044195
0.107186
0.030672
-0.100233
-0.053183
0.058226
0.033967
-0.033776
-0.013078
0.076904
0.073862
-0.079238
-0.163250
-0.060288
0.098591
0.118025
0.013215
-0.053295
-0.012492
0.032988
-0.021497
-0.024575
0.033374
0.076748
-0.058237
-0.124819
-0.047693
0.097301
0.103134
-0.057803
-0.071204
0.007475
0.076130
-0.033612
-0.061712
0.015779
0.096198
0.050946
-0.043429
-0.058235
-0.020478
-0.021273
-0.016051
0.061896
0.076249
-0.003691
-0.113360
-0.037249
0.060428
0.078858
-0.029134
-0.073356
-0.051756
0.060059
0.127555
0.046397
0.007048
-0.037166
-0.055592
-0.100696
-0.065951
0.010564
0.093567
0.103231
-0.009901
-0.030577
-0.001378
-0.010346
-0.048822
-0.062394
0.049118
0.123294
0.077150
-0.058487
-0.100214
-0.001976
-0.004955
-0.021074
0.030579
0.094880
0.026861
-0.063378
-0.051146
-0.002103
0.057580
0.017200
-0.010005
-0.000308
0.035709
-0.038638
-0.038324
0.051124
0.044399
-0.006120
-0.087487
-0.006126
0.073270
0.089737
-0.026941
-0.089636
-0.016734
-0.004167
-0.004050
0.029237
0.081194
0.007548
-0.078750
-0.060986
0.075039
0.122946
0.024976
-0.064838
-0.069292
-0.031922
-0.050666
-0.024459
0.049918
0.099834
0.072308
-0.001263
-0.050984
-0.027868
-0.067330
-0.024964
0.031538
0.078551
0.100950
0.027789
-0.015153
-0.113997
-0.068749
-0.051584
-0.007660
0.058135
0.099677
0.076505
-0.002185
-0.080752
-0.073096
0.003653
0.031021
0.038897
-0.033851
0.010066
0.014865
0.005298
-0.046903
-0.032488
0.022461
0.030702
0.028383
0.001133
0.009788
0.032306
-0.000946
-0.032347
-0.073973
-0.056161
0.042048
0.035378
0.062073
-0.029186
-0.069909
-0.067203
-0.010750
0.077822
0.105908
0.075630
-0.019636
-0.085725
-0.121097
-0.029914
0.051883
0.081602
-0.009631
-0.082579
-0.059416
0.025055
0.083572
0.061149
-0.017348
-0.078409
-0.027392
0.018326
0.065754
0.021454
-0.010556
-0.026015
-0.043306
-0.015730
0.003641
0.025890
-0.015255
-0.031003
-0.032398
0.041540
0.077264
0.033090
-0.017282
-0.064170
-0.028361
-0.024280
-0.013059
0.001136
0.014037
0.032186
0.040667
0.017216
-0.020040
-0.041118
-0.043108
-0.010987
0.019602
0.040214
0.015813
-0.041144
-0.027081
0.051152
0.066057
0.030409
-0.044020
-0.059227
-0.027405
0.013957
0.043624
0.047176
0.016686
-0.043643
-0.070403
-0.044147
0.018737
0.016597
0.010630
0.036012
0.046834
-0.019736
-0.053085
-0.030522
0.000424
0.032037
0.052495
0.018914
-0.040406
-0.050077
-0.001172
0.097496
0.065545
-0.031428
-0.066294
-0.030432
0.010481
-0.017473
-0.041178
-0.025937
0.021287
0.063282
0.044961
0.017392
-0.010037
-0.039421
-0.044129
-0.021385
-0.008155
0.026893
0.040759
0.014287
-0.030627
-0.042024
-0.012313
0.004898
0.020399
0.006297
0.041592
0.029584
-0.000051
-0.045238
-0.054312
-0.033869
-0.006270
0.047048
0.043507
0.023247
-0.006895
-0.002575
-0.043152
-0.077442
-0.036543
0.063710
0.062285
-0.001483
-0.041503
-0.032129
0.038727
0.044950
0.016405
-0.043312
-0.041085
-0.023872
0.037090
0.058358
0.012829
-0.002834
-0.058420
-0.047706
-0.029021
0.013585
0.044975
0.047742
0.032888
-0.038894
-0.059298
-0.054570
0.011881
0.035839
0.027559
0.039957
0.035018
0.012749
-0.030877
-0.028064
-0.026174
-0.037746
-0.040557
0.000528
0.034816
0.056835
0.054393
0.039600
0.006969
-0.048016
-0.074604
-0.071615
-0.024299
0.024572
0.087323
0.112264
0.059932
-0.039254
-0.111174
-0.104699
-0.046661
0.039209
0.104574
0.083372
0.003892
-0.053943
-0.068659
-0.037721
-0.001151
0.029536
0.041604
0.026791
-0.012406
-0.029256
-0.021409
0.023887
0.049841
0.008666
-0.032870
-0.068486
-0.048199
0.008792
0.056864
0.043769
0.022444
-0.025522
-0.054785
-0.025393
0.015167
0.028474
0.020012
0.017124
0.012902
-0.020354
-0.064054
-0.051504
-0.014973
0.024229
0.046256
0.057883
0.017106
-0.041062
-0.055945
0.004225
-0.006805
0.019245
-0.055822
-0.067892
0.052512
0.045748
0.054277
0.035242
0.064942
-0.049728
-0.161140
-0.136605
-0.013946
0.057053
0.087903
0.147786
0.120450
0.006695
-0.162677
-0.189854
-0.106862
0.038647
0.093749
0.083557
0.048039
0.015905
-0.009117
-0.041302
-0.050423
-0.010316
0.014413
0.005065
-0.022393
-0.057381
-0.006482
0.033494
0.065049
0.050664
0.034611
-0.024501
-0.064718
-0.076803
-0.067683
-0.002619
0.040796
0.086569
0.071786
0.022065
-0.065973
-0.089537
-0.029941
0.043009
0.043807
-0.019535
-0.040788
-0.022469
0.038430
0.059199
0.060089
0.013459
-0.029170
-0.056738
-0.053047
-0.024174
-0.006834
0.011974
0.032485
0.047825
0.017348
-0.007495
-0.017628
-0.004893
-0.063916
-0.047909
0.019570
0.039004
0.065094
0.060464
0.055786
0.004624
-0.073419
-0.098116
-0.089271
-0.051644
0.018328
0.100826
0.147829
0.089414
-0.054500
-0.134832
-0.100641
-0.011636
0.082821
0.103060
0.062614
-0.046286
-0.094679
-0.090904
-0.027142
0.055120
0.058638
0.048045
0.029738
0.027928
-0.006452
-0.052071
-0.074491
-0.040811
0.029672
0.056010
0.022915
0.000179
-0.015165
-0.021560
-0.034756
0.009296
0.080098
0.074750
0.005806
-0.089387
-0.113064
-0.073885
0.015405
0.089527
0.102859
0.060710
-0.017456
-0.066167
-0.050457
-0.001973
0.033504
0.001556
-0.025538
-0.020323
0.002317
0.030475
0.018858
0.014679
-0.002764
-0.002059
-0.002724
0.011729
0.017068
-0.022638
-0.037859
-0.038271
-0.007831
0.000996
0.015058
0.020854
0.012005
0.008778
0.001882
0.016335
0.007609
-0.006363
