0.013274
0.041487
0.009000
-0.014741
-0.022813
-0.030386
-0.015642
0.017245
0.025241
0.007234
-0.007548
-0.015405
0.003492
0.018877
0.018165
-0.005648
-0.026903
-0.027204
-0.016345
-0.004229
0.023846
0.045476
0.023064
-0.024434
-0.063851
-0.025119
0.040601
0.042279
0.037769
0.004664
-0.049803
-0.056066
-0.026939
0.015000
0.037308
0.042788
0.034757
-0.015315
-0.053624
-0.034466
0.010263
0.039353
0.015967
0.002738
-0.003893
-0.020845
-0.019245
0.000747
0.021152
-0.008185
-0.005572
0.030736
0.041511
-0.015300
-0.053898
-0.025127
-0.005127
0.018789
0.056993
0.026526
-0.016905
-0.054846
-0.044664
0.028571
0.010209
0.029086
0.057300
0.023936
-0.047867
-0.074546
-0.027820
0.015615
0.033756
0.029963
0.030981
-0.006797
-0.070753
0.006474
0.054774
-0.023223
-0.021589
0.029584
0.030132
-0.023217
-0.053611
-0.008452
0.009484
0.006847
0.045847
0.019786
-0.019313
-0.038078
-0.005311
0.001627
-0.004865
0.005454
0.013845
0.018819
-0.044869
-0.036892
0.009638
0.015973
0.045714
0.063902
-0.003769
-0.040879
-0.069197
-0.045190
-0.008883
0.026310
0.103664
0.016682
-0.008295
-0.042097
-0.041605
-0.043914
-0.025849
0.096697
0.027647
0.000009
-0.025450
-0.029070
0.000514
-0.006907
-0.005462
0.015135
0.042300
-0.004940
-0.010651
-0.022146
-0.004453
-0.022918
0.006236
0.053809
0.007474
-0.028616
-0.039253
0.019457
0.018058
0.010259
-0.008194
0.013321
0.008127
-0.011081
-0.025080
-0.005061
-0.000479
-0.003161
0.054123
0.005982
-0.015260
-0.059510
-0.004897
0.019277
0.044871
0.022935
-0.003297
0.001229
-0.049196
-0.020073
-0.020083
0.004362
0.014333
0.044861
0.036393
0.022107
-0.031399
-0.075147
-0.051353
0.034683
0.061795
0.020134
-0.025951
-0.034822
-0.012987
0.002568
0.030269
0.006449
0.008341
0.007566
-0.009955
-0.052066
-0.071955
0.010755
0.098199
0.041453
-0.005326
-0.042465
-0.115522
-0.006167
0.109882
0.043116
-0.024851
0.027962
0.069550
-0.025129
-0.086493
-0.112613
-0.032472
-0.014558
0.088176
0.119800
0.037239
0.008583
-0.112143
-0.107111
-0.055328
0.047487
0.094002
0.006026
-0.051598
0.027974
-0.013386
-0.012421
0.048349
0.034572
-0.054428
-0.109797
-0.030933
0.040902
0.028109
0.013211
0.022549
0.007233
0.010755
-0.055199
-0.019669
-0.012762
0.007804
0.031786
-0.031144
-0.020680
0.041477
0.029304
-0.004054
-0.064005
-0.014518
0.013957
-0.037883
0.004957
0.041935
0.028054
0.007740
-0.014804
-0.069216
-0.003015
0.011762
0.008795
-0.020328
0.059169
-0.022116
0.013256
0.064349
-0.002820
-0.062047
-0.062949
0.040351
0.012239
-0.010005
-0.033853
0.015597
0.028922
0.040842
-0.075418
0.054213
-0.042986
0.012292
0.018139
-0.084320
0.057041
-0.009771
0.058359
-0.034207
-0.059577
-0.041205
0.098540
0.103778
0.033177
0.028518
-0.000351
-0.110772
-0.137268
-0.019729
0.042152
0.079491
-0.001183
0.059418
0.060191
-0.039181
-0.094394
0.031723
0.130628
0.052913
-0.123376
-0.141969
-0.069766
0.004246
0.092980
0.204866
0.137130
-0.103974
-0.241044
-0.115494
0.113834
0.176113
0.067530
-0.116933
-0.088041
0.012492
0.078231
0.009760
-0.017074
-0.027964
0.053134
-0.000856
-0.059941
-0.138815
0.034447
0.157539
0.061148
-0.100173
-0.131724
0.020931
0.037537
0.136263
0.009239
-0.117871
-0.186777
0.052051
0.287901
0.130327
-0.229583
-0.191522
-0.109079
0.136894
0.224466
0.006989
-0.120220
-0.038859
0.087701
0.039732
-0.090108
-0.136029
-0.048408
0.046250
0.208198
0.002263
-0.017469
-0.141296
-0.089418
0.084608
0.214627
-0.006392
-0.200103
-0.157793
0.056896
0.227123
0.053350
0.052436
-0.194370
-0.111453
0.084942
0.114489
0.014965
-0.103783
-0.020124
0.067563
0.043313
-0.061897
-0.099028
-0.024050
0.001396
0.164419
0.119537
-0.067971
-0.256793
-0.081731
0.067029
0.056334
0.267840
-0.068586
-0.167589
-0.082921
0.301649
0.360833
-0.150709
-0.295920
-0.216708
0.032754
0.103613
0.129861
0.126158
-0.091412
-0.227879
-0.091555
0.212938
0.308672
-0.008679
-0.287307
-0.251325
0.034576
0.332596
0.145016
-0.148529
-0.191728
-0.044631
0.121244
0.111654
-0.034770
-0.077809
-0.001740
0.080161
0.024842
-0.157316
-0.103145
0.108508
0.246540
0.027325
-0.181855
-0.234255
0.050313
0.273392
0.137437
-0.134181
-0.277201
-0.097488
0.146493
0.218786
0.008582
-0.149046
-0.118548
0.040955
0.125004
0.040860
-0.092858
-0.081799
-0.057540
0.123876
0.044044
-0.036998
-0.023763
0.015558
0.089427
-0.069307
-0.113995
-0.035813
0.075474
0.092733
-0.025809
-0.148460
-0.043309
0.075576
0.161269
-0.009265
-0.136135
-0.114245
0.009860
0.104016
-0.020671
0.008834
0.058200
0.017612
-0.091618
-0.114269
0.059247
0.107915
0.053753
-0.048748
-0.144201
-0.083626
0.083644
0.150358
0.020938
-0.091392
-0.152957
0.088982
0.057673
-0.014163
-0.148769
0.014818
0.165534
0.020430
-0.012241
-0.131697
0.143190
0.062205
-0.056100
-0.115305
-0.081146
-0.010223
0.024952
0.081419
0.084821
0.033773
-0.020525
-0.006529
-0.011537
-0.110603
-0.153235
0.035294
0.200542
0.148296
-0.129027
-0.068420
-0.101405
-0.000576
0.023000
0.156760
0.168286
-0.178147
-0.228658
0.028433
0.291098
0.070960
-0.198074
-0.261922
0.132744
0.232182
0.027485
-0.072699
-0.069301
-0.005677
0.006993
0.016385
-0.038644
-0.008866
0.048063
0.015297
0.069348
-0.006457
-0.171525
-0.094401
0.135041
0.196947
0.033014
-0.103614
-0.166405
0.002852
0.051225
0.180902
0.063374
-0.111886
-0.185869
-0.060328
0.149978
0.134492
0.109004
-0.157742
-0.174213
-0.069159
0.123057
0.115756
0.077135
-0.060766
-0.155476
-0.042944
0.074460
0.192577
-0.064812
-0.064166
-0.108672
-0.004603
0.083527
0.045027
0.058299
-0.009374
-0.020392
-0.158241
-0.061842
0.012131
0.174163
0.116716
-0.055610
-0.173992
-0.124646
-0.044205
0.208584
0.119561
-0.104313
-0.017198
-0.147933
0.054824
0.168419
0.272113
-0.109262
-0.387740
-0.101601
0.134777
0.095119
-0.054901
0.082587
0.170146
0.007785
-0.177345
-0.190991
-0.033090
0.135021
0.073229
-0.003987
0.018092
0.023636
-0.000931
-0.103655
-0.114264
0.041813
0.189738
0.118077
-0.149595
-0.195928
-0.116047
0.209248
0.249297
-0.042621
-0.253236
-0.182469
0.195805
0.260037
-0.022587
-0.277440
-0.087122
0.165159
0.162088
0.046104
-0.134548
-0.171220
-0.002459
0.097596
0.142881
-0.016527
-0.065115
0.044442
0.092789
-0.030016
-0.193408
-0.030147
0.099905
0.102899
-0.094263
-0.128486
0.155624
0.236341
-0.049665
-0.164708
-0.099378
0.016276
0.120623
0.118367
0.007666
-0.264320
-0.105133
0.172851
0.262647
0.041155
-0.293138
-0.208608
0.120719
0.305767
0.013391
-0.177712
-0.101160
0.101698
0.159116
-0.030928
-0.125667
-0.062081
0.005245
0.035619
0.019282
-0.001150
0.001059
0.012979
-0.028747
-0.200982
0.065535
0.121255
0.073049
0.088705
0.124267
-0.000169
-0.195070
-0.109101
-0.099950
-0.007039
-0.048407
0.131115
0.208914
0.143555
-0.113099
-0.303936
-0.122364
0.183786
0.155362
-0.038008
-0.070942
-0.044926
0.119739
-0.097759
-0.118606
-0.010824
0.149180
0.152657
-0.087365
-0.150927
-0.161315
0.116080
0.159995
-0.012962
-0.053551
-0.130306
-0.030495
0.129074
0.120286
-0.033638
-0.141712
-0.104041
0.023853
0.087654
0.083233
0.051654
-0.146977
-0.107233
0.001264
0.120573
0.149763
-0.073371
-0.183481
-0.036805
0.171031
0.077691
-0.054327
-0.179802
-0.042656
0.101618
0.060168
0.049451
-0.058973
-0.063809
0.037733
0.043435
0.034511
-0.027718
-0.107062
-0.058754
0.090258
0.139330
-0.103451
-0.086390
-0.062196
0.035978
0.134393
0.064412
0.106287
-0.095489
-0.002243
-0.020585
-0.057239
-0.015590
-0.121475
0.042087
0.057772
0.160199
-0.085371
-0.052387
0.130155
0.002751
-0.053091
-0.053006
0.032848
0.009602
-0.023050
-0.120105
0.080012
0.007302
0.068471
0.002344
-0.019863
0.064502
-0.132156
0.001199
0.017387
0.020812
-0.053464
0.022460
0.056706
0.047666
0.002998
-0.141446
0.008506
0.073252
0.072784
-0.043660
-0.116860
-0.082892
0.113464
0.098081
-0.034484
0.019455
-0.093314
0.053424
0.031620
-0.034497
0.033682
-0.012369
-0.081213
-0.049788
-0.018194
0.055379
0.087435
0.001457
0.034532
-0.055457
-0.055086
-0.062811
-0.007211
0.064391
0.018054
0.020202
0.053124
0.015301
-0.067694
-0.116357
-0.055402
0.041127
0.043594
0.053512
0.026968
0.024049
-0.047741
-0.048907
-0.036512
-0.044702
0.074066
0.019522
0.026035
-0.025394
-0.072023
0.037291
0.029797
0.013474
-0.012122
0.015810
-0.057383
-0.012079
0.037146
0.017631
0.001871
-0.034302
0.021731
0.000055
-0.056335
-0.018260
0.010855
0.056984
0.048538
-0.017017
0.002809
-0.034445
-0.095545
0.010218
0.127230
-0.046522
-0.060856
0.033663
0.106330
0.027367
-0.131025
-0.069176
0.019642
0.013204
0.113762
0.116650
-0.127194
-0.143023
-0.049441
0.085170
0.129711
0.029680
0.056320
-0.002526
-0.050669
-0.056543
-0.088406
-0.060391
0.039457
0.140941
0.029583
0.023883
-0.020154
-0.080519
-0.016132
0.055110
0.019176
-0.014736
-0.015283
-0.022939
0.044430
0.054009
-0.104226
-0.144163
0.002537
0.142928
0.203077
0.000668
-0.042709
-0.099227
-0.046943
0.078924
-0.049086
-0.057244
0.003386
0.018312
0.036276
0.059398
-0.016499
-0.082512
-0.020251
0.017473
0.134085
0.024556
-0.149250
-0.027719
0.004000
0.033458
0.051626
-0.054876
-0.081475
-0.017831
0.059452
0.045566
-0.058177
-0.007562
0.069716
0.022313
-0.062432
0.043677
0.058458
-0.074851
0.024361
-0.032400
-0.103282
-0.045226
0.048233
0.115823
-0.050579
-0.100803
-0.037248
0.034293
0.195957
0.181559
-0.121724
-0.232314
-0.051659
-0.031136
0.011771
0.046377
0.040135
0.065671
0.072559
0.057420
-0.170869
-0.189691
0.035517
0.223545
-0.016321
-0.157198
0.001894
-0.032432
0.103570
0.046747
-0.075958
-0.003447
0.158752
0.145861
-0.052604
-0.237127
-0.144343
0.067654
0.017175
0.025393
0.025989
0.071950
0.145530
0.027765
-0.164508
-0.136846
-0.015726
0.100531
0.006260
-0.103527
0.014252
-0.002925
0.065782
0.146631
0.072208
-0.037334
-0.056053
0.012708
-0.005094
-0.075510
-0.072218
-0.003881
-0.026335
0.054799
0.133480
0.051626
-0.089543
-0.047302
0.090331
-0.038529
-0.069260
0.010688
0.115239
0.078009
-0.072127
-0.187042
-0.138316
0.061403
0.163435
0.172142
0.043981
-0.021621
-0.116767
-0.173795
-0.061227
0.111280
0.032118
-0.167614
-0.030215
0.162718
0.080964
0.035985
-0.038329
0.015429
0.199544
0.094327
-0.139601
-0.322692
-0.231377
0.037979
0.171186
0.023209
0.264429
0.068276
-0.155491
-0.138147
-0.189887
0.243668
0.177619
-0.027463
-0.227036
-0.133051
0.105465
0.029774
-0.066636
0.009951
0.180278
-0.025458
-0.160639
-0.136077
0.030158
0.254155
0.119760
-0.135123
-0.175880
-0.036849
0.039837
0.054103
-0.041586
-0.040864
0.082526
0.182687
0.140815
-0.194371
-0.285759
-0.114067
-0.023025
0.101314
0.127883
0.137583
0.115846
0.011097
-0.199053
-0.234094
0.006403
0.095131
0.160055
-0.103003
-0.083362
0.006689
0.250555
0.158358
-0.239225
-0.146658
-0.157821
0.039052
0.039934
0.271827
0.144894
-0.025164
-0.152648
-0.286806
-0.023396
0.099383
0.112395
0.071737
0.062950
-0.149865
-0.015077
0.008903
-0.034377
0.154086
-0.031001
-0.158061
-0.090500
0.141563
0.074736
-0.014800
0.029349
-0.191255
-0.060672
0.164699
0.336586
-0.073260
-0.239909
-0.163133
-0.170416
0.172938
0.236785
0.052509
0.056035
0.062068
-0.269429
-0.164990
-0.130513
0.125339
0.456262
0.016945
-0.120970
-0.267292
-0.201385
0.144844
0.176004
0.117038
-0.031531
0.060545
-0.157466
-0.179692
0.000456
0.014810
0.114324
0.173030
0.099640
-0.110174
-0.167048
-0.094354
-0.091381
0.020028
0.259597
0.106559
0.044249
-0.111274
-0.361005
0.000068
0.295955
0.312785
-0.113335
-0.504348
-0.065539
0.184124
0.239268
0.045144
0.049095
0.026297
-0.202616
-0.073291
-0.143213
-0.188030
0.103659
0.328631
0.319693
-0.020681
-0.563104
-0.311093
0.164452
0.464258
0.335348
-0.152320
-0.331555
-0.222402
-0.084433
0.090127
0.190091
-0.116651
0.092687
0.461199
0.344837
-0.188383
-0.921344
-0.413694
0.421234
0.429886
0.199208
0.049306
0.065500
-0.116438
-0.282906
-0.246381
-0.000288
0.190724
0.128223
0.114692
-0.090302
-0.122051
-0.170033
-0.166632
0.227507
0.379498
0.247398
-0.213442
-0.216078
-0.034399
0.019420
-0.020205
-0.134706
-0.074557
0.044402
0.312267
0.189208
-0.081150
-0.252884
-0.188775
-0.030071
0.194071
0.208423
-0.105854
-0.187233
-0.121334
0.035775
0.100570
0.120518
0.099341
-0.008509
-0.210138
-0.190992
-0.004949
0.180448
0.192292
0.005196
-0.035266
-0.014580
-0.050685
-0.061703
-0.081675
-0.124591
0.042832
0.139276
0.225401
0.150976
-0.081677
-0.190419
-0.247975
-0.100600
0.091467
0.264745
0.139750
-0.117426
-0.176932
-0.158163
0.044896
0.156696
0.161663
-0.009766
-0.030575
-0.054955
0.000340
-0.114686
-0.121186
0.155070
-0.009706
0.031340
0.047536
0.174233
-0.116004
-0.223861
-0.021404
-0.057517
0.134788
0.200190
0.162900
-0.102498
-0.223487
-0.223005
-0.190426
0.136970
0.226564
0.090080
-0.051306
-0.058417
-0.058365
0.140205
0.323674
0.164765
-0.181283
-0.397415
-0.309246
-0.199881
0.184615
0.020824
0.351344
0.411090
-0.086075
-0.339222
-0.212071
0.351561
0.107534
-0.161310
-0.334822
-0.098126
0.128917
0.157157
0.237623
0.107383
-0.048131
-0.250261
-0.264611
-0.065005
0.213276
0.218906
0.042371
-0.148698
-0.184507
0.029785
0.074336
0.181715
0.089867
-0.146728
-0.179036
-0.091669
0.096712
0.212261
0.101756
-0.198559
-0.232143
-0.142779
0.281453
0.365149
-0.028583
-0.323142
-0.361365
0.106516
0.361801
0.261378
-0.097750
-0.299516
-0.152447
0.159417
0.223109
-0.019377
-0.174626
-0.136408
0.051839
0.103989
0.055557
-0.022386
0.020224
0.005451
-0.056278
-0.048477
-0.023762
0.085912
0.091805
-0.001818
-0.042605
-0.094272
-0.088174
0.081266
0.044966
0.022316
0.003983
-0.058842
0.052007
-0.012289
0.043662
-0.055812
-0.084798
0.020150
0.048441
0.085826
0.076321
0.053479
-0.206954
-0.161762
0.029712
0.211069
0.080523
-0.122687
-0.130977
0.034393
0.224084
0.027940
-0.152622
-0.208074
-0.000362
0.221945
0.147984
-0.145794
-0.149355
-0.035123
0.162820
0.182370
-0.120285
-0.140220
-0.075557
0.047065
0.053432
0.005701
0.065247
0.014970
-0.051728
-0.099548
-0.006722
0.138851
-0.045774
-0.131168
-0.071377
0.036530
0.175221
0.162471
-0.066435
-0.298425
-0.047896
0.223513
0.128492
-0.098675
-0.147213
0.011471
0.015615
-0.015449
-0.045239
-0.015996
0.146561
0.131112
-0.056783
-0.133948
-0.134066
0.001696
0.124788
-0.057010
0.072065
0.073521
-0.000540
0.087393
-0.123448
-0.187990
-0.108070
0.072430
0.189591
0.018138
-0.021864
-0.031085
0.032669
0.116142
-0.102833
-0.108100
-0.031423
0.134067
0.091912
-0.157325
-0.062716
0.026118
0.080118
0.074840
-0.013111
-0.084523
-0.016539
0.052407
-0.063825
-0.084580
-0.087846
0.160855
0.264354
-0.028360
-0.066634
-0.106492
-0.045564
0.046029
0.102504
-0.011424
-0.233748
-0.061804
0.242393
0.247921
-0.020804
-0.127532
-0.158405
-0.094403
0.165109
0.064411
-0.024121
-0.038431
-0.044713
0.111407
0.107372
0.023258
-0.153750
-0.133184
-0.041548
0.173733
0.173708
-0.014831
-0.095567
-0.062076
0.060065
-0.023941
-0.054412
-0.000489
0.093583
0.109437
-0.016174
-0.176014
-0.031771
0.100177
0.052746
-0.038125
-0.105332
-0.021510
0.199880
0.085901
-0.033669
-0.157857
-0.195323
0.081079
-0.029027
0.085778
0.125063
0.185750
0.071661
-0.040677
-0.109289
-0.209826
-0.212773
0.008970
0.248825
0.048109
0.110195
-0.064657
-0.059229
-0.012296
0.052136
0.072605
-0.031996
-0.142899
-0.002039
0.041567
-0.065348
0.102577
-0.026635
0.045484
-0.110659
-0.119568
0.077131
0.123747
0.023933
-0.106772
0.046390
0.123515
-0.062984
-0.160272
-0.073553
0.075116
0.118836
-0.099661
-0.063300
0.076375
0.191006
0.078132
-0.170029
-0.276615
-0.066612
0.081761
0.202349
0.148306
-0.060339
-0.123620
-0.073969
0.108026
-0.017936
-0.023620
-0.046549
0.064166
0.090669
0.069879
-0.068835
-0.191379
-0.014080
-0.004209
0.077078
0.078235
0.066944
-0.018023
-0.042191
-0.088313
-0.155000
0.021112
0.145387
0.142282
0.033105
-0.119384
-0.153230
-0.000204
0.059222
0.030636
-0.007324
-0.035031
0.024920
0.037357
0.040069
-0.050209
-0.071734
0.017905
0.060965
-0.000914
-0.069735
-0.059830
0.014188
0.185761
0.003371
-0.145361
-0.084913
-0.034055
0.158553
0.119699
0.007308
-0.173199
-0.058407
0.137024
0.016312
-0.052076
-0.226383
0.020887
0.313878
0.105638
-0.137993
-0.106032
-0.008223
-0.046590
0.017054
0.009181
0.019284
0.018919
0.037339
0.049112
0.046101
-0.046244
-0.181712
-0.117337
0.080043
0.319978
-0.012544
-0.189346
-0.106435
-0.018384
0.154452
0.001476
0.014870
-0.028118
-0.007579
0.090833
-0.116846
-0.080786
0.064583
0.011363
-0.065683
-0.065358
0.139219
0.181012
-0.003057
-0.101216
-0.163463
-0.075570
0.138846
0.106065
0.005813
-0.143868
-0.189245
0.079779
0.103489
0.134059
0.009850
-0.096277
0.022219
-0.046093
-0.036004
0.011842
0.044481
-0.055129
-0.137466
-0.078627
0.126674
0.267024
0.118695
-0.172402
-0.210951
0.058536
0.037276
-0.089773
0.014605
0.137706
0.031299
-0.119957
-0.134214
0.038255
0.134008
0.024312
0.060569
0.026315
-0.095928
-0.212569
-0.043272
0.137774
0.156800
-0.014766
-0.142299
0.059449
-0.024379
-0.007038
0.069735
0.028423
-0.014180
-0.038098
-0.007988
0.017498
-0.084600
-0.054814
-0.021098
0.082921
0.084099
0.048533
0.066170
-0.056463
0.036647
0.045085
-0.126408
-0.346166
-0.012458
0.161718
0.249505
0.019214
-0.086220
0.180748
-0.012787
0.011230
-0.313320
-0.176507
0.129517
0.177305
0.127389
-0.106589
0.005344
0.006480
-0.010980
-0.051665
0.025200
-0.023971
-0.023724
0.025878
0.014826
0.066986
-0.043289
-0.009186
-0.005903
-0.017089
0.023530
-0.026276
0.012310
0.076762
0.009223
-0.123491
-0.101363
0.082633
0.090545
-0.011722
-0.041989
-0.038658
0.169199
0.184344
-0.206427
-0.284725
-0.059181
0.183945
0.101512
-0.038230
0.092324
0.002822
-0.050845
0.014897
-0.000881
-0.175238
-0.071672
0.090278
0.059927
0.163233
-0.050205
-0.050792
-0.082322
-0.075686
0.037023
-0.062237
0.110816
0.186668
-0.000125
-0.170327
-0.146261
0.081524
0.182997
-0.172592
-0.131886
0.151722
0.198322
-0.046695
-0.230436
-0.129571
-0.034743
0.298924
0.118418
-0.039764
-0.165470
-0.179568
0.102958
0.013562
0.070657
0.144705
0.123507
-0.015260
-0.200142
-0.332520
-0.109778
0.155876
0.253928
0.107275
-0.110337
0.016332
0.022444
-0.042747
-0.079129
-0.135329
0.086375
0.187387
0.019247
-0.110217
-0.173732
0.032533
0.116036
0.104904
-0.119042
-0.116605
0.110728
0.084668
-0.005639
-0.113602
0.007794
0.073629
0.038059
0.010147
-0.084021
-0.065961
0.047527
0.089550
0.035256
-0.069708
-0.049834
-0.026062
0.013611
0.035748
0.029364
0.035401
-0.047628
-0.019423
-0.077800
0.018620
0.157788
0.004539
0.033707
0.046554
-0.070255
-0.046588
-0.007648
-0.004999
0.057365
0.054367
-0.100684
-0.100948
0.128749
0.059424
-0.015677
-0.145091
0.124969
0.145433
-0.170507
0.011577
-0.112495
0.142878
0.205169
0.100271
-0.115471
-0.358450
-0.031934
0.220471
0.117326
-0.017938
-0.012185
0.046166
0.144171
-0.067435
-0.245797
-0.134561
0.182884
0.249284
-0.013530
-0.211544
-0.104212
0.153559
0.203106
-0.045513
-0.219277
-0.152685
0.124205
0.210289
-0.038751
-0.144585
-0.042753
0.189320
0.105125
-0.092311
-0.151273
-0.044621
0.026649
0.068310
0.011287
-0.090465
-0.008121
0.116678
0.101982
-0.052092
-0.119756
-0.088378
0.102408
0.125760
-0.014803
-0.106856
-0.068488
0.015719
0.096830
0.051828
-0.008237
-0.080500
-0.084111
0.047351
0.111851
0.038107
-0.167699
-0.078477
0.035167
0.162883
0.092833
-0.138823
-0.135871
0.063077
0.178210
0.032165
-0.075080
-0.160723
-0.098961
0.079381
0.166210
-0.074638
-0.023633
0.027903
0.008640
0.099728
-0.021290
-0.051932
-0.113111
0.014802
0.017985
0.055775
0.015304
-0.031727
0.059214
0.000132
-0.019063
-0.077491
-0.026332
0.033611
0.070082
0.015923
0.026703
-0.056783
-0.083895
0.011963
-0.003857
0.041237
0.046678
0.049621
0.010311
-0.056747
-0.083137
-0.029758
0.028242
0.099653
-0.040023
-0.089126
0.006906
0.099703
0.085758
-0.069393
-0.101139
-0.061803
0.107843
0.019782
-0.043578
-0.019733
-0.004226
0.078926
-0.012940
0.010178
0.035300
-0.043409
-0.025100
-0.091770
-0.028375
0.014481
0.026169
0.082171
0.009253
0.054420
-0.031600
-0.117529
-0.090148
0.092076
0.046766
-0.026029
-0.004288
-0.014383
0.061156
-0.033742
-0.072506
-0.056305
0.099825
0.075140
0.041659
-0.118427
-0.179214
0.038164
0.149402
0.192147
-0.121254
-0.261763
-0.034849
0.151553
0.167792
0.049207
-0.129846
-0.127312
-0.039472
-0.014631
0.030572
0.057995
0.015798
-0.014716
0.027032
0.021074
-0.000783
-0.067220
0.001048
0.028900
-0.060728
0.014247
0.035944
0.009066
-0.088498
-0.034226
0.072844
0.028406
-0.010858
-0.066177
0.026555
0.069582
0.095566
-0.116616
-0.131147
0.004716
0.055683
0.118064
-0.095988
0.007229
0.007728
0.007209
0.036253
-0.060265
-0.040537
0.005973
-0.006324
-0.028747
0.044434
-0.013598
0.017207
-0.012208
0.115196
0.046002
-0.105349
-0.007623
-0.023058
0.012082
-0.031310
0.112158
-0.095699
-0.091875
0.018018
-0.001892
0.117734
0.105829
0.019544
-0.213857
-0.017515
0.042668
0.134335
-0.042196
-0.045945
0.018534
-0.069796
0.066269
-0.087416
0.037245
0.047298
0.047523
-0.008265
-0.033809
0.005684
-0.009080
-0.025886
-0.034336
0.117695
0.031118
-0.051284
-0.025801
0.021779
0.082894
-0.005218
-0.101591
-0.101113
0.027881
0.083106
-0.035875
-0.026243
-0.014395
0.099008
0.061405
0.036488
-0.012526
-0.073828
0.009095
-0.060193
0.090622
-0.088476
-0.117592
0.085117
0.101129
0.092235
-0.026310
-0.042223
-0.062725
-0.021336
-0.027054
0.020449
-0.048145
0.064902
0.145649
-0.059657
-0.061139
-0.086946
-0.032764
0.068733
0.113643
-0.019222
-0.074161
0.008264
0.047803
-0.060826
-0.171670
-0.018185
0.163607
0.109660
0.013427
-0.063078
-0.096184
-0.007501
-0.031985
0.026114
0.042537
0.079753
0.010955
-0.109540
-0.124363
0.063676
0.111019
-0.035378
-0.014402
-0.023063
-0.006067
-0.010898
0.013932
-0.008074
0.046199
-0.005281
-0.000222
-0.039491
0.031967
0.001772
-0.107175
0.021109
-0.015550
0.041237
0.049570
0.014038
-0.085375
-0.089831
-0.036465
0.090335
0.054377
0.082891
0.040068
-0.009272
-0.025203
-0.132600
-0.048830
-0.003313
0.077126
-0.006403
0.052031
-0.070846
0.006785
0.068253
0.003956
-0.061382
-0.040850
0.077950
-0.038497
0.013836
-0.014708
0.073762
0.015674
-0.002726
-0.073094
-0.065329
0.102533
0.044314
-0.052946
-0.036027
0.043796
0.024076
-0.031066
-0.117190
0.030180
0.119086
0.092649
-0.015949
-0.166380
-0.078000
0.069650
0.062261
0.052054
-0.022325
-0.007517
0.011074
-0.034120
-0.058640
-0.016373
0.027186
-0.021432
0.032410
-0.039035
0.039217
0.054440
-0.026260
0.009678
-0.008860
0.019031
0.016908
-0.039338
0.001914
-0.060630
-0.079961
0.056791
0.060558
0.026447
-0.008222
-0.041164
0.047261
0.010379
-0.095422
0.022720
0.063189
-0.000170
-0.077371
0.010008
0.089946
0.023106
-0.063211
-0.095704
-0.010357
0.050033
0.054427
0.001595
-0.029835
-0.000082
0.003059
-0.048575
0.014096
0.042692
0.056921
0.040719
-0.094853
-0.122493
0.005093
0.045241
0.073013
0.071999
-0.016343
-0.037357
-0.046696
0.015064
-0.044194
-0.076842
0.066784
0.112810
-0.028617
-0.060340
-0.014641
0.034198
0.032564
-0.032574
-0.059735
0.019080
0.064890
-0.007696
0.027175
-0.040166
-0.020347
0.021654
0.081076
0.011343
-0.132201
-0.099209
0.086871
0.182128
0.000601
-0.112842
-0.099339
0.059441
0.087300
0.010624
-0.085038
-0.039601
0.025917
0.142382
0.066342
-0.162024
-0.061551
0.004799
0.074806
0.081059
0.029879
-0.099352
-0.060591
0.026247
0.050440
0.016978
-0.048340
0.066733
0.070462
0.021085
-0.162318
-0.024200
0.129306
0.052100
0.028685
-0.063086
0.021870
-0.060278
-0.068714
0.065803
0.023239
0.040421
0.057177
-0.096295
0.049239
0.099020
-0.198579
0.016568
0.003278
0.066885
0.180231
-0.096817
-0.031846
-0.008911
-0.077513
0.055730
0.170862
-0.034426
-0.182567
-0.042489
0.021109
-0.139437
0.043874
0.229687
0.144469
0.058725
-0.190584
-0.259643
-0.120791
0.064604
0.243035
0.188291
-0.154368
-0.156614
-0.016046
0.020647
-0.035303
-0.097695
0.132598
0.170997
0.018351
-0.226830
-0.264607
0.120062
0.418969
0.147184
-0.392412
-0.382224
0.103748
0.472230
0.176296
-0.387223
-0.470309
0.034823
0.600183
0.294950
-0.288158
-0.619735
-0.225485
0.517299
0.477049
0.008118
-0.503630
-0.298701
0.202678
0.329302
0.111276
-0.235668
-0.238032
-0.087814
0.256335
0.197207
-0.089200
-0.171824
-0.102087
0.180080
0.122108
-0.037316
-0.182230
-0.127663
0.157174
0.158033
-0.030806
-0.149503
-0.095409
0.061186
0.139533
-0.009350
-0.009836
0.050112
-0.026136
-0.066442
-0.181274
-0.002125
0.175157
0.189888
-0.001212
-0.179648
-0.047297
0.035207
0.104126
0.031767
-0.129498
-0.205677
-0.058132
0.203057
0.287152
0.038688
-0.214133
-0.213735
0.029001
0.170255
0.105122
-0.077902
-0.160726
-0.016922
0.119519
0.194458
0.010259
-0.168617
-0.235063
0.005389
0.214799
0.145675
-0.019773
-0.192820
-0.045789
0.154768
0.106075
-0.090656
-0.144835
-0.043664
0.127972
0.102791
-0.065815
-0.062854
-0.017066
0.026333
0.071813
0.005833
-0.053182
-0.057588
-0.032879
0.069171
0.081595
0.049591
-0.084707
-0.130047
-0.015024
0.023066
0.075754
0.093048
0.065071
-0.096616
-0.085186
0.016963
-0.037508
-0.054642
0.027957
0.085882
0.011168
0.018266
-0.023860
-0.016780
-0.025778
-0.064432
-0.003793
0.055819
0.094257
-0.005823
-0.149535
-0.073004
0.114352
0.129470
-0.000146
-0.114775
-0.107257
-0.019236
0.105663
0.109433
0.048065
-0.073484
-0.074020
-0.004806
-0.003317
-0.054387
-0.089349
0.136886
0.131330
0.012851
-0.089721
-0.069292
-0.007364
-0.024492
0.062595
0.029921
0.014150
0.007466
0.011081
-0.043007
-0.052975
-0.016654
0.050635
0.043318
0.019639
-0.009158
-0.067971
-0.053715
-0.014540
0.103938
0.116792
0.070355
-0.057837
-0.202873
-0.070150
0.120981
0.027763
-0.001054
0.063149
-0.033902
-0.066053
0.079138
0.058869
-0.023808
-0.054205
-0.061491
0.039564
0.073955
0.059786
-0.115645
-0.075760
0.104653
0.019132
-0.010083
-0.126016
0.003685
0.167296
0.066996
0.023426
-0.020389
-0.100516
-0.197414
-0.076770
0.063383
0.211874
0.154478
0.008305
-0.097203
-0.073278
-0.012360
-0.103780
-0.073258
0.057523
0.138304
-0.005380
-0.021267
-0.011251
0.031196
0.048931
-0.015078
-0.095450
-0.066234
0.045238
0.009899
-0.024172
-0.052137
-0.001378
0.098890
0.133253
-0.013821
-0.173730
-0.127876
0.082421
0.115946
-0.042220
-0.072390
0.036000
0.119745
0.040843
-0.099435
-0.135143
-0.022515
0.101007
0.034448
-0.071070
-0.115967
-0.018949
0.125650
0.147619
-0.012165
-0.236402
-0.070974
0.186133
0.032154
-0.043226
0.022604
0.014745
-0.040658
-0.079613
0.043277
-0.068345
-0.049050
0.055294
0.088483
0.057646
-0.084302
-0.042729
0.037735
0.056831
0.030002
-0.152959
-0.141687
0.111071
0.139488
0.050214
-0.102790
-0.023705
-0.000387
0.020716
-0.001734
-0.087515
-0.036049
0.049541
0.148664
0.075105
-0.106446
-0.163557
-0.017162
0.109139
0.150706
-0.096860
-0.083619
0.016987
0.064041
0.060869
-0.076690
-0.011556
0.028097
0.002786
-0.132590
0.023782
0.103349
0.024181
-0.071880
-0.063587
0.180395
0.008277
-0.105166
-0.077597
0.027336
0.072734
0.073982
0.037494
-0.052363
-0.021266
-0.120066
-0.070053
-0.014757
0.113586
0.117112
0.046894
0.057480
-0.055833
-0.193849
-0.090680
0.045023
0.111742
0.116370
-0.106671
-0.099462
0.131583
0.151194
-0.114468
-0.132686
-0.064926
0.097147
0.100862
0.015940
0.048171
-0.067744
-0.059539
-0.008357
-0.037773
-0.049929
0.075811
0.112457
0.082930
-0.093309
-0.084946
0.003223
0.003706
-0.012040
-0.044334
0.004842
0.070870
0.116830
-0.023841
-0.049298
-0.058881
-0.076256
0.046527
0.084835
0.042394
-0.034456
-0.102401
0.050900
0.149134
0.050017
-0.165926
-0.179912
0.007477
0.172570
0.088688
-0.028769
0.072159
0.003679
-0.051878
-0.112586
-0.092958
-0.099525
0.115803
0.262993
0.067391
-0.121582
-0.111987
0.004877
-0.012340
0.016688
-0.055274
0.094986
0.090613
-0.016725
-0.007406
-0.058076
-0.092353
-0.184285
-0.073538
0.250257
0.193461
-0.052804
-0.058104
-0.107846
0.042998
0.139524
0.042623
-0.156172
-0.124779
0.047929
0.043964
-0.046045
-0.109780
0.055966
0.098588
0.032051
-0.065806
-0.025078
0.006782
0.009199
0.036210
0.023458
-0.042895
-0.089488
0.026796
-0.024118
0.055819
0.058299
0.003766
0.025346
-0.011950
-0.130899
-0.138377
0.045985
0.122106
0.058438
-0.052187
0.007402
0.048136
0.103807
-0.086619
-0.185068
-0.076319
0.152613
0.251954
-0.047814
-0.255296
-0.151529
0.187921
0.214600
-0.057915
-0.355582
-0.147206
0.321122
0.302919
-0.068049
-0.220467
-0.114060
0.031405
0.168368
0.130764
-0.147832
-0.260010
0.074205
0.214478
0.097238
-0.188123
-0.238015
0.029307
0.203874
0.211378
-0.133731
-0.249268
0.010260
0.201441
0.134218
-0.123516
-0.247495
-0.028798
0.157152
0.142778
-0.012787
-0.111714
-0.002063
-0.010924
-0.081575
-0.057975
0.112484
0.089363
0.017417
-0.030473
-0.031981
-0.031754
-0.083152
-0.046501
0.048323
0.143956
0.006383
-0.025044
-0.078242
-0.004275
0.003233
-0.064061
0.019639
0.008631
0.066690
0.084040
0.027072
-0.081611
-0.128051
-0.120511
0.105825
0.164818
0.045800
-0.055266
-0.085113
-0.030060
-0.026746
0.005640
0.036680
0.095111
-0.001274
0.035500
-0.013660
-0.028273
-0.095492
-0.107454
0.118295
0.071923
-0.018381
0.010686
0.064778
0.026470
-0.038478
-0.150176
-0.037352
0.063473
0.044372
0.094844
0.057571
-0.044451
-0.172949
-0.104810
0.093548
0.191004
0.029979
-0.038180
-0.012786
-0.051673
-0.063982
-0.139999
0.038190
0.191181
0.133646
0.037490
-0.136746
-0.178715
-0.081014
0.107461
0.133903
-0.023985
-0.110349
0.053449
0.185490
0.031697
-0.160815
-0.275227
-0.044129
0.196963
0.280774
0.145990
-0.167333
-0.352684
-0.167237
0.236209
0.298828
0.032625
-0.253211
-0.136659
0.058087
0.152568
0.077662
-0.133022
-0.131008
0.014443
0.196274
0.117059
-0.090276
-0.187330
-0.103137
0.067026
0.182893
0.154274
-0.053023
-0.244038
-0.186439
0.113094
0.217106
0.084773
-0.087239
-0.102731
-0.054743
-0.009383
0.054637
0.034135
0.043652
0.021638
-0.017106
-0.024795
-0.074871
-0.110271
-0.048541
0.098434
0.268991
0.094555
-0.201561
-0.215390
-0.081649
0.069784
0.172359
0.152326
-0.062359
-0.146402
-0.074216
0.005401
0.042320
0.082551
0.047452
-0.029865
-0.032841
-0.031781
-0.066848
-0.034307
0.058453
0.101045
0.063749
-0.052957
-0.108108
-0.113653
0.019375
0.163749
0.167507
-0.089414
-0.220023
-0.077643
0.050590
0.102891
0.128774
0.054790
-0.107648
-0.132840
-0.076656
0.013722
0.094912
0.140268
-0.022869
-0.110403
-0.049376
-0.001423
0.084895
0.069318
-0.067391
-0.082282
0.018574
0.042599
0.030220
-0.032772
-0.039767
0.027948
0.022123
0.019129
0.000743
-0.057449
-0.077760
-0.021388
0.079237
0.091566
0.060602
-0.073955
-0.136432
-0.041860
0.095363
0.134019
0.027307
-0.048167
-0.134633
-0.089725
0.051689
0.114040
0.037150
0.011275
-0.084608
-0.105467
0.045672
0.100825
0.068659
-0.044191
-0.090703
-0.093873
0.011707
0.110123
0.108379
-0.016210
-0.059921
-0.077391
-0.107185
0.011706
0.211854
0.147938
-0.152239
-0.248692
-0.054881
0.178314
0.214363
0.064073
-0.183113
-0.192404
0.010448
0.215443
0.040610
-0.123414
-0.098852
0.047433
0.123693
-0.034287
-0.052629
-0.081511
0.067818
0.143735
0.033613
-0.178074
-0.118236
0.052854
0.120910
0.098781
-0.059988
-0.032891
-0.038524
0.002513
-0.022480
-0.011135
-0.000174
0.052318
-0.008688
0.026824
-0.028603
-0.138321
-0.027992
0.098246
0.223458
0.074773
-0.028804
-0.115849
-0.084713
-0.053431
0.024021
0.008151
-0.011609
-0.065157
-0.025878
0.198040
0.084257
-0.030511
-0.060237
0.088237
0.023722
-0.106879
-0.133291
-0.169380
0.059410
0.095476
0.100744
0.122816
0.202413
0.020239
-0.200272
-0.263783
-0.146930
0.117884
0.081583
0.010454
-0.120305
0.150539
0.185380
0.018415
-0.126339
-0.004684
0.191679
0.009006
-0.144545
-0.239307
-0.053773
0.071374
-0.012980
-0.003370
0.208711
0.153033
0.037861
-0.151283
-0.136832
0.012575
0.128583
0.151539
-0.263832
-0.259220
-0.231035
0.158000
0.530754
0.142749
-0.132190
-0.193702
0.064428
0.127691
-0.054766
-0.107076
-0.012673
-0.028421
-0.117479
-0.066416
0.082317
0.304131
0.177043
-0.306245
-0.451374
-0.111013
0.301117
0.448883
0.148678
-0.115456
-0.216993
-0.136459
0.126911
0.052484
-0.135720
-0.193187
-0.174422
0.217727
0.348961
0.057343
-0.205154
-0.210511
0.185421
0.215323
-0.021919
-0.087060
-0.152289
-0.085913
-0.083829
-0.028095
0.100413
0.257683
0.073162
-0.148880
-0.058119
-0.190924
0.037015
0.251139
0.255254
-0.058640
-0.371066
-0.253484
0.094119
0.144407
0.027714
0.084295
-0.005403
0.119650
-0.038722
-0.090812
-0.093832
-0.084268
0.078557
0.045825
-0.103821
0.001566
0.004894
0.015150
0.149553
-0.087101
-0.026115
-0.004838
0.140854
0.040980
-0.059210
-0.075756
-0.116885
-0.069706
-0.102375
0.155540
0.169140
0.094652
-0.069514
-0.119183
-0.037094
-0.015139
0.017697
0.022607
-0.046587
-0.041367
0.099288
0.124798
-0.072950
-0.163389
-0.005505
0.105145
0.087826
-0.064239
-0.032502
-0.010327
0.074994
0.023337
-0.201729
-0.119139
-0.009168
0.186844
0.251631
0.130552
-0.164025
-0.242255
-0.028025
0.194196
0.034387
-0.212050
-0.131764
0.010817
0.397848
0.158057
-0.313069
-0.393813
0.110288
0.482939
0.196406
-0.304261
-0.417118
-0.112219
0.169021
0.282945
-0.033497
-0.076333
-0.003326
0.179375
0.212960
0.037721
-0.214752
-0.334750
-0.084553
0.087313
0.176450
0.065018
0.012315
-0.034718
-0.035229
-0.050490
-0.090012
-0.018534
-0.045086
0.135127
0.159922
0.085184
-0.135946
-0.214833
0.032442
0.109457
0.094256
0.001889
-0.070323
-0.111825
-0.063283
0.026409
0.158681
-0.013553
-0.178657
-0.023080
0.210129
0.222087
-0.170990
-0.241830
0.021570
0.173613
0.087225
-0.123119
-0.074210
-0.029777
0.000505
-0.200776
-0.027065
0.269322
0.079752
-0.078998
-0.163907
0.189086
0.240800
0.032040
-0.244296
-0.259103
-0.055897
0.097032
0.127849
0.042432
0.143639
-0.114381
-0.113032
-0.066959
-0.026357
0.092915
0.115611
0.112588
-0.013976
-0.078040
-0.144399
-0.154239
-0.071373
0.184421
0.208158
0.070076
-0.139025
-0.162973
0.004808
0.139185
0.034218
-0.172264
0.014576
0.082813
0.074924
-0.046759
-0.055596
0.063986
0.094096
0.061960
-0.081897
-0.164496
-0.143977
-0.019001
0.130967
0.264795
0.057477
-0.188600
-0.191655
0.031801
0.208006
0.092437
-0.129154
-0.173952
0.047326
0.105171
0.001914
-0.102764
0.009828
0.174425
0.106540
-0.061085
-0.199276
-0.099000
0.028773
0.096095
0.055089
-0.040053
0.009274
0.029303
0.048502
0.003945
0.023926
0.032367
-0.018760
-0.088926
-0.093793
0.019519
0.073832
0.020989
-0.045473
0.005655
0.024951
0.062173
-0.148210
-0.137254
0.046337
0.135933
0.159571
0.035290
0.014580
-0.012614
-0.010531
-0.063012
-0.128225
-0.131269
-0.000583
0.098307
0.151662
0.078622
-0.075616
-0.087740
-0.022673
0.015134
-0.010421
-0.002982
0.039269
-0.006908
-0.040562
-0.019448
0.011671
0.068719
0.103538
0.051490
-0.114943
-0.127991
0.002597
0.061760
-0.013440
-0.049140
-0.021309
0.110355
0.128012
-0.037396
-0.171010
-0.135508
0.103308
0.127098
0.037491
-0.102236
-0.110477
0.054712
0.076163
0.028770
-0.014892
0.045842
-0.023813
-0.052970
-0.031833
-0.042069
0.017582
-0.004772
0.025560
0.053049
0.029186
-0.054599
-0.097424
-0.020590
0.013379
0.005176
0.073698
0.045337
0.002581
0.038114
0.018291
-0.044872
-0.096061
-0.057834
0.007166
0.000995
-0.019992
0.043824
0.121532
0.104417
-0.097580
-0.198491
-0.029778
0.171754
0.163178
-0.095913
-0.188010
-0.102542
0.077284
0.126419
-0.028078
-0.028169
0.015931
0.117927
0.045031
-0.080654
-0.061513
-0.027249
0.061664
0.014219
-0.063618
-0.095932
0.017109
0.172742
0.085426
-0.119700
-0.140268
-0.016701
0.137351
0.139878
-0.021442
-0.133075
-0.090909
0.076915
0.078021
0.018041
-0.078104
-0.063936
-0.008393
0.064386
0.079992
-0.022518
-0.039988
0.031443
0.089026
-0.002045
-0.037648
-0.078733
0.004841
0.059369
0.044419
-0.017244
-0.077489
-0.020441
0.054293
0.073022
-0.041487
-0.046484
-0.033748
0.061229
0.067241
-0.014772
-0.080950
-0.057518
0.038754
0.032018
0.052320
-0.005352
-0.028509
-0.019020
0.032828
0.070284
0.024154
-0.049664
-0.052000
-0.061042
-0.038230
0.046100
0.047602
0.064795
0.008529
-0.047725
-0.049579
-0.019621
0.029825
0.040171
-0.021430
-0.036668
-0.024723
-0.004277
0.036546
0.034428
0.020223
-0.021581
-0.020297
-0.023795
-0.048705
-0.026736
0.014637
0.044696
0.053341
0.063920
0.001178
-0.071359
-0.056955
-0.038603
0.017303
-0.010507
-0.019773
0.040236
0.048226
0.023556
-0.053425
-0.066687
-0.014565
0.026722
0.018948
-0.022175
-0.037172
-0.006586
0.045780
0.047691
-0.016631
-0.030083
-0.007292
-0.014001
-0.024642
-0.028555
0.002192
0.030207
0.032369
0.008600
-0.051175
-0.022948
0.012675
0.018186
-0.000577
-0.022886
-0.023690
-0.008477
0.034898
0.019285
-0.000173
-0.038235
