-0.025179
-0.017812
0.048648
0.021649
-0.016062
-0.031843
-0.000845
0.042314
0.001716
-0.015751
-0.032604
0.017442
0.035947
-0.003766
-0.020164
-0.000795
0.023448
-0.006448
-0.026619
-0.019997
0.033798
0.032738
0.003759
-0.037682
-0.027661
0.026783
0.034516
-0.005127
-0.040226
-0.018432
0.029374
0.051730
-0.001893
-0.047353
-0.032129
0.028614
0.025767
-0.000037
-0.040554
-0.007186
0.040934
0.016871
-0.007141
-0.036367
-0.003121
0.021243
0.015574
-0.033201
-0.023710
0.009692
0.032556
0.028450
-0.026514
-0.031611
0.001676
0.029475
-0.036255
-0.033532
0.011381
0.038636
0.038178
-0.044361
-0.041572
0.008556
0.045832
0.006702
-0.052390
-0.040279
0.004411
0.032935
0.011985
-0.010784
-0.006486
0.018556
0.005737
-0.052602
-0.037846
0.033044
0.048079
-0.017449
-0.056044
-0.013179
0.036422
0.029284
-0.036062
-0.033381
-0.010566
0.039320
0.020535
-0.041586
-0.050717
0.005042
0.055993
-0.013704
-0.040007
-0.019860
0.045891
0.023576
-0.038651
-0.051242
0.007321
0.037271
-0.022864
-0.009340
0.030226
0.025744
-0.061189
-0.068096
0.007084
0.056969
0.015844
-0.032482
0.007539
0.028411
-0.008268
-0.045600
-0.020405
0.039441
0.026193
-0.037023
-0.031511
0.007303
0.029338
-0.024522
-0.019665
0.035850
0.032106
-0.009441
-0.051455
-0.012582
0.009409
-0.004325
-0.013067
0.031720
0.039836
-0.021032
-0.044573
0.008308
0.038731
-0.035140
-0.045058
0.031208
0.055978
-0.014663
-0.033366
0.008865
0.022817
-0.019830
-0.038127
-0.006513
0.027807
0.004546
-0.030838
0.028040
0.019755
0.023556
-0.038393
-0.002924
0.039077
-0.035419
-0.030774
-0.005984
0.080126
0.000208
-0.044280
-0.025643
0.018002
0.016497
-0.036264
0.011550
0.028865
0.027724
-0.022969
-0.008627
0.000127
-0.022217
-0.018478
0.024353
0.053087
-0.014951
-0.041082
0.003683
0.033198
-0.010820
-0.021410
0.023829
0.025922
-0.030812
-0.037877
0.035169
0.055525
-0.016880
-0.059955
0.009075
0.047036
0.000708
-0.033893
0.016629
0.027134
-0.035658
-0.026824
0.035942
0.048491
-0.038802
-0.046636
0.020974
0.040961
0.007736
-0.037889
0.016545
0.013487
-0.023513
-0.002477
0.029960
0.019625
-0.048360
-0.011516
0.031772
0.026430
-0.029693
-0.010110
0.044341
-0.006948
-0.020521
-0.001720
0.033772
-0.007738
-0.040944
-0.003725
0.030646
0.006441
-0.028757
0.008143
0.039526
0.013040
-0.028023
-0.009774
0.018008
-0.017228
-0.009862
-0.013837
0.025136
0.084697
-0.022475
-0.028127
-0.001320
0.020359
-0.029764
-0.055293
0.038367
0.031145
0.009450
-0.024297
0.016119
0.033452
-0.017582
-0.047064
-0.004983
0.061460
0.005989
-0.040988
-0.018071
0.041030
0.025936
-0.043386
-0.010337
0.027105
0.003734
-0.031123
0.001523
0.055466
-0.005302
-0.041811
-0.023339
0.033059
0.044584
-0.040278
-0.013226
0.036993
0.049972
-0.040999
-0.057458
0.026545
-0.006537
-0.040655
-0.005897
0.078241
0.045134
-0.033570
-0.033035
0.023304
0.021731
-0.020526
-0.029391
0.031741
-0.000667
-0.062952
-0.006800
0.035628
0.045170
-0.003556
0.014233
-0.000832
0.010144
-0.035762
-0.053993
0.024738
0.000405
0.004125
-0.029512
0.094977
0.006165
-0.069803
0.038335
-0.052169
0.045433
0.008897
0.020562
0.008260
-0.041612
-0.012274
-0.036898
0.011162
0.011150
0.077844
-0.024387
-0.050091
0.037248
0.012257
-0.054436
-0.059660
0.045884
0.030016
0.000089
-0.015524
-0.003613
0.025973
-0.031222
-0.038030
-0.004916
0.064672
0.041421
-0.050702
-0.020559
0.027789
0.037563
-0.000070
-0.009030
-0.035209
-0.030720
-0.006512
-0.038665
-0.005204
0.048078
0.059688
-0.005950
-0.018574
0.012035
-0.028557
-0.015783
-0.032742
-0.009363
0.019135
0.004299
-0.037990
-0.051614
0.016090
0.014584
0.022266
0.014181
0.059521
0.089741
0.044764
-0.082658
-0.096568
-0.046614
-0.024830
-0.039056
-0.037826
0.075774
0.102645
0.087736
-0.035416
-0.099173
-0.080890
-0.016758
0.037337
0.008006
0.035007
0.036768
0.030487
0.008223
0.002471
-0.021893
-0.033407
-0.046037
-0.057134
0.012377
0.014270
0.034340
-0.021397
0.048255
-0.094026
-0.006295
0.095607
-0.035675
0.062713
0.063570
0.051416
-0.068251
0.009744
-0.087104
-0.124180
-0.096820
0.065506
0.076404
0.090270
0.145821
-0.168516
-0.021211
0.002719
-0.057704
-0.006469
0.050889
0.041611
-0.008272
0.089494
-0.088227
-0.044292
0.055259
-0.027069
-0.127302
-0.099455
0.133651
0.120028
0.057364
-0.109554
0.004268
-0.094360
0.062011
0.081419
-0.088641
0.099954
-0.040438
-0.053310
-0.128084
0.120402
0.072230
-0.000686
-0.067809
-0.054869
0.081248
0.010843
0.030361
-0.079650
0.016438
-0.052539
-0.014505
0.012940
0.060324
0.050912
-0.077701
-0.081804
-0.109571
0.083495
0.008853
0.164198
-0.034415
-0.127240
0.253519
0.113189
-0.011826
-0.243393
-0.083939
-0.169023
-0.038454
0.122617
0.189386
0.146230
-0.082200
-0.017379
-0.152254
0.102107
-0.221070
0.106006
0.098027
-0.124548
0.110511
0.045869
0.038431
-0.213800
0.081119
-0.028294
-0.058863
-0.130678
0.064128
0.242790
0.110145
-0.053114
-0.291749
-0.042241
0.046761
0.126013
0.040295
-0.036914
-0.070764
-0.037439
0.033976
0.005628
0.026428
-0.001004
-0.040849
-0.042547
-0.015559
0.025313
0.068097
0.034899
-0.069673
-0.088146
-0.008862
0.038727
0.052196
0.041670
-0.028353
-0.088316
-0.049718
0.026343
0.104953
0.040011
-0.023642
-0.128542
-0.036088
0.073913
0.070276
0.016828
-0.068039
-0.055807
-0.034393
0.084675
0.034292
0.002410
-0.071981
0.012569
0.010373
-0.011000
0.089711
0.035439
-0.107053
-0.113641
0.071733
0.041142
0.033876
-0.003421
-0.013236
-0.059124
-0.006917
-0.007251
-0.040715
0.019061
0.020874
0.080639
0.059055
0.088324
0.008414
-0.097950
-0.147913
-0.071533
0.051136
0.056486
0.065649
0.035266
0.032828
-0.041085
-0.085177
-0.060670
0.002142
0.107734
0.108069
0.055142
-0.080759
-0.138745
-0.076950
0.016775
0.119075
0.103991
0.019306
-0.071906
-0.110089
-0.024757
0.047575
0.064539
-0.008242
-0.066068
-0.059233
0.040439
0.121800
-0.006510
-0.099378
-0.055335
0.051916
0.118981
0.086895
0.032303
-0.073605
-0.237213
-0.083977
-0.042462
0.177513
0.169707
-0.068253
0.064858
0.097801
0.003828
-0.168714
-0.107176
-0.079511
0.029843
0.021764
0.084802
0.088081
0.059744
-0.024268
-0.181275
-0.031831
-0.048228
0.083544
0.130676
0.066124
-0.011597
-0.001027
-0.012788
-0.210614
-0.166891
-0.032396
0.117753
0.186572
0.175988
0.035465
0.037640
0.093631
-0.194491
-0.339579
-0.173467
0.089269
0.150321
0.091218
0.101865
0.097865
0.051657
-0.093129
-0.171682
-0.118263
0.012359
0.087386
0.011455
-0.064778
-0.054858
0.100827
0.094844
0.033864
0.084728
0.081551
-0.058977
-0.246664
-0.090202
0.017268
0.104648
0.061944
0.046514
0.102078
-0.055456
-0.129200
-0.262574
0.041515
0.240892
0.124636
0.036576
0.036839
0.032534
-0.216951
-0.183511
-0.086817
-0.030862
0.097006
0.230317
0.117212
0.021872
0.215673
0.006593
-0.330413
-0.365073
0.003555
0.185661
0.138480
0.152830
0.102288
0.085680
-0.060307
-0.169854
-0.258433
-0.045913
0.087086
0.133587
0.104999
0.025024
-0.094019
-0.056715
0.015960
-0.033339
0.100038
0.077975
0.149805
-0.003810
-0.162593
-0.250988
-0.091610
0.170198
0.153538
-0.037379
-0.091052
0.154730
0.250898
-0.096761
-0.389052
0.021155
0.197388
0.005917
0.046874
0.099329
-0.032201
-0.164666
-0.172910
-0.006090
0.184322
0.133174
-0.061366
-0.107947
-0.020693
0.093298
-0.137567
-0.088696
0.145192
-0.075224
-0.236105
-0.211389
0.109713
0.362128
0.500307
0.353633
-0.157837
-0.326958
-0.281233
-0.203879
-0.292492
-0.203328
0.217629
0.442533
0.524015
0.294448
-0.139601
-0.592418
-0.425967
0.041189
0.278799
0.256132
0.011463
-0.078379
-0.122150
-0.022098
0.060050
0.065109
0.037708
-0.112277
-0.035923
0.111351
0.011202
-0.171656
-0.070928
0.149986
0.276998
0.105374
-0.187064
-0.226653
-0.169825
0.101453
0.156792
-0.017211
-0.150103
0.036148
0.063393
0.013910
-0.083794
0.115427
-0.157515
-0.031597
0.357614
0.148811
-0.131874
-0.358632
0.263838
-0.186430
-0.262172
-0.035073
0.190700
0.029357
0.081769
0.350975
0.040575
-0.143784
-0.483359
-0.122132
0.002274
0.111639
0.325031
0.361483
-0.019044
-0.393374
-0.111623
0.120022
-0.138733
-0.236969
-0.021790
0.167038
0.248433
0.297710
0.057643
-0.388710
-0.425134
-0.102137
0.196277
0.412280
0.330715
-0.166850
-0.387618
-0.218046
0.082243
0.270044
0.105183
-0.288540
-0.359700
0.177867
0.498712
0.199261
-0.081345
-0.253053
-0.242120
-0.145077
0.278822
-0.068417
-0.246023
0.056584
0.505112
0.652255
-0.371235
-0.599815
-0.513448
0.246643
0.392881
0.334582
0.038323
-0.381538
-0.191074
-0.039611
0.377021
-0.314772
-0.124803
0.000072
0.278822
0.563878
-0.003958
-0.390013
-0.388817
0.222023
0.163668
-0.087695
-0.361338
-0.222178
0.280022
0.587315
0.156982
-0.293731
-0.436074
-0.123033
0.353340
0.388943
-0.175315
-0.528128
-0.073116
0.186601
0.348120
0.001358
0.089742
0.076288
-0.169677
-0.329187
-0.129761
0.244797
0.052487
0.094974
-0.057899
-0.018068
0.017749
0.089744
0.013878
-0.147048
-0.073626
-0.126518
0.004724
0.153335
0.128550
0.020641
0.100350
-0.119305
-0.232742
-0.047695
-0.023185
0.170677
0.268723
0.035200
-0.417231
-0.331317
0.145285
0.221208
0.303080
0.141865
-0.171081
-0.324795
-0.235333
0.005571
0.155460
0.291544
0.117941
-0.105629
-0.209870
-0.013388
-0.003649
-0.186413
-0.035471
0.218185
0.308393
0.118714
0.012053
-0.387521
-0.387721
-0.105224
0.375621
0.375692
-0.217744
-0.313122
0.080670
0.338862
0.106379
-0.052678
-0.469381
-0.228953
-0.024070
0.436316
0.466218
-0.064889
-0.209486
-0.151344
0.159539
-0.226846
-0.340394
-0.239221
0.258966
0.507808
0.381114
-0.143574
-0.534918
-0.169268
0.084475
0.163141
0.005912
0.056215
0.146896
0.308296
-0.009968
-0.464133
-0.689722
-0.096983
0.604920
0.687125
0.154435
-0.586943
-0.474715
0.070361
0.504737
0.229920
-0.153893
-0.397498
-0.290741
0.116188
0.337068
0.237907
-0.104676
-0.260758
-0.017973
0.103194
0.094888
-0.115468
-0.154103
-0.144368
-0.099225
0.307990
0.459510
0.167810
-0.278154
-0.218851
-0.014706
0.008969
-0.370182
-0.262109
0.294081
0.465513
0.153686
-0.201097
-0.176897
-0.011945
0.145360
0.094960
-0.061853
-0.235200
-0.108887
0.098281
0.244052
0.067862
-0.121285
-0.090717
-0.059992
0.139365
0.140326
-0.132534
-0.255048
-0.060136
0.247679
0.116456
0.005309
-0.198281
-0.072431
0.161753
0.106367
0.185911
-0.279435
-0.205730
-0.026037
0.238468
0.261569
0.130357
-0.122817
-0.570956
-0.218062
0.116833
0.374175
0.247506
0.011063
-0.149967
-0.003077
0.209305
-0.095949
-0.371530
-0.276245
-0.007674
0.284159
0.356578
0.175133
0.038792
-0.116511
-0.209471
-0.075843
0.051321
-0.066659
-0.174009
-0.059416
0.301132
0.350057
0.088101
-0.169601
-0.167009
-0.031250
-0.098432
-0.086512
-0.111097
-0.070300
0.161525
0.392137
0.287404
-0.083466
-0.342982
-0.332327
-0.029194
0.219481
0.186263
-0.049399
-0.084314
-0.026613
0.105170
0.140761
-0.076989
-0.222331
-0.125506
0.138355
0.175049
0.095841
-0.020518
-0.077860
-0.103380
-0.016078
0.062586
-0.045547
-0.004178
0.075087
0.083368
-0.185242
-0.186113
0.096581
0.218938
0.218348
-0.189239
-0.191533
-0.105776
0.264289
0.303929
-0.011973
-0.220728
-0.303089
-0.031762
-0.012372
0.225792
0.033176
0.114858
-0.214713
-0.146311
0.073640
0.148375
0.322131
-0.082802
0.046479
-0.078065
-0.068602
-0.319530
-0.287380
-0.108788
0.135722
0.457756
0.486934
0.221779
-0.282793
-0.317576
-0.265287
-0.007364
0.073041
-0.107835
-0.101541
0.143119
0.291647
0.183607
0.014970
-0.009817
-0.123002
-0.185258
-0.135770
-0.133073
-0.018590
0.232705
0.257277
-0.124969
-0.272199
-0.026217
0.257532
0.288043
0.003078
-0.317375
-0.221093
0.288378
0.362368
-0.111240
-0.398908
-0.422280
-0.078708
0.393041
0.483822
0.212854
-0.234710
-0.292117
-0.204968
0.019113
0.298344
0.139038
-0.118345
-0.329073
-0.100795
0.162714
0.321707
0.025728
-0.171995
0.125394
0.089261
-0.148293
-0.226711
-0.005594
-0.133877
-0.019685
0.075310
0.223263
0.222677
0.139080
-0.028049
-0.250453
-0.181407
-0.211346
0.141756
0.061613
0.016798
-0.057587
-0.034963
0.047028
0.045371
0.378806
0.083525
-0.360162
-0.151956
0.011023
-0.032841
0.095632
0.162070
-0.076136
-0.149750
0.025681
0.126677
0.076248
-0.057638
-0.201899
-0.107194
0.165378
0.081527
0.025493
-0.018289
-0.002310
0.027041
0.107308
-0.000413
-0.238260
-0.099870
0.056731
0.091540
-0.010733
-0.040165
0.008198
0.149553
0.172845
-0.037522
-0.236616
-0.232920
-0.025760
0.181136
0.225015
0.004703
-0.158570
-0.131531
0.201282
0.154315
-0.000479
-0.179284
-0.194352
-0.141457
0.058536
0.349923
0.051905
-0.105220
-0.088058
0.107863
0.036280
0.067488
-0.323532
-0.305531
0.117307
0.454345
0.359411
-0.109349
-0.288853
-0.338655
0.030864
0.161955
0.077882
-0.103459
0.121945
0.171012
0.075340
-0.241924
-0.339323
-0.154620
0.059778
0.407262
0.314288
0.096152
-0.059053
-0.115455
-0.170524
-0.328110
-0.166406
0.057683
0.153229
0.173799
0.200910
0.318098
-0.002161
-0.317939
-0.444836
-0.071212
-0.035103
0.126052
0.158943
0.090018
0.235544
-0.049294
-0.017655
-0.091874
0.069591
-0.118704
-0.206177
-0.178609
0.027576
0.294236
0.175307
0.013370
-0.250852
0.002676
0.067198
0.166488
-0.031178
-0.127666
-0.139069
0.000845
0.189913
-0.086288
-0.007325
-0.020612
0.146921
0.021412
0.052855
-0.073477
-0.200077
-0.148299
-0.036132
0.068727
-0.055528
0.209906
0.217192
0.201180
0.074236
0.108679
-0.194499
-0.577309
-0.456951
0.149378
0.290205
0.155995
0.180184
0.239683
-0.059085
-0.389066
-0.113556
0.034291
0.205498
-0.045645
0.171289
-0.080928
-0.203828
-0.139330
0.022343
0.201164
0.122196
0.054660
-0.216667
-0.109233
-0.088897
0.090478
0.089844
0.222931
-0.105017
-0.221341
-0.045978
0.216369
0.225665
-0.096881
-0.229065
-0.278035
0.031881
0.295910
0.284167
-0.214399
-0.415932
-0.097862
0.364068
0.390751
0.146193
-0.180390
-0.409904
-0.291278
0.050035
0.097243
0.075121
0.026142
-0.033844
0.137810
0.015553
0.057733
0.099429
0.140892
-0.056239
-0.145149
-0.052473
-0.159300
-0.315643
-0.260781
0.121327
0.293806
0.416132
0.350348
0.002708
-0.307765
-0.233972
-0.066836
0.133678
0.040588
-0.220749
-0.315344
-0.027454
0.314545
0.396474
0.199273
-0.156114
-0.181042
-0.441898
-0.054183
0.217605
0.159110
0.065429
0.097637
0.023456
-0.302078
-0.093610
-0.081454
0.073419
0.216642
0.345857
0.022750
-0.267153
-0.298247
-0.250696
0.047381
0.215818
0.224584
0.147695
-0.114372
-0.149246
-0.086077
-0.137550
0.114481
0.226549
0.115417
-0.046614
-0.039990
-0.324776
-0.258972
0.149141
0.239992
-0.088125
-0.064489
0.052665
0.119863
0.322569
0.032401
-0.334712
-0.364839
0.183604
0.329016
0.089417
-0.167689
-0.362551
-0.239540
0.176107
0.445447
0.385068
0.047960
-0.560690
-0.514410
-0.013679
0.359084
0.393241
-0.046273
-0.179137
-0.276566
0.021184
0.448431
0.204832
-0.212872
-0.411513
-0.246582
-0.063173
0.446423
0.419800
0.081817
-0.187198
-0.289702
-0.339536
-0.071598
0.426468
0.256682
-0.018385
-0.174994
-0.034046
-0.085830
0.152906
0.208534
-0.061566
-0.310321
-0.260286
0.030553
0.167574
0.464192
0.286116
-0.238136
-0.657504
-0.170793
0.279280
0.207392
0.125025
0.011992
-0.080882
-0.240096
0.112636
0.163686
-0.001035
0.054609
0.080040
-0.080231
-0.311513
-0.127356
-0.129924
-0.005221
0.508314
0.530583
0.068572
-0.125983
-0.207084
-0.528535
-0.327366
0.235729
0.251273
0.108429
0.168993
0.217601
0.067349
-0.163638
-0.391953
-0.436134
0.040923
0.549057
0.416557
-0.066823
-0.351936
-0.276296
0.032145
0.187884
0.131308
-0.059593
-0.065602
0.024545
0.030839
-0.160142
-0.019983
0.383616
0.222557
-0.141684
-0.405164
-0.228863
0.055376
0.287205
0.210518
-0.040750
-0.068503
-0.046848
-0.008196
-0.077301
-0.017808
-0.021707
0.010615
0.082441
0.118993
0.081875
-0.052043
-0.099205
-0.158566
-0.001464
0.111783
0.165305
0.033512
-0.167165
-0.061091
-0.009990
0.082036
0.071184
-0.034544
-0.100779
0.038620
0.111440
-0.008179
-0.021746
-0.033264
0.047049
-0.018799
-0.090851
-0.010837
0.113285
0.051311
-0.116210
-0.065789
0.024332
0.165571
0.073853
-0.115551
-0.123840
-0.016435
0.111849
0.092102
-0.007569
-0.082841
-0.025358
-0.008256
0.051028
0.076049
0.005042
-0.082782
-0.116914
0.080672
0.177097
0.080310
-0.074904
-0.080293
0.031842
0.060065
0.101848
-0.078394
-0.207282
-0.013042
0.066501
0.140578
-0.035170
-0.133437
-0.095201
0.053156
0.266189
-0.011468
-0.110592
-0.091873
-0.122005
-0.032621
0.191441
0.047407
-0.093489
0.091176
0.201767
0.205816
-0.081558
-0.264370
-0.405172
-0.214986
0.159186
0.142596
0.392146
0.138690
-0.190631
-0.083965
-0.056306
0.047583
-0.154661
0.155039
-0.036802
-0.109107
0.104471
-0.059447
-0.054628
-0.005179
0.204107
-0.019793
-0.009275
-0.154912
-0.104620
-0.017310
0.059432
0.175727
0.068874
-0.030612
-0.155365
0.147304
0.199108
-0.103031
-0.395637
-0.207261
0.145065
0.210553
0.202758
0.067499
-0.012597
-0.151740
-0.198175
-0.059526
0.116682
0.103721
-0.075125
-0.077808
-0.006635
0.223961
-0.109233
-0.061420
-0.022955
0.013328
0.208624
0.111122
0.036359
-0.263009
-0.196969
-0.068574
0.115505
0.069135
-0.047986
-0.016809
0.123045
0.108215
0.060622
-0.026643
-0.089278
-0.051113
-0.007149
0.047096
-0.121483
-0.093760
0.037912
0.135635
0.096290
0.005498
-0.070171
-0.126445
0.021757
0.062345
0.050400
-0.077124
-0.049293
0.024082
0.010216
0.010473
-0.126746
0.052626
0.008383
0.096869
0.085394
-0.000261
0.037931
-0.148881
-0.142731
-0.032815
0.223189
0.010014
-0.109813
-0.124464
0.092975
0.072939
-0.142516
0.040640
-0.082083
0.151558
0.037735
-0.054573
0.121624
0.036889
-0.036373
-0.088397
0.054937
-0.026629
-0.162959
-0.228389
0.025620
0.243739
0.067087
0.015411
0.022094
-0.075541
-0.144135
0.197232
0.218086
-0.054031
-0.246739
-0.067247
-0.143363
-0.038792
-0.058622
0.209386
0.472507
-0.184610
-0.130202
-0.142319
0.123877
-0.151288
-0.035712
0.060971
0.017943
0.059758
-0.079882
0.122192
-0.037830
0.021204
-0.161691
0.081618
-0.006959
-0.056803
-0.150627
-0.006431
0.201781
-0.021976
-0.173307
0.012074
0.115543
0.063330
0.236537
-0.041600
-0.087407
-0.261198
0.014989
-0.067351
0.005918
0.003884
0.025936
0.117342
0.084740
0.118362
-0.190533
-0.108227
-0.217740
0.105207
0.120651
0.261647
0.070716
-0.134435
-0.136430
-0.135005
0.034424
-0.036716
0.029439
-0.073137
0.113140
0.011993
0.049316
0.104570
-0.035985
-0.252130
-0.105292
0.114655
0.040769
0.118202
0.165160
0.050558
-0.084692
-0.131967
-0.071110
-0.039006
-0.255146
0.037311
0.084057
0.316391
0.123041
-0.050431
-0.000459
-0.304702
-0.064235
0.073651
0.282495
0.007815
-0.120583
-0.172369
-0.064056
0.012428
0.005980
0.136073
0.040413
0.120771
-0.072706
-0.016654
0.007844
-0.054315
-0.131280
-0.075255
0.145363
0.166978
0.055142
-0.112059
-0.097618
-0.173992
0.083228
0.128257
0.053932
-0.131230
-0.096137
0.124645
0.039001
0.098152
-0.005967
0.038954
-0.142867
-0.160106
0.017275
0.038475
-0.075881
0.055613
0.210493
0.112321
-0.121437
-0.084756
-0.072242
-0.048607
0.018173
0.008284
0.210783
-0.191738
-0.063104
0.145530
-0.078674
-0.049197
0.301010
0.185770
-0.188011
-0.415832
-0.074344
0.014672
-0.112696
0.300463
0.238345
0.134848
-0.050030
-0.075133
-0.206734
-0.013253
-0.028897
0.010115
0.074497
-0.074089
0.014442
-0.042170
0.090408
-0.002298
0.073497
0.075978
-0.104632
-0.123885
0.065423
0.111413
-0.013372
0.009430
-0.072255
-0.043345
-0.015606
0.031732
-0.011011
-0.010351
-0.073035
-0.085759
0.120474
0.141707
0.045866
-0.003610
0.045341
-0.037718
0.027946
-0.139162
0.199713
-0.346524
-0.336280
0.240356
0.081127
0.441293
0.156532
0.028832
-0.408854
-0.178728
-0.126599
0.057099
0.248615
0.055277
0.079733
-0.084401
0.133053
-0.197060
-0.054964
0.003355
0.063879
-0.023483
-0.028883
0.030858
-0.095884
0.008551
-0.018271
-0.031729
0.040951
0.108321
-0.002768
0.393308
0.111074
-0.334396
-0.240835
-0.072313
-0.139259
-0.085768
0.215495
0.227984
0.169396
0.071864
-0.049771
-0.166366
-0.117353
-0.113071
0.083393
0.065485
0.030752
0.021504
0.015538
-0.021699
-0.118269
0.042709
0.118797
0.072699
-0.034091
-0.073404
-0.027127
0.082784
-0.058023
-0.082192
0.017532
0.060913
0.085774
0.075787
-0.051047
-0.049056
0.019247
-0.046550
-0.055156
-0.083012
0.005195
-0.131804
-0.004927
0.154967
0.057511
0.196179
0.046942
0.109829
0.046809
-0.144539
-0.192955
-0.229792
-0.082441
-0.077268
0.192361
0.149852
0.219452
0.080780
-0.023076
-0.054491
-0.116665
-0.022016
-0.063425
0.011902
-0.130040
0.035391
0.048829
0.098915
0.029191
0.130697
0.051855
-0.146424
-0.141153
-0.100864
0.125005
0.102157
0.086303
-0.119888
-0.085970
0.006100
0.063699
0.128306
-0.024044
-0.091277
-0.187137
-0.128770
0.094658
0.119106
0.204912
0.164545
0.003887
-0.179001
-0.109875
-0.000189
-0.159018
0.063782
-0.015729
-0.047065
0.008658
0.030475
0.258212
0.157464
-0.124795
-0.305932
-0.051083
0.072931
0.209366
0.085925
0.011372
-0.087036
-0.170000
-0.030710
-0.151099
0.085202
0.127511
0.089011
0.056577
0.053631
-0.039732
-0.140605
-0.053164
0.009213
0.024285
0.006336
0.045844
-0.008169
-0.068816
-0.070231
0.059793
0.056636
0.010850
-0.004822
-0.013517
-0.073542
0.027597
0.097578
0.015780
0.007136
-0.120487
0.014767
-0.069035
-0.038075
-0.059249
0.082176
0.121932
0.083674
0.025814
-0.255618
0.013618
-0.064947
0.205091
0.088556
0.137671
-0.124533
-0.222716
-0.149781
-0.039633
0.129067
-0.130199
0.350513
-0.148340
0.111630
0.038036
-0.018377
-0.051997
-0.031865
0.038860
-0.208203
0.097261
-0.078133
0.086413
-0.129394
0.124316
0.080767
0.095396
-0.041765
-0.137044
0.057339
-0.030591
0.074522
-0.067873
-0.021112
-0.181145
-0.003000
0.019407
0.186509
0.036874
-0.046071
-0.258210
-0.112665
0.092498
0.081735
0.308612
0.129256
0.273930
-0.071772
-0.106283
-0.475503
-0.227437
-0.471401
0.121982
0.519697
0.330904
0.517068
-0.230069
-0.215368
-0.438425
0.022548
-0.098715
0.127225
0.091599
-0.031730
0.051842
-0.051608
0.176320
-0.075460
0.045344
-0.137945
-0.046722
-0.073497
0.072227
0.104633
-0.028441
0.052399
-0.000368
-0.020721
-0.073750
0.132964
-0.073627
-0.073588
-0.202648
-0.026083
0.119378
0.091671
0.326570
-0.247313
-0.039764
0.003833
0.136951
0.078306
-0.090602
-0.174734
-0.268357
0.068656
-0.078343
0.263670
0.037010
0.161369
-0.027196
-0.133106
-0.002906
-0.079564
0.077445
-0.104275
0.183414
0.067723
-0.016017
-0.150535
-0.093985
0.014529
0.005294
0.027386
-0.022994
-0.035289
0.102440
0.017116
-0.047503
0.012323
0.138325
0.021734
-0.240777
-0.006199
-0.065421
0.003429
0.046830
0.216186
0.071440
0.044540
-0.054244
-0.155623
-0.285484
-0.087922
0.101709
0.006748
0.338001
0.108748
0.027327
-0.274077
-0.160840
0.005342
0.158209
0.185297
0.033973
-0.101897
-0.217007
-0.105759
-0.043997
0.063452
0.204530
0.094466
-0.083438
0.046471
-0.094006
0.058918
0.028733
0.064023
-0.189741
-0.065538
-0.000948
-0.012132
0.031846
0.029640
0.110151
0.008175
0.092115
-0.147915
-0.160786
-0.214590
0.145518
0.140888
0.210671
0.008901
-0.021796
0.034308
-0.153879
-0.062180
-0.118732
0.017805
-0.135667
0.147834
0.187745
0.203585
-0.134756
-0.181855
-0.042264
-0.110640
0.121633
-0.017210
0.205500
0.060427
-0.036960
-0.097418
-0.077778
-0.051727
-0.056912
0.046376
0.004760
0.085737
0.057617
-0.024423
-0.120545
-0.042864
0.022483
0.038987
-0.021363
0.174828
0.188643
0.114872
-0.162753
-0.177977
-0.285037
-0.148200
0.140635
0.046913
0.240555
0.200145
0.216029
-0.229541
-0.167970
-0.285152
-0.146505
-0.038849
0.148745
0.289144
0.146771
0.258540
-0.092907
-0.202370
-0.413315
0.221418
-0.040474
-0.190854
0.214440
0.274454
0.227477
-0.196660
-0.129740
-0.234239
-0.226954
0.100640
-0.085852
0.329192
0.333185
-0.295424
0.065822
0.086572
0.019593
-0.241626
0.011639
-0.036241
-0.066136
-0.011144
0.036771
0.243692
0.064629
0.097592
-0.227498
-0.104021
-0.080059
0.066718
0.105645
0.058105
-0.010757
-0.070470
-0.007067
-0.142765
-0.000015
-0.091890
0.071430
-0.099317
-0.084658
0.377436
0.146139
0.047465
-0.044546
-0.072609
-0.169790
-0.128190
0.064978
-0.071122
0.029026
-0.026255
0.163432
0.101983
0.065852
-0.080557
-0.158363
-0.032739
-0.110725
0.223790
-0.049544
0.151754
-0.002572
-0.069822
0.003926
-0.031353
0.055031
-0.103015
-0.014854
-0.142041
0.109783
0.010826
0.123246
0.141972
0.059871
-0.091547
-0.140891
-0.087243
-0.050395
0.063072
0.037289
0.027244
0.007079
0.113381
-0.020222
0.068097
-0.132343
-0.100319
-0.043082
0.024174
0.081109
0.229086
0.065388
-0.272682
-0.052421
0.035241
0.097458
-0.124949
-0.055028
0.055988
0.027595
0.023513
0.163688
0.159608
-0.047565
-0.214799
-0.119613
-0.137103
0.003992
0.232910
0.074710
0.073768
-0.021543
-0.084989
-0.285758
0.141990
0.094780
0.226127
0.052110
-0.200488
-0.196550
-0.166021
0.078555
0.011755
0.391897
0.270394
0.122016
-0.545981
-0.060743
-0.224501
-0.189465
0.375932
0.289914
0.279313
-0.346670
-0.086493
-0.077501
-0.090696
-0.065225
0.241978
0.190232
-0.098194
-0.142479
-0.099427
0.097239
-0.038464
-0.003160
0.088816
0.112007
-0.051835
-0.092926
-0.131589
-0.066712
0.139249
-0.006679
0.044889
0.010431
0.038232
0.160255
-0.077211
-0.101256
-0.197719
-0.021109
0.048861
0.028126
-0.068778
0.219145
0.154944
-0.171126
0.139281
0.046437
-0.096855
-0.378480
-0.032284
-0.048991
0.176920
0.240212
0.022246
-0.025120
0.006629
-0.200992
-0.115478
0.093009
0.274600
0.166087
-0.409524
0.049005
-0.520085
0.099985
0.543971
0.411530
-0.281357
-0.096873
-0.249083
-0.356473
0.309684
0.042327
0.224368
-0.129093
0.133910
-0.181442
0.040140
-0.077925
-0.077821
-0.015727
0.164684
0.098565
-0.226814
-0.005243
0.021210
0.136607
0.037759
-0.063598
-0.084485
-0.060649
-0.058238
-0.040720
0.052760
0.295418
0.019382
0.047823
0.022194
-0.092919
-0.455945
0.110879
-0.045406
-0.112824
0.247894
0.282830
0.056694
-0.194539
0.143769
-0.200965
-0.032165
-0.290601
0.134397
0.210241
0.067108
-0.044506
-0.131916
0.042181
-0.012756
0.202024
-0.077574
-0.238781
-0.132380
0.037435
0.056769
0.090132
0.203309
0.084544
-0.119708
-0.094042
-0.061749
0.085122
-0.058472
0.018506
-0.137022
-0.139320
0.201611
0.130022
0.122403
-0.028483
-0.125616
-0.120934
0.054893
-0.089155
-0.105178
0.144824
0.103915
0.068553
-0.179873
-0.030433
0.153347
-0.120711
0.070428
0.049744
-0.020042
-0.265661
-0.062169
0.192219
0.210554
0.092213
-0.123530
-0.077376
-0.095625
0.154837
-0.174030
-0.151355
-0.201121
0.247707
0.236638
0.146086
0.282854
-0.419238
-0.213640
-0.186774
0.069907
0.116036
0.245974
0.082129
-0.242729
-0.117656
-0.025426
0.023336
-0.052034
0.076379
0.023752
0.243296
-0.079523
-0.106217
0.073806
0.041559
-0.193653
-0.093697
0.090636
-0.069373
-0.029313
-0.137226
0.174764
0.111549
0.132168
0.038587
-0.051756
-0.063282
-0.100888
0.038176
-0.058258
-0.099110
-0.128885
0.009985
0.108944
0.103393
0.109300
-0.054956
-0.097960
0.045443
-0.062950
0.095836
0.132534
0.091738
-0.256356
-0.185725
-0.089833
-0.051275
0.232617
0.180146
0.033204
-0.258683
0.116937
0.045209
0.079407
-0.026135
-0.034903
-0.045927
-0.276462
-0.008930
0.189757
0.106623
0.051337
0.064574
-0.075243
-0.080136
-0.113407
0.037151
-0.016190
-0.055697
-0.048210
0.123978
0.069880
0.018936
0.016516
-0.068848
0.126645
-0.054726
-0.088857
0.153872
-0.299139
0.038111
0.198759
-0.174560
-0.055528
0.183598
0.177748
-0.111062
0.035712
-0.302582
-0.042450
0.073537
0.178198
0.119451
-0.004492
0.051064
-0.232625
-0.014148
-0.186506
-0.032738
0.179523
0.082027
0.150605
0.065597
0.061985
-0.088719
-0.231563
-0.156870
-0.074314
0.200432
0.107671
0.108968
-0.147369
-0.081636
0.171239
0.050884
0.034287
-0.239915
0.051956
-0.051967
0.075332
0.000655
-0.097816
0.165101
0.040169
0.071278
-0.101914
-0.058351
-0.074561
0.060903
0.060238
-0.075366
0.025533
0.009455
0.051600
0.027502
-0.082612
-0.083824
0.092842
0.118095
-0.159204
0.033259
0.117458
0.071153
0.056590
-0.138356
-0.278150
-0.052421
0.285361
0.050499
0.048295
-0.170520
-0.009563
0.114417
0.020916
-0.075218
-0.004694
0.171549
-0.110394
-0.024706
0.196836
0.062147
-0.193856
-0.013226
0.001099
-0.006607
0.079516
0.232896
0.013793
-0.105095
-0.087711
-0.166604
-0.030992
0.129490
0.064914
-0.056241
0.080466
0.169835
-0.057453
-0.252896
0.090492
0.010785
0.072497
0.000173
-0.017318
-0.005452
-0.011370
0.069265
0.013351
-0.094870
-0.369557
0.125105
0.393241
0.139673
-0.085023
-0.066612
-0.169597
-0.123872
0.136758
-0.011719
-0.093018
0.071770
0.113476
0.188313
0.217660
-0.172318
-0.525952
-0.134206
0.304935
0.155906
-0.034807
-0.034448
0.128542
0.073662
0.016229
-0.139931
-0.300256
0.030492
0.296902
0.063704
0.013712
-0.104451
-0.156888
-0.046872
0.037908
0.156203
0.030088
0.026888
-0.037534
-0.024142
-0.064179
0.024577
0.113348
-0.053972
0.135002
-0.154269
-0.066445
-0.135750
-0.124688
0.383776
0.275224
-0.006901
-0.389372
0.033755
0.000529
0.016282
-0.180847
-0.029992
0.150895
0.159475
0.183067
-0.152252
0.036498
-0.175516
0.014483
-0.054092
0.103415
0.022974
-0.080821
-0.110811
-0.064801
0.196289
0.154977
0.162373
-0.191536
-0.159192
-0.069884
0.117183
0.004340
-0.158328
-0.049189
0.054036
0.157939
0.079245
0.022435
-0.129701
-0.118840
0.116260
0.195565
-0.065588
-0.151303
-0.157046
-0.096403
0.115204
0.134436
0.084488
0.087691
0.043711
-0.065386
-0.120796
-0.059544
-0.079677
-0.062532
0.100018
0.060898
0.001013
0.074331
0.004042
-0.097297
-0.046647
0.158050
0.124590
-0.082607
-0.182862
-0.246840
0.037154
0.136909
0.300375
0.087770
-0.198648
-0.114096
-0.008679
0.039462
-0.078947
0.043242
-0.043488
0.144976
0.095972
-0.034597
-0.195499
-0.186859
0.092204
0.177651
0.208645
-0.118335
-0.142153
-0.045249
0.005992
0.046337
0.086280
0.057511
-0.096677
-0.088535
0.007375
0.016955
0.086578
-0.007613
-0.085279
-0.094096
0.013257
0.126538
0.014564
0.080941
-0.028849
0.010952
-0.031727
-0.062180
-0.101914
-0.135392
0.105810
0.104467
0.128992
-0.005081
-0.049013
-0.115026
-0.086239
-0.004951
0.101566
0.152017
0.000383
-0.018420
-0.053514
-0.186043
-0.199941
0.123393
0.230344
0.207676
-0.008422
-0.148387
-0.259249
-0.148107
0.178287
0.160378
0.007936
0.009975
-0.056665
-0.073428
0.026170
-0.020832
0.009223
0.024039
0.096361
0.033981
-0.081597
-0.128178
-0.052718
-0.024373
0.055519
0.110241
0.076059
-0.008097
-0.113602
-0.087391
0.019319
0.076983
-0.015625
0.010740
-0.007481
0.008049
0.056669
0.076889
-0.013531
-0.121362
-0.153346
-0.080125
0.036043
0.093163
0.089853
0.085779
0.140724
-0.103883
-0.128972
-0.159018
-0.066867
0.073880
0.150027
0.060884
-0.019617
-0.021138
-0.098457
0.085948
-0.072432
0.061952
-0.047542
-0.043683
-0.033899
0.017886
0.061266
0.019066
0.034184
-0.149317
-0.007025
-0.034682
0.122243
0.019549
0.035108
0.008619
-0.045821
0.033696
0.078315
-0.087240
-0.146604
-0.027731
-0.006352
0.143316
0.057024
0.017877
-0.171039
-0.189492
0.056316
0.181436
0.161015
0.036349
-0.067299
-0.080686
-0.054246
-0.136999
-0.129397
-0.041188
0.018750
0.323831
0.081244
-0.009817
-0.033863
-0.073476
0.044386
-0.066732
0.063318
-0.084676
-0.157557
-0.153184
0.122543
0.218146
0.053174
0.056518
-0.085642
-0.050628
-0.050495
-0.079014
-0.018606
0.031066
0.148626
0.049626
-0.100601
-0.126398
-0.095744
0.068282
0.096891
0.095849
0.028587
-0.110385
-0.024135
-0.089078
0.028172
0.134133
0.039493
-0.058219
-0.092618
0.046127
-0.012011
-0.032156
-0.137747
0.052086
0.109160
0.076750
0.036582
-0.020426
-0.002394
-0.106236
-0.045008
-0.081627
0.018416
-0.004394
0.143821
-0.001574
-0.001861
0.078814
-0.001772
0.008326
-0.097583
-0.047672
-0.146408
-0.002356
0.071605
0.144961
0.033023
0.008509
0.030073
-0.078660
-0.025140
-0.082194
-0.016811
-0.058002
0.008634
0.148392
0.108154
0.065363
-0.081721
-0.097520
-0.023731
-0.049215
-0.036731
-0.075857
0.070945
0.103771
0.045995
-0.029433
0.027848
0.103070
-0.026010
-0.083594
-0.171693
0.013975
-0.046166
-0.010456
0.124635
0.172839
0.077759
-0.088872
-0.108668
-0.126436
0.105035
-0.073107
-0.073078
0.034508
0.033724
0.170963
0.106030
-0.013651
-0.135060
-0.034221
-0.068963
-0.049194
0.052766
0.014908
0.023197
0.001049
0.105599
-0.083239
-0.094584
0.080434
0.084575
0.037892
-0.140660
-0.022651
0.058947
0.028265
0.016076
-0.013399
0.003105
-0.032638
-0.031741
-0.038129
-0.003857
0.094946
0.081788
-0.007228
-0.098939
0.032533
0.060427
-0.047938
-0.028403
-0.070638
0.031042
0.035317
-0.019676
0.022496
0.023724
0.038364
-0.021523
-0.025742
0.004937
-0.007971
0.010580
-0.022768
0.007097
0.071233
-0.017962
-0.093589
-0.026634
0.079673
0.040048
-0.027208
0.009720
0.070497
0.068041
-0.051258
-0.063015
-0.052284
-0.060258
0.003940
0.075047
0.090910
-0.066064
-0.078756
0.053337
0.136013
0.015596
-0.137227
-0.109906
0.018905
0.109137
0.049140
0.034006
-0.025225
-0.067796
-0.005522
0.072519
0.032301
-0.058951
-0.114786
0.034049
0.110130
-0.013716
-0.003795
-0.019178
-0.026231
0.015997
0.040156
-0.002372
-0.012632
0.029405
-0.023407
-0.081891
-0.012178
0.115127
-0.001668
-0.011591
0.068108
-0.026491
-0.011553
-0.058106
-0.009488
-0.007064
0.022367
0.063998
0.025968
-0.023579
-0.060426
-0.009352
0.010962
0.070710
0.039920
-0.000352
-0.083042
-0.083313
0.053970
0.041505
-0.001661
-0.022296
0.030260
0.045150
-0.021178
-0.008386
-0.060470
0.018355
0.043951
0.033332
-0.038342
-0.048298
0.022578
0.000770
0.032958
-0.020448
0.036466
-0.014206
0.008481
-0.024457
-0.030236
0.040350
-0.022966
-0.028243
-0.023271
0.064263
0.085507
0.088315
-0.033036
-0.168255
-0.083442
0.086822
0.074802
-0.021960
-0.053685
-0.000077
0.109132
0.081436
-0.042371
-0.140889
-0.016518
0.071728
0.038115
-0.002260
0.020003
0.002214
-0.053666
-0.035468
-0.022943
0.027935
0.002302
0.065246
0.041028
-0.009002
-0.028542
-0.015846
-0.026721
-0.024879
-0.011890
0.025332
0.020192
-0.027897
0.027002
-0.003385
0.038712
-0.078612
-0.015260
0.030037
0.031360
-0.016081
-0.016746
0.098183
0.000764
-0.077531
-0.122498
-0.020520
0.071595
0.111438
0.018074
-0.015197
0.018011
-0.037336
-0.084494
-0.002105
0.026059
-0.022811
-0.021074
0.101512
0.123410
-0.053105
-0.203376
-0.141823
0.112889
0.137414
0.063880
-0.036853
-0.069436
-0.052336
0.046997
0.046328
-0.038252
-0.023107
-0.024323
0.045691
0.030475
-0.017239
-0.052507
-0.068446
0.052634
0.036161
0.052199
0.005361
-0.076090
0.007628
-0.029577
-0.065566
-0.051166
0.191151
0.155935
-0.095548
-0.165225
-0.148399
0.009656
0.140514
0.153541
-0.002560
-0.018652
-0.011392
-0.155335
-0.078903
-0.017076
0.105739
0.017044
-0.059707
0.133668
0.175982
-0.003968
-0.275441
-0.090632
-0.003119
0.077004
0.069540
0.062814
0.041420
-0.123161
-0.084604
-0.038975
0.068720
0.030714
0.112888
0.082103
-0.112139
-0.223940
-0.056318
0.154042
0.098588
-0.055507
-0.050583
0.116471
0.047136
-0.089049
-0.166774
-0.001057
0.081294
0.101666
0.017176
-0.029030
-0.083842
-0.106589
0.064779
0.013828
0.066588
0.028544
-0.014795
-0.052184
0.056497
0.039136
-0.133369
-0.101269
0.073739
0.173948
-0.022162
-0.101088
-0.097002
0.045300
0.066184
-0.028087
-0.020207
0.051971
0.062039
-0.111443
-0.081172
0.046404
0.081140
0.037891
-0.028256
-0.035300
-0.042750
0.033498
-0.011344
-0.052008
0.001579
-0.014211
0.042420
0.007036
0.011639
0.024468
-0.050869
-0.032941
0.003369
0.061862
0.041438
0.060382
-0.086192
-0.149465
-0.024568
0.048184
0.084963
-0.082502
-0.021694
0.064531
0.139671
0.035933
-0.177604
-0.109494
0.015556
0.096901
0.002169
0.003634
0.019530
0.019740
-0.053207
-0.131855
-0.051176
0.030659
0.134048
0.081363
-0.020307
-0.055443
-0.037126
0.024917
0.084702
0.024042
-0.129324
-0.156690
0.000421
0.088313
0.054969
0.002776
-0.042157
0.067471
0.067220
-0.031810
-0.118217
-0.027969
0.088478
-0.069627
-0.010655
-0.012678
0.039001
-0.054686
0.056613
0.066202
-0.060122
0.001674
-0.260447
0.164228
0.034309
0.046877
0.115685
0.030434
-0.012424
-0.242779
-0.096150
-0.021355
0.198489
0.074774
0.077561
-0.061390
-0.052096
0.018555
-0.033992
-0.026763
-0.050072
0.010439
-0.067007
-0.036392
0.048611
0.190329
0.061616
-0.093378
-0.121355
-0.094944
0.021334
0.031656
0.103433
0.050414
-0.038555
-0.100945
0.071766
0.157630
-0.049267
-0.212291
-0.165543
0.096575
0.053327
0.094066
0.169614
0.124424
-0.115804
-0.365421
-0.279710
0.051840
0.332692
0.362367
0.163341
-0.101073
-0.145678
-0.047807
-0.024272
-0.305438
-0.280573
0.065866
0.386870
0.269408
0.020214
-0.109661
-0.119717
-0.054512
-0.092631
0.087258
0.060978
-0.030757
-0.024569
0.183479
0.115617
-0.167856
-0.258442
-0.034062
0.058204
0.024537
0.088438
0.109269
0.105968
-0.053560
-0.123004
-0.172728
0.005299
0.102298
0.103428
-0.033432
-0.066374
0.047742
0.113937
0.045807
-0.139694
-0.094559
-0.011245
0.137211
0.050836
-0.145523
-0.065210
0.016483
0.072937
0.017018
0.079745
0.118490
0.015682
-0.037079
-0.204745
-0.252193
-0.007391
0.198709
0.214544
0.051513
-0.249054
0.073881
0.294920
0.008006
-0.261776
-0.127413
0.033410
-0.038114
0.007240
0.065193
0.140495
-0.018498
-0.078988
-0.052998
0.124515
0.002444
-0.131267
-0.114625
-0.016016
0.189058
0.199140
0.084128
-0.196708
-0.227694
-0.102530
0.076269
0.145099
0.167596
0.032774
-0.138487
-0.133326
-0.030464
0.026517
0.101744
0.047846
0.001572
-0.096346
-0.051271
0.130852
0.074318
-0.018253
-0.150742
-0.011043
0.046435
0.201227
0.144761
-0.088358
-0.218746
-0.155173
0.028085
0.030267
0.013070
-0.022738
0.121358
0.074646
0.003738
-0.018581
-0.008271
-0.017912
-0.009671
0.025417
-0.037278
-0.039406
-0.059987
-0.020369
0.059107
0.169937
0.081979
-0.116581
-0.182900
-0.102901
0.095720
0.162986
0.090097
-0.035156
-0.099338
-0.044012
0.001550
0.056873
0.010706
-0.045327
-0.042046
0.032020
0.110629
0.014290
-0.072261
-0.076967
0.035201
0.056011
0.001243
-0.069250
-0.049394
0.021239
-0.016801
0.064454
0.074262
0.036598
0.003172
-0.003523
-0.056803
-0.109997
-0.013945
-0.027352
-0.004680
0.099327
0.169815
0.088904
-0.070465
-0.157484
-0.139430
0.010071
0.103976
0.064365
-0.071753
-0.091214
0.013723
0.157335
0.169173
-0.070517
-0.217786
-0.135498
0.040937
0.125670
0.091071
-0.016515
-0.067851
-0.038962
0.028967
0.057661
-0.005914
-0.020428
0.007320
0.081178
-0.021033
-0.149032
-0.151196
-0.006284
0.203158
0.182970
0.037445
-0.142028
-0.134034
-0.037115
0.086665
0.055512
-0.061620
-0.095418
-0.029125
0.099653
0.046873
-0.023642
-0.058270
-0.012512
0.042368
0.085091
0.045423
-0.063576
-0.179000
-0.080184
0.063154
0.162040
0.160562
0.035509
-0.020108
-0.184591
-0.163044
-0.036604
0.125297
0.117082
0.048142
0.018280
-0.024594
-0.076325
-0.154778
-0.063567
0.051561
0.138702
0.090783
0.011392
-0.062040
-0.072026
-0.039567
0.016259
0.065848
0.048349
0.001199
-0.041280
-0.044266
-0.031963
-0.020898
0.015755
0.054804
0.060618
0.016382
-0.054829
-0.019196
0.011224
0.010061
-0.033402
-0.047581
-0.023204
-0.002282
0.021049
0.072158
0.073206
-0.011709
-0.100117
-0.116205
0.014484
0.144574
0.136569
0.005935
-0.137038
-0.182121
-0.086804
0.086267
0.210212
0.130181
-0.014819
-0.115081
-0.086730
-0.021516
0.027964
0.024854
-0.032644
-0.021144
0.005556
0.059929
0.075038
-0.007578
-0.112791
-0.106729
-0.009493
0.085050
0.083246
0.039667
-0.004677
0.000381
-0.032622
-0.060431
-0.024863
0.017663
0.038436
0.005205
-0.022492
-0.074681
-0.014340
0.074816
0.132974
0.077442
-0.001656
-0.061146
-0.133827
-0.103010
-0.044408
0.049101
0.090583
0.118807
0.066550
-0.050708
-0.134992
-0.127648
0.003464
0.087165
0.077883
-0.037793
-0.059234
-0.013814
0.056397
0.041743
-0.018719
-0.026628
-0.051277
0.047131
0.059869
0.036783
0.002427
-0.041117
-0.098622
-0.099636
0.006381
0.109516
0.069444
-0.001931
0.016608
-0.014673
-0.049572
-0.010389
0.034429
-0.018670
-0.077669
-0.060097
0.029207
0.041215
0.034099
0.000470
0.018646
-0.000740
-0.013095
-0.018721
-0.022819
-0.000350
0.000025
0.053301
0.028699
0.020060
-0.044974
-0.012148
0.021794
0.029023
0.008520
-0.052818
-0.046005
-0.010886
0.079205
0.075786
0.008371
-0.074153
-0.070328
0.004302
0.068687
0.053661
-0.011693
-0.056170
-0.035369
0.023333
0.044152
0.019305
-0.014892
-0.031628
-0.005674
0.013232
-0.003473
-0.011839
-0.012651
0.012680
0.012013
-0.004632
-0.034109
-0.015095
0.011017
0.017141
0.008441
-0.015392
-0.021462
-0.012184
0.013729
0.009955
0.002413
