-0.033627
-0.047036
-0.021268
0.007374
0.023630
0.020781
0.013895
-0.004422
-0.031182
-0.036233
-0.025486
0.001375
-0.004543
0.024742
0.025632
-0.004220
-0.020052
-0.008681
0.007784
-0.063300
-0.025573
0.029850
0.040089
0.032926
0.009542
-0.025892
-0.071526
-0.026057
0.003102
0.012576
0.021753
0.040763
0.014769
-0.014641
-0.012951
-0.032491
-0.018573
-0.037655
0.025658
0.046860
0.021203
0.002863
-0.000506
-0.005149
-0.044707
-0.015088
-0.008186
0.015531
0.005295
0.019792
0.029569
0.038171
-0.007096
-0.067969
-0.066658
-0.003986
0.070836
0.058605
-0.004367
-0.032003
-0.015368
-0.028961
0.025517
-0.000164
-0.002017
0.003191
0.029807
0.022575
-0.027017
-0.010714
-0.026491
-0.018685
-0.017065
0.034559
0.059093
0.045745
-0.021453
-0.076732
-0.053234
0.010244
0.061963
0.053143
0.002698
-0.037411
-0.009393
-0.000289
-0.001415
-0.016603
-0.013749
-0.007884
0.006060
0.040541
0.019119
-0.006016
-0.016926
-0.024512
-0.020351
0.007268
0.021632
0.021773
0.002153
-0.030826
-0.008629
0.017044
0.004761
-0.016402
0.003738
0.013173
-0.023728
-0.030507
0.011089
0.049141
0.018652
-0.018529
-0.031999
-0.007155
0.002615
-0.012921
0.004748
0.009540
0.002792
0.006736
0.029551
0.022751
-0.038568
-0.056469
-0.011667
0.014593
0.040544
0.034072
0.043374
-0.010896
-0.057543
-0.040383
-0.029111
0.023221
0.061868
0.093945
0.014247
-0.057347
-0.070525
-0.034371
0.001111
0.044028
0.062940
0.022006
0.001414
-0.023448
-0.023597
-0.043283
-0.002120
0.006828
0.014861
0.044221
0.042443
0.019489
0.020162
0.036517
-0.005687
-0.037928
-0.026572
-0.019532
-0.020227
0.030325
0.072468
0.055203
0.007646
-0.024236
-0.061955
0.002578
0.046989
0.022591
0.002261
-0.017037
-0.001041
0.016916
0.020250
0.028756
0.006281
-0.018754
-0.013592
0.001889
0.032970
0.016599
-0.017832
-0.035925
0.028814
0.033133
0.000526
0.006571
0.030895
0.040818
-0.036320
-0.060726
-0.015617
0.040967
0.052600
0.029978
-0.005879
-0.082692
-0.043696
0.057080
0.050720
-0.002974
0.005420
0.031454
0.018848
0.011999
0.004658
-0.030265
-0.059441
0.024595
0.069203
0.015137
-0.037459
-0.041185
0.011673
0.023919
0.033392
0.025290
-0.025752
-0.043522
-0.011690
0.049405
0.042392
-0.000576
-0.036631
-0.039502
-0.004807
0.039275
0.040254
-0.009262
-0.005540
-0.018607
-0.020949
-0.024454
0.018011
0.053138
0.035969
0.012061
-0.039519
-0.034503
-0.013518
0.044082
0.025403
-0.030469
-0.036803
-0.007857
0.055401
0.052140
0.009589
-0.061658
-0.048966
0.011724
0.039128
0.041731
0.020502
-0.006087
-0.049217
-0.021053
0.016118
0.023785
0.013386
0.007716
-0.011989
-0.012238
0.012055
0.020447
0.020504
-0.020740
-0.034346
-0.030505
0.007671
0.010161
-0.003710
0.006154
0.023119
0.034782
0.027153
-0.020019
-0.080608
-0.048224
0.024595
0.061200
0.010901
-0.009131
0.001683
0.009285
-0.013192
-0.018461
-0.014510
0.001808
0.025336
0.011250
-0.006518
-0.041563
-0.018575
0.004588
0.020060
-0.031365
0.013616
0.015541
-0.002362
-0.005204
-0.017750
0.005538
-0.030275
0.021630
-0.006459
0.016511
0.008635
0.011392
0.005854
-0.027228
-0.040502
-0.040201
0.018294
-0.011082
0.039170
0.016178
-0.045872
-0.067530
-0.023438
0.023908
0.064160
0.094014
0.018528
-0.073836
-0.087019
-0.036956
-0.038136
0.000971
0.040758
0.069900
0.044631
0.003766
-0.090704
-0.091433
-0.022760
0.018715
0.027852
0.052313
0.034656
-0.014006
0.016858
-0.069785
-0.105567
-0.027602
0.120333
0.043224
-0.076158
-0.038486
-0.018309
-0.034285
0.035339
0.067808
0.007564
-0.037444
-0.055067
-0.023790
0.004021
0.097541
0.065572
-0.016280
-0.034077
-0.034739
-0.109063
-0.122833
-0.003385
0.174989
0.166398
-0.005629
-0.110753
-0.126074
-0.071754
-0.006023
0.087364
-0.010380
-0.019374
0.035497
0.019374
-0.013073
0.103538
0.117850
-0.088648
-0.121262
-0.195253
-0.076001
-0.026948
0.133678
0.250685
0.053394
-0.064025
-0.070965
-0.013205
-0.138972
0.027043
0.073654
-0.092728
-0.104358
0.079674
0.220510
0.033216
-0.019158
-0.137690
-0.099293
0.040266
0.068499
0.030753
-0.081201
-0.075252
-0.005468
0.041983
-0.089635
0.090080
0.115581
0.044053
0.004720
-0.088859
-0.100841
-0.065824
0.108024
-0.053372
-0.021232
-0.141299
-0.034646
0.047917
0.192669
0.226135
-0.188900
-0.150594
0.047254
0.245482
-0.039258
-0.193357
-0.209209
-0.084925
0.060331
0.084700
0.205471
0.087230
-0.079541
-0.201985
-0.048216
0.074133
-0.031208
0.012551
-0.032294
0.047006
0.041726
-0.063058
0.006104
0.039777
0.029218
-0.099382
-0.095096
0.015574
0.003076
-0.062299
0.011808
0.085786
0.046220
0.003376
0.015260
0.032277
-0.029465
-0.094841
-0.113494
-0.187998
0.006320
0.108380
0.140743
0.194125
-0.090242
-0.066294
-0.007178
0.039556
-0.089113
-0.237629
-0.000088
0.084374
0.109960
0.048802
0.094950
-0.119326
-0.050437
-0.034637
-0.012633
0.060187
-0.139702
0.057266
0.017451
0.148144
-0.033951
-0.068986
0.001708
0.025372
-0.018322
-0.083457
-0.017869
-0.098321
0.032466
0.104569
0.239288
0.001080
-0.199039
-0.218674
0.014403
0.106049
0.065016
-0.001782
-0.063814
0.068350
0.053810
0.083371
0.102066
0.057577
-0.172492
-0.183919
-0.114866
-0.004448
0.008976
0.135325
0.167801
-0.148339
-0.014283
0.077782
0.046670
0.056957
0.145676
-0.024102
-0.272064
0.018902
0.007769
-0.016508
-0.114002
0.010734
0.095323
0.056295
0.104608
-0.182949
-0.086512
-0.025432
0.270609
0.303975
0.120896
-0.259696
-0.297977
-0.105022
-0.039742
-0.041998
0.016286
0.375655
0.091475
-0.065619
-0.056248
0.085646
-0.128549
-0.070651
0.064081
-0.037935
-0.048870
0.015409
0.146024
0.022063
0.062508
0.009372
0.045023
-0.007644
-0.187162
-0.166911
0.023217
0.084398
0.103054
0.078331
0.013648
-0.131231
-0.063914
0.141307
0.085708
-0.008832
-0.039040
0.068622
0.131784
0.004062
-0.228912
-0.119701
-0.076110
-0.010462
0.168505
0.245935
0.151834
-0.205917
-0.176028
0.069264
0.155692
-0.012250
-0.078494
-0.013995
-0.058994
0.042413
0.022430
0.028121
-0.055056
-0.070929
0.043036
0.064137
0.141047
0.042523
0.140754
0.010382
-0.125728
-0.202575
-0.122202
-0.003981
-0.004412
0.163199
0.015053
0.161386
0.087263
-0.070315
-0.166451
-0.128199
0.122937
0.197991
0.104910
-0.163025
-0.034671
-0.056339
-0.065897
-0.048029
0.036942
0.143664
0.212323
0.008149
-0.204886
-0.130379
-0.040757
0.180084
0.034655
-0.086505
-0.046743
0.084440
-0.035353
0.162502
0.078746
-0.160219
-0.106954
-0.055035
0.132523
0.080077
0.081905
-0.022909
0.017860
-0.064380
-0.162063
-0.109984
0.056024
0.172099
0.165142
-0.041781
-0.179493
0.068588
0.215845
-0.019008
-0.320585
-0.140728
0.028276
0.264012
0.276862
0.076071
-0.258518
-0.326720
-0.034112
0.050981
0.104442
0.097358
0.254326
0.018571
-0.083954
-0.038742
-0.066261
-0.033185
-0.139852
0.036980
-0.028384
0.022179
0.151841
-0.084858
0.129169
0.127673
-0.153556
-0.136564
0.093572
0.115487
-0.086840
-0.159069
-0.109375
-0.041888
0.017602
0.279752
0.179702
-0.004615
-0.088284
-0.106634
-0.133318
-0.018760
0.115212
-0.004757
-0.007046
-0.066815
0.104958
-0.003985
-0.049922
0.032099
-0.045248
0.029556
0.065270
0.066104
-0.037490
0.017182
-0.075022
-0.095577
-0.119939
-0.044480
0.098255
0.222161
-0.023874
-0.195255
0.028181
-0.000841
0.103503
0.182358
0.059223
-0.218694
-0.209781
-0.005249
0.023288
0.046250
-0.005522
-0.114798
0.113163
0.197255
0.053492
-0.049900
-0.090583
-0.177346
-0.111746
0.052712
0.043966
0.022531
-0.004177
0.130922
0.069975
0.023013
-0.005738
-0.108032
-0.124219
-0.135869
-0.085004
0.094346
0.235581
0.140268
0.000458
-0.135848
-0.144722
-0.068982
0.136479
0.074421
-0.122879
-0.063661
0.023706
0.093471
0.062349
0.003835
-0.204522
-0.012113
0.111425
0.088250
-0.012535
-0.116724
-0.074322
-0.027753
0.103277
-0.071806
-0.030899
-0.022114
0.042067
0.072129
0.209867
-0.012633
-0.249080
0.010826
-0.033596
-0.049600
-0.017830
0.136517
0.029052
-0.082886
0.105571
-0.113504
-0.229260
0.020452
0.153491
0.075041
0.133642
0.172991
-0.072101
-0.227519
-0.193200
-0.155252
0.010567
0.183223
0.078231
0.210692
0.142048
-0.215985
-0.258763
0.094221
0.176805
-0.112049
-0.205864
-0.008543
0.009189
0.005776
0.232150
-0.014766
-0.112251
0.150780
0.286738
-0.085223
-0.425608
-0.180013
-0.105716
0.022665
0.221808
0.240298
0.096845
0.052634
-0.022800
-0.241616
-0.156160
-0.036478
-0.056215
-0.009250
0.184617
0.346912
0.200328
-0.155401
-0.353187
-0.219038
0.061540
0.055024
-0.006659
-0.063472
0.057390
0.265012
0.228640
-0.217425
-0.381699
-0.063241
0.152871
0.254311
-0.018359
-0.197890
-0.077622
0.205430
0.049098
-0.021551
-0.081787
-0.153636
0.045760
0.126180
0.091083
-0.061036
-0.030120
-0.094988
-0.012183
0.043845
0.020830
0.001925
0.020572
-0.084508
-0.014979
0.116581
-0.080848
-0.050648
0.021926
0.046555
-0.040993
-0.022512
0.033570
-0.089095
0.005394
-0.017211
-0.023976
-0.005234
0.082574
0.075183
-0.107094
-0.036897
0.016037
0.039230
0.002195
0.056203
0.014873
-0.087923
-0.064691
0.030867
-0.082307
0.010398
0.133153
0.022947
-0.017793
-0.005455
-0.029030
-0.119820
0.016685
-0.017182
0.050863
0.047629
0.037507
-0.061763
-0.051706
0.054659
-0.083828
0.036336
0.045517
0.017777
-0.005231
0.024017
-0.103083
-0.058609
0.043197
0.025528
-0.007483
0.008497
0.088877
-0.057882
-0.041759
-0.090306
-0.016336
0.060467
0.171645
-0.026671
-0.153713
-0.011738
-0.127376
0.045957
0.135087
0.047829
-0.052834
0.044010
0.062407
-0.088281
-0.091462
-0.025946
-0.035964
0.049900
0.131028
-0.003755
-0.004359
0.077015
0.025304
-0.191857
-0.122823
-0.048811
-0.020228
0.162887
0.175152
0.062669
0.008081
-0.017857
-0.103377
-0.087331
-0.104480
0.128081
-0.042816
-0.078977
0.161683
0.091989
0.145730
0.069005
-0.044552
-0.268104
-0.078806
-0.008324
0.010296
-0.006194
0.017833
0.203184
0.160827
0.057220
-0.271232
-0.180954
-0.008454
0.130111
0.078673
0.017041
-0.052458
-0.015424
0.139509
-0.019613
-0.105147
-0.076962
0.091125
0.058609
0.030782
-0.032814
-0.064132
-0.051714
0.034967
0.083129
-0.031727
0.024345
0.004793
0.068575
-0.023344
-0.128458
-0.064636
0.008420
0.158731
0.138864
0.043854
-0.142505
-0.152478
-0.077665
0.088638
0.147608
-0.046256
-0.066394
-0.022446
0.087858
0.057891
0.035310
-0.092572
-0.081375
0.045914
0.036032
0.075697
-0.014230
-0.040679
-0.088556
0.002827
0.077345
-0.016308
-0.008826
-0.018244
-0.013212
-0.051026
0.095531
0.076231
-0.051082
0.044778
-0.024221
-0.041205
-0.071704
0.009468
0.018790
0.012088
0.092195
0.079472
-0.006190
-0.133406
-0.093945
-0.024101
0.066061
0.132861
0.064931
-0.104425
-0.046747
-0.009822
0.004551
0.023738
0.071089
0.054079
-0.058191
-0.035362
-0.080354
0.015330
0.093677
0.082182
-0.032998
-0.028704
-0.034322
-0.055868
0.051608
0.057713
-0.003715
-0.059732
0.053860
0.013886
-0.062839
0.053987
0.107744
-0.001218
-0.019747
0.017927
-0.154790
-0.002829
0.180691
0.006275
-0.081217
-0.005970
0.125354
-0.035456
-0.052152
0.046981
-0.072698
-0.028105
0.051516
0.033481
0.045553
0.096090
0.010212
-0.057170
0.021750
-0.091823
-0.139274
-0.034732
0.152025
0.171217
0.118450
-0.005819
-0.239705
-0.053703
0.111887
0.091828
-0.056165
0.008699
0.008845
-0.075888
-0.030411
0.027826
-0.096776
-0.092571
0.077886
0.068397
0.212166
0.130932
0.006776
-0.085134
-0.071011
-0.180622
-0.095861
0.006163
-0.050699
0.009707
0.173148
0.250915
0.038471
-0.019817
-0.214587
-0.181230
-0.065798
0.153081
0.138350
-0.099012
-0.073846
0.009424
0.149999
0.112775
-0.061481
-0.186565
-0.061575
0.089232
0.049087
-0.029812
-0.028096
-0.026629
0.072999
-0.000007
-0.114999
0.017095
0.056817
-0.018256
-0.072395
-0.063488
0.026761
0.102891
0.208622
0.099234
-0.205980
-0.071290
-0.094859
-0.152494
-0.055135
0.071712
0.151219
0.136679
0.187487
-0.116526
-0.191679
-0.107541
-0.023820
-0.013687
0.027971
0.211253
0.073523
-0.103815
-0.092229
0.023485
-0.015688
-0.036913
-0.082647
-0.090725
0.108285
0.188608
0.103861
-0.135699
-0.146366
-0.020883
-0.004333
0.070778
0.105881
-0.041511
-0.120383
0.054079
0.028206
-0.070608
0.018233
0.021527
0.017759
-0.034638
-0.006602
-0.002078
0.009377
0.063784
-0.053174
-0.038433
-0.059478
-0.015468
-0.019634
0.107923
0.194322
0.007142
-0.114025
-0.197668
-0.092479
0.000651
0.191576
0.161841
-0.008247
-0.081313
-0.129987
-0.069346
0.018359
0.132460
0.047329
-0.083218
0.001214
0.012432
-0.056684
-0.001493
0.068153
0.066013
-0.046484
-0.111069
-0.103830
-0.042278
0.077516
0.161398
0.078122
0.033127
-0.033932
-0.146027
-0.130815
0.005342
0.111883
0.069762
0.023827
-0.059478
-0.019829
0.020481
-0.023775
0.052705
0.053762
-0.090870
-0.120032
-0.074003
0.041255
0.121352
0.039905
-0.010617
0.113067
-0.006850
-0.228849
-0.079260
0.170863
0.137026
-0.204192
-0.225523
0.055962
0.290968
0.232906
-0.046318
-0.299260
-0.152020
0.009564
0.006499
-0.024571
0.183939
0.177683
-0.149106
-0.091234
-0.133891
-0.008528
0.112169
0.258599
-0.055769
-0.109300
-0.009519
-0.067203
0.004679
-0.134333
-0.051247
0.004223
0.196135
0.155094
0.072181
-0.198638
-0.251250
0.027675
0.084333
0.147867
0.011917
-0.094586
-0.036643
0.040730
-0.011086
-0.178351
-0.013302
0.196619
0.155754
0.037952
-0.143415
-0.168750
-0.115437
0.042600
0.109578
0.056732
0.007033
0.051099
-0.105031
-0.094071
-0.028133
-0.138150
0.114628
0.257486
0.172919
-0.095290
-0.141710
-0.119762
-0.032824
0.048621
0.074604
0.039178
0.018808
0.090522
-0.035591
-0.120244
-0.170104
-0.062008
0.056275
0.185410
0.176158
-0.026192
-0.066789
-0.097407
-0.041827
-0.016844
-0.108339
0.057809
0.100925
0.133251
-0.019435
-0.099095
-0.085212
-0.101223
0.044306
0.057972
0.138083
0.057084
0.010950
-0.147666
-0.080243
-0.013829
-0.018744
0.066194
0.072296
0.002580
-0.115927
0.031348
0.010701
-0.016468
-0.041796
-0.058658
-0.022580
0.208914
0.167561
-0.047506
-0.203758
-0.137585
-0.005681
-0.003699
0.116790
0.052171
0.231866
0.015115
-0.121087
-0.188168
-0.153727
0.015981
0.006426
0.166571
0.083539
0.098834
0.106019
-0.074059
-0.335061
-0.267854
0.069051
0.307168
0.321145
0.065874
-0.250365
-0.251373
0.036662
0.054828
-0.062727
-0.114148
0.086879
0.207739
0.151767
-0.000754
-0.143701
-0.174280
-0.192644
-0.009207
0.032469
0.297114
0.275803
-0.038934
-0.156380
-0.210453
-0.061992
-0.066800
0.116686
0.143205
0.076989
0.014590
-0.050631
-0.055633
-0.125768
0.004953
0.013265
0.090613
0.063271
-0.006454
0.052788
0.027111
-0.151710
-0.191522
-0.002498
0.060772
0.167536
0.208081
0.034214
-0.093449
-0.280478
-0.186679
0.103629
0.095734
0.192593
0.127003
-0.000201
-0.133515
-0.023430
-0.004283
-0.158518
0.023236
0.120275
0.150878
0.025240
0.020190
-0.051394
-0.113205
-0.081822
-0.052059
0.042539
0.135258
0.137050
-0.005200
-0.038435
-0.110153
-0.036219
0.054459
-0.000790
0.022198
-0.017300
0.023541
0.082613
0.025329
-0.074125
-0.135743
-0.068104
0.052433
0.120785
0.062717
0.083722
0.051949
-0.106136
-0.113088
-0.095517
-0.043233
0.059723
0.154491
0.069322
-0.010616
0.008707
-0.030899
-0.066900
-0.173574
-0.007647
0.126401
0.097695
0.080150
0.096197
-0.031456
-0.190856
-0.190168
-0.017714
0.130070
0.061708
0.191534
0.066616
-0.126162
-0.212737
-0.109800
0.063555
0.166247
0.263735
0.037818
-0.145320
-0.196708
-0.136986
-0.025397
0.047544
0.149209
0.093081
0.073559
-0.012379
-0.121808
-0.041543
0.021641
0.068149
-0.030451
-0.008373
-0.056398
0.081094
0.004395
-0.041703
0.014093
-0.071413
0.061947
0.034615
0.102557
-0.061837
-0.074718
-0.031781
0.109395
0.004378
-0.100769
0.017520
-0.023126
0.044448
0.116596
0.171831
-0.003902
-0.128910
-0.251375
-0.110627
0.029962
0.140709
0.188625
0.075734
-0.007373
-0.086112
-0.088487
-0.155275
-0.069256
0.120273
0.183851
0.119364
0.067320
0.010453
-0.079716
-0.278344
-0.179758
0.059297
0.188079
0.145257
0.078955
0.013827
-0.127003
-0.130088
-0.091425
0.016424
0.018787
0.118696
0.182004
0.122030
-0.129383
-0.178443
-0.086299
-0.068715
0.008128
0.082576
0.096162
0.078144
0.109498
-0.001333
-0.179169
-0.141808
0.006935
0.021239
-0.147210
-0.043726
0.487157
0.181469
-0.212233
-0.075704
-0.304003
-0.133122
0.425956
0.438304
-0.115482
-0.406714
-0.164472
-0.170689
-0.018782
0.179014
0.285894
0.238636
0.060216
-0.268740
-0.568598
-0.159859
0.344437
0.560584
0.161014
-0.362783
-0.293684
0.009574
0.139337
-0.066092
-0.104176
0.079701
0.199509
0.008514
-0.175334
-0.112399
-0.009778
0.076000
-0.096295
-0.067306
0.257754
0.385943
0.012335
-0.270350
-0.384848
-0.249919
0.169486
0.376151
0.195672
-0.103705
-0.254677
-0.181369
0.144795
0.252886
-0.033980
-0.167467
-0.131098
0.005435
0.106621
0.048593
0.008056
-0.167312
-0.040831
0.151377
0.303961
0.116904
-0.237925
-0.276021
-0.144518
0.086792
0.013705
-0.032858
0.052351
0.222510
0.137774
-0.099317
-0.173753
-0.086981
0.140788
0.061812
0.021694
-0.075661
-0.126486
-0.090439
0.058381
0.176689
0.085836
0.084103
-0.136190
-0.161266
-0.006181
-0.011361
0.057564
-0.028968
-0.072969
0.203652
0.303809
-0.051566
-0.329604
-0.229890
0.005519
0.145148
0.152613
0.132157
-0.001966
-0.035951
-0.081656
-0.163868
-0.057515
0.083654
0.141122
-0.018691
-0.164830
-0.008073
0.107551
0.132754
-0.039551
-0.155289
-0.062351
-0.023656
0.089030
0.171609
0.140291
-0.068710
-0.162371
-0.183218
-0.192070
-0.122057
0.261113
0.434508
0.162310
-0.184006
-0.261572
-0.160059
-0.141841
0.148131
0.139381
0.148987
0.022636
0.033031
-0.031181
-0.176945
-0.147526
-0.092367
0.093997
0.126466
0.099223
-0.070399
0.002014
-0.008755
-0.062602
-0.074212
0.104904
0.015952
0.025557
0.122544
-0.054218
-0.135524
-0.279627
-0.118129
0.179257
0.365503
0.221910
-0.147219
-0.378295
-0.184641
0.057073
0.114963
0.126654
0.171920
0.056057
-0.101767
-0.073571
-0.142639
-0.024479
-0.028587
0.085000
0.052694
-0.039040
-0.003158
-0.039657
-0.093817
-0.167430
0.166526
0.058538
0.071543
0.110607
0.106720
-0.036728
-0.140839
-0.028742
-0.193442
-0.043353
0.037128
0.182142
0.144914
-0.017303
-0.140903
-0.116458
0.007188
-0.032163
-0.009689
0.119706
0.150535
-0.000830
-0.005818
-0.040175
-0.163368
-0.097538
0.079406
0.132217
0.099256
-0.030365
-0.097687
-0.119394
0.027763
0.125425
0.053845
-0.069741
-0.172490
-0.010351
0.167110
0.152935
-0.059899
-0.101840
-0.040438
-0.032895
0.080165
0.045322
0.002198
-0.131733
-0.089282
0.092890
-0.006291
0.106324
0.046986
0.053951
-0.016385
-0.061824
-0.079943
-0.155396
0.109819
0.123523
0.044519
-0.096924
-0.054435
-0.015051
0.083905
0.070006
-0.078058
-0.057515
-0.034396
0.002349
-0.017663
0.145037
0.084631
-0.030794
-0.067914
-0.116373
-0.089029
0.083206
0.113416
0.058851
0.017937
-0.163526
-0.033898
0.128076
0.090353
-0.159611
-0.180752
-0.036052
0.144375
0.105675
-0.057543
0.055331
0.078015
0.038091
-0.179287
-0.081233
-0.026831
0.042125
0.070367
0.008734
-0.002465
-0.165789
0.015139
0.160177
0.179658
0.001404
-0.159049
-0.248064
-0.121346
0.136194
0.253696
0.225061
-0.055252
-0.165392
-0.150501
-0.004341
0.033119
-0.063188
-0.017973
-0.001409
0.089732
0.169819
0.180287
-0.093077
-0.234008
-0.218474
-0.095130
0.156335
0.244866
0.228102
-0.105927
-0.143285
-0.189638
-0.066628
0.032675
0.170478
0.316401
0.031626
-0.148801
-0.333372
-0.015056
0.039241
0.131919
0.088394
-0.101153
-0.011220
0.011443
0.177817
-0.086734
-0.058615
-0.095239
-0.113955
0.077760
0.210017
0.198854
-0.037065
-0.159602
-0.266154
-0.070060
0.131048
0.216441
0.116465
0.047631
-0.075650
-0.184398
-0.179140
0.123432
0.268153
0.034459
-0.135776
-0.196684
-0.017939
0.083022
0.272836
-0.053261
-0.105075
-0.166491
-0.194491
0.045132
0.266406
0.358439
-0.053510
-0.157357
-0.237141
-0.008317
0.107755
0.012687
-0.083912
0.017872
0.077190
-0.024992
0.056462
0.023687
-0.019210
-0.089884
-0.015122
0.010399
-0.015299
0.086087
-0.049064
-0.035326
0.047264
-0.029306
-0.012314
0.022859
0.187018
0.067059
-0.037136
-0.112664
-0.232157
-0.093965
0.058659
0.200328
0.075145
-0.005165
-0.059755
-0.129774
0.026608
0.134607
0.107026
-0.032974
-0.030226
-0.090061
-0.076982
0.032348
0.119007
0.009657
-0.126139
-0.015311
-0.005008
-0.020965
-0.000344
0.117803
0.089042
-0.012210
-0.072426
-0.087295
0.015143
0.142239
0.093966
0.010996
-0.134875
-0.105148
-0.094301
-0.027588
0.076330
0.059217
0.056381
-0.047818
0.067690
0.049150
0.033821
-0.090965
-0.025916
-0.033724
-0.027429
0.048931
0.098946
0.095608
-0.079537
-0.069785
-0.090094
-0.025708
0.049259
0.099710
0.051120
0.060546
-0.097398
-0.071441
0.013989
0.075828
0.050555
-0.043842
-0.051477
-0.090996
0.022463
0.094840
0.077670
-0.061781
-0.057371
-0.042720
0.033390
0.047707
0.030736
-0.019995
-0.052076
-0.015085
0.048650
0.067936
0.037618
-0.003464
-0.056917
-0.146317
-0.135754
0.050778
0.144568
0.160131
0.077512
0.031433
-0.208632
-0.211845
-0.060816
0.083397
0.114125
0.029597
0.019168
-0.048393
0.009042
-0.008500
-0.021524
0.049151
0.045762
-0.080159
-0.034307
0.038952
-0.006620
0.007540
0.014406
0.017131
-0.051808
-0.037498
0.020449
-0.014345
-0.028282
-0.035962
-0.085178
-0.008546
0.215906
0.189456
-0.007753
-0.190971
-0.227472
-0.054298
0.114857
0.157677
0.079421
-0.003550
-0.150960
-0.126147
0.037913
0.064134
0.063919
0.046085
-0.042078
-0.133925
-0.033929
0.053397
0.102498
0.079945
-0.009638
-0.098887
-0.157705
0.046324
0.129026
0.084127
-0.004703
-0.137060
-0.136030
-0.050575
0.126708
0.064935
-0.028785
0.049804
-0.122569
0.007689
0.102083
0.012631
-0.017751
-0.109515
-0.053825
-0.041447
0.196246
0.225377
0.001656
-0.254685
-0.205007
-0.108438
0.030527
0.294775
0.229259
0.062504
-0.188091
-0.222379
-0.140804
0.097211
0.153800
0.062155
-0.026037
-0.085291
-0.077310
0.010751
0.159273
0.078511
-0.006457
-0.090494
-0.100160
-0.117732
0.004117
0.169581
0.127725
0.039163
-0.137106
-0.136822
0.038570
0.147686
0.014311
-0.096090
-0.075348
-0.006228
0.080386
0.079989
0.071702
-0.154926
-0.029009
-0.085892
-0.068553
0.007513
0.190964
0.044990
-0.247965
0.083516
0.018982
0.157499
0.063401
0.211776
0.041139
-0.188458
-0.325732
-0.329324
0.072204
0.041196
0.280835
0.234679
0.091932
-0.131943
-0.189864
-0.096856
-0.008066
0.143435
0.096912
-0.013364
-0.198994
-0.127656
0.029808
0.158988
0.054789
0.011712
-0.060818
-0.142346
-0.003536
0.069534
0.074143
0.038679
-0.037934
-0.142143
-0.008760
0.071893
0.090906
0.024512
-0.076798
-0.162548
-0.025315
0.233873
0.169957
-0.075278
-0.223566
-0.108327
0.025483
0.100645
0.181402
0.112626
-0.181169
-0.225191
-0.142073
0.058616
0.229045
0.186290
0.034768
-0.120011
-0.027412
-0.066384
-0.072923
0.024996
0.069649
0.016251
0.006798
-0.012077
-0.020412
0.061609
-0.037009
-0.018506
-0.014261
-0.058328
-0.018021
0.090322
0.118628
0.001060
-0.053192
0.010146
0.071470
-0.140631
-0.050259
0.032734
0.010914
0.052638
-0.008982
0.082711
0.074554
0.106165
-0.108713
-0.183278
-0.062211
0.006170
0.089613
0.054159
0.093888
0.040933
-0.017721
-0.105179
-0.113287
-0.027484
0.135265
0.108140
-0.070691
-0.051195
0.014219
0.069842
0.008523
-0.111337
-0.100837
0.027444
0.116562
0.107281
-0.011243
-0.058942
-0.015279
-0.000602
-0.021232
-0.056269
-0.064960
0.013270
0.124431
0.124712
-0.000183
-0.097389
-0.055183
-0.047737
0.011173
-0.017964
-0.066682
0.025586
0.066188
0.080493
-0.074087
-0.016125
0.062029
-0.018288
-0.057127
-0.011015
0.045743
-0.055137
0.020513
0.040907
0.037547
0.005658
-0.059091
-0.100184
-0.025671
0.120831
0.052407
-0.028036
-0.071930
0.007306
0.054304
0.042798
-0.007098
-0.059902
-0.061768
-0.056104
-0.011728
0.017812
0.118834
0.097724
0.005517
-0.081839
-0.181496
-0.064450
0.127703
0.161077
0.013594
-0.112785
-0.065155
-0.035851
0.089680
0.100871
0.009294
-0.112984
-0.151033
0.010784
0.079765
0.091070
0.025321
0.034505
-0.109936
-0.018738
-0.138888
-0.053670
0.140521
0.090760
0.091913
-0.001593
0.215115
-0.065253
-0.104792
-0.086068
-0.102996
-0.034000
0.027739
0.154799
0.073800
0.134889
0.013751
-0.120394
-0.192730
-0.085228
0.046844
0.056077
0.095183
0.064626
0.012083
-0.027564
-0.043403
-0.034117
-0.029133
-0.024069
-0.004174
0.043338
0.093935
0.066720
-0.043181
-0.156991
-0.145872
0.049243
0.197555
0.143851
0.000545
-0.172189
-0.160421
0.025196
0.167610
0.032966
-0.096060
-0.046416
0.005433
0.045413
0.089069
0.072586
-0.114937
-0.155350
0.025618
0.117654
0.082313
-0.008403
-0.154774
-0.103264
0.022522
0.142102
0.085345
0.039604
-0.042921
-0.103301
-0.067614
0.006523
0.031195
-0.031662
0.062835
-0.069807
0.088018
0.013434
-0.078703
0.015680
0.056683
0.129906
-0.045044
-0.060182
-0.125658
-0.068884
-0.025220
0.099357
0.172196
0.114116
0.070600
-0.130635
-0.185512
-0.146195
-0.000593
0.044976
0.101083
0.075224
0.056502
0.072350
-0.066526
-0.061376
-0.081563
-0.058904
-0.016835
0.079141
0.063586
0.069054
0.084700
-0.000905
-0.131960
-0.156219
0.029604
0.079463
0.032614
-0.015905
0.034733
0.037175
0.081950
-0.008607
-0.085548
-0.083334
0.000614
0.025760
0.045551
0.054961
-0.020787
-0.017816
-0.002178
-0.003229
-0.101625
-0.038068
0.059083
0.072235
-0.089125
0.165563
0.154451
-0.150005
-0.216933
-0.028806
0.106535
-0.009527
0.048238
0.037785
0.031848
-0.108694
-0.050122
0.022988
0.070591
-0.021903
-0.078396
0.028488
0.070361
0.091339
0.009356
-0.098723
-0.150298
0.035553
0.124866
-0.002258
-0.093731
0.018431
0.097810
0.041940
-0.071652
-0.075686
-0.043749
0.034375
0.073324
0.027689
0.021392
-0.021090
-0.002201
-0.037185
0.017256
-0.029697
-0.086687
0.007529
0.101332
0.049038
-0.057482
0.007807
-0.001481
-0.048615
-0.030636
0.087036
0.096098
-0.070806
-0.152248
0.047644
0.044256
-0.037050
0.089092
0.170291
-0.003289
-0.268552
-0.123142
0.019155
0.086984
0.089852
0.123877
0.032459
-0.071493
-0.067154
-0.094086
-0.062038
-0.048295
0.119040
0.188604
0.105108
-0.105788
-0.128512
-0.094567
-0.116111
0.113939
0.174775
0.075258
-0.055023
-0.091823
-0.069848
0.009423
0.045565
0.084919
-0.022682
-0.186727
0.019897
0.037422
0.038823
-0.139951
0.070282
0.265460
0.039369
-0.137049
-0.110273
0.026275
-0.157404
-0.001798
0.090562
0.072472
-0.033261
-0.043892
0.068241
0.056455
0.089014
-0.135877
-0.192395
-0.032717
0.124866
0.163409
0.053616
0.029959
-0.154003
-0.088733
-0.018999
0.027015
0.121961
0.007113
0.001070
-0.064077
-0.046997
0.029109
0.035653
-0.018063
-0.005057
0.039644
0.041669
0.014896
-0.012439
-0.189421
-0.121291
0.108815
0.130052
0.182463
0.086059
0.044466
-0.144328
-0.222800
-0.152169
0.045541
0.118616
-0.000979
0.138845
0.225940
0.086954
-0.197855
-0.348181
-0.185979
0.227117
0.291726
0.029115
-0.118047
-0.101183
-0.020499
0.024657
0.086125
0.065184
-0.096041
-0.058840
-0.071749
-0.124908
0.105163
0.206936
0.040899
-0.180340
-0.173141
0.055716
0.101068
0.110129
0.036040
-0.029399
-0.027280
-0.098143
-0.058829
-0.093571
-0.003527
0.137448
0.141693
-0.036935
-0.059542
-0.093272
-0.075424
0.058955
0.057590
0.084191
-0.024330
-0.062460
-0.117107
-0.045494
0.102372
0.057932
-0.009098
-0.021318
0.001560
-0.002792
-0.101041
0.056560
-0.017315
-0.172792
0.052312
0.110491
0.074528
0.025415
0.011766
0.063439
-0.067134
-0.211853
-0.066511
-0.052207
0.059137
0.242761
0.197206
-0.028762
-0.160259
-0.168095
-0.163213
0.006685
0.105490
0.172555
0.152547
-0.026060
-0.232911
-0.032612
0.086117
-0.029262
0.079961
0.021296
-0.002087
-0.131973
0.003075
0.178830
0.000183
-0.113808
-0.077749
0.113998
0.086752
0.008889
-0.136528
-0.069604
0.059595
0.006958
0.088473
0.176023
0.110552
-0.181755
-0.183776
-0.023319
0.043756
0.151075
0.089371
-0.066141
-0.095034
-0.126430
-0.041847
0.069451
0.254620
0.295594
-0.170455
-0.206474
-0.199695
-0.072025
0.114287
0.361035
0.247145
-0.268199
-0.273894
-0.156308
0.018010
0.061354
0.212540
0.154002
0.052699
-0.239377
-0.259757
0.011334
0.103702
0.259593
0.156133
0.031482
-0.219900
-0.273352
-0.068159
0.006995
-0.013276
0.153247
0.400508
0.125873
-0.221857
-0.268999
-0.160307
0.004474
-0.050121
0.029047
0.139770
0.168014
0.082000
-0.032568
-0.151106
-0.290257
-0.065124
0.149547
0.283266
0.082520
-0.168916
-0.173637
-0.043724
0.073417
0.094604
0.076128
-0.061801
-0.144492
-0.118518
0.042407
0.120039
0.170545
0.000191
-0.108882
-0.083844
-0.014123
0.019024
0.012178
-0.005061
-0.012752
0.100669
-0.073314
-0.093303
-0.091748
-0.033721
0.109980
0.070584
0.049384
-0.083061
-0.006636
-0.025276
-0.047469
0.006404
-0.018565
0.060816
-0.062396
0.045047
0.065269
0.091173
-0.033911
-0.134507
-0.032173
0.071424
0.129966
-0.064041
-0.046374
-0.093811
0.063230
0.058144
0.068901
-0.071829
-0.162811
-0.023574
0.115266
0.178656
0.066223
0.007104
-0.010564
0.063191
-0.112529
-0.098375
-0.159858
-0.048581
0.046165
0.171408
0.181217
0.046968
-0.005609
-0.124958
0.007395
-0.007814
-0.033111
-0.074313
0.067141
0.136623
-0.001472
-0.070789
-0.043023
-0.017140
0.028162
0.074445
0.029330
-0.030780
-0.015306
0.003532
-0.013281
-0.015354
0.028069
-0.004309
-0.017415
0.148366
0.026511
-0.057297
-0.153745
-0.041818
0.026473
0.093314
0.151359
-0.105241
-0.054450
-0.035207
0.145560
-0.039885
-0.065303
-0.011376
-0.067554
0.002811
0.082039
0.273257
-0.076617
-0.170503
-0.245316
-0.046654
0.067004
0.189817
0.131574
-0.036046
0.033006
-0.218217
-0.141001
-0.048416
0.174586
0.107380
0.018564
-0.058243
-0.151033
-0.035367
-0.043656
0.161318
0.055788
-0.072773
-0.053342
-0.084665
0.106763
-0.032044
-0.004272
0.022901
-0.065262
-0.079276
0.021781
0.141706
0.012202
0.050955
-0.195307
-0.198545
0.004608
0.197170
0.179445
-0.040696
-0.116186
-0.209379
-0.055833
0.060417
0.180885
0.198794
0.031729
-0.157195
-0.307658
-0.110480
0.189246
0.182528
0.029652
-0.037113
-0.017872
-0.014998
0.052225
0.008895
-0.082868
-0.052522
0.070882
0.116518
0.024979
-0.041081
-0.067698
-0.056357
-0.065610
0.079514
0.078753
0.053227
0.021627
-0.061097
0.015179
0.013644
0.076839
-0.060431
-0.113378
0.013864
0.041247
0.007622
0.045294
0.159271
0.006895
-0.103812
-0.051023
0.052421
-0.049795
-0.031271
0.010223
0.034008
0.045302
0.070431
0.101389
-0.053064
-0.087131
-0.213860
-0.091273
0.185312
0.248989
0.067865
-0.162306
-0.259402
-0.098756
0.185169
0.188878
0.060066
-0.056564
-0.135832
-0.067612
-0.002009
0.080945
0.071502
-0.063579
-0.050821
0.000394
0.081152
0.032996
-0.001269
-0.121136
-0.179878
0.007525
0.140729
0.080465
-0.041504
-0.000226
-0.022382
-0.055693
-0.063408
-0.041071
-0.098642
0.039492
0.206019
0.082371
-0.088948
-0.117541
-0.043315
-0.018448
0.068421
0.031855
-0.064125
-0.153889
0.057644
0.152756
-0.042985
-0.057407
0.035895
0.087173
-0.104902
-0.169788
-0.021113
0.092537
0.016400
0.028615
0.103071
0.015515
-0.084378
-0.096526
-0.076114
-0.098210
0.061019
0.185843
0.123688
-0.091291
-0.110901
-0.016835
0.080968
0.005069
-0.089001
-0.025732
0.027998
0.085420
-0.044142
0.066845
-0.019023
-0.025566
-0.026685
0.003944
0.046475
-0.051535
0.029680
-0.037695
-0.021820
-0.041071
0.142006
0.162705
-0.010517
-0.198895
-0.169398
0.070164
0.110684
0.084624
-0.059962
0.001470
0.005238
0.031695
0.019629
-0.082301
-0.059038
-0.003370
0.113819
0.077440
-0.026207
-0.090428
0.020093
0.087368
0.071926
-0.033011
-0.149566
-0.078988
0.007916
0.119855
0.122408
0.010718
-0.072459
-0.099431
-0.033408
0.027738
0.003631
0.002015
0.019097
0.054868
0.109481
0.053141
-0.085852
-0.148789
-0.105595
0.015982
0.086537
0.059700
0.034890
0.051339
0.031694
-0.043757
-0.163844
-0.080760
0.020423
0.082577
0.133811
0.046184
-0.012206
-0.090557
-0.033053
0.004710
0.019990
0.022390
-0.011672
-0.053737
-0.009200
0.071833
0.008855
-0.018417
-0.035632
0.055730
0.028093
-0.070873
-0.000287
-0.002999
0.011170
-0.000671
0.032834
0.057968
0.026724
-0.042400
-0.084714
-0.030141
-0.021620
0.062974
0.052746
0.019810
-0.026697
0.004780
-0.023039
-0.062392
-0.040759
0.007629
0.102094
0.040034
0.025552
-0.062029
-0.066965
-0.057252
0.040358
0.072058
-0.001890
0.032630
0.083384
0.036046
-0.141301
-0.161200
-0.047389
0.068136
0.109692
0.090948
0.039470
0.035843
-0.068714
-0.085378
-0.065433
0.003563
0.087790
0.082391
0.001905
-0.059219
0.020018
0.000296
0.001765
-0.018532
0.085162
0.019808
-0.081314
-0.074436
0.013086
0.108219
0.022058
-0.019630
0.050785
0.026726
-0.059735
-0.054699
-0.023903
0.036017
0.064286
0.139228
-0.009089
-0.052278
-0.033347
-0.040572
-0.070099
-0.012753
0.060650
0.105146
0.055130
-0.063078
-0.046128
-0.062025
0.026654
0.042172
0.063335
0.000378
-0.024352
-0.028576
-0.007307
-0.000455
-0.000052
0.072344
0.087078
-0.017293
-0.177873
-0.084727
0.070467
0.066502
0.016380
0.025148
-0.006139
0.033282
0.002763
-0.123981
-0.083248
0.003644
0.039081
0.064368
0.028501
-0.060992
0.013263
0.000932
-0.018829
-0.069117
-0.047879
0.090671
0.020845
0.036922
-0.067049
-0.008814
-0.006420
-0.056905
-0.000261
0.034758
0.099076
-0.008097
-0.081501
-0.114353
0.063730
0.094250
0.058766
-0.126474
-0.118085
0.037277
0.100282
0.082642
-0.078371
-0.053104
0.013606
0.069825
-0.011416
-0.108769
-0.028526
0.038838
0.006680
0.052084
0.028772
0.031207
-0.011040
0.030205
-0.110014
-0.088913
-0.033461
0.086537
0.136140
0.011805
-0.076710
-0.107276
0.096498
0.019753
-0.011669
-0.090885
0.035756
0.097952
0.018531
-0.105491
-0.021152
0.068239
-0.011322
-0.005270
-0.018560
0.112880
-0.046879
-0.071969
-0.054802
0.083909
0.128828
-0.044063
-0.029137
-0.016447
0.026193
-0.043749
-0.022236
0.012456
0.023158
-0.007506
-0.044374
0.045591
0.006470
-0.009097
-0.055656
-0.067077
0.118515
0.119314
-0.004773
-0.216743
-0.131989
0.050605
0.123110
0.068798
-0.072856
0.013930
0.006445
-0.041930
-0.091821
-0.007904
0.106652
0.030762
-0.023809
-0.021266
-0.005664
0.000061
-0.051391
-0.021123
0.050992
0.135745
0.036408
-0.091565
-0.118111
-0.030266
0.024163
-0.115949
0.013958
0.150135
0.139032
-0.027452
-0.164252
-0.104825
0.020677
0.112921
0.009391
-0.089033
-0.040658
0.071356
0.029744
-0.111419
-0.087225
0.102486
0.111255
-0.025102
-0.049117
-0.007485
-0.034145
-0.060490
-0.037453
0.089464
0.068548
-0.042240
-0.022704
-0.010764
0.047735
-0.061945
-0.058324
-0.066880
-0.016322
0.046024
-0.035212
0.032721
0.027037
0.016000
0.100885
0.161352
-0.030086
-0.204656
-0.175248
-0.074416
-0.004035
0.029007
0.146509
0.245207
0.099299
-0.155989
-0.260332
-0.079741
0.116437
0.123083
-0.058985
-0.058562
0.024195
0.084926
0.082391
-0.117278
-0.064245
-0.000261
0.115601
0.051756
-0.022845
-0.099823
-0.015890
0.018482
-0.028645
-0.000379
0.028532
0.120533
0.016075
0.030045
-0.099399
-0.060316
-0.077283
0.093726
0.098598
-0.001711
0.009789
-0.039695
0.054037
0.017068
0.037304
-0.163832
-0.024419
0.048275
0.023371
-0.014282
0.017062
0.103200
0.120716
-0.035470
-0.259187
-0.090402
0.024301
0.193081
0.126979
-0.024257
-0.145273
-0.045374
0.038489
0.090925
0.062822
-0.097741
-0.096488
-0.051028
0.077315
0.123581
0.074403
-0.058477
-0.094319
-0.097310
0.005725
0.104704
0.029656
-0.000819
-0.006673
-0.035861
-0.035155
-0.006264
-0.041227
-0.030109
0.042157
-0.026037
0.068033
0.051879
0.044143
-0.021421
-0.051453
-0.093826
-0.139184
0.042058
0.055358
0.119648
0.006000
-0.011544
-0.081227
0.018533
-0.020464
-0.089496
-0.015933
-0.054750
0.106139
0.122489
0.113267
-0.104627
-0.120408
-0.168404
-0.000076
0.161417
0.100254
-0.001612
-0.135516
-0.075268
-0.071346
0.130847
0.075646
-0.011278
-0.091907
0.015433
0.052884
0.019417
0.016378
-0.129411
-0.106316
0.003056
0.121882
0.133945
0.042066
-0.102463
-0.178294
-0.039163
0.100335
0.171126
0.091692
-0.115608
-0.210060
-0.109071
0.168593
0.166350
0.100758
-0.143571
-0.145707
-0.049205
0.160005
0.140779
-0.073548
-0.160043
-0.172332
0.106153
0.218068
0.278234
0.006557
-0.118521
-0.283837
-0.152396
0.059120
0.159415
0.179346
-0.025483
-0.019497
-0.042235
0.030713
0.002632
0.020285
0.011567
-0.012463
-0.127615
-0.070778
0.039779
0.116147
0.124588
0.053448
-0.071537
-0.185035
-0.134656
-0.046824
0.210077
0.187452
0.077010
-0.070244
-0.073059
-0.109708
-0.083201
-0.016853
0.024052
0.034762
0.078797
0.116893
-0.041430
-0.022665
-0.051674
-0.088613
-0.104578
0.075313
0.113445
0.015182
-0.026924
-0.014520
-0.032187
0.090457
0.082798
-0.064899
0.055278
0.055237
-0.064434
-0.309574
-0.113348
0.133128
0.158983
0.139379
0.124850
0.074474
-0.162431
-0.216312
-0.220996
-0.004626
0.119298
0.227931
0.200720
0.063046
-0.123195
-0.272926
-0.117386
-0.053742
0.176464
0.185971
0.085908
-0.079040
-0.067189
-0.024851
-0.065321
-0.002108
-0.016408
0.013579
-0.064264
0.055113
0.137985
0.111022
-0.022342
-0.240174
-0.153495
0.064354
0.177121
0.102870
0.017717
-0.053772
-0.155184
-0.037342
0.009832
0.101706
0.005732
-0.013071
0.023147
0.018947
0.006589
-0.085634
0.032064
-0.039242
0.018119
0.044431
0.086101
-0.043786
-0.092474
0.004073
0.024922
0.020721
-0.055001
0.015665
-0.012629
-0.001203
-0.023400
-0.009396
0.009050
0.044512
0.058875
-0.030133
-0.072360
-0.029143
0.037567
0.015571
0.027766
0.007517
0.027711
0.045811
-0.025922
-0.096789
-0.072632
0.033116
0.054298
0.047440
-0.002176
-0.017859
-0.008895
0.031042
0.035390
-0.034742
-0.047785
-0.012557
0.021159
-0.009850
-0.006177
0.008587
0.023447
0.041755
0.056923
0.014965
-0.059997
-0.100822
-0.087066
0.021931
0.116799
0.095422
-0.015933
-0.064613
-0.041651
-0.014912
-0.005795
-0.019414
-0.040409
-0.030836
0.001339
0.020461
0.023244
0.031919
0.039215
-0.000406
-0.036084
-0.021833
-0.000744
0.007515
0.023541
0.041961
0.055602
0.029430
-0.015795
-0.037654
-0.011376
0.018924
0.013439
0.015260
0.011049
0.015911
0.015113
0.006574
-0.000994
0.000538
