0.022164
0.011764
0.010357
-0.038006
-0.024871
-0.004211
0.001921
0.027143
0.005997
0.031609
-0.030268
-0.009974
-0.005667
0.000204
-0.008536
0.022425
0.013207
-0.038536
0.017188
-0.011986
0.040939
-0.034944
0.026902
-0.005173
-0.039518
0.057814
0.018754
-0.028640
-0.057689
-0.012375
0.016303
-0.014998
0.066488
-0.006927
-0.000253
0.058202
-0.116218
0.120928
-0.224051
0.196501
-0.089534
-0.006423
0.243901
-0.251203
0.271158
-0.139756
0.146146
-0.221331
0.009880
0.060440
-0.113824
0.034542
-0.113603
0.275020
-0.035811
0.038527
-0.148702
-0.051843
-0.011011
0.129223
0.038228
0.015922
0.056548
-0.063396
-0.017402
-0.128700
-0.040674
-0.011292
0.218711
-0.038120
-0.005670
-0.004815
-0.026835
0.028223
-0.071017
0.013253
-0.078407
0.092431
0.020951
0.013192
-0.005091
-0.013169
-0.024458
-0.121084
0.100017
0.098213
0.046713
-0.083903
-0.095572
0.027042
0.036013
0.005119
0.004345
-0.013809
-0.011779
0.033238
0.007250
0.009375
-0.014630
-0.048193
-0.032194
0.034018
0.017432
-0.007308
0.027514
0.047902
-0.064511
-0.033107
-0.079987
0.036899
0.102331
0.027076
0.104408
-0.039941
-0.020321
-0.185494
0.005925
-0.020638
0.001157
0.086871
0.067530
0.042595
-0.077002
0.071681
-0.135944
-0.017676
0.051738
0.119327
-0.163447
-0.046820
0.105574
-0.037987
0.081292
0.000120
0.053727
-0.027567
0.038970
-0.090668
-0.103837
0.009999
-0.080708
0.060278
0.118371
0.121342
0.003811
0.009419
-0.034401
-0.141203
-0.010681
-0.045200
0.058105
-0.054078
-0.001728
0.124310
0.166057
0.027194
-0.138577
-0.175558
-0.078874
0.085125
0.042378
0.069234
0.016794
0.082807
-0.188906
-0.033489
0.027559
0.015146
0.189223
0.022758
-0.019869
-0.115077
-0.073175
-0.099754
-0.049171
0.080247
0.131621
0.173481
0.171793
-0.021885
-0.254534
-0.234378
-0.105566
-0.028162
0.071595
0.190009
0.236419
0.216635
-0.073525
-0.199589
-0.316786
-0.080367
0.148369
-0.005986
0.093047
0.000659
0.103099
-0.008610
-0.064641
-0.016642
-0.058262
-0.032496
0.112823
0.144784
0.025467
-0.101484
-0.181753
-0.028417
-0.229092
0.182684
0.145813
0.118644
0.172546
0.047628
-0.089939
-0.303432
-0.123702
-0.012463
0.066011
-0.186744
0.348970
0.189218
0.083042
0.069610
-0.191583
-0.192040
-0.180229
0.107343
-0.093631
0.071340
0.080849
0.167314
0.171216
0.024184
-0.185405
-0.198366
0.025922
-0.067011
0.040994
0.008305
0.139934
0.093392
0.004627
-0.174222
-0.202138
0.180515
0.123650
0.073217
-0.094162
-0.048763
-0.070631
-0.019590
0.099095
-0.006326
-0.004662
-0.037983
0.029948
-0.008102
0.145246
-0.055233
-0.149067
-0.075777
0.016211
0.156918
0.037389
0.025261
-0.167690
-0.020202
0.085793
0.069401
-0.027973
-0.114630
0.039744
0.063651
0.065638
-0.144802
-0.100448
0.103093
0.110203
-0.025482
-0.094780
-0.008847
0.015154
0.062416
0.024164
-0.096121
-0.075933
0.076332
0.069615
-0.017677
-0.005609
-0.022043
-0.082819
0.033213
0.068097
-0.040564
-0.049556
0.079676
0.081553
-0.118132
-0.054099
0.023053
-0.005402
0.012484
0.049858
0.062233
-0.020780
-0.175336
-0.108728
0.103169
0.065255
0.034077
0.122519
0.168148
-0.076417
-0.327445
-0.207840
0.059389
0.151465
0.029902
0.239727
0.142239
-0.082496
-0.039011
-0.084394
-0.166821
-0.254788
0.131389
0.152056
0.086511
-0.007475
0.033445
0.124627
-0.019593
-0.123265
-0.447380
0.096844
0.418965
0.141241
-0.272346
-0.170193
0.231138
0.168033
-0.034258
-0.097190
-0.014423
-0.104622
-0.180466
-0.318744
0.080943
0.391945
0.359135
-0.009112
-0.179386
-0.262217
-0.289558
0.273502
0.385220
0.033247
-0.314388
-0.260590
-0.031953
0.115940
0.304878
0.199222
-0.165087
-0.153444
-0.020926
-0.033518
-0.200288
-0.048495
-0.007525
-0.022372
0.228038
0.314959
0.408594
-0.172967
-0.346585
-0.311342
-0.135873
-0.000616
0.013639
0.231819
0.061851
0.205021
0.076466
-0.050186
-0.232368
-0.149052
0.109840
0.024636
-0.048789
-0.202226
0.040277
0.263396
0.258923
-0.009259
-0.304600
-0.175755
-0.021500
0.261644
0.091671
-0.193282
-0.319731
0.061339
0.440951
0.147352
-0.171873
-0.301354
-0.041483
0.156903
0.349329
-0.059186
-0.419471
-0.249188
0.303595
0.422419
-0.025906
-0.237289
-0.383240
0.067200
0.276317
0.315748
-0.096492
-0.288457
-0.073456
-0.182039
0.351355
0.057024
-0.115516
-0.095157
0.216100
0.107820
-0.234905
0.088386
-0.286271
-0.035389
-0.007209
0.172739
0.245461
0.245026
0.041301
-0.442452
-0.255182
-0.054125
-0.151579
-0.074034
0.333940
0.257445
0.267507
0.311191
-0.148045
-0.516547
-0.407656
0.026904
0.099718
-0.212884
0.167994
0.452152
0.341865
0.064447
-0.109166
-0.329257
-0.373338
0.026383
0.038221
-0.235379
0.153108
0.311703
0.203442
0.321139
0.018107
-0.388285
-0.569539
0.041866
0.095085
0.074241
-0.071261
0.210264
0.447704
0.176279
-0.321637
-0.524354
-0.064354
-0.036460
0.422370
-0.052610
-0.018353
0.179555
0.227614
0.000966
-0.525118
-0.167426
0.015849
0.107957
0.101994
0.209511
-0.013364
-0.017657
0.032810
-0.006996
0.076800
-0.080470
-0.432791
-0.136094
0.274488
0.326038
0.215258
-0.167023
-0.291602
-0.199719
0.152102
0.144693
0.026186
-0.083608
-0.038753
0.157893
0.148008
-0.091531
-0.380172
-0.192797
0.367938
0.338280
0.015087
-0.264491
-0.224539
0.047062
0.048133
0.217319
-0.085708
-0.158766
-0.044650
0.108013
0.263073
-0.019500
-0.183406
-0.214520
0.108376
0.139566
0.185236
-0.128352
-0.249425
-0.201046
0.129385
0.469623
-0.049462
-0.117010
-0.221198
0.226675
-0.062878
-0.107451
-0.020288
-0.094622
0.179245
0.139538
0.301719
-0.281189
-0.242211
-0.130235
0.089991
0.252363
-0.081371
-0.068404
-0.121161
0.352411
0.152007
-0.203230
-0.164119
-0.404694
0.081521
0.375108
0.498493
-0.343134
-0.359056
0.142679
0.242841
0.123560
-0.359708
-0.140635
-0.035708
0.364744
-0.068432
0.004949
-0.115728
-0.042406
0.139198
0.033577
-0.074548
-0.216464
0.189241
0.099848
0.076977
-0.211063
0.079747
0.190343
0.096283
-0.303643
-0.297981
0.222477
0.175595
-0.029631
-0.247166
0.132725
0.153735
0.000710
-0.124415
-0.005729
0.128907
-0.090935
0.001401
-0.042914
0.109774
0.037550
-0.094438
0.001169
-0.035843
-0.013949
0.067622
0.053340
-0.194553
-0.050881
0.071882
0.023383
-0.085248
0.186692
0.283529
-0.058880
-0.311137
-0.205598
0.138609
0.124082
0.035169
-0.082128
0.040773
-0.013548
-0.069924
0.070729
0.030357
0.000472
0.026225
0.021583
-0.086670
-0.056235
0.075930
0.120452
0.068657
-0.164589
-0.170662
-0.087419
0.055329
0.153433
-0.019790
-0.082999
0.024934
0.255661
0.117510
-0.058865
-0.155306
-0.161683
-0.042972
-0.001549
-0.057743
0.108091
0.309342
-0.010497
-0.237379
-0.156960
0.105822
0.082182
0.028705
-0.107315
-0.151496
0.192034
0.267125
-0.100420
-0.332502
0.073173
0.265042
0.009007
-0.200680
-0.238807
-0.069208
0.264353
0.206290
-0.152991
-0.139059
0.068058
0.255046
0.109391
-0.170661
-0.273916
-0.033853
0.181718
-0.018208
-0.048714
0.044084
0.109206
-0.053587
-0.185243
0.086440
0.196078
0.115465
-0.186160
-0.229072
-0.161660
0.084937
0.314610
-0.132537
-0.051690
0.127819
0.220009
-0.080282
-0.179720
-0.091948
0.049623
0.015650
-0.201495
0.116304
0.246062
0.147187
-0.226870
-0.249105
-0.170572
0.254636
0.317325
-0.060858
-0.419050
-0.183710
0.325052
0.318422
-0.146053
-0.160823
0.028478
0.005533
0.024045
0.042809
0.122216
-0.088556
-0.061431
-0.473311
0.054900
0.251650
0.399507
0.071086
-0.336162
-0.226199
-0.004517
0.308715
-0.120405
-0.078272
-0.100180
0.307445
-0.061865
-0.113318
-0.062119
0.158033
0.192318
-0.192395
-0.180966
-0.223648
0.165984
0.252413
0.076555
-0.112645
0.076146
0.052649
-0.153592
-0.204439
0.009862
0.068994
-0.053991
-0.060494
0.136323
0.249197
0.076763
-0.157676
-0.122724
0.013209
0.102408
0.045279
-0.175350
-0.122483
0.096058
0.175797
-0.114966
-0.143675
0.167522
0.295190
-0.054503
-0.364733
-0.115550
0.065931
0.181730
0.105164
-0.098737
0.040929
0.101320
0.025010
-0.177462
-0.080163
-0.064852
-0.004302
-0.005425
-0.004996
0.091258
0.138978
0.093315
-0.297498
-0.065983
0.252428
0.267138
-0.217746
-0.204357
0.069573
0.061937
0.016483
-0.145773
0.009644
-0.064880
0.121920
-0.060674
-0.002636
0.075712
0.049020
0.057255
-0.252555
0.016648
0.141457
0.195800
-0.253681
-0.124679
0.225489
0.126747
-0.196889
-0.278218
0.089843
0.088554
0.117685
-0.050423
-0.051756
-0.068155
0.143489
0.003012
0.007716
-0.120255
0.045471
0.108747
-0.262654
0.107312
0.255491
0.227519
-0.458881
-0.125954
0.043159
0.075881
-0.045320
-0.114781
0.109445
-0.139928
0.449456
-0.031853
-0.219427
0.097500
0.280745
0.065471
-0.369478
-0.192959
-0.108381
0.017267
0.096330
0.281454
0.178209
0.130195
-0.098098
-0.271979
-0.341004
-0.029136
0.186060
-0.017810
0.048273
-0.147901
0.292239
0.389131
0.167307
-0.282482
-0.380942
-0.035274
-0.000002
-0.013183
-0.169476
0.182552
0.216608
0.110961
-0.077648
-0.159726
-0.000252
0.045451
0.028453
-0.128917
-0.059920
0.141764
0.266088
0.090319
-0.323254
-0.287456
-0.040048
0.139049
0.207392
0.188476
-0.056431
-0.265170
0.002715
0.106727
0.063319
-0.124129
0.034142
-0.052250
-0.039533
0.000910
0.024038
0.087670
0.067036
0.064460
-0.105329
-0.151836
-0.104638
0.249191
-0.091530
-0.139741
0.086740
0.350738
0.131985
-0.081968
-0.127831
-0.242333
-0.075927
-0.088074
0.083359
0.096847
0.213393
0.057691
-0.089580
-0.218906
-0.081312
0.131627
0.363310
0.118161
-0.258798
-0.302150
-0.170254
0.219655
0.213820
0.134233
-0.142477
-0.040553
-0.054080
-0.105181
-0.062536
0.093427
0.180151
0.044202
-0.069057
-0.126879
0.083500
0.069142
0.018007
-0.139519
-0.048380
0.063979
0.034717
0.119245
0.012050
-0.103579
-0.095887
-0.050502
0.094387
0.152481
0.003146
-0.049040
-0.144285
-0.035773
0.187713
0.051830
-0.112100
-0.160448
-0.006991
0.092415
0.063197
0.066694
0.135648
-0.032470
-0.130079
0.068952
0.017034
-0.118950
-0.179075
0.094498
0.123992
-0.013583
-0.057360
-0.033191
0.026691
0.101060
0.063920
-0.008049
-0.094994
-0.140412
0.058754
0.148830
0.019772
-0.104001
0.230472
-0.044731
-0.340842
-0.228662
0.050075
0.389076
0.361913
-0.057802
-0.415938
-0.157098
0.168000
0.103505
-0.080182
0.240419
-0.016990
-0.116967
-0.190140
-0.087305
0.087284
0.175846
0.102978
-0.204465
0.118212
-0.068468
0.076347
-0.034157
0.000979
-0.152282
-0.013714
0.076362
0.078970
0.320647
-0.090412
-0.137490
-0.199285
0.157835
0.004618
-0.036136
-0.034672
-0.018617
0.195371
0.033096
-0.076832
-0.129246
0.163205
0.131054
-0.062541
-0.219599
-0.184971
0.145898
0.252018
0.145718
-0.219111
-0.260390
0.051784
0.162615
-0.002422
-0.093364
0.072930
0.097712
0.098437
-0.076121
-0.339353
-0.083152
0.373903
0.183875
-0.132045
-0.164932
-0.037559
0.062636
-0.009232
0.033077
0.035114
0.073096
-0.003305
-0.153706
-0.031539
0.033348
0.072548
0.063381
0.018625
-0.189696
-0.041497
0.247746
0.177030
-0.029362
-0.484630
-0.215138
0.115779
0.520787
0.311313
-0.191787
-0.353269
-0.334605
0.071352
0.079024
0.296964
-0.013881
-0.075508
-0.015045
0.164996
0.128762
-0.162813
-0.193680
-0.348397
-0.004177
0.146639
0.417496
0.130396
-0.168219
-0.146995
-0.045585
0.096068
-0.200700
-0.139335
-0.015438
0.233759
0.266108
0.116031
-0.094681
-0.216434
-0.165106
-0.042159
0.252392
0.034333
-0.246568
-0.079175
0.150090
0.221179
0.061907
-0.107095
-0.193297
-0.149013
0.048385
0.039811
0.210743
0.077663
-0.065991
-0.104326
-0.074755
0.027813
-0.114485
-0.025468
0.186961
0.003911
-0.080052
0.030532
0.184056
-0.088341
-0.118213
0.023375
-0.327503
0.107853
0.251848
0.286753
-0.209794
-0.152120
-0.145302
-0.034310
0.210863
-0.033143
0.079633
-0.148116
0.010018
-0.103425
0.223545
0.104070
-0.212291
-0.098361
0.058481
0.079961
-0.100460
0.079547
0.035373
-0.010296
0.007696
0.087474
-0.006254
-0.141017
-0.126929
-0.067080
0.035137
-0.024796
0.278811
0.145949
-0.189432
-0.146886
-0.011559
0.149974
-0.011115
-0.065125
-0.129217
-0.105977
-0.081713
0.250642
0.076481
-0.036300
0.073496
0.064340
-0.013699
-0.200920
0.073005
-0.361914
-0.048893
0.024918
0.094576
0.344182
0.310953
-0.002027
-0.602843
-0.093977
-0.137461
0.115224
0.056508
0.181901
0.119375
-0.109906
-0.035983
-0.241345
0.189991
0.114550
0.036223
-0.217572
-0.068011
0.124056
0.111911
0.105116
-0.130892
-0.187667
-0.065953
0.180289
0.163907
-0.014408
-0.136902
-0.180862
-0.017794
0.110224
0.203977
-0.006861
-0.141371
-0.087529
-0.062167
0.071348
-0.035654
0.202004
-0.019726
0.120560
0.059549
0.078846
-0.135698
-0.215737
-0.098874
-0.225010
0.077742
0.037318
0.411985
0.099664
0.073326
-0.141765
-0.073512
-0.124186
-0.155585
-0.029309
-0.051359
0.219654
0.054683
0.199032
-0.013852
-0.032031
-0.087430
-0.099904
-0.126485
-0.045459
0.098585
0.085578
0.094164
-0.032531
-0.019828
0.006401
-0.097214
-0.059479
0.073611
0.123949
0.050293
0.019364
0.018433
-0.182421
-0.096024
0.061672
0.069167
-0.083620
-0.073143
0.118915
0.166094
0.051976
-0.133019
-0.061228
-0.053529
-0.118639
0.073159
0.214603
0.087024
-0.294132
-0.115135
0.125970
0.226794
0.136892
-0.021523
-0.228313
-0.277388
0.069494
0.185680
0.118646
-0.199091
-0.058911
0.077548
0.247495
-0.017320
-0.194956
0.004244
-0.104637
0.038740
0.163982
0.050107
-0.113381
-0.023055
0.027244
-0.064059
0.140310
-0.027386
-0.216950
-0.001542
0.165018
0.187899
-0.080608
0.087740
-0.199134
-0.153999
0.026372
0.114888
0.045821
-0.026037
0.135652
-0.134839
0.115874
0.011058
-0.028658
-0.187628
0.027229
0.050341
0.002589
0.051713
-0.117934
0.045234
0.028018
0.121595
0.078049
0.048803
-0.167347
-0.382129
-0.212172
0.411696
0.326769
0.130125
-0.112001
-0.054552
-0.074657
-0.118964
0.035757
-0.199923
-0.055938
-0.181182
0.371394
0.278325
0.238508
-0.096793
-0.534188
-0.165594
-0.123259
0.434079
0.376387
0.264442
-0.352880
-0.251178
-0.053321
-0.232267
0.075719
-0.279006
0.273546
0.430110
0.343819
-0.216321
-0.347723
-0.079716
-0.052493
0.169299
-0.192688
0.108292
0.175855
0.105255
-0.133374
-0.213971
-0.168958
0.138667
0.240557
-0.084482
0.045140
0.080744
0.002232
-0.064372
-0.153380
-0.188208
0.080752
-0.037626
0.266992
0.276962
0.018199
-0.155128
-0.200397
-0.145325
-0.151465
0.147350
0.038037
0.197533
0.034454
-0.003877
-0.050263
-0.011515
-0.088799
-0.083648
0.202282
0.015367
0.080699
-0.118004
0.003469
-0.182824
0.045578
0.138968
0.102774
0.075465
-0.492481
0.087122
0.026142
0.269340
0.102684
-0.097114
-0.026749
-0.067165
0.211641
-0.027651
-0.015332
-0.513969
-0.174294
0.141297
0.231888
0.535095
0.294674
-0.004218
-0.656889
-0.523955
-0.104501
-0.012172
0.500857
0.172337
0.111379
0.261635
0.212893
-0.174576
-0.492684
-0.223456
-0.271434
0.098598
0.145116
0.407035
0.361610
-0.006800
-0.450709
-0.351475
0.143870
0.141094
0.107465
-0.142676
-0.042152
0.099827
0.314433
-0.229222
-0.327581
0.115301
0.179939
0.089259
-0.069894
-0.148103
-0.135287
0.104328
0.023781
0.111071
-0.039949
0.121287
0.014883
-0.060632
-0.022038
0.031515
0.134780
-0.123346
-0.156526
-0.216376
0.146838
0.259672
0.070048
-0.167644
-0.104271
0.070094
-0.146541
0.045423
-0.086183
0.015986
0.378106
-0.045600
-0.003698
-0.050612
-0.056339
-0.200173
-0.074357
0.151725
-0.096093
0.070382
-0.038497
0.165101
0.167206
0.106495
-0.279350
-0.312289
0.270125
-0.013800
0.047055
-0.069126
-0.088027
-0.125835
0.092987
0.232919
-0.051917
0.075450
-0.269851
-0.036773
0.040839
0.270658
-0.119401
-0.248427
0.106627
-0.039102
0.176812
0.045112
0.059545
-0.114161
-0.098523
-0.041640
-0.162338
-0.257794
0.176688
0.296220
0.312373
0.184583
0.064807
-0.250517
-0.259936
-0.240581
-0.238850
-0.286209
-0.144810
0.755559
0.427559
0.414880
-0.194274
-0.296463
-0.389857
-0.193162
0.079742
-0.088446
0.115655
-0.035112
0.431828
0.172608
0.072366
-0.383129
-0.247845
-0.038696
0.047921
0.105701
-0.045098
0.065901
-0.311622
0.275507
-0.052918
0.133708
0.204315
0.119013
0.037023
-0.423644
-0.005109
-0.431606
0.195598
-0.197138
0.049438
0.585742
0.102974
0.108458
-0.257392
0.185111
-0.331535
-0.170693
-0.056107
-0.035331
-0.000772
-0.056480
0.461961
0.249387
0.191784
-0.395143
-0.357502
-0.252753
0.062898
0.124087
0.107245
0.294113
-0.090807
-0.030769
-0.100587
0.065217
-0.036463
0.003560
-0.113509
-0.200242
-0.051708
0.267278
0.318520
0.089009
-0.068396
-0.360403
-0.234696
0.041218
0.329175
0.085368
-0.075752
-0.201907
-0.084846
0.106939
0.311660
0.106028
-0.335430
-0.155639
-0.093683
0.166610
0.131419
0.080145
-0.057996
-0.177497
-0.061318
0.005901
0.322823
-0.013940
-0.162879
-0.034772
0.095024
0.119302
-0.108579
-0.042008
-0.278080
0.039092
0.065636
0.306405
-0.016140
-0.039059
0.007249
-0.328107
0.073471
0.158313
0.354330
-0.237787
-0.028596
-0.241276
0.014053
-0.104746
-0.020864
0.208933
0.175372
0.196965
-0.276705
0.074167
-0.276777
0.018438
-0.103754
0.299851
-0.073492
0.042390
-0.052101
-0.115513
0.217963
-0.035682
0.240529
-0.455047
-0.011793
-0.013715
0.388010
-0.060658
-0.077542
-0.094377
-0.232624
0.379304
-0.215728
0.136110
-0.140871
0.209477
-0.073900
-0.211973
0.359789
-0.169344
-0.005818
-0.194836
0.210319
0.125245
-0.007759
0.036581
-0.538574
0.003000
0.115149
0.316136
0.301376
0.116482
-0.182505
-0.424917
0.140452
-0.236874
0.119790
-0.165164
-0.096342
0.446048
0.198891
0.220170
-0.348341
0.016724
-0.295720
-0.007541
-0.153661
0.111638
-0.037773
-0.073041
0.477143
-0.171542
0.361606
-0.045796
0.035189
-0.460952
-0.109890
-0.254632
0.135826
0.293944
-0.050805
0.407033
-0.024685
0.108375
-0.610653
0.112655
-0.022511
-0.104412
-0.039533
0.232436
0.515178
-0.080692
-0.123483
-0.276520
-0.530048
-0.257371
0.540240
0.191058
0.329513
0.321171
0.103517
-0.336891
-0.595506
-0.293303
-0.236253
0.300455
0.362149
0.404786
0.283938
0.109686
-0.281560
-0.575426
-0.354987
-0.085462
0.336712
-0.044875
0.013653
0.433191
0.129323
-0.038096
0.163692
0.115707
-0.160351
-0.508282
-0.224451
-0.160011
0.036180
0.365198
0.362185
0.244156
-0.018826
-0.059076
-0.285424
-0.192536
-0.253165
-0.208754
0.018650
0.580226
0.384217
0.028550
-0.121009
-0.282409
-0.174140
-0.170506
0.264769
-0.223758
-0.047697
0.287573
0.133802
0.246457
0.006170
-0.031379
-0.549774
0.055566
-0.095250
0.052975
0.138406
-0.182820
0.455915
0.244146
0.272918
-0.705064
-0.122883
-0.149384
-0.035107
0.176763
0.060188
0.385836
-0.032907
0.144533
-0.495772
-0.094042
-0.033747
0.223228
0.125507
-0.186386
0.053252
-0.047867
0.212794
-0.069545
-0.029930
-0.019210
-0.232207
0.120825
0.063329
0.089170
0.045108
0.119207
0.042109
-0.156054
-0.205676
-0.150472
0.071021
-0.310662
0.343955
0.198346
0.199797
0.245935
0.056944
-0.197677
-0.536085
-0.076715
-0.127500
-0.011067
0.075782
0.449711
0.282821
0.221377
-0.115026
-0.481455
-0.276308
-0.091634
0.282694
-0.291968
0.037392
0.358611
0.184450
0.124520
0.046023
0.156390
-0.268801
-0.434227
-0.306600
-0.038754
-0.066304
0.391116
0.759377
0.346202
-0.382215
-0.652274
-0.248874
0.036100
0.231307
0.181661
-0.005054
-0.063767
0.082228
0.201498
-0.193006
-0.245975
-0.103679
0.177657
-0.003655
-0.045994
0.264627
-0.116759
0.030273
-0.033034
0.155403
-0.156334
0.067574
-0.255136
-0.102287
0.075546
-0.192369
0.401448
0.283842
0.372053
-0.425614
-0.284909
-0.350981
-0.017328
0.132193
0.229331
0.293329
-0.012906
-0.123721
-0.479466
0.234784
-0.099887
0.219889
0.124842
0.035594
-0.249872
-0.108298
0.272344
-0.140267
0.187673
-0.093212
0.087668
-0.176947
0.141219
-0.022207
-0.164962
-0.174515
-0.075249
0.304133
-0.054688
0.239863
-0.205133
-0.058413
0.047944
0.408022
0.167262
-0.322299
-0.309381
-0.516072
-0.035050
-0.209090
0.526005
0.621663
0.123827
-0.033709
-0.054633
-0.109214
-0.443326
-0.185639
-0.174196
-0.102928
0.090227
0.569425
0.450179
0.087215
-0.282967
-0.455136
-0.216997
-0.018334
0.078329
0.124923
0.185050
0.015367
0.041516
-0.051988
-0.124107
-0.146198
0.173871
0.152715
-0.201646
-0.169318
0.100967
0.129942
0.106023
0.074130
-0.194024
-0.239298
0.017293
0.272170
0.114388
-0.099269
-0.201722
-0.105756
0.044664
0.212402
0.050391
-0.023178
-0.151879
-0.116764
0.026554
0.113281
0.107161
-0.016147
-0.072879
-0.255900
0.094292
0.273813
0.148467
-0.274445
-0.234038
0.054730
0.169870
0.126261
-0.006577
-0.065527
-0.121607
-0.061163
0.055639
0.080492
-0.089991
-0.012270
0.054357
0.037255
-0.075590
-0.006973
-0.009557
0.003051
-0.037396
0.067811
-0.027392
0.010763
0.038821
-0.113165
0.011466
0.057934
0.061274
-0.151425
-0.003467
0.000395
0.085998
0.035500
0.019077
-0.035706
-0.108929
0.015345
0.025478
0.100874
-0.068751
-0.006194
0.042070
-0.134419
-0.092039
0.158678
0.110383
-0.096841
-0.075378
0.054422
0.059692
0.027145
0.007830
-0.071543
-0.113194
0.034598
0.054393
-0.018260
0.121102
0.119142
-0.122693
-0.220727
0.060395
0.063832
0.015139
-0.001688
0.003553
0.022393
-0.086940
-0.027486
-0.003168
0.162008
0.013415
-0.003468
0.092441
-0.082705
-0.110506
-0.022541
0.002488
-0.036472
0.120588
0.045010
0.033330
0.095047
-0.099547
-0.169218
-0.028574
0.038961
0.031208
0.133563
0.066700
-0.085868
-0.335967
0.198482
-0.150171
0.005893
0.425342
0.040182
0.088753
-0.195458
0.107600
-0.551688
0.025549
-0.180331
0.052590
0.370770
0.029477
0.336180
0.241216
0.148834
-0.692534
-0.293662
-0.394802
0.337175
0.154066
0.149457
0.302463
0.199556
0.051732
-0.538316
-0.251781
-0.252768
0.365451
0.111661
0.135831
-0.013093
0.050949
0.024653
-0.166208
-0.101340
-0.063270
0.132020
0.038989
0.073385
-0.050910
0.065918
-0.066851
-0.020686
-0.131067
-0.036923
0.089379
0.078873
0.072690
0.023996
0.005015
-0.128036
0.024833
-0.029719
-0.008649
-0.086960
0.024775
0.105377
-0.019569
0.020584
-0.029309
-0.010389
0.025070
-0.044844
0.009100
0.042637
0.043182
0.046536
-0.088897
-0.046431
-0.127188
0.094049
0.091884
0.033350
0.066202
-0.068675
-0.013105
-0.214793
-0.091580
0.089672
0.125787
-0.018136
0.151775
0.241998
-0.171569
-0.296296
-0.207024
-0.120050
0.103454
0.183366
0.207789
0.327131
0.169458
-0.167108
-0.540007
-0.211901
-0.111664
-0.060213
0.280069
0.222887
0.277156
0.265679
0.196047
-0.538435
-0.369016
-0.298595
-0.258731
0.452343
0.106576
0.259674
0.361228
0.258485
-0.333932
-0.542489
-0.242898
-0.050430
0.201725
0.073163
0.088195
0.282068
0.189136
-0.230153
-0.228925
-0.080783
0.159974
-0.154596
0.018098
0.115498
-0.126981
0.228736
0.029610
0.052077
-0.170999
-0.132343
-0.138090
0.019085
0.331519
0.104483
0.083120
-0.136017
-0.118238
-0.242740
0.047749
-0.082748
0.204850
0.263921
-0.111735
0.101193
-0.008443
-0.080782
-0.161389
-0.045079
-0.128171
-0.020772
0.052161
0.227748
0.196336
0.339266
-0.059431
-0.384365
-0.350387
-0.145301
0.025528
0.057820
0.304204
0.026363
0.258165
0.069546
0.115223
-0.101572
-0.173073
-0.282377
-0.314736
0.012378
0.104606
0.354940
0.186150
0.209218
-0.170983
-0.145385
-0.100992
-0.086095
0.016861
-0.067624
0.138166
-0.052644
-0.004500
0.162088
0.142025
0.011850
-0.117183
-0.097506
-0.259041
-0.118778
0.121979
0.322165
0.169773
-0.008245
-0.203501
-0.235629
0.163157
0.203977
0.133462
-0.229942
-0.236036
-0.185554
0.053793
0.263348
0.182052
0.063881
-0.044457
-0.031628
-0.242838
0.073484
0.043288
-0.000109
-0.002190
-0.107602
-0.094778
0.060645
0.338656
0.045824
-0.135130
-0.126860
-0.064567
-0.019744
0.117497
0.065860
-0.044151
-0.011236
-0.072404
0.006225
-0.002258
0.133188
0.034619
-0.065006
-0.132353
-0.071651
0.176915
0.107104
-0.017459
-0.132074
-0.054144
-0.016860
0.103769
0.026256
-0.007891
-0.078101
-0.050929
0.078662
-0.047113
-0.030027
0.021644
0.173266
-0.014615
-0.122922
-0.075001
-0.035305
0.168187
0.015251
-0.106464
-0.077482
0.025491
0.119599
-0.052957
-0.083310
-0.037266
0.145276
0.000935
-0.052929
-0.002145
0.078948
0.066164
-0.184080
-0.049913
-0.043780
0.151346
-0.009176
-0.032983
-0.012965
0.060111
0.070114
-0.126904
-0.044358
0.023487
0.153085
-0.036756
-0.083584
-0.119178
0.099114
0.074865
-0.033452
-0.015019
-0.008091
0.052755
-0.040229
0.029764
-0.008908
-0.033379
-0.121290
0.060391
0.137846
0.076353
-0.064384
-0.162767
-0.017346
-0.010099
0.129259
0.032420
-0.038228
-0.033082
0.050052
0.007351
-0.129312
-0.011643
0.024056
0.119855
-0.015976
-0.013364
-0.007444
-0.005814
0.005649
-0.099872
-0.028371
-0.018967
0.134050
0.078343
-0.026870
-0.011689
-0.036707
-0.069732
-0.101494
0.012588
0.135343
0.069314
-0.043678
-0.145309
-0.052572
0.178395
0.046765
-0.111216
-0.152100
0.126838
0.120602
-0.089200
-0.061015
-0.068641
-0.001791
-0.046854
0.091211
0.060847
0.051698
0.004119
-0.113831
-0.036193
0.062368
0.155085
-0.049406
-0.244450
-0.112590
0.106229
0.127622
-0.032827
-0.083372
0.133874
0.099225
-0.057003
-0.131554
0.001396
0.007113
-0.022760
0.032155
0.012468
0.020823
-0.091804
0.019520
0.069511
0.058333
-0.033248
-0.076637
-0.066643
0.048315
-0.009333
0.038866
0.031394
-0.002338
-0.022548
-0.151388
0.074241
-0.010167
0.132765
-0.058146
-0.143951
0.096738
0.209407
0.016234
-0.211287
-0.089237
0.026194
0.078897
-0.077870
0.019226
0.032602
0.098363
0.031241
-0.129858
-0.133119
0.053839
0.118840
-0.038384
-0.017562
-0.026730
0.131043
-0.034534
-0.172825
0.040292
0.056160
0.171425
-0.124912
-0.150562
-0.022875
0.087637
0.224854
-0.083036
-0.019130
-0.098602
-0.002044
-0.029969
-0.064155
0.116609
0.024869
-0.033662
-0.025154
0.100083
0.011222
-0.021228
-0.083189
-0.077578
0.129641
0.068291
-0.069914
-0.188343
0.003955
0.244281
0.123014
-0.028597
-0.121445
-0.084188
0.011451
0.063447
0.023124
-0.009484
-0.119821
0.041213
0.064686
0.012195
0.028717
-0.047028
0.090370
0.040094
-0.066928
-0.088867
-0.010080
0.027578
0.042339
-0.052380
-0.024057
0.064891
0.109526
0.041876
-0.132358
-0.131058
-0.013878
0.094709
0.122525
0.025772
-0.079302
0.013052
0.033533
-0.116159
-0.188146
0.083715
0.175393
0.029286
0.038017
0.107047
0.000342
-0.154771
-0.192727
-0.047457
-0.015433
0.036474
0.229181
0.164175
0.029387
-0.213662
-0.182255
-0.015921
0.074356
0.063479
-0.024042
-0.020630
0.011613
0.051944
-0.000567
-0.024396
-0.051400
0.012065
0.012773
-0.044205
-0.020601
0.010462
0.038643
-0.000761
-0.021209
-0.013982
0.047433
0.045479
-0.010979
-0.064484
-0.073391
-0.062630
-0.017417
0.100957
0.023057
-0.041902
-0.026081
-0.007478
0.028570
0.001439
-0.001774
-0.046744
-0.032788
0.034846
0.072785
0.079156
0.025111
-0.009130
-0.032105
-0.004276
0.003445
-0.012394
-0.011496
0.017063
0.049945
0.040325
-0.001527
-0.036621
-0.019383
0.011011
0.021729
0.011081
0.005971
0.007224
0.012926
0.007365
0.003254
-0.004108
0.003952
