0.013347
-0.000305
0.006734
0.004901
-0.006461
0.014023
0.018557
-0.012874
-0.041599
-0.037469
-0.012086
0.014623
0.037952
0.030302
0.003305
-0.018035
-0.012479
0.003404
0.005124
0.008014
0.010061
-0.000633
-0.023086
-0.030342
-0.025018
-0.005776
0.031924
0.058755
0.043649
-0.007182
-0.053527
-0.064820
-0.029981
0.033650
0.063040
0.021751
-0.033433
-0.037161
-0.003843
0.004545
0.004531
0.025186
0.033071
0.025026
-0.016170
-0.073617
-0.073507
-0.007796
0.064261
0.063513
0.011513
-0.025143
-0.010103
0.011788
0.003153
-0.023374
-0.050354
-0.006820
0.062810
0.050139
-0.033848
-0.071589
-0.028655
0.038004
0.082294
0.056492
-0.026084
-0.087552
-0.066615
0.004748
0.053283
0.053704
0.010204
-0.031652
-0.041646
-0.007479
0.041174
0.046454
0.005697
-0.047264
-0.055370
-0.007906
0.036189
0.030004
0.011556
-0.007483
-0.021105
-0.003343
0.011935
0.005565
0.003987
0.007507
-0.011339
-0.028217
-0.008566
0.025550
0.031586
-0.005459
-0.050637
-0.033822
0.036781
0.076049
0.056906
-0.008715
-0.088692
-0.100042
-0.018603
0.065242
0.070757
0.022462
-0.018011
-0.022927
-0.001861
0.013569
-0.011677
-0.039172
-0.006379
0.031897
0.009767
-0.012377
0.009064
0.019616
0.007081
-0.004021
-0.007212
-0.008968
-0.016452
-0.041552
-0.050680
0.001120
0.079340
0.095547
0.024255
-0.072637
-0.112859
-0.054472
0.042489
0.082508
0.033759
-0.024515
-0.031688
-0.019561
0.004706
0.015615
-0.014892
-0.024151
0.016385
0.029357
-0.015429
-0.042007
-0.026545
0.012694
0.034170
0.021781
0.017693
0.011447
-0.028472
-0.072221
-0.059590
0.007798
0.056838
0.062026
0.032328
-0.023119
-0.050761
-0.035236
-0.009007
-0.018817
-0.012460
0.042199
0.060373
-0.003690
-0.049492
-0.018554
0.010815
-0.008019
-0.039135
-0.007552
0.038589
0.044676
0.007900
-0.052453
-0.055947
0.026919
0.069878
0.015251
-0.051177
-0.057861
-0.005211
0.036371
0.019839
0.007707
0.032949
-0.000965
-0.062400
-0.046079
0.009985
0.045758
0.051991
0.006755
-0.060426
-0.063621
0.002030
0.058554
0.054144
-0.010995
-0.069561
-0.059103
0.018739
0.089658
0.060781
-0.048914
-0.102543
-0.051872
0.027512
0.071941
0.054861
-0.001334
-0.038942
-0.028660
-0.018407
-0.022914
-0.008475
0.014716
0.018456
0.022314
0.023498
0.006762
0.001870
-0.026515
-0.074425
-0.064504
0.007968
0.083547
0.090577
0.007619
-0.063839
-0.049407
-0.013544
-0.001633
-0.001617
0.001945
0.008414
0.006597
-0.000212
0.010838
0.008965
-0.013590
-0.014418
0.002139
0.000692
-0.009838
-0.030189
-0.043999
0.026104
0.055108
0.020389
0.035103
0.005529
-0.077604
-0.091612
-0.018791
0.048256
0.064210
0.030279
-0.014882
-0.035679
-0.028531
-0.014441
-0.017022
0.011993
0.053476
0.038222
-0.036814
-0.074997
-0.033121
0.022841
0.045878
0.021368
-0.029436
-0.032450
0.007230
0.011689
-0.009647
-0.012266
0.001837
0.023122
-0.000292
-0.045407
-0.031643
-0.008416
0.031285
0.057671
0.002718
-0.036143
0.009860
0.014173
-0.005634
-0.006923
-0.047247
-0.046346
0.012128
0.041286
0.030596
0.025460
0.006372
-0.019621
-0.026194
-0.012683
-0.024813
-0.026628
0.020334
0.044700
0.020174
-0.029075
-0.037514
0.007120
0.039771
0.013997
-0.024348
-0.042323
-0.024616
0.028871
0.029324
0.000232
0.008628
0.018211
-0.008629
-0.050880
-0.024522
0.031882
0.042812
0.007978
-0.014356
0.012716
0.014720
-0.020120
-0.059712
-0.056106
0.002591
0.087157
0.101151
0.026095
-0.032869
-0.069331
-0.083463
-0.028583
0.055925
0.068049
0.029829
-0.030739
-0.037926
0.034566
0.053193
-0.011690
-0.070852
-0.046870
0.023375
0.064168
0.041775
-0.030156
-0.043662
0.014293
0.034241
0.007797
-0.024738
-0.022062
-0.000152
0.031551
0.026139
0.009468
0.000489
-0.012100
-0.025325
-0.039163
0.019442
0.055851
0.034662
0.000977
0.009639
-0.005746
-0.035122
-0.022484
-0.012951
0.005375
0.039075
0.030332
-0.002409
-0.001519
-0.001070
-0.010454
-0.032986
0.021954
0.050322
-0.012432
-0.006626
0.046022
0.009340
-0.032588
-0.037966
-0.013223
0.025935
0.055747
0.047670
0.000591
-0.019849
-0.045584
-0.042247
-0.027360
0.060399
0.067902
0.020569
0.060936
0.015362
-0.069837
-0.065130
-0.031302
-0.030258
0.031098
0.095008
0.068916
-0.015311
-0.053512
-0.044566
-0.031424
0.000604
0.027419
0.053034
0.055164
0.010717
-0.053019
-0.075587
-0.030345
0.046741
0.063942
0.023834
-0.006040
-0.034018
-0.015781
0.025704
0.015672
-0.014195
-0.037147
-0.013597
0.031646
0.040536
0.008644
-0.027043
-0.035172
0.003278
0.057143
0.058982
-0.000529
-0.089451
-0.086817
-0.014755
0.069115
0.095014
0.034290
-0.034363
-0.056066
-0.031025
-0.016221
0.024520
0.041180
0.002504
0.001915
0.017368
-0.001082
-0.029162
-0.040587
-0.029970
0.011512
0.056269
0.020895
-0.007008
-0.022050
0.006021
0.048161
0.020653
0.006719
-0.015226
-0.049198
-0.065554
-0.024359
0.054212
0.054410
0.018949
0.007717
-0.012913
-0.000513
-0.024345
-0.059903
-0.028212
0.075897
0.142895
0.024398
-0.134744
-0.141936
-0.006387
0.125702
0.135488
-0.011099
-0.130989
-0.087206
-0.001209
0.049331
0.046089
0.035799
0.030525
0.040750
0.015342
-0.064319
-0.093903
-0.076827
-0.020554
0.066137
0.098958
0.058026
-0.019978
-0.111946
-0.076468
0.044544
0.062822
0.060157
0.017371
-0.055743
-0.047821
-0.007755
-0.012602
-0.033147
-0.015596
0.047897
0.110932
0.034925
-0.078798
-0.115942
-0.063844
0.011238
0.102117
0.104123
-0.023970
-0.084917
-0.026438
0.071639
-0.007436
-0.079571
-0.036217
0.012546
0.026634
-0.039633
-0.044330
0.018614
0.078542
0.055896
-0.020969
-0.058097
-0.031256
0.026620
0.072230
0.012405
-0.094026
-0.113706
-0.045459
0.050348
0.087889
0.000523
-0.087202
0.033621
0.068046
0.019126
0.059864
0.030397
-0.117221
-0.155192
-0.021406
0.057875
0.043783
-0.047850
-0.005216
0.078612
0.062957
-0.037512
-0.121917
-0.112166
-0.014882
0.233268
0.198901
-0.075924
-0.214506
-0.169716
-0.005078
0.149485
0.095896
0.004544
0.003323
-0.092433
-0.112008
-0.098559
0.044012
0.176597
0.059462
-0.000197
0.031969
-0.004209
-0.087870
-0.123328
-0.127967
-0.020344
0.152565
0.187377
0.056296
-0.089851
-0.136307
-0.099273
-0.008738
0.072987
0.026939
-0.022295
0.004777
0.014491
0.005151
0.045117
0.031492
-0.041765
0.023735
-0.058428
-0.145882
-0.037745
0.082774
0.131315
0.055186
-0.122216
-0.240724
-0.121709
0.198265
0.343706
0.120520
-0.155410
-0.193415
-0.111842
-0.033927
0.117383
0.075813
-0.042452
-0.055432
0.003652
0.044378
0.019744
-0.070773
-0.081609
0.058661
0.078583
0.059353
-0.017243
-0.077123
-0.033425
-0.027390
-0.026439
-0.049355
0.058910
0.209280
0.072855
-0.129627
-0.231902
-0.137911
0.104370
0.229831
0.124853
-0.195827
-0.243536
0.056407
0.197510
0.143270
-0.015934
-0.095378
-0.116032
-0.068799
0.124247
0.015544
-0.141479
-0.077049
0.127004
0.187577
0.022833
-0.193614
-0.256194
0.099770
0.263485
0.140155
-0.073367
-0.101975
-0.111868
-0.119968
0.026483
0.038043
0.111375
0.029444
0.003535
0.091040
0.008564
-0.151631
-0.211299
-0.074763
0.105907
0.219759
0.134136
-0.021682
-0.175926
-0.193314
-0.031214
0.171364
0.227409
0.027499
-0.163026
-0.289015
-0.048629
0.216593
0.154877
-0.002720
-0.123938
-0.001104
0.080619
-0.027314
-0.097154
0.011999
0.013731
0.027102
-0.002927
-0.085765
0.024987
0.066181
0.028791
-0.086943
-0.016506
0.101718
0.007661
-0.112074
-0.100205
0.029817
0.086026
0.119771
0.026509
-0.100948
-0.101624
0.013193
0.050936
0.046296
-0.041208
-0.140038
-0.023604
0.047608
0.153084
0.056608
-0.032913
-0.045318
0.020399
0.053996
-0.090227
-0.183414
-0.080306
0.090446
0.145430
0.248252
0.043996
-0.148636
-0.171463
-0.158308
-0.096413
0.122496
0.268184
0.170066
-0.051689
-0.144765
-0.117288
-0.079146
0.080107
-0.008694
0.035035
0.023489
0.164562
0.104659
-0.132154
-0.152995
-0.110677
0.107811
0.043885
0.127961
0.027685
0.005819
-0.040590
-0.132580
0.041477
0.075486
0.094933
-0.099333
-0.039286
-0.000550
-0.019479
0.027892
0.054625
0.188413
0.062102
-0.090684
-0.257367
-0.054974
0.161336
0.204327
-0.094250
-0.291217
0.119039
0.409812
0.308489
-0.222882
-0.673831
-0.380198
0.337783
0.702629
0.430437
-0.448006
-0.470025
0.017232
0.422418
0.078657
-0.399559
-0.199433
0.074559
0.387495
0.214435
-0.023471
-0.252206
-0.077514
0.026981
-0.091643
-0.035777
0.088021
0.246139
0.179478
-0.014678
-0.224027
-0.373802
-0.051043
0.337217
0.244687
-0.003212
0.034453
0.074230
-0.073335
-0.063456
-0.277001
-0.206872
0.011693
0.374822
0.453764
0.041944
-0.210082
-0.384728
-0.060507
0.094152
0.125966
0.006376
-0.030465
0.230264
0.146617
-0.160142
-0.339298
0.065881
0.035208
-0.086496
0.015295
0.104753
0.341571
0.217409
-0.134237
-0.524565
-0.282101
0.074442
0.250647
0.181423
0.052361
0.213300
0.140500
-0.178145
-0.364622
-0.270328
-0.006899
0.251406
0.187780
0.068752
0.061906
0.058390
-0.059882
-0.140778
-0.202682
-0.056130
0.059156
0.161487
0.121946
-0.112458
-0.049660
0.132078
0.071426
-0.055896
-0.139400
-0.048725
0.045190
-0.069215
0.049811
0.034000
-0.049437
0.005169
0.164396
0.050020
-0.001916
-0.218386
-0.146116
-0.036607
0.084707
0.249586
0.053289
0.041791
-0.165090
-0.006450
-0.078537
-0.189671
-0.131481
0.106190
0.246025
0.283197
0.267391
-0.302001
-0.521322
-0.266452
0.196902
0.337911
0.206494
-0.214399
-0.376744
-0.022917
0.331946
0.262903
-0.226549
-0.331172
-0.094490
0.276327
0.360047
0.016552
-0.376269
-0.280218
0.170020
0.246754
-0.005162
-0.184153
-0.092570
0.083203
0.201013
0.093549
-0.257404
-0.114831
0.075658
0.124423
0.056111
-0.132402
-0.051324
0.058415
0.040713
-0.168122
-0.017614
0.117214
0.229811
0.079709
-0.332777
-0.237909
-0.001794
0.331029
0.142488
-0.135499
-0.088458
-0.064674
0.134715
0.039877
-0.107340
-0.104022
0.039506
0.128360
0.050498
-0.109400
-0.121613
0.053556
0.096350
0.182056
-0.087149
-0.208404
-0.097143
0.027683
0.189285
0.186111
0.010658
-0.175472
-0.133440
-0.047381
0.086126
-0.032967
-0.064851
-0.034128
0.066634
0.266235
0.066670
-0.112960
-0.260167
-0.142634
0.331254
0.318013
-0.173307
-0.331930
-0.115537
0.183553
0.229167
-0.021336
-0.107073
-0.152458
0.003045
0.058849
0.085865
-0.038501
-0.153659
-0.046922
0.214650
0.247692
-0.143893
-0.258542
-0.227011
0.118955
0.147025
0.027607
-0.089670
-0.037089
0.273533
0.126591
-0.138082
-0.307894
-0.087068
0.157535
0.189603
-0.028012
-0.213002
-0.097213
0.062882
0.262046
0.037416
-0.113130
-0.166035
-0.090598
0.230204
0.216339
-0.010006
-0.290087
-0.203954
-0.040701
0.127183
0.146691
0.152822
0.129263
-0.170188
-0.194999
-0.069642
0.069454
0.086942
-0.050859
-0.198197
-0.035526
0.277959
0.241994
-0.011538
-0.192917
-0.222548
-0.213296
0.035215
0.223962
0.107813
0.051128
-0.025394
0.081636
-0.020403
-0.140022
-0.184062
-0.160974
0.196292
0.353729
-0.040560
-0.348997
-0.129074
0.082090
0.346046
0.073391
-0.213574
-0.348988
-0.028900
0.397311
0.084525
-0.063683
-0.150106
-0.074225
0.010685
0.097636
0.011663
-0.133175
-0.204822
0.028418
0.304857
0.179948
-0.112133
-0.385515
-0.282905
0.294870
0.630359
-0.016661
-0.486872
-0.423551
0.030614
0.329631
0.268466
0.078410
-0.139850
-0.227261
-0.216838
0.093250
0.168826
0.066749
-0.030468
-0.078913
-0.079637
0.031727
0.074707
-0.000334
0.177156
0.112085
-0.176256
-0.286322
-0.134525
0.110533
0.171055
0.040742
-0.000957
0.136560
0.093343
-0.113765
-0.383806
-0.211076
0.224255
0.405550
0.241171
-0.190438
-0.318326
-0.177565
0.110176
0.141762
-0.010288
-0.044463
0.019843
0.097510
-0.022625
-0.172605
-0.146147
0.107295
0.290986
0.193140
-0.182900
-0.319839
-0.093416
0.114444
0.232329
0.118645
-0.069928
-0.145060
-0.132809
0.031372
0.126666
0.012919
0.039109
0.029165
0.047133
-0.020491
-0.180110
-0.098729
0.036527
0.182520
0.152968
-0.104812
-0.127020
0.013657
0.056162
0.133147
-0.111951
-0.199252
0.071889
0.109942
0.007194
-0.010245
0.023170
0.008809
-0.005089
0.097926
0.028158
-0.030684
-0.034342
-0.081734
-0.044992
0.070293
0.151732
0.013833
-0.078160
-0.037120
0.217772
0.068522
-0.151398
-0.212539
-0.108215
0.156274
0.343647
0.242067
-0.135610
-0.265297
-0.163804
0.030889
-0.051042
0.158830
0.121248
0.127177
0.111943
-0.196064
-0.069864
-0.042017
-0.010591
0.054405
0.085830
-0.032875
-0.095846
0.051334
0.274753
0.262625
-0.131375
-0.377828
-0.263122
0.050889
0.355460
0.270594
-0.183917
-0.368009
-0.013639
0.432682
0.271374
-0.293619
-0.522716
0.016941
0.557741
0.329013
-0.303987
-0.619645
-0.038958
0.497594
0.484339
-0.018519
-0.467027
-0.337700
0.020408
0.262646
0.135644
0.009959
-0.093191
0.111435
0.132777
-0.120258
-0.239576
-0.262309
0.103850
0.276439
0.172597
-0.093243
-0.218752
-0.003056
0.138482
0.111558
-0.015839
-0.185896
-0.194635
0.040375
0.269779
0.127402
0.110608
-0.156772
-0.328064
0.080034
0.168205
0.086896
-0.358958
-0.153323
0.353250
0.312888
-0.048048
-0.311880
-0.227708
-0.108441
0.311173
0.231218
-0.044007
-0.069458
-0.152403
-0.009656
0.082023
0.036400
-0.075421
-0.105855
0.016803
0.081166
0.094919
-0.038034
0.029970
-0.114830
-0.132191
-0.027601
0.041253
0.211147
-0.124464
-0.133331
-0.004736
0.249392
0.286091
-0.115941
-0.243566
-0.234031
0.033956
0.205642
0.169202
-0.007955
-0.132571
-0.107204
0.012300
0.090511
0.000428
-0.133107
-0.115885
0.102275
0.083883
0.188325
0.175322
-0.050275
-0.287326
-0.264620
-0.051459
0.116952
0.128184
0.076240
0.185830
0.123145
-0.030923
-0.311487
-0.312058
-0.105739
0.164214
0.356874
0.232171
-0.018494
-0.194470
-0.239800
-0.030480
0.159589
0.067170
-0.132680
-0.163041
0.103061
0.199893
0.107152
-0.045028
-0.121071
-0.104252
0.012656
0.040399
-0.018560
0.012275
0.040172
0.014109
0.045491
0.027357
-0.017401
-0.028891
-0.017446
0.030798
-0.060493
-0.003224
-0.016920
0.010338
0.057973
0.041402
0.044826
0.014764
0.044093
-0.006861
-0.025187
-0.162611
-0.135522
0.023986
0.288408
0.319332
-0.021531
-0.244579
-0.271490
0.011491
0.196563
0.129416
-0.088216
-0.132229
0.015363
0.165123
0.131842
-0.080509
-0.206614
-0.070419
0.183449
0.195630
-0.084328
-0.286517
-0.110861
0.240237
0.359454
0.062303
-0.228162
-0.287902
-0.166106
0.190959
0.302111
-0.020901
-0.228741
-0.190774
0.159772
0.345627
0.130725
-0.274729
-0.396685
-0.120678
0.229744
0.298519
0.039590
-0.098362
-0.156565
-0.050567
0.135577
0.135058
-0.125195
-0.267473
-0.170432
0.268496
0.422630
-0.015271
-0.414847
-0.244481
0.072136
0.245707
0.158822
-0.176256
-0.139038
-0.033945
0.085488
0.067470
0.084945
-0.035787
-0.109904
-0.160595
-0.049619
0.155691
0.090436
-0.113868
-0.199460
0.131529
0.234184
0.159706
-0.117127
-0.381893
-0.195178
0.129039
0.223220
0.219235
-0.080252
-0.270785
-0.077312
0.082567
0.200678
0.035685
-0.291564
-0.183799
0.066014
0.241725
0.272981
-0.146575
-0.258946
-0.136992
0.050777
0.097703
-0.164910
-0.135708
0.078733
0.279024
0.180658
0.012751
-0.104244
-0.205381
-0.153549
0.076760
0.183075
0.017915
-0.114901
-0.154588
0.070858
0.151662
0.075068
-0.030109
-0.123916
-0.100015
-0.049792
0.019234
0.072222
0.013829
-0.039116
-0.013664
0.052188
0.092811
-0.057443
-0.194029
-0.149453
0.006988
0.097491
0.127691
0.058609
-0.013138
-0.100683
-0.078570
-0.027407
0.012917
0.055995
-0.017369
0.021044
0.010325
0.007362
-0.034016
-0.003378
-0.092220
-0.111198
0.027880
0.119456
0.165342
-0.010580
-0.112413
-0.122876
-0.011330
0.031305
0.071523
0.036190
-0.032970
-0.003686
-0.040370
0.032534
0.019953
-0.004105
-0.054490
-0.007795
0.067925
-0.005153
-0.004968
-0.114154
0.073416
0.083940
0.042137
-0.006116
-0.081787
-0.007271
-0.003438
0.067409
-0.059601
-0.010051
-0.059789
0.026696
0.050401
0.033840
0.002353
-0.030802
0.030146
0.019871
-0.025669
-0.017870
0.095284
-0.000066
-0.016297
-0.050084
0.021474
0.023833
0.064626
-0.022811
-0.061191
0.014959
0.020655
0.106789
0.079171
0.013367
-0.127645
-0.073596
0.063818
0.137810
0.038871
-0.147255
-0.072231
0.035023
0.127497
0.078940
0.008972
0.044340
-0.114572
-0.093313
0.033499
0.132613
0.106752
-0.080915
-0.025033
-0.015928
-0.016296
0.004070
0.068100
0.136128
0.021834
-0.080342
-0.166426
-0.043665
0.073008
0.152336
0.071940
-0.042863
-0.057888
-0.012929
0.046928
-0.005668
0.000314
-0.053145
0.010367
0.059518
0.059315
-0.085293
-0.128741
-0.020593
0.149711
0.202966
0.112087
-0.042267
-0.197527
-0.166549
-0.075038
0.104726
0.186780
0.242346
0.067627
-0.135923
-0.183722
-0.086538
0.056173
0.086843
0.034541
0.068605
0.072091
-0.039764
-0.129439
-0.084821
0.113336
0.168671
0.116038
-0.053324
-0.116787
-0.034035
0.019279
0.026510
0.031493
0.050501
0.028081
0.138759
0.038903
-0.076969
-0.148733
-0.162288
0.077069
0.081745
0.200519
0.091362
-0.015052
-0.057076
-0.072433
-0.050015
-0.062650
0.140056
0.094394
0.014502
-0.088874
0.021712
-0.034612
0.032931
0.145251
0.048895
-0.043714
-0.077506
0.108337
0.008850
-0.060259
-0.101109
0.036607
0.190388
0.147106
0.000778
-0.152648
-0.093601
0.037374
0.064680
-0.031118
0.041886
0.066968
0.016327
-0.083975
-0.074188
0.035984
0.046501
0.117860
-0.040420
-0.042904
-0.095558
0.043444
0.102940
-0.048755
0.030492
-0.058851
0.035112
-0.024278
0.017551
-0.037032
-0.062067
0.052996
0.115386
0.073282
-0.162464
-0.048745
-0.052169
0.052041
-0.015417
0.030134
0.062622
-0.113839
0.034226
-0.037640
0.021643
-0.047326
0.003492
0.050308
-0.025669
0.019146
-0.037214
-0.036851
-0.050119
0.040698
0.037200
0.000349
-0.149711
-0.097624
0.139845
0.226691
0.072694
-0.255518
-0.287478
-0.047233
0.195696
0.200927
-0.053373
-0.182539
-0.033747
0.036037
0.087679
-0.114799
-0.142959
-0.028252
0.112537
0.124167
-0.012601
-0.138301
-0.220721
-0.019146
0.066955
0.136438
0.028967
-0.019454
-0.140929
-0.094624
-0.007136
0.022942
0.001040
0.036749
0.149055
0.035584
-0.155929
-0.247802
-0.015875
0.042930
0.079665
0.051862
0.009558
-0.045995
-0.062857
-0.092616
0.017857
-0.006436
-0.041755
0.048879
0.007275
-0.035581
-0.074517
0.068621
0.012881
-0.082649
-0.131056
0.017456
0.003993
0.073079
0.014682
0.018540
0.050106
-0.077624
-0.069789
-0.195580
0.007709
0.174205
0.134864
-0.178598
-0.038928
0.030283
0.082127
-0.075256
-0.229061
0.018393
0.091291
0.226036
0.034755
-0.081531
-0.229652
-0.096706
-0.016183
0.150595
0.107614
0.043368
-0.007486
-0.134577
0.013393
-0.048696
0.074819
0.060147
0.004661
-0.139595
-0.106455
-0.040973
0.157551
0.232111
0.054292
-0.173645
-0.251064
0.026261
0.133123
0.045823
-0.076179
0.027014
0.085180
0.044669
-0.168213
-0.105144
-0.008334
0.200073
0.229325
-0.035859
-0.252270
-0.232327
0.041129
0.153014
0.179629
0.043338
-0.033394
-0.151090
-0.076576
0.088580
0.092819
-0.099939
-0.076073
-0.007272
0.138455
0.128138
-0.068396
-0.151359
-0.061634
0.201024
0.197699
-0.021892
-0.288686
-0.225186
-0.063488
0.246837
0.300708
0.099697
-0.170741
-0.331539
-0.112959
0.058866
0.147421
0.168028
0.076696
-0.059681
-0.090582
-0.184405
-0.045307
-0.065555
0.010941
0.267654
0.145469
-0.011616
-0.260830
-0.198193
-0.066948
0.066762
0.100482
-0.019420
-0.014483
0.044031
0.132407
-0.094274
-0.139625
-0.112146
0.014108
0.095668
-0.010379
0.009942
-0.153666
0.046750
0.080055
-0.022333
-0.087804
-0.129511
0.001234
0.145975
0.131752
-0.181210
-0.146315
-0.109447
0.150652
-0.016730
-0.158896
0.054618
0.126106
0.148093
-0.010164
-0.055175
-0.260147
-0.224838
-0.023050
0.172281
0.134956
0.044746
0.008330
-0.022981
-0.052443
-0.186497
-0.161299
-0.066795
0.113071
0.246282
0.099010
-0.074458
-0.175702
-0.110383
-0.053570
0.068933
0.124151
-0.037779
-0.079147
-0.112772
-0.076138
0.113235
0.132570
-0.084965
-0.165178
-0.084170
0.153974
0.119741
-0.092951
-0.161159
-0.101600
0.045193
0.133022
0.136631
-0.020013
-0.173134
-0.183900
-0.034492
0.134136
0.097804
-0.044940
-0.082319
-0.063782
0.053210
0.101379
-0.028652
-0.107011
-0.069536
0.092184
0.184455
0.075491
-0.047659
-0.174152
-0.113841
0.074332
-0.029817
0.022504
0.074175
0.169218
0.132104
0.071187
-0.071123
-0.293358
-0.023142
0.133353
0.235029
0.029669
0.041947
-0.056043
-0.059175
-0.013895
-0.103174
0.046868
0.101728
0.237587
-0.023231
-0.003963
-0.080266
0.041889
0.068678
0.006161
0.068128
-0.078061
0.027470
0.048603
0.123760
0.021813
-0.030507
0.020852
0.071094
0.034898
0.062641
0.001827
0.030730
-0.047811
0.011534
0.050930
0.026462
0.112067
0.028618
0.133096
0.009089
-0.122198
-0.121211
0.056316
0.102736
0.141525
0.148595
0.061501
-0.153734
-0.262343
-0.026989
0.117803
0.269821
0.206070
-0.051831
-0.045545
-0.033886
-0.050528
-0.040698
0.029719
0.221442
0.067276
0.004468
0.019406
-0.055070
-0.082624
0.070887
0.129594
0.070388
0.030995
-0.028864
0.010606
-0.062469
0.010871
0.060420
0.067935
0.152835
0.002717
0.007282
-0.140146
-0.058294
0.152008
0.025522
0.048097
-0.060965
0.185330
0.127372
0.123443
-0.223769
-0.281554
-0.101066
0.181233
0.451882
0.154648
-0.045087
-0.516974
-0.082924
0.029036
0.261015
0.080501
0.007522
-0.035611
-0.081180
0.154147
-0.116338
-0.028958
-0.044063
0.319561
0.093184
-0.125151
-0.187112
-0.072368
0.024898
0.009488
-0.020420
0.039189
0.266345
0.228710
0.016607
-0.257632
-0.242236
-0.103678
0.082025
0.123178
0.150910
-0.078944
-0.026001
0.033962
0.123263
-0.023444
-0.235683
-0.136308
0.075635
0.208972
0.060397
-0.038036
-0.199721
-0.010309
0.033888
0.144470
0.007522
-0.059272
-0.085714
-0.020904
0.030414
-0.019503
0.038227
-0.060291
-0.009085
-0.043407
0.199391
-0.023423
-0.057056
-0.140139
-0.071652
0.084352
0.185214
0.231723
-0.117949
-0.291771
-0.277768
0.089842
0.151222
0.171157
0.168103
0.019414
-0.250043
-0.227935
-0.057213
0.108140
0.240516
0.229204
0.079466
-0.217396
-0.432096
-0.113480
0.126493
0.187533
0.168570
0.220117
0.060574
-0.302130
-0.194519
-0.148144
0.150645
0.239044
0.241639
-0.028615
-0.176692
-0.220213
-0.084502
0.020908
0.074976
0.304828
0.180830
-0.018124
-0.357029
-0.284157
-0.004964
0.323966
0.340271
0.048625
-0.169970
-0.309427
-0.141048
0.122715
0.108110
0.154427
0.097715
0.109953
-0.111752
-0.365566
-0.134668
0.122297
0.286130
0.194087
0.111530
-0.098289
-0.248824
-0.379473
0.005251
0.194856
0.312801
0.202214
0.021512
-0.090177
-0.514414
-0.293307
0.033368
0.429892
0.339592
0.062347
-0.195944
-0.260209
-0.322465
-0.090502
0.173118
0.115371
0.213169
0.111250
0.116688
-0.275491
-0.524208
-0.277354
0.048280
0.419444
0.357776
0.077014
-0.198148
-0.354184
-0.346203
-0.188572
0.149101
0.314913
0.312238
-0.170109
-0.298417
-0.182753
0.044167
0.119671
-0.213108
-0.178669
-0.195582
0.160275
0.285764
0.181711
-0.092062
-0.332711
-0.269711
-0.157955
0.036354
0.146979
-0.041861
-0.234800
0.062568
0.197834
0.174346
-0.111064
-0.242565
-0.458476
-0.301152
0.108126
0.352204
0.260038
-0.136722
-0.118270
-0.220473
0.008099
-0.175844
-0.117375
-0.070109
0.075771
0.163707
-0.179593
-0.030443
-0.031351
0.146408
-0.340431
-0.317522
-0.046633
0.260678
0.318632
-0.077416
-0.033727
-0.364892
-0.204232
-0.207639
-0.028259
0.175401
0.141409
0.272009
0.121795
0.005146
-0.525487
-0.618149
-0.257195
0.347177
0.629324
0.238419
-0.058784
-0.349336
-0.113179
-0.199846
-0.280993
-0.104150
0.179588
0.409901
0.084479
-0.000678
-0.106725
-0.146076
-0.247429
-0.180163
0.092915
0.320149
0.278524
-0.057380
-0.207142
-0.238093
-0.076791
0.029947
0.132557
0.140075
0.013401
-0.015545
0.011423
-0.018625
-0.082345
-0.045344
0.022026
0.026665
-0.002552
-0.012049
0.059996
0.029541
-0.030043
-0.068343
-0.041973
0.129029
0.116291
0.034655
-0.085367
-0.080103
-0.070271
-0.028564
0.088414
0.100362
0.078507
-0.029538
-0.007974
-0.047242
-0.053698
0.024508
0.044348
0.066378
-0.009192
-0.080375
-0.087348
0.002712
0.135397
0.146524
0.013916
-0.130555
-0.136890
-0.036719
0.123277
0.185619
0.092522
-0.087548
-0.237448
-0.149940
0.010264
0.221536
0.251159
0.093206
-0.063564
-0.161509
-0.081942
-0.015357
0.065239
0.059416
0.030263
-0.025941
0.028634
0.073997
-0.017674
-0.072255
-0.039140
0.094335
0.136656
0.080986
-0.066058
-0.055272
0.029269
0.146760
0.057441
-0.113451
-0.107077
-0.015450
0.147990
0.175381
0.130511
-0.043107
-0.133190
-0.066029
0.073567
0.189586
0.185665
0.096154
-0.080845
-0.178452
-0.109130
0.034974
0.131944
0.161672
0.180105
0.161770
0.029306
-0.162803
-0.249631
-0.118856
0.129275
0.282011
0.274015
0.126485
-0.095238
-0.218575
-0.147160
0.109980
0.288037
0.196136
-0.015705
-0.156900
-0.137795
0.019643
0.193813
0.227802
0.109344
-0.120132
-0.170246
-0.013197
0.206357
0.242179
0.012818
-0.145926
-0.114095
0.100627
0.160129
0.106103
0.033808
0.033299
0.083959
0.044086
-0.001313
-0.112166
-0.081357
0.048866
0.220432
0.226089
0.086322
-0.045826
-0.113710
-0.030641
0.016615
0.067073
0.062335
0.129784
0.148815
0.096848
-0.013502
-0.111477
-0.069068
0.028749
0.187076
0.199775
0.061297
-0.103114
-0.127329
-0.007535
0.178189
0.194258
0.075814
-0.075092
-0.087816
0.042829
0.121287
0.102391
-0.036654
-0.064689
0.005295
0.138536
0.183273
0.088162
-0.014369
-0.048843
0.017998
0.071726
0.033152
-0.071241
-0.067944
0.065163
0.181856
0.143640
0.018480
-0.057108
-0.074596
0.009491
0.025897
0.063138
0.056446
0.052321
0.079111
0.046642
0.003123
-0.096245
-0.086572
0.019207
0.165253
0.143201
0.046556
-0.062036
-0.107085
-0.071694
0.010828
0.065811
0.102422
0.103460
0.046539
-0.016406
-0.113165
-0.070473
-0.023460
0.045500
0.067008
0.050427
0.008510
-0.039655
-0.057603
-0.031526
0.010305
0.023249
0.005320
-0.048058
-0.047963
-0.027471
0.045988
0.067264
0.002269
-0.098383
-0.133645
-0.057167
0.044764
0.083289
0.013712
-0.066542
-0.094047
-0.049862
-0.000808
0.010869
-0.021309
-0.028876
-0.035567
-0.024439
-0.013687
-0.050545
-0.070469
-0.081797
-0.039002
-0.009165
0.042856
0.033147
-0.042884
-0.126529
-0.130885
-0.057995
0.025476
0.037030
-0.044027
-0.110279
-0.132134
-0.042969
-0.017401
-0.014750
-0.064723
-0.068859
-0.038973
-0.036454
-0.032569
-0.060461
-0.050523
-0.080278
-0.082096
-0.101439
-0.052528
-0.007755
-0.018701
-0.043251
-0.097746
-0.083412
-0.061958
-0.073622
-0.118578
-0.110395
-0.022346
0.033604
0.007528
-0.090068
-0.149244
-0.158625
-0.138252
-0.061108
-0.040933
-0.031583
-0.064354
-0.097018
-0.113562
-0.101112
-0.101973
-0.121960
-0.121717
-0.085203
-0.055845
-0.095505
-0.112886
-0.124537
-0.063931
-0.069368
-0.065033
-0.102385
-0.094909
-0.094957
-0.089528
-0.043815
-0.029647
-0.004334
-0.065356
-0.063270
-0.094149
-0.051185
-0.043161
-0.033329
-0.051174
-0.081511
-0.051295
-0.055006
-0.022781
-0.045070
-0.054580
-0.053954
-0.046367
-0.015275
-0.021170
-0.035242
-0.063881
-0.077236
-0.055243
-0.030150
0.009836
-0.013264
-0.038012
-0.064897
-0.044419
-0.018021
-0.003243
-0.020293
-0.056741
-0.034956
-0.008131
0.023990
0.013683
-0.026878
-0.048401
-0.014431
0.024091
0.030704
0.013238
-0.010474
-0.044376
-0.007012
0.041160
0.055627
0.018830
-0.000882
0.019183
0.011074
0.024472
0.035016
0.040042
0.017045
0.024701
0.047295
0.043955
0.022057
0.029861
0.035474
0.044397
0.044417
0.038387
0.043843
0.038589
0.044272
0.032827
0.032459
0.041886
0.077674
0.077534
0.062809
0.017370
-0.003340
0.026372
0.066636
0.098067
0.079742
0.058866
0.020919
0.038974
0.073251
0.102357
0.073631
0.034231
0.044744
0.074021
0.095753
0.071677
0.070459
0.052876
0.068343
0.080333
0.086688
0.088251
0.045275
0.055591
0.070460
0.086073
0.079003
0.068931
0.054716
0.047119
0.081211
0.089962
0.085102
0.062249
0.032483
0.042788
0.069956
0.070942
0.072257
0.063087
0.064997
0.070557
0.044001
0.036874
0.050170
0.072418
0.093169
0.068227
0.044527
0.020653
0.040751
0.079298
0.101591
0.087578
0.035331
0.012961
0.022418
0.082960
0.111713
0.104237
0.056579
0.024090
0.024809
0.065503
0.119421
0.112602
0.092498
0.063933
0.067790
0.084806
0.097169
0.109460
0.088261
0.071826
0.080444
0.103449
0.110506
0.114214
0.106396
0.091894
0.084724
0.091094
0.113285
0.125780
0.123700
0.093516
0.076350
0.077844
0.107463
0.135666
0.142758
0.128443
0.091511
0.067969
0.085709
0.123272
0.141822
0.117819
0.080209
0.076567
0.086263
0.115749
0.116036
0.102368
0.094337
0.071650
0.070323
0.066360
0.074040
0.075723
0.072426
0.064573
0.059114
0.063703
0.036019
0.044019
0.042963
0.054260
0.039126
0.007486
0.015469
0.018819
0.042610
0.016947
-0.021606
-0.054568
-0.035985
0.000233
0.023735
0.001277
-0.056582
-0.086307
-0.067395
-0.017529
-0.006433
-0.039217
-0.101347
-0.109510
-0.080937
-0.042905
-0.058476
-0.102820
-0.134173
-0.120034
-0.073014
-0.053436
-0.084593
-0.137170
-0.158796
-0.145491
-0.103257
-0.101172
-0.113103
-0.152300
-0.161774
-0.150678
-0.153846
-0.148931
-0.153233
-0.143295
-0.141402
-0.158113
-0.171679
-0.176007
-0.179758
-0.167695
-0.157419
-0.155228
-0.155337
-0.179003
-0.187827
-0.190658
-0.177713
-0.152106
-0.158955
-0.173254
-0.201569
-0.198228
-0.173048
-0.160602
-0.174439
-0.187984
-0.184127
-0.166031
-0.160419
-0.171614
-0.183620
-0.196723
-0.177532
-0.166646
-0.143243
-0.150175
-0.171651
-0.174882
-0.181283
-0.171049
-0.144333
-0.128912
-0.146597
-0.175583
-0.178555
-0.148024
-0.126815
-0.129864
-0.156664
-0.161592
-0.136286
-0.106557
-0.126983
-0.168142
-0.185888
-0.123485
-0.068589
-0.071161
-0.124118
-0.190659
-0.174612
-0.110754
-0.034088
-0.071368
-0.140200
-0.180065
-0.113421
-0.035833
-0.037473
-0.089313
-0.157129
-0.130564
-0.082213
-0.025900
-0.058426
-0.113793
-0.130690
-0.084165
-0.027896
-0.019239
-0.050536
-0.084109
-0.077121
-0.061077
-0.046492
-0.052688
-0.049528
-0.034104
-0.017335
-0.021873
-0.024453
-0.044723
-0.033830
-0.029100
-0.003313
0.004938
-0.011377
-0.009056
-0.013332
0.007608
0.011946
0.010683
-0.004285
-0.001156
0.010605
0.033517
0.035648
0.018278
0.010203
0.027575
0.055421
0.064628
0.047300
0.022773
0.027038
0.038369
0.073033
0.075105
0.060574
0.051620
0.053030
0.065801
0.077020
0.084422
0.073491
0.053397
0.040288
0.070867
0.111440
0.118926
0.091960
0.065392
0.073722
0.090405
0.115695
0.122416
0.112807
0.103813
0.082808
0.080092
0.091384
0.114228
0.121838
0.126541
0.119558
0.121729
0.111853
0.099042
0.100358
0.113500
0.138531
0.139444
0.137816
0.126806
0.120722
0.105570
0.121475
0.135464
0.140583
0.133823
0.130362
0.125224
0.123319
0.149769
0.144780
0.155734
0.151418
0.133646
0.131429
0.139129
0.143986
0.141666
0.144860
0.143348
0.141593
0.133254
0.132611
0.129644
0.123642
0.142108
0.138998
0.137047
0.132233
0.130771
0.133466
0.122026
0.129655
0.139438
0.144596
0.118284
0.107162
0.117452
0.128927
0.127062
0.123028
0.119910
0.100240
0.108603
0.114030
0.126099
0.120903
0.096785
0.092891
0.105817
0.120186
0.100280
0.093386
0.084830
0.091001
0.097041
0.089710
0.093799
0.092136
0.086583
0.069147
0.063087
0.072858
0.087119
0.083467
0.075934
0.064098
0.059639
0.060042
0.058315
0.054574
0.060153
0.072860
0.065482
0.051184
0.026616
0.018938
0.027286
0.044962
0.056963
0.057139
0.040638
0.026167
0.011347
0.016423
0.028156
0.026749
0.040234
0.025306
0.019125
0.010074
0.015225
0.034766
0.023849
0.013017
0.004147
0.003333
0.016671
0.002011
-0.006944
0.001631
-0.000958
0.003515
-0.006423
-0.009659
-0.018323
-0.015717
-0.001432
0.005269
-0.009791
-0.027459
-0.038918
-0.028622
-0.004851
-0.004390
-0.007450
-0.023826
-0.017502
-0.021312
-0.021980
-0.035618
-0.035164
-0.033087
-0.015122
-0.013649
-0.029824
-0.033972
-0.043327
-0.016389
-0.022253
-0.012636
-0.032023
-0.050694
-0.065502
-0.050427
-0.005859
0.015675
-0.003548
-0.049008
-0.061131
-0.061003
-0.038025
-0.019331
-0.014292
-0.030086
-0.049306
-0.053626
-0.040347
-0.022636
-0.010385
-0.028979
-0.046074
-0.057613
-0.055116
-0.042847
-0.031530
-0.016417
-0.025786
-0.026692
-0.049088
-0.059316
-0.052945
-0.047797
-0.035974
-0.026726
-0.032120
-0.049485
-0.056380
-0.049815
-0.034819
-0.033318
-0.039512
-0.050392
-0.050012
-0.061780
-0.059066
-0.047049
-0.034884
-0.034164
-0.049136
-0.057446
-0.064850
-0.055640
-0.039293
-0.031555
-0.047255
-0.069051
-0.068290
-0.058345
-0.045243
-0.039715
-0.050697
-0.061624
-0.069915
-0.059100
-0.041516
-0.040472
-0.052156
-0.052655
-0.058927
-0.057840
-0.053986
-0.044933
-0.041367
-0.046967
-0.047192
-0.059314
-0.062084
-0.059760
-0.049129
-0.040045
-0.031543
-0.032669
-0.048329
-0.076476
-0.077810
-0.048984
-0.029235
-0.022293
-0.048092
-0.056123
-0.050707
-0.056952
-0.053182
-0.047474
-0.037617
-0.033942
-0.048983
-0.054915
-0.052539
-0.042740
-0.038673
-0.037174
-0.036561
-0.041379
-0.059449
-0.066628
-0.049897
-0.042912
-0.023827
-0.036035
-0.045657
-0.055821
-0.056001
-0.046563
-0.044576
-0.034212
-0.044334
-0.042997
-0.045782
-0.051981
-0.058722
-0.053889
-0.040650
-0.038392
-0.043319
-0.051941
-0.061316
-0.055709
-0.045757
-0.040257
-0.032694
-0.038911
-0.047082
-0.049828
-0.056410
-0.067672
-0.052397
-0.041878
-0.037522
-0.045200
-0.057024
-0.054113
-0.055559
-0.050698
-0.039217
-0.036025
-0.043751
-0.055381
-0.058651
-0.060314
-0.060622
-0.050910
-0.043114
-0.027085
-0.041756
-0.057295
-0.065449
-0.057428
-0.041494
-0.026246
-0.028431
-0.044974
-0.053692
-0.051121
-0.040052
-0.036141
-0.021866
-0.028664
-0.032399
-0.047207
-0.043737
-0.035640
-0.028444
-0.018241
-0.028667
-0.034069
-0.046363
-0.026208
-0.006207
-0.008886
-0.042989
-0.048793
-0.030117
-0.021610
0.002706
0.003230
-0.003873
-0.034562
-0.036804
-0.021699
-0.013085
-0.017803
-0.022621
-0.007713
-0.000303
0.006419
-0.006246
-0.015080
-0.018150
-0.008624
0.009601
0.013904
0.000849
-0.014130
-0.016019
0.003474
0.012612
0.006284
0.002516
