0.009557
-0.001115
-0.020566
-0.022359
0.020443
0.009654
0.036706
-0.009680
-0.019582
0.021324
-0.024047
0.018744
0.002059
-0.005488
0.019058
0.003517
-0.026408
-0.013052
0.027346
0.009042
0.024231
-0.017238
-0.040042
0.016549
0.012695
0.036370
-0.006185
-0.054474
0.008471
-0.002436
0.049900
0.019251
-0.067477
0.011839
-0.021555
0.036729
0.041630
-0.045669
0.015298
-0.048481
0.059051
-0.001990
-0.012665
0.008635
-0.051001
0.061401
-0.037438
0.034407
-0.017723
-0.020120
0.044563
-0.016669
0.006326
-0.016073
-0.017782
0.013463
0.018464
-0.011802
0.011610
-0.027165
0.003818
0.019154
0.001111
-0.011869
-0.003743
-0.014924
-0.000938
0.044152
-0.034340
0.011237
-0.019166
-0.001316
0.017703
0.016570
0.009152
-0.071118
0.015836
0.008557
-0.018256
0.040001
0.010616
-0.030692
-0.028641
0.022693
0.001593
-0.035153
0.032186
-0.026196
0.000221
0.015590
0.028136
-0.023586
-0.036783
0.007260
0.015600
-0.012116
-0.015171
0.016879
-0.039701
0.004763
0.005396
0.090219
-0.071260
-0.073190
0.033650
0.032552
0.022511
-0.083423
0.032088
0.018669
-0.065072
0.031619
0.011026
0.047195
-0.021170
-0.074688
0.048409
-0.016243
0.003683
-0.019928
0.008226
0.011912
-0.014419
0.022014
-0.012063
-0.028020
-0.023455
-0.008169
-0.008697
0.050400
0.008641
0.005376
-0.024346
-0.018668
0.017192
-0.063704
0.030877
-0.030268
0.045821
-0.001130
-0.050464
0.062203
-0.005571
0.039550
-0.090038
-0.049096
0.010595
-0.006320
0.076123
0.015962
0.019048
-0.049612
-0.030542
-0.014181
-0.000059
-0.010077
0.013816
0.034489
-0.058490
0.052827
-0.054041
0.020359
-0.030645
0.042392
-0.001067
-0.019264
0.022246
-0.071393
0.039292
-0.078030
0.151462
-0.060674
0.004274
-0.025038
-0.006969
0.088432
-0.102409
0.038564
-0.062367
0.026020
0.003324
0.041082
-0.017952
-0.043421
-0.023070
0.053611
0.010173
0.000436
-0.085056
0.006288
0.014353
-0.113185
0.182477
-0.047083
0.077414
-0.074639
0.053369
0.005347
-0.224666
-0.050553
-0.042361
0.123856
-0.007996
0.096685
0.055641
0.095057
-0.091487
-0.163173
-0.034944
0.003378
0.105449
0.049356
0.020248
-0.118297
-0.003739
-0.017355
-0.002535
0.051847
0.051975
0.031840
-0.057290
-0.076935
-0.075615
0.040447
0.079282
0.010318
-0.051888
-0.039627
-0.015788
0.053229
0.032661
0.010654
0.031327
-0.047689
0.012510
0.007594
-0.031577
-0.066328
-0.137015
0.101870
0.116435
0.074536
0.009973
-0.126718
-0.011761
0.002920
0.029479
-0.095777
0.001255
0.021242
0.070137
0.044110
-0.121138
-0.019352
0.060074
0.118467
-0.087148
-0.061200
-0.026583
0.015167
0.007697
-0.020108
0.026087
-0.019191
-0.034723
0.037779
0.050727
-0.118238
-0.052465
0.098814
0.131907
-0.046114
-0.011046
0.021311
-0.097823
-0.055852
0.066712
0.092103
-0.060210
-0.061445
0.012466
0.076413
-0.003157
-0.082406
-0.121769
0.052145
0.172860
0.073470
-0.021424
-0.039926
-0.047149
-0.141575
-0.016561
-0.008201
0.066920
-0.022022
0.090574
0.132843
-0.017279
-0.015362
-0.136727
0.004549
-0.081373
0.053435
0.093738
0.021319
-0.031781
-0.133814
0.100288
0.106365
0.049317
-0.084670
-0.092751
-0.078880
-0.062732
0.176182
0.066403
0.028235
-0.105056
-0.085710
0.037496
0.042929
0.084375
-0.072875
-0.053143
-0.103756
0.072057
0.074668
-0.022334
-0.000299
0.046303
0.078366
-0.142425
-0.079269
-0.032464
0.024686
0.104189
-0.034135
-0.013803
0.014474
0.101194
0.006376
-0.173159
-0.055457
0.043212
0.090653
0.014838
-0.036666
0.053169
0.029484
-0.020154
-0.093853
-0.117835
0.145648
0.230466
-0.070567
-0.248479
-0.080070
0.129892
0.171212
-0.026562
-0.097094
-0.099422
0.072594
0.130424
0.042442
-0.147838
-0.145623
0.127633
-0.023651
0.080915
0.164908
0.205876
-0.234576
-0.437183
0.060642
0.170233
0.063533
-0.021740
0.053646
-0.032420
0.049754
0.016033
-0.209326
-0.005203
0.211999
0.284486
-0.051570
-0.380053
-0.181156
-0.017315
0.156460
0.254818
0.256371
0.061246
-0.263427
-0.353031
-0.191189
0.116731
0.195394
0.336120
0.191442
-0.121974
-0.169806
-0.273504
-0.105470
0.197134
0.278443
0.097906
-0.144311
-0.137044
0.018752
-0.035862
0.028683
0.027281
0.091160
0.120825
-0.038547
-0.147517
-0.170717
0.006363
0.172117
0.260387
-0.024201
-0.151412
-0.120967
-0.084054
-0.032182
0.089561
0.223627
0.183219
-0.094271
-0.269772
-0.267826
0.078695
0.360786
0.140647
-0.059632
-0.232726
-0.016485
0.188444
0.170804
-0.071879
-0.247595
-0.119441
0.126457
0.166288
-0.034138
-0.130333
0.105229
0.277606
0.090325
-0.233605
-0.276677
-0.081502
0.151234
0.232078
0.049531
-0.078239
-0.145524
-0.014935
0.050644
0.104369
-0.009056
-0.067340
-0.015498
0.023931
-0.015635
0.086244
0.071423
-0.119946
-0.027386
0.013666
0.128183
-0.059865
-0.095239
-0.039470
-0.005160
0.115640
0.033220
0.059230
-0.079889
-0.059998
-0.024350
-0.004094
0.136337
0.026061
-0.086925
-0.099454
-0.000806
0.073806
0.039261
0.012686
-0.063574
-0.029028
-0.003036
0.063183
0.066360
-0.062596
-0.070459
-0.031565
0.060725
-0.080865
0.045057
0.058193
0.021874
0.012727
-0.056664
0.013483
-0.036709
-0.011715
-0.078581
0.020495
-0.006457
0.068652
-0.017415
0.014719
-0.005283
-0.098071
-0.003295
-0.086385
0.071828
0.004957
0.067429
0.070485
0.047726
-0.095998
-0.170629
-0.024098
-0.000046
0.055343
0.013465
0.069929
0.038961
0.006964
-0.075388
-0.096937
-0.055246
0.036042
0.062246
0.011747
0.055273
-0.108910
-0.037157
-0.066359
0.013884
0.228676
0.092889
-0.187553
-0.233069
0.043706
0.092600
0.148906
-0.109997
-0.167619
0.080432
0.125955
0.074854
-0.042569
-0.079197
-0.085431
-0.015291
0.061808
0.050516
-0.120572
-0.035774
0.035412
0.115003
0.123592
-0.103429
-0.161503
-0.031714
0.062099
0.057209
0.007164
-0.029486
0.047389
-0.031793
-0.052125
0.005664
0.034241
0.021554
0.005448
-0.010242
-0.028316
-0.042638
0.029586
0.011333
0.010810
0.011656
-0.044374
-0.001051
-0.007161
0.023954
-0.015360
0.072090
-0.003670
0.013294
-0.043769
-0.092537
0.054045
-0.014135
0.040381
0.034507
0.014710
-0.036711
-0.036593
0.011591
0.047559
-0.017156
-0.033432
0.009818
-0.040564
0.064766
-0.020228
-0.036250
0.058339
-0.004045
0.033394
-0.062707
-0.108042
0.005983
-0.031715
0.041719
0.086252
0.033312
-0.016064
0.038333
0.073372
-0.048799
-0.105580
-0.158163
-0.006893
-0.053732
0.057856
0.089279
0.155532
0.126133
-0.049685
-0.049859
-0.115932
-0.171012
-0.124616
0.140926
-0.153435
0.095162
0.043359
0.064888
0.146354
-0.061932
-0.038783
-0.240718
-0.011701
0.052074
0.032095
-0.048855
0.033211
0.112737
0.044883
-0.030808
-0.125571
-0.049176
0.070950
0.057102
-0.067220
-0.019209
0.084744
0.094231
-0.075159
-0.190734
-0.035497
0.124955
0.201582
-0.037129
-0.172484
-0.151323
0.064173
0.301651
0.090129
-0.142467
-0.341692
-0.001552
0.243955
0.130750
0.001133
-0.191467
-0.059911
0.150132
0.195867
-0.077349
-0.217134
-0.186161
0.101478
0.320598
0.130507
-0.086605
-0.291568
-0.085006
0.205640
0.159780
-0.073760
-0.203280
-0.058769
0.143931
0.097335
0.045685
-0.078028
-0.083614
0.042081
0.134387
0.013638
-0.159641
0.013343
0.012307
0.008218
-0.031721
0.045873
0.069335
-0.064028
-0.011494
0.020052
-0.005967
-0.028298
0.043158
0.002176
0.005046
-0.000011
-0.025436
-0.009143
-0.073001
0.036470
-0.071949
-0.082219
0.073265
0.110498
0.039199
0.043674
0.152571
0.084562
-0.128494
-0.212080
-0.121768
-0.076614
-0.016956
0.121600
0.183317
0.129450
0.090100
-0.073482
-0.124729
-0.122883
-0.093252
-0.054408
0.135894
0.040257
-0.007482
0.064748
0.114649
0.033810
-0.168180
-0.114361
-0.051540
0.150234
0.062304
0.032178
-0.018757
0.032849
-0.081714
-0.142327
-0.033116
0.156347
0.196083
-0.034080
-0.162054
-0.233042
0.157438
0.212907
0.064115
-0.201143
-0.138151
0.067347
0.135917
0.153357
-0.054435
-0.151718
-0.116770
0.063514
0.161441
0.157357
-0.133902
-0.285148
0.007057
0.201993
0.159736
-0.027355
-0.169726
-0.126350
0.007461
0.175520
0.099799
-0.066219
-0.215955
0.058454
0.169997
0.014523
-0.064969
-0.152183
0.018570
0.108981
0.106036
-0.092594
-0.131564
0.007963
0.050848
0.066997
0.115762
-0.065405
-0.128365
0.056016
0.031925
-0.002878
0.007258
-0.002398
-0.098566
-0.014722
0.082085
0.009633
0.035151
0.034774
0.002540
-0.035483
-0.060735
-0.038568
0.002015
0.112147
0.023134
-0.054564
-0.028551
0.031489
0.020934
0.019121
-0.027767
-0.031275
0.040539
-0.102384
0.112060
-0.088377
-0.007473
-0.026896
-0.007350
0.215906
0.081877
-0.032977
-0.082193
-0.002721
-0.119547
-0.056426
-0.254631
0.160879
0.137044
0.168659
0.129059
-0.013761
0.056319
-0.238262
-0.151347
-0.102338
0.033800
0.017566
0.186312
0.180901
0.084630
-0.086660
-0.224786
-0.100599
0.137044
0.073618
-0.050881
-0.034980
-0.038214
0.152276
0.030406
-0.104180
-0.046637
0.068815
0.070102
0.067329
-0.091181
-0.162433
-0.007125
0.152508
0.115797
-0.028248
-0.130833
-0.077482
0.089424
0.125806
0.065444
-0.202331
-0.054426
0.029734
0.036022
0.127330
-0.018787
-0.157939
-0.009854
0.201079
0.038925
-0.108387
-0.093251
-0.063886
0.134837
0.152239
-0.089769
-0.132263
0.010618
0.105684
0.064483
0.000663
-0.182697
-0.142428
0.153162
0.201966
-0.005625
-0.116129
-0.147799
-0.041429
0.130563
0.159179
0.001614
-0.123541
-0.026935
-0.023773
-0.048952
0.121460
0.039238
-0.008109
-0.078613
-0.109949
0.080581
-0.023099
-0.045001
0.007614
0.113266
0.003907
-0.016110
0.025085
-0.057030
-0.010058
-0.006658
-0.027424
-0.010750
0.037939
0.062546
-0.024218
-0.093495
-0.025960
-0.027635
0.053157
0.051500
0.017002
-0.055072
-0.089944
-0.014230
-0.006871
0.067318
0.036655
-0.011983
-0.086633
-0.027459
0.111844
-0.054761
-0.108897
-0.044363
-0.028632
-0.006619
0.050353
0.032575
0.033118
0.040667
-0.027507
-0.049529
-0.058485
-0.020498
-0.002328
0.057128
0.015509
-0.000975
-0.042671
-0.001543
0.021472
-0.035232
0.044384
-0.031169
-0.015827
0.018543
-0.009198
0.009739
-0.018465
-0.028519
0.020597
0.025620
0.012019
-0.003818
-0.056064
-0.009291
0.039065
0.047950
0.021836
-0.150656
-0.000317
-0.009023
-0.053880
0.085569
-0.002799
0.097402
0.075157
0.119936
0.005071
-0.201726
-0.111371
-0.013436
0.088607
0.003614
-0.054496
0.091018
0.224219
0.161560
-0.164539
-0.189018
-0.037367
0.053669
0.092032
-0.111572
-0.199619
-0.013028
0.179272
0.230722
0.098768
-0.199306
-0.142754
0.038639
0.061486
-0.055802
-0.091786
0.039925
0.148506
0.061757
-0.043324
-0.104861
-0.034703
0.168928
-0.025971
-0.131200
-0.196452
0.087734
0.080829
0.046113
0.061761
-0.106711
0.038604
0.096796
0.324401
-0.096097
-0.310129
-0.257972
-0.139678
0.156730
0.222293
0.281134
0.056589
-0.129092
-0.191768
-0.118064
-0.026132
0.042994
0.059354
0.012438
0.021362
0.047795
0.019230
-0.020138
-0.067543
-0.041631
0.072315
0.074401
-0.011284
-0.046874
-0.065217
-0.014030
0.079731
-0.019715
0.017740
-0.034384
0.007502
0.015601
-0.041964
0.025759
-0.101632
0.063473
0.032146
0.012256
0.067208
0.035667
-0.010535
-0.223739
-0.026221
0.094175
0.102295
0.008534
-0.138059
-0.009564
0.037733
0.121745
0.010944
-0.183824
-0.078392
0.094176
0.160821
0.081163
-0.159681
-0.108818
-0.003458
0.072750
0.129142
-0.074429
-0.111211
-0.132672
-0.013171
0.111506
0.101982
-0.020867
0.013689
0.229403
0.081033
-0.064235
-0.258889
-0.275117
-0.025113
0.053517
0.149295
0.142127
0.086884
0.142472
-0.010209
-0.267608
-0.272840
0.024097
0.328208
0.103171
-0.169320
-0.182685
0.105689
0.284511
-0.010680
-0.245164
-0.195594
0.120033
0.291080
0.015947
-0.157373
-0.162389
0.072547
0.141261
-0.022607
-0.033392
-0.239926
0.123190
0.166780
0.003690
-0.042454
0.019255
0.221648
-0.093678
-0.222836
-0.134575
-0.189533
0.152231
0.281859
0.028975
0.041352
0.012134
-0.030748
-0.229635
-0.144955
0.085957
0.211925
0.080362
-0.046986
-0.119475
0.017498
0.096729
-0.022886
-0.104513
-0.064273
0.142307
0.028681
-0.001604
-0.192504
0.030238
0.143776
0.025256
0.015111
-0.169043
0.075839
0.142905
-0.019363
-0.177707
-0.080513
0.149665
0.129953
-0.049837
-0.201365
-0.049876
0.166691
0.175186
0.028870
-0.144033
-0.175725
0.031193
0.228200
0.016493
-0.187236
-0.062383
0.083767
0.132684
0.058532
-0.117779
-0.089346
0.142898
0.051613
-0.028990
-0.143343
-0.123423
0.116727
0.106095
0.105954
-0.088800
-0.099580
0.039936
0.022327
0.216237
-0.080146
-0.205242
-0.021687
0.011497
0.122120
0.111003
-0.103348
-0.168477
0.135288
0.068136
0.103596
-0.108903
-0.157128
-0.006708
0.111044
0.192816
-0.067756
-0.050725
-0.179584
-0.029036
0.211967
0.047061
-0.052292
-0.050075
-0.064088
0.001825
0.128206
0.054229
-0.115471
-0.071950
0.030455
0.065163
0.076912
0.075098
-0.156916
-0.109481
0.026956
0.012440
0.088947
0.044202
-0.105808
-0.088470
0.164982
-0.008460
-0.022798
0.037789
-0.027155
-0.066762
0.046681
0.045718
-0.093118
0.021750
0.081356
-0.010099
-0.083045
0.043276
-0.085336
0.019445
0.128395
0.003930
-0.058495
-0.066302
-0.092561
-0.036545
0.206796
0.170994
-0.125928
-0.112575
-0.069508
-0.077631
0.158237
0.141291
0.034755
-0.229228
-0.076775
0.081679
0.065834
0.108164
-0.039515
-0.192637
-0.076731
0.216302
0.033926
-0.029323
-0.014080
0.050679
-0.061473
-0.030524
-0.090023
-0.027915
0.150958
0.054416
-0.061529
-0.094400
0.100169
-0.083601
-0.001004
0.032760
0.032077
0.049248
-0.021574
-0.071580
-0.098457
0.071918
0.110041
0.084744
-0.136857
-0.051663
0.018300
0.013555
0.085452
-0.172591
0.025322
-0.177553
-0.026801
0.125733
-0.118227
0.178355
0.088575
0.152575
0.025382
-0.146700
-0.270835
-0.194895
0.059022
0.097809
0.090932
0.126873
0.232176
0.051132
-0.202077
-0.253884
-0.065884
0.134618
0.177458
0.028873
-0.148377
-0.087748
0.081049
0.101858
-0.009345
-0.029826
0.045607
-0.003931
-0.092955
-0.096346
0.032573
0.143102
0.112295
-0.064868
-0.169289
-0.025533
0.124497
0.120983
-0.052575
-0.163996
-0.069054
0.114078
0.163661
-0.003851
-0.161765
-0.198508
0.043931
0.263166
0.112392
-0.089562
-0.201311
-0.083748
0.164985
0.152407
-0.047343
-0.152149
-0.041522
0.108194
0.086617
-0.026477
-0.061659
-0.022926
0.012288
0.030265
-0.027077
-0.034984
0.003916
-0.023585
0.076639
0.041059
-0.044879
-0.041431
-0.030239
0.110275
0.013647
-0.097384
-0.052984
-0.009398
0.059783
0.082811
0.006359
-0.108843
-0.112829
0.070671
0.142411
0.042345
-0.091703
-0.141730
0.046873
0.074822
0.052285
0.008626
-0.105101
-0.065364
0.046424
0.052939
0.060034
-0.045834
-0.060389
-0.034430
0.028636
0.222995
-0.059805
-0.228042
-0.086835
0.149447
0.201059
-0.039799
-0.173870
-0.036187
-0.007246
0.128166
0.048003
-0.100275
-0.014989
-0.056556
0.045374
0.008295
0.084082
-0.033930
-0.139089
-0.047331
0.145045
0.113468
-0.098128
-0.042078
-0.033128
-0.014271
0.032248
0.057016
-0.041389
-0.003142
-0.039598
-0.044068
0.112045
0.026875
-0.034947
-0.138486
0.081727
0.099416
-0.089350
-0.052322
-0.045057
0.078330
0.088312
0.050049
-0.109431
-0.042831
-0.108958
0.068831
0.156237
0.005532
-0.067455
-0.120502
0.001385
0.045827
0.112447
-0.075323
-0.065591
0.000634
0.104340
-0.041713
-0.076641
-0.028558
-0.021051
0.100594
0.133786
-0.021768
-0.211691
-0.037426
0.042071
0.161881
-0.025587
-0.162722
0.092177
0.013644
-0.010263
0.025948
-0.039655
-0.026907
-0.051283
0.029808
-0.014147
0.060281
0.049867
-0.048137
-0.101556
0.035029
0.091604
-0.016699
-0.039346
-0.066949
0.039530
-0.013896
0.007303
0.048112
-0.068804
-0.033875
0.136790
0.062059
-0.069106
-0.142193
-0.054495
0.024727
0.093325
0.074911
-0.061702
-0.107081
0.035132
0.055202
-0.010108
-0.031931
-0.052627
0.083037
0.065592
-0.030701
-0.081122
-0.036346
-0.029020
0.080889
0.002784
-0.004941
0.055655
-0.076827
0.012362
-0.043026
-0.037169
0.037263
-0.000836
0.056727
0.016885
0.095480
-0.114961
-0.177154
0.115799
0.161892
0.022973
-0.128961
-0.020872
0.011633
0.020776
-0.033112
-0.023428
0.027010
0.100435
0.061383
-0.102194
-0.092953
-0.071909
0.092480
0.067509
0.011862
-0.040947
-0.023655
0.021429
-0.016624
0.099351
-0.028866
-0.080205
-0.034785
0.045110
0.046905
-0.020399
-0.053881
0.009729
0.080270
-0.041064
-0.001463
0.032880
0.015851
-0.073989
-0.033083
0.058954
0.068140
0.004375
-0.070644
-0.001809
0.002328
0.005929
0.038231
-0.014402
-0.011572
0.063578
-0.022635
-0.000761
-0.070990
0.007458
0.108266
0.024594
-0.008694
-0.069464
-0.028871
0.048132
0.073594
-0.053428
-0.045173
-0.034358
0.053059
0.086008
0.060486
-0.110657
-0.149499
0.068897
0.130618
0.065142
-0.064375
-0.051129
-0.006750
0.009981
0.039912
0.074958
-0.030183
-0.015100
-0.043253
0.024012
0.010262
-0.026800
0.054441
0.011358
0.053949
-0.000872
-0.059515
-0.063113
0.048517
0.045191
0.030365
0.002049
0.008121
-0.003257
0.014762
0.039515
-0.098894
-0.042279
-0.003731
0.119888
0.074869
-0.048306
-0.059260
0.043635
0.017582
-0.066317
-0.037042
0.030910
0.147145
-0.024453
-0.011907
-0.081397
-0.022080
0.168927
-0.037126
-0.079062
-0.033777
0.066263
0.096656
-0.115155
-0.047668
0.063268
0.043264
0.088210
-0.059619
-0.101622
0.042707
0.016185
0.062540
0.039170
-0.071281
-0.113524
0.018927
0.150447
-0.000861
-0.071741
-0.059730
0.021519
0.122375
0.062536
-0.041733
-0.112791
-0.109782
0.098617
0.077296
0.048901
0.022666
-0.179754
-0.023753
0.103076
0.106899
0.046463
-0.169235
-0.165253
0.011850
0.137524
0.111169
-0.022966
-0.044131
-0.111339
0.030325
0.088471
0.067876
-0.049432
-0.134177
-0.018542
0.057057
0.133330
-0.049309
-0.119284
-0.121101
0.030561
0.171953
0.119513
-0.035793
-0.141375
-0.025466
0.034711
-0.008290
-0.042187
-0.011630
0.026150
-0.010609
0.044850
0.068035
-0.050470
-0.039418
-0.155721
-0.019931
0.217135
0.054232
-0.083818
-0.148608
0.034896
0.114752
0.045681
-0.048156
-0.145307
-0.058123
0.120393
0.137972
-0.087005
-0.123410
-0.086521
0.050648
0.121873
0.103938
-0.051752
-0.170219
-0.058423
0.061680
0.069287
-0.011920
-0.011596
-0.013196
0.052282
-0.039190
-0.087642
-0.001790
-0.029947
0.024588
0.144966
-0.031034
-0.116002
-0.043246
0.024146
0.081309
-0.093576
0.003823
0.064803
-0.008964
0.052872
-0.049527
-0.118129
-0.047486
0.085364
0.062738
0.020531
-0.076389
-0.044683
0.097721
0.012920
0.014578
-0.079200
-0.041478
0.025088
0.002813
0.042647
-0.044864
-0.036658
-0.006068
0.002442
-0.009894
0.017651
-0.015981
-0.118173
0.022118
0.073676
0.039232
-0.034696
-0.072926
-0.006478
-0.034652
-0.031715
0.024764
-0.071575
-0.054399
0.115436
0.135480
0.033914
-0.137908
-0.105442
-0.010965
0.038970
0.015633
-0.066349
-0.045385
0.088168
0.140521
-0.054134
-0.142541
-0.059290
0.048889
0.147115
0.022811
-0.145106
-0.104555
0.064121
0.149397
-0.012835
-0.104425
-0.060039
0.054855
0.120943
0.009586
-0.121197
-0.079934
0.013239
0.071350
0.097970
-0.130441
-0.130782
0.032841
0.133359
0.145203
-0.025026
-0.103810
-0.126149
-0.057065
0.099145
0.020458
-0.133456
-0.020319
0.161020
0.195906
0.022596
-0.198880
-0.212788
0.010326
0.164125
0.113333
-0.055981
-0.077160
-0.015700
0.029384
0.051918
-0.015385
-0.010023
-0.006325
0.058266
0.007003
-0.064370
-0.084133
-0.027975
0.136006
0.104203
-0.019605
-0.131052
-0.028756
0.141301
0.044953
-0.096120
-0.094598
-0.049626
0.195264
0.124691
-0.144300
-0.118306
-0.047269
0.101731
0.083813
0.051253
-0.034735
-0.071009
-0.055086
0.020101
0.114931
0.079477
-0.098696
-0.152905
0.075037
0.094819
0.081535
-0.081756
-0.020387
0.026728
-0.051649
0.043160
0.037818
-0.003641
-0.049960
-0.034345
-0.054573
0.138999
0.128267
0.028232
-0.153635
-0.149273
0.104408
0.120732
0.036753
-0.136405
-0.075830
0.041236
0.154596
0.042219
-0.036837
-0.149669
-0.065349
0.086608
0.137993
0.049957
-0.046911
-0.042489
-0.110400
0.068577
0.068049
0.034425
-0.103373
-0.051443
0.038615
0.145444
0.053272
-0.130335
-0.143087
0.055025
0.237215
-0.002643
-0.102116
-0.106969
0.063723
0.154409
-0.006749
-0.123316
-0.046417
0.028460
0.112441
0.026467
-0.144482
-0.006867
0.063219
0.100459
-0.013236
-0.065551
-0.016522
-0.000872
0.110119
-0.055881
-0.036413
-0.007146
0.026405
0.098403
-0.023607
-0.047288
-0.122645
-0.034172
0.185743
0.091370
-0.117555
-0.091069
0.011211
0.188252
0.084229
-0.201429
-0.191537
0.017641
0.223786
0.155419
-0.077292
-0.237793
-0.113894
0.201555
0.245061
-0.063721
-0.213585
-0.092511
0.162204
0.187358
-0.127063
-0.203966
-0.037599
0.207188
0.154905
-0.108323
-0.149095
0.003041
0.096830
0.056960
-0.058851
-0.095006
0.086768
0.065224
-0.062039
-0.056406
-0.042015
0.074730
0.039596
0.020766
0.011167
-0.097224
0.018216
-0.051050
-0.062455
0.035504
0.118338
0.022382
-0.050621
0.046649
0.031058
-0.021293
-0.073128
-0.013924
-0.073213
-0.063976
0.012000
0.124688
0.114200
-0.025372
-0.059619
-0.040435
-0.010889
0.011805
-0.022345
-0.029130
0.062872
0.032095
0.006890
-0.054927
-0.064975
0.055378
0.035453
-0.006376
-0.068053
0.000128
0.112059
-0.034009
-0.082687
-0.061280
0.059524
0.125840
0.018709
-0.080932
-0.168434
0.045764
0.165922
0.040454
-0.114312
-0.105419
0.053687
0.110245
-0.030001
-0.116219
-0.053484
0.005599
0.007762
0.022074
0.064069
0.007448
0.159458
0.083904
0.021972
-0.142090
-0.189182
-0.094523
-0.034265
0.063130
-0.012030
0.178373
0.182077
0.063178
-0.175008
-0.200380
-0.071174
0.103472
0.157754
-0.017602
-0.080464
-0.067521
0.053082
0.076520
0.001019
-0.137110
0.001293
0.128863
0.033318
-0.111655
-0.133382
0.083859
0.146441
0.045160
-0.114831
-0.133614
-0.001295
0.178779
0.087252
-0.137349
-0.189929
-0.014897
0.223225
0.122888
-0.047275
-0.174757
-0.096011
0.040124
0.150043
0.093630
-0.065075
-0.134132
-0.082946
0.107608
0.147670
0.026333
-0.198321
-0.194405
0.097790
0.312377
0.097413
-0.234607
-0.230340
0.024228
0.170183
0.106588
-0.002259
-0.106096
-0.092226
0.047218
0.071308
-0.016821
-0.100966
-0.049747
0.150766
0.078699
-0.062057
-0.090783
-0.072631
0.074774
0.110190
-0.036531
-0.081067
-0.063464
0.055957
0.084116
-0.047185
-0.029340
-0.064027
-0.016553
0.143413
0.105729
-0.130644
-0.181041
-0.087354
0.196627
0.159625
-0.052108
-0.091804
-0.130245
0.027179
0.085557
0.095905
-0.058514
-0.126094
-0.040351
0.138313
0.086674
-0.077976
-0.112052
-0.071929
0.100756
0.120947
0.046477
-0.112579
-0.148368
-0.026017
0.134240
0.132374
-0.040968
-0.139422
-0.087496
0.063270
0.092242
0.087086
-0.083307
-0.187942
0.034826
0.149359
0.067533
-0.153108
-0.104366
0.013395
0.089950
0.189902
0.061992
-0.137450
-0.265484
-0.078495
0.169550
0.200514
0.013931
-0.103314
-0.042754
-0.002577
0.026661
-0.007519
-0.027540
-0.046765
0.006443
0.066563
0.030209
-0.031587
-0.058053
0.030086
0.017805
0.047330
-0.029325
-0.040527
-0.025357
-0.037057
0.063625
-0.005425
0.033418
-0.010627
-0.065066
0.013540
0.106617
-0.003747
-0.106147
-0.066989
0.026377
0.070981
0.024196
-0.022950
0.006259
0.012061
-0.066952
-0.001958
0.037733
0.025191
-0.032877
-0.033279
-0.010319
0.004981
0.046499
0.050064
-0.062729
-0.024674
0.072795
0.010094
-0.031911
-0.009681
0.023242
-0.000077
-0.063282
-0.080522
-0.052080
0.105965
0.208830
0.065374
-0.098912
-0.203983
-0.143801
0.110344
0.223307
0.072610
-0.065163
-0.176438
-0.012935
0.073755
-0.000373
0.028824
0.011300
0.045010
-0.015216
-0.146433
-0.071385
0.112509
0.179897
0.073128
-0.119077
-0.189302
-0.013931
0.130156
0.088755
-0.066492
-0.067865
0.088954
0.049680
-0.001363
-0.108034
0.015252
0.002858
0.015778
0.042732
-0.003980
0.015494
-0.083535
-0.030014
-0.035513
0.063784
0.081249
0.105804
-0.000903
-0.139605
-0.073741
0.020002
0.077369
0.084538
-0.046209
-0.114808
0.032198
0.069004
0.001451
-0.066223
0.039804
0.065961
-0.019805
-0.059540
-0.023723
0.006810
0.095705
0.007489
-0.065514
0.025536
-0.006641
0.014129
-0.099783
-0.027512
0.082496
0.095165
-0.039567
-0.103530
0.054114
0.108822
0.055113
-0.126654
-0.122590
0.001413
0.124222
0.089380
-0.040523
-0.132602
-0.050879
0.094659
0.057104
0.009743
-0.119258
-0.049407
0.132162
0.110697
-0.082163
-0.164716
0.008810
0.076939
0.142123
-0.028678
-0.047022
0.019429
-0.030335
-0.054365
-0.115754
0.057924
0.130218
0.055271
-0.080454
-0.025481
-0.002593
-0.007779
0.020610
0.048501
0.048135
-0.000570
-0.034268
-0.080861
-0.041811
-0.027381
0.063311
0.010705
0.020923
-0.015124
0.051541
0.125435
-0.084999
-0.134493
-0.005265
0.114357
0.045843
-0.080831
-0.105433
0.066266
0.059686
-0.040926
0.015529
-0.010103
0.021629
-0.008723
-0.030012
0.003734
-0.105351
0.055307
0.117112
0.065342
-0.077080
-0.147748
0.028692
0.112146
0.067287
-0.079699
-0.104526
-0.033111
0.069418
0.018469
-0.024196
0.089159
0.046740
-0.142425
-0.069891
0.007658
0.088584
0.092687
-0.047776
-0.059342
-0.015246
0.026093
0.032213
-0.053844
-0.067448
0.053551
0.050060
0.011035
-0.048991
-0.023126
0.044606
0.024100
0.029694
-0.033982
-0.043310
-0.051350
0.077225
0.097972
-0.093011
-0.088935
-0.026932
0.110963
0.008718
-0.083519
-0.052002
0.038827
0.044852
-0.013159
0.022528
-0.004710
0.036454
0.081622
0.029579
-0.139563
-0.075536
0.046725
-0.011692
-0.018210
-0.044754
0.032470
0.035027
-0.031445
0.032604
0.032990
0.022540
0.037820
0.017954
-0.084337
-0.084716
-0.064487
0.090051
0.074970
-0.076349
-0.010174
0.091973
0.029402
-0.154115
-0.073246
0.042443
0.146920
0.116490
-0.081107
-0.122491
-0.028911
0.066105
0.074697
-0.004317
-0.047603
-0.050718
0.004432
0.054193
-0.021903
-0.027277
-0.020297
0.001045
0.023087
-0.000964
0.033283
0.015286
-0.033840
-0.051848
0.027258
0.090302
-0.031504
-0.103658
-0.038856
0.024427
0.078293
0.072127
-0.012878
-0.080585
0.010330
-0.005412
-0.057242
0.023431
0.059652
0.026668
-0.044945
-0.001211
-0.049212
-0.038281
0.101491
0.027205
-0.051903
-0.067361
0.089434
0.085713
-0.013960
-0.079952
-0.161816
0.049420
0.142182
0.055772
-0.071589
-0.020713
0.023929
0.077858
-0.080460
-0.111230
0.025609
0.033927
0.081645
-0.028380
-0.038542
-0.013514
0.068173
0.051117
-0.012560
-0.034302
-0.020782
0.015717
-0.096864
-0.083804
0.078168
0.086487
0.108452
-0.017148
-0.088763
-0.060002
0.017791
0.075785
-0.031905
-0.057665
0.017463
0.081877
-0.038519
-0.069459
0.050131
0.096007
0.020783
-0.042179
-0.026844
-0.022888
-0.084812
0.016731
0.032048
-0.014930
-0.040599
0.017655
0.092896
0.040094
-0.007243
-0.110973
-0.060198
0.027245
0.158234
0.072134
-0.077050
-0.126150
-0.073817
0.086197
0.051641
-0.000793
0.009998
0.042236
-0.071012
-0.118749
0.018116
0.144944
0.055687
-0.063153
-0.100587
-0.063889
0.106601
0.092774
-0.010682
-0.126764
-0.030723
0.047672
0.032838
0.075793
-0.056920
-0.069307
-0.068222
0.059502
0.126123
-0.027477
-0.068454
-0.101557
-0.006596
0.127913
0.166459
-0.113601
-0.126974
-0.028174
-0.077950
0.106349
0.120178
0.083212
-0.144756
-0.138133
0.039632
-0.041962
0.029814
0.163154
0.028349
-0.106970
-0.067928
-0.059273
0.047209
0.110181
0.010514
0.004717
-0.036053
-0.078922
0.051331
-0.002876
-0.059194
0.038309
0.040094
-0.042169
-0.037412
0.015208
0.108216
-0.031782
-0.053870
-0.003765
-0.107666
0.067533
0.119957
0.040476
-0.232058
-0.145898
0.044292
0.044562
0.066935
0.079680
0.017120
-0.112098
-0.110224
-0.175309
0.081697
0.142218
0.098699
0.086554
-0.023214
-0.194377
-0.197465
0.079777
0.108692
0.128410
-0.009277
-0.095273
-0.034970
0.036436
0.022435
-0.069704
-0.000792
0.071913
0.062571
-0.081929
-0.035840
-0.007351
0.008579
-0.003338
-0.042901
0.080136
0.074619
0.009677
-0.139230
-0.072793
0.031097
0.079161
0.084226
-0.003155
-0.039466
-0.061590
-0.019685
0.017087
0.085747
0.065502
-0.061429
-0.111368
-0.045365
-0.011140
0.073170
0.080158
0.080385
-0.045905
-0.121917
-0.049256
-0.019250
0.150745
0.102094
-0.008932
-0.112830
-0.096719
0.061357
0.096113
0.063896
-0.073430
-0.127747
0.022041
0.018551
-0.031368
0.029579
0.123931
0.109156
-0.217213
-0.207672
0.005140
0.129058
0.246147
0.099104
-0.164372
-0.218545
-0.024025
0.097267
0.122535
-0.038954
-0.069571
0.054314
0.085317
-0.014766
-0.097990
-0.059143
-0.013316
0.144600
0.127322
-0.029333
-0.223017
-0.125761
0.086583
0.144936
0.070926
-0.067810
-0.014869
0.037648
0.011419
-0.050506
-0.059149
-0.033932
0.050840
0.112674
0.040600
-0.099322
-0.139985
0.002393
-0.047711
0.113331
0.232071
-0.037192
-0.131640
-0.103064
0.181007
0.013041
-0.124564
-0.040845
-0.069448
0.019884
0.018052
0.042263
0.028772
0.088354
0.026088
-0.041077
-0.047509
-0.033051
-0.054365
-0.062907
0.023133
0.114412
0.070309
-0.004959
-0.021849
-0.036976
-0.037889
-0.016871
0.001236
-0.017066
0.022261
0.089710
0.077275
-0.094787
-0.131574
-0.009605
0.060918
0.107721
0.086895
-0.045724
-0.184995
-0.128617
0.133692
0.141521
0.074288
-0.050238
-0.113611
-0.093417
0.009181
0.106065
-0.000327
-0.019475
0.005911
0.107010
-0.088080
-0.037827
-0.027634
-0.028374
0.054610
0.101101
0.123694
-0.178678
-0.054746
-0.048036
0.003937
0.081162
0.110686
0.014639
-0.158643
0.004010
0.002739
-0.009416
0.002465
0.127300
-0.057538
-0.029682
0.016186
-0.079176
0.048466
0.073477
0.062277
-0.100491
0.022098
-0.034744
-0.027483
0.076976
0.057799
-0.057186
-0.070675
0.011940
-0.013722
0.055816
-0.041183
0.017763
-0.032298
-0.008824
-0.029298
-0.031988
0.104291
-0.001338
0.011098
0.068856
-0.023142
-0.099486
-0.042817
0.022176
0.035111
-0.021264
0.030923
0.006956
0.108827
0.084348
-0.076803
-0.162865
-0.117505
0.141644
0.090278
-0.022392
-0.096028
-0.036769
0.074678
0.085034
-0.034997
-0.040945
0.047064
-0.006352
-0.081533
-0.089910
0.021087
0.181210
0.087288
-0.149315
-0.188829
-0.007017
0.266673
0.121980
-0.092647
-0.253128
-0.056689
0.166203
0.152199
-0.022728
-0.178371
-0.001126
0.026590
0.135247
-0.009547
-0.075222
-0.134040
-0.012798
0.170570
0.077722
-0.023848
-0.189963
-0.050841
0.094124
0.197132
-0.006839
-0.200856
-0.138247
0.136342
0.214383
-0.059043
-0.187562
-0.133356
0.040568
0.250847
0.056585
-0.171336
-0.060669
0.075306
0.206566
-0.001824
-0.123188
-0.239687
-0.102352
0.191196
0.140900
-0.004370
-0.031518
0.023157
-0.025434
-0.026418
-0.057944
-0.039861
0.013333
0.037668
0.065700
-0.029088
-0.057407
-0.005071
0.008277
0.049233
0.050840
-0.018687
-0.066252
-0.022895
0.045485
0.051861
-0.057770
-0.057928
-0.064433
0.005076
0.096080
0.030481
0.009867
-0.135217
-0.061575
0.148898
0.048816
0.014342
-0.038609
-0.011920
-0.044865
-0.049879
0.131671
-0.022502
-0.059353
-0.066287
0.031700
0.108491
-0.044786
-0.090581
-0.037318
0.086783
0.082855
-0.024703
-0.110206
-0.069755
0.077643
0.129675
-0.001881
-0.037711
-0.119608
-0.084207
0.141294
0.078872
-0.074480
-0.123797
0.006830
0.073396
0.115806
0.011805
-0.149782
-0.079800
0.049947
0.167266
0.005367
-0.041919
-0.103240
-0.137953
-0.006336
0.168545
0.090449
-0.028714
-0.041256
-0.081350
0.004835
0.011323
0.045360
-0.034298
0.037957
-0.011557
-0.070271
-0.000048
0.036895
0.031967
-0.017578
-0.014518
-0.045281
0.001088
0.077312
0.030842
-0.015013
-0.048718
-0.085071
-0.024458
0.066487
0.091390
-0.053797
-0.023386
0.009030
-0.030904
-0.027518
0.029290
0.082602
0.028115
-0.085177
-0.084580
0.064521
0.022424
-0.001986
0.029350
-0.064948
-0.038376
0.029984
0.046802
-0.017237
-0.014359
-0.046159
-0.058424
0.062399
0.056798
0.024346
-0.047750
-0.032462
-0.063444
0.035730
0.106364
-0.045030
-0.055626
-0.018341
-0.017652
-0.054124
0.058076
0.121115
0.038307
-0.045456
-0.116633
-0.040285
0.028828
0.085932
0.039341
-0.025851
-0.048235
-0.086490
-0.026671
0.067213
0.171922
-0.008677
-0.098847
-0.061040
-0.055749
0.063514
0.083964
0.062122
-0.078027
-0.090505
-0.022578
0.023735
0.079240
0.066219
0.005831
-0.120505
-0.046113
0.053836
0.009011
0.023226
0.006434
-0.041114
-0.042375
-0.009208
0.033034
0.035711
0.054385
0.069686
0.020927
-0.122149
-0.039337
-0.025644
-0.057112
0.038150
0.133065
0.149387
-0.084730
-0.120617
-0.139656
0.010612
0.136116
0.117444
0.017571
-0.143976
-0.026348
0.017172
0.018916
0.055515
0.070200
0.013492
-0.077607
-0.050365
-0.063141
-0.022252
0.063919
0.121742
0.119985
-0.104619
-0.056493
-0.030396
-0.030781
0.071235
0.067625
0.033203
-0.053454
0.035532
0.029462
-0.004806
-0.015443
-0.004070
-0.030597
-0.036765
0.012570
-0.005440
-0.014910
0.034224
-0.001476
0.015758
0.102423
0.026860
-0.034297
-0.000810
0.083992
-0.024031
-0.082942
-0.045930
-0.025750
0.010521
0.061120
0.098683
0.091286
0.019344
-0.114505
-0.122143
-0.033433
0.115398
0.075263
-0.037105
-0.033709
-0.012986
0.036263
-0.019127
-0.010678
0.023556
0.040200
0.009186
-0.050346
-0.049898
0.004349
0.069201
0.050106
-0.021485
-0.083287
-0.002254
0.037222
0.039534
-0.031795
-0.018944
0.000479
0.031911
0.056184
-0.037081
-0.054692
-0.037804
0.042817
0.035477
-0.000099
-0.055139
-0.019038
-0.075904
0.072629
0.145261
-0.027320
-0.074208
-0.041377
0.024400
-0.030971
-0.021569
0.004596
0.058910
-0.003781
0.071873
-0.083677
-0.015336
0.121003
-0.082326
-0.053046
-0.020162
0.072774
-0.074834
-0.042774
0.107951
0.085924
-0.006822
-0.109501
-0.042628
0.032541
0.069815
-0.027529
-0.059898
0.023372
0.044364
0.007954
-0.050679
-0.037298
0.005659
0.030272
0.043279
0.005746
-0.000271
-0.041802
-0.020349
0.024902
0.031126
-0.038435
-0.069511
-0.007502
0.069383
0.063548
-0.019593
-0.035596
-0.084450
0.008539
0.053344
0.001083
0.044381
0.009207
-0.052323
-0.022313
-0.068067
0.086182
0.024026
-0.103762
0.065714
0.095468
-0.002096
-0.159564
-0.076328
0.117299
0.055476
-0.006710
-0.064852
-0.015715
0.093551
0.031700
-0.010638
-0.096852
-0.017451
0.037102
-0.015278
-0.075724
-0.018510
0.081895
0.080130
-0.044648
-0.073837
0.020697
0.042411
0.053227
-0.063339
-0.107100
-0.057699
0.033247
0.114687
0.073753
0.015079
-0.082791
-0.083333
0.002200
-0.006808
0.029784
-0.000448
-0.013890
-0.016086
0.031571
0.057524
-0.020309
-0.044570
-0.008856
-0.015984
-0.048508
0.069292
0.055481
0.004179
-0.070093
0.015796
0.025856
-0.041430
-0.022114
-0.025890
0.040439
-0.036569
0.019081
0.113750
0.040968
-0.079312
-0.097129
-0.009783
0.024470
-0.047075
-0.002965
0.029165
0.086732
0.030729
-0.036762
-0.056746
-0.077981
-0.065984
0.016325
0.148206
0.103238
0.049948
-0.107622
-0.133521
-0.141288
0.039783
0.124378
0.095419
-0.007641
-0.053123
0.008003
-0.080593
0.021735
0.017116
0.037744
-0.026431
-0.030877
0.005190
-0.036397
-0.019460
0.041011
0.041470
-0.017122
-0.039769
-0.060445
-0.007040
0.039901
0.097671
0.039770
-0.093837
-0.117298
-0.015965
0.078517
0.104701
0.017265
-0.034753
-0.080909
-0.068285
0.008834
0.080617
0.073506
-0.103123
-0.081296
-0.004129
0.085960
0.088613
0.008292
-0.038952
-0.072448
-0.071934
-0.028023
0.063316
0.069311
0.041285
-0.034073
-0.070766
-0.031374
0.051811
0.074745
0.027094
-0.032149
-0.024729
-0.042716
-0.037016
-0.006968
0.021630
0.061524
-0.006025
-0.033728
-0.004396
0.022758
0.012140
-0.002338
-0.010462
0.000873
-0.018886
0.002730
0.082176
0.022905
-0.077825
-0.062277
-0.020294
0.049854
0.015434
0.041611
-0.047801
-0.021886
-0.059478
-0.098747
0.258805
0.058005
-0.009655
0.053006
0.057111
-0.060641
-0.224323
-0.003041
-0.002108
-0.039430
-0.019899
0.152089
0.113318
-0.016374
0.022822
-0.107101
-0.055579
0.044500
0.095955
0.029363
-0.137840
-0.043122
-0.011607
-0.032446
0.003966
0.145545
0.185446
-0.069544
-0.266491
-0.155124
0.130616
0.230809
0.153356
-0.094458
-0.131497
-0.097160
0.046764
0.041999
-0.076564
-0.007558
0.040761
0.134227
-0.026423
-0.076129
-0.059055
-0.004458
0.049429
0.033002
0.036765
0.008304
0.017431
-0.053935
-0.079722
-0.024958
0.063099
0.126798
0.102526
-0.029375
-0.133221
-0.123486
0.020473
0.131635
0.080622
-0.006819
-0.058651
-0.016880
0.016028
0.033329
0.013475
-0.015936
-0.042806
-0.008398
0.036260
0.031808
0.019935
-0.027918
-0.018713
-0.008592
0.009836
0.019849
0.040625
0.030529
-0.025348
-0.041971
-0.022446
0.035150
0.047641
0.009374
-0.019570
-0.017776
-0.005530
0.014893
0.007310
0.002216
-0.008276
-0.013323
0.005140
0.011312
0.008621
