0.001108
0.001712
0.013457
0.010407
-0.008168
-0.020647
-0.024391
-0.008585
-0.003147
-0.002741
-0.005858
-0.006145
-0.003296
0.001774
-0.004600
-0.017700
-0.028674
-0.006436
0.035056
0.047621
0.018494
-0.028843
-0.010027
0.005170
0.023077
0.020563
-0.029636
-0.083901
-0.071537
0.007628
0.064176
0.068513
0.020372
-0.020038
-0.038902
-0.041187
-0.046271
-0.026774
0.024239
0.054183
0.020669
-0.032373
-0.049678
-0.021854
0.013750
0.020047
-0.000809
-0.016965
-0.015403
-0.007897
0.000302
0.006607
0.009091
-0.001355
-0.001261
-0.002242
0.002624
0.007194
0.007780
-0.031452
-0.065064
-0.045966
0.039197
0.087279
0.055399
0.013988
-0.039271
-0.022614
-0.004499
-0.011651
-0.044826
-0.050471
0.000760
0.048653
0.058420
0.029251
0.004912
-0.011829
-0.027047
-0.051581
-0.031211
0.014198
0.045756
0.031877
-0.000457
-0.030436
-0.024766
0.012799
0.021178
0.008058
-0.015397
-0.016780
-0.006857
0.016003
0.012304
-0.004642
-0.013617
0.006692
0.006468
0.003086
-0.003509
-0.002308
0.007039
-0.000383
0.005007
-0.000550
0.025991
0.007858
-0.019943
-0.027378
0.017432
0.041348
0.034887
0.000843
-0.039587
-0.063754
-0.038898
0.039320
0.049288
0.012662
-0.028647
-0.023557
0.007883
0.015409
0.005396
0.022982
0.019017
0.020713
0.007899
0.044903
-0.078007
-0.113134
-0.023363
0.015909
0.105779
0.120901
0.098485
-0.065572
-0.130754
-0.101555
-0.022793
0.063358
0.109432
0.092288
-0.016133
-0.102592
-0.125867
-0.052321
0.068227
0.134362
0.096067
-0.023246
-0.126319
-0.094542
-0.001370
0.050093
0.050133
0.027790
0.010346
-0.021440
-0.062758
-0.053296
0.011946
0.066147
0.039249
-0.021827
-0.053573
-0.029343
0.006177
0.006250
-0.027135
-0.023463
-0.002809
0.069356
0.092225
-0.004551
-0.112329
-0.121585
-0.003386
0.083806
0.097372
0.029827
-0.042083
-0.085172
-0.059529
0.015719
0.049218
0.028409
-0.013357
-0.031905
-0.002866
0.020891
0.020983
-0.023521
-0.050357
-0.021686
0.023673
0.044128
0.018825
-0.013225
-0.060825
-0.048546
-0.015049
0.041234
0.027527
-0.004981
-0.039963
0.007797
0.067150
0.014149
-0.009857
-0.016447
-0.006158
-0.035841
-0.026828
-0.001763
0.000596
-0.008308
0.053410
0.116682
0.066137
-0.054969
-0.149080
-0.087875
0.020305
0.064963
0.036730
-0.014735
-0.006894
0.021496
0.052449
0.033038
-0.023375
-0.069619
-0.039994
0.022081
0.041418
0.026606
-0.023445
-0.050545
-0.056029
0.016268
0.073361
0.088817
0.036871
-0.038760
-0.079214
-0.070656
-0.016317
0.018777
0.013634
0.007667
0.033559
0.023786
0.015696
-0.035647
-0.033509
-0.052150
-0.036626
0.079881
0.129536
0.038221
-0.087358
-0.067690
0.005140
0.046086
0.016243
-0.010827
-0.014297
-0.013334
-0.029257
-0.015259
0.030826
0.057799
0.046177
0.019938
-0.039602
-0.109884
-0.070501
0.054724
0.111753
0.030506
-0.034606
-0.021311
-0.038410
-0.045245
0.031527
0.070112
0.007465
-0.046945
-0.011433
0.021743
0.033082
0.013796
-0.012725
-0.039183
-0.044106
0.000098
0.048039
0.012680
-0.019062
-0.000473
-0.005998
0.012994
0.009094
-0.007368
-0.044714
-0.050510
0.042122
0.103578
0.030993
-0.017393
-0.022412
-0.030671
0.000426
0.007276
-0.000564
-0.025068
-0.034055
0.028795
0.081156
0.076236
0.024290
-0.037430
-0.067166
-0.081930
-0.065026
0.027084
0.092278
0.078250
0.027774
-0.050552
-0.064450
0.004067
0.034079
0.022589
0.022206
-0.003748
-0.050020
-0.074775
-0.032953
0.032763
0.065008
0.051527
0.027532
-0.022985
-0.071102
-0.050184
0.035724
0.067007
0.025573
0.003363
-0.027595
-0.040233
-0.044482
-0.014236
0.020433
0.060480
0.069991
0.020652
-0.046041
-0.133488
-0.106301
0.036975
0.149849
0.129885
0.002047
-0.091948
-0.095911
-0.045313
0.012091
0.032034
0.027776
0.016734
0.027013
-0.002022
-0.049961
-0.094688
-0.049886
0.044556
0.088026
0.082244
-0.018158
-0.047783
0.013840
0.069994
-0.009340
-0.095972
-0.115600
-0.050443
0.077866
0.124054
0.091407
0.018666
-0.061292
-0.117922
-0.109307
0.011727
0.108148
0.093259
0.011644
-0.078112
-0.060274
-0.061886
0.040217
0.086452
0.042354
0.004114
-0.063511
-0.030234
0.026608
0.048582
0.026120
-0.045340
-0.054363
-0.030004
0.001530
0.108039
0.080707
0.043512
-0.006349
-0.021372
0.019690
0.007618
-0.007717
-0.109795
-0.054817
0.084021
0.187759
0.150036
-0.009635
-0.155737
-0.236301
-0.068182
0.168796
0.232206
0.065989
-0.163974
-0.112535
0.108656
0.069789
-0.039052
-0.143771
-0.007715
0.147393
0.081721
-0.003119
-0.101744
-0.033511
0.046466
0.000074
-0.082446
-0.073668
0.063876
0.167774
0.040464
-0.139523
-0.203525
-0.022310
0.137695
0.075056
-0.053675
-0.099311
-0.022529
0.030160
0.038290
0.030584
-0.056272
-0.112743
-0.070763
-0.034013
0.026845
0.041393
0.028090
-0.014137
-0.060591
-0.060662
-0.031776
0.003342
0.025629
-0.071036
-0.107893
-0.023210
0.046080
0.066124
0.022125
0.015457
-0.073196
-0.180292
-0.096175
0.037051
0.030094
0.032707
0.102556
0.086931
-0.090061
-0.165976
-0.083672
0.038780
0.089471
0.024979
-0.032467
-0.015378
-0.059812
-0.024788
0.053044
0.038853
0.010116
0.031887
0.047847
-0.105871
-0.120130
-0.079838
0.021664
0.087734
0.139343
0.086636
-0.025750
-0.113413
-0.099669
-0.047745
0.017278
0.149571
0.125425
0.042465
-0.144736
-0.127256
0.027259
0.128897
0.140035
0.085654
-0.032287
-0.162815
-0.188686
0.007326
0.170661
0.168458
0.082479
-0.068934
-0.101214
-0.003026
0.087051
-0.042439
-0.077110
-0.028471
0.063907
0.169483
0.099190
0.022706
-0.096268
-0.126406
-0.027262
0.035053
0.122136
0.038462
-0.065250
-0.042864
0.018664
0.119338
0.048695
-0.103267
-0.046830
0.157507
0.166116
-0.022941
-0.214905
-0.165630
0.001813
0.179522
0.206415
0.033277
-0.126145
-0.178790
0.010277
0.108589
0.067144
-0.024517
-0.010233
0.000143
-0.019951
0.044317
0.042418
0.001816
-0.020436
0.013715
-0.016234
-0.044651
-0.036248
0.034308
0.023954
0.055690
0.123448
0.037433
-0.109359
-0.202998
-0.062382
0.114302
0.155895
0.147817
-0.065163
-0.224073
-0.059768
0.094973
0.079706
-0.021202
0.047654
0.024478
-0.102337
-0.107443
-0.009129
0.164296
0.160431
-0.045211
-0.202839
-0.091747
0.087352
0.090335
0.045921
-0.016924
-0.053920
-0.029581
0.013037
-0.003180
-0.016271
0.075166
0.041163
-0.031080
-0.014084
-0.018113
-0.032382
-0.037829
0.002307
-0.051284
-0.006446
0.051340
0.029243
0.121849
0.039195
-0.047746
-0.180503
-0.095835
0.079355
0.101113
-0.066086
-0.065881
0.089243
0.087295
0.098774
-0.145070
-0.124906
0.000496
0.180477
0.096565
-0.202040
-0.120843
0.029169
0.055224
0.003038
0.113220
0.028170
-0.040083
-0.159100
-0.155938
0.155819
0.183894
0.118650
-0.079855
-0.134553
-0.129378
-0.066092
0.073383
0.109340
0.049563
-0.022448
-0.073646
-0.103220
0.011406
-0.054386
0.066048
0.109337
0.067543
0.044284
-0.145700
-0.094057
-0.090873
-0.094947
0.041771
0.074761
0.088638
-0.012753
0.036627
0.019897
-0.176662
-0.127657
-0.005516
0.138016
0.112501
0.123397
-0.159731
-0.281784
-0.176830
-0.022116
0.369599
0.215453
-0.015882
-0.155859
-0.128998
-0.054839
-0.140147
0.027260
0.090229
0.014192
-0.125690
-0.053093
0.184246
0.063064
-0.094061
-0.375214
-0.174632
0.223387
0.402101
0.183535
-0.321742
-0.204250
-0.073146
-0.017872
0.012740
0.094219
-0.000008
-0.146453
-0.088930
0.184816
0.247043
-0.067267
-0.249571
-0.150404
0.151473
0.174030
0.031665
-0.235438
-0.073710
-0.043248
0.072092
0.218973
0.275273
-0.099748
-0.565612
-0.177788
0.181863
0.467919
0.252690
-0.055437
-0.303245
-0.240617
-0.071273
0.230048
0.126230
-0.098602
0.024576
0.249536
0.176414
-0.302217
-0.358828
-0.075424
0.312422
0.265945
0.174940
-0.113157
-0.295279
-0.161305
0.045900
0.218511
0.139738
0.023952
-0.030671
-0.166217
-0.105774
0.102313
0.127175
0.021776
0.063703
0.134420
0.064942
-0.109980
-0.201295
-0.053122
-0.003980
0.022693
0.261598
0.455383
0.057850
-0.382774
-0.436947
-0.073760
0.313991
0.288201
0.190781
-0.126304
-0.234835
-0.090468
0.017215
0.134134
0.008194
-0.001540
0.059328
-0.006560
-0.088959
-0.023867
-0.066883
-0.005946
0.127449
0.062984
0.042764
-0.044797
0.063906
0.106630
-0.147739
-0.236289
-0.079250
-0.012879
0.027226
0.280973
0.309501
-0.059490
-0.299928
-0.155960
-0.052344
0.210831
0.295180
-0.024625
-0.282420
-0.260643
0.144104
0.261043
0.118910
-0.128004
-0.176153
-0.047323
0.029510
0.083537
0.047514
-0.031759
0.027486
0.071494
-0.006504
-0.066537
-0.080440
-0.084024
-0.058720
0.029009
0.149758
0.240456
0.097090
-0.136011
-0.326633
-0.186678
0.072740
0.343561
0.285251
-0.050934
-0.387268
-0.303280
0.069902
0.262409
0.291617
0.027752
-0.151582
-0.176344
0.035568
0.045516
-0.079494
-0.187838
-0.089884
0.188978
0.390917
0.277164
-0.252335
-0.453512
-0.177479
0.193129
0.327748
-0.020919
-0.319073
-0.108082
0.244780
0.371745
-0.033647
-0.368006
-0.333219
0.006571
0.290668
0.336826
0.003031
-0.318215
-0.264373
0.038781
0.266368
0.096103
-0.081323
-0.197850
-0.055133
0.135616
0.171014
-0.049514
-0.133601
-0.159324
0.039848
0.093530
-0.073588
-0.007075
0.112297
0.129899
-0.078201
-0.168711
-0.155363
0.024198
0.134117
0.068177
-0.068152
-0.045806
-0.134231
0.044603
0.183709
0.065216
-0.144566
-0.031979
0.007321
-0.066366
0.002935
-0.079884
-0.031157
-0.125353
0.317223
0.183413
0.023521
-0.186926
-0.412023
-0.145901
0.221147
0.475818
0.067825
-0.358392
-0.214508
0.129625
0.008520
0.078933
0.050133
0.081302
-0.102934
-0.248974
-0.111796
0.031420
0.293962
0.190039
0.002510
-0.163472
-0.160376
-0.042999
-0.107948
-0.065182
0.013595
0.117162
0.387050
0.131648
-0.328201
-0.437223
0.008942
0.409526
0.172583
-0.040990
-0.206685
-0.247053
-0.061119
0.260111
0.194451
-0.085348
-0.029009
0.063964
0.041499
-0.138521
-0.350996
-0.096590
0.302075
0.393410
0.067938
-0.330862
-0.175623
-0.012478
0.084088
-0.006039
-0.018152
0.054733
0.046132
0.026449
-0.061356
-0.168628
0.005426
0.385721
0.240469
-0.127576
-0.310118
-0.234241
-0.014790
0.251631
0.236294
0.092478
-0.041455
-0.142121
-0.064972
-0.041752
0.016998
-0.110351
-0.022717
0.213659
0.028500
0.079097
0.082373
-0.030173
-0.202955
-0.214220
-0.004611
0.155257
0.136469
-0.088917
0.044443
0.193655
0.127798
-0.325754
-0.221823
0.071149
0.135817
0.138330
0.016849
0.003444
-0.144511
-0.107312
-0.066335
0.050328
0.078632
0.272714
0.233301
-0.125263
-0.344498
-0.391200
-0.204755
0.417259
0.534076
0.105376
0.091109
0.019538
-0.279751
-0.445445
-0.302454
-0.088453
0.301056
0.391040
0.434714
0.155188
-0.184608
-0.341409
-0.474053
-0.064594
0.364117
0.227875
-0.202926
-0.080262
0.234673
0.308656
-0.100923
-0.435296
-0.258208
0.086245
0.371937
0.243330
0.002175
-0.266602
-0.207122
-0.064864
0.100839
0.195486
0.026160
0.069607
0.054213
-0.068055
-0.176918
-0.321630
-0.080513
0.392804
0.306154
-0.114684
-0.151505
0.134322
0.193668
-0.101727
-0.500937
-0.291654
0.062555
0.501630
0.470320
0.106035
-0.330097
-0.552704
-0.113442
0.209430
0.408536
-0.007521
-0.161715
-0.118448
-0.030331
0.179841
0.055339
-0.169003
-0.166711
0.106328
0.224606
0.129684
-0.191936
-0.215562
-0.052036
0.263019
0.253706
-0.266294
-0.302065
-0.045850
0.369947
0.406953
0.147150
-0.277937
-0.553581
-0.105567
0.181181
0.071510
0.014495
0.059108
0.132814
0.334694
0.298224
-0.372460
-0.754558
-0.294021
0.326489
0.660261
0.118082
-0.290679
-0.010656
0.163089
0.122584
-0.235069
-0.266279
-0.039371
0.136724
0.263213
-0.044333
-0.071462
0.079541
0.091147
-0.027143
-0.054501
-0.074500
-0.029968
0.084360
-0.176405
-0.106924
0.125833
0.399671
0.153451
-0.340857
-0.417045
0.016167
0.500710
0.237186
-0.138921
-0.426937
-0.175953
0.201124
0.217414
0.148223
-0.063283
-0.071653
-0.136399
0.010304
0.025932
-0.041441
-0.060237
-0.070775
0.215146
0.165781
0.041726
-0.244806
-0.142237
0.197491
0.172509
-0.102120
-0.401020
-0.309876
0.014888
0.417923
0.608584
0.297734
-0.192638
-0.492427
-0.508669
0.011907
0.314336
0.260020
-0.016487
-0.046914
0.132679
0.079974
-0.165907
-0.316067
-0.075271
0.287075
0.255618
-0.042058
-0.259225
-0.283288
0.213478
0.136408
0.009640
-0.091389
-0.089028
0.184432
0.084946
-0.043527
-0.166873
-0.126203
0.068583
0.048607
-0.102380
-0.029607
0.180964
0.267546
-0.042363
-0.246568
-0.254669
-0.059756
0.264634
0.199260
-0.067547
-0.219955
-0.037843
0.233810
0.017577
-0.196832
-0.155794
0.123149
0.277318
0.076940
-0.239093
-0.331621
0.057419
0.235137
0.227655
0.034969
-0.115259
-0.167906
-0.096381
0.141406
0.130796
-0.072959
-0.132981
0.017385
0.220341
0.175678
-0.124172
-0.285461
-0.131818
0.152439
0.187962
0.080372
-0.119602
-0.147946
0.060344
0.231789
0.019342
-0.115562
-0.184006
-0.139940
0.153946
0.143000
0.081303
0.029340
0.045447
-0.045551
-0.233102
-0.170976
0.078803
0.172035
0.159777
0.049629
-0.022219
-0.071007
-0.118287
-0.054449
-0.100231
0.066026
0.183214
0.065828
-0.020733
-0.032385
-0.067648
-0.049942
0.026821
-0.034658
-0.033301
0.017795
0.010524
-0.028996
0.048931
0.060332
0.028788
-0.017486
-0.094594
-0.087629
-0.134588
0.044702
0.222507
0.116390
-0.048552
0.013825
0.036704
-0.002484
-0.166662
-0.193336
0.004074
0.118069
0.238476
0.085192
-0.022630
-0.115903
-0.088285
-0.080284
-0.110237
0.068013
0.208140
0.123982
-0.099291
-0.132833
-0.077971
-0.052825
-0.035961
0.042224
0.101191
0.072621
0.055222
-0.087031
-0.146863
-0.099052
0.081553
0.170716
-0.137392
-0.150196
0.034263
0.183935
0.109851
0.013177
-0.108821
-0.205277
-0.045248
0.037023
0.043277
0.005143
0.140848
0.140079
-0.096433
-0.155547
-0.051951
0.031251
0.052244
-0.053467
-0.080340
0.023215
0.165702
0.033026
-0.226930
-0.089601
0.075876
0.143347
0.158236
-0.033169
-0.271076
-0.194727
0.103791
0.093002
0.004867
0.037365
0.056755
0.122955
0.144849
-0.193772
-0.436566
-0.135416
0.144014
0.415382
0.228042
-0.254934
-0.275588
0.251448
0.329527
-0.131695
-0.523089
-0.302765
0.270714
0.412102
0.286476
-0.138149
-0.207134
-0.031938
0.028062
-0.170597
-0.096564
0.118747
0.259791
0.070026
-0.181244
-0.118008
-0.048176
0.129948
0.067048
-0.072428
-0.082482
0.052107
0.058889
0.060614
-0.012007
-0.090494
-0.040401
0.094090
0.141869
-0.018074
-0.137242
-0.175930
-0.243409
-0.002583
0.404667
0.426481
0.045155
-0.378638
-0.345951
-0.087057
0.319627
0.217098
-0.064487
-0.208198
-0.066360
0.157004
0.052713
0.019593
-0.073851
0.018121
-0.015246
-0.011780
-0.076083
-0.046628
0.061513
0.083814
0.100927
-0.066819
-0.148969
-0.077038
0.021416
0.101750
0.143976
0.042282
-0.108371
-0.155252
-0.084413
0.047272
0.076878
0.101515
0.170681
-0.065721
-0.187058
-0.171525
0.072794
0.071874
0.056313
0.134728
0.003061
-0.014482
-0.137928
-0.137881
-0.093223
0.186148
0.286989
-0.024020
-0.167661
-0.105804
-0.101057
0.095573
0.165123
0.070601
-0.051021
-0.162564
-0.058639
0.018507
0.123718
0.073121
-0.034571
-0.010313
-0.006526
0.008449
-0.060417
-0.106796
0.052976
0.111422
0.137129
-0.041357
-0.122828
-0.155311
0.005040
0.185931
0.091253
0.086716
-0.077552
-0.189946
-0.091849
0.078152
0.052921
0.077907
-0.013018
0.053707
-0.007284
-0.049169
0.013415
-0.054103
0.064955
-0.015387
-0.000690
-0.016539
0.056119
-0.003237
-0.040879
-0.034550
0.011335
0.038381
0.025030
0.028388
-0.031719
-0.003294
-0.124103
0.026346
0.071137
0.111362
-0.047255
-0.053356
-0.002738
-0.101345
0.001973
-0.016447
0.092446
-0.036971
0.021821
0.162757
-0.024577
-0.160485
-0.024137
-0.019878
0.028047
0.104279
0.049849
-0.123749
-0.131838
0.217791
0.110602
-0.087106
-0.118495
-0.059110
-0.013094
0.102706
0.012003
-0.123229
-0.065281
0.105761
0.266649
0.100706
-0.139418
-0.270024
-0.075526
0.071786
0.134574
0.071823
-0.017245
-0.098424
-0.059319
0.112199
-0.043640
-0.111975
-0.042817
0.148613
0.070936
-0.052363
-0.039293
-0.107286
0.071413
0.225977
0.141350
-0.281515
-0.210563
0.010863
0.051283
0.130959
0.042111
-0.002031
0.057608
0.085310
-0.129815
-0.224717
-0.097434
0.168933
0.244628
0.014714
-0.213234
-0.151372
0.125622
0.178613
-0.002077
-0.083108
-0.061205
0.001320
0.056758
0.013185
-0.066977
0.010776
0.075606
0.030213
-0.046612
0.003963
0.153889
0.100725
-0.080022
-0.228073
-0.111596
0.057586
0.176795
0.065990
-0.043375
-0.057489
0.017589
0.048764
-0.020997
-0.023168
-0.024251
0.038725
-0.002303
0.101828
-0.040508
-0.061391
-0.033047
-0.001372
0.028507
-0.011328
0.191500
0.079876
-0.091900
-0.190690
-0.070323
0.007962
0.111361
0.191581
0.063509
-0.126696
-0.134679
-0.014263
0.017307
0.027358
-0.001706
-0.028600
-0.003289
0.025633
0.053925
0.128767
-0.222827
-0.037693
0.132912
0.090304
-0.039166
-0.159143
0.037720
-0.030919
0.002852
0.001755
0.035999
-0.028132
0.144007
0.086846
-0.174169
-0.221382
-0.120065
0.118306
0.299320
0.252692
-0.166875
-0.359624
-0.189485
0.062781
0.238046
0.087683
-0.044726
-0.065359
0.041057
0.037176
-0.155663
-0.121552
-0.054024
0.124131
0.165122
0.141470
0.028562
-0.122666
-0.256800
-0.174018
0.128614
0.282217
0.116054
-0.168712
-0.184244
-0.029194
0.029879
0.050924
-0.049776
-0.084063
0.181826
0.160546
0.020995
-0.159061
-0.192124
-0.042676
0.067913
0.149702
-0.040206
-0.150423
-0.012434
0.113054
0.144801
0.050489
-0.120119
-0.180132
0.060125
0.117689
0.033067
-0.024523
-0.041277
0.062773
0.071433
0.028302
0.033373
-0.019408
-0.013987
-0.072161
-0.155271
-0.047962
0.146539
0.245603
0.048088
-0.166715
-0.194021
-0.032612
0.102726
0.152005
-0.023224
-0.099353
-0.022195
0.077990
0.091147
-0.070832
-0.141075
-0.086475
0.152752
0.165041
-0.055505
-0.088466
-0.011933
0.069608
-0.009349
-0.138945
-0.154346
0.100425
0.283104
0.094001
-0.103694
-0.163265
-0.101500
0.038449
0.122949
-0.048908
0.040553
-0.099668
-0.096001
0.181306
0.228754
0.105189
-0.264703
-0.282649
-0.177320
0.164634
0.323682
0.204184
-0.102216
-0.304389
-0.133617
0.037276
0.186929
0.236161
-0.007053
-0.238723
-0.202330
0.002176
0.148042
0.086594
0.029102
-0.374725
-0.006496
0.308269
0.181110
0.018055
-0.056200
-0.011596
-0.301755
-0.167038
0.088807
0.193350
0.019166
-0.086883
-0.047726
0.213407
0.161817
-0.168006
-0.348228
-0.114108
0.273278
0.211078
-0.077038
-0.196525
0.032888
0.133461
-0.001974
-0.157790
0.037529
0.211993
0.032186
-0.263350
-0.340737
0.066427
0.494870
0.254658
-0.304425
-0.469865
-0.161740
0.472746
0.430809
-0.104515
-0.339972
-0.241254
0.133784
0.256273
0.048305
-0.326851
-0.214998
0.194431
0.517207
0.172739
-0.379874
-0.478817
-0.229751
0.409547
0.498898
0.137345
-0.350657
-0.393229
-0.033152
0.279174
0.192357
-0.208017
-0.184063
0.087903
0.296582
0.279166
-0.266683
-0.489856
-0.097912
0.294187
0.340487
-0.034252
-0.204260
-0.089243
0.150715
0.150882
-0.037554
-0.248254
-0.129737
0.120474
0.193164
0.092975
-0.089197
-0.116189
-0.054627
0.057260
0.070621
-0.056837
-0.060454
0.071771
0.122527
-0.012935
-0.053561
-0.040010
-0.087145
0.061360
0.127214
0.101378
-0.182320
-0.187235
0.073044
0.180552
0.131813
0.002100
-0.123559
-0.099684
-0.030940
-0.010030
0.090729
0.025141
0.113931
0.030491
-0.034967
-0.129322
-0.111489
0.047780
0.042103
0.104131
0.026478
-0.013652
-0.117288
-0.035880
0.047750
0.060550
0.045857
0.046048
-0.020752
-0.079920
0.002679
-0.070462
0.025356
0.031952
0.075774
0.156083
-0.032673
-0.156520
-0.202850
-0.075495
0.129947
0.189487
0.149609
-0.095177
-0.224092
-0.104175
0.147473
0.155923
0.043577
-0.043562
-0.157642
-0.075383
-0.000237
0.080508
0.070468
-0.014787
-0.078787
-0.016625
0.100424
0.079803
-0.038859
-0.144342
-0.063658
0.056379
0.156049
0.083585
-0.085304
-0.114101
-0.064179
0.054176
0.071362
0.028519
-0.130851
-0.143114
0.096116
0.170123
0.041902
-0.105362
-0.134611
-0.064439
0.124525
0.156382
-0.014572
-0.118478
-0.120939
0.026319
0.154096
0.103394
-0.002029
-0.163590
-0.191404
-0.006660
0.255434
0.275645
-0.077940
-0.255938
-0.161717
0.039616
0.160480
0.063682
-0.088068
-0.128599
0.003747
0.160368
0.124747
-0.036390
-0.161307
-0.149111
0.021461
0.096224
0.013830
0.023927
-0.002549
-0.039030
-0.063605
-0.047606
0.089194
0.060170
0.068632
0.070514
-0.052004
-0.155926
-0.162677
-0.018976
0.086897
0.128431
0.118453
0.038132
-0.050053
-0.186304
-0.125800
0.036133
0.128328
0.123012
-0.001719
-0.100910
-0.051996
0.080261
0.028452
-0.084506
-0.062260
0.029215
0.051763
0.091331
0.011631
-0.119853
-0.141704
0.051316
0.119567
0.089121
0.003562
-0.112672
0.012890
0.064787
0.025097
-0.154638
-0.159466
-0.028171
0.187044
0.187779
-0.063058
-0.072436
0.072993
0.094061
0.017972
-0.157647
-0.245975
-0.084102
0.060834
0.233700
0.093288
-0.041356
0.017538
0.062136
0.008391
-0.077651
-0.037100
-0.063104
-0.080744
-0.090160
0.123802
0.160452
0.000555
0.022531
-0.016753
0.076160
0.111948
0.002103
-0.258024
-0.380177
-0.105902
0.344537
0.369274
-0.037900
-0.135710
-0.018998
0.085260
0.014604
-0.159382
-0.165799
0.022058
0.197904
0.080902
-0.113008
-0.046712
-0.021647
0.112641
0.144337
0.001613
-0.112749
-0.135583
-0.018531
-0.023508
-0.034893
-0.065571
0.077083
0.236775
0.235585
-0.072076
-0.201231
-0.132569
-0.029550
0.008958
-0.175394
0.042474
0.196586
0.303975
0.108007
-0.239060
-0.316168
-0.079104
0.221065
0.125710
-0.044149
-0.146504
-0.083690
0.094970
0.272626
0.165680
-0.097927
-0.332540
-0.287575
0.018856
0.340716
0.358370
0.008406
-0.318580
-0.273050
0.052946
0.292451
0.157344
-0.285016
-0.345181
0.015969
0.347442
0.385521
0.090685
-0.313856
-0.321718
-0.103096
0.148033
0.180632
-0.054345
-0.094991
0.087978
0.260824
0.121103
-0.173951
-0.316589
-0.165299
0.052751
0.232204
0.189477
-0.020341
-0.147519
-0.060157
0.007830
0.099080
0.124177
-0.126803
-0.204777
-0.110157
0.170681
0.210888
0.020514
-0.119801
-0.098630
0.079501
0.083411
-0.105720
-0.185668
0.039027
0.173533
0.052325
-0.024085
-0.042945
-0.075210
-0.014962
0.064306
-0.031876
-0.073650
0.125281
0.121952
-0.130994
-0.159304
0.007235
0.150268
0.176691
-0.064721
-0.251712
-0.216000
0.104912
0.300610
0.032626
-0.154319
-0.046491
0.084341
0.084838
-0.052830
-0.147611
-0.071871
0.088486
0.163371
-0.049555
-0.131489
-0.004024
0.160684
0.119770
-0.190092
-0.238754
-0.049891
0.193383
0.302647
0.020972
-0.180271
-0.111744
-0.015403
-0.005403
-0.123682
-0.016622
0.166804
0.166939
0.113802
-0.117802
-0.273876
-0.084428
0.157732
0.145583
-0.017363
-0.120839
-0.105920
0.095908
0.198001
0.087385
-0.134169
-0.307264
-0.044495
0.228099
0.199309
-0.059851
-0.166103
0.027906
0.127487
0.130394
-0.117790
-0.283483
-0.105207
0.080871
0.214988
0.101631
-0.144228
0.021647
0.133895
0.077644
-0.248032
-0.300964
-0.049729
0.346306
0.425425
-0.056797
-0.215984
-0.209070
-0.034067
-0.037915
-0.052296
-0.002369
0.215466
0.248810
0.137789
-0.126312
-0.270509
-0.224854
-0.153632
0.271464
0.337152
0.175853
-0.185272
-0.226964
-0.038348
-0.011927
-0.053830
-0.105767
0.087749
0.329678
0.237319
-0.110048
-0.364587
-0.296456
0.111160
0.267520
0.109468
-0.014490
-0.036098
0.011858
0.058445
-0.085003
-0.132897
-0.219488
-0.017279
0.249169
0.144088
0.181271
0.058503
-0.047175
-0.210104
-0.292018
-0.095961
-0.013004
0.201825
0.323548
0.109605
0.005822
-0.228679
-0.330647
-0.153633
0.127110
0.380918
0.146848
-0.209077
-0.231236
0.053825
0.249692
0.131039
-0.196302
-0.335680
0.006907
0.366750
0.267444
-0.107616
-0.431521
-0.202493
0.154765
0.270424
0.224513
-0.092031
-0.200651
-0.016279
0.045429
0.045717
-0.135738
-0.159444
0.118483
0.114184
0.204349
0.077506
-0.063024
-0.135590
-0.357093
-0.074436
0.175641
0.268812
0.285548
-0.047167
-0.371763
-0.347991
0.135939
0.328301
0.092242
-0.154928
-0.154554
0.151109
0.211826
0.026750
-0.326311
-0.280632
0.120049
0.376880
0.279060
-0.194745
-0.503672
-0.305191
0.249723
0.519701
0.311118
-0.240543
-0.524452
-0.271578
0.204728
0.384109
0.233760
-0.089449
-0.316973
-0.115463
0.191599
0.219901
-0.134239
-0.310351
-0.116939
0.093169
0.274507
0.230422
0.014750
-0.170224
-0.200669
-0.102107
0.044848
0.210497
0.094233
-0.060816
-0.185915
-0.102104
0.058854
0.260436
0.036395
-0.196830
-0.039171
-0.029695
0.068323
0.078970
0.059194
-0.091356
-0.092308
-0.008616
0.057296
0.086181
0.040892
0.041840
-0.037622
-0.121251
-0.099396
0.056607
0.113672
-0.000144
0.013416
-0.074617
-0.161206
0.094961
0.073020
-0.030703
-0.079997
-0.143405
0.122263
0.274151
0.167622
-0.090993
-0.271639
-0.112181
-0.020500
-0.023806
-0.021463
0.103390
0.278981
0.192608
-0.169254
-0.335461
-0.140929
0.173044
0.302883
0.040432
-0.245245
-0.206404
0.035795
0.197363
0.163467
-0.035170
-0.131650
-0.080772
0.035490
0.046063
-0.028632
-0.066441
-0.014737
0.055637
0.112408
0.069570
0.032246
-0.025648
-0.158560
-0.113273
0.014212
0.163559
0.121595
-0.044012
-0.155769
-0.073076
0.050596
0.094681
0.073862
-0.019517
-0.039542
-0.067998
-0.024299
0.013053
-0.005698
0.035271
0.030636
0.047239
0.044265
-0.077518
-0.084729
0.007815
0.102077
0.051828
-0.072365
-0.106608
-0.037056
0.099043
0.128622
0.074015
-0.020418
-0.094604
-0.151891
-0.049869
0.081721
0.136272
0.001101
-0.061063
-0.100789
-0.115090
0.128075
0.100320
0.081621
0.033256
0.053497
-0.011466
-0.132140
-0.141872
-0.085561
-0.026146
0.045445
0.061618
0.011558
0.247983
0.082346
-0.122782
-0.162982
-0.030991
0.054364
0.010670
-0.018319
-0.049324
0.030542
-0.017719
0.024363
0.040602
0.094854
-0.023683
-0.110820
-0.178112
-0.006262
0.148919
0.041174
0.067122
-0.136907
-0.076539
0.071635
0.165241
0.097321
-0.102456
-0.170258
-0.195581
-0.049381
0.154168
0.212775
0.077040
-0.062620
-0.164736
-0.075262
0.087763
0.084669
-0.027709
-0.137722
-0.065088
0.067415
0.163095
0.060992
-0.108265
-0.098918
0.028816
0.103953
-0.016553
-0.061587
-0.097561
0.037646
0.052022
0.008123
-0.017706
-0.089311
0.064423
0.118587
0.137801
0.001355
-0.146962
-0.195609
-0.054308
0.105482
0.115464
0.019901
-0.009992
0.010333
0.026143
0.001612
-0.100502
-0.027398
0.063176
0.113791
0.017842
-0.073345
-0.113159
-0.040339
0.077433
0.153714
0.056287
-0.028615
-0.165862
-0.145884
-0.056855
0.104453
0.190382
-0.024200
0.014622
-0.139783
-0.027292
0.113487
0.165320
0.063618
-0.133373
-0.073149
-0.039749
-0.022593
-0.104972
-0.028680
0.093388
0.241455
0.149631
-0.119214
-0.265786
-0.153245
0.129967
0.085813
0.130280
0.034137
-0.088614
-0.028730
0.030317
0.024220
-0.095592
-0.036388
-0.006309
0.034664
-0.010529
0.006233
0.100572
0.039924
-0.029512
-0.078290
-0.080161
0.061613
0.110910
0.010731
-0.150367
-0.107237
0.068531
0.156437
0.038390
-0.080815
-0.078714
-0.011117
0.136611
-0.058300
-0.061086
0.047215
0.125212
0.010508
-0.188684
-0.136587
0.005718
0.186792
0.103236
0.007759
-0.063590
-0.044978
0.013217
-0.006754
-0.013994
-0.001289
-0.006941
0.024780
-0.006788
-0.063739
-0.032362
0.011962
0.101308
0.019245
-0.008562
-0.087017
-0.074602
-0.020035
0.071704
0.113846
0.022103
0.000758
-0.129589
-0.044954
0.078875
0.129546
-0.059934
-0.148009
-0.031873
0.062407
0.075923
0.041219
-0.114526
-0.024124
0.165321
0.021689
-0.032508
-0.107462
-0.059642
-0.042699
0.057280
0.072975
-0.015241
-0.049521
-0.027150
0.013263
0.111141
-0.014274
-0.090232
0.024532
-0.035422
0.070233
0.081316
0.084820
-0.107934
-0.132632
-0.071669
-0.019501
0.062580
0.040719
0.045229
0.047601
0.028960
-0.157514
-0.023090
0.043267
0.062463
0.071322
0.055531
0.003899
-0.079590
-0.044352
-0.131114
-0.091162
0.041239
0.180732
0.198699
0.063470
-0.177986
-0.226749
-0.045832
0.160174
0.140397
-0.083514
-0.119997
-0.012752
0.148055
0.136195
-0.075757
-0.186662
-0.061852
0.118172
0.083498
-0.029394
-0.122860
-0.019057
0.136629
0.053644
-0.077802
-0.086727
0.043038
0.123270
0.080313
-0.086845
-0.177483
-0.165198
0.103024
0.222073
0.128836
-0.015961
-0.115588
-0.123797
-0.070760
0.002397
0.030806
-0.019840
-0.084964
0.148205
0.087569
0.088292
0.049783
-0.027282
-0.091851
-0.124236
-0.067916
-0.092022
0.003466
0.069665
0.162801
0.129856
0.053489
-0.125130
-0.229263
-0.108610
0.089153
0.183663
0.091788
-0.052133
-0.103801
-0.069946
-0.038211
0.005661
0.060983
0.155176
0.069734
-0.099664
-0.228014
-0.125050
0.180971
0.257257
0.019462
-0.291874
-0.238649
0.076214
0.290517
0.111892
-0.110274
-0.231350
-0.068420
0.270195
0.157243
-0.111613
-0.245030
-0.083610
0.149095
0.216226
0.042053
-0.188359
-0.210825
-0.001210
0.164760
0.122507
-0.022435
-0.135497
-0.075516
0.042024
0.108679
0.056493
-0.025483
-0.138581
-0.086524
0.071798
0.095669
0.048150
-0.011402
-0.042886
-0.091044
-0.047813
0.030260
0.036694
0.030915
0.039577
0.009362
-0.018715
-0.048726
-0.040457
-0.041122
-0.011589
0.051136
0.051689
0.080319
0.015365
-0.059147
-0.051454
-0.027445
-0.007180
0.029332
0.018297
-0.020601
-0.082081
-0.034678
-0.027638
0.042128
0.132823
-0.024699
-0.037260
0.127079
0.232962
0.014574
-0.213038
-0.292685
-0.203471
0.061849
0.207383
0.200899
0.053777
-0.044052
-0.202842
-0.192015
0.078092
0.192147
0.178658
0.080246
-0.029968
-0.152399
-0.177190
-0.113644
-0.050346
0.088880
0.192381
0.149133
-0.035279
-0.181069
-0.103122
0.033988
0.147058
0.176383
0.019099
-0.148620
-0.191254
-0.027533
0.030533
-0.008689
0.038510
0.153255
0.183187
-0.005499
-0.200558
-0.269899
-0.049788
0.251926
0.322585
-0.032716
-0.314464
-0.266437
0.012200
0.303515
0.226380
0.029034
-0.200428
-0.168941
-0.026864
0.032461
0.052699
0.019364
0.066612
0.150176
0.171702
-0.037641
-0.247136
-0.273511
-0.117322
0.160613
0.254004
0.158059
0.010990
-0.114973
-0.163448
-0.110709
0.025290
0.094330
0.102497
0.052308
-0.037875
-0.110644
-0.093945
0.005318
0.095636
0.159746
0.141163
0.011034
-0.144987
-0.194087
-0.124886
-0.004911
0.068120
0.119137
0.114508
0.068293
0.025577
-0.055441
-0.095817
-0.122409
-0.052213
0.064204
0.076007
0.057683
-0.001175
-0.045634
-0.033389
-0.013818
-0.006430
0.021202
0.038188
0.029411
-0.011315
-0.025431
-0.059542
-0.060411
0.004267
0.064760
0.101565
0.022202
-0.030860
-0.096139
-0.062438
0.003303
0.034640
0.039055
0.017524
0.020668
0.004418
0.032905
-0.002230
-0.042610
-0.063874
-0.016941
0.018815
0.024327
0.027869
0.017093
-0.002970
0.000940
0.015334
-0.048486
-0.037363
-0.029117
0.045586
0.080056
0.027426
-0.014639
-0.070031
-0.046389
-0.015320
0.051948
0.031291
-0.006787
-0.005748
0.026568
0.023676
-0.070629
-0.081429
0.001135
0.096635
0.092219
0.042190
-0.040684
-0.106471
-0.078523
0.021041
0.079070
0.062122
-0.000191
-0.034662
-0.040131
-0.018046
0.001840
-0.044384
-0.013728
0.073963
0.096902
0.031750
-0.040782
-0.089762
-0.091812
-0.036338
0.080590
0.094452
-0.001171
-0.032992
-0.022881
0.003081
0.016198
0.008204
-0.003017
0.000723
0.008602
0.022440
-0.022991
-0.054158
-0.029246
0.026064
0.074126
0.035460
-0.033707
-0.068486
-0.018471
0.014592
0.038124
0.020831
-0.020398
-0.013080
0.001033
-0.016409
-0.029012
0.022446
0.041614
0.038974
-0.020949
-0.018661
0.003633
-0.014351
-0.004961
0.000691
0.006134
0.016142
0.025134
-0.023609
-0.026134
-0.010183
0.014390
0.022316
0.021116
0.010141
